M_1 0.000 401.769 8.000
R_2 -27.076 -1015.709 11.000
K_3 -19.613 -818.649 15.000
T_4 -19.613 -90.974 15.000
N_5 -22.253 -507.047 11.000
M_6 0.000 401.769 8.000
W_7 -3.990 -203.500 5.000
F_8 0.000 560.542 5.000
L_9 0.000 679.918 10.000
E_10 -19.866 -605.239 9.000
R_11 -30.711 -1015.709 14.000
L_12 0.000 679.918 14.000
R_13 -29.616 -1015.709 13.000
G_14 0.000 -27.649 8.000
S_15 -17.811 -90.060 12.000
G_16 0.000 -27.649 11.000
E_17 -22.253 -605.239 11.000
N_18 -18.409 -507.047 8.000
G_19 0.000 -27.649 8.000
A_20 0.000 185.740 9.000
A_21 0.000 185.740 5.000
R_22 -11.867 -1015.709 5.000
G_23 0.000 -27.649 5.000
V_24 0.000 613.196 8.000
G_25 0.000 -27.649 7.000
S_26 -13.255 -90.060 7.000
E_27 -16.691 -605.239 7.000
A_28 0.000 185.740 11.000
G_29 0.000 -27.649 11.000
D_30 -16.691 -475.402 7.000
K_31 -16.309 -818.649 10.000
A_32 0.000 185.740 13.000
S_33 -15.425 -90.060 9.000
K_34 -11.867 -818.649 6.000
G_35 0.000 -27.649 6.000
P_36 0.000 -195.996 5.000
L_37 0.000 679.918 5.000
Y_38 -10.601 -274.939 9.000
S_39 -15.425 -90.060 9.000
N_40 -19.866 -507.047 9.000
V_41 0.000 613.196 10.000
L_42 0.000 679.918 7.000
T_43 -13.255 -90.974 7.000
P_44 0.000 -195.996 10.000
D_45 -21.132 -475.402 10.000
K_46 -13.255 -818.649 7.000
I_47 0.000 777.529 11.000
P_48 0.000 -195.996 7.000
D_49 -7.878 -475.402 4.000
F_50 0.000 560.542 4.000
F_51 0.000 560.542 4.000
I_52 0.000 777.529 0.000
P_53 0.000 -195.996 3.000
P_54 0.000 -195.996 3.000
K_55 -4.441 -818.649 3.000
L_56 0.000 679.918 6.000
P_57 0.000 -195.996 6.000
S_58 -4.441 -90.060 3.000
G_59 0.000 -27.649 3.000
P_60 0.000 -195.996 7.000
A_61 0.000 185.740 4.000
E_62 -18.409 -605.239 8.000
G_63 0.000 -27.649 8.000
E_64 -23.258 -605.239 12.000
G_65 0.000 -27.649 8.000
Q_66 -18.409 -643.904 8.000
A_67 0.000 185.740 4.000
A_68 0.000 185.740 4.000
L_69 0.000 679.918 0.000
G_70 0.000 -27.649 3.000
P_71 0.000 -195.996 6.000
S_72 -15.425 -90.060 9.000
T_73 -18.462 -90.974 13.000
S_74 -20.609 -90.060 17.000
E_75 -27.773 -605.239 18.000
Q_76 -25.772 -643.904 15.000
N_77 -23.258 -507.047 12.000
L_78 0.000 679.918 11.000
A_79 0.000 185.740 7.000
S_80 -4.441 -90.060 3.000
A_81 0.000 185.740 3.000
A_82 0.000 185.740 8.000
P_83 0.000 -195.996 9.000
R_84 -28.412 -1015.709 12.000
Q_85 -23.258 -643.904 12.000
T_86 -20.609 -90.974 17.000
P_87 0.000 -195.996 15.000
R_88 -27.076 -1015.709 11.000
S_89 -18.462 -90.060 13.000
P_90 0.000 -195.996 13.000
R_91 -21.845 -1015.709 8.000
L_92 0.000 679.918 5.000
P_93 0.000 -195.996 8.000
A_94 0.000 185.740 3.000
K_95 -4.441 -818.649 3.000
L_96 0.000 679.918 3.000
A_97 0.000 185.740 7.000
A_98 0.000 185.740 7.000
E_99 -21.132 -605.239 10.000
S_100 -18.462 -90.060 13.000
K_101 -18.462 -818.649 13.000
S_102 -15.425 -90.060 9.000
L_103 0.000 679.918 9.000
L_104 0.000 679.918 6.000
K_105 -4.441 -818.649 3.000
A_106 0.000 185.740 6.000
A_107 0.000 185.740 11.000
T_108 -16.309 -90.974 10.000
R_109 -25.574 -1015.709 10.000
H_110 -11.154 -583.484 10.000
V_111 0.000 613.196 11.000
I_112 0.000 777.529 6.000
Q_113 -18.409 -643.904 8.000
I_114 0.000 777.529 11.000
E_115 -22.253 -605.239 11.000
S_116 -17.098 -90.060 11.000
A_117 0.000 185.740 15.000
E_118 -23.258 -605.239 12.000
D_119 -19.866 -475.402 9.000
W_120 -6.160 -203.500 12.000
L_121 0.000 679.918 12.000
S_122 -17.811 -90.060 12.000
E_123 -22.253 -605.239 11.000
E_124 -25.003 -605.239 14.000
A_125 0.000 185.740 15.000
T_126 -17.098 -90.974 11.000
D_127 -22.253 -475.402 11.000
A_128 0.000 185.740 11.000
D_129 -23.258 -475.402 12.000
P_130 0.000 -195.996 8.000
Q_131 -23.258 -643.904 12.000
A_132 0.000 185.740 8.000
Q_133 -18.409 -643.904 8.000
G_134 0.000 -27.649 4.000
A_135 0.000 185.740 7.000
M_136 0.000 401.769 3.000
S_137 -4.441 -90.060 3.000
L_138 0.000 679.918 6.000
P_139 0.000 -195.996 6.000
S_140 -4.441 -90.060 3.000
V_141 0.000 613.196 6.000
P_142 0.000 -195.996 6.000
K_143 -13.255 -818.649 7.000
A_144 0.000 185.740 10.000
Q_145 -24.169 -643.904 13.000
T_146 -17.811 -90.974 12.000
S_147 -17.811 -90.060 12.000
Y_148 -9.978 -274.939 8.000
G_149 0.000 -27.649 5.000
F_150 0.000 560.542 2.000
A_151 0.000 185.740 0.000
M_152 0.000 401.769 0.000
L_153 0.000 679.918 4.000
A_154 0.000 185.740 7.000
E_155 -16.691 -605.239 7.000
S_156 -15.425 -90.060 9.000
P_157 0.000 -195.996 12.000
H_158 -12.518 -583.484 13.000
T_159 -19.613 -90.974 15.000
R_160 -34.315 -1015.709 18.000
R_161 -35.785 -1015.709 20.000
K_162 -21.889 -818.649 20.000
E_163 -25.772 -605.239 15.000
S_164 -16.309 -90.060 10.000
L_165 0.000 679.918 9.000
F_166 0.000 560.542 8.000
H_167 -10.601 -583.484 9.000
S_168 -17.098 -90.060 11.000
E_169 -22.253 -605.239 11.000
H_170 -10.601 -583.484 9.000
G_171 0.000 -27.649 6.000
A_172 0.000 185.740 2.000
L_173 0.000 679.918 4.000
A_174 0.000 185.740 4.000
Q_175 -7.878 -643.904 4.000
V_176 0.000 613.196 7.000
G_177 0.000 -27.649 7.000
S_178 -4.441 -90.060 3.000
P_179 0.000 -195.996 3.000
G_180 0.000 -27.649 3.000
A_181 0.000 185.740 5.000
G_182 0.000 -27.649 10.000
R_183 -31.716 -1015.709 15.000
R_184 -31.716 -1015.709 15.000
R_185 -31.716 -1015.709 15.000
A_186 0.000 185.740 10.000
A_187 0.000 185.740 8.000
A_188 0.000 185.740 3.000
K_189 -13.255 -818.649 7.000
A_190 0.000 185.740 7.000
N_191 -16.691 -507.047 7.000
G_192 0.000 -27.649 8.000
G_193 0.000 -27.649 8.000
D_194 -7.878 -475.402 4.000
G_195 0.000 -27.649 4.000
G_196 0.000 -27.649 9.000
P_197 0.000 -195.996 9.000
R_198 -23.856 -1015.709 9.000
E_199 -19.866 -605.239 9.000
A_200 0.000 185.740 9.000
G_201 0.000 -27.649 4.000
G_202 0.000 -27.649 0.000
A_203 0.000 185.740 0.000
L_204 0.000 679.918 3.000
M_205 0.000 401.769 3.000
S_206 -4.441 -90.060 3.000
P_207 0.000 -195.996 8.000
G_208 0.000 -27.649 10.000
R_209 -19.414 -1015.709 7.000
Y_210 -11.154 -274.939 10.000
F_211 0.000 560.542 10.000
S_212 -10.149 -90.060 5.000
G_213 0.000 -27.649 7.000
G_214 0.000 -27.649 10.000
E_215 -22.253 -605.239 11.000
S_216 -19.059 -90.060 14.000
D_217 -25.003 -475.402 14.000
T_218 -18.462 -90.974 13.000
G_219 0.000 -27.649 13.000
S_220 -15.425 -90.060 9.000
S_221 -16.309 -90.060 10.000
A_222 0.000 185.740 13.000
E_223 -24.169 -605.239 13.000
S_224 -16.309 -90.060 10.000
S_225 -16.309 -90.060 10.000
P_226 0.000 -195.996 6.000
F_227 0.000 560.542 6.000
G_228 0.000 -27.649 3.000
S_229 -4.441 -90.060 3.000
P_230 0.000 -195.996 3.000
L_231 0.000 679.918 6.000
L_232 0.000 679.918 8.000
S_233 -17.098 -90.060 11.000
R_234 -27.076 -1015.709 11.000
S_235 -19.059 -90.060 14.000
V_236 0.000 613.196 11.000
S_237 -11.867 -90.060 6.000
L_238 0.000 679.918 6.000
L_239 0.000 679.918 6.000
K_240 -4.441 -818.649 3.000
G_241 0.000 -27.649 3.000
F_242 0.000 560.542 7.000
A_243 0.000 185.740 8.000
Q_244 -22.253 -643.904 11.000
D_245 -25.772 -475.402 15.000
S_246 -19.613 -90.060 15.000
Q_247 -25.003 -643.904 14.000
A_248 0.000 185.740 10.000
K_249 -16.309 -818.649 10.000
V_250 0.000 613.196 10.000
S_251 -16.309 -90.060 10.000
Q_252 -23.258 -643.904 12.000
L_253 0.000 679.918 14.000
R_254 -30.711 -1015.709 14.000
H_255 -11.154 -583.484 10.000
S_256 -16.309 -90.060 10.000
V_257 0.000 613.196 10.000
G_258 0.000 -27.649 10.000
R_259 -19.414 -1015.709 7.000
H_260 -11.154 -583.484 10.000
G_261 0.000 -27.649 10.000
S_262 -14.420 -90.060 8.000
L_263 0.000 679.918 6.000
S_264 -16.309 -90.060 10.000
A_265 0.000 185.740 11.000
D_266 -25.003 -475.402 14.000
D_267 -25.003 -475.402 14.000
S_268 -19.059 -90.060 14.000
T_269 -19.059 -90.974 14.000
P_270 0.000 -195.996 10.000
D_271 -21.132 -475.402 10.000
A_272 0.000 185.740 7.000
S_273 -13.255 -90.060 7.000
P_274 0.000 -195.996 6.000
G_275 0.000 -27.649 11.000
S_276 -18.462 -90.060 13.000
R_277 -34.315 -1015.709 18.000
R_278 -34.315 -1015.709 18.000
R_279 -34.315 -1015.709 18.000
L_280 0.000 679.918 18.000
T_281 -21.060 -90.974 18.000
R_282 -29.616 -1015.709 13.000
R_283 -29.616 -1015.709 13.000
A_284 0.000 185.740 10.000
P_285 0.000 -195.996 9.000
P_286 0.000 -195.996 4.000
E_287 -7.878 -605.239 4.000
P_288 0.000 -195.996 4.000
G_289 0.000 -27.649 8.000
P_290 0.000 -195.996 7.000
E_291 -16.691 -605.239 7.000
S_292 -17.098 -90.060 11.000
G_293 0.000 -27.649 11.000
Q_294 -23.258 -643.904 12.000
A_295 0.000 185.740 9.000
R_296 -29.616 -1015.709 13.000
G_297 0.000 -27.649 11.000
E_298 -25.003 -605.239 14.000
H_299 -10.601 -583.484 9.000
T_300 -17.098 -90.974 11.000
V_301 0.000 613.196 7.000
H_302 -7.426 -583.484 5.000
V_303 0.000 613.196 2.000
G_304 0.000 -27.649 7.000
P_305 0.000 -195.996 5.000
R_306 -21.845 -1015.709 8.000
G_307 0.000 -27.649 8.000
S_308 -18.462 -90.060 13.000
V_309 0.000 613.196 8.000
R_310 -21.845 -1015.709 8.000
L_311 0.000 679.918 5.000
L_312 0.000 679.918 9.000
A_313 0.000 185.740 6.000
E_314 -21.132 -605.239 10.000
Y_315 -11.154 -274.939 10.000
E_316 -21.132 -605.239 10.000
A_317 0.000 185.740 10.000
G_318 0.000 -27.649 8.000
Q_319 -19.866 -643.904 9.000
A_320 0.000 185.740 9.000
R_321 -30.711 -1015.709 14.000
L_322 0.000 679.918 10.000
R_323 -28.412 -1015.709 12.000
V_324 0.000 613.196 7.000
H_325 -9.265 -583.484 7.000
L_326 0.000 679.918 2.000
L_327 0.000 679.918 2.000
A_328 0.000 185.740 4.000
A_329 0.000 185.740 4.000
E_330 -7.878 -605.239 4.000
G_331 0.000 -27.649 6.000
L_332 0.000 679.918 10.000
Y_333 -11.652 -274.939 11.000
D_334 -22.253 -475.402 11.000
R_335 -27.076 -1015.709 11.000
L_336 0.000 679.918 13.000
C_337 0.000 322.480 9.000
D_338 -19.866 -475.402 9.000
A_339 0.000 185.740 12.000
R_340 -28.412 -1015.709 12.000
S_341 -17.811 -90.060 12.000
I_342 0.000 777.529 12.000
N_343 -16.691 -507.047 7.000
C_344 0.000 322.480 4.000
C_345 0.000 322.480 4.000
V_346 0.000 613.196 0.000
G_347 0.000 -27.649 0.000
L_348 0.000 679.918 0.000
C_349 0.000 322.480 0.000
L_350 0.000 679.918 0.000
V_351 0.000 613.196 0.000
P_352 0.000 -195.996 3.000
G_353 0.000 -27.649 3.000
K_354 -13.255 -818.649 7.000
L_355 0.000 679.918 10.000
Q_356 -25.003 -643.904 14.000
K_357 -20.127 -818.649 16.000
Q_358 -28.359 -643.904 19.000
R_359 -34.315 -1015.709 18.000
S_360 -19.613 -90.060 15.000
T_361 -17.098 -90.974 11.000
I_362 0.000 777.529 9.000
V_363 0.000 613.196 10.000
K_364 -16.309 -818.649 10.000
N_365 -25.772 -507.047 15.000
S_366 -21.889 -90.060 20.000
R_367 -33.508 -1015.709 17.000
R_368 -29.616 -1015.709 13.000
P_369 0.000 -195.996 10.000
V_370 0.000 613.196 9.000
F_371 0.000 560.542 8.000
N_372 -23.258 -507.047 12.000
E_373 -23.258 -605.239 12.000
D_374 -23.258 -475.402 12.000
F_375 0.000 560.542 8.000
F_376 0.000 560.542 8.000
F_377 0.000 560.542 4.000
D_378 -7.878 -475.402 4.000
G_379 0.000 -27.649 4.000
L_380 0.000 679.918 4.000
G_381 0.000 -27.649 0.000
P_382 0.000 -195.996 3.000
A_383 0.000 185.740 3.000
S_384 -14.420 -90.060 8.000
V_385 0.000 613.196 11.000
R_386 -27.076 -1015.709 11.000
K_387 -14.420 -818.649 8.000
L_388 0.000 679.918 8.000
A_389 0.000 185.740 8.000
L_390 0.000 679.918 5.000
R_391 -21.845 -1015.709 8.000
I_392 0.000 777.529 8.000
K_393 -14.420 -818.649 8.000
V_394 0.000 613.196 7.000
V_395 0.000 613.196 10.000
N_396 -16.691 -507.047 7.000
K_397 -16.309 -818.649 10.000
G_398 0.000 -27.649 13.000
S_399 -15.425 -90.060 9.000
S_400 -15.425 -90.060 9.000
L_401 0.000 679.918 14.000
K_402 -19.613 -818.649 15.000
R_403 -31.716 -1015.709 15.000
D_404 -25.772 -475.402 15.000
T_405 -17.811 -90.974 12.000
L_406 0.000 679.918 7.000
L_407 0.000 679.918 7.000
G_408 0.000 -27.649 7.000
E_409 -22.253 -605.239 11.000
K_410 -17.098 -818.649 11.000
E_411 -22.253 -605.239 11.000
L_412 0.000 679.918 7.000
P_413 0.000 -195.996 7.000
L_414 0.000 679.918 6.000
T_415 -11.867 -90.974 6.000
S_416 -11.867 -90.060 6.000
L_417 0.000 679.918 6.000
L_418 0.000 679.918 3.000
P_419 0.000 -195.996 0.000
F_420 0.000 560.542 0.000
L_421 0.000 679.918 0.000
