M_1 0.000 401.769 4.000
G_2 0.000 -27.649 6.000
E_3 -21.132 -605.239 10.000
H_4 -12.900 -583.484 14.000
E_5 -25.003 -605.239 14.000
Q_6 -24.169 -643.904 13.000
V_7 0.000 613.196 11.000
K_8 -13.255 -818.649 7.000
P_9 0.000 -195.996 7.000
L_10 0.000 679.918 10.000
E_11 -21.132 -605.239 10.000
T_12 -18.462 -90.974 13.000
S_13 -20.127 -90.060 16.000
S_14 -19.613 -90.060 15.000
S_15 -17.811 -90.060 12.000
K_16 -17.811 -818.649 12.000
V_17 0.000 613.196 9.000
K_18 -15.425 -818.649 9.000
A_19 0.000 185.740 9.000
K_20 -15.425 -818.649 9.000
T_21 -11.867 -90.974 6.000
I_22 0.000 777.529 6.000
V_23 0.000 613.196 3.000
M_24 0.000 401.769 0.000
I_25 0.000 777.529 4.000
P_26 0.000 -195.996 7.000
D_27 -22.253 -475.402 11.000
S_28 -19.059 -90.060 14.000
Q_29 -25.003 -643.904 14.000
K_30 -16.309 -818.649 10.000
L_31 0.000 679.918 12.000
L_32 0.000 679.918 8.000
R_33 -23.856 -1015.709 9.000
C_34 0.000 322.480 9.000
E_35 -24.169 -605.239 13.000
L_36 0.000 679.918 11.000
E_37 -22.253 -605.239 11.000
S_38 -16.309 -90.060 10.000
L_39 0.000 679.918 13.000
K_40 -18.462 -818.649 13.000
S_41 -16.309 -90.060 10.000
Q_42 -25.003 -643.904 14.000
L_43 0.000 679.918 11.000
Q_44 -23.258 -643.904 12.000
A_45 0.000 185.740 11.000
Q_46 -25.003 -643.904 14.000
T_47 -16.309 -90.974 10.000
K_48 -16.309 -818.649 10.000
A_49 0.000 185.740 10.000
F_50 0.000 560.542 7.000
E_51 -7.878 -605.239 4.000
F_52 0.000 560.542 8.000
L_53 0.000 679.918 10.000
N_54 -19.866 -507.047 9.000
H_55 -10.601 -583.484 9.000
S_56 -17.811 -90.060 12.000
V_57 0.000 613.196 8.000
T_58 -11.867 -90.974 6.000
M_59 0.000 401.769 7.000
L_60 0.000 679.918 10.000
E_61 -22.253 -605.239 11.000
K_62 -19.059 -818.649 14.000
E_63 -25.003 -605.239 14.000
S_64 -16.309 -90.060 10.000
C_65 0.000 322.480 11.000
L_66 0.000 679.918 11.000
Q_67 -18.409 -643.904 8.000
Q_68 -22.253 -643.904 11.000
I_69 0.000 777.529 11.000
K_70 -17.098 -818.649 11.000
I_71 0.000 777.529 11.000
Q_72 -22.253 -643.904 11.000
Q_73 -23.258 -643.904 12.000
L_74 0.000 679.918 16.000
E_75 -23.258 -605.239 12.000
E_76 -18.409 -605.239 8.000
V_77 0.000 613.196 11.000
L_78 0.000 679.918 7.000
S_79 -11.867 -90.060 6.000
P_80 0.000 -195.996 6.000
T_81 -17.098 -90.974 11.000
G_82 0.000 -27.649 12.000
R_83 -28.412 -1015.709 12.000
Q_84 -24.169 -643.904 13.000
G_85 0.000 -27.649 16.000
E_86 -25.772 -605.239 15.000
K_87 -19.613 -818.649 15.000
E_88 -27.150 -605.239 17.000
E_89 -26.485 -605.239 16.000
H_90 -12.900 -583.484 14.000
K_91 -16.309 -818.649 10.000
W_92 -4.441 -203.500 6.000
G_93 0.000 -27.649 8.000
M_94 0.000 401.769 9.000
E_95 -18.409 -605.239 8.000
Q_96 -24.169 -643.904 13.000
G_97 0.000 -27.649 17.000
R_98 -33.508 -1015.709 17.000
Q_99 -24.169 -643.904 13.000
E_100 -25.772 -605.239 15.000
L_101 0.000 679.918 10.000
Y_102 -8.431 -274.939 6.000
G_103 0.000 -27.649 2.000
A_104 0.000 185.740 5.000
L_105 0.000 679.918 7.000
T_106 -13.255 -90.974 7.000
Q_107 -16.691 -643.904 7.000
G_108 0.000 -27.649 11.000
L_109 0.000 679.918 8.000
Q_110 -7.878 -643.904 4.000
G_111 0.000 -27.649 8.000
L_112 0.000 679.918 11.000
E_113 -21.132 -605.239 10.000
K_114 -16.309 -818.649 10.000
T_115 -19.613 -90.974 15.000
L_116 0.000 679.918 15.000
R_117 -31.716 -1015.709 15.000
D_118 -26.485 -475.402 16.000
S_119 -21.889 -90.060 20.000
E_120 -25.772 -605.239 15.000
E_121 -25.772 -605.239 15.000
M_122 0.000 401.769 17.000
Q_123 -24.169 -643.904 13.000
R_124 -30.711 -1015.709 14.000
A_125 0.000 185.740 17.000
R_126 -32.645 -1015.709 16.000
T_127 -20.127 -90.974 16.000
T_128 -20.127 -90.974 16.000
R_129 -27.076 -1015.709 11.000
C_130 0.000 322.480 12.000
L_131 0.000 679.918 9.000
Q_132 -7.878 -643.904 4.000
L_133 0.000 679.918 4.000
L_134 0.000 679.918 8.000
A_135 0.000 185.740 8.000
Q_136 -18.409 -643.904 8.000
E_137 -24.169 -605.239 13.000
I_138 0.000 777.529 17.000
R_139 -32.645 -1015.709 16.000
D_140 -25.772 -475.402 15.000
S_141 -21.060 -90.060 18.000
K_142 -18.462 -818.649 13.000
K_143 -15.425 -818.649 9.000
F_144 0.000 560.542 7.000
L_145 0.000 679.918 8.000
W_146 -5.447 -203.500 9.000
E_147 -19.866 -605.239 9.000
E_148 -24.169 -605.239 13.000
L_149 0.000 679.918 12.000
E_150 -18.409 -605.239 8.000
L_151 0.000 679.918 9.000
V_152 0.000 613.196 13.000
R_153 -29.616 -1015.709 13.000
E_154 -24.169 -605.239 13.000
E_155 -26.485 -605.239 16.000
V_156 0.000 613.196 11.000
T_157 -13.255 -90.974 7.000
F_158 0.000 560.542 5.000
I_159 0.000 777.529 9.000
Y_160 -10.601 -274.939 9.000
Q_161 -19.866 -643.904 9.000
K_162 -18.462 -818.649 13.000
L_163 0.000 679.918 11.000
Q_164 -22.253 -643.904 11.000
A_165 0.000 185.740 12.000
Q_166 -26.485 -643.904 16.000
E_167 -26.485 -605.239 16.000
D_168 -26.485 -475.402 16.000
E_169 -25.772 -605.239 15.000
I_170 0.000 777.529 15.000
S_171 -19.613 -90.060 15.000
E_172 -22.253 -605.239 11.000
N_173 -22.253 -507.047 11.000
L_174 0.000 679.918 12.000
V_175 0.000 613.196 8.000
N_176 -18.409 -507.047 8.000
I_177 0.000 777.529 11.000
Q_178 -22.253 -643.904 11.000
K_179 -17.098 -818.649 11.000
M_180 0.000 401.769 14.000
Q_181 -24.169 -643.904 13.000
K_182 -19.059 -818.649 14.000
T_183 -19.059 -90.974 14.000
Q_184 -24.169 -643.904 13.000
V_185 0.000 613.196 10.000
K_186 -17.811 -818.649 12.000
C_187 0.000 322.480 11.000
R_188 -27.076 -1015.709 11.000
K_189 -14.420 -818.649 8.000
I_190 0.000 777.529 11.000
L_191 0.000 679.918 9.000
T_192 -11.867 -90.974 6.000
K_193 -15.425 -818.649 9.000
M_194 0.000 401.769 13.000
K_195 -19.059 -818.649 14.000
Q_196 -22.253 -643.904 11.000
Q_197 -24.169 -643.904 13.000
G_198 0.000 -27.649 14.000
H_199 -12.518 -583.484 13.000
E_200 -19.866 -605.239 9.000
T_201 -15.425 -90.974 9.000
A_202 0.000 185.740 7.000
A_203 0.000 185.740 3.000
C_204 0.000 322.480 4.000
P_205 0.000 -195.996 7.000
E_206 -22.253 -605.239 11.000
T_207 -19.613 -90.974 15.000
E_208 -25.772 -605.239 15.000
E_209 -22.253 -605.239 11.000
I_210 0.000 777.529 12.000
P_211 0.000 -195.996 8.000
Q_212 -7.878 -643.904 4.000
G_213 0.000 -27.649 7.000
A_214 0.000 185.740 7.000
S_215 -4.441 -90.060 3.000
G_216 0.000 -27.649 4.000
C_217 0.000 322.480 7.000
W_218 -5.155 -203.500 8.000
K_219 -17.811 -818.649 12.000
D_220 -23.258 -475.402 12.000
D_221 -25.772 -475.402 15.000
L_222 0.000 679.918 15.000
Q_223 -25.772 -643.904 15.000
K_224 -17.098 -818.649 11.000
E_225 -25.003 -605.239 14.000
L_226 0.000 679.918 14.000
S_227 -17.098 -90.060 11.000
D_228 -18.409 -475.402 8.000
I_229 0.000 777.529 11.000
W_230 -5.155 -203.500 8.000
S_231 -7.878 -90.060 4.000
A_232 0.000 185.740 6.000
V_233 0.000 613.196 5.000
H_234 -1.718 -583.484 2.000
V_235 0.000 613.196 6.000
L_236 0.000 679.918 10.000
Q_237 -22.253 -643.904 11.000
N_238 -22.253 -507.047 11.000
S_239 -19.613 -90.060 15.000
I_240 0.000 777.529 14.000
D_241 -21.132 -475.402 10.000
S_242 -16.309 -90.060 10.000
L_243 0.000 679.918 10.000
T_244 -11.867 -90.974 6.000
L_245 0.000 679.918 6.000
C_246 0.000 322.480 6.000
S_247 -4.441 -90.060 3.000
G_248 0.000 -27.649 3.000
A_249 0.000 185.740 3.000
C_250 0.000 322.480 3.000
P_251 0.000 -195.996 3.000
K_252 -11.867 -818.649 6.000
A_253 0.000 185.740 9.000
S_254 -15.425 -90.060 9.000
S_255 -17.098 -90.060 11.000
L_256 0.000 679.918 11.000
R_257 -25.574 -1015.709 10.000
G_258 0.000 -27.649 10.000
H_259 -11.154 -583.484 10.000
K_260 -13.255 -818.649 7.000
G_261 0.000 -27.649 11.000
H_262 -10.601 -583.484 9.000
Q_263 -14.591 -643.904 6.000
C_264 0.000 322.480 9.000
L_265 0.000 679.918 7.000
S_266 -4.441 -90.060 3.000
P_267 0.000 -195.996 3.000
P_268 0.000 -195.996 3.000
L_269 0.000 679.918 3.000
P_270 0.000 -195.996 4.000
S_271 -14.420 -90.060 8.000
W_272 -5.944 -203.500 11.000
D_273 -25.772 -475.402 15.000
S_274 -19.613 -90.060 15.000
D_275 -27.773 -475.402 18.000
S_276 -19.059 -90.060 14.000
D_277 -25.772 -475.402 15.000
C_278 0.000 322.480 15.000
D_279 -26.485 -475.402 16.000
Q_280 -23.258 -643.904 12.000
D_281 -25.772 -475.402 15.000
L_282 0.000 679.918 15.000
S_283 -17.098 -90.060 11.000
Q_284 -16.691 -643.904 7.000
P_285 0.000 -195.996 7.000
P_286 0.000 -195.996 7.000
F_287 0.000 560.542 6.000
S_288 -15.425 -90.060 9.000
K_289 -15.425 -818.649 9.000
S_290 -19.059 -90.060 14.000
G_291 0.000 -27.649 14.000
R_292 -27.076 -1015.709 11.000
S_293 -14.420 -90.060 8.000
F_294 0.000 560.542 8.000
P_295 0.000 -195.996 3.000
P_296 0.000 -195.996 0.000
A_297 0.000 185.740 0.000
