M_1 0.000 401.769 0.000
F_2 0.000 560.542 3.000
L_3 0.000 679.918 7.000
T_4 -17.811 -90.974 12.000
E_5 -26.485 -605.239 16.000
R_6 -35.072 -1015.709 19.000
N_7 -28.359 -507.047 19.000
T_8 -21.060 -90.974 18.000
T_9 -20.609 -90.974 17.000
S_10 -18.462 -90.060 13.000
E_11 -24.169 -605.239 13.000
A_12 0.000 185.740 10.000
T_13 -16.309 -90.974 10.000
F_14 0.000 560.542 6.000
T_15 -11.867 -90.974 6.000
L_16 0.000 679.918 3.000
L_17 0.000 679.918 3.000
G_18 0.000 -27.649 3.000
F_19 0.000 560.542 7.000
S_20 -15.425 -90.060 9.000
D_21 -19.866 -475.402 9.000
Y_22 -12.518 -274.939 13.000
L_23 0.000 679.918 10.000
E_24 -21.132 -605.239 10.000
L_25 0.000 679.918 8.000
Q_26 -18.409 -643.904 8.000
I_27 0.000 777.529 4.000
P_28 0.000 -195.996 4.000
L_29 0.000 679.918 0.000
F_30 0.000 560.542 0.000
F_31 0.000 560.542 0.000
V_32 0.000 613.196 0.000
F_33 0.000 560.542 0.000
L_34 0.000 679.918 0.000
A_35 0.000 185.740 2.000
V_36 0.000 613.196 2.000
Y_37 -1.718 -274.939 2.000
G_38 0.000 -27.649 5.000
F_39 0.000 560.542 5.000
S_40 -4.441 -90.060 3.000
V_41 0.000 613.196 3.000
V_42 0.000 613.196 7.000
G_43 0.000 -27.649 4.000
N_44 -7.878 -507.047 4.000
L_45 0.000 679.918 4.000
G_46 0.000 -27.649 4.000
M_47 0.000 401.769 0.000
I_48 0.000 777.529 0.000
V_49 0.000 613.196 0.000
I_50 0.000 777.529 3.000
I_51 0.000 777.529 3.000
K_52 -13.255 -818.649 7.000
I_53 0.000 777.529 7.000
N_54 -21.132 -507.047 10.000
P_55 0.000 -195.996 7.000
K_56 -15.425 -818.649 9.000
L_57 0.000 679.918 8.000
H_58 -9.978 -583.484 8.000
T_59 -10.149 -90.974 5.000
P_60 0.000 -195.996 7.000
M_61 0.000 401.769 5.000
Y_62 -1.718 -274.939 2.000
F_63 0.000 560.542 2.000
F_64 0.000 560.542 6.000
L_65 0.000 679.918 6.000
N_66 -14.591 -507.047 6.000
H_67 -10.601 -583.484 9.000
L_68 0.000 679.918 9.000
S_69 -10.149 -90.060 5.000
F_70 0.000 560.542 7.000
V_71 0.000 613.196 7.000
D_72 -7.878 -475.402 4.000
F_73 0.000 560.542 6.000
C_74 0.000 322.480 9.000
Y_75 -9.978 -274.939 8.000
S_76 -14.420 -90.060 8.000
S_77 -14.420 -90.060 8.000
I_78 0.000 777.529 6.000
I_79 0.000 777.529 3.000
A_80 0.000 185.740 0.000
P_81 0.000 -195.996 0.000
M_82 0.000 401.769 0.000
M_83 0.000 401.769 0.000
L_84 0.000 679.918 4.000
V_85 0.000 613.196 4.000
N_86 -7.878 -507.047 4.000
L_87 0.000 679.918 4.000
V_88 0.000 613.196 8.000
V_89 0.000 613.196 8.000
E_90 -24.169 -605.239 13.000
D_91 -26.485 -475.402 16.000
R_92 -32.645 -1015.709 16.000
T_93 -19.613 -90.974 15.000
I_94 0.000 777.529 11.000
S_95 -15.425 -90.060 9.000
F_96 0.000 560.542 6.000
S_97 -11.867 -90.060 6.000
G_98 0.000 -27.649 3.000
C_99 0.000 322.480 3.000
L_100 0.000 679.918 4.000
V_101 0.000 613.196 4.000
Q_102 -7.878 -643.904 4.000
F_103 0.000 560.542 4.000
F_104 0.000 560.542 4.000
F_105 0.000 560.542 0.000
F_106 0.000 560.542 3.000
C_107 0.000 322.480 3.000
T_108 -4.441 -90.974 3.000
F_109 0.000 560.542 3.000
V_110 0.000 613.196 6.000
V_111 0.000 613.196 7.000
T_112 -13.255 -90.974 7.000
E_113 -16.691 -605.239 7.000
L_114 0.000 679.918 7.000
I_115 0.000 777.529 4.000
L_116 0.000 679.918 0.000
F_117 0.000 560.542 0.000
A_118 0.000 185.740 0.000
V_119 0.000 613.196 0.000
M_120 0.000 401.769 2.000
A_121 0.000 185.740 6.000
Y_122 -9.978 -274.939 8.000
D_123 -18.409 -475.402 8.000
H_124 -9.978 -583.484 8.000
F_125 0.000 560.542 6.000
V_126 0.000 613.196 2.000
A_127 0.000 185.740 0.000
I_128 0.000 777.529 4.000
C_129 0.000 322.480 4.000
N_130 -7.878 -507.047 4.000
P_131 0.000 -195.996 4.000
L_132 0.000 679.918 6.000
L_133 0.000 679.918 5.000
Y_134 -7.426 -274.939 5.000
T_135 -10.149 -90.974 5.000
V_136 0.000 613.196 5.000
A_137 0.000 185.740 6.000
I_138 0.000 777.529 7.000
S_139 -16.309 -90.060 10.000
Q_140 -21.132 -643.904 10.000
K_141 -16.309 -818.649 10.000
L_142 0.000 679.918 7.000
C_143 0.000 322.480 3.000
A_144 0.000 185.740 0.000
M_145 0.000 401.769 0.000
L_146 0.000 679.918 0.000
V_147 0.000 613.196 0.000
V_148 0.000 613.196 0.000
V_149 0.000 613.196 2.000
L_150 0.000 679.918 2.000
Y_151 -4.441 -274.939 3.000
A_152 0.000 185.740 3.000
W_153 -2.723 -203.500 3.000
G_154 0.000 -27.649 1.000
V_155 0.000 613.196 1.000
A_156 0.000 185.740 3.000
C_157 0.000 322.480 3.000
S_158 -11.867 -90.060 6.000
L_159 0.000 679.918 6.000
T_160 -11.867 -90.974 6.000
L_161 0.000 679.918 3.000
A_162 0.000 185.740 6.000
C_163 0.000 322.480 3.000
S_164 -4.441 -90.060 3.000
A_165 0.000 185.740 6.000
L_166 0.000 679.918 6.000
K_167 -11.867 -818.649 6.000
L_168 0.000 679.918 6.000
S_169 -14.420 -90.060 8.000
F_170 0.000 560.542 5.000
H_171 -7.426 -583.484 5.000
G_172 0.000 -27.649 6.000
F_173 0.000 560.542 9.000
N_174 -16.691 -507.047 7.000
T_175 -17.098 -90.974 11.000
I_176 0.000 777.529 13.000
N_177 -19.866 -507.047 9.000
H_178 -8.431 -583.484 6.000
F_179 0.000 560.542 6.000
F_180 0.000 560.542 6.000
C_181 0.000 322.480 4.000
E_182 -16.691 -605.239 7.000
L_183 0.000 679.918 10.000
S_184 -16.309 -90.060 10.000
S_185 -11.867 -90.060 6.000
L_186 0.000 679.918 9.000
I_187 0.000 777.529 6.000
S_188 -11.867 -90.060 6.000
L_189 0.000 679.918 8.000
S_190 -14.420 -90.060 8.000
Y_191 -10.601 -274.939 9.000
P_192 0.000 -195.996 12.000
D_193 -22.253 -475.402 11.000
S_194 -15.425 -90.060 9.000
Y_195 -12.104 -274.939 12.000
L_196 0.000 679.918 12.000
S_197 -15.425 -90.060 9.000
Q_198 -16.691 -643.904 7.000
L_199 0.000 679.918 7.000
L_200 0.000 679.918 4.000
L_201 0.000 679.918 3.000
F_202 0.000 560.542 3.000
T_203 -4.441 -90.974 3.000
V_204 0.000 613.196 6.000
A_205 0.000 185.740 6.000
T_206 -13.255 -90.974 7.000
F_207 0.000 560.542 11.000
N_208 -22.253 -507.047 11.000
E_209 -22.253 -605.239 11.000
I_210 0.000 777.529 14.000
S_211 -16.309 -90.060 10.000
T_212 -11.867 -90.974 6.000
L_213 0.000 679.918 6.000
L_214 0.000 679.918 3.000
I_215 0.000 777.529 0.000
I_216 0.000 777.529 3.000
L_217 0.000 679.918 6.000
T_218 -14.420 -90.974 8.000
S_219 -14.420 -90.060 8.000
Y_220 -9.978 -274.939 8.000
A_221 0.000 185.740 5.000
F_222 0.000 560.542 2.000
I_223 0.000 777.529 0.000
I_224 0.000 777.529 3.000
V_225 0.000 613.196 6.000
T_226 -11.867 -90.974 6.000
T_227 -15.425 -90.974 9.000
L_228 0.000 679.918 9.000
K_229 -11.867 -818.649 6.000
M_230 0.000 401.769 6.000
P_231 0.000 -195.996 6.000
S_232 -11.867 -90.060 6.000
A_233 0.000 185.740 6.000
S_234 -14.420 -90.060 8.000
G_235 0.000 -27.649 10.000
H_236 -12.518 -583.484 13.000
R_237 -25.574 -1015.709 10.000
K_238 -16.309 -818.649 10.000
V_239 0.000 613.196 11.000
F_240 0.000 560.542 9.000
S_241 -11.867 -90.060 6.000
T_242 -11.867 -90.974 6.000
C_243 0.000 322.480 9.000
A_244 0.000 185.740 8.000
S_245 -10.149 -90.060 5.000
H_246 -9.978 -583.484 8.000
L_247 0.000 679.918 8.000
T_248 -10.149 -90.974 5.000
A_249 0.000 185.740 6.000
I_250 0.000 777.529 6.000
T_251 -4.441 -90.974 3.000
I_252 0.000 777.529 5.000
F_253 0.000 560.542 5.000
H_254 -7.426 -583.484 5.000
G_255 0.000 -27.649 5.000
T_256 -10.149 -90.974 5.000
I_257 0.000 777.529 3.000
L_258 0.000 679.918 3.000
F_259 0.000 560.542 2.000
L_260 0.000 679.918 2.000
Y_261 -1.718 -274.939 2.000
C_262 0.000 322.480 2.000
V_263 0.000 613.196 6.000
P_264 0.000 -195.996 7.000
N_265 -21.132 -507.047 10.000
S_266 -19.059 -90.060 14.000
K_267 -20.609 -818.649 17.000
N_268 -27.773 -507.047 18.000
S_269 -20.609 -90.060 17.000
R_270 -33.508 -1015.709 17.000
H_271 -12.518 -583.484 13.000
T_272 -18.462 -90.974 13.000
V_273 0.000 613.196 8.000
K_274 -11.867 -818.649 6.000
V_275 0.000 613.196 6.000
A_276 0.000 185.740 6.000
S_277 -4.441 -90.060 3.000
V_278 0.000 613.196 5.000
F_279 0.000 560.542 8.000
Y_280 -7.426 -274.939 5.000
T_281 -10.149 -90.974 5.000
V_282 0.000 613.196 5.000
V_283 0.000 613.196 3.000
I_284 0.000 777.529 0.000
P_285 0.000 -195.996 0.000
L_286 0.000 679.918 4.000
L_287 0.000 679.918 4.000
N_288 -7.878 -507.047 4.000
P_289 0.000 -195.996 4.000
L_290 0.000 679.918 6.000
I_291 0.000 777.529 5.000
Y_292 -7.426 -274.939 5.000
S_293 -16.309 -90.060 10.000
L_294 0.000 679.918 14.000
R_295 -31.716 -1015.709 15.000
N_296 -26.485 -507.047 16.000
K_297 -20.127 -818.649 16.000
D_298 -25.003 -475.402 14.000
V_299 0.000 613.196 14.000
K_300 -17.098 -818.649 11.000
D_301 -16.691 -475.402 7.000
A_302 0.000 185.740 12.000
I_303 0.000 777.529 12.000
R_304 -21.845 -1015.709 8.000
K_305 -14.420 -818.649 8.000
I_306 0.000 777.529 12.000
I_307 0.000 777.529 10.000
N_308 -21.132 -507.047 10.000
T_309 -17.811 -90.974 12.000
K_310 -17.811 -818.649 12.000
Y_311 -11.154 -274.939 10.000
F_312 0.000 560.542 7.000
H_313 -9.265 -583.484 7.000
I_314 0.000 777.529 7.000
K_315 -17.811 -818.649 12.000
H_316 -12.104 -583.484 12.000
R_317 -29.616 -1015.709 13.000
H_318 -12.104 -583.484 12.000
W_319 -5.708 -203.500 10.000
Y_320 -7.426 -274.939 5.000
P_321 0.000 -195.996 7.000
F_322 0.000 560.542 6.000
N_323 -7.878 -507.047 4.000
F_324 0.000 560.542 4.000
V_325 0.000 613.196 8.000
I_326 0.000 777.529 8.000
E_327 -18.409 -605.239 8.000
Q_328 -18.409 -643.904 8.000
