M_1 0.000 401.769 6.000
E_2 -14.591 -605.239 6.000
Y_3 -8.431 -274.939 6.000
L_4 0.000 679.918 6.000
I_5 0.000 777.529 2.000
G_6 0.000 -27.649 4.000
I_7 0.000 777.529 4.000
Q_8 -7.878 -643.904 4.000
G_9 0.000 -27.649 8.000
P_10 0.000 -195.996 10.000
D_11 -14.591 -475.402 6.000
Y_12 -8.431 -274.939 6.000
V_13 0.000 613.196 6.000
L_14 0.000 679.918 2.000
V_15 0.000 613.196 3.000
A_16 0.000 185.740 7.000
S_17 -17.811 -90.060 12.000
D_18 -23.258 -475.402 12.000
R_19 -28.412 -1015.709 12.000
V_20 0.000 613.196 9.000
A_21 0.000 185.740 8.000
A_22 0.000 185.740 7.000
S_23 -13.255 -90.060 7.000
N_24 -16.691 -507.047 7.000
I_25 0.000 777.529 11.000
V_26 0.000 613.196 8.000
Q_27 -16.691 -643.904 7.000
M_28 0.000 401.769 11.000
K_29 -19.613 -818.649 15.000
D_30 -24.169 -475.402 13.000
D_31 -27.150 -475.402 17.000
H_32 -13.896 -583.484 17.000
D_33 -24.169 -475.402 13.000
K_34 -15.425 -818.649 9.000
M_35 0.000 401.769 10.000
F_36 0.000 560.542 6.000
K_37 -11.867 -818.649 6.000
M_38 0.000 401.769 10.000
S_39 -18.462 -90.060 13.000
E_40 -21.132 -605.239 10.000
K_41 -16.309 -818.649 10.000
I_42 0.000 777.529 7.000
L_43 0.000 679.918 3.000
L_44 0.000 679.918 0.000
L_45 0.000 679.918 0.000
C_46 0.000 322.480 0.000
V_47 0.000 613.196 4.000
G_48 0.000 -27.649 4.000
E_49 -7.878 -605.239 4.000
A_50 0.000 185.740 8.000
G_51 0.000 -27.649 11.000
D_52 -16.691 -475.402 7.000
T_53 -17.098 -90.974 11.000
V_54 0.000 613.196 11.000
Q_55 -16.691 -643.904 7.000
F_56 0.000 560.542 8.000
A_57 0.000 185.740 10.000
E_58 -14.591 -605.239 6.000
Y_59 -11.154 -274.939 10.000
I_60 0.000 777.529 13.000
Q_61 -24.169 -643.904 13.000
K_62 -17.098 -818.649 11.000
N_63 -25.772 -507.047 15.000
V_64 0.000 613.196 11.000
Q_65 -21.132 -643.904 10.000
L_66 0.000 679.918 9.000
Y_67 -10.601 -274.939 9.000
K_68 -16.309 -818.649 10.000
M_69 0.000 401.769 14.000
R_70 -28.412 -1015.709 12.000
N_71 -22.253 -507.047 11.000
G_72 0.000 -27.649 15.000
Y_73 -11.154 -274.939 10.000
E_74 -19.866 -605.239 9.000
L_75 0.000 679.918 9.000
S_76 -16.309 -90.060 10.000
P_77 0.000 -195.996 6.000
T_78 -11.867 -90.974 6.000
A_79 0.000 185.740 3.000
A_80 0.000 185.740 7.000
A_81 0.000 185.740 4.000
N_82 -16.691 -507.047 7.000
F_83 0.000 560.542 12.000
T_84 -20.609 -90.974 17.000
R_85 -33.508 -1015.709 17.000
R_86 -33.508 -1015.709 17.000
N_87 -25.003 -507.047 14.000
L_88 0.000 679.918 13.000
A_89 0.000 185.740 8.000
D_90 -7.878 -475.402 4.000
C_91 0.000 322.480 9.000
L_92 0.000 679.918 12.000
R_93 -29.616 -1015.709 13.000
S_94 -20.127 -90.060 16.000
R_95 -32.645 -1015.709 16.000
T_96 -18.462 -90.974 13.000
P_97 0.000 -195.996 12.000
Y_98 -9.265 -274.939 7.000
H_99 -9.978 -583.484 8.000
V_100 0.000 613.196 8.000
N_101 -14.591 -507.047 6.000
L_102 0.000 679.918 4.000
L_103 0.000 679.918 4.000
L_104 0.000 679.918 0.000
A_105 0.000 185.740 2.000
G_106 0.000 -27.649 6.000
Y_107 -11.154 -274.939 10.000
D_108 -23.258 -475.402 12.000
E_109 -26.485 -605.239 16.000
H_110 -12.900 -583.484 14.000
E_111 -21.132 -605.239 10.000
G_112 0.000 -27.649 6.000
P_113 0.000 -195.996 4.000
A_114 0.000 185.740 2.000
L_115 0.000 679.918 4.000
Y_116 -6.160 -274.939 4.000
Y_117 -9.978 -274.939 8.000
M_118 0.000 401.769 10.000
D_119 -18.409 -475.402 8.000
Y_120 -8.431 -274.939 6.000
L_121 0.000 679.918 6.000
A_122 0.000 185.740 2.000
A_123 0.000 185.740 0.000
L_124 0.000 679.918 3.000
A_125 0.000 185.740 3.000
K_126 -4.441 -818.649 3.000
A_127 0.000 185.740 3.000
P_128 0.000 -195.996 3.000
F_129 0.000 560.542 0.000
A_130 0.000 185.740 2.000
A_131 0.000 185.740 2.000
H_132 -6.160 -583.484 4.000
G_133 0.000 -27.649 4.000
Y_134 -6.160 -274.939 4.000
G_135 0.000 -27.649 2.000
A_136 0.000 185.740 2.000
F_137 0.000 560.542 3.000
L_138 0.000 679.918 3.000
T_139 -11.867 -90.974 6.000
L_140 0.000 679.918 6.000
S_141 -11.867 -90.060 6.000
I_142 0.000 777.529 7.000
L_143 0.000 679.918 12.000
D_144 -22.253 -475.402 11.000
R_145 -29.616 -1015.709 13.000
Y_146 -13.586 -274.939 16.000
Y_147 -12.104 -274.939 12.000
T_148 -16.309 -90.974 10.000
P_149 0.000 -195.996 8.000
T_150 -15.425 -90.974 9.000
I_151 0.000 777.529 11.000
S_152 -19.613 -90.060 15.000
R_153 -33.508 -1015.709 17.000
E_154 -27.150 -605.239 17.000
R_155 -30.711 -1015.709 14.000
A_156 0.000 185.740 13.000
V_157 0.000 613.196 9.000
E_158 -7.878 -605.239 4.000
L_159 0.000 679.918 9.000
L_160 0.000 679.918 12.000
R_161 -21.845 -1015.709 8.000
K_162 -14.420 -818.649 8.000
C_163 0.000 322.480 12.000
L_164 0.000 679.918 11.000
E_165 -18.409 -605.239 8.000
E_166 -23.258 -605.239 12.000
L_167 0.000 679.918 15.000
Q_168 -26.485 -643.904 16.000
K_169 -17.811 -818.649 12.000
R_170 -28.412 -1015.709 12.000
F_171 0.000 560.542 8.000
I_172 0.000 777.529 9.000
L_173 0.000 679.918 4.000
N_174 -7.878 -507.047 4.000
L_175 0.000 679.918 7.000
P_176 0.000 -195.996 7.000
T_177 -11.867 -90.974 6.000
F_178 0.000 560.542 6.000
S_179 -17.098 -90.060 11.000
V_180 0.000 613.196 8.000
R_181 -21.845 -1015.709 8.000
I_182 0.000 777.529 9.000
I_183 0.000 777.529 12.000
D_184 -22.253 -475.402 11.000
K_185 -17.098 -818.649 11.000
N_186 -22.253 -507.047 11.000
G_187 0.000 -27.649 9.000
I_188 0.000 777.529 10.000
H_189 -8.431 -583.484 6.000
D_190 -21.132 -475.402 10.000
L_191 0.000 679.918 14.000
D_192 -23.258 -475.402 12.000
N_193 -22.253 -507.047 11.000
I_194 0.000 777.529 11.000
S_195 -13.255 -90.060 7.000
F_196 0.000 560.542 6.000
P_197 0.000 -195.996 10.000
K_198 -13.255 -818.649 7.000
Q_199 -21.132 -643.904 10.000
G_200 0.000 -27.649 10.000
S_201 -13.255 -90.060 7.000
