M_1 0.000 401.769 3.000
S_2 -4.441 -90.060 3.000
A_3 0.000 185.740 3.000
A_4 0.000 185.740 8.000
M_5 0.000 401.769 9.000
R_6 -30.711 -1015.709 14.000
E_7 -25.003 -605.239 14.000
R_8 -34.315 -1015.709 18.000
F_9 0.000 560.542 18.000
D_10 -25.003 -475.402 14.000
R_11 -23.856 -1015.709 9.000
F_12 0.000 560.542 11.000
L_13 0.000 679.918 11.000
H_14 -10.601 -583.484 9.000
E_15 -24.169 -605.239 13.000
K_16 -18.462 -818.649 13.000
N_17 -22.253 -507.047 11.000
C_18 0.000 322.480 10.000
M_19 0.000 401.769 11.000
T_20 -13.255 -90.974 7.000
D_21 -16.691 -475.402 7.000
L_22 0.000 679.918 7.000
L_23 0.000 679.918 7.000
A_24 0.000 185.740 3.000
K_25 -13.255 -818.649 7.000
L_26 0.000 679.918 7.000
E_27 -21.132 -605.239 10.000
A_28 0.000 185.740 10.000
K_29 -16.309 -818.649 10.000
T_30 -11.867 -90.974 6.000
G_31 0.000 -27.649 10.000
V_32 0.000 613.196 12.000
N_33 -23.258 -507.047 12.000
R_34 -28.412 -1015.709 12.000
S_35 -17.811 -90.060 12.000
F_36 0.000 560.542 8.000
I_37 0.000 777.529 3.000
A_38 0.000 185.740 0.000
L_39 0.000 679.918 0.000
G_40 0.000 -27.649 0.000
V_41 0.000 613.196 0.000
I_42 0.000 777.529 0.000
G_43 0.000 -27.649 0.000
L_44 0.000 679.918 0.000
V_45 0.000 613.196 0.000
A_46 0.000 185.740 2.000
L_47 0.000 679.918 2.000
Y_48 -1.718 -274.939 2.000
L_49 0.000 679.918 2.000
V_50 0.000 613.196 2.000
F_51 0.000 560.542 2.000
G_52 0.000 -27.649 2.000
Y_53 -1.718 -274.939 2.000
G_54 0.000 -27.649 5.000
A_55 0.000 185.740 5.000
S_56 -4.441 -90.060 3.000
L_57 0.000 679.918 3.000
L_58 0.000 679.918 7.000
C_59 0.000 322.480 4.000
N_60 -7.878 -507.047 4.000
L_61 0.000 679.918 4.000
I_62 0.000 777.529 4.000
G_63 0.000 -27.649 0.000
F_64 0.000 560.542 2.000
G_65 0.000 -27.649 2.000
Y_66 -1.718 -274.939 2.000
P_67 0.000 -195.996 4.000
A_68 0.000 185.740 4.000
Y_69 -7.426 -274.939 5.000
I_70 0.000 777.529 5.000
S_71 -14.420 -90.060 8.000
I_72 0.000 777.529 6.000
K_73 -11.867 -818.649 6.000
A_74 0.000 185.740 7.000
I_75 0.000 777.529 10.000
E_76 -16.691 -605.239 7.000
S_77 -17.098 -90.060 11.000
P_78 0.000 -195.996 14.000
N_79 -25.003 -507.047 14.000
K_80 -19.613 -818.649 15.000
E_81 -28.359 -605.239 19.000
D_82 -27.773 -475.402 18.000
D_83 -28.359 -475.402 19.000
T_84 -20.127 -90.974 16.000
Q_85 -23.258 -643.904 12.000
W_86 -5.944 -203.500 11.000
L_87 0.000 679.918 10.000
T_88 -13.255 -90.974 7.000
Y_89 -8.431 -274.939 6.000
W_90 -4.441 -203.500 6.000
V_91 0.000 613.196 5.000
V_92 0.000 613.196 3.000
Y_93 -1.718 -274.939 2.000
G_94 0.000 -27.649 2.000
V_95 0.000 613.196 5.000
F_96 0.000 560.542 3.000
S_97 -4.441 -90.060 3.000
I_98 0.000 777.529 7.000
A_99 0.000 185.740 7.000
E_100 -7.878 -605.239 4.000
F_101 0.000 560.542 7.000
F_102 0.000 560.542 11.000
S_103 -13.255 -90.060 7.000
D_104 -16.691 -475.402 7.000
I_105 0.000 777.529 7.000
F_106 0.000 560.542 7.000
L_107 0.000 679.918 4.000
S_108 -7.878 -90.060 4.000
W_109 -3.436 -203.500 4.000
F_110 0.000 560.542 4.000
P_111 0.000 -195.996 3.000
F_112 0.000 560.542 4.000
Y_113 -6.160 -274.939 4.000
Y_114 -6.160 -274.939 4.000
M_115 0.000 401.769 7.000
L_116 0.000 679.918 5.000
K_117 -4.441 -818.649 3.000
C_118 0.000 322.480 3.000
G_119 0.000 -27.649 3.000
F_120 0.000 560.542 0.000
L_121 0.000 679.918 1.000
L_122 0.000 679.918 1.000
W_123 -0.000 -203.500 1.000
C_124 0.000 322.480 1.000
M_125 0.000 401.769 1.000
A_126 0.000 185.740 3.000
P_127 0.000 -195.996 3.000
S_128 -11.867 -90.060 6.000
P_129 0.000 -195.996 10.000
S_130 -16.309 -90.060 10.000
N_131 -16.691 -507.047 7.000
G_132 0.000 -27.649 11.000
A_133 0.000 185.740 8.000
E_134 -7.878 -605.239 4.000
L_135 0.000 679.918 6.000
L_136 0.000 679.918 9.000
Y_137 -11.154 -274.939 10.000
K_138 -16.309 -818.649 10.000
R_139 -25.574 -1015.709 10.000
I_140 0.000 777.529 13.000
I_141 0.000 777.529 10.000
R_142 -11.867 -1015.709 5.000
P_143 0.000 -195.996 5.000
F_144 0.000 560.542 5.000
F_145 0.000 560.542 3.000
L_146 0.000 679.918 5.000
K_147 -15.425 -818.649 9.000
H_148 -12.104 -583.484 12.000
E_149 -26.485 -605.239 16.000
S_150 -18.462 -90.060 13.000
Q_151 -25.772 -643.904 15.000
M_152 0.000 401.769 14.000
D_153 -22.253 -475.402 11.000
S_154 -13.255 -90.060 7.000
V_155 0.000 613.196 10.000
V_156 0.000 613.196 10.000
K_157 -13.255 -818.649 7.000
D_158 -21.132 -475.402 10.000
L_159 0.000 679.918 14.000
K_160 -19.059 -818.649 14.000
D_161 -21.132 -475.402 10.000
K_162 -18.462 -818.649 13.000
A_163 0.000 185.740 14.000
K_164 -18.462 -818.649 13.000
E_165 -21.132 -605.239 10.000
T_166 -19.059 -90.974 14.000
A_167 0.000 185.740 11.000
D_168 -16.691 -475.402 7.000
A_169 0.000 185.740 7.000
I_170 0.000 777.529 10.000
T_171 -16.309 -90.974 10.000
K_172 -16.309 -818.649 10.000
E_173 -24.169 -605.239 13.000
A_174 0.000 185.740 13.000
K_175 -16.309 -818.649 10.000
K_176 -15.425 -818.649 9.000
A_177 0.000 185.740 9.000
T_178 -16.309 -90.974 10.000
V_179 0.000 613.196 7.000
N_180 -16.691 -507.047 7.000
L_181 0.000 679.918 4.000
L_182 0.000 679.918 8.000
G_183 0.000 -27.649 8.000
E_184 -22.253 -605.239 11.000
E_185 -25.003 -605.239 14.000
K_186 -20.609 -818.649 17.000
K_187 -20.127 -818.649 16.000
S_188 -17.811 -90.060 12.000
T_189 -15.425 -90.974 9.000
