M_1 0.000 401.769 4.000
V_2 0.000 613.196 7.000
E_3 -22.253 -605.239 11.000
K_4 -19.613 -818.649 15.000
E_5 -25.772 -605.239 15.000
E_6 -22.253 -605.239 11.000
A_7 0.000 185.740 8.000
G_8 0.000 -27.649 4.000
G_9 0.000 -27.649 0.000
G_10 0.000 -27.649 3.000
I_11 0.000 777.529 7.000
S_12 -17.098 -90.060 11.000
E_13 -25.772 -605.239 15.000
E_14 -25.772 -605.239 15.000
E_15 -23.258 -605.239 12.000
A_16 0.000 185.740 12.000
A_17 0.000 185.740 10.000
Q_18 -21.132 -643.904 10.000
Y_19 -13.255 -274.939 15.000
D_20 -28.359 -475.402 19.000
R_21 -31.716 -1015.709 15.000
Q_22 -27.773 -643.904 18.000
I_23 0.000 777.529 14.000
R_24 -25.574 -1015.709 10.000
L_25 0.000 679.918 6.000
W_26 -4.441 -203.500 6.000
G_27 0.000 -27.649 5.000
L_28 0.000 679.918 5.000
E_29 -18.409 -605.239 8.000
A_30 0.000 185.740 11.000
Q_31 -26.485 -643.904 16.000
K_32 -17.811 -818.649 12.000
R_33 -33.508 -1015.709 17.000
L_34 0.000 679.918 13.000
R_35 -29.616 -1015.709 13.000
A_36 0.000 185.740 13.000
S_37 -18.462 -90.060 13.000
R_38 -21.845 -1015.709 8.000
V_39 0.000 613.196 8.000
L_40 0.000 679.918 5.000
L_41 0.000 679.918 0.000
V_42 0.000 613.196 0.000
G_43 0.000 -27.649 3.000
L_44 0.000 679.918 3.000
K_45 -4.441 -818.649 3.000
G_46 0.000 -27.649 3.000
L_47 0.000 679.918 3.000
G_48 0.000 -27.649 4.000
A_49 0.000 185.740 4.000
E_50 -7.878 -605.239 4.000
I_51 0.000 777.529 7.000
A_52 0.000 185.740 11.000
K_53 -13.255 -818.649 7.000
N_54 -16.691 -507.047 7.000
L_55 0.000 679.918 7.000
I_56 0.000 777.529 4.000
L_57 0.000 679.918 0.000
A_58 0.000 185.740 0.000
G_59 0.000 -27.649 3.000
V_60 0.000 613.196 3.000
K_61 -4.441 -818.649 3.000
G_62 0.000 -27.649 6.000
L_63 0.000 679.918 6.000
T_64 -4.441 -90.974 3.000
M_65 0.000 401.769 7.000
L_66 0.000 679.918 9.000
D_67 -21.132 -475.402 10.000
H_68 -12.900 -583.484 14.000
E_69 -25.003 -605.239 14.000
Q_70 -24.169 -643.904 13.000
V_71 0.000 613.196 11.000
T_72 -17.098 -90.974 11.000
P_73 0.000 -195.996 11.000
E_74 -22.253 -605.239 11.000
D_75 -18.409 -475.402 8.000
P_76 0.000 -195.996 8.000
G_77 0.000 -27.649 8.000
A_78 0.000 185.740 4.000
Q_79 -7.878 -643.904 4.000
F_80 0.000 560.542 4.000
L_81 0.000 679.918 9.000
I_82 0.000 777.529 8.000
R_83 -21.845 -1015.709 8.000
T_84 -17.098 -90.974 11.000
G_85 0.000 -27.649 11.000
S_86 -11.867 -90.060 6.000
V_87 0.000 613.196 8.000
G_88 0.000 -27.649 12.000
R_89 -30.711 -1015.709 14.000
N_90 -25.003 -507.047 14.000
R_91 -34.315 -1015.709 18.000
A_92 0.000 185.740 13.000
E_93 -23.258 -605.239 12.000
A_94 0.000 185.740 7.000
S_95 -17.098 -90.060 11.000
L_96 0.000 679.918 12.000
E_97 -23.258 -605.239 12.000
R_98 -29.616 -1015.709 13.000
A_99 0.000 185.740 17.000
Q_100 -24.169 -643.904 13.000
N_101 -23.258 -507.047 12.000
L_102 0.000 679.918 12.000
N_103 -18.409 -507.047 8.000
P_104 0.000 -195.996 4.000
M_105 0.000 401.769 8.000
V_106 0.000 613.196 4.000
D_107 -16.691 -475.402 7.000
V_108 0.000 613.196 7.000
K_109 -17.098 -818.649 11.000
V_110 0.000 613.196 10.000
D_111 -25.003 -475.402 14.000
T_112 -19.613 -90.974 15.000
E_113 -25.772 -605.239 15.000
D_114 -25.772 -475.402 15.000
I_115 0.000 777.529 15.000
E_116 -25.003 -605.239 14.000
K_117 -16.309 -818.649 10.000
K_118 -19.059 -818.649 14.000
P_119 0.000 -195.996 13.000
E_120 -21.132 -605.239 10.000
S_121 -13.255 -90.060 7.000
F_122 0.000 560.542 10.000
F_123 0.000 560.542 10.000
T_124 -13.255 -90.974 7.000
Q_125 -22.253 -643.904 11.000
F_126 0.000 560.542 11.000
D_127 -18.409 -475.402 8.000
A_128 0.000 185.740 4.000
V_129 0.000 613.196 4.000
C_130 0.000 322.480 3.000
L_131 0.000 679.918 3.000
T_132 -4.441 -90.974 3.000
C_133 0.000 322.480 6.000
C_134 0.000 322.480 11.000
S_135 -17.811 -90.060 12.000
R_136 -28.412 -1015.709 12.000
D_137 -23.258 -475.402 12.000
V_138 0.000 613.196 9.000
I_139 0.000 777.529 7.000
V_140 0.000 613.196 3.000
K_141 -13.255 -818.649 7.000
V_142 0.000 613.196 11.000
D_143 -22.253 -475.402 11.000
Q_144 -18.409 -643.904 8.000
I_145 0.000 777.529 10.000
C_146 0.000 322.480 9.000
H_147 -10.601 -583.484 9.000
K_148 -17.811 -818.649 12.000
N_149 -23.258 -507.047 12.000
S_150 -18.462 -90.060 13.000
I_151 0.000 777.529 10.000
K_152 -11.867 -818.649 6.000
F_153 0.000 560.542 6.000
F_154 0.000 560.542 6.000
T_155 -13.255 -90.974 7.000
G_156 0.000 -27.649 7.000
D_157 -16.691 -475.402 7.000
V_158 0.000 613.196 4.000
F_159 0.000 560.542 6.000
G_160 0.000 -27.649 4.000
Y_161 -6.160 -274.939 4.000
H_162 -8.431 -583.484 6.000
G_163 0.000 -27.649 9.000
Y_164 -9.265 -274.939 7.000
T_165 -10.149 -90.974 5.000
F_166 0.000 560.542 9.000
A_167 0.000 185.740 7.000
N_168 -7.878 -507.047 4.000
L_169 0.000 679.918 8.000
G_170 0.000 -27.649 10.000
E_171 -21.132 -605.239 10.000
H_172 -11.154 -583.484 10.000
E_173 -21.132 -605.239 10.000
F_174 0.000 560.542 10.000
V_175 0.000 613.196 12.000
E_176 -22.253 -605.239 11.000
E_177 -25.003 -605.239 14.000
K_178 -20.609 -818.649 17.000
T_179 -18.462 -90.974 13.000
K_180 -15.425 -818.649 9.000
V_181 0.000 613.196 9.000
A_182 0.000 185.740 6.000
K_183 -11.867 -818.649 6.000
V_184 0.000 613.196 10.000
S_185 -16.309 -90.060 10.000
Q_186 -16.691 -643.904 7.000
G_187 0.000 -27.649 11.000
V_188 0.000 613.196 12.000
E_189 -18.409 -605.239 8.000
D_190 -18.409 -475.402 8.000
G_191 0.000 -27.649 12.000
P_192 0.000 -195.996 11.000
D_193 -21.132 -475.402 10.000
T_194 -19.613 -90.974 15.000
K_195 -19.613 -818.649 15.000
R_196 -30.711 -1015.709 14.000
A_197 0.000 185.740 11.000
K_198 -17.811 -818.649 12.000
L_199 0.000 679.918 10.000
D_200 -24.169 -475.402 13.000
S_201 -19.059 -90.060 14.000
S_202 -20.609 -90.060 17.000
E_203 -26.485 -605.239 16.000
T_204 -18.462 -90.974 13.000
T_205 -16.309 -90.974 10.000
M_206 0.000 401.769 9.000
V_207 0.000 613.196 9.000
K_208 -15.425 -818.649 9.000
K_209 -15.425 -818.649 9.000
K_210 -15.425 -818.649 9.000
V_211 0.000 613.196 6.000
V_212 0.000 613.196 3.000
F_213 0.000 560.542 0.000
C_214 0.000 322.480 0.000
P_215 0.000 -195.996 3.000
V_216 0.000 613.196 7.000
K_217 -13.255 -818.649 7.000
E_218 -16.691 -605.239 7.000
A_219 0.000 185.740 11.000
L_220 0.000 679.918 8.000
E_221 -18.409 -605.239 8.000
V_222 0.000 613.196 9.000
D_223 -23.258 -475.402 12.000
W_224 -5.944 -203.500 11.000
S_225 -19.613 -90.060 15.000
S_226 -19.059 -90.060 14.000
E_227 -24.169 -605.239 13.000
K_228 -18.462 -818.649 13.000
A_229 0.000 185.740 10.000
K_230 -11.867 -818.649 6.000
A_231 0.000 185.740 3.000
A_232 0.000 185.740 6.000
L_233 0.000 679.918 8.000
K_234 -17.098 -818.649 11.000
R_235 -30.711 -1015.709 14.000
T_236 -20.609 -90.974 17.000
T_237 -21.060 -90.974 18.000
S_238 -19.613 -90.060 15.000
D_239 -23.258 -475.402 12.000
Y_240 -10.601 -274.939 9.000
F_241 0.000 560.542 6.000
L_242 0.000 679.918 6.000
L_243 0.000 679.918 4.000
Q_244 -7.878 -643.904 4.000
V_245 0.000 613.196 4.000
L_246 0.000 679.918 7.000
L_247 0.000 679.918 3.000
K_248 -14.420 -818.649 8.000
F_249 0.000 560.542 11.000
R_250 -31.716 -1015.709 15.000
T_251 -19.613 -90.974 15.000
D_252 -25.772 -475.402 15.000
K_253 -19.613 -818.649 15.000
G_254 0.000 -27.649 16.000
R_255 -28.412 -1015.709 12.000
D_256 -23.258 -475.402 12.000
P_257 0.000 -195.996 15.000
S_258 -19.059 -90.060 14.000
S_259 -18.462 -90.060 13.000
D_260 -25.772 -475.402 15.000
T_261 -20.127 -90.974 16.000
Y_262 -13.896 -274.939 17.000
E_263 -27.150 -605.239 17.000
E_264 -27.150 -605.239 17.000
D_265 -28.359 -475.402 19.000
S_266 -19.613 -90.060 15.000
E_267 -22.253 -605.239 11.000
L_268 0.000 679.918 7.000
L_269 0.000 679.918 8.000
L_270 0.000 679.918 4.000
Q_271 -19.866 -643.904 9.000
I_272 0.000 777.529 13.000
R_273 -33.508 -1015.709 17.000
N_274 -24.169 -507.047 13.000
D_275 -24.169 -475.402 13.000
V_276 0.000 613.196 12.000
L_277 0.000 679.918 11.000
D_278 -16.691 -475.402 7.000
S_279 -13.255 -90.060 7.000
L_280 0.000 679.918 7.000
G_281 0.000 -27.649 6.000
I_282 0.000 777.529 3.000
S_283 -13.255 -90.060 7.000
P_284 0.000 -195.996 7.000
D_285 -16.691 -475.402 7.000
L_286 0.000 679.918 4.000
L_287 0.000 679.918 8.000
P_288 0.000 -195.996 8.000
E_289 -18.409 -605.239 8.000
D_290 -18.409 -475.402 8.000
F_291 0.000 560.542 13.000
V_292 0.000 613.196 11.000
R_293 -19.414 -1015.709 7.000
Y_294 -9.265 -274.939 7.000
C_295 0.000 322.480 10.000
F_296 0.000 560.542 9.000
S_297 -13.255 -90.060 7.000
E_298 -16.691 -605.239 7.000
M_299 0.000 401.769 7.000
A_300 0.000 185.740 4.000
P_301 0.000 -195.996 0.000
V_302 0.000 613.196 0.000
C_303 0.000 322.480 0.000
A_304 0.000 185.740 0.000
V_305 0.000 613.196 0.000
V_306 0.000 613.196 0.000
G_307 0.000 -27.649 0.000
G_308 0.000 -27.649 0.000
I_309 0.000 777.529 0.000
L_310 0.000 679.918 4.000
A_311 0.000 185.740 8.000
Q_312 -18.409 -643.904 8.000
E_313 -18.409 -605.239 8.000
I_314 0.000 777.529 11.000
V_315 0.000 613.196 7.000
K_316 -4.441 -818.649 3.000
A_317 0.000 185.740 6.000
L_318 0.000 679.918 10.000
S_319 -17.811 -90.060 12.000
Q_320 -26.485 -643.904 16.000
R_321 -32.645 -1015.709 16.000
D_322 -24.169 -475.402 13.000
P_323 0.000 -195.996 11.000
P_324 0.000 -195.996 10.000
H_325 -11.154 -583.484 10.000
N_326 -21.132 -507.047 10.000
N_327 -21.132 -507.047 10.000
F_328 0.000 560.542 8.000
F_329 0.000 560.542 4.000
F_330 0.000 560.542 4.000
F_331 0.000 560.542 4.000
D_332 -7.878 -475.402 4.000
G_333 0.000 -27.649 7.000
M_334 0.000 401.769 7.000
K_335 -13.255 -818.649 7.000
G_336 0.000 -27.649 7.000
N_337 -16.691 -507.047 7.000
G_338 0.000 -27.649 4.000
I_339 0.000 777.529 8.000
V_340 0.000 613.196 4.000
E_341 -7.878 -605.239 4.000
C_342 0.000 322.480 4.000
L_343 0.000 679.918 4.000
G_344 0.000 -27.649 3.000
P_345 0.000 -195.996 3.000
K_346 -4.441 -818.649 3.000
