M_1 0.000 401.769 4.000
F_2 0.000 560.542 7.000
D_3 -21.132 -475.402 10.000
K_4 -19.613 -818.649 15.000
T_5 -19.613 -90.974 15.000
R_6 -27.076 -1015.709 11.000
L_7 0.000 679.918 10.000
P_8 0.000 -195.996 7.000
Y_9 -1.718 -274.939 2.000
V_10 0.000 613.196 2.000
A_11 0.000 185.740 6.000
L_12 0.000 679.918 4.000
D_13 -7.878 -475.402 4.000
V_14 0.000 613.196 4.000
L_15 0.000 679.918 4.000
C_16 0.000 322.480 0.000
V_17 0.000 613.196 0.000
L_18 0.000 679.918 0.000
L_19 0.000 679.918 0.000
A_20 0.000 185.740 0.000
G_21 0.000 -27.649 0.000
L_22 0.000 679.918 0.000
P_23 0.000 -195.996 0.000
F_24 0.000 560.542 0.000
A_25 0.000 185.740 0.000
I_26 0.000 777.529 3.000
L_27 0.000 679.918 6.000
T_28 -17.098 -90.974 11.000
S_29 -18.462 -90.060 13.000
R_30 -32.645 -1015.709 16.000
H_31 -12.518 -583.484 13.000
T_32 -16.309 -90.974 10.000
P_33 0.000 -195.996 9.000
F_34 0.000 560.542 12.000
Q_35 -19.866 -643.904 9.000
R_36 -23.856 -1015.709 9.000
G_37 0.000 -27.649 9.000
V_38 0.000 613.196 5.000
F_39 0.000 560.542 4.000
C_40 0.000 322.480 8.000
N_41 -23.258 -507.047 12.000
D_42 -25.772 -475.402 15.000
E_43 -25.772 -605.239 15.000
S_44 -19.059 -90.060 14.000
I_45 0.000 777.529 12.000
K_46 -14.420 -818.649 8.000
Y_47 -9.265 -274.939 7.000
P_48 0.000 -195.996 10.000
Y_49 -11.652 -274.939 11.000
K_50 -18.462 -818.649 13.000
E_51 -26.485 -605.239 16.000
D_52 -25.003 -475.402 14.000
T_53 -17.098 -90.974 11.000
I_54 0.000 777.529 9.000
P_55 0.000 -195.996 5.000
Y_56 -1.718 -274.939 2.000
A_57 0.000 185.740 2.000
L_58 0.000 679.918 2.000
L_59 0.000 679.918 0.000
G_60 0.000 -27.649 0.000
G_61 0.000 -27.649 0.000
I_62 0.000 777.529 0.000
I_63 0.000 777.529 0.000
I_64 0.000 777.529 0.000
P_65 0.000 -195.996 3.000
F_66 0.000 560.542 3.000
S_67 -4.441 -90.060 3.000
I_68 0.000 777.529 3.000
I_69 0.000 777.529 3.000
V_70 0.000 613.196 0.000
I_71 0.000 777.529 0.000
I_72 0.000 777.529 0.000
L_73 0.000 679.918 4.000
G_74 0.000 -27.649 7.000
E_75 -16.691 -605.239 7.000
T_76 -16.309 -90.974 10.000
L_77 0.000 679.918 10.000
S_78 -14.420 -90.060 8.000
V_79 0.000 613.196 5.000
Y_80 -10.601 -274.939 9.000
C_81 0.000 322.480 6.000
N_82 -14.591 -507.047 6.000
L_83 0.000 679.918 6.000
L_84 0.000 679.918 9.000
H_85 -10.601 -583.484 9.000
S_86 -17.811 -90.060 12.000
N_87 -23.258 -507.047 12.000
S_88 -16.309 -90.060 10.000
F_89 0.000 560.542 12.000
I_90 0.000 777.529 12.000
R_91 -29.616 -1015.709 13.000
N_92 -25.772 -507.047 15.000
N_93 -25.772 -507.047 15.000
Y_94 -11.154 -274.939 10.000
I_95 0.000 777.529 9.000
A_96 0.000 185.740 5.000
T_97 -10.149 -90.974 5.000
I_98 0.000 777.529 8.000
Y_99 -9.978 -274.939 8.000
K_100 -10.149 -818.649 5.000
A_101 0.000 185.740 5.000
I_102 0.000 777.529 6.000
G_103 0.000 -27.649 3.000
T_104 -4.441 -90.974 3.000
F_105 0.000 560.542 3.000
L_106 0.000 679.918 3.000
F_107 0.000 560.542 0.000
G_108 0.000 -27.649 0.000
A_109 0.000 185.740 0.000
A_110 0.000 185.740 3.000
A_111 0.000 185.740 7.000
S_112 -16.309 -90.060 10.000
Q_113 -21.132 -643.904 10.000
S_114 -18.462 -90.060 13.000
L_115 0.000 679.918 14.000
T_116 -16.309 -90.974 10.000
D_117 -16.691 -475.402 7.000
I_118 0.000 777.529 10.000
A_119 0.000 185.740 9.000
K_120 -14.420 -818.649 8.000
Y_121 -9.978 -274.939 8.000
S_122 -14.420 -90.060 8.000
I_123 0.000 777.529 10.000
G_124 0.000 -27.649 8.000
R_125 -25.574 -1015.709 10.000
L_126 0.000 679.918 10.000
R_127 -28.412 -1015.709 12.000
P_128 0.000 -195.996 7.000
H_129 -9.265 -583.484 7.000
F_130 0.000 560.542 6.000
L_131 0.000 679.918 6.000
D_132 -7.878 -475.402 4.000
V_133 0.000 613.196 8.000
C_134 0.000 322.480 8.000
D_135 -18.409 -475.402 8.000
P_136 0.000 -195.996 9.000
D_137 -23.258 -475.402 12.000
W_138 -5.944 -203.500 11.000
S_139 -17.098 -90.060 11.000
K_140 -17.098 -818.649 11.000
I_141 0.000 777.529 10.000
N_142 -21.132 -507.047 10.000
C_143 0.000 322.480 11.000
S_144 -17.098 -90.060 11.000
D_145 -19.866 -475.402 9.000
G_146 0.000 -27.649 9.000
Y_147 -11.154 -274.939 10.000
I_148 0.000 777.529 8.000
E_149 -21.132 -605.239 10.000
Y_150 -9.978 -274.939 8.000
Y_151 -9.978 -274.939 8.000
I_152 0.000 777.529 9.000
C_153 0.000 322.480 7.000
R_154 -23.856 -1015.709 9.000
G_155 0.000 -27.649 9.000
N_156 -24.169 -507.047 13.000
A_157 0.000 185.740 13.000
E_158 -24.169 -605.239 13.000
R_159 -28.412 -1015.709 12.000
V_160 0.000 613.196 16.000
K_161 -17.811 -818.649 12.000
E_162 -23.258 -605.239 12.000
G_163 0.000 -27.649 12.000
R_164 -28.412 -1015.709 12.000
L_165 0.000 679.918 8.000
S_166 -16.309 -90.060 10.000
F_167 0.000 560.542 8.000
Y_168 -9.978 -274.939 8.000
S_169 -13.255 -90.060 7.000
G_170 0.000 -27.649 10.000
H_171 -11.652 -583.484 11.000
S_172 -14.420 -90.060 8.000
S_173 -17.098 -90.060 11.000
F_174 0.000 560.542 9.000
S_175 -14.420 -90.060 8.000
M_176 0.000 401.769 5.000
Y_177 -7.426 -274.939 5.000
C_178 0.000 322.480 2.000
M_179 0.000 401.769 2.000
L_180 0.000 679.918 0.000
F_181 0.000 560.542 0.000
V_182 0.000 613.196 0.000
A_183 0.000 185.740 2.000
L_184 0.000 679.918 2.000
Y_185 -8.431 -274.939 6.000
L_186 0.000 679.918 6.000
Q_187 -22.253 -643.904 11.000
A_188 0.000 185.740 9.000
R_189 -28.412 -1015.709 12.000
M_190 0.000 401.769 8.000
K_191 -17.811 -818.649 12.000
G_192 0.000 -27.649 8.000
D_193 -18.409 -475.402 8.000
W_194 -5.708 -203.500 10.000
A_195 0.000 185.740 10.000
R_196 -16.309 -1015.709 6.000
L_197 0.000 679.918 10.000
L_198 0.000 679.918 10.000
R_199 -21.845 -1015.709 8.000
P_200 0.000 -195.996 8.000
T_201 -17.811 -90.974 12.000
L_202 0.000 679.918 7.000
Q_203 -16.691 -643.904 7.000
F_204 0.000 560.542 4.000
G_205 0.000 -27.649 4.000
L_206 0.000 679.918 0.000
V_207 0.000 613.196 0.000
A_208 0.000 185.740 3.000
V_209 0.000 613.196 3.000
S_210 -10.149 -90.060 5.000
I_211 0.000 777.529 5.000
Y_212 -7.426 -274.939 5.000
V_213 0.000 613.196 2.000
G_214 0.000 -27.649 5.000
L_215 0.000 679.918 8.000
S_216 -14.420 -90.060 8.000
R_217 -27.076 -1015.709 11.000
V_218 0.000 613.196 15.000
S_219 -19.059 -90.060 14.000
D_220 -23.258 -475.402 12.000
Y_221 -12.900 -274.939 14.000
K_222 -18.462 -818.649 13.000
H_223 -11.154 -583.484 10.000
H_224 -11.652 -583.484 11.000
W_225 -6.160 -203.500 12.000
S_226 -16.309 -90.060 10.000
D_227 -18.409 -475.402 8.000
V_228 0.000 613.196 10.000
L_229 0.000 679.918 7.000
T_230 -4.441 -90.974 3.000
G_231 0.000 -27.649 3.000
L_232 0.000 679.918 7.000
I_233 0.000 777.529 4.000
Q_234 -7.878 -643.904 4.000
G_235 0.000 -27.649 4.000
A_236 0.000 185.740 4.000
L_237 0.000 679.918 0.000
V_238 0.000 613.196 0.000
A_239 0.000 185.740 0.000
I_240 0.000 777.529 0.000
L_241 0.000 679.918 0.000
V_242 0.000 613.196 0.000
A_243 0.000 185.740 2.000
V_244 0.000 613.196 2.000
Y_245 -7.426 -274.939 5.000
V_246 0.000 613.196 9.000
S_247 -15.425 -90.060 9.000
D_248 -16.691 -475.402 7.000
F_249 0.000 560.542 10.000
F_250 0.000 560.542 11.000
K_251 -17.811 -818.649 12.000
E_252 -25.772 -605.239 15.000
R_253 -34.315 -1015.709 18.000
T_254 -19.613 -90.974 15.000
S_255 -19.059 -90.060 14.000
F_256 0.000 560.542 13.000
K_257 -19.613 -818.649 15.000
E_258 -25.772 -605.239 15.000
R_259 -35.072 -1015.709 19.000
K_260 -21.889 -818.649 20.000
E_261 -28.912 -605.239 20.000
E_262 -27.773 -605.239 18.000
D_263 -27.150 -475.402 17.000
S_264 -20.127 -90.060 16.000
H_265 -13.255 -583.484 15.000
T_266 -17.098 -90.974 11.000
T_267 -16.309 -90.974 10.000
L_268 0.000 679.918 12.000
H_269 -12.104 -583.484 12.000
E_270 -19.866 -605.239 9.000
T_271 -17.811 -90.974 12.000
P_272 0.000 -195.996 13.000
T_273 -15.425 -90.974 9.000
T_274 -16.309 -90.974 10.000
G_275 0.000 -27.649 12.000
N_276 -22.253 -507.047 11.000
H_277 -9.978 -583.484 8.000
Y_278 -11.652 -274.939 11.000
P_279 0.000 -195.996 11.000
S_280 -17.098 -90.060 11.000
N_281 -24.169 -507.047 13.000
H_282 -12.518 -583.484 13.000
Q_283 -21.132 -643.904 10.000
P_284 0.000 -195.996 6.000
