M_1 0.000 401.769 0.000
P_2 0.000 -195.996 0.000
G_3 0.000 -27.649 0.000
G_4 0.000 -27.649 0.000
L_5 0.000 679.918 0.000
L_6 0.000 679.918 0.000
L_7 0.000 679.918 4.000
G_8 0.000 -27.649 4.000
D_9 -7.878 -475.402 4.000
V_10 0.000 613.196 4.000
A_11 0.000 185.740 8.000
P_12 0.000 -195.996 4.000
N_13 -18.409 -507.047 8.000
F_14 0.000 560.542 8.000
E_15 -23.258 -605.239 12.000
A_16 0.000 185.740 11.000
N_17 -25.003 -507.047 14.000
T_18 -16.309 -90.974 10.000
T_19 -16.309 -90.974 10.000
V_20 0.000 613.196 11.000
G_21 0.000 -27.649 8.000
R_22 -25.574 -1015.709 10.000
I_23 0.000 777.529 10.000
R_24 -28.412 -1015.709 12.000
F_25 0.000 560.542 11.000
H_26 -11.652 -583.484 11.000
D_27 -14.591 -475.402 6.000
F_28 0.000 560.542 6.000
L_29 0.000 679.918 8.000
G_30 0.000 -27.649 7.000
D_31 -18.409 -475.402 8.000
S_32 -14.420 -90.060 8.000
W_33 -5.155 -203.500 8.000
G_34 0.000 -27.649 4.000
I_35 0.000 777.529 1.000
L_36 0.000 679.918 3.000
F_37 0.000 560.542 5.000
S_38 -10.149 -90.060 5.000
H_39 -11.154 -583.484 10.000
P_40 0.000 -195.996 14.000
R_41 -27.076 -1015.709 11.000
D_42 -23.258 -475.402 12.000
F_43 0.000 560.542 12.000
T_44 -13.255 -90.974 7.000
P_45 0.000 -195.996 3.000
V_46 0.000 613.196 6.000
C_47 0.000 322.480 6.000
T_48 -16.309 -90.974 10.000
T_49 -16.309 -90.974 10.000
E_50 -21.132 -605.239 10.000
L_51 0.000 679.918 12.000
G_52 0.000 -27.649 9.000
R_53 -11.867 -1015.709 5.000
A_54 0.000 185.740 8.000
A_55 0.000 185.740 8.000
K_56 -4.441 -818.649 3.000
L_57 0.000 679.918 3.000
A_58 0.000 185.740 7.000
P_59 0.000 -195.996 4.000
E_60 -7.878 -605.239 4.000
F_61 0.000 560.542 7.000
A_62 0.000 185.740 12.000
K_63 -17.811 -818.649 12.000
R_64 -28.412 -1015.709 12.000
N_65 -25.772 -507.047 15.000
V_66 0.000 613.196 12.000
K_67 -13.255 -818.649 7.000
L_68 0.000 679.918 3.000
I_69 0.000 777.529 3.000
A_70 0.000 185.740 3.000
L_71 0.000 679.918 3.000
S_72 -13.255 -90.060 7.000
I_73 0.000 777.529 10.000
D_74 -21.132 -475.402 10.000
S_75 -17.098 -90.060 11.000
V_76 0.000 613.196 15.000
E_77 -24.169 -605.239 13.000
D_78 -21.132 -475.402 10.000
H_79 -11.154 -583.484 10.000
L_80 0.000 679.918 7.000
A_81 0.000 185.740 6.000
W_82 -4.824 -203.500 7.000
S_83 -17.098 -90.060 11.000
K_84 -17.098 -818.649 11.000
D_85 -25.003 -475.402 14.000
I_86 0.000 777.529 11.000
N_87 -21.132 -507.047 10.000
A_88 0.000 185.740 10.000
Y_89 -11.154 -274.939 10.000
N_90 -21.132 -507.047 10.000
C_91 0.000 322.480 14.000
E_92 -23.258 -605.239 12.000
E_93 -22.253 -605.239 11.000
P_94 0.000 -195.996 15.000
T_95 -19.059 -90.974 14.000
E_96 -21.132 -605.239 10.000
K_97 -16.309 -818.649 10.000
L_98 0.000 679.918 7.000
P_99 0.000 -195.996 3.000
F_100 0.000 560.542 0.000
P_101 0.000 -195.996 0.000
I_102 0.000 777.529 4.000
I_103 0.000 777.529 8.000
D_104 -24.169 -475.402 13.000
D_105 -27.150 -475.402 17.000
R_106 -37.098 -1015.709 22.000
N_107 -29.934 -507.047 22.000
R_108 -34.315 -1015.709 18.000
E_109 -24.169 -605.239 13.000
L_110 0.000 679.918 9.000
A_111 0.000 185.740 4.000
I_112 0.000 777.529 0.000
L_113 0.000 679.918 0.000
L_114 0.000 679.918 0.000
G_115 0.000 -27.649 0.000
M_116 0.000 401.769 4.000
L_117 0.000 679.918 4.000
D_118 -7.878 -475.402 4.000
P_119 0.000 -195.996 8.000
A_120 0.000 185.740 11.000
E_121 -22.253 -605.239 11.000
K_122 -19.613 -818.649 15.000
D_123 -27.773 -475.402 18.000
E_124 -25.003 -605.239 14.000
K_125 -17.098 -818.649 11.000
G_126 0.000 -27.649 7.000
M_127 0.000 401.769 3.000
P_128 0.000 -195.996 3.000
V_129 0.000 613.196 3.000
T_130 -14.420 -90.974 8.000
A_131 0.000 185.740 8.000
R_132 -21.845 -1015.709 8.000
V_133 0.000 613.196 5.000
V_134 0.000 613.196 5.000
F_135 0.000 560.542 0.000
V_136 0.000 613.196 0.000
F_137 0.000 560.542 0.000
G_138 0.000 -27.649 4.000
P_139 0.000 -195.996 7.000
D_140 -21.132 -475.402 10.000
K_141 -16.309 -818.649 10.000
K_142 -18.462 -818.649 13.000
L_143 0.000 679.918 9.000
K_144 -15.425 -818.649 9.000
L_145 0.000 679.918 6.000
S_146 -11.867 -90.060 6.000
I_147 0.000 777.529 5.000
L_148 0.000 679.918 5.000
Y_149 -1.718 -274.939 2.000
P_150 0.000 -195.996 5.000
A_151 0.000 185.740 8.000
T_152 -11.867 -90.974 6.000
T_153 -17.098 -90.974 11.000
G_154 0.000 -27.649 15.000
R_155 -28.412 -1015.709 12.000
N_156 -24.169 -507.047 13.000
F_157 0.000 560.542 17.000
D_158 -23.258 -475.402 12.000
E_159 -18.409 -605.239 8.000
I_160 0.000 777.529 13.000
L_161 0.000 679.918 9.000
R_162 -11.867 -1015.709 5.000
V_163 0.000 613.196 5.000
V_164 0.000 613.196 8.000
I_165 0.000 777.529 3.000
S_166 -13.255 -90.060 7.000
L_167 0.000 679.918 7.000
Q_168 -21.132 -643.904 10.000
L_169 0.000 679.918 7.000
T_170 -17.098 -90.974 11.000
A_171 0.000 185.740 10.000
E_172 -25.772 -605.239 15.000
K_173 -17.811 -818.649 12.000
R_174 -28.412 -1015.709 12.000
V_175 0.000 613.196 11.000
A_176 0.000 185.740 8.000
T_177 -4.441 -90.974 3.000
P_178 0.000 -195.996 7.000
V_179 0.000 613.196 8.000
D_180 -18.409 -475.402 8.000
W_181 -6.160 -203.500 12.000
K_182 -17.811 -818.649 12.000
D_183 -23.258 -475.402 12.000
G_184 0.000 -27.649 14.000
D_185 -22.253 -475.402 11.000
S_186 -13.255 -90.060 7.000
V_187 0.000 613.196 7.000
M_188 0.000 401.769 3.000
V_189 0.000 613.196 0.000
L_190 0.000 679.918 3.000
P_191 0.000 -195.996 3.000
T_192 -4.441 -90.974 3.000
I_193 0.000 777.529 7.000
P_194 0.000 -195.996 11.000
E_195 -23.258 -605.239 12.000
E_196 -23.258 -605.239 12.000
E_197 -25.772 -605.239 15.000
A_198 0.000 185.740 14.000
K_199 -16.309 -818.649 10.000
K_200 -11.867 -818.649 6.000
L_201 0.000 679.918 6.000
F_202 0.000 560.542 6.000
P_203 0.000 -195.996 3.000
K_204 -4.441 -818.649 3.000
G_205 0.000 -27.649 3.000
V_206 0.000 613.196 6.000
F_207 0.000 560.542 6.000
T_208 -16.309 -90.974 10.000
K_209 -16.309 -818.649 10.000
E_210 -21.132 -605.239 10.000
L_211 0.000 679.918 10.000
P_212 0.000 -195.996 7.000
S_213 -11.867 -90.060 6.000
G_214 0.000 -27.649 9.000
K_215 -17.098 -818.649 11.000
K_216 -14.420 -818.649 8.000
Y_217 -12.518 -274.939 13.000
L_218 0.000 679.918 12.000
R_219 -28.412 -1015.709 12.000
Y_220 -11.154 -274.939 10.000
T_221 -19.059 -90.974 14.000
P_222 0.000 -195.996 9.000
Q_223 -16.691 -643.904 7.000
P_224 0.000 -195.996 4.000
