M_1 0.000 401.769 0.000
G_2 0.000 -27.649 0.000
L_3 0.000 679.918 4.000
L_4 0.000 679.918 4.000
E_5 -7.878 -605.239 4.000
C_6 0.000 322.480 4.000
C_7 0.000 322.480 9.000
A_8 0.000 185.740 5.000
R_9 -11.867 -1015.709 5.000
C_10 0.000 322.480 5.000
L_11 0.000 679.918 5.000
V_12 0.000 613.196 0.000
G_13 0.000 -27.649 0.000
A_14 0.000 185.740 0.000
P_15 0.000 -195.996 0.000
F_16 0.000 560.542 3.000
A_17 0.000 185.740 3.000
S_18 -4.441 -90.060 3.000
L_19 0.000 679.918 3.000
V_20 0.000 613.196 6.000
A_21 0.000 185.740 3.000
T_22 -4.441 -90.974 3.000
G_23 0.000 -27.649 3.000
L_24 0.000 679.918 3.000
C_25 0.000 322.480 0.000
F_26 0.000 560.542 0.000
F_27 0.000 560.542 0.000
G_28 0.000 -27.649 0.000
V_29 0.000 613.196 0.000
A_30 0.000 185.740 0.000
L_31 0.000 679.918 0.000
F_32 0.000 560.542 0.000
C_33 0.000 322.480 0.000
G_34 0.000 -27.649 0.000
C_35 0.000 322.480 2.000
G_36 0.000 -27.649 6.000
H_37 -8.431 -583.484 6.000
E_38 -14.591 -605.239 6.000
A_39 0.000 185.740 9.000
L_40 0.000 679.918 7.000
T_41 -11.867 -90.974 6.000
G_42 0.000 -27.649 10.000
T_43 -18.462 -90.974 13.000
E_44 -21.132 -605.239 10.000
K_45 -16.309 -818.649 10.000
L_46 0.000 679.918 11.000
I_47 0.000 777.529 10.000
E_48 -19.866 -605.239 9.000
T_49 -15.425 -90.974 9.000
Y_50 -12.104 -274.939 12.000
F_51 0.000 560.542 11.000
S_52 -17.811 -90.060 12.000
K_53 -17.811 -818.649 12.000
N_54 -26.485 -507.047 16.000
Y_55 -13.896 -274.939 17.000
Q_56 -26.485 -643.904 16.000
D_57 -26.485 -475.402 16.000
Y_58 -13.586 -274.939 16.000
E_59 -23.258 -605.239 12.000
Y_60 -9.978 -274.939 8.000
L_61 0.000 679.918 10.000
I_62 0.000 777.529 6.000
N_63 -7.878 -507.047 4.000
V_64 0.000 613.196 6.000
I_65 0.000 777.529 6.000
H_66 -1.718 -583.484 2.000
A_67 0.000 185.740 6.000
F_68 0.000 560.542 8.000
Q_69 -14.591 -643.904 6.000
Y_70 -8.431 -274.939 6.000
V_71 0.000 613.196 8.000
I_72 0.000 777.529 4.000
Y_73 -7.426 -274.939 5.000
G_74 0.000 -27.649 5.000
T_75 -14.420 -90.974 8.000
A_76 0.000 185.740 6.000
S_77 -11.867 -90.060 6.000
F_78 0.000 560.542 3.000
F_79 0.000 560.542 3.000
F_80 0.000 560.542 2.000
L_81 0.000 679.918 2.000
Y_82 -1.718 -274.939 2.000
G_83 0.000 -27.649 2.000
A_84 0.000 185.740 2.000
L_85 0.000 679.918 0.000
L_86 0.000 679.918 0.000
L_87 0.000 679.918 4.000
A_88 0.000 185.740 4.000
E_89 -7.878 -605.239 4.000
G_90 0.000 -27.649 6.000
F_91 0.000 560.542 9.000
Y_92 -9.978 -274.939 8.000
T_93 -14.420 -90.974 8.000
T_94 -14.420 -90.974 8.000
G_95 0.000 -27.649 6.000
A_96 0.000 185.740 8.000
V_97 0.000 613.196 9.000
R_98 -23.856 -1015.709 9.000
Q_99 -19.866 -643.904 9.000
I_100 0.000 777.529 9.000
F_101 0.000 560.542 8.000
G_102 0.000 -27.649 6.000
D_103 -19.866 -475.402 9.000
Y_104 -12.104 -274.939 12.000
K_105 -19.613 -818.649 15.000
T_106 -17.098 -90.974 11.000
T_107 -15.425 -90.974 9.000
I_108 0.000 777.529 6.000
C_109 0.000 322.480 6.000
G_110 0.000 -27.649 3.000
K_111 -4.441 -818.649 3.000
G_112 0.000 -27.649 6.000
L_113 0.000 679.918 6.000
S_114 -11.867 -90.060 6.000
A_115 0.000 185.740 6.000
T_116 -15.425 -90.974 9.000
V_117 0.000 613.196 6.000
T_118 -11.867 -90.974 6.000
G_119 0.000 -27.649 7.000
G_120 0.000 -27.649 10.000
Q_121 -16.691 -643.904 7.000
K_122 -17.811 -818.649 12.000
G_123 0.000 -27.649 12.000
R_124 -27.076 -1015.709 11.000
G_125 0.000 -27.649 13.000
S_126 -18.462 -90.060 13.000
R_127 -28.412 -1015.709 12.000
G_128 0.000 -27.649 14.000
Q_129 -25.772 -643.904 15.000
H_130 -11.154 -583.484 10.000
Q_131 -23.258 -643.904 12.000
A_132 0.000 185.740 11.000
H_133 -10.601 -583.484 9.000
S_134 -15.425 -90.060 9.000
L_135 0.000 679.918 14.000
E_136 -23.258 -605.239 12.000
R_137 -23.856 -1015.709 9.000
V_138 0.000 613.196 11.000
C_139 0.000 322.480 7.000
H_140 -1.718 -583.484 2.000
C_141 0.000 322.480 2.000
L_142 0.000 679.918 5.000
G_143 0.000 -27.649 4.000
K_144 -7.878 -818.649 4.000
W_145 -3.436 -203.500 4.000
L_146 0.000 679.918 6.000
G_147 0.000 -27.649 3.000
H_148 -8.431 -583.484 6.000
P_149 0.000 -195.996 9.000
D_150 -19.866 -475.402 9.000
K_151 -13.255 -818.649 7.000
F_152 0.000 560.542 7.000
V_153 0.000 613.196 3.000
G_154 0.000 -27.649 3.000
I_155 0.000 777.529 5.000
T_156 -10.149 -90.974 5.000
Y_157 -7.426 -274.939 5.000
A_158 0.000 185.740 8.000
L_159 0.000 679.918 5.000
T_160 -4.441 -90.974 3.000
V_161 0.000 613.196 4.000
V_162 0.000 613.196 4.000
W_163 -0.000 -203.500 1.000
L_164 0.000 679.918 1.000
L_165 0.000 679.918 1.000
V_166 0.000 613.196 0.000
F_167 0.000 560.542 0.000
A_168 0.000 185.740 3.000
C_169 0.000 322.480 3.000
S_170 -4.441 -90.060 3.000
A_171 0.000 185.740 3.000
V_172 0.000 613.196 3.000
P_173 0.000 -195.996 2.000
V_174 0.000 613.196 2.000
Y_175 -6.160 -274.939 4.000
I_176 0.000 777.529 4.000
Y_177 -9.978 -274.939 8.000
F_178 0.000 560.542 9.000
N_179 -21.132 -507.047 10.000
T_180 -17.098 -90.974 11.000
W_181 -6.542 -203.500 14.000
T_182 -16.309 -90.974 10.000
T_183 -17.098 -90.974 11.000
C_184 0.000 322.480 13.000
Q_185 -21.132 -643.904 10.000
S_186 -13.255 -90.060 7.000
I_187 0.000 777.529 7.000
A_188 0.000 185.740 3.000
F_189 0.000 560.542 3.000
P_190 0.000 -195.996 6.000
S_191 -15.425 -90.060 9.000
K_192 -17.811 -818.649 12.000
T_193 -17.811 -90.974 12.000
S_194 -17.811 -90.060 12.000
A_195 0.000 185.740 9.000
S_196 -11.867 -90.060 6.000
I_197 0.000 777.529 6.000
G_198 0.000 -27.649 6.000
S_199 -4.441 -90.060 3.000
L_200 0.000 679.918 3.000
C_201 0.000 322.480 7.000
A_202 0.000 185.740 4.000
D_203 -19.866 -475.402 9.000
A_204 0.000 185.740 9.000
R_205 -27.076 -1015.709 11.000
M_206 0.000 401.769 7.000
Y_207 -9.265 -274.939 7.000
G_208 0.000 -27.649 2.000
V_209 0.000 613.196 2.000
L_210 0.000 679.918 1.000
P_211 0.000 -195.996 5.000
W_212 -3.990 -203.500 5.000
N_213 -11.867 -507.047 5.000
A_214 0.000 185.740 5.000
F_215 0.000 560.542 4.000
P_216 0.000 -195.996 3.000
G_217 0.000 -27.649 3.000
K_218 -4.441 -818.649 3.000
V_219 0.000 613.196 3.000
C_220 0.000 322.480 6.000
G_221 0.000 -27.649 7.000
S_222 -13.255 -90.060 7.000
N_223 -16.691 -507.047 7.000
L_224 0.000 679.918 10.000
L_225 0.000 679.918 7.000
S_226 -4.441 -90.060 3.000
I_227 0.000 777.529 6.000
C_228 0.000 322.480 9.000
K_229 -11.867 -818.649 6.000
T_230 -16.309 -90.974 10.000
A_231 0.000 185.740 10.000
E_232 -22.253 -605.239 11.000
F_233 0.000 560.542 8.000
Q_234 -22.253 -643.904 11.000
M_235 0.000 401.769 7.000
T_236 -15.425 -90.974 9.000
F_237 0.000 560.542 5.000
H_238 -7.426 -583.484 5.000
L_239 0.000 679.918 2.000
F_240 0.000 560.542 2.000
I_241 0.000 777.529 0.000
A_242 0.000 185.740 0.000
A_243 0.000 185.740 0.000
F_244 0.000 560.542 0.000
V_245 0.000 613.196 0.000
G_246 0.000 -27.649 0.000
A_247 0.000 185.740 0.000
A_248 0.000 185.740 3.000
A_249 0.000 185.740 3.000
T_250 -4.441 -90.974 3.000
L_251 0.000 679.918 6.000
V_252 0.000 613.196 6.000
S_253 -4.441 -90.060 3.000
L_254 0.000 679.918 6.000
L_255 0.000 679.918 6.000
T_256 -4.441 -90.974 3.000
F_257 0.000 560.542 3.000
M_258 0.000 401.769 3.000
I_259 0.000 777.529 0.000
A_260 0.000 185.740 3.000
A_261 0.000 185.740 5.000
T_262 -15.425 -90.974 9.000
Y_263 -10.601 -274.939 9.000
N_264 -19.866 -507.047 9.000
F_265 0.000 560.542 6.000
A_266 0.000 185.740 4.000
V_267 0.000 613.196 3.000
L_268 0.000 679.918 3.000
K_269 -4.441 -818.649 3.000
L_270 0.000 679.918 3.000
M_271 0.000 401.769 8.000
G_272 0.000 -27.649 5.000
R_273 -21.845 -1015.709 8.000
G_274 0.000 -27.649 11.000
T_275 -17.098 -90.974 11.000
K_276 -11.867 -818.649 6.000
F_277 0.000 560.542 6.000
