M_1 0.000 401.769 7.000
D_2 -16.691 -475.402 7.000
S_3 -17.098 -90.060 11.000
V_4 0.000 613.196 14.000
E_5 -24.169 -605.239 13.000
K_6 -18.462 -818.649 13.000
T_7 -20.609 -90.974 17.000
T_8 -21.060 -90.974 18.000
N_9 -27.773 -507.047 18.000
R_10 -35.072 -1015.709 19.000
S_11 -21.889 -90.060 20.000
E_12 -28.359 -605.239 19.000
Q_13 -27.150 -643.904 17.000
K_14 -21.486 -818.649 19.000
S_15 -21.060 -90.060 18.000
R_16 -30.711 -1015.709 14.000
K_17 -17.098 -818.649 11.000
F_18 0.000 560.542 11.000
L_19 0.000 679.918 9.000
K_20 -11.867 -818.649 6.000
S_21 -11.867 -90.060 6.000
L_22 0.000 679.918 11.000
I_23 0.000 777.529 11.000
R_24 -28.412 -1015.709 12.000
K_25 -17.811 -818.649 12.000
Q_26 -26.485 -643.904 16.000
P_27 0.000 -195.996 15.000
Q_28 -23.258 -643.904 12.000
E_29 -18.409 -605.239 8.000
L_30 0.000 679.918 8.000
L_31 0.000 679.918 4.000
L_32 0.000 679.918 0.000
V_33 0.000 613.196 0.000
I_34 0.000 777.529 3.000
G_35 0.000 -27.649 3.000
T_36 -4.441 -90.974 3.000
G_37 0.000 -27.649 6.000
V_38 0.000 613.196 6.000
S_39 -4.441 -90.060 3.000
A_40 0.000 185.740 3.000
A_41 0.000 185.740 3.000
V_42 0.000 613.196 0.000
A_43 0.000 185.740 0.000
P_44 0.000 -195.996 0.000
G_45 0.000 -27.649 0.000
I_46 0.000 777.529 0.000
P_47 0.000 -195.996 0.000
A_48 0.000 185.740 0.000
L_49 0.000 679.918 3.000
C_50 0.000 322.480 4.000
S_51 -15.425 -90.060 9.000
W_52 -6.160 -203.500 12.000
R_53 -28.412 -1015.709 12.000
S_54 -15.425 -90.060 9.000
C_55 0.000 322.480 12.000
I_56 0.000 777.529 7.000
E_57 -7.878 -605.239 4.000
A_58 0.000 185.740 4.000
V_59 0.000 613.196 8.000
I_60 0.000 777.529 4.000
E_61 -7.878 -605.239 4.000
A_62 0.000 185.740 8.000
A_63 0.000 185.740 12.000
E_64 -18.409 -605.239 8.000
Q_65 -23.258 -643.904 12.000
L_66 0.000 679.918 12.000
E_67 -18.409 -605.239 8.000
V_68 0.000 613.196 6.000
L_69 0.000 679.918 6.000
H_70 -1.718 -583.484 2.000
P_71 0.000 -195.996 6.000
G_72 0.000 -27.649 6.000
D_73 -7.878 -475.402 4.000
V_74 0.000 613.196 8.000
A_75 0.000 185.740 8.000
E_76 -19.866 -605.239 9.000
F_77 0.000 560.542 14.000
R_78 -33.508 -1015.709 17.000
R_79 -29.616 -1015.709 13.000
K_80 -20.127 -818.649 16.000
V_81 0.000 613.196 14.000
T_82 -18.462 -90.974 13.000
K_83 -19.613 -818.649 15.000
D_84 -28.359 -475.402 19.000
R_85 -32.645 -1015.709 16.000
D_86 -24.169 -475.402 13.000
L_87 0.000 679.918 9.000
L_88 0.000 679.918 4.000
V_89 0.000 613.196 0.000
V_90 0.000 613.196 2.000
A_91 0.000 185.740 6.000
H_92 -8.431 -583.484 6.000
D_93 -14.591 -475.402 6.000
L_94 0.000 679.918 11.000
I_95 0.000 777.529 12.000
R_96 -21.845 -1015.709 8.000
K_97 -17.098 -818.649 11.000
M_98 0.000 401.769 11.000
S_99 -17.098 -90.060 11.000
P_100 0.000 -195.996 11.000
R_101 -27.076 -1015.709 11.000
T_102 -17.811 -90.974 12.000
G_103 0.000 -27.649 12.000
D_104 -21.132 -475.402 10.000
A_105 0.000 185.740 7.000
K_106 -16.309 -818.649 10.000
P_107 0.000 -195.996 6.000
S_108 -11.867 -90.060 6.000
F_109 0.000 560.542 7.000
F_110 0.000 560.542 11.000
Q_111 -18.409 -643.904 8.000
D_112 -18.409 -475.402 8.000
C_113 0.000 322.480 8.000
L_114 0.000 679.918 8.000
M_115 0.000 401.769 4.000
E_116 -7.878 -605.239 4.000
V_117 0.000 613.196 8.000
F_118 0.000 560.542 12.000
D_119 -18.409 -475.402 8.000
D_120 -23.258 -475.402 12.000
L_121 0.000 679.918 16.000
E_122 -25.003 -605.239 14.000
Q_123 -21.132 -643.904 10.000
H_124 -13.255 -583.484 15.000
I_125 0.000 777.529 14.000
R_126 -25.574 -1015.709 10.000
S_127 -14.420 -90.060 8.000
P_128 0.000 -195.996 8.000
V_129 0.000 613.196 3.000
V_130 0.000 613.196 4.000
L_131 0.000 679.918 7.000
Q_132 -16.691 -643.904 7.000
S_133 -13.255 -90.060 7.000
I_134 0.000 777.529 10.000
L_135 0.000 679.918 6.000
S_136 -4.441 -90.060 3.000
L_137 0.000 679.918 7.000
M_138 0.000 401.769 12.000
D_139 -19.866 -475.402 9.000
R_140 -23.856 -1015.709 9.000
G_141 0.000 -27.649 9.000
A_142 0.000 185.740 5.000
M_143 0.000 401.769 0.000
V_144 0.000 613.196 3.000
L_145 0.000 679.918 6.000
T_146 -16.309 -90.974 10.000
T_147 -17.811 -90.974 12.000
N_148 -26.485 -507.047 16.000
Y_149 -13.896 -274.939 17.000
D_150 -25.003 -475.402 14.000
N_151 -21.132 -507.047 10.000
L_152 0.000 679.918 12.000
L_153 0.000 679.918 8.000
E_154 -7.878 -605.239 4.000
A_155 0.000 185.740 4.000
F_156 0.000 560.542 9.000
G_157 0.000 -27.649 10.000
R_158 -30.711 -1015.709 14.000
R_159 -34.315 -1015.709 18.000
Q_160 -29.436 -643.904 21.000
N_161 -26.485 -507.047 16.000
K_162 -17.098 -818.649 11.000
P_163 0.000 -195.996 11.000
M_164 0.000 401.769 10.000
E_165 -16.691 -605.239 7.000
S_166 -17.098 -90.060 11.000
L_167 0.000 679.918 11.000
D_168 -21.132 -475.402 10.000
L_169 0.000 679.918 11.000
K_170 -19.059 -818.649 14.000
D_171 -24.169 -475.402 13.000
K_172 -20.127 -818.649 16.000
T_173 -18.462 -90.974 13.000
K_174 -15.425 -818.649 9.000
V_175 0.000 613.196 10.000
L_176 0.000 679.918 8.000
E_177 -11.867 -605.239 5.000
W_178 -5.708 -203.500 10.000
A_179 0.000 185.740 10.000
R_180 -21.845 -1015.709 8.000
G_181 0.000 -27.649 7.000
H_182 -11.154 -583.484 10.000
M_183 0.000 401.769 7.000
K_184 -13.255 -818.649 7.000
Y_185 -7.426 -274.939 5.000
G_186 0.000 -27.649 5.000
V_187 0.000 613.196 4.000
L_188 0.000 679.918 2.000
H_189 -6.160 -583.484 4.000
I_190 0.000 777.529 4.000
H_191 -6.160 -583.484 4.000
G_192 0.000 -27.649 4.000
L_193 0.000 679.918 7.000
Y_194 -10.601 -274.939 9.000
T_195 -15.425 -90.974 9.000
D_196 -19.866 -475.402 9.000
P_197 0.000 -195.996 7.000
C_198 0.000 322.480 4.000
G_199 0.000 -27.649 0.000
V_200 0.000 613.196 0.000
V_201 0.000 613.196 4.000
L_202 0.000 679.918 4.000
D_203 -16.691 -475.402 7.000
P_204 0.000 -195.996 7.000
S_205 -15.425 -90.060 9.000
G_206 0.000 -27.649 8.000
Y_207 -12.104 -274.939 12.000
K_208 -15.425 -818.649 9.000
D_209 -23.258 -475.402 12.000
V_210 0.000 613.196 14.000
T_211 -19.613 -90.974 15.000
Q_212 -22.253 -643.904 11.000
D_213 -25.772 -475.402 15.000
A_214 0.000 185.740 12.000
E_215 -18.409 -605.239 8.000
V_216 0.000 613.196 8.000
M_217 0.000 401.769 8.000
E_218 -7.878 -605.239 4.000
V_219 0.000 613.196 8.000
L_220 0.000 679.918 12.000
Q_221 -18.409 -643.904 8.000
N_222 -21.132 -507.047 10.000
L_223 0.000 679.918 15.000
Y_224 -12.900 -274.939 14.000
R_225 -29.616 -1015.709 13.000
T_226 -20.127 -90.974 16.000
K_227 -19.059 -818.649 14.000
S_228 -15.425 -90.060 9.000
F_229 0.000 560.542 6.000
L_230 0.000 679.918 3.000
F_231 0.000 560.542 0.000
V_232 0.000 613.196 0.000
G_233 0.000 -27.649 0.000
C_234 0.000 322.480 4.000
G_235 0.000 -27.649 7.000
E_236 -16.691 -605.239 7.000
T_237 -17.811 -90.974 12.000
L_238 0.000 679.918 16.000
R_239 -32.645 -1015.709 16.000
D_240 -24.169 -475.402 13.000
Q_241 -24.169 -643.904 13.000
I_242 0.000 777.529 12.000
F_243 0.000 560.542 8.000
Q_244 -7.878 -643.904 4.000
A_245 0.000 185.740 4.000
L_246 0.000 679.918 4.000
F_247 0.000 560.542 2.000
L_248 0.000 679.918 5.000
Y_249 -7.426 -274.939 5.000
S_250 -10.149 -90.060 5.000
V_251 0.000 613.196 9.000
P_252 0.000 -195.996 10.000
N_253 -16.691 -507.047 7.000
K_254 -17.098 -818.649 11.000
V_255 0.000 613.196 11.000
D_256 -22.253 -475.402 11.000
L_257 0.000 679.918 10.000
E_258 -23.258 -605.239 12.000
H_259 -9.978 -583.484 8.000
Y_260 -9.978 -274.939 8.000
M_261 0.000 401.769 4.000
L_262 0.000 679.918 2.000
V_263 0.000 613.196 3.000
L_264 0.000 679.918 7.000
K_265 -17.098 -818.649 11.000
E_266 -25.772 -605.239 15.000
N_267 -28.359 -507.047 19.000
E_268 -27.773 -605.239 18.000
D_269 -25.003 -475.402 14.000
H_270 -11.154 -583.484 10.000
F_271 0.000 560.542 9.000
F_272 0.000 560.542 7.000
K_273 -15.425 -818.649 9.000
H_274 -10.601 -583.484 9.000
Q_275 -24.169 -643.904 13.000
A_276 0.000 185.740 10.000
D_277 -18.409 -475.402 8.000
M_278 0.000 401.769 4.000
L_279 0.000 679.918 6.000
L_280 0.000 679.918 2.000
H_281 -1.718 -583.484 2.000
G_282 0.000 -27.649 5.000
I_283 0.000 777.529 5.000
K_284 -4.441 -818.649 3.000
V_285 0.000 613.196 6.000
V_286 0.000 613.196 8.000
S_287 -10.149 -90.060 5.000
Y_288 -10.601 -274.939 9.000
G_289 0.000 -27.649 9.000
D_290 -14.591 -475.402 6.000
C_291 0.000 322.480 8.000
F_292 0.000 560.542 10.000
D_293 -14.591 -475.402 6.000
H_294 -8.431 -583.484 6.000
F_295 0.000 560.542 6.000
P_296 0.000 -195.996 4.000
G_297 0.000 -27.649 2.000
Y_298 -8.431 -274.939 6.000
V_299 0.000 613.196 10.000
Q_300 -21.132 -643.904 10.000
D_301 -18.409 -475.402 8.000
L_302 0.000 679.918 11.000
A_303 0.000 185.740 11.000
T_304 -13.255 -90.974 7.000
Q_305 -16.691 -643.904 7.000
I_306 0.000 777.529 10.000
C_307 0.000 322.480 11.000
K_308 -17.098 -818.649 11.000
Q_309 -25.003 -643.904 14.000
Q_310 -25.003 -643.904 14.000
S_311 -19.613 -90.060 15.000
P_312 0.000 -195.996 11.000
D_313 -22.253 -475.402 11.000
A_314 0.000 185.740 13.000
D_315 -24.169 -475.402 13.000
R_316 -29.616 -1015.709 13.000
V_317 0.000 613.196 16.000
D_318 -25.772 -475.402 15.000
S_319 -18.462 -90.060 13.000
T_320 -18.462 -90.974 13.000
T_321 -15.425 -90.974 9.000
L_322 0.000 679.918 6.000
L_323 0.000 679.918 7.000
G_324 0.000 -27.649 4.000
N_325 -7.878 -507.047 4.000
A_326 0.000 185.740 8.000
C_327 0.000 322.480 12.000
Q_328 -18.409 -643.904 8.000
D_329 -18.409 -475.402 8.000
C_330 0.000 322.480 11.000
A_331 0.000 185.740 12.000
K_332 -17.098 -818.649 11.000
R_333 -27.076 -1015.709 11.000
K_334 -19.613 -818.649 15.000
L_335 0.000 679.918 16.000
E_336 -25.772 -605.239 15.000
E_337 -23.258 -605.239 12.000
N_338 -23.258 -507.047 12.000
G_339 0.000 -27.649 12.000
I_340 0.000 777.529 8.000
E_341 -16.691 -605.239 7.000
V_342 0.000 613.196 10.000
S_343 -18.462 -90.060 13.000
K_344 -19.059 -818.649 14.000
K_345 -20.609 -818.649 17.000
R_346 -34.315 -1015.709 18.000
T_347 -21.060 -90.974 18.000
Q_348 -28.359 -643.904 19.000
S_349 -20.609 -90.060 17.000
D_350 -27.773 -475.402 18.000
T_351 -21.060 -90.974 18.000
D_352 -25.772 -475.402 15.000
D_353 -22.253 -475.402 11.000
A_354 0.000 185.740 8.000
G_355 0.000 -27.649 7.000
G_356 0.000 -27.649 3.000
S_357 -4.441 -90.060 3.000
