M_1 0.000 401.769 3.000
G_2 0.000 -27.649 7.000
S_3 -15.425 -90.060 9.000
Q_4 -23.258 -643.904 12.000
H_5 -12.104 -583.484 12.000
S_6 -15.425 -90.060 9.000
A_7 0.000 185.740 5.000
A_8 0.000 185.740 8.000
A_9 0.000 185.740 5.000
R_10 -21.845 -1015.709 8.000
P_11 0.000 -195.996 11.000
S_12 -17.098 -90.060 11.000
S_13 -17.098 -90.060 11.000
C_14 0.000 322.480 16.000
R_15 -32.645 -1015.709 16.000
R_16 -33.508 -1015.709 17.000
K_17 -22.271 -818.649 21.000
Q_18 -28.912 -643.904 20.000
E_19 -28.359 -605.239 19.000
D_20 -29.436 -475.402 21.000
D_21 -29.436 -475.402 21.000
R_22 -33.508 -1015.709 17.000
D_23 -24.169 -475.402 13.000
G_24 0.000 -27.649 9.000
L_25 0.000 679.918 4.000
L_26 0.000 679.918 4.000
A_27 0.000 185.740 9.000
E_28 -24.169 -605.239 13.000
R_29 -33.508 -1015.709 17.000
E_30 -29.436 -605.239 21.000
Q_31 -29.436 -643.904 21.000
E_32 -26.485 -605.239 16.000
E_33 -23.258 -605.239 12.000
A_34 0.000 185.740 8.000
I_35 0.000 777.529 8.000
A_36 0.000 185.740 4.000
Q_37 -7.878 -643.904 4.000
F_38 0.000 560.542 6.000
P_39 0.000 -195.996 6.000
Y_40 -8.431 -274.939 6.000
V_41 0.000 613.196 6.000
E_42 -19.866 -605.239 9.000
F_43 0.000 560.542 7.000
T_44 -17.811 -90.974 12.000
G_45 0.000 -27.649 12.000
R_46 -31.716 -1015.709 15.000
D_47 -23.258 -475.402 12.000
S_48 -19.613 -90.060 15.000
I_49 0.000 777.529 10.000
T_50 -11.867 -90.974 6.000
C_51 0.000 322.480 6.000
L_52 0.000 679.918 6.000
T_53 -13.255 -90.974 7.000
C_54 0.000 322.480 7.000
Q_55 -21.132 -643.904 10.000
G_56 0.000 -27.649 7.000
T_57 -15.425 -90.974 9.000
G_58 0.000 -27.649 5.000
Y_59 -7.426 -274.939 5.000
I_60 0.000 777.529 5.000
P_61 0.000 -195.996 9.000
T_62 -17.098 -90.974 11.000
E_63 -22.253 -605.239 11.000
Q_64 -25.772 -643.904 15.000
V_65 0.000 613.196 16.000
N_66 -23.258 -507.047 12.000
E_67 -18.409 -605.239 8.000
L_68 0.000 679.918 8.000
V_69 0.000 613.196 4.000
A_70 0.000 185.740 0.000
L_71 0.000 679.918 0.000
I_72 0.000 777.529 2.000
P_73 0.000 -195.996 5.000
H_74 -10.601 -583.484 9.000
S_75 -18.462 -90.060 13.000
D_76 -27.773 -475.402 18.000
Q_77 -26.485 -643.904 16.000
R_78 -34.315 -1015.709 18.000
L_79 0.000 679.918 14.000
R_80 -30.711 -1015.709 14.000
P_81 0.000 -195.996 14.000
Q_82 -27.150 -643.904 17.000
R_83 -31.716 -1015.709 15.000
T_84 -21.486 -90.974 19.000
K_85 -20.609 -818.649 17.000
Q_86 -23.258 -643.904 12.000
Y_87 -10.601 -274.939 9.000
V_88 0.000 613.196 6.000
L_89 0.000 679.918 5.000
L_90 0.000 679.918 3.000
S_91 -4.441 -90.060 3.000
I_92 0.000 777.529 3.000
L_93 0.000 679.918 3.000
L_94 0.000 679.918 0.000
C_95 0.000 322.480 0.000
L_96 0.000 679.918 0.000
L_97 0.000 679.918 3.000
A_98 0.000 185.740 3.000
S_99 -4.441 -90.060 3.000
G_100 0.000 -27.649 3.000
L_101 0.000 679.918 3.000
V_102 0.000 613.196 0.000
V_103 0.000 613.196 0.000
F_104 0.000 560.542 0.000
F_105 0.000 560.542 0.000
L_106 0.000 679.918 0.000
F_107 0.000 560.542 2.000
P_108 0.000 -195.996 5.000
H_109 -7.426 -583.484 5.000
S_110 -10.149 -90.060 5.000
V_111 0.000 613.196 5.000
L_112 0.000 679.918 7.000
V_113 0.000 613.196 8.000
D_114 -23.258 -475.402 12.000
D_115 -23.258 -475.402 12.000
D_116 -23.258 -475.402 12.000
G_117 0.000 -27.649 11.000
I_118 0.000 777.529 7.000
K_119 -4.441 -818.649 3.000
V_120 0.000 613.196 6.000
V_121 0.000 613.196 6.000
K_122 -11.867 -818.649 6.000
V_123 0.000 613.196 6.000
T_124 -16.309 -90.974 10.000
F_125 0.000 560.542 10.000
N_126 -25.003 -507.047 14.000
K_127 -19.613 -818.649 15.000
Q_128 -27.773 -643.904 18.000
D_129 -25.003 -475.402 14.000
S_130 -17.098 -90.060 11.000
L_131 0.000 679.918 7.000
V_132 0.000 613.196 3.000
I_133 0.000 777.529 3.000
L_134 0.000 679.918 3.000
T_135 -4.441 -90.974 3.000
I_136 0.000 777.529 3.000
M_137 0.000 401.769 6.000
A_138 0.000 185.740 3.000
T_139 -11.867 -90.974 6.000
L_140 0.000 679.918 6.000
K_141 -17.098 -818.649 11.000
I_142 0.000 777.529 12.000
R_143 -31.716 -1015.709 15.000
N_144 -26.485 -507.047 16.000
S_145 -20.127 -90.060 16.000
N_146 -24.169 -507.047 13.000
F_147 0.000 560.542 12.000
Y_148 -10.601 -274.939 9.000
T_149 -10.149 -90.974 5.000
V_150 0.000 613.196 5.000
A_151 0.000 185.740 6.000
V_152 0.000 613.196 6.000
T_153 -11.867 -90.974 6.000
S_154 -15.425 -90.060 9.000
L_155 0.000 679.918 12.000
S_156 -18.462 -90.060 13.000
S_157 -16.309 -90.060 10.000
Q_158 -25.003 -643.904 14.000
I_159 0.000 777.529 13.000
Q_160 -21.132 -643.904 10.000
Y_161 -11.154 -274.939 10.000
M_162 0.000 401.769 13.000
N_163 -19.866 -507.047 9.000
T_164 -13.255 -90.974 7.000
V_165 0.000 613.196 10.000
V_166 0.000 613.196 9.000
S_167 -14.420 -90.060 8.000
T_168 -14.420 -90.974 8.000
Y_169 -11.652 -274.939 11.000
V_170 0.000 613.196 11.000
T_171 -17.811 -90.974 12.000
T_172 -16.309 -90.974 10.000
N_173 -24.169 -507.047 13.000
V_174 0.000 613.196 10.000
S_175 -13.255 -90.060 7.000
L_176 0.000 679.918 3.000
I_177 0.000 777.529 3.000
P_178 0.000 -195.996 5.000
P_179 0.000 -195.996 8.000
R_180 -28.412 -1015.709 12.000
S_181 -20.127 -90.060 16.000
E_182 -26.485 -605.239 16.000
Q_183 -22.253 -643.904 11.000
L_184 0.000 679.918 12.000
V_185 0.000 613.196 8.000
N_186 -16.691 -507.047 7.000
F_187 0.000 560.542 7.000
T_188 -16.309 -90.974 10.000
G_189 0.000 -27.649 6.000
K_190 -16.309 -818.649 10.000
A_191 0.000 185.740 7.000
E_192 -16.691 -605.239 7.000
M_193 0.000 401.769 4.000
G_194 0.000 -27.649 4.000
G_195 0.000 -27.649 0.000
P_196 0.000 -195.996 3.000
F_197 0.000 560.542 5.000
S_198 -10.149 -90.060 5.000
Y_199 -9.265 -274.939 7.000
V_200 0.000 613.196 7.000
Y_201 -6.160 -274.939 4.000
F_202 0.000 560.542 2.000
F_203 0.000 560.542 5.000
C_204 0.000 322.480 3.000
T_205 -4.441 -90.974 3.000
V_206 0.000 613.196 7.000
P_207 0.000 -195.996 7.000
E_208 -7.878 -605.239 4.000
I_209 0.000 777.529 4.000
L_210 0.000 679.918 6.000
V_211 0.000 613.196 6.000
H_212 -8.431 -583.484 6.000
N_213 -14.591 -507.047 6.000
I_214 0.000 777.529 6.000
V_215 0.000 613.196 4.000
I_216 0.000 777.529 0.000
F_217 0.000 560.542 5.000
M_218 0.000 401.769 8.000
R_219 -27.076 -1015.709 11.000
T_220 -17.098 -90.974 11.000
S_221 -19.059 -90.060 14.000
V_222 0.000 613.196 9.000
K_223 -15.425 -818.649 9.000
I_224 0.000 777.529 8.000
S_225 -14.420 -90.060 8.000
Y_226 -7.426 -274.939 5.000
I_227 0.000 777.529 5.000
G_228 0.000 -27.649 2.000
L_229 0.000 679.918 3.000
M_230 0.000 401.769 7.000
T_231 -16.309 -90.974 10.000
Q_232 -24.169 -643.904 13.000
S_233 -18.462 -90.060 13.000
S_234 -19.059 -90.060 14.000
L_235 0.000 679.918 13.000
E_236 -23.258 -605.239 12.000
T_237 -17.098 -90.974 11.000
H_238 -12.518 -583.484 13.000
H_239 -10.601 -583.484 9.000
Y_240 -11.154 -274.939 10.000
V_241 0.000 613.196 8.000
D_242 -14.591 -475.402 6.000
C_243 0.000 322.480 4.000
G_244 0.000 -27.649 8.000
G_245 0.000 -27.649 7.000
N_246 -21.132 -507.047 10.000
S_247 -16.309 -90.060 10.000
T_248 -16.309 -90.974 10.000
A_249 0.000 185.740 6.000
I_250 0.000 777.529 3.000
