M_1 0.000 401.769 0.000
G_2 0.000 -27.649 0.000
L_3 0.000 679.918 1.000
A_4 0.000 185.740 1.000
W_5 -0.000 -203.500 1.000
G_6 0.000 -27.649 1.000
L_7 0.000 679.918 1.000
G_8 0.000 -27.649 0.000
V_9 0.000 613.196 0.000
L_10 0.000 679.918 0.000
F_11 0.000 560.542 0.000
L_12 0.000 679.918 2.000
M_13 0.000 401.769 2.000
H_14 -1.718 -583.484 2.000
V_15 0.000 613.196 2.000
C_16 0.000 322.480 5.000
G_17 0.000 -27.649 7.000
T_18 -17.811 -90.974 12.000
N_19 -23.258 -507.047 12.000
R_20 -28.412 -1015.709 12.000
I_21 0.000 777.529 13.000
P_22 0.000 -195.996 12.000
E_23 -16.691 -605.239 7.000
S_24 -13.255 -90.060 7.000
G_25 0.000 -27.649 11.000
G_26 0.000 -27.649 11.000
D_27 -22.253 -475.402 11.000
N_28 -22.253 -507.047 11.000
S_29 -17.098 -90.060 11.000
V_30 0.000 613.196 11.000
F_31 0.000 560.542 7.000
D_32 -7.878 -475.402 4.000
I_33 0.000 777.529 8.000
F_34 0.000 560.542 8.000
E_35 -16.691 -605.239 7.000
L_36 0.000 679.918 7.000
T_37 -13.255 -90.974 7.000
G_38 0.000 -27.649 3.000
A_39 0.000 185.740 8.000
A_40 0.000 185.740 8.000
R_41 -21.845 -1015.709 8.000
K_42 -17.098 -818.649 11.000
G_43 0.000 -27.649 11.000
S_44 -17.098 -90.060 11.000
G_45 0.000 -27.649 13.000
R_46 -29.616 -1015.709 13.000
R_47 -25.574 -1015.709 10.000
L_48 0.000 679.918 13.000
V_49 0.000 613.196 8.000
K_50 -4.441 -818.649 3.000
G_51 0.000 -27.649 7.000
P_52 0.000 -195.996 7.000
D_53 -16.691 -475.402 7.000
P_54 0.000 -195.996 10.000
S_55 -16.309 -90.060 10.000
S_56 -11.867 -90.060 6.000
P_57 0.000 -195.996 6.000
A_58 0.000 185.740 8.000
F_59 0.000 560.542 5.000
R_60 -23.856 -1015.709 9.000
I_61 0.000 777.529 13.000
E_62 -24.169 -605.239 13.000
D_63 -23.258 -475.402 12.000
A_64 0.000 185.740 12.000
N_65 -18.409 -507.047 8.000
L_66 0.000 679.918 4.000
I_67 0.000 777.529 4.000
P_68 0.000 -195.996 0.000
P_69 0.000 -195.996 0.000
V_70 0.000 613.196 4.000
P_71 0.000 -195.996 8.000
D_72 -22.253 -475.402 11.000
D_73 -22.253 -475.402 11.000
K_74 -19.613 -818.649 15.000
F_75 0.000 560.542 15.000
Q_76 -22.253 -643.904 11.000
D_77 -18.409 -475.402 8.000
L_78 0.000 679.918 12.000
V_79 0.000 613.196 8.000
D_80 -7.878 -475.402 4.000
A_81 0.000 185.740 9.000
V_82 0.000 613.196 9.000
R_83 -23.856 -1015.709 9.000
A_84 0.000 185.740 12.000
E_85 -23.258 -605.239 12.000
K_86 -13.255 -818.649 7.000
G_87 0.000 -27.649 7.000
F_88 0.000 560.542 3.000
L_89 0.000 679.918 0.000
L_90 0.000 679.918 0.000
L_91 0.000 679.918 3.000
A_92 0.000 185.740 3.000
S_93 -14.420 -90.060 8.000
L_94 0.000 679.918 12.000
R_95 -28.412 -1015.709 12.000
Q_96 -23.258 -643.904 12.000
M_97 0.000 401.769 15.000
K_98 -18.462 -818.649 13.000
K_99 -19.059 -818.649 14.000
T_100 -19.059 -90.974 14.000
R_101 -30.711 -1015.709 14.000
G_102 0.000 -27.649 11.000
T_103 -14.420 -90.974 8.000
L_104 0.000 679.918 3.000
L_105 0.000 679.918 3.000
A_106 0.000 185.740 4.000
L_107 0.000 679.918 9.000
E_108 -23.258 -605.239 12.000
R_109 -32.645 -1015.709 16.000
K_110 -21.060 -818.649 18.000
D_111 -27.150 -475.402 17.000
H_112 -12.104 -583.484 12.000
S_113 -18.462 -90.060 13.000
G_114 0.000 -27.649 9.000
Q_115 -16.691 -643.904 7.000
V_116 0.000 613.196 7.000
F_117 0.000 560.542 7.000
S_118 -4.441 -90.060 3.000
V_119 0.000 613.196 6.000
V_120 0.000 613.196 10.000
S_121 -13.255 -90.060 7.000
N_122 -21.132 -507.047 10.000
G_123 0.000 -27.649 10.000
K_124 -13.255 -818.649 7.000
A_125 0.000 185.740 6.000
G_126 0.000 -27.649 6.000
T_127 -13.255 -90.974 7.000
L_128 0.000 679.918 7.000
D_129 -21.132 -475.402 10.000
L_130 0.000 679.918 7.000
S_131 -16.309 -90.060 10.000
L_132 0.000 679.918 6.000
T_133 -16.309 -90.974 10.000
V_134 0.000 613.196 7.000
Q_135 -21.132 -643.904 10.000
G_136 0.000 -27.649 11.000
K_137 -18.462 -818.649 13.000
Q_138 -19.866 -643.904 9.000
H_139 -10.601 -583.484 9.000
V_140 0.000 613.196 9.000
V_141 0.000 613.196 5.000
S_142 -13.255 -90.060 7.000
V_143 0.000 613.196 11.000
E_144 -22.253 -605.239 11.000
E_145 -18.409 -605.239 8.000
A_146 0.000 185.740 8.000
L_147 0.000 679.918 4.000
L_148 0.000 679.918 3.000
A_149 0.000 185.740 3.000
T_150 -13.255 -90.974 7.000
G_151 0.000 -27.649 8.000
Q_152 -22.253 -643.904 11.000
W_153 -5.944 -203.500 11.000
K_154 -17.098 -818.649 11.000
S_155 -16.309 -90.060 10.000
I_156 0.000 777.529 9.000
T_157 -11.867 -90.974 6.000
L_158 0.000 679.918 3.000
F_159 0.000 560.542 7.000
V_160 0.000 613.196 8.000
Q_161 -23.258 -643.904 12.000
E_162 -27.150 -605.239 17.000
D_163 -27.150 -475.402 17.000
R_164 -33.508 -1015.709 17.000
A_165 0.000 185.740 13.000
Q_166 -22.253 -643.904 11.000
L_167 0.000 679.918 6.000
Y_168 -11.154 -274.939 10.000
I_169 0.000 777.529 6.000
D_170 -21.132 -475.402 10.000
C_171 0.000 322.480 11.000
E_172 -22.253 -605.239 11.000
K_173 -17.098 -818.649 11.000
M_174 0.000 401.769 15.000
E_175 -22.253 -605.239 11.000
N_176 -23.258 -507.047 12.000
A_177 0.000 185.740 12.000
E_178 -23.258 -605.239 12.000
L_179 0.000 679.918 8.000
D_180 -18.409 -475.402 8.000
V_181 0.000 613.196 4.000
P_182 0.000 -195.996 8.000
I_183 0.000 777.529 7.000
Q_184 -16.691 -643.904 7.000
S_185 -13.255 -90.060 7.000
V_186 0.000 613.196 10.000
F_187 0.000 560.542 11.000
T_188 -17.811 -90.974 12.000
R_189 -28.412 -1015.709 12.000
D_190 -23.258 -475.402 12.000
L_191 0.000 679.918 12.000
A_192 0.000 185.740 7.000
S_193 -4.441 -90.060 3.000
I_194 0.000 777.529 8.000
A_195 0.000 185.740 8.000
R_196 -25.574 -1015.709 10.000
L_197 0.000 679.918 10.000
R_198 -25.574 -1015.709 10.000
I_199 0.000 777.529 8.000
A_200 0.000 185.740 8.000
K_201 -4.441 -818.649 3.000
G_202 0.000 -27.649 3.000
G_203 0.000 -27.649 7.000
V_204 0.000 613.196 8.000
N_205 -23.258 -507.047 12.000
D_206 -23.258 -475.402 12.000
N_207 -26.485 -507.047 16.000
F_208 0.000 560.542 12.000
Q_209 -18.409 -643.904 8.000
G_210 0.000 -27.649 4.000
V_211 0.000 613.196 8.000
L_212 0.000 679.918 8.000
Q_213 -18.409 -643.904 8.000
N_214 -24.169 -507.047 13.000
V_215 0.000 613.196 13.000
R_216 -23.856 -1015.709 9.000
F_217 0.000 560.542 5.000
V_218 0.000 613.196 5.000
F_219 0.000 560.542 3.000
G_220 0.000 -27.649 6.000
T_221 -11.867 -90.974 6.000
T_222 -16.309 -90.974 10.000
P_223 0.000 -195.996 14.000
E_224 -22.253 -605.239 11.000
D_225 -18.409 -475.402 8.000
I_226 0.000 777.529 13.000
L_227 0.000 679.918 13.000
R_228 -28.412 -1015.709 12.000
N_229 -23.258 -507.047 12.000
K_230 -17.811 -818.649 12.000
G_231 0.000 -27.649 10.000
C_232 0.000 322.480 9.000
S_233 -15.425 -90.060 9.000
S_234 -17.811 -90.060 12.000
S_235 -19.613 -90.060 15.000
T_236 -17.811 -90.974 12.000
S_237 -15.425 -90.060 9.000
V_238 0.000 613.196 6.000
L_239 0.000 679.918 6.000
L_240 0.000 679.918 3.000
T_241 -13.255 -90.974 7.000
L_242 0.000 679.918 11.000
D_243 -25.772 -475.402 15.000
N_244 -23.258 -507.047 12.000
N_245 -23.258 -507.047 12.000
V_246 0.000 613.196 12.000
V_247 0.000 613.196 8.000
N_248 -16.691 -507.047 7.000
G_249 0.000 -27.649 10.000
S_250 -16.309 -90.060 10.000
S_251 -11.867 -90.060 6.000
P_252 0.000 -195.996 6.000
A_253 0.000 185.740 8.000
I_254 0.000 777.529 8.000
R_255 -28.412 -1015.709 12.000
T_256 -19.059 -90.974 14.000
N_257 -25.003 -507.047 14.000
Y_258 -10.601 -274.939 9.000
I_259 0.000 777.529 8.000
G_260 0.000 -27.649 7.000
H_261 -9.978 -583.484 8.000
K_262 -17.098 -818.649 11.000
T_263 -19.613 -90.974 15.000
K_264 -18.462 -818.649 13.000
D_265 -25.003 -475.402 14.000
L_266 0.000 679.918 11.000
Q_267 -18.409 -643.904 8.000
A_268 0.000 185.740 4.000
I_269 0.000 777.529 4.000
C_270 0.000 322.480 0.000
G_271 0.000 -27.649 3.000
I_272 0.000 777.529 3.000
S_273 -13.255 -90.060 7.000
C_274 0.000 322.480 11.000
D_275 -22.253 -475.402 11.000
E_276 -22.253 -605.239 11.000
L_277 0.000 679.918 14.000
S_278 -16.309 -90.060 10.000
S_279 -11.867 -90.060 6.000
M_280 0.000 401.769 6.000
V_281 0.000 613.196 7.000
L_282 0.000 679.918 4.000
E_283 -19.866 -605.239 9.000
L_284 0.000 679.918 9.000
R_285 -23.856 -1015.709 9.000
G_286 0.000 -27.649 10.000
L_287 0.000 679.918 13.000
R_288 -21.845 -1015.709 8.000
T_289 -14.420 -90.974 8.000
I_290 0.000 777.529 11.000
V_291 0.000 613.196 9.000
T_292 -11.867 -90.974 6.000
T_293 -16.309 -90.974 10.000
L_294 0.000 679.918 14.000
Q_295 -25.003 -643.904 14.000
D_296 -22.253 -475.402 11.000
S_297 -20.127 -90.060 16.000
I_298 0.000 777.529 15.000
R_299 -27.076 -1015.709 11.000
K_300 -17.098 -818.649 11.000
V_301 0.000 613.196 15.000
T_302 -19.059 -90.974 14.000
E_303 -25.772 -605.239 15.000
E_304 -27.773 -605.239 18.000
N_305 -28.359 -507.047 19.000
K_306 -19.613 -818.649 15.000
E_307 -22.253 -605.239 11.000
L_308 0.000 679.918 11.000
A_309 0.000 185.740 12.000
N_310 -18.409 -507.047 8.000
E_311 -24.169 -605.239 13.000
L_312 0.000 679.918 18.000
R_313 -30.711 -1015.709 14.000
R_314 -25.574 -1015.709 10.000
P_315 0.000 -195.996 10.000
P_316 0.000 -195.996 5.000
L_317 0.000 679.918 2.000
C_318 0.000 322.480 4.000
Y_319 -9.978 -274.939 8.000
H_320 -9.978 -583.484 8.000
N_321 -18.409 -507.047 8.000
G_322 0.000 -27.649 10.000
V_323 0.000 613.196 10.000
Q_324 -22.253 -643.904 11.000
Y_325 -13.255 -274.939 15.000
R_326 -35.072 -1015.709 19.000
N_327 -28.359 -507.047 19.000
N_328 -29.436 -507.047 21.000
E_329 -27.150 -605.239 17.000
E_330 -26.485 -605.239 16.000
W_331 -6.160 -203.500 12.000
T_332 -17.811 -90.974 12.000
V_333 0.000 613.196 11.000
D_334 -21.132 -475.402 10.000
S_335 -16.309 -90.060 10.000
C_336 0.000 322.480 14.000
T_337 -16.309 -90.974 10.000
E_338 -19.866 -605.239 9.000
C_339 0.000 322.480 9.000
H_340 -11.154 -583.484 10.000
C_341 0.000 322.480 10.000
Q_342 -24.169 -643.904 13.000
N_343 -22.253 -507.047 11.000
S_344 -19.059 -90.060 14.000
V_345 0.000 613.196 10.000
T_346 -11.867 -90.974 6.000
I_347 0.000 777.529 6.000
C_348 0.000 322.480 9.000
K_349 -11.867 -818.649 6.000
K_350 -15.425 -818.649 9.000
V_351 0.000 613.196 9.000
S_352 -11.867 -90.060 6.000
C_353 0.000 322.480 3.000
P_354 0.000 -195.996 3.000
I_355 0.000 777.529 0.000
M_356 0.000 401.769 0.000
P_357 0.000 -195.996 3.000
C_358 0.000 322.480 7.000
S_359 -13.255 -90.060 7.000
N_360 -21.132 -507.047 10.000
A_361 0.000 185.740 10.000
T_362 -13.255 -90.974 7.000
V_363 0.000 613.196 7.000
P_364 0.000 -195.996 7.000
D_365 -18.409 -475.402 8.000
G_366 0.000 -27.649 8.000
E_367 -18.409 -605.239 8.000
C_368 0.000 322.480 4.000
C_369 0.000 322.480 9.000
P_370 0.000 -195.996 5.000
R_371 -16.309 -1015.709 6.000
C_372 0.000 322.480 6.000
W_373 -5.447 -203.500 9.000
P_374 0.000 -195.996 8.000
S_375 -17.098 -90.060 11.000
D_376 -21.132 -475.402 10.000
S_377 -19.059 -90.060 14.000
A_378 0.000 185.740 15.000
D_379 -22.253 -475.402 11.000
D_380 -19.866 -475.402 9.000
G_381 0.000 -27.649 12.000
W_382 -5.155 -203.500 8.000
S_383 -10.149 -90.060 5.000
P_384 0.000 -195.996 8.000
W_385 -5.944 -203.500 11.000
S_386 -15.425 -90.060 9.000
E_387 -23.258 -605.239 12.000
W_388 -6.542 -203.500 14.000
T_389 -17.098 -90.974 11.000
S_390 -16.309 -90.060 10.000
C_391 0.000 322.480 12.000
S_392 -17.811 -90.060 12.000
T_393 -15.425 -90.974 9.000
S_394 -15.425 -90.060 9.000
C_395 0.000 322.480 10.000
G_396 0.000 -27.649 7.000
N_397 -7.878 -507.047 4.000
G_398 0.000 -27.649 8.000
I_399 0.000 777.529 12.000
Q_400 -24.169 -643.904 13.000
Q_401 -24.169 -643.904 13.000
R_402 -34.315 -1015.709 18.000
G_403 0.000 -27.649 17.000
R_404 -29.616 -1015.709 13.000
S_405 -17.811 -90.060 12.000
C_406 0.000 322.480 15.000
D_407 -21.132 -475.402 10.000
S_408 -17.098 -90.060 11.000
L_409 0.000 679.918 15.000
N_410 -26.485 -507.047 16.000
N_411 -24.169 -507.047 13.000
R_412 -33.508 -1015.709 17.000
C_413 0.000 322.480 13.000
E_414 -23.258 -605.239 12.000
G_415 0.000 -27.649 10.000
S_416 -16.309 -90.060 10.000
S_417 -16.309 -90.060 10.000
V_418 0.000 613.196 13.000
Q_419 -25.772 -643.904 15.000
T_420 -19.613 -90.974 15.000
R_421 -31.716 -1015.709 15.000
T_422 -18.462 -90.974 13.000
C_423 0.000 322.480 10.000
H_424 -10.601 -583.484 9.000
I_425 0.000 777.529 10.000
Q_426 -21.132 -643.904 10.000
E_427 -23.258 -605.239 12.000
C_428 0.000 322.480 15.000
D_429 -26.485 -475.402 16.000
K_430 -17.811 -818.649 12.000
R_431 -31.716 -1015.709 15.000
F_432 0.000 560.542 15.000
K_433 -20.127 -818.649 16.000
Q_434 -22.253 -643.904 11.000
D_435 -22.253 -475.402 11.000
G_436 0.000 -27.649 9.000
G_437 0.000 -27.649 8.000
W_438 -4.441 -203.500 6.000
S_439 -13.255 -90.060 7.000
H_440 -11.154 -583.484 10.000
W_441 -5.447 -203.500 9.000
S_442 -13.255 -90.060 7.000
P_443 0.000 -195.996 8.000
W_444 -5.708 -203.500 10.000
S_445 -13.255 -90.060 7.000
S_446 -16.309 -90.060 10.000
C_447 0.000 322.480 9.000
S_448 -15.425 -90.060 9.000
V_449 0.000 613.196 6.000
T_450 -11.867 -90.974 6.000
C_451 0.000 322.480 7.000
G_452 0.000 -27.649 7.000
D_453 -7.878 -475.402 4.000
G_454 0.000 -27.649 4.000
V_455 0.000 613.196 7.000
I_456 0.000 777.529 8.000
T_457 -14.420 -90.974 8.000
R_458 -29.616 -1015.709 13.000
I_459 0.000 777.529 13.000
R_460 -25.574 -1015.709 10.000
L_461 0.000 679.918 9.000
C_462 0.000 322.480 12.000
N_463 -16.691 -507.047 7.000
S_464 -16.309 -90.060 10.000
P_465 0.000 -195.996 10.000
S_466 -16.309 -90.060 10.000
P_467 0.000 -195.996 7.000
Q_468 -22.253 -643.904 11.000
M_469 0.000 401.769 8.000
N_470 -22.253 -507.047 11.000
G_471 0.000 -27.649 7.000
K_472 -13.255 -818.649 7.000
P_473 0.000 -195.996 7.000
C_474 0.000 322.480 7.000
E_475 -18.409 -605.239 8.000
G_476 0.000 -27.649 8.000
E_477 -24.169 -605.239 13.000
A_478 0.000 185.740 13.000
R_479 -32.645 -1015.709 16.000
E_480 -25.772 -605.239 15.000
T_481 -19.613 -90.974 15.000
K_482 -16.309 -818.649 10.000
A_483 0.000 185.740 9.000
C_484 0.000 322.480 9.000
K_485 -16.309 -818.649 10.000
K_486 -16.309 -818.649 10.000
D_487 -21.132 -475.402 10.000
A_488 0.000 185.740 7.000
C_489 0.000 322.480 4.000
P_490 0.000 -195.996 4.000
I_491 0.000 777.529 4.000
N_492 -7.878 -507.047 4.000
G_493 0.000 -27.649 5.000
G_494 0.000 -27.649 5.000
W_495 -0.000 -203.500 1.000
G_496 0.000 -27.649 2.000
P_497 0.000 -195.996 5.000
W_498 -3.436 -203.500 4.000
S_499 -10.149 -90.060 5.000
P_500 0.000 -195.996 9.000
W_501 -5.155 -203.500 8.000
D_502 -11.867 -475.402 5.000
I_503 0.000 777.529 8.000
C_504 0.000 322.480 7.000
S_505 -11.867 -90.060 6.000
V_506 0.000 613.196 6.000
T_507 -11.867 -90.974 6.000
C_508 0.000 322.480 3.000
G_509 0.000 -27.649 3.000
G_510 0.000 -27.649 0.000
G_511 0.000 -27.649 4.000
V_512 0.000 613.196 7.000
Q_513 -23.258 -643.904 12.000
K_514 -19.613 -818.649 15.000
R_515 -35.785 -1015.709 20.000
S_516 -20.127 -90.060 16.000
R_517 -29.616 -1015.709 13.000
L_518 0.000 679.918 12.000
C_519 0.000 322.480 13.000
N_520 -18.409 -507.047 8.000
N_521 -22.253 -507.047 11.000
P_522 0.000 -195.996 11.000
T_523 -17.098 -90.974 11.000
P_524 0.000 -195.996 7.000
Q_525 -16.691 -643.904 7.000
F_526 0.000 560.542 4.000
G_527 0.000 -27.649 7.000
G_528 0.000 -27.649 7.000
K_529 -13.255 -818.649 7.000
D_530 -16.691 -475.402 7.000
C_531 0.000 322.480 7.000
V_532 0.000 613.196 8.000
G_533 0.000 -27.649 4.000
D_534 -16.691 -475.402 7.000
V_535 0.000 613.196 11.000
T_536 -19.613 -90.974 15.000
E_537 -25.772 -605.239 15.000
N_538 -25.772 -507.047 15.000
Q_539 -23.258 -643.904 12.000
I_540 0.000 777.529 12.000
C_541 0.000 322.480 11.000
N_542 -22.253 -507.047 11.000
K_543 -19.613 -818.649 15.000
Q_544 -25.772 -643.904 15.000
D_545 -22.253 -475.402 11.000
C_546 0.000 322.480 8.000
P_547 0.000 -195.996 8.000
I_548 0.000 777.529 4.000
D_549 -7.878 -475.402 4.000
G_550 0.000 -27.649 4.000
C_551 0.000 322.480 7.000
L_552 0.000 679.918 7.000
S_553 -13.255 -90.060 7.000
N_554 -16.691 -507.047 7.000
P_555 0.000 -195.996 7.000
C_556 0.000 322.480 4.000
F_557 0.000 560.542 0.000
A_558 0.000 185.740 0.000
G_559 0.000 -27.649 3.000
V_560 0.000 613.196 3.000
K_561 -11.867 -818.649 6.000
C_562 0.000 322.480 9.000
T_563 -17.098 -90.974 11.000
S_564 -14.420 -90.060 8.000
Y_565 -12.104 -274.939 12.000
P_566 0.000 -195.996 9.000
D_567 -19.866 -475.402 9.000
G_568 0.000 -27.649 8.000
S_569 -17.098 -90.060 11.000
W_570 -4.824 -203.500 7.000
K_571 -13.255 -818.649 7.000
C_572 0.000 322.480 4.000
G_573 0.000 -27.649 3.000
A_574 0.000 185.740 0.000
C_575 0.000 322.480 0.000
P_576 0.000 -195.996 0.000
P_577 0.000 -195.996 2.000
G_578 0.000 -27.649 5.000
Y_579 -7.426 -274.939 5.000
S_580 -15.425 -90.060 9.000
G_581 0.000 -27.649 9.000
N_582 -16.691 -507.047 7.000
G_583 0.000 -27.649 8.000
I_584 0.000 777.529 8.000
Q_585 -16.691 -643.904 7.000
C_586 0.000 322.480 11.000
T_587 -17.098 -90.974 11.000
D_588 -22.253 -475.402 11.000
V_589 0.000 613.196 15.000
D_590 -23.258 -475.402 12.000
E_591 -22.253 -605.239 11.000
C_592 0.000 322.480 15.000
K_593 -17.098 -818.649 11.000
E_594 -16.691 -605.239 7.000
V_595 0.000 613.196 11.000
P_596 0.000 -195.996 8.000
D_597 -7.878 -475.402 4.000
A_598 0.000 185.740 4.000
C_599 0.000 322.480 8.000
F_600 0.000 560.542 6.000
N_601 -21.132 -507.047 10.000
H_602 -11.154 -583.484 10.000
N_603 -25.003 -507.047 14.000
G_604 0.000 -27.649 12.000
E_605 -25.772 -605.239 15.000
H_606 -11.652 -583.484 11.000
R_607 -31.716 -1015.709 15.000
C_608 0.000 322.480 15.000
E_609 -26.485 -605.239 16.000
N_610 -25.772 -507.047 15.000
T_611 -19.613 -90.974 15.000
D_612 -22.253 -475.402 11.000
P_613 0.000 -195.996 9.000
G_614 0.000 -27.649 10.000
Y_615 -8.431 -274.939 6.000
N_616 -14.591 -507.047 6.000
C_617 0.000 322.480 6.000
L_618 0.000 679.918 4.000
P_619 0.000 -195.996 0.000
C_620 0.000 322.480 0.000
P_621 0.000 -195.996 5.000
P_622 0.000 -195.996 5.000
R_623 -21.845 -1015.709 8.000
F_624 0.000 560.542 8.000
T_625 -17.098 -90.974 11.000
G_626 0.000 -27.649 10.000
S_627 -16.309 -90.060 10.000
Q_628 -16.691 -643.904 7.000
P_629 0.000 -195.996 7.000
F_630 0.000 560.542 8.000
G_631 0.000 -27.649 4.000
Q_632 -7.878 -643.904 4.000
G_633 0.000 -27.649 8.000
V_634 0.000 613.196 10.000
E_635 -14.591 -605.239 6.000
H_636 -10.601 -583.484 9.000
A_637 0.000 185.740 9.000
T_638 -15.425 -90.974 9.000
A_639 0.000 185.740 10.000
N_640 -25.003 -507.047 14.000
K_641 -17.098 -818.649 11.000
Q_642 -22.253 -643.904 11.000
V_643 0.000 613.196 10.000
C_644 0.000 322.480 7.000
K_645 -14.420 -818.649 8.000
P_646 0.000 -195.996 12.000
R_647 -28.412 -1015.709 12.000
N_648 -19.866 -507.047 9.000
P_649 0.000 -195.996 12.000
C_650 0.000 322.480 11.000
T_651 -13.255 -90.974 7.000
D_652 -21.132 -475.402 10.000
G_653 0.000 -27.649 12.000
T_654 -18.462 -90.974 13.000
H_655 -10.601 -583.484 9.000
D_656 -24.169 -475.402 13.000
C_657 0.000 322.480 13.000
N_658 -25.772 -507.047 15.000
K_659 -17.098 -818.649 11.000
N_660 -25.003 -507.047 14.000
A_661 0.000 185.740 10.000
K_662 -17.098 -818.649 11.000
C_663 0.000 322.480 9.000
N_664 -19.866 -507.047 9.000
Y_665 -8.431 -274.939 6.000
L_666 0.000 679.918 8.000
G_667 0.000 -27.649 6.000
H_668 -9.265 -583.484 7.000
Y_669 -11.652 -274.939 11.000
S_670 -17.098 -90.060 11.000
D_671 -19.866 -475.402 9.000
P_672 0.000 -195.996 9.000
M_673 0.000 401.769 11.000
Y_674 -9.265 -274.939 7.000
R_675 -27.076 -1015.709 11.000
C_676 0.000 322.480 11.000
E_677 -23.258 -605.239 12.000
C_678 0.000 322.480 7.000
K_679 -13.255 -818.649 7.000
P_680 0.000 -195.996 5.000
G_681 0.000 -27.649 5.000
Y_682 -1.718 -274.939 2.000
A_683 0.000 185.740 6.000
G_684 0.000 -27.649 6.000
N_685 -7.878 -507.047 4.000
G_686 0.000 -27.649 4.000
I_687 0.000 777.529 4.000
I_688 0.000 777.529 0.000
C_689 0.000 322.480 4.000
G_690 0.000 -27.649 8.000
E_691 -22.253 -605.239 11.000
D_692 -25.772 -475.402 15.000
T_693 -19.613 -90.974 15.000
D_694 -25.772 -475.402 15.000
L_695 0.000 679.918 11.000
D_696 -19.866 -475.402 9.000
G_697 0.000 -27.649 5.000
W_698 -5.447 -203.500 9.000
P_699 0.000 -195.996 9.000
N_700 -24.169 -507.047 13.000
E_701 -23.258 -605.239 12.000
N_702 -23.258 -507.047 12.000
L_703 0.000 679.918 8.000
V_704 0.000 613.196 4.000
C_705 0.000 322.480 0.000
V_706 0.000 613.196 4.000
A_707 0.000 185.740 4.000
N_708 -16.691 -507.047 7.000
A_709 0.000 185.740 9.000
T_710 -17.098 -90.974 11.000
Y_711 -9.265 -274.939 7.000
H_712 -11.154 -583.484 10.000
C_713 0.000 322.480 10.000
K_714 -17.811 -818.649 12.000
K_715 -19.059 -818.649 14.000
D_716 -25.003 -475.402 14.000
N_717 -22.253 -507.047 11.000
C_718 0.000 322.480 12.000
P_719 0.000 -195.996 8.000
N_720 -7.878 -507.047 4.000
L_721 0.000 679.918 8.000
P_722 0.000 -195.996 11.000
N_723 -16.691 -507.047 7.000
S_724 -17.098 -90.060 11.000
G_725 0.000 -27.649 15.000
Q_726 -25.772 -643.904 15.000
E_727 -25.003 -605.239 14.000
D_728 -27.773 -475.402 18.000
Y_729 -13.896 -274.939 17.000
D_730 -27.150 -475.402 17.000
K_731 -18.462 -818.649 13.000
D_732 -22.253 -475.402 11.000
G_733 0.000 -27.649 7.000
I_734 0.000 777.529 8.000
G_735 0.000 -27.649 4.000
D_736 -7.878 -475.402 4.000
A_737 0.000 185.740 8.000
C_738 0.000 322.480 12.000
D_739 -23.258 -475.402 12.000
D_740 -26.485 -475.402 16.000
D_741 -28.912 -475.402 20.000
D_742 -28.912 -475.402 20.000
D_743 -28.912 -475.402 20.000
N_744 -28.359 -507.047 19.000
D_745 -25.772 -475.402 15.000
K_746 -17.098 -818.649 11.000
I_747 0.000 777.529 11.000
P_748 0.000 -195.996 11.000
D_749 -24.169 -475.402 13.000
D_750 -27.150 -475.402 17.000
R_751 -36.459 -1015.709 21.000
D_752 -27.150 -475.402 17.000
N_753 -24.169 -507.047 13.000
C_754 0.000 322.480 8.000
P_755 0.000 -195.996 6.000
F_756 0.000 560.542 4.000
H_757 -9.978 -583.484 8.000
Y_758 -9.978 -274.939 8.000
N_759 -18.409 -507.047 8.000
P_760 0.000 -195.996 10.000
A_761 0.000 185.740 10.000
Q_762 -21.132 -643.904 10.000
Y_763 -12.104 -274.939 12.000
D_764 -26.485 -475.402 16.000
Y_765 -13.896 -274.939 17.000
D_766 -28.359 -475.402 19.000
R_767 -35.072 -1015.709 19.000
D_768 -27.150 -475.402 17.000
D_769 -24.169 -475.402 13.000
V_770 0.000 613.196 12.000
G_771 0.000 -27.649 13.000
D_772 -19.866 -475.402 9.000
R_773 -29.616 -1015.709 13.000
C_774 0.000 322.480 17.000
D_775 -24.169 -475.402 13.000
N_776 -18.409 -507.047 8.000
C_777 0.000 322.480 10.000
P_778 0.000 -195.996 10.000
Y_779 -9.978 -274.939 8.000
N_780 -23.258 -507.047 12.000
H_781 -12.104 -583.484 12.000
N_782 -25.003 -507.047 14.000
P_783 0.000 -195.996 14.000
D_784 -23.258 -475.402 12.000
Q_785 -23.258 -643.904 12.000
A_786 0.000 185.740 15.000
D_787 -25.772 -475.402 15.000
T_788 -19.613 -90.974 15.000
D_789 -28.359 -475.402 19.000
N_790 -25.772 -507.047 15.000
N_791 -26.485 -507.047 16.000
G_792 0.000 -27.649 12.000
E_793 -23.258 -605.239 12.000
G_794 0.000 -27.649 8.000
D_795 -18.409 -475.402 8.000
A_796 0.000 185.740 4.000
C_797 0.000 322.480 4.000
A_798 0.000 185.740 4.000
A_799 0.000 185.740 4.000
D_800 -18.409 -475.402 8.000
I_801 0.000 777.529 8.000
D_802 -23.258 -475.402 12.000
G_803 0.000 -27.649 8.000
D_804 -18.409 -475.402 8.000
G_805 0.000 -27.649 4.000
I_806 0.000 777.529 8.000
L_807 0.000 679.918 8.000
N_808 -24.169 -507.047 13.000
E_809 -27.150 -605.239 17.000
R_810 -36.459 -1015.709 21.000
D_811 -27.150 -475.402 17.000
N_812 -27.150 -507.047 17.000
C_813 0.000 322.480 14.000
Q_814 -21.132 -643.904 10.000
Y_815 -9.978 -274.939 8.000
V_816 0.000 613.196 12.000
Y_817 -9.978 -274.939 8.000
N_818 -21.132 -507.047 10.000
V_819 0.000 613.196 14.000
D_820 -27.150 -475.402 17.000
Q_821 -27.150 -643.904 17.000
R_822 -35.785 -1015.709 20.000
D_823 -28.912 -475.402 20.000
T_824 -20.127 -90.974 16.000
D_825 -25.772 -475.402 15.000
M_826 0.000 401.769 11.000
D_827 -18.409 -475.402 8.000
G_828 0.000 -27.649 4.000
V_829 0.000 613.196 8.000
G_830 0.000 -27.649 8.000
D_831 -18.409 -475.402 8.000
Q_832 -23.258 -643.904 12.000
C_833 0.000 322.480 16.000
D_834 -23.258 -475.402 12.000
N_835 -18.409 -507.047 8.000
C_836 0.000 322.480 8.000
P_837 0.000 -195.996 8.000
L_838 0.000 679.918 6.000
E_839 -21.132 -605.239 10.000
H_840 -11.154 -583.484 10.000
N_841 -25.003 -507.047 14.000
P_842 0.000 -195.996 14.000
D_843 -23.258 -475.402 12.000
Q_844 -23.258 -643.904 12.000
L_845 0.000 679.918 15.000
D_846 -25.772 -475.402 15.000
S_847 -19.059 -90.060 14.000
D_848 -27.773 -475.402 18.000
S_849 -21.486 -90.060 19.000
D_850 -26.485 -475.402 16.000
R_851 -28.412 -1015.709 12.000
I_852 0.000 777.529 13.000
G_853 0.000 -27.649 12.000
D_854 -16.691 -475.402 7.000
T_855 -17.098 -90.974 11.000
C_856 0.000 322.480 15.000
D_857 -25.772 -475.402 15.000
N_858 -26.485 -507.047 16.000
N_859 -28.912 -507.047 20.000
Q_860 -26.485 -643.904 16.000
D_861 -26.485 -475.402 16.000
I_862 0.000 777.529 16.000
D_863 -26.485 -475.402 16.000
E_864 -23.258 -605.239 12.000
D_865 -25.003 -475.402 14.000
G_866 0.000 -27.649 14.000
H_867 -12.900 -583.484 14.000
Q_868 -25.003 -643.904 14.000
N_869 -25.003 -507.047 14.000
N_870 -26.485 -507.047 16.000
L_871 0.000 679.918 16.000
D_872 -23.258 -475.402 12.000
N_873 -18.409 -507.047 8.000
C_874 0.000 322.480 10.000
P_875 0.000 -195.996 6.000
Y_876 -1.718 -274.939 2.000
V_877 0.000 613.196 6.000
P_878 0.000 -195.996 6.000
N_879 -18.409 -507.047 8.000
A_880 0.000 185.740 12.000
N_881 -23.258 -507.047 12.000
Q_882 -23.258 -643.904 12.000
A_883 0.000 185.740 14.000
D_884 -25.003 -475.402 14.000
H_885 -12.518 -583.484 13.000
D_886 -27.150 -475.402 17.000
K_887 -18.462 -818.649 13.000
D_888 -25.003 -475.402 14.000
G_889 0.000 -27.649 10.000
K_890 -17.098 -818.649 11.000
G_891 0.000 -27.649 7.000
D_892 -16.691 -475.402 7.000
A_893 0.000 185.740 8.000
C_894 0.000 322.480 10.000
D_895 -21.132 -475.402 10.000
H_896 -12.900 -583.484 14.000
D_897 -27.773 -475.402 18.000
D_898 -27.773 -475.402 18.000
D_899 -28.912 -475.402 20.000
N_900 -26.485 -507.047 16.000
D_901 -23.258 -475.402 12.000
G_902 0.000 -27.649 8.000
I_903 0.000 777.529 8.000
P_904 0.000 -195.996 8.000
D_905 -22.253 -475.402 11.000
D_906 -25.772 -475.402 15.000
K_907 -21.486 -818.649 19.000
D_908 -25.772 -475.402 15.000
N_909 -26.485 -507.047 16.000
C_910 0.000 322.480 13.000
R_911 -23.856 -1015.709 9.000
L_912 0.000 679.918 5.000
V_913 0.000 613.196 9.000
P_914 0.000 -195.996 4.000
N_915 -18.409 -507.047 8.000
P_916 0.000 -195.996 12.000
D_917 -25.772 -475.402 15.000
Q_918 -25.772 -643.904 15.000
K_919 -21.060 -818.649 18.000
D_920 -27.773 -475.402 18.000
S_921 -19.059 -90.060 14.000
D_922 -25.772 -475.402 15.000
G_923 0.000 -27.649 11.000
D_924 -24.169 -475.402 13.000
G_925 0.000 -27.649 9.000
R_926 -29.616 -1015.709 13.000
G_927 0.000 -27.649 9.000
D_928 -19.866 -475.402 9.000
A_929 0.000 185.740 7.000
C_930 0.000 322.480 11.000
K_931 -17.098 -818.649 11.000
D_932 -22.253 -475.402 11.000
D_933 -25.772 -475.402 15.000
F_934 0.000 560.542 14.000
D_935 -25.003 -475.402 14.000
H_936 -12.518 -583.484 13.000
D_937 -24.169 -475.402 13.000
S_938 -15.425 -90.060 9.000
V_939 0.000 613.196 11.000
P_940 0.000 -195.996 7.000
D_941 -18.409 -475.402 8.000
I_942 0.000 777.529 12.000
D_943 -23.258 -475.402 12.000
D_944 -18.409 -475.402 8.000
I_945 0.000 777.529 8.000
C_946 0.000 322.480 8.000
P_947 0.000 -195.996 8.000
E_948 -18.409 -605.239 8.000
N_949 -23.258 -507.047 12.000
V_950 0.000 613.196 12.000
D_951 -22.253 -475.402 11.000
I_952 0.000 777.529 11.000
S_953 -19.059 -90.060 14.000
E_954 -25.003 -605.239 14.000
T_955 -19.059 -90.974 14.000
D_956 -26.485 -475.402 16.000
F_957 0.000 560.542 17.000
R_958 -30.711 -1015.709 14.000
R_959 -30.711 -1015.709 14.000
F_960 0.000 560.542 14.000
Q_961 -19.866 -643.904 9.000
M_962 0.000 401.769 4.000
I_963 0.000 777.529 4.000
P_964 0.000 -195.996 4.000
L_965 0.000 679.918 4.000
D_966 -16.691 -475.402 7.000
P_967 0.000 -195.996 7.000
K_968 -16.309 -818.649 10.000
G_969 0.000 -27.649 9.000
T_970 -18.462 -90.974 13.000
S_971 -19.059 -90.060 14.000
Q_972 -27.773 -643.904 18.000
N_973 -25.772 -507.047 15.000
D_974 -26.485 -475.402 16.000
P_975 0.000 -195.996 13.000
N_976 -19.866 -507.047 9.000
W_977 -3.990 -203.500 5.000
V_978 0.000 613.196 10.000
V_979 0.000 613.196 8.000
R_980 -27.076 -1015.709 11.000
H_981 -11.652 -583.484 11.000
Q_982 -25.003 -643.904 14.000
G_983 0.000 -27.649 13.000
K_984 -17.098 -818.649 11.000
E_985 -16.691 -605.239 7.000
L_986 0.000 679.918 11.000
V_987 0.000 613.196 11.000
Q_988 -16.691 -643.904 7.000
T_989 -17.098 -90.974 11.000
V_990 0.000 613.196 11.000
N_991 -22.253 -507.047 11.000
C_992 0.000 322.480 8.000
D_993 -18.409 -475.402 8.000
P_994 0.000 -195.996 4.000
G_995 0.000 -27.649 4.000
L_996 0.000 679.918 0.000
A_997 0.000 185.740 0.000
V_998 0.000 613.196 2.000
G_999 0.000 -27.649 6.000
Y_1000 -11.154 -274.939 10.000
D_1001 -21.132 -475.402 10.000
E_1002 -25.003 -605.239 14.000
F_1003 0.000 560.542 12.000
N_1004 -18.409 -507.047 8.000
A_1005 0.000 185.740 8.000
V_1006 0.000 613.196 8.000
D_1007 -16.691 -475.402 7.000
F_1008 0.000 560.542 7.000
S_1009 -16.309 -90.060 10.000
G_1010 0.000 -27.649 6.000
T_1011 -11.867 -90.974 6.000
F_1012 0.000 560.542 3.000
F_1013 0.000 560.542 7.000
I_1014 0.000 777.529 7.000
N_1015 -22.253 -507.047 11.000
T_1016 -20.127 -90.974 16.000
E_1017 -28.912 -605.239 20.000
R_1018 -35.785 -1015.709 20.000
D_1019 -29.436 -475.402 21.000
D_1020 -28.359 -475.402 19.000
D_1021 -25.003 -475.402 14.000
Y_1022 -11.154 -274.939 10.000
A_1023 0.000 185.740 6.000
G_1024 0.000 -27.649 2.000
F_1025 0.000 560.542 0.000
V_1026 0.000 613.196 0.000
F_1027 0.000 560.542 2.000
G_1028 0.000 -27.649 6.000
Y_1029 -10.601 -274.939 9.000
Q_1030 -23.258 -643.904 12.000
S_1031 -19.613 -90.060 15.000
S_1032 -21.060 -90.060 18.000
S_1033 -19.059 -90.060 14.000
R_1034 -29.616 -1015.709 13.000
F_1035 0.000 560.542 10.000
Y_1036 -9.265 -274.939 7.000
V_1037 0.000 613.196 2.000
V_1038 0.000 613.196 3.000
M_1039 0.000 401.769 4.000
W_1040 -5.155 -203.500 8.000
K_1041 -14.420 -818.649 8.000
Q_1042 -22.253 -643.904 11.000
V_1043 0.000 613.196 14.000
T_1044 -19.059 -90.974 14.000
Q_1045 -23.258 -643.904 12.000
S_1046 -18.462 -90.060 13.000
Y_1047 -12.900 -274.939 14.000
W_1048 -6.358 -203.500 13.000
D_1049 -25.003 -475.402 14.000
T_1050 -17.811 -90.974 12.000
N_1051 -25.003 -507.047 14.000
P_1052 0.000 -195.996 15.000
T_1053 -17.811 -90.974 12.000
R_1054 -28.412 -1015.709 12.000
A_1055 0.000 185.740 12.000
Q_1056 -22.253 -643.904 11.000
G_1057 0.000 -27.649 9.000
Y_1058 -10.601 -274.939 9.000
S_1059 -10.149 -90.060 5.000
G_1060 0.000 -27.649 8.000
L_1061 0.000 679.918 6.000
S_1062 -11.867 -90.060 6.000
V_1063 0.000 613.196 6.000
K_1064 -11.867 -818.649 6.000
V_1065 0.000 613.196 7.000
V_1066 0.000 613.196 10.000
N_1067 -21.132 -507.047 10.000
S_1068 -18.462 -90.060 13.000
T_1069 -18.462 -90.974 13.000
T_1070 -15.425 -90.974 9.000
G_1071 0.000 -27.649 6.000
P_1072 0.000 -195.996 7.000
G_1073 0.000 -27.649 6.000
E_1074 -14.591 -605.239 6.000
H_1075 -11.652 -583.484 11.000
L_1076 0.000 679.918 15.000
R_1077 -27.076 -1015.709 11.000
N_1078 -19.866 -507.047 9.000
A_1079 0.000 185.740 10.000
L_1080 0.000 679.918 7.000
W_1081 -4.441 -203.500 6.000
H_1082 -8.431 -583.484 6.000
T_1083 -16.309 -90.974 10.000
G_1084 0.000 -27.649 12.000
N_1085 -21.132 -507.047 10.000
T_1086 -13.255 -90.974 7.000
P_1087 0.000 -195.996 11.000
G_1088 0.000 -27.649 7.000
Q_1089 -19.866 -643.904 9.000
V_1090 0.000 613.196 12.000
R_1091 -28.412 -1015.709 12.000
T_1092 -15.425 -90.974 9.000
L_1093 0.000 679.918 11.000
W_1094 -5.708 -203.500 10.000
H_1095 -9.265 -583.484 7.000
D_1096 -23.258 -475.402 12.000
P_1097 0.000 -195.996 13.000
R_1098 -27.076 -1015.709 11.000
H_1099 -9.265 -583.484 7.000
I_1100 0.000 777.529 8.000
G_1101 0.000 -27.649 6.000
W_1102 -5.155 -203.500 8.000
K_1103 -14.420 -818.649 8.000
D_1104 -22.253 -475.402 11.000
F_1105 0.000 560.542 10.000
T_1106 -15.425 -90.974 9.000
A_1107 0.000 185.740 10.000
Y_1108 -11.652 -274.939 11.000
R_1109 -29.616 -1015.709 13.000
W_1110 -6.358 -203.500 13.000
R_1111 -30.711 -1015.709 14.000
L_1112 0.000 679.918 11.000
S_1113 -19.613 -90.060 15.000
H_1114 -11.154 -583.484 10.000
R_1115 -29.616 -1015.709 13.000
P_1116 0.000 -195.996 13.000
K_1117 -17.098 -818.649 11.000
T_1118 -11.867 -90.974 6.000
G_1119 0.000 -27.649 6.000
F_1120 0.000 560.542 8.000
I_1121 0.000 777.529 5.000
R_1122 -11.867 -1015.709 5.000
V_1123 0.000 613.196 5.000
V_1124 0.000 613.196 7.000
M_1125 0.000 401.769 6.000
Y_1126 -8.431 -274.939 6.000
E_1127 -19.866 -605.239 9.000
G_1128 0.000 -27.649 12.000
K_1129 -16.309 -818.649 10.000
K_1130 -11.867 -818.649 6.000
I_1131 0.000 777.529 6.000
M_1132 0.000 401.769 7.000
A_1133 0.000 185.740 7.000
D_1134 -16.691 -475.402 7.000
S_1135 -13.255 -90.060 7.000
G_1136 0.000 -27.649 7.000
P_1137 0.000 -195.996 5.000
I_1138 0.000 777.529 6.000
Y_1139 -10.601 -274.939 9.000
D_1140 -23.258 -475.402 12.000
K_1141 -19.059 -818.649 14.000
T_1142 -17.811 -90.974 12.000
Y_1143 -9.978 -274.939 8.000
A_1144 0.000 185.740 5.000
G_1145 0.000 -27.649 7.000
G_1146 0.000 -27.649 5.000
R_1147 -11.867 -1015.709 5.000
L_1148 0.000 679.918 5.000
G_1149 0.000 -27.649 5.000
L_1150 0.000 679.918 0.000
F_1151 0.000 560.542 0.000
V_1152 0.000 613.196 3.000
F_1153 0.000 560.542 7.000
S_1154 -17.098 -90.060 11.000
Q_1155 -22.253 -643.904 11.000
E_1156 -22.253 -605.239 11.000
M_1157 0.000 401.769 8.000
V_1158 0.000 613.196 4.000
F_1159 0.000 560.542 3.000
F_1160 0.000 560.542 7.000
S_1161 -13.255 -90.060 7.000
D_1162 -21.132 -475.402 10.000
L_1163 0.000 679.918 12.000
K_1164 -18.462 -818.649 13.000
Y_1165 -10.601 -274.939 9.000
E_1166 -25.003 -605.239 14.000
C_1167 0.000 322.480 15.000
R_1168 -29.616 -1015.709 13.000
D_1169 -19.866 -475.402 9.000
P_1170 0.000 -195.996 9.000
