M_1 0.000 401.769 3.000
V_2 0.000 613.196 3.000
S_3 -4.441 -90.060 3.000
V_4 0.000 613.196 8.000
F_5 0.000 560.542 11.000
R_6 -28.412 -1015.709 12.000
S_7 -20.127 -90.060 16.000
E_8 -26.485 -605.239 16.000
E_9 -22.253 -605.239 11.000
M_10 0.000 401.769 8.000
C_11 0.000 322.480 7.000
L_12 0.000 679.918 7.000
S_13 -13.255 -90.060 7.000
Q_14 -16.691 -643.904 7.000
L_15 0.000 679.918 7.000
F_16 0.000 560.542 8.000
L_17 0.000 679.918 4.000
Q_18 -18.409 -643.904 8.000
V_19 0.000 613.196 8.000
E_20 -18.409 -605.239 8.000
A_21 0.000 185.740 6.000
A_22 0.000 185.740 6.000
Y_23 -1.718 -274.939 2.000
C_24 0.000 322.480 2.000
C_25 0.000 322.480 2.000
V_26 0.000 613.196 4.000
A_27 0.000 185.740 4.000
E_28 -7.878 -605.239 4.000
L_29 0.000 679.918 8.000
G_30 0.000 -27.649 8.000
E_31 -7.878 -605.239 4.000
L_32 0.000 679.918 4.000
G_33 0.000 -27.649 4.000
L_34 0.000 679.918 4.000
V_35 0.000 613.196 4.000
Q_36 -16.691 -643.904 7.000
F_37 0.000 560.542 11.000
K_38 -17.098 -818.649 11.000
D_39 -22.253 -475.402 11.000
L_40 0.000 679.918 11.000
N_41 -23.258 -507.047 12.000
M_42 0.000 401.769 8.000
N_43 -23.258 -507.047 12.000
V_44 0.000 613.196 11.000
N_45 -22.253 -507.047 11.000
S_46 -17.098 -90.060 11.000
F_47 0.000 560.542 16.000
Q_48 -25.772 -643.904 15.000
R_49 -28.412 -1015.709 12.000
K_50 -17.811 -818.649 12.000
F_51 0.000 560.542 12.000
V_52 0.000 613.196 11.000
N_53 -18.409 -507.047 8.000
E_54 -24.169 -605.239 13.000
V_55 0.000 613.196 18.000
R_56 -30.711 -1015.709 14.000
R_57 -30.711 -1015.709 14.000
C_58 0.000 322.480 17.000
E_59 -23.258 -605.239 12.000
S_60 -17.098 -90.060 11.000
L_61 0.000 679.918 16.000
E_62 -23.258 -605.239 12.000
R_63 -23.856 -1015.709 9.000
I_64 0.000 777.529 14.000
L_65 0.000 679.918 10.000
R_66 -11.867 -1015.709 5.000
F_67 0.000 560.542 9.000
L_68 0.000 679.918 13.000
E_69 -23.258 -605.239 12.000
D_70 -23.258 -475.402 12.000
E_71 -26.485 -605.239 16.000
M_72 0.000 401.769 16.000
Q_73 -26.485 -643.904 16.000
N_74 -23.258 -507.047 12.000
E_75 -23.258 -605.239 12.000
I_76 0.000 777.529 8.000
V_77 0.000 613.196 8.000
V_78 0.000 613.196 4.000
Q_79 -7.878 -643.904 4.000
L_80 0.000 679.918 8.000
L_81 0.000 679.918 11.000
E_82 -21.132 -605.239 10.000
K_83 -16.309 -818.649 10.000
S_84 -16.309 -90.060 10.000
P_85 0.000 -195.996 9.000
L_86 0.000 679.918 6.000
T_87 -4.441 -90.974 3.000
P_88 0.000 -195.996 3.000
L_89 0.000 679.918 8.000
P_90 0.000 -195.996 9.000
R_91 -23.856 -1015.709 9.000
E_92 -19.866 -605.239 9.000
M_93 0.000 401.769 12.000
I_94 0.000 777.529 7.000
T_95 -13.255 -90.974 7.000
L_96 0.000 679.918 10.000
E_97 -21.132 -605.239 10.000
T_98 -13.255 -90.974 7.000
V_99 0.000 613.196 11.000
L_100 0.000 679.918 10.000
E_101 -16.691 -605.239 7.000
K_102 -17.098 -818.649 11.000
L_103 0.000 679.918 11.000
E_104 -22.253 -605.239 11.000
G_105 0.000 -27.649 8.000
E_106 -23.258 -605.239 12.000
L_107 0.000 679.918 12.000
Q_108 -23.258 -643.904 12.000
E_109 -23.258 -605.239 12.000
A_110 0.000 185.740 16.000
N_111 -26.485 -507.047 16.000
Q_112 -26.485 -643.904 16.000
N_113 -28.912 -507.047 20.000
Q_114 -26.485 -643.904 16.000
Q_115 -23.258 -643.904 12.000
A_116 0.000 185.740 11.000
L_117 0.000 679.918 11.000
K_118 -16.309 -818.649 10.000
Q_119 -21.132 -643.904 10.000
S_120 -16.309 -90.060 10.000
F_121 0.000 560.542 11.000
L_122 0.000 679.918 7.000
E_123 -16.691 -605.239 7.000
L_124 0.000 679.918 11.000
T_125 -17.098 -90.974 11.000
E_126 -21.132 -605.239 10.000
L_127 0.000 679.918 12.000
K_128 -15.425 -818.649 9.000
Y_129 -7.426 -274.939 5.000
L_130 0.000 679.918 8.000
L_131 0.000 679.918 8.000
K_132 -15.425 -818.649 9.000
K_133 -18.462 -818.649 13.000
T_134 -20.609 -90.974 17.000
Q_135 -25.003 -643.904 14.000
D_136 -22.253 -475.402 11.000
F_137 0.000 560.542 12.000
F_138 0.000 560.542 11.000
E_139 -22.253 -605.239 11.000
T_140 -19.059 -90.974 14.000
E_141 -27.773 -605.239 18.000
T_142 -19.059 -90.974 14.000
N_143 -22.253 -507.047 11.000
L_144 0.000 679.918 11.000
A_145 0.000 185.740 12.000
D_146 -18.409 -475.402 8.000
D_147 -18.409 -475.402 8.000
F_148 0.000 560.542 11.000
F_149 0.000 560.542 11.000
T_150 -17.098 -90.974 11.000
E_151 -25.003 -605.239 14.000
D_152 -27.150 -475.402 17.000
T_153 -19.059 -90.974 14.000
S_154 -16.309 -90.060 10.000
G_155 0.000 -27.649 6.000
L_156 0.000 679.918 7.000
L_157 0.000 679.918 4.000
E_158 -16.691 -605.239 7.000
L_159 0.000 679.918 7.000
K_160 -13.255 -818.649 7.000
A_161 0.000 185.740 3.000
V_162 0.000 613.196 3.000
P_163 0.000 -195.996 2.000
A_164 0.000 185.740 2.000
Y_165 -7.426 -274.939 5.000
M_166 0.000 401.769 5.000
T_167 -14.420 -90.974 8.000
G_168 0.000 -27.649 6.000
K_169 -11.867 -818.649 6.000
L_170 0.000 679.918 3.000
G_171 0.000 -27.649 3.000
F_172 0.000 560.542 0.000
I_173 0.000 777.529 0.000
A_174 0.000 185.740 0.000
G_175 0.000 -27.649 0.000
V_176 0.000 613.196 4.000
I_177 0.000 777.529 9.000
N_178 -24.169 -507.047 13.000
R_179 -34.315 -1015.709 18.000
E_180 -27.773 -605.239 18.000
R_181 -30.711 -1015.709 14.000
M_182 0.000 401.769 12.000
A_183 0.000 185.740 8.000
S_184 -13.255 -90.060 7.000
F_185 0.000 560.542 12.000
E_186 -23.258 -605.239 12.000
R_187 -23.856 -1015.709 9.000
L_188 0.000 679.918 10.000
L_189 0.000 679.918 11.000
W_190 -4.441 -203.500 6.000
R_191 -16.309 -1015.709 6.000
I_192 0.000 777.529 11.000
C_193 0.000 322.480 10.000
R_194 -23.856 -1015.709 9.000
G_195 0.000 -27.649 9.000
N_196 -22.253 -507.047 11.000
V_197 0.000 613.196 6.000
Y_198 -10.601 -274.939 9.000
L_199 0.000 679.918 5.000
K_200 -14.420 -818.649 8.000
F_201 0.000 560.542 10.000
S_202 -16.309 -90.060 10.000
E_203 -22.253 -605.239 11.000
M_204 0.000 401.769 11.000
D_205 -18.409 -475.402 8.000
A_206 0.000 185.740 4.000
P_207 0.000 -195.996 8.000
L_208 0.000 679.918 8.000
E_209 -18.409 -605.239 8.000
D_210 -18.409 -475.402 8.000
P_211 0.000 -195.996 11.000
V_212 0.000 613.196 10.000
T_213 -16.309 -90.974 10.000
K_214 -19.059 -818.649 14.000
E_215 -25.003 -605.239 14.000
E_216 -25.772 -605.239 15.000
I_217 0.000 777.529 15.000
Q_218 -25.772 -643.904 15.000
K_219 -17.098 -818.649 11.000
N_220 -22.253 -507.047 11.000
I_221 0.000 777.529 7.000
F_222 0.000 560.542 4.000
I_223 0.000 777.529 0.000
I_224 0.000 777.529 2.000
F_225 0.000 560.542 6.000
Y_226 -8.431 -274.939 6.000
Q_227 -21.132 -643.904 10.000
G_228 0.000 -27.649 14.000
E_229 -23.258 -605.239 12.000
Q_230 -24.169 -643.904 13.000
L_231 0.000 679.918 17.000
R_232 -32.645 -1015.709 16.000
Q_233 -23.258 -643.904 12.000
K_234 -19.613 -818.649 15.000
I_235 0.000 777.529 13.000
K_236 -15.425 -818.649 9.000
K_237 -11.867 -818.649 6.000
I_238 0.000 777.529 10.000
C_239 0.000 322.480 7.000
D_240 -7.878 -475.402 4.000
G_241 0.000 -27.649 9.000
F_242 0.000 560.542 9.000
R_243 -21.845 -1015.709 8.000
A_244 0.000 185.740 8.000
T_245 -16.309 -90.974 10.000
V_246 0.000 613.196 5.000
Y_247 -7.426 -274.939 5.000
P_248 0.000 -195.996 2.000
C_249 0.000 322.480 6.000
P_250 0.000 -195.996 4.000
E_251 -7.878 -605.239 4.000
P_252 0.000 -195.996 4.000
A_253 0.000 185.740 8.000
V_254 0.000 613.196 9.000
E_255 -25.003 -605.239 14.000
R_256 -34.315 -1015.709 18.000
R_257 -34.315 -1015.709 18.000
E_258 -25.003 -605.239 14.000
M_259 0.000 401.769 13.000
L_260 0.000 679.918 11.000
E_261 -16.691 -605.239 7.000
S_262 -17.098 -90.060 11.000
V_263 0.000 613.196 11.000
N_264 -23.258 -507.047 12.000
V_265 0.000 613.196 9.000
R_266 -29.616 -1015.709 13.000
L_267 0.000 679.918 13.000
E_268 -24.169 -605.239 13.000
D_269 -18.409 -475.402 8.000
L_270 0.000 679.918 11.000
I_271 0.000 777.529 7.000
T_272 -4.441 -90.974 3.000
V_273 0.000 613.196 6.000
I_274 0.000 777.529 10.000
T_275 -16.309 -90.974 10.000
Q_276 -25.003 -643.904 14.000
T_277 -20.609 -90.974 17.000
E_278 -26.485 -605.239 16.000
S_279 -20.609 -90.060 17.000
H_280 -14.188 -583.484 18.000
R_281 -35.072 -1015.709 19.000
Q_282 -26.485 -643.904 16.000
R_283 -30.711 -1015.709 14.000
L_284 0.000 679.918 13.000
L_285 0.000 679.918 13.000
Q_286 -18.409 -643.904 8.000
E_287 -18.409 -605.239 8.000
A_288 0.000 185.740 8.000
A_289 0.000 185.740 8.000
A_290 0.000 185.740 5.000
N_291 -16.691 -507.047 7.000
W_292 -5.708 -203.500 10.000
H_293 -11.652 -583.484 11.000
S_294 -13.255 -90.060 7.000
W_295 -4.441 -203.500 6.000
L_296 0.000 679.918 7.000
I_297 0.000 777.529 4.000
K_298 -13.255 -818.649 7.000
V_299 0.000 613.196 10.000
Q_300 -21.132 -643.904 10.000
K_301 -16.309 -818.649 10.000
M_302 0.000 401.769 10.000
K_303 -11.867 -818.649 6.000
A_304 0.000 185.740 5.000
V_305 0.000 613.196 7.000
Y_306 -6.160 -274.939 4.000
H_307 -6.160 -583.484 4.000
I_308 0.000 777.529 8.000
L_309 0.000 679.918 6.000
N_310 -7.878 -507.047 4.000
M_311 0.000 401.769 8.000
C_312 0.000 322.480 8.000
N_313 -18.409 -507.047 8.000
I_314 0.000 777.529 8.000
D_315 -22.253 -475.402 11.000
V_316 0.000 613.196 11.000
T_317 -19.613 -90.974 15.000
Q_318 -22.253 -643.904 11.000
Q_319 -22.253 -643.904 11.000
C_320 0.000 322.480 8.000
V_321 0.000 613.196 4.000
I_322 0.000 777.529 4.000
A_323 0.000 185.740 4.000
E_324 -11.867 -605.239 5.000
I_325 0.000 777.529 5.000
W_326 -3.990 -203.500 5.000
F_327 0.000 560.542 1.000
P_328 0.000 -195.996 1.000
V_329 0.000 613.196 4.000
A_330 0.000 185.740 4.000
D_331 -16.691 -475.402 7.000
A_332 0.000 185.740 12.000
T_333 -17.811 -90.974 12.000
R_334 -27.076 -1015.709 11.000
I_335 0.000 777.529 16.000
K_336 -18.462 -818.649 13.000
R_337 -21.845 -1015.709 8.000
A_338 0.000 185.740 12.000
L_339 0.000 679.918 13.000
E_340 -18.409 -605.239 8.000
Q_341 -18.409 -643.904 8.000
G_342 0.000 -27.649 12.000
M_343 0.000 401.769 8.000
E_344 -16.691 -605.239 7.000
L_345 0.000 679.918 7.000
S_346 -16.309 -90.060 10.000
G_347 0.000 -27.649 9.000
S_348 -15.425 -90.060 9.000
S_349 -11.867 -90.060 6.000
M_350 0.000 401.769 6.000
A_351 0.000 185.740 3.000
P_352 0.000 -195.996 0.000
I_353 0.000 777.529 3.000
M_354 0.000 401.769 6.000
T_355 -11.867 -90.974 6.000
T_356 -16.309 -90.974 10.000
V_357 0.000 613.196 13.000
Q_358 -24.169 -643.904 13.000
S_359 -18.462 -90.060 13.000
K_360 -18.462 -818.649 13.000
T_361 -15.425 -90.974 9.000
A_362 0.000 185.740 6.000
P_363 0.000 -195.996 6.000
P_364 0.000 -195.996 3.000
T_365 -13.255 -90.974 7.000
F_366 0.000 560.542 12.000
N_367 -25.772 -507.047 15.000
R_368 -32.645 -1015.709 16.000
T_369 -21.486 -90.974 19.000
N_370 -25.772 -507.047 15.000
K_371 -18.462 -818.649 13.000
F_372 0.000 560.542 10.000
T_373 -11.867 -90.974 6.000
A_374 0.000 185.740 3.000
G_375 0.000 -27.649 7.000
F_376 0.000 560.542 8.000
Q_377 -18.409 -643.904 8.000
N_378 -18.409 -507.047 8.000
I_379 0.000 777.529 12.000
V_380 0.000 613.196 8.000
D_381 -14.591 -475.402 6.000
A_382 0.000 185.740 6.000
Y_383 -8.431 -274.939 6.000
G_384 0.000 -27.649 2.000
V_385 0.000 613.196 5.000
G_386 0.000 -27.649 5.000
S_387 -16.309 -90.060 10.000
Y_388 -12.900 -274.939 14.000
R_389 -30.711 -1015.709 14.000
E_390 -25.772 -605.239 15.000
I_391 0.000 777.529 13.000
N_392 -18.409 -507.047 8.000
P_393 0.000 -195.996 4.000
A_394 0.000 185.740 6.000
P_395 0.000 -195.996 5.000
Y_396 -7.426 -274.939 5.000
T_397 -10.149 -90.974 5.000
I_398 0.000 777.529 8.000
I_399 0.000 777.529 6.000
T_400 -4.441 -90.974 3.000
F_401 0.000 560.542 3.000
P_402 0.000 -195.996 3.000
F_403 0.000 560.542 0.000
L_404 0.000 679.918 0.000
F_405 0.000 560.542 0.000
A_406 0.000 185.740 0.000
V_407 0.000 613.196 0.000
M_408 0.000 401.769 0.000
F_409 0.000 560.542 4.000
G_410 0.000 -27.649 4.000
D_411 -7.878 -475.402 4.000
C_412 0.000 322.480 6.000
G_413 0.000 -27.649 6.000
H_414 -7.426 -583.484 5.000
G_415 0.000 -27.649 5.000
T_416 -10.149 -90.974 5.000
V_417 0.000 613.196 3.000
M_418 0.000 401.769 3.000
L_419 0.000 679.918 0.000
L_420 0.000 679.918 0.000
A_421 0.000 185.740 0.000
A_422 0.000 185.740 1.000
L_423 0.000 679.918 1.000
W_424 -0.000 -203.500 1.000
M_425 0.000 401.769 1.000
I_426 0.000 777.529 5.000
L_427 0.000 679.918 8.000
N_428 -24.169 -507.047 13.000
E_429 -27.773 -605.239 18.000
R_430 -34.315 -1015.709 18.000
R_431 -30.711 -1015.709 14.000
L_432 0.000 679.918 13.000
L_433 0.000 679.918 12.000
S_434 -16.309 -90.060 10.000
Q_435 -24.169 -643.904 13.000
K_436 -20.609 -818.649 17.000
T_437 -21.060 -90.974 18.000
D_438 -27.773 -475.402 18.000
N_439 -25.772 -507.047 15.000
E_440 -24.169 -605.239 13.000
I_441 0.000 777.529 13.000
W_442 -6.160 -203.500 12.000
N_443 -18.409 -507.047 8.000
T_444 -14.420 -90.974 8.000
F_445 0.000 560.542 9.000
F_446 0.000 560.542 5.000
H_447 -9.265 -583.484 7.000
G_448 0.000 -27.649 9.000
R_449 -23.856 -1015.709 9.000
Y_450 -9.265 -274.939 7.000
L_451 0.000 679.918 7.000
I_452 0.000 777.529 2.000
L_453 0.000 679.918 0.000
L_454 0.000 679.918 0.000
M_455 0.000 401.769 0.000
G_456 0.000 -27.649 0.000
I_457 0.000 777.529 3.000
F_458 0.000 560.542 3.000
S_459 -10.149 -90.060 5.000
I_460 0.000 777.529 8.000
Y_461 -9.978 -274.939 8.000
T_462 -10.149 -90.974 5.000
G_463 0.000 -27.649 5.000
L_464 0.000 679.918 5.000
I_465 0.000 777.529 6.000
Y_466 -11.154 -274.939 10.000
N_467 -21.132 -507.047 10.000
D_468 -21.132 -475.402 10.000
C_469 0.000 322.480 11.000
F_470 0.000 560.542 10.000
S_471 -15.425 -90.060 9.000
K_472 -15.425 -818.649 9.000
S_473 -18.462 -90.060 13.000
L_474 0.000 679.918 10.000
N_475 -16.691 -507.047 7.000
I_476 0.000 777.529 4.000
F_477 0.000 560.542 7.000
G_478 0.000 -27.649 6.000
S_479 -13.255 -90.060 7.000
S_480 -16.309 -90.060 10.000
W_481 -5.708 -203.500 10.000
S_482 -17.098 -90.060 11.000
V_483 0.000 613.196 8.000
Q_484 -16.691 -643.904 7.000
P_485 0.000 -195.996 4.000
M_486 0.000 401.769 9.000
F_487 0.000 560.542 9.000
R_488 -23.856 -1015.709 9.000
N_489 -23.258 -507.047 12.000
G_490 0.000 -27.649 13.000
T_491 -17.811 -90.974 12.000
W_492 -5.944 -203.500 11.000
N_493 -24.169 -507.047 13.000
T_494 -16.309 -90.974 10.000
H_495 -10.601 -583.484 9.000
V_496 0.000 613.196 9.000
M_497 0.000 401.769 10.000
E_498 -22.253 -605.239 11.000
E_499 -22.253 -605.239 11.000
S_500 -18.462 -90.060 13.000
L_501 0.000 679.918 9.000
Y_502 -10.601 -274.939 9.000
L_503 0.000 679.918 6.000
Q_504 -21.132 -643.904 10.000
L_505 0.000 679.918 8.000
D_506 -18.409 -475.402 8.000
P_507 0.000 -195.996 4.000
A_508 0.000 185.740 4.000
I_509 0.000 777.529 0.000
P_510 0.000 -195.996 0.000
G_511 0.000 -27.649 2.000
V_512 0.000 613.196 2.000
Y_513 -1.718 -274.939 2.000
F_514 0.000 560.542 6.000
G_515 0.000 -27.649 6.000
N_516 -14.591 -507.047 6.000
P_517 0.000 -195.996 6.000
Y_518 -8.431 -274.939 6.000
P_519 0.000 -195.996 2.000
F_520 0.000 560.542 2.000
G_521 0.000 -27.649 4.000
I_522 0.000 777.529 4.000
D_523 -7.878 -475.402 4.000
P_524 0.000 -195.996 5.000
I_525 0.000 777.529 9.000
W_526 -3.990 -203.500 5.000
N_527 -11.867 -507.047 5.000
L_528 0.000 679.918 8.000
A_529 0.000 185.740 11.000
S_530 -16.309 -90.060 10.000
N_531 -21.132 -507.047 10.000
K_532 -18.462 -818.649 13.000
L_533 0.000 679.918 10.000
T_534 -11.867 -90.974 6.000
F_535 0.000 560.542 7.000
L_536 0.000 679.918 10.000
N_537 -19.866 -507.047 9.000
S_538 -17.811 -90.060 12.000
Y_539 -12.104 -274.939 12.000
K_540 -17.098 -818.649 11.000
M_541 0.000 401.769 8.000
K_542 -15.425 -818.649 9.000
M_543 0.000 401.769 6.000
S_544 -11.867 -90.060 6.000
V_545 0.000 613.196 3.000
I_546 0.000 777.529 3.000
L_547 0.000 679.918 0.000
G_548 0.000 -27.649 0.000
I_549 0.000 777.529 4.000
V_550 0.000 613.196 4.000
Q_551 -7.878 -643.904 4.000
M_552 0.000 401.769 4.000
V_553 0.000 613.196 4.000
F_554 0.000 560.542 0.000
G_555 0.000 -27.649 0.000
V_556 0.000 613.196 0.000
I_557 0.000 777.529 3.000
L_558 0.000 679.918 3.000
S_559 -4.441 -90.060 3.000
L_560 0.000 679.918 7.000
F_561 0.000 560.542 9.000
N_562 -14.591 -507.047 6.000
H_563 -9.978 -583.484 8.000
I_564 0.000 777.529 8.000
Y_565 -10.601 -274.939 9.000
F_566 0.000 560.542 12.000
R_567 -31.716 -1015.709 15.000
R_568 -29.616 -1015.709 13.000
T_569 -20.609 -90.974 17.000
L_570 0.000 679.918 12.000
N_571 -16.691 -507.047 7.000
I_572 0.000 777.529 4.000
I_573 0.000 777.529 8.000
L_574 0.000 679.918 4.000
Q_575 -7.878 -643.904 4.000
F_576 0.000 560.542 4.000
I_577 0.000 777.529 8.000
P_578 0.000 -195.996 4.000
E_579 -7.878 -605.239 4.000
M_580 0.000 401.769 4.000
I_581 0.000 777.529 4.000
F_582 0.000 560.542 0.000
I_583 0.000 777.529 0.000
L_584 0.000 679.918 0.000
C_585 0.000 322.480 0.000
L_586 0.000 679.918 0.000
F_587 0.000 560.542 2.000
G_588 0.000 -27.649 2.000
Y_589 -1.718 -274.939 2.000
L_590 0.000 679.918 2.000
V_591 0.000 613.196 2.000
F_592 0.000 560.542 0.000
M_593 0.000 401.769 0.000
I_594 0.000 777.529 0.000
I_595 0.000 777.529 3.000
F_596 0.000 560.542 4.000
K_597 -7.878 -818.649 4.000
W_598 -3.436 -203.500 4.000
C_599 0.000 322.480 4.000
C_600 0.000 322.480 5.000
F_601 0.000 560.542 4.000
D_602 -14.591 -475.402 6.000
V_603 0.000 613.196 6.000
H_604 -10.601 -583.484 9.000
V_605 0.000 613.196 9.000
S_606 -17.098 -90.060 11.000
Q_607 -19.866 -643.904 9.000
H_608 -10.601 -583.484 9.000
A_609 0.000 185.740 9.000
P_610 0.000 -195.996 5.000
S_611 -4.441 -90.060 3.000
I_612 0.000 777.529 3.000
L_613 0.000 679.918 5.000
I_614 0.000 777.529 2.000
H_615 -1.718 -583.484 2.000
F_616 0.000 560.542 6.000
I_617 0.000 777.529 6.000
N_618 -7.878 -507.047 4.000
M_619 0.000 401.769 4.000
F_620 0.000 560.542 4.000
L_621 0.000 679.918 4.000
F_622 0.000 560.542 6.000
N_623 -19.866 -507.047 9.000
Y_624 -12.518 -274.939 13.000
S_625 -20.127 -90.060 16.000
D_626 -25.772 -475.402 15.000
S_627 -20.609 -90.060 17.000
S_628 -19.059 -90.060 14.000
N_629 -21.132 -507.047 10.000
A_630 0.000 185.740 7.000
P_631 0.000 -195.996 6.000
L_632 0.000 679.918 5.000
Y_633 -9.265 -274.939 7.000
K_634 -17.098 -818.649 11.000
H_635 -13.255 -583.484 15.000
Q_636 -27.150 -643.904 17.000
Q_637 -25.003 -643.904 14.000
E_638 -26.485 -605.239 16.000
V_639 0.000 613.196 15.000
Q_640 -22.253 -643.904 11.000
S_641 -13.255 -90.060 7.000
F_642 0.000 560.542 7.000
F_643 0.000 560.542 3.000
V_644 0.000 613.196 0.000
V_645 0.000 613.196 0.000
M_646 0.000 401.769 0.000
A_647 0.000 185.740 0.000
L_648 0.000 679.918 3.000
I_649 0.000 777.529 3.000
S_650 -4.441 -90.060 3.000
V_651 0.000 613.196 4.000
P_652 0.000 -195.996 4.000
W_653 -0.000 -203.500 1.000
M_654 0.000 401.769 1.000
L_655 0.000 679.918 1.000
L_656 0.000 679.918 3.000
I_657 0.000 777.529 3.000
K_658 -4.441 -818.649 3.000
P_659 0.000 -195.996 3.000
F_660 0.000 560.542 3.000
I_661 0.000 777.529 5.000
L_662 0.000 679.918 5.000
R_663 -21.845 -1015.709 8.000
A_664 0.000 185.740 10.000
S_665 -19.613 -90.060 15.000
H_666 -12.518 -583.484 13.000
R_667 -32.645 -1015.709 16.000
K_668 -20.609 -818.649 17.000
S_669 -19.613 -90.060 15.000
Q_670 -25.003 -643.904 14.000
L_671 0.000 679.918 11.000
Q_672 -22.253 -643.904 11.000
A_673 0.000 185.740 12.000
S_674 -17.811 -90.060 12.000
R_675 -28.412 -1015.709 12.000
I_676 0.000 777.529 16.000
Q_677 -27.150 -643.904 17.000
E_678 -23.258 -605.239 12.000
D_679 -25.772 -475.402 15.000
A_680 0.000 185.740 15.000
T_681 -19.613 -90.974 15.000
E_682 -22.253 -605.239 11.000
N_683 -25.772 -507.047 15.000
I_684 0.000 777.529 12.000
E_685 -23.258 -605.239 12.000
G_686 0.000 -27.649 11.000
D_687 -25.003 -475.402 14.000
S_688 -18.462 -90.060 13.000
S_689 -18.462 -90.060 13.000
S_690 -17.811 -90.060 12.000
P_691 0.000 -195.996 12.000
S_692 -19.059 -90.060 14.000
S_693 -19.059 -90.060 14.000
R_694 -30.711 -1015.709 14.000
S_695 -19.613 -90.060 15.000
G_696 0.000 -27.649 17.000
Q_697 -25.772 -643.904 15.000
R_698 -31.716 -1015.709 15.000
T_699 -19.613 -90.974 15.000
S_700 -19.613 -90.060 15.000
A_701 0.000 185.740 13.000
D_702 -23.258 -475.402 12.000
T_703 -15.425 -90.974 9.000
H_704 -10.601 -583.484 9.000
G_705 0.000 -27.649 5.000
A_706 0.000 185.740 6.000
L_707 0.000 679.918 8.000
D_708 -21.132 -475.402 10.000
D_709 -21.132 -475.402 10.000
H_710 -12.900 -583.484 14.000
G_711 0.000 -27.649 14.000
E_712 -21.132 -605.239 10.000
E_713 -23.258 -605.239 12.000
F_714 0.000 560.542 12.000
N_715 -18.409 -507.047 8.000
F_716 0.000 560.542 8.000
G_717 0.000 -27.649 8.000
D_718 -7.878 -475.402 4.000
V_719 0.000 613.196 4.000
F_720 0.000 560.542 6.000
V_721 0.000 613.196 6.000
H_722 -8.431 -583.484 6.000
Q_723 -14.591 -643.904 6.000
A_724 0.000 185.740 8.000
I_725 0.000 777.529 9.000
H_726 -7.426 -583.484 5.000
T_727 -15.425 -90.974 9.000
I_728 0.000 777.529 11.000
E_729 -19.866 -605.239 9.000
Y_730 -8.431 -274.939 6.000
C_731 0.000 322.480 6.000
L_732 0.000 679.918 2.000
G_733 0.000 -27.649 0.000
C_734 0.000 322.480 3.000
I_735 0.000 777.529 7.000
S_736 -16.309 -90.060 10.000
N_737 -21.132 -507.047 10.000
T_738 -18.462 -90.974 13.000
A_739 0.000 185.740 12.000
S_740 -14.420 -90.060 8.000
Y_741 -11.154 -274.939 10.000
L_742 0.000 679.918 10.000
R_743 -21.845 -1015.709 8.000
L_744 0.000 679.918 6.000
W_745 -4.441 -203.500 6.000
A_746 0.000 185.740 4.000
L_747 0.000 679.918 4.000
S_748 -4.441 -90.060 3.000
L_749 0.000 679.918 5.000
A_750 0.000 185.740 5.000
H_751 -8.431 -583.484 6.000
A_752 0.000 185.740 6.000
Q_753 -19.866 -643.904 9.000
L_754 0.000 679.918 11.000
S_755 -17.098 -90.060 11.000
E_756 -16.691 -605.239 7.000
V_757 0.000 613.196 8.000
L_758 0.000 679.918 8.000
W_759 -3.436 -203.500 4.000
T_760 -7.878 -90.974 4.000
M_761 0.000 401.769 4.000
V_762 0.000 613.196 7.000
M_763 0.000 401.769 7.000
N_764 -16.691 -507.047 7.000
S_765 -13.255 -90.060 7.000
G_766 0.000 -27.649 11.000
L_767 0.000 679.918 10.000
Q_768 -23.258 -643.904 12.000
T_769 -17.811 -90.974 12.000
R_770 -29.616 -1015.709 13.000
G_771 0.000 -27.649 9.000
W_772 -4.441 -203.500 6.000
G_773 0.000 -27.649 1.000
G_774 0.000 -27.649 1.000
I_775 0.000 777.529 0.000
V_776 0.000 613.196 0.000
G_777 0.000 -27.649 0.000
V_778 0.000 613.196 0.000
F_779 0.000 560.542 0.000
I_780 0.000 777.529 0.000
I_781 0.000 777.529 0.000
F_782 0.000 560.542 0.000
A_783 0.000 185.740 0.000
V_784 0.000 613.196 0.000
F_785 0.000 560.542 0.000
A_786 0.000 185.740 0.000
V_787 0.000 613.196 3.000
L_788 0.000 679.918 3.000
T_789 -4.441 -90.974 3.000
V_790 0.000 613.196 3.000
A_791 0.000 185.740 3.000
I_792 0.000 777.529 0.000
L_793 0.000 679.918 0.000
L_794 0.000 679.918 0.000
I_795 0.000 777.529 4.000
M_796 0.000 401.769 4.000
E_797 -7.878 -605.239 4.000
G_798 0.000 -27.649 7.000
L_799 0.000 679.918 7.000
S_800 -4.441 -90.060 3.000
A_801 0.000 185.740 3.000
F_802 0.000 560.542 5.000
L_803 0.000 679.918 2.000
H_804 -1.718 -583.484 2.000
A_805 0.000 185.740 7.000
L_806 0.000 679.918 7.000
R_807 -19.414 -1015.709 7.000
L_808 0.000 679.918 8.000
H_809 -9.978 -583.484 8.000
W_810 -4.824 -203.500 7.000
V_811 0.000 613.196 7.000
E_812 -19.866 -605.239 9.000
F_813 0.000 560.542 12.000
Q_814 -25.772 -643.904 15.000
N_815 -22.253 -507.047 11.000
K_816 -18.462 -818.649 13.000
F_817 0.000 560.542 9.000
Y_818 -7.426 -274.939 5.000
V_819 0.000 613.196 6.000
G_820 0.000 -27.649 6.000
D_821 -14.591 -475.402 6.000
G_822 0.000 -27.649 9.000
Y_823 -10.601 -274.939 9.000
K_824 -14.420 -818.649 8.000
F_825 0.000 560.542 8.000
S_826 -11.867 -90.060 6.000
P_827 0.000 -195.996 6.000
F_828 0.000 560.542 6.000
S_829 -11.867 -90.060 6.000
F_830 0.000 560.542 8.000
K_831 -14.420 -818.649 8.000
H_832 -7.426 -583.484 5.000
I_833 0.000 777.529 9.000
L_834 0.000 679.918 6.000
D_835 -16.691 -475.402 7.000
G_836 0.000 -27.649 7.000
T_837 -17.098 -90.974 11.000
A_838 0.000 185.740 11.000
E_839 -22.253 -605.239 11.000
E_840 -18.409 -605.239 8.000
