M_1 0.000 401.769 0.000
V_2 0.000 613.196 4.000
C_3 0.000 322.480 4.000
E_4 -16.691 -605.239 7.000
G_5 0.000 -27.649 12.000
K_6 -19.613 -818.649 15.000
R_7 -27.076 -1015.709 11.000
S_8 -19.059 -90.060 14.000
A_9 0.000 185.740 11.000
S_10 -11.867 -90.060 6.000
C_11 0.000 322.480 3.000
P_12 0.000 -195.996 3.000
C_13 0.000 322.480 0.000
F_14 0.000 560.542 0.000
F_15 0.000 560.542 0.000
L_16 0.000 679.918 3.000
L_17 0.000 679.918 3.000
T_18 -11.867 -90.974 6.000
A_19 0.000 185.740 6.000
K_20 -14.420 -818.649 8.000
F_21 0.000 560.542 6.000
Y_22 -8.431 -274.939 6.000
W_23 -2.723 -203.500 3.000
I_24 0.000 777.529 6.000
L_25 0.000 679.918 4.000
T_26 -4.441 -90.974 3.000
M_27 0.000 401.769 7.000
M_28 0.000 401.769 12.000
Q_29 -23.258 -643.904 12.000
R_30 -30.711 -1015.709 14.000
T_31 -20.609 -90.974 17.000
H_32 -13.896 -583.484 17.000
S_33 -20.127 -90.060 16.000
Q_34 -25.772 -643.904 15.000
E_35 -24.169 -605.239 13.000
Y_36 -12.104 -274.939 12.000
A_37 0.000 185.740 11.000
H_38 -9.265 -583.484 7.000
S_39 -16.309 -90.060 10.000
I_40 0.000 777.529 10.000
R_41 -28.412 -1015.709 12.000
V_42 0.000 613.196 9.000
D_43 -24.169 -475.402 13.000
G_44 0.000 -27.649 8.000
D_45 -18.409 -475.402 8.000
I_46 0.000 777.529 4.000
I_47 0.000 777.529 4.000
L_48 0.000 679.918 0.000
G_49 0.000 -27.649 0.000
G_50 0.000 -27.649 0.000
L_51 0.000 679.918 0.000
F_52 0.000 560.542 0.000
P_53 0.000 -195.996 2.000
V_54 0.000 613.196 2.000
H_55 -7.426 -583.484 5.000
A_56 0.000 185.740 5.000
K_57 -15.425 -818.649 9.000
G_58 0.000 -27.649 12.000
E_59 -23.258 -605.239 12.000
R_60 -23.856 -1015.709 9.000
G_61 0.000 -27.649 9.000
V_62 0.000 613.196 5.000
P_63 0.000 -195.996 0.000
C_64 0.000 322.480 4.000
G_65 0.000 -27.649 4.000
E_66 -16.691 -605.239 7.000
L_67 0.000 679.918 10.000
K_68 -19.059 -818.649 14.000
K_69 -18.462 -818.649 13.000
E_70 -24.169 -605.239 13.000
K_71 -16.309 -818.649 10.000
G_72 0.000 -27.649 9.000
I_73 0.000 777.529 10.000
H_74 -9.265 -583.484 7.000
R_75 -27.076 -1015.709 11.000
L_76 0.000 679.918 11.000
E_77 -19.866 -605.239 9.000
A_78 0.000 185.740 4.000
M_79 0.000 401.769 6.000
L_80 0.000 679.918 2.000
Y_81 -1.718 -274.939 2.000
A_82 0.000 185.740 6.000
I_83 0.000 777.529 10.000
D_84 -18.409 -475.402 8.000
Q_85 -23.258 -643.904 12.000
I_86 0.000 777.529 15.000
N_87 -25.772 -507.047 15.000
K_88 -17.098 -818.649 11.000
D_89 -25.772 -475.402 15.000
P_90 0.000 -195.996 11.000
D_91 -18.409 -475.402 8.000
L_92 0.000 679.918 7.000
L_93 0.000 679.918 11.000
S_94 -13.255 -90.060 7.000
N_95 -21.132 -507.047 10.000
I_96 0.000 777.529 10.000
T_97 -13.255 -90.974 7.000
L_98 0.000 679.918 3.000
G_99 0.000 -27.649 8.000
V_100 0.000 613.196 5.000
R_101 -11.867 -1015.709 5.000
I_102 0.000 777.529 9.000
L_103 0.000 679.918 12.000
D_104 -16.691 -475.402 7.000
T_105 -16.309 -90.974 10.000
C_106 0.000 322.480 15.000
S_107 -19.613 -90.060 15.000
R_108 -31.716 -1015.709 15.000
D_109 -27.150 -475.402 17.000
T_110 -19.059 -90.974 14.000
Y_111 -10.601 -274.939 9.000
A_112 0.000 185.740 9.000
L_113 0.000 679.918 10.000
E_114 -22.253 -605.239 11.000
Q_115 -22.253 -643.904 11.000
S_116 -19.059 -90.060 14.000
L_117 0.000 679.918 10.000
T_118 -11.867 -90.974 6.000
F_119 0.000 560.542 7.000
V_120 0.000 613.196 7.000
Q_121 -7.878 -643.904 4.000
A_122 0.000 185.740 4.000
L_123 0.000 679.918 8.000
I_124 0.000 777.529 7.000
E_125 -22.253 -605.239 11.000
K_126 -17.098 -818.649 11.000
D_127 -25.003 -475.402 14.000
A_128 0.000 185.740 14.000
S_129 -17.098 -90.060 11.000
D_130 -21.132 -475.402 10.000
V_131 0.000 613.196 10.000
K_132 -13.255 -818.649 7.000
C_133 0.000 322.480 7.000
A_134 0.000 185.740 7.000
N_135 -18.409 -507.047 8.000
G_136 0.000 -27.649 8.000
D_137 -18.409 -475.402 8.000
P_138 0.000 -195.996 4.000
P_139 0.000 -195.996 4.000
I_140 0.000 777.529 3.000
F_141 0.000 560.542 6.000
T_142 -11.867 -90.974 6.000
K_143 -16.309 -818.649 10.000
P_144 0.000 -195.996 13.000
D_145 -21.132 -475.402 10.000
K_146 -16.309 -818.649 10.000
I_147 0.000 777.529 10.000
S_148 -11.867 -90.060 6.000
G_149 0.000 -27.649 3.000
V_150 0.000 613.196 3.000
I_151 0.000 777.529 0.000
G_152 0.000 -27.649 0.000
A_153 0.000 185.740 0.000
A_154 0.000 185.740 3.000
A_155 0.000 185.740 6.000
S_156 -11.867 -90.060 6.000
S_157 -15.425 -90.060 9.000
V_158 0.000 613.196 9.000
S_159 -11.867 -90.060 6.000
I_160 0.000 777.529 3.000
M_161 0.000 401.769 3.000
V_162 0.000 613.196 4.000
A_163 0.000 185.740 4.000
N_164 -7.878 -507.047 4.000
I_165 0.000 777.529 9.000
L_166 0.000 679.918 9.000
R_167 -11.867 -1015.709 5.000
L_168 0.000 679.918 8.000
F_169 0.000 560.542 8.000
K_170 -4.441 -818.649 3.000
I_171 0.000 777.529 7.000
P_172 0.000 -195.996 7.000
Q_173 -16.691 -643.904 7.000
I_174 0.000 777.529 9.000
S_175 -15.425 -90.060 9.000
Y_176 -9.978 -274.939 8.000
A_177 0.000 185.740 11.000
S_178 -14.420 -90.060 8.000
T_179 -11.867 -90.974 6.000
A_180 0.000 185.740 10.000
P_181 0.000 -195.996 7.000
E_182 -16.691 -605.239 7.000
L_183 0.000 679.918 11.000
S_184 -19.613 -90.060 15.000
D_185 -25.003 -475.402 14.000
N_186 -28.359 -507.047 19.000
T_187 -21.060 -90.974 18.000
R_188 -34.315 -1015.709 18.000
Y_189 -12.900 -274.939 14.000
D_190 -22.253 -475.402 11.000
F_191 0.000 560.542 9.000
F_192 0.000 560.542 12.000
S_193 -14.420 -90.060 8.000
R_194 -21.845 -1015.709 8.000
V_195 0.000 613.196 8.000
V_196 0.000 613.196 5.000
P_197 0.000 -195.996 4.000
P_198 0.000 -195.996 7.000
D_199 -19.866 -475.402 9.000
S_200 -18.462 -90.060 13.000
Y_201 -12.518 -274.939 13.000
Q_202 -24.169 -643.904 13.000
A_203 0.000 185.740 10.000
Q_204 -18.409 -643.904 8.000
A_205 0.000 185.740 4.000
M_206 0.000 401.769 8.000
V_207 0.000 613.196 4.000
D_208 -7.878 -475.402 4.000
I_209 0.000 777.529 7.000
V_210 0.000 613.196 7.000
T_211 -4.441 -90.974 3.000
A_212 0.000 185.740 3.000
L_213 0.000 679.918 4.000
G_214 0.000 -27.649 5.000
W_215 -4.824 -203.500 7.000
N_216 -16.691 -507.047 7.000
Y_217 -11.154 -274.939 10.000
V_218 0.000 613.196 12.000
S_219 -14.420 -90.060 8.000
T_220 -11.867 -90.974 6.000
L_221 0.000 679.918 9.000
A_222 0.000 185.740 10.000
S_223 -13.255 -90.060 7.000
E_224 -22.253 -605.239 11.000
G_225 0.000 -27.649 13.000
N_226 -21.132 -507.047 10.000
Y_227 -11.154 -274.939 10.000
G_228 0.000 -27.649 13.000
E_229 -19.866 -605.239 9.000
S_230 -13.255 -90.060 7.000
G_231 0.000 -27.649 11.000
V_232 0.000 613.196 7.000
E_233 -7.878 -605.239 4.000
A_234 0.000 185.740 7.000
F_235 0.000 560.542 11.000
T_236 -13.255 -90.974 7.000
Q_237 -21.132 -643.904 10.000
I_238 0.000 777.529 15.000
S_239 -20.127 -90.060 16.000
R_240 -28.412 -1015.709 12.000
E_241 -23.258 -605.239 12.000
I_242 0.000 777.529 9.000
G_243 0.000 -27.649 4.000
G_244 0.000 -27.649 0.000
V_245 0.000 613.196 0.000
C_246 0.000 322.480 0.000
I_247 0.000 777.529 4.000
A_248 0.000 185.740 7.000
Q_249 -22.253 -643.904 11.000
S_250 -19.059 -90.060 14.000
Q_251 -25.003 -643.904 14.000
K_252 -16.309 -818.649 10.000
I_253 0.000 777.529 12.000
P_254 0.000 -195.996 12.000
R_255 -23.856 -1015.709 9.000
E_256 -25.003 -605.239 14.000
P_257 0.000 -195.996 14.000
R_258 -23.856 -1015.709 9.000
P_259 0.000 -195.996 9.000
G_260 0.000 -27.649 9.000
E_261 -18.409 -605.239 8.000
F_262 0.000 560.542 11.000
E_263 -22.253 -605.239 11.000
K_264 -13.255 -818.649 7.000
I_265 0.000 777.529 10.000
I_266 0.000 777.529 11.000
K_267 -14.420 -818.649 8.000
R_268 -21.845 -1015.709 8.000
L_269 0.000 679.918 12.000
L_270 0.000 679.918 12.000
E_271 -16.691 -605.239 7.000
T_272 -17.098 -90.974 11.000
P_273 0.000 -195.996 11.000
N_274 -23.258 -507.047 12.000
A_275 0.000 185.740 9.000
R_276 -23.856 -1015.709 9.000
A_277 0.000 185.740 5.000
V_278 0.000 613.196 5.000
I_279 0.000 777.529 0.000
M_280 0.000 401.769 0.000
F_281 0.000 560.542 4.000
A_282 0.000 185.740 8.000
N_283 -23.258 -507.047 12.000
E_284 -26.485 -605.239 16.000
D_285 -26.485 -475.402 16.000
D_286 -27.150 -475.402 17.000
I_287 0.000 777.529 18.000
R_288 -30.711 -1015.709 14.000
R_289 -25.574 -1015.709 10.000
I_290 0.000 777.529 14.000
L_291 0.000 679.918 9.000
E_292 -7.878 -605.239 4.000
A_293 0.000 185.740 7.000
A_294 0.000 185.740 10.000
K_295 -11.867 -818.649 6.000
K_296 -16.309 -818.649 10.000
L_297 0.000 679.918 14.000
N_298 -25.003 -507.047 14.000
Q_299 -22.253 -643.904 11.000
S_300 -18.462 -90.060 13.000
G_301 0.000 -27.649 9.000
H_302 -7.426 -583.484 5.000
F_303 0.000 560.542 3.000
L_304 0.000 679.918 3.000
W_305 -0.000 -203.500 1.000
I_306 0.000 777.529 4.000
G_307 0.000 -27.649 8.000
S_308 -16.309 -90.060 10.000
D_309 -22.253 -475.402 11.000
S_310 -17.098 -90.060 11.000
W_311 -5.944 -203.500 11.000
G_312 0.000 -27.649 10.000
S_313 -13.255 -90.060 7.000
K_314 -11.867 -818.649 6.000
I_315 0.000 777.529 6.000
A_316 0.000 185.740 3.000
P_317 0.000 -195.996 2.000
V_318 0.000 613.196 6.000
Y_319 -11.154 -274.939 10.000
Q_320 -25.003 -643.904 14.000
Q_321 -27.773 -643.904 18.000
E_322 -26.485 -605.239 16.000
E_323 -23.258 -605.239 12.000
I_324 0.000 777.529 12.000
A_325 0.000 185.740 8.000
E_326 -7.878 -605.239 4.000
G_327 0.000 -27.649 4.000
A_328 0.000 185.740 7.000
V_329 0.000 613.196 3.000
T_330 -4.441 -90.974 3.000
I_331 0.000 777.529 3.000
L_332 0.000 679.918 6.000
P_333 0.000 -195.996 8.000
K_334 -14.420 -818.649 8.000
R_335 -27.076 -1015.709 11.000
A_336 0.000 185.740 11.000
S_337 -17.811 -90.060 12.000
I_338 0.000 777.529 7.000
D_339 -16.691 -475.402 7.000
G_340 0.000 -27.649 8.000
F_341 0.000 560.542 13.000
D_342 -22.253 -475.402 11.000
R_343 -27.076 -1015.709 11.000
Y_344 -13.586 -274.939 16.000
F_345 0.000 560.542 15.000
R_346 -31.716 -1015.709 15.000
S_347 -20.127 -90.060 16.000
R_348 -32.645 -1015.709 16.000
T_349 -17.098 -90.974 11.000
L_350 0.000 679.918 12.000
A_351 0.000 185.740 11.000
N_352 -24.169 -507.047 13.000
N_353 -27.773 -507.047 18.000
R_354 -37.098 -1015.709 22.000
R_355 -34.315 -1015.709 18.000
N_356 -25.772 -507.047 15.000
V_357 0.000 613.196 10.000
W_358 -3.990 -203.500 5.000
F_359 0.000 560.542 5.000
A_360 0.000 185.740 5.000
E_361 -11.867 -605.239 5.000
F_362 0.000 560.542 9.000
W_363 -6.358 -203.500 13.000
E_364 -24.169 -605.239 13.000
E_365 -24.169 -605.239 13.000
N_366 -23.258 -507.047 12.000
F_367 0.000 560.542 8.000
G_368 0.000 -27.649 7.000
C_369 0.000 322.480 3.000
K_370 -4.441 -818.649 3.000
L_371 0.000 679.918 6.000
G_372 0.000 -27.649 8.000
S_373 -10.149 -90.060 5.000
H_374 -9.978 -583.484 8.000
G_375 0.000 -27.649 13.000
K_376 -19.059 -818.649 14.000
R_377 -31.716 -1015.709 15.000
N_378 -27.150 -507.047 17.000
S_379 -19.059 -90.060 14.000
H_380 -12.104 -583.484 12.000
I_381 0.000 777.529 11.000
K_382 -14.420 -818.649 8.000
K_383 -15.425 -818.649 9.000
C_384 0.000 322.480 9.000
T_385 -11.867 -90.974 6.000
G_386 0.000 -27.649 7.000
L_387 0.000 679.918 12.000
E_388 -19.866 -605.239 9.000
R_389 -23.856 -1015.709 9.000
I_390 0.000 777.529 14.000
A_391 0.000 185.740 14.000
R_392 -28.412 -1015.709 12.000
D_393 -25.772 -475.402 15.000
S_394 -20.609 -90.060 17.000
S_395 -20.127 -90.060 16.000
Y_396 -13.586 -274.939 16.000
E_397 -27.150 -605.239 17.000
Q_398 -25.003 -643.904 14.000
E_399 -25.772 -605.239 15.000
G_400 0.000 -27.649 11.000
K_401 -17.098 -818.649 11.000
V_402 0.000 613.196 7.000
Q_403 -16.691 -643.904 7.000
F_404 0.000 560.542 4.000
V_405 0.000 613.196 8.000
I_406 0.000 777.529 4.000
D_407 -7.878 -475.402 4.000
A_408 0.000 185.740 6.000
V_409 0.000 613.196 9.000
Y_410 -7.426 -274.939 5.000
S_411 -10.149 -90.060 5.000
M_412 0.000 401.769 7.000
A_413 0.000 185.740 5.000
Y_414 -1.718 -274.939 2.000
A_415 0.000 185.740 4.000
L_416 0.000 679.918 8.000
H_417 -8.431 -583.484 6.000
N_418 -18.409 -507.047 8.000
M_419 0.000 401.769 11.000
H_420 -12.518 -583.484 13.000
K_421 -15.425 -818.649 9.000
D_422 -19.866 -475.402 9.000
L_423 0.000 679.918 7.000
C_424 0.000 322.480 4.000
P_425 0.000 -195.996 2.000
G_426 0.000 -27.649 2.000
Y_427 -1.718 -274.939 2.000
I_428 0.000 777.529 2.000
G_429 0.000 -27.649 2.000
L_430 0.000 679.918 0.000
C_431 0.000 322.480 5.000
P_432 0.000 -195.996 5.000
R_433 -21.845 -1015.709 8.000
M_434 0.000 401.769 11.000
S_435 -17.098 -90.060 11.000
T_436 -16.309 -90.974 10.000
I_437 0.000 777.529 10.000
D_438 -21.132 -475.402 10.000
G_439 0.000 -27.649 11.000
K_440 -17.098 -818.649 11.000
E_441 -16.691 -605.239 7.000
L_442 0.000 679.918 7.000
L_443 0.000 679.918 6.000
G_444 0.000 -27.649 2.000
Y_445 -9.265 -274.939 7.000
I_446 0.000 777.529 7.000
R_447 -19.414 -1015.709 7.000
A_448 0.000 185.740 9.000
V_449 0.000 613.196 9.000
N_450 -18.409 -507.047 8.000
F_451 0.000 560.542 8.000
N_452 -22.253 -507.047 11.000
G_453 0.000 -27.649 7.000
S_454 -13.255 -90.060 7.000
A_455 0.000 185.740 6.000
G_456 0.000 -27.649 6.000
T_457 -4.441 -90.974 3.000
P_458 0.000 -195.996 6.000
V_459 0.000 613.196 6.000
T_460 -13.255 -90.974 7.000
F_461 0.000 560.542 11.000
N_462 -25.772 -507.047 15.000
E_463 -23.258 -605.239 12.000
N_464 -26.485 -507.047 16.000
G_465 0.000 -27.649 12.000
D_466 -18.409 -475.402 8.000
A_467 0.000 185.740 4.000
P_468 0.000 -195.996 9.000
G_469 0.000 -27.649 7.000
R_470 -27.076 -1015.709 11.000
Y_471 -11.652 -274.939 11.000
D_472 -22.253 -475.402 11.000
I_473 0.000 777.529 10.000
F_474 0.000 560.542 10.000
Q_475 -21.132 -643.904 10.000
Y_476 -11.154 -274.939 10.000
Q_477 -24.169 -643.904 13.000
I_478 0.000 777.529 13.000
T_479 -19.059 -90.974 14.000
N_480 -24.169 -507.047 13.000
K_481 -20.127 -818.649 16.000
S_482 -20.609 -90.060 17.000
T_483 -19.613 -90.974 15.000
E_484 -25.772 -605.239 15.000
Y_485 -12.104 -274.939 12.000
K_486 -15.425 -818.649 9.000
V_487 0.000 613.196 5.000
I_488 0.000 777.529 5.000
G_489 0.000 -27.649 3.000
H_490 -8.431 -583.484 6.000
W_491 -5.708 -203.500 10.000
T_492 -19.059 -90.974 14.000
N_493 -23.258 -507.047 12.000
Q_494 -24.169 -643.904 13.000
L_495 0.000 679.918 10.000
H_496 -10.601 -583.484 9.000
L_497 0.000 679.918 5.000
K_498 -15.425 -818.649 9.000
V_499 0.000 613.196 11.000
E_500 -22.253 -605.239 11.000
D_501 -23.258 -475.402 12.000
M_502 0.000 401.769 13.000
Q_503 -19.866 -643.904 9.000
W_504 -4.824 -203.500 7.000
A_505 0.000 185.740 12.000
H_506 -12.104 -583.484 12.000
R_507 -29.616 -1015.709 13.000
E_508 -26.485 -605.239 16.000
H_509 -13.586 -583.484 16.000
T_510 -17.098 -90.974 11.000
H_511 -9.265 -583.484 7.000
P_512 0.000 -195.996 8.000
A_513 0.000 185.740 5.000
S_514 -4.441 -90.060 3.000
V_515 0.000 613.196 6.000
C_516 0.000 322.480 6.000
S_517 -4.441 -90.060 3.000
L_518 0.000 679.918 3.000
P_519 0.000 -195.996 6.000
C_520 0.000 322.480 3.000
K_521 -4.441 -818.649 3.000
P_522 0.000 -195.996 7.000
G_523 0.000 -27.649 12.000
E_524 -23.258 -605.239 12.000
R_525 -31.716 -1015.709 15.000
K_526 -21.060 -818.649 18.000
K_527 -19.059 -818.649 14.000
T_528 -17.811 -90.974 12.000
V_529 0.000 613.196 9.000
K_530 -11.867 -818.649 6.000
G_531 0.000 -27.649 3.000
V_532 0.000 613.196 3.000
P_533 0.000 -195.996 0.000
C_534 0.000 322.480 1.000
C_535 0.000 322.480 3.000
W_536 -2.723 -203.500 3.000
H_537 -9.265 -583.484 7.000
C_538 0.000 322.480 12.000
E_539 -22.253 -605.239 11.000
R_540 -29.616 -1015.709 13.000
C_541 0.000 322.480 13.000
E_542 -22.253 -605.239 11.000
G_543 0.000 -27.649 10.000
Y_544 -12.104 -274.939 12.000
N_545 -23.258 -507.047 12.000
Y_546 -12.104 -274.939 12.000
Q_547 -25.003 -643.904 14.000
V_548 0.000 613.196 14.000
D_549 -23.258 -475.402 12.000
E_550 -22.253 -605.239 11.000
L_551 0.000 679.918 11.000
S_552 -17.098 -90.060 11.000
C_553 0.000 322.480 7.000
E_554 -16.691 -605.239 7.000
L_555 0.000 679.918 4.000
C_556 0.000 322.480 4.000
P_557 0.000 -195.996 4.000
L_558 0.000 679.918 8.000
D_559 -24.169 -475.402 13.000
Q_560 -24.169 -643.904 13.000
R_561 -33.508 -1015.709 17.000
P_562 0.000 -195.996 13.000
N_563 -24.169 -507.047 13.000
M_564 0.000 401.769 13.000
N_565 -26.485 -507.047 16.000
R_566 -28.412 -1015.709 12.000
T_567 -17.811 -90.974 12.000
G_568 0.000 -27.649 12.000
C_569 0.000 322.480 7.000
Q_570 -7.878 -643.904 4.000
L_571 0.000 679.918 4.000
I_572 0.000 777.529 4.000
P_573 0.000 -195.996 0.000
I_574 0.000 777.529 3.000
I_575 0.000 777.529 3.000
K_576 -13.255 -818.649 7.000
L_577 0.000 679.918 8.000
E_578 -21.132 -605.239 10.000
W_579 -5.708 -203.500 10.000
H_580 -11.154 -583.484 10.000
S_581 -13.255 -90.060 7.000
P_582 0.000 -195.996 6.000
W_583 -3.436 -203.500 4.000
A_584 0.000 185.740 1.000
V_585 0.000 613.196 1.000
V_586 0.000 613.196 0.000
P_587 0.000 -195.996 0.000
V_588 0.000 613.196 0.000
F_589 0.000 560.542 0.000
V_590 0.000 613.196 0.000
A_591 0.000 185.740 0.000
I_592 0.000 777.529 0.000
L_593 0.000 679.918 0.000
G_594 0.000 -27.649 0.000
I_595 0.000 777.529 0.000
I_596 0.000 777.529 3.000
A_597 0.000 185.740 6.000
T_598 -11.867 -90.974 6.000
T_599 -11.867 -90.974 6.000
F_600 0.000 560.542 6.000
V_601 0.000 613.196 3.000
I_602 0.000 777.529 3.000
V_603 0.000 613.196 3.000
T_604 -4.441 -90.974 3.000
F_605 0.000 560.542 8.000
V_606 0.000 613.196 10.000
R_607 -27.076 -1015.709 11.000
Y_608 -13.255 -274.939 15.000
N_609 -27.773 -507.047 18.000
D_610 -24.169 -475.402 13.000
T_611 -17.098 -90.974 11.000
P_612 0.000 -195.996 7.000
I_613 0.000 777.529 8.000
V_614 0.000 613.196 5.000
R_615 -21.845 -1015.709 8.000
A_616 0.000 185.740 8.000
S_617 -18.462 -90.060 13.000
G_618 0.000 -27.649 12.000
R_619 -28.412 -1015.709 12.000
E_620 -23.258 -605.239 12.000
L_621 0.000 679.918 14.000
S_622 -15.425 -90.060 9.000
Y_623 -7.426 -274.939 5.000
V_624 0.000 613.196 5.000
L_625 0.000 679.918 5.000
L_626 0.000 679.918 3.000
T_627 -4.441 -90.974 3.000
G_628 0.000 -27.649 3.000
I_629 0.000 777.529 3.000
F_630 0.000 560.542 0.000
L_631 0.000 679.918 2.000
C_632 0.000 322.480 5.000
Y_633 -7.426 -274.939 5.000
S_634 -14.420 -90.060 8.000
I_635 0.000 777.529 8.000
T_636 -11.867 -90.974 6.000
F_637 0.000 560.542 3.000
L_638 0.000 679.918 3.000
M_639 0.000 401.769 0.000
I_640 0.000 777.529 0.000
A_641 0.000 185.740 0.000
A_642 0.000 185.740 4.000
P_643 0.000 -195.996 7.000
D_644 -16.691 -475.402 7.000
T_645 -13.255 -90.974 7.000
I_646 0.000 777.529 7.000
I_647 0.000 777.529 6.000
C_648 0.000 322.480 3.000
S_649 -14.420 -90.060 8.000
F_650 0.000 560.542 13.000
R_651 -29.616 -1015.709 13.000
R_652 -25.574 -1015.709 10.000
V_653 0.000 613.196 10.000
F_654 0.000 560.542 5.000
L_655 0.000 679.918 0.000
G_656 0.000 -27.649 0.000
L_657 0.000 679.918 0.000
G_658 0.000 -27.649 0.000
M_659 0.000 401.769 0.000
C_660 0.000 322.480 3.000
F_661 0.000 560.542 5.000
S_662 -10.149 -90.060 5.000
Y_663 -7.426 -274.939 5.000
A_664 0.000 185.740 5.000
A_665 0.000 185.740 2.000
L_666 0.000 679.918 3.000
L_667 0.000 679.918 6.000
T_668 -15.425 -90.974 9.000
K_669 -18.462 -818.649 13.000
T_670 -21.060 -90.974 18.000
N_671 -25.772 -507.047 15.000
R_672 -30.711 -1015.709 14.000
I_673 0.000 777.529 16.000
H_674 -12.104 -583.484 12.000
R_675 -19.414 -1015.709 7.000
I_676 0.000 777.529 11.000
F_677 0.000 560.542 13.000
E_678 -18.409 -605.239 8.000
Q_679 -22.253 -643.904 11.000
G_680 0.000 -27.649 14.000
K_681 -18.462 -818.649 13.000
K_682 -15.425 -818.649 9.000
S_683 -17.811 -90.060 12.000
V_684 0.000 613.196 9.000
T_685 -11.867 -90.974 6.000
A_686 0.000 185.740 6.000
P_687 0.000 -195.996 6.000
K_688 -4.441 -818.649 3.000
F_689 0.000 560.542 6.000
I_690 0.000 777.529 6.000
S_691 -4.441 -90.060 3.000
P_692 0.000 -195.996 6.000
A_693 0.000 185.740 10.000
S_694 -13.255 -90.060 7.000
Q_695 -16.691 -643.904 7.000
L_696 0.000 679.918 7.000
V_697 0.000 613.196 7.000
I_698 0.000 777.529 3.000
T_699 -11.867 -90.974 6.000
F_700 0.000 560.542 6.000
S_701 -11.867 -90.060 6.000
L_702 0.000 679.918 6.000
I_703 0.000 777.529 6.000
S_704 -13.255 -90.060 7.000
V_705 0.000 613.196 7.000
Q_706 -16.691 -643.904 7.000
L_707 0.000 679.918 4.000
L_708 0.000 679.918 4.000
G_709 0.000 -27.649 0.000
V_710 0.000 613.196 0.000
F_711 0.000 560.542 1.000
V_712 0.000 613.196 1.000
W_713 -0.000 -203.500 1.000
F_714 0.000 560.542 1.000
V_715 0.000 613.196 5.000
V_716 0.000 613.196 4.000
D_717 -7.878 -475.402 4.000
P_718 0.000 -195.996 6.000
P_719 0.000 -195.996 6.000
H_720 -1.718 -583.484 2.000
I_721 0.000 777.529 2.000
I_722 0.000 777.529 6.000
I_723 0.000 777.529 6.000
D_724 -14.591 -475.402 6.000
Y_725 -11.154 -274.939 10.000
G_726 0.000 -27.649 14.000
E_727 -25.772 -605.239 15.000
Q_728 -26.485 -643.904 16.000
R_729 -32.645 -1015.709 16.000
T_730 -20.127 -90.974 16.000
L_731 0.000 679.918 12.000
D_732 -22.253 -475.402 11.000
P_733 0.000 -195.996 11.000
E_734 -22.253 -605.239 11.000
K_735 -17.811 -818.649 12.000
A_736 0.000 185.740 12.000
R_737 -21.845 -1015.709 8.000
G_738 0.000 -27.649 5.000
V_739 0.000 613.196 8.000
L_740 0.000 679.918 3.000
K_741 -13.255 -818.649 7.000
C_742 0.000 322.480 7.000
D_743 -21.132 -475.402 10.000
I_744 0.000 777.529 11.000
S_745 -17.098 -90.060 11.000
D_746 -21.132 -475.402 10.000
L_747 0.000 679.918 10.000
S_748 -13.255 -90.060 7.000
L_749 0.000 679.918 3.000
I_750 0.000 777.529 6.000
C_751 0.000 322.480 3.000
S_752 -4.441 -90.060 3.000
L_753 0.000 679.918 5.000
G_754 0.000 -27.649 8.000
Y_755 -7.426 -274.939 5.000
S_756 -10.149 -90.060 5.000
I_757 0.000 777.529 5.000
L_758 0.000 679.918 3.000
L_759 0.000 679.918 0.000
M_760 0.000 401.769 3.000
V_761 0.000 613.196 3.000
T_762 -11.867 -90.974 6.000
C_763 0.000 322.480 6.000
T_764 -14.420 -90.974 8.000
V_765 0.000 613.196 5.000
Y_766 -7.426 -274.939 5.000
A_767 0.000 185.740 5.000
I_768 0.000 777.529 8.000
K_769 -17.098 -818.649 11.000
T_770 -17.098 -90.974 11.000
R_771 -27.076 -1015.709 11.000
G_772 0.000 -27.649 8.000
V_773 0.000 613.196 9.000
P_774 0.000 -195.996 7.000
E_775 -16.691 -605.239 7.000
T_776 -17.098 -90.974 11.000
F_777 0.000 560.542 15.000
N_778 -22.253 -507.047 11.000
E_779 -22.253 -605.239 11.000
A_780 0.000 185.740 11.000
K_781 -13.255 -818.649 7.000
P_782 0.000 -195.996 3.000
I_783 0.000 777.529 3.000
G_784 0.000 -27.649 3.000
F_785 0.000 560.542 3.000
T_786 -10.149 -90.974 5.000
M_787 0.000 401.769 8.000
Y_788 -11.652 -274.939 11.000
T_789 -14.420 -90.974 8.000
T_790 -14.420 -90.974 8.000
C_791 0.000 322.480 6.000
I_792 0.000 777.529 4.000
I_793 0.000 777.529 1.000
W_794 -0.000 -203.500 1.000
L_795 0.000 679.918 1.000
A_796 0.000 185.740 1.000
F_797 0.000 560.542 0.000
I_798 0.000 777.529 0.000
P_799 0.000 -195.996 0.000
I_800 0.000 777.529 0.000
F_801 0.000 560.542 0.000
F_802 0.000 560.542 3.000
G_803 0.000 -27.649 3.000
T_804 -13.255 -90.974 7.000
A_805 0.000 185.740 10.000
Q_806 -21.132 -643.904 10.000
S_807 -17.098 -90.060 11.000
A_808 0.000 185.740 14.000
E_809 -21.132 -605.239 10.000
K_810 -15.425 -818.649 9.000
M_811 0.000 401.769 9.000
Y_812 -10.601 -274.939 9.000
I_813 0.000 777.529 9.000
Q_814 -23.258 -643.904 12.000
T_815 -18.462 -90.974 13.000
T_816 -18.462 -90.974 13.000
T_817 -17.811 -90.974 12.000
L_818 0.000 679.918 9.000
T_819 -15.425 -90.974 9.000
V_820 0.000 613.196 6.000
S_821 -15.425 -90.060 9.000
M_822 0.000 401.769 6.000
S_823 -15.425 -90.060 9.000
L_824 0.000 679.918 6.000
S_825 -15.425 -90.060 9.000
A_826 0.000 185.740 6.000
S_827 -15.425 -90.060 9.000
V_828 0.000 613.196 6.000
S_829 -11.867 -90.060 6.000
L_830 0.000 679.918 3.000
G_831 0.000 -27.649 3.000
M_832 0.000 401.769 2.000
L_833 0.000 679.918 2.000
Y_834 -1.718 -274.939 2.000
M_835 0.000 401.769 5.000
P_836 0.000 -195.996 5.000
K_837 -10.149 -818.649 5.000
V_838 0.000 613.196 5.000
Y_839 -7.426 -274.939 5.000
I_840 0.000 777.529 2.000
I_841 0.000 777.529 2.000
I_842 0.000 777.529 2.000
F_843 0.000 560.542 2.000
H_844 -8.431 -583.484 6.000
P_845 0.000 -195.996 10.000
E_846 -25.003 -605.239 14.000
Q_847 -23.258 -643.904 12.000
N_848 -26.485 -507.047 16.000
V_849 0.000 613.196 15.000
Q_850 -26.485 -643.904 16.000
K_851 -19.613 -818.649 15.000
R_852 -35.785 -1015.709 20.000
K_853 -21.486 -818.649 19.000
R_854 -32.645 -1015.709 16.000
S_855 -19.059 -90.060 14.000
F_856 0.000 560.542 11.000
K_857 -11.867 -818.649 6.000
A_858 0.000 185.740 3.000
V_859 0.000 613.196 6.000
V_860 0.000 613.196 3.000
T_861 -4.441 -90.974 3.000
A_862 0.000 185.740 6.000
A_863 0.000 185.740 6.000
T_864 -13.255 -90.974 7.000
M_865 0.000 401.769 10.000
Q_866 -24.169 -643.904 13.000
S_867 -16.309 -90.060 10.000
K_868 -16.309 -818.649 10.000
L_869 0.000 679.918 10.000
I_870 0.000 777.529 10.000
Q_871 -16.691 -643.904 7.000
K_872 -17.098 -818.649 11.000
G_873 0.000 -27.649 15.000
N_874 -26.485 -507.047 16.000
D_875 -24.169 -475.402 13.000
R_876 -33.508 -1015.709 17.000
P_877 0.000 -195.996 13.000
N_878 -24.169 -507.047 13.000
G_879 0.000 -27.649 8.000
E_880 -22.253 -605.239 11.000
V_881 0.000 613.196 10.000
K_882 -19.059 -818.649 14.000
S_883 -16.309 -90.060 10.000
E_884 -21.132 -605.239 10.000
L_885 0.000 679.918 11.000
C_886 0.000 322.480 11.000
E_887 -16.691 -605.239 7.000
S_888 -17.098 -90.060 11.000
L_889 0.000 679.918 14.000
E_890 -25.003 -605.239 14.000
T_891 -19.059 -90.974 14.000
N_892 -27.150 -507.047 17.000
T_893 -20.127 -90.974 16.000
S_894 -20.127 -90.060 16.000
S_895 -19.613 -90.060 15.000
T_896 -19.613 -90.974 15.000
K_897 -19.613 -818.649 15.000
T_898 -19.059 -90.974 14.000
T_899 -17.098 -90.974 11.000
Y_900 -11.652 -274.939 11.000
I_901 0.000 777.529 10.000
S_902 -16.309 -90.060 10.000
Y_903 -12.104 -274.939 12.000
S_904 -19.059 -90.060 14.000
N_905 -25.003 -507.047 14.000
H_906 -12.104 -583.484 12.000
S_907 -15.425 -90.060 9.000
I_908 0.000 777.529 5.000
