M_1 0.000 401.769 0.000
P_2 0.000 -195.996 0.000
L_3 0.000 679.918 0.000
L_4 0.000 679.918 0.000
L_5 0.000 679.918 0.000
L_6 0.000 679.918 0.000
L_7 0.000 679.918 0.000
L_8 0.000 679.918 0.000
L_9 0.000 679.918 0.000
L_10 0.000 679.918 3.000
P_11 0.000 -195.996 3.000
S_12 -4.441 -90.060 3.000
P_13 0.000 -195.996 5.000
L_14 0.000 679.918 5.000
H_15 -6.160 -583.484 4.000
P_16 0.000 -195.996 4.000
H_17 -6.160 -583.484 4.000
P_18 0.000 -195.996 2.000
I_19 0.000 777.529 6.000
C_20 0.000 322.480 4.000
E_21 -16.691 -605.239 7.000
V_22 0.000 613.196 10.000
S_23 -16.309 -90.060 10.000
K_24 -11.867 -818.649 6.000
V_25 0.000 613.196 9.000
A_26 0.000 185.740 8.000
S_27 -10.149 -90.060 5.000
H_28 -10.601 -583.484 9.000
L_29 0.000 679.918 9.000
E_30 -21.132 -605.239 10.000
V_31 0.000 613.196 8.000
N_32 -23.258 -507.047 12.000
C_33 0.000 322.480 11.000
D_34 -26.485 -475.402 16.000
K_35 -20.127 -818.649 16.000
R_36 -32.645 -1015.709 16.000
N_37 -25.772 -507.047 15.000
L_38 0.000 679.918 12.000
T_39 -13.255 -90.974 7.000
A_40 0.000 185.740 3.000
L_41 0.000 679.918 3.000
P_42 0.000 -195.996 4.000
P_43 0.000 -195.996 4.000
D_44 -7.878 -475.402 4.000
L_45 0.000 679.918 7.000
P_46 0.000 -195.996 11.000
K_47 -16.309 -818.649 10.000
D_48 -24.169 -475.402 13.000
T_49 -18.462 -90.974 13.000
T_50 -16.309 -90.974 10.000
I_51 0.000 777.529 8.000
L_52 0.000 679.918 5.000
H_53 -7.426 -583.484 5.000
L_54 0.000 679.918 9.000
S_55 -18.462 -90.060 13.000
E_56 -22.253 -605.239 11.000
N_57 -22.253 -507.047 11.000
L_58 0.000 679.918 10.000
L_59 0.000 679.918 9.000
Y_60 -7.426 -274.939 5.000
T_61 -14.420 -90.974 8.000
F_62 0.000 560.542 8.000
S_63 -11.867 -90.060 6.000
L_64 0.000 679.918 6.000
A_65 0.000 185.740 6.000
T_66 -4.441 -90.974 3.000
L_67 0.000 679.918 3.000
M_68 0.000 401.769 5.000
P_69 0.000 -195.996 5.000
Y_70 -11.154 -274.939 10.000
T_71 -16.309 -90.974 10.000
R_72 -29.616 -1015.709 13.000
L_73 0.000 679.918 15.000
T_74 -17.811 -90.974 12.000
Q_75 -22.253 -643.904 11.000
L_76 0.000 679.918 11.000
N_77 -23.258 -507.047 12.000
L_78 0.000 679.918 13.000
D_79 -24.169 -475.402 13.000
R_80 -29.616 -1015.709 13.000
C_81 0.000 322.480 13.000
E_82 -23.258 -605.239 12.000
L_83 0.000 679.918 10.000
T_84 -16.309 -90.974 10.000
K_85 -16.309 -818.649 10.000
L_86 0.000 679.918 10.000
Q_87 -22.253 -643.904 11.000
V_88 0.000 613.196 8.000
D_89 -22.253 -475.402 11.000
G_90 0.000 -27.649 7.000
T_91 -13.255 -90.974 7.000
L_92 0.000 679.918 3.000
P_93 0.000 -195.996 3.000
V_94 0.000 613.196 0.000
L_95 0.000 679.918 3.000
G_96 0.000 -27.649 3.000
T_97 -13.255 -90.974 7.000
L_98 0.000 679.918 7.000
D_99 -21.132 -475.402 10.000
L_100 0.000 679.918 9.000
S_101 -18.462 -90.060 13.000
H_102 -12.518 -583.484 13.000
N_103 -24.169 -507.047 13.000
Q_104 -25.003 -643.904 14.000
L_105 0.000 679.918 15.000
Q_106 -22.253 -643.904 11.000
S_107 -13.255 -90.060 7.000
L_108 0.000 679.918 7.000
P_109 0.000 -195.996 3.000
L_110 0.000 679.918 0.000
L_111 0.000 679.918 4.000
G_112 0.000 -27.649 7.000
Q_113 -16.691 -643.904 7.000
T_114 -13.255 -90.974 7.000
L_115 0.000 679.918 7.000
P_116 0.000 -195.996 3.000
A_117 0.000 185.740 3.000
L_118 0.000 679.918 3.000
T_119 -4.441 -90.974 3.000
V_120 0.000 613.196 7.000
L_121 0.000 679.918 7.000
D_122 -16.691 -475.402 7.000
V_123 0.000 613.196 7.000
S_124 -17.098 -90.060 11.000
F_125 0.000 560.542 12.000
N_126 -23.258 -507.047 12.000
R_127 -28.412 -1015.709 12.000
L_128 0.000 679.918 15.000
T_129 -17.098 -90.974 11.000
S_130 -11.867 -90.060 6.000
L_131 0.000 679.918 6.000
P_132 0.000 -195.996 3.000
L_133 0.000 679.918 0.000
G_134 0.000 -27.649 0.000
A_135 0.000 185.740 5.000
L_136 0.000 679.918 5.000
R_137 -11.867 -1015.709 5.000
G_138 0.000 -27.649 5.000
L_139 0.000 679.918 9.000
G_140 0.000 -27.649 4.000
E_141 -18.409 -605.239 8.000
L_142 0.000 679.918 12.000
Q_143 -23.258 -643.904 12.000
E_144 -21.132 -605.239 10.000
L_145 0.000 679.918 10.000
Y_146 -10.601 -274.939 9.000
L_147 0.000 679.918 5.000
K_148 -15.425 -818.649 9.000
G_149 0.000 -27.649 11.000
N_150 -22.253 -507.047 11.000
E_151 -22.253 -605.239 11.000
L_152 0.000 679.918 14.000
K_153 -16.309 -818.649 10.000
T_154 -11.867 -90.974 6.000
L_155 0.000 679.918 6.000
P_156 0.000 -195.996 3.000
P_157 0.000 -195.996 0.000
G_158 0.000 -27.649 0.000
L_159 0.000 679.918 3.000
L_160 0.000 679.918 3.000
T_161 -11.867 -90.974 6.000
P_162 0.000 -195.996 6.000
T_163 -15.425 -90.974 9.000
P_164 0.000 -195.996 6.000
K_165 -16.309 -818.649 10.000
L_166 0.000 679.918 10.000
E_167 -21.132 -605.239 10.000
K_168 -16.309 -818.649 10.000
L_169 0.000 679.918 10.000
S_170 -11.867 -90.060 6.000
L_171 0.000 679.918 7.000
A_172 0.000 185.740 11.000
N_173 -23.258 -507.047 12.000
N_174 -23.258 -507.047 12.000
N_175 -25.772 -507.047 15.000
L_176 0.000 679.918 15.000
T_177 -17.098 -90.974 11.000
E_178 -16.691 -605.239 7.000
L_179 0.000 679.918 7.000
P_180 0.000 -195.996 4.000
A_181 0.000 185.740 0.000
G_182 0.000 -27.649 0.000
L_183 0.000 679.918 4.000
L_184 0.000 679.918 4.000
N_185 -7.878 -507.047 4.000
G_186 0.000 -27.649 8.000
L_187 0.000 679.918 12.000
E_188 -18.409 -605.239 8.000
N_189 -23.258 -507.047 12.000
L_190 0.000 679.918 15.000
D_191 -22.253 -475.402 11.000
T_192 -13.255 -90.974 7.000
L_193 0.000 679.918 7.000
L_194 0.000 679.918 7.000
L_195 0.000 679.918 8.000
Q_196 -23.258 -643.904 12.000
E_197 -25.772 -605.239 15.000
N_198 -25.772 -507.047 15.000
S_199 -18.462 -90.060 13.000
L_200 0.000 679.918 12.000
Y_201 -9.978 -274.939 8.000
T_202 -10.149 -90.974 5.000
I_203 0.000 777.529 8.000
P_204 0.000 -195.996 6.000
K_205 -4.441 -818.649 3.000
G_206 0.000 -27.649 3.000
F_207 0.000 560.542 3.000
F_208 0.000 560.542 3.000
G_209 0.000 -27.649 5.000
S_210 -10.149 -90.060 5.000
H_211 -7.426 -583.484 5.000
L_212 0.000 679.918 5.000
L_213 0.000 679.918 2.000
P_214 0.000 -195.996 0.000
F_215 0.000 560.542 0.000
A_216 0.000 185.740 0.000
F_217 0.000 560.542 2.000
L_218 0.000 679.918 2.000
H_219 -8.431 -583.484 6.000
G_220 0.000 -27.649 6.000
N_221 -16.691 -507.047 7.000
P_222 0.000 -195.996 5.000
W_223 -3.990 -203.500 5.000
L_224 0.000 679.918 5.000
C_225 0.000 322.480 5.000
N_226 -18.409 -507.047 8.000
C_227 0.000 322.480 8.000
E_228 -18.409 -605.239 8.000
I_229 0.000 777.529 6.000
L_230 0.000 679.918 6.000
Y_231 -9.265 -274.939 7.000
F_232 0.000 560.542 12.000
R_233 -29.616 -1015.709 13.000
R_234 -27.076 -1015.709 11.000
W_235 -6.713 -203.500 15.000
L_236 0.000 679.918 14.000
Q_237 -24.169 -643.904 13.000
D_238 -23.258 -475.402 12.000
N_239 -26.485 -507.047 16.000
A_240 0.000 185.740 16.000
E_241 -23.258 -605.239 12.000
N_242 -21.132 -507.047 10.000
V_243 0.000 613.196 10.000
Y_244 -9.265 -274.939 7.000
V_245 0.000 613.196 6.000
W_246 -5.708 -203.500 10.000
K_247 -14.420 -818.649 8.000
Q_248 -18.409 -643.904 8.000
G_249 0.000 -27.649 11.000
V_250 0.000 613.196 8.000
D_251 -16.691 -475.402 7.000
V_252 0.000 613.196 7.000
K_253 -13.255 -818.649 7.000
A_254 0.000 185.740 6.000
M_255 0.000 401.769 9.000
T_256 -16.309 -90.974 10.000
S_257 -16.309 -90.060 10.000
N_258 -21.132 -507.047 10.000
V_259 0.000 613.196 10.000
A_260 0.000 185.740 7.000
S_261 -13.255 -90.060 7.000
V_262 0.000 613.196 7.000
Q_263 -22.253 -643.904 11.000
C_264 0.000 322.480 12.000
D_265 -25.772 -475.402 15.000
N_266 -25.772 -507.047 15.000
S_267 -21.060 -90.060 18.000
D_268 -25.003 -475.402 14.000
K_269 -16.309 -818.649 10.000
F_270 0.000 560.542 7.000
P_271 0.000 -195.996 5.000
V_272 0.000 613.196 5.000
Y_273 -9.265 -274.939 7.000
K_274 -13.255 -818.649 7.000
Y_275 -9.265 -274.939 7.000
P_276 0.000 -195.996 8.000
G_277 0.000 -27.649 5.000
K_278 -4.441 -818.649 3.000
G_279 0.000 -27.649 3.000
C_280 0.000 322.480 6.000
P_281 0.000 -195.996 3.000
T_282 -4.441 -90.974 3.000
L_283 0.000 679.918 7.000
G_284 0.000 -27.649 11.000
D_285 -18.409 -475.402 8.000
E_286 -23.258 -605.239 12.000
G_287 0.000 -27.649 15.000
D_288 -25.772 -475.402 15.000
T_289 -17.098 -90.974 11.000
D_290 -24.169 -475.402 13.000
L_291 0.000 679.918 13.000
Y_292 -12.104 -274.939 12.000
D_293 -21.132 -475.402 10.000
Y_294 -11.154 -274.939 10.000
Y_295 -12.104 -274.939 12.000
P_296 0.000 -195.996 12.000
E_297 -25.003 -605.239 14.000
E_298 -25.772 -605.239 15.000
D_299 -28.359 -475.402 19.000
T_300 -19.613 -90.974 15.000
E_301 -25.772 -605.239 15.000
G_302 0.000 -27.649 14.000
D_303 -22.253 -475.402 11.000
K_304 -17.811 -818.649 12.000
V_305 0.000 613.196 12.000
R_306 -27.076 -1015.709 11.000
A_307 0.000 185.740 13.000
T_308 -20.127 -90.974 16.000
R_309 -27.076 -1015.709 11.000
T_310 -17.098 -90.974 11.000
V_311 0.000 613.196 11.000
V_312 0.000 613.196 6.000
K_313 -4.441 -818.649 3.000
F_314 0.000 560.542 6.000
P_315 0.000 -195.996 9.000
T_316 -11.867 -90.974 6.000
K_317 -14.420 -818.649 8.000
A_318 0.000 185.740 11.000
H_319 -11.652 -583.484 11.000
T_320 -14.420 -90.974 8.000
T_321 -15.425 -90.974 9.000
P_322 0.000 -195.996 7.000
W_323 -3.436 -203.500 4.000
G_324 0.000 -27.649 1.000
L_325 0.000 679.918 3.000
F_326 0.000 560.542 5.000
Y_327 -8.431 -274.939 6.000
S_328 -15.425 -90.060 9.000
W_329 -6.160 -203.500 12.000
S_330 -16.309 -90.060 10.000
T_331 -16.309 -90.974 10.000
A_332 0.000 185.740 9.000
S_333 -16.309 -90.060 10.000
L_334 0.000 679.918 10.000
D_335 -25.003 -475.402 14.000
S_336 -17.098 -90.060 11.000
Q_337 -22.253 -643.904 11.000
M_338 0.000 401.769 10.000
P_339 0.000 -195.996 10.000
S_340 -11.867 -90.060 6.000
S_341 -14.420 -90.060 8.000
L_342 0.000 679.918 8.000
H_343 -9.978 -583.484 8.000
P_344 0.000 -195.996 9.000
T_345 -18.462 -90.974 13.000
Q_346 -25.003 -643.904 14.000
E_347 -27.150 -605.239 17.000
S_348 -20.609 -90.060 17.000
T_349 -20.609 -90.974 17.000
K_350 -20.609 -818.649 17.000
E_351 -27.150 -605.239 17.000
Q_352 -27.150 -643.904 17.000
T_353 -19.059 -90.974 14.000
T_354 -16.309 -90.974 10.000
F_355 0.000 560.542 6.000
P_356 0.000 -195.996 8.000
P_357 0.000 -195.996 6.000
R_358 -23.856 -1015.709 9.000
W_359 -5.447 -203.500 9.000
T_360 -18.462 -90.974 13.000
P_361 0.000 -195.996 8.000
N_362 -21.132 -507.047 10.000
F_363 0.000 560.542 7.000
T_364 -15.425 -90.974 9.000
L_365 0.000 679.918 5.000
H_366 -10.601 -583.484 9.000
M_367 0.000 401.769 9.000
E_368 -19.866 -605.239 9.000
S_369 -16.309 -90.060 10.000
I_370 0.000 777.529 10.000
T_371 -15.425 -90.974 9.000
F_372 0.000 560.542 9.000
S_373 -17.811 -90.060 12.000
K_374 -15.425 -818.649 9.000
T_375 -17.811 -90.974 12.000
P_376 0.000 -195.996 12.000
K_377 -17.811 -818.649 12.000
S_378 -17.811 -90.060 12.000
T_379 -20.127 -90.974 16.000
T_380 -18.462 -90.974 13.000
E_381 -24.169 -605.239 13.000
P_382 0.000 -195.996 10.000
T_383 -16.309 -90.974 10.000
P_384 0.000 -195.996 6.000
S_385 -15.425 -90.060 9.000
P_386 0.000 -195.996 9.000
T_387 -17.811 -90.974 12.000
T_388 -18.462 -90.974 13.000
S_389 -18.462 -90.060 13.000
E_390 -21.132 -605.239 10.000
P_391 0.000 -195.996 7.000
V_392 0.000 613.196 8.000
P_393 0.000 -195.996 4.000
E_394 -7.878 -605.239 4.000
P_395 0.000 -195.996 4.000
A_396 0.000 185.740 8.000
P_397 0.000 -195.996 4.000
N_398 -16.691 -507.047 7.000
M_399 0.000 401.769 10.000
T_400 -16.309 -90.974 10.000
T_401 -16.309 -90.974 10.000
L_402 0.000 679.918 10.000
E_403 -21.132 -605.239 10.000
P_404 0.000 -195.996 7.000
T_405 -16.309 -90.974 10.000
P_406 0.000 -195.996 6.000
S_407 -15.425 -90.060 9.000
P_408 0.000 -195.996 9.000
T_409 -15.425 -90.974 9.000
T_410 -16.309 -90.974 10.000
P_411 0.000 -195.996 10.000
E_412 -21.132 -605.239 10.000
P_413 0.000 -195.996 10.000
T_414 -19.059 -90.974 14.000
S_415 -16.309 -90.060 10.000
E_416 -21.132 -605.239 10.000
P_417 0.000 -195.996 7.000
A_418 0.000 185.740 7.000
P_419 0.000 -195.996 3.000
S_420 -11.867 -90.060 6.000
P_421 0.000 -195.996 9.000
T_422 -15.425 -90.974 9.000
T_423 -16.309 -90.974 10.000
P_424 0.000 -195.996 10.000
E_425 -21.132 -605.239 10.000
P_426 0.000 -195.996 10.000
T_427 -19.059 -90.974 14.000
S_428 -16.309 -90.060 10.000
E_429 -21.132 -605.239 10.000
P_430 0.000 -195.996 7.000
A_431 0.000 185.740 7.000
P_432 0.000 -195.996 3.000
S_433 -11.867 -90.060 6.000
P_434 0.000 -195.996 9.000
T_435 -15.425 -90.974 9.000
T_436 -16.309 -90.974 10.000
P_437 0.000 -195.996 10.000
E_438 -21.132 -605.239 10.000
P_439 0.000 -195.996 10.000
T_440 -19.059 -90.974 14.000
S_441 -16.309 -90.060 10.000
E_442 -21.132 -605.239 10.000
P_443 0.000 -195.996 7.000
A_444 0.000 185.740 7.000
P_445 0.000 -195.996 3.000
S_446 -11.867 -90.060 6.000
P_447 0.000 -195.996 9.000
T_448 -15.425 -90.974 9.000
T_449 -16.309 -90.974 10.000
P_450 0.000 -195.996 10.000
E_451 -21.132 -605.239 10.000
P_452 0.000 -195.996 7.000
T_453 -13.255 -90.974 7.000
P_454 0.000 -195.996 3.000
I_455 0.000 777.529 6.000
P_456 0.000 -195.996 3.000
T_457 -4.441 -90.974 3.000
I_458 0.000 777.529 6.000
A_459 0.000 185.740 9.000
T_460 -11.867 -90.974 6.000
S_461 -15.425 -90.060 9.000
P_462 0.000 -195.996 9.000
T_463 -11.867 -90.974 6.000
I_464 0.000 777.529 3.000
L_465 0.000 679.918 6.000
V_466 0.000 613.196 3.000
S_467 -11.867 -90.060 6.000
A_468 0.000 185.740 9.000
T_469 -15.425 -90.974 9.000
S_470 -11.867 -90.060 6.000
L_471 0.000 679.918 9.000
I_472 0.000 777.529 6.000
T_473 -11.867 -90.974 6.000
P_474 0.000 -195.996 9.000
K_475 -17.811 -818.649 12.000
S_476 -15.425 -90.060 9.000
T_477 -15.425 -90.974 9.000
F_478 0.000 560.542 9.000
L_479 0.000 679.918 9.000
T_480 -15.425 -90.974 9.000
T_481 -17.811 -90.974 12.000
T_482 -17.811 -90.974 12.000
K_483 -15.425 -818.649 9.000
P_484 0.000 -195.996 9.000
V_485 0.000 613.196 6.000
S_486 -4.441 -90.060 3.000
L_487 0.000 679.918 7.000
L_488 0.000 679.918 10.000
E_489 -21.132 -605.239 10.000
S_490 -18.462 -90.060 13.000
T_491 -20.127 -90.974 16.000
K_492 -19.613 -818.649 15.000
K_493 -17.811 -818.649 12.000
T_494 -15.425 -90.974 9.000
I_495 0.000 777.529 10.000
P_496 0.000 -195.996 7.000
E_497 -18.409 -605.239 8.000
L_498 0.000 679.918 12.000
D_499 -23.258 -475.402 12.000
Q_500 -18.409 -643.904 8.000
P_501 0.000 -195.996 11.000
P_502 0.000 -195.996 7.000
K_503 -14.420 -818.649 8.000
L_504 0.000 679.918 8.000
R_505 -21.845 -1015.709 8.000
G_506 0.000 -27.649 5.000
V_507 0.000 613.196 9.000
L_508 0.000 679.918 4.000
Q_509 -14.591 -643.904 6.000
G_510 0.000 -27.649 6.000
H_511 -11.154 -583.484 10.000
L_512 0.000 679.918 9.000
E_513 -23.258 -605.239 12.000
S_514 -19.613 -90.060 15.000
S_515 -21.486 -90.060 19.000
R_516 -35.072 -1015.709 19.000
N_517 -26.485 -507.047 16.000
D_518 -24.169 -475.402 13.000
P_519 0.000 -195.996 8.000
F_520 0.000 560.542 6.000
L_521 0.000 679.918 2.000
H_522 -8.431 -583.484 6.000
P_523 0.000 -195.996 6.000
D_524 -14.591 -475.402 6.000
F_525 0.000 560.542 4.000
C_526 0.000 322.480 4.000
C_527 0.000 322.480 0.000
L_528 0.000 679.918 0.000
L_529 0.000 679.918 0.000
P_530 0.000 -195.996 0.000
L_531 0.000 679.918 0.000
G_532 0.000 -27.649 2.000
F_533 0.000 560.542 2.000
Y_534 -1.718 -274.939 2.000
V_535 0.000 613.196 2.000
L_536 0.000 679.918 2.000
G_537 0.000 -27.649 0.000
L_538 0.000 679.918 1.000
F_539 0.000 560.542 1.000
W_540 -0.000 -203.500 1.000
L_541 0.000 679.918 1.000
L_542 0.000 679.918 1.000
F_543 0.000 560.542 3.000
A_544 0.000 185.740 3.000
S_545 -4.441 -90.060 3.000
V_546 0.000 613.196 3.000
V_547 0.000 613.196 3.000
L_548 0.000 679.918 0.000
I_549 0.000 777.529 0.000
L_550 0.000 679.918 0.000
L_551 0.000 679.918 3.000
L_552 0.000 679.918 4.000
S_553 -7.878 -90.060 4.000
W_554 -3.436 -203.500 4.000
V_555 0.000 613.196 6.000
G_556 0.000 -27.649 3.000
H_557 -7.426 -583.484 5.000
V_558 0.000 613.196 5.000
K_559 -15.425 -818.649 9.000
P_560 0.000 -195.996 7.000
Q_561 -16.691 -643.904 7.000
A_562 0.000 185.740 8.000
L_563 0.000 679.918 11.000
D_564 -16.691 -475.402 7.000
S_565 -17.098 -90.060 11.000
G_566 0.000 -27.649 11.000
Q_567 -16.691 -643.904 7.000
G_568 0.000 -27.649 4.000
A_569 0.000 185.740 4.000
A_570 0.000 185.740 3.000
L_571 0.000 679.918 6.000
T_572 -11.867 -90.974 6.000
T_573 -15.425 -90.974 9.000
A_574 0.000 185.740 13.000
T_575 -18.462 -90.974 13.000
Q_576 -24.169 -643.904 13.000
T_577 -19.613 -90.974 15.000
T_578 -17.811 -90.974 12.000
H_579 -12.104 -583.484 12.000
L_580 0.000 679.918 9.000
E_581 -21.132 -605.239 10.000
L_582 0.000 679.918 13.000
Q_583 -24.169 -643.904 13.000
R_584 -30.711 -1015.709 14.000
G_585 0.000 -27.649 18.000
R_586 -30.711 -1015.709 14.000
Q_587 -23.258 -643.904 12.000
V_588 0.000 613.196 12.000
T_589 -13.255 -90.974 7.000
V_590 0.000 613.196 8.000
P_591 0.000 -195.996 8.000
R_592 -16.309 -1015.709 6.000
A_593 0.000 185.740 6.000
W_594 -4.441 -203.500 6.000
L_595 0.000 679.918 1.000
L_596 0.000 679.918 1.000
F_597 0.000 560.542 5.000
L_598 0.000 679.918 5.000
R_599 -21.845 -1015.709 8.000
G_600 0.000 -27.649 8.000
S_601 -14.420 -90.060 8.000
L_602 0.000 679.918 6.000
P_603 0.000 -195.996 6.000
T_604 -14.420 -90.974 8.000
F_605 0.000 560.542 11.000
R_606 -30.711 -1015.709 14.000
S_607 -17.098 -90.060 11.000
S_608 -17.098 -90.060 11.000
L_609 0.000 679.918 6.000
F_610 0.000 560.542 4.000
L_611 0.000 679.918 1.000
W_612 -4.441 -203.500 6.000
V_613 0.000 613.196 6.000
R_614 -25.574 -1015.709 10.000
P_615 0.000 -195.996 9.000
N_616 -25.003 -507.047 14.000
G_617 0.000 -27.649 9.000
R_618 -23.856 -1015.709 9.000
V_619 0.000 613.196 5.000
G_620 0.000 -27.649 5.000
P_621 0.000 -195.996 0.000
L_622 0.000 679.918 0.000
V_623 0.000 613.196 0.000
A_624 0.000 185.740 5.000
G_625 0.000 -27.649 10.000
R_626 -25.574 -1015.709 10.000
R_627 -29.616 -1015.709 13.000
P_628 0.000 -195.996 13.000
S_629 -14.420 -90.060 8.000
A_630 0.000 185.740 6.000
L_631 0.000 679.918 10.000
S_632 -13.255 -90.060 7.000
Q_633 -23.258 -643.904 12.000
G_634 0.000 -27.649 12.000
R_635 -29.616 -1015.709 13.000
G_636 0.000 -27.649 13.000
Q_637 -24.169 -643.904 13.000
D_638 -18.409 -475.402 8.000
L_639 0.000 679.918 11.000
L_640 0.000 679.918 10.000
S_641 -11.867 -90.060 6.000
T_642 -15.425 -90.974 9.000
V_643 0.000 613.196 9.000
S_644 -17.098 -90.060 11.000
I_645 0.000 777.529 10.000
R_646 -29.616 -1015.709 13.000
Y_647 -11.154 -274.939 10.000
S_648 -17.811 -90.060 12.000
G_649 0.000 -27.649 10.000
H_650 -9.978 -583.484 8.000
S_651 -10.149 -90.060 5.000
L_652 0.000 679.918 5.000
