M_1 0.000 401.769 5.000
R_2 -11.867 -1015.709 5.000
F_3 0.000 560.542 8.000
G_4 0.000 -27.649 11.000
S_5 -11.867 -90.060 6.000
K_6 -11.867 -818.649 6.000
M_7 0.000 401.769 6.000
M_8 0.000 401.769 3.000
P_9 0.000 -195.996 0.000
M_10 0.000 401.769 0.000
F_11 0.000 560.542 3.000
L_12 0.000 679.918 3.000
T_13 -10.149 -90.974 5.000
V_14 0.000 613.196 5.000
Y_15 -9.978 -274.939 8.000
L_16 0.000 679.918 9.000
S_17 -18.462 -90.060 13.000
N_18 -25.772 -507.047 15.000
N_19 -28.359 -507.047 19.000
E_20 -27.773 -605.239 18.000
Q_21 -25.003 -643.904 14.000
H_22 -12.518 -583.484 13.000
F_23 0.000 560.542 13.000
T_24 -15.425 -90.974 9.000
E_25 -16.691 -605.239 7.000
V_26 0.000 613.196 7.000
P_27 0.000 -195.996 7.000
V_28 0.000 613.196 3.000
T_29 -13.255 -90.974 7.000
P_30 0.000 -195.996 10.000
E_31 -21.132 -605.239 10.000
T_32 -13.255 -90.974 7.000
I_33 0.000 777.529 12.000
C_34 0.000 322.480 12.000
R_35 -23.856 -1015.709 9.000
D_36 -19.866 -475.402 9.000
V_37 0.000 613.196 13.000
V_38 0.000 613.196 8.000
D_39 -7.878 -475.402 4.000
L_40 0.000 679.918 7.000
C_41 0.000 322.480 11.000
K_42 -13.255 -818.649 7.000
E_43 -16.691 -605.239 7.000
P_44 0.000 -195.996 11.000
G_45 0.000 -27.649 11.000
E_46 -22.253 -605.239 11.000
S_47 -17.098 -90.060 11.000
D_48 -24.169 -475.402 13.000
C_49 0.000 322.480 9.000
H_50 -8.431 -583.484 6.000
L_51 0.000 679.918 6.000
A_52 0.000 185.740 6.000
E_53 -11.867 -605.239 5.000
V_54 0.000 613.196 5.000
W_55 -3.990 -203.500 5.000
C_56 0.000 322.480 4.000
G_57 0.000 -27.649 8.000
S_58 -17.811 -90.060 12.000
E_59 -23.258 -605.239 12.000
R_60 -28.412 -1015.709 12.000
P_61 0.000 -195.996 9.000
V_62 0.000 613.196 9.000
A_63 0.000 185.740 8.000
D_64 -23.258 -475.402 12.000
N_65 -27.150 -507.047 17.000
E_66 -27.150 -605.239 17.000
R_67 -29.616 -1015.709 13.000
M_68 0.000 401.769 13.000
F_69 0.000 560.542 9.000
D_70 -7.878 -475.402 4.000
V_71 0.000 613.196 8.000
L_72 0.000 679.918 13.000
Q_73 -19.866 -643.904 9.000
R_74 -23.856 -1015.709 9.000
F_75 0.000 560.542 12.000
G_76 0.000 -27.649 12.000
S_77 -17.811 -90.060 12.000
Q_78 -26.485 -643.904 16.000
R_79 -35.785 -1015.709 20.000
N_80 -27.150 -507.047 17.000
E_81 -27.773 -605.239 18.000
V_82 0.000 613.196 13.000
R_83 -23.856 -1015.709 9.000
F_84 0.000 560.542 5.000
F_85 0.000 560.542 10.000
L_86 0.000 679.918 7.000
R_87 -27.076 -1015.709 11.000
H_88 -13.586 -583.484 16.000
E_89 -26.485 -605.239 16.000
R_90 -27.076 -1015.709 11.000
P_91 0.000 -195.996 9.000
P_92 0.000 -195.996 10.000
G_93 0.000 -27.649 9.000
R_94 -23.856 -1015.709 9.000
D_95 -19.866 -475.402 9.000
I_96 0.000 777.529 12.000
V_97 0.000 613.196 7.000
S_98 -4.441 -90.060 3.000
G_99 0.000 -27.649 8.000
P_100 0.000 -195.996 11.000
R_101 -28.412 -1015.709 12.000
S_102 -20.127 -90.060 16.000
Q_103 -26.485 -643.904 16.000
D_104 -25.003 -475.402 14.000
P_105 0.000 -195.996 11.000
S_106 -16.309 -90.060 10.000
L_107 0.000 679.918 11.000
K_108 -19.613 -818.649 15.000
R_109 -28.412 -1015.709 12.000
N_110 -23.258 -507.047 12.000
G_111 0.000 -27.649 12.000
V_112 0.000 613.196 7.000
K_113 -4.441 -818.649 3.000
V_114 0.000 613.196 3.000
P_115 0.000 -195.996 7.000
G_116 0.000 -27.649 6.000
E_117 -22.253 -605.239 11.000
Y_118 -13.586 -274.939 16.000
R_119 -35.072 -1015.709 19.000
R_120 -35.072 -1015.709 19.000
K_121 -22.271 -818.649 21.000
E_122 -26.485 -605.239 16.000
N_123 -22.253 -507.047 11.000
G_124 0.000 -27.649 12.000
V_125 0.000 613.196 11.000
N_126 -16.691 -507.047 7.000
S_127 -17.811 -90.060 12.000
P_128 0.000 -195.996 12.000
R_129 -28.412 -1015.709 12.000
M_130 0.000 401.769 9.000
D_131 -23.258 -475.402 12.000
L_132 0.000 679.918 7.000
T_133 -13.255 -90.974 7.000
L_134 0.000 679.918 7.000
A_135 0.000 185.740 7.000
E_136 -18.409 -605.239 8.000
L_137 0.000 679.918 12.000
Q_138 -23.258 -643.904 12.000
E_139 -18.409 -605.239 8.000
M_140 0.000 401.769 11.000
A_141 0.000 185.740 12.000
S_142 -17.811 -90.060 12.000
R_143 -32.645 -1015.709 16.000
Q_144 -28.912 -643.904 20.000
Q_145 -29.436 -643.904 21.000
Q_146 -26.485 -643.904 16.000
Q_147 -26.485 -643.904 16.000
I_148 0.000 777.529 12.000
E_149 -23.258 -605.239 12.000
A_150 0.000 185.740 12.000
Q_151 -26.485 -643.904 16.000
Q_152 -23.258 -643.904 12.000
Q_153 -23.258 -643.904 12.000
L_154 0.000 679.918 8.000
L_155 0.000 679.918 7.000
A_156 0.000 185.740 6.000
T_157 -16.309 -90.974 10.000
K_158 -19.059 -818.649 14.000
E_159 -28.359 -605.239 19.000
Q_160 -26.485 -643.904 16.000
R_161 -32.645 -1015.709 16.000
L_162 0.000 679.918 12.000
K_163 -14.420 -818.649 8.000
F_164 0.000 560.542 6.000
L_165 0.000 679.918 10.000
K_166 -17.098 -818.649 11.000
Q_167 -25.772 -643.904 15.000
Q_168 -28.359 -643.904 19.000
D_169 -29.436 -475.402 21.000
Q_170 -29.436 -643.904 21.000
R_171 -36.459 -1015.709 21.000
Q_172 -29.436 -643.904 21.000
Q_173 -29.436 -643.904 21.000
Q_174 -26.485 -643.904 16.000
Q_175 -23.258 -643.904 12.000
V_176 0.000 613.196 12.000
A_177 0.000 185.740 12.000
E_178 -23.258 -605.239 12.000
Q_179 -25.772 -643.904 15.000
E_180 -25.772 -605.239 15.000
K_181 -19.059 -818.649 14.000
L_182 0.000 679.918 15.000
K_183 -17.098 -818.649 11.000
R_184 -27.076 -1015.709 11.000
L_185 0.000 679.918 15.000
K_186 -17.811 -818.649 12.000
E_187 -16.691 -605.239 7.000
I_188 0.000 777.529 11.000
A_189 0.000 185.740 12.000
E_190 -23.258 -605.239 12.000
N_191 -26.485 -507.047 16.000
Q_192 -26.485 -643.904 16.000
E_193 -25.772 -605.239 15.000
A_194 0.000 185.740 11.000
K_195 -16.309 -818.649 10.000
L_196 0.000 679.918 9.000
K_197 -15.425 -818.649 9.000
K_198 -17.098 -818.649 11.000
V_199 0.000 613.196 11.000
R_200 -21.845 -1015.709 8.000
A_201 0.000 185.740 8.000
L_202 0.000 679.918 8.000
K_203 -10.149 -818.649 5.000
G_204 0.000 -27.649 5.000
H_205 -10.601 -583.484 9.000
V_206 0.000 613.196 10.000
E_207 -24.169 -605.239 13.000
Q_208 -26.485 -643.904 16.000
K_209 -20.127 -818.649 16.000
R_210 -31.716 -1015.709 15.000
L_211 0.000 679.918 15.000
S_212 -17.811 -90.060 12.000
N_213 -21.132 -507.047 10.000
G_214 0.000 -27.649 10.000
K_215 -13.255 -818.649 7.000
L_216 0.000 679.918 7.000
V_217 0.000 613.196 11.000
E_218 -18.409 -605.239 8.000
E_219 -23.258 -605.239 12.000
I_220 0.000 777.529 16.000
E_221 -23.258 -605.239 12.000
Q_222 -23.258 -643.904 12.000
M_223 0.000 401.769 16.000
N_224 -23.258 -507.047 12.000
N_225 -18.409 -507.047 8.000
L_226 0.000 679.918 12.000
F_227 0.000 560.542 12.000
Q_228 -22.253 -643.904 11.000
Q_229 -25.772 -643.904 15.000
K_230 -21.889 -818.649 20.000
Q_231 -28.912 -643.904 20.000
R_232 -32.645 -1015.709 16.000
E_233 -24.169 -605.239 13.000
L_234 0.000 679.918 9.000
V_235 0.000 613.196 4.000
L_236 0.000 679.918 0.000
A_237 0.000 185.740 3.000
V_238 0.000 613.196 6.000
S_239 -11.867 -90.060 6.000
K_240 -16.309 -818.649 10.000
V_241 0.000 613.196 14.000
E_242 -22.253 -605.239 11.000
E_243 -22.253 -605.239 11.000
L_244 0.000 679.918 16.000
T_245 -20.127 -90.974 16.000
R_246 -28.412 -1015.709 12.000
Q_247 -26.485 -643.904 16.000
L_248 0.000 679.918 13.000
E_249 -18.409 -605.239 8.000
M_250 0.000 401.769 7.000
L_251 0.000 679.918 11.000
K_252 -13.255 -818.649 7.000
N_253 -23.258 -507.047 12.000
G_254 0.000 -27.649 12.000
R_255 -29.616 -1015.709 13.000
I_256 0.000 777.529 12.000
D_257 -25.003 -475.402 14.000
S_258 -17.098 -90.060 11.000
H_259 -13.255 -583.484 15.000
H_260 -13.255 -583.484 15.000
D_261 -26.485 -475.402 16.000
N_262 -27.150 -507.047 17.000
Q_263 -25.772 -643.904 15.000
S_264 -17.098 -90.060 11.000
A_265 0.000 185.740 7.000
V_266 0.000 613.196 7.000
A_267 0.000 185.740 4.000
E_268 -18.409 -605.239 8.000
L_269 0.000 679.918 13.000
D_270 -24.169 -475.402 13.000
R_271 -27.076 -1015.709 11.000
L_272 0.000 679.918 14.000
Y_273 -12.900 -274.939 14.000
K_274 -15.425 -818.649 9.000
E_275 -24.169 -605.239 13.000
L_276 0.000 679.918 11.000
Q_277 -24.169 -643.904 13.000
L_278 0.000 679.918 13.000
R_279 -32.645 -1015.709 16.000
N_280 -23.258 -507.047 12.000
K_281 -20.127 -818.649 16.000
L_282 0.000 679.918 15.000
N_283 -25.772 -507.047 15.000
Q_284 -26.485 -643.904 16.000
E_285 -28.912 -605.239 20.000
Q_286 -26.485 -643.904 16.000
N_287 -25.772 -507.047 15.000
A_288 0.000 185.740 11.000
K_289 -17.098 -818.649 11.000
L_290 0.000 679.918 11.000
Q_291 -25.772 -643.904 15.000
Q_292 -27.150 -643.904 17.000
Q_293 -29.436 -643.904 21.000
R_294 -33.508 -1015.709 17.000
E_295 -24.169 -605.239 13.000
C_296 0.000 322.480 13.000
L_297 0.000 679.918 11.000
N_298 -23.258 -507.047 12.000
K_299 -20.127 -818.649 16.000
R_300 -35.072 -1015.709 19.000
N_301 -28.359 -507.047 19.000
S_302 -20.127 -90.060 16.000
E_303 -22.253 -605.239 11.000
V_304 0.000 613.196 7.000
A_305 0.000 185.740 4.000
V_306 0.000 613.196 4.000
M_307 0.000 401.769 7.000
D_308 -23.258 -475.402 12.000
K_309 -17.811 -818.649 12.000
R_310 -32.645 -1015.709 16.000
V_311 0.000 613.196 16.000
N_312 -24.169 -507.047 13.000
E_313 -24.169 -605.239 13.000
L_314 0.000 679.918 17.000
R_315 -34.315 -1015.709 18.000
D_316 -25.003 -475.402 14.000
R_317 -31.716 -1015.709 15.000
L_318 0.000 679.918 13.000
W_319 -6.160 -203.500 12.000
K_320 -16.309 -818.649 10.000
K_321 -16.309 -818.649 10.000
K_322 -15.425 -818.649 9.000
A_323 0.000 185.740 6.000
A_324 0.000 185.740 7.000
L_325 0.000 679.918 8.000
Q_326 -22.253 -643.904 11.000
Q_327 -25.772 -643.904 15.000
K_328 -21.486 -818.649 19.000
E_329 -25.772 -605.239 15.000
N_330 -22.253 -507.047 11.000
L_331 0.000 679.918 8.000
P_332 0.000 -195.996 7.000
V_333 0.000 613.196 6.000
S_334 -16.309 -90.060 10.000
S_335 -16.309 -90.060 10.000
D_336 -25.003 -475.402 14.000
G_337 0.000 -27.649 11.000
N_338 -18.409 -507.047 8.000
L_339 0.000 679.918 8.000
P_340 0.000 -195.996 12.000
Q_341 -18.409 -643.904 8.000
Q_342 -18.409 -643.904 8.000
A_343 0.000 185.740 11.000
A_344 0.000 185.740 7.000
S_345 -4.441 -90.060 3.000
A_346 0.000 185.740 6.000
P_347 0.000 -195.996 11.000
S_348 -14.420 -90.060 8.000
R_349 -21.845 -1015.709 8.000
V_350 0.000 613.196 8.000
A_351 0.000 185.740 5.000
A_352 0.000 185.740 0.000
V_353 0.000 613.196 0.000
G_354 0.000 -27.649 2.000
P_355 0.000 -195.996 2.000
Y_356 -8.431 -274.939 6.000
I_357 0.000 777.529 9.000
Q_358 -23.258 -643.904 12.000
S_359 -18.462 -90.060 13.000
S_360 -18.462 -90.060 13.000
T_361 -15.425 -90.974 9.000
M_362 0.000 401.769 11.000
P_363 0.000 -195.996 8.000
R_364 -11.867 -1015.709 5.000
M_365 0.000 401.769 8.000
P_366 0.000 -195.996 13.000
S_367 -14.420 -90.060 8.000
R_368 -28.412 -1015.709 12.000
P_369 0.000 -195.996 12.000
E_370 -19.866 -605.239 9.000
L_371 0.000 679.918 4.000
L_372 0.000 679.918 7.000
V_373 0.000 613.196 3.000
K_374 -4.441 -818.649 3.000
P_375 0.000 -195.996 3.000
A_376 0.000 185.740 3.000
L_377 0.000 679.918 4.000
P_378 0.000 -195.996 4.000
D_379 -16.691 -475.402 7.000
G_380 0.000 -27.649 7.000
S_381 -13.255 -90.060 7.000
L_382 0.000 679.918 3.000
V_383 0.000 613.196 7.000
I_384 0.000 777.529 4.000
Q_385 -16.691 -643.904 7.000
A_386 0.000 185.740 11.000
S_387 -17.098 -90.060 11.000
E_388 -16.691 -605.239 7.000
G_389 0.000 -27.649 7.000
P_390 0.000 -195.996 7.000
M_391 0.000 401.769 3.000
K_392 -13.255 -818.649 7.000
I_393 0.000 777.529 10.000
Q_394 -21.132 -643.904 10.000
T_395 -13.255 -90.974 7.000
L_396 0.000 679.918 11.000
P_397 0.000 -195.996 7.000
N_398 -19.866 -507.047 9.000
M_399 0.000 401.769 12.000
R_400 -28.412 -1015.709 12.000
S_401 -14.420 -90.060 8.000
G_402 0.000 -27.649 8.000
A_403 0.000 185.740 6.000
A_404 0.000 185.740 7.000
S_405 -16.309 -90.060 10.000
Q_406 -24.169 -643.904 13.000
T_407 -18.462 -90.974 13.000
K_408 -18.462 -818.649 13.000
G_409 0.000 -27.649 12.000
S_410 -15.425 -90.060 9.000
K_411 -14.420 -818.649 8.000
I_412 0.000 777.529 8.000
H_413 -7.426 -583.484 5.000
P_414 0.000 -195.996 2.000
V_415 0.000 613.196 2.000
G_416 0.000 -27.649 4.000
P_417 0.000 -195.996 5.000
D_418 -18.409 -475.402 8.000
W_419 -5.155 -203.500 8.000
S_420 -17.098 -90.060 11.000
P_421 0.000 -195.996 11.000
S_422 -16.309 -90.060 10.000
N_423 -22.253 -507.047 11.000
A_424 0.000 185.740 11.000
D_425 -18.409 -475.402 8.000
L_426 0.000 679.918 4.000
F_427 0.000 560.542 7.000
P_428 0.000 -195.996 7.000
S_429 -13.255 -90.060 7.000
Q_430 -21.132 -643.904 10.000
G_431 0.000 -27.649 10.000
S_432 -16.309 -90.060 10.000
A_433 0.000 185.740 6.000
S_434 -11.867 -90.060 6.000
V_435 0.000 613.196 7.000
P_436 0.000 -195.996 10.000
Q_437 -21.132 -643.904 10.000
S_438 -16.309 -90.060 10.000
T_439 -19.059 -90.974 14.000
G_440 0.000 -27.649 10.000
N_441 -16.691 -507.047 7.000
A_442 0.000 185.740 8.000
L_443 0.000 679.918 12.000
D_444 -18.409 -475.402 8.000
Q_445 -23.258 -643.904 12.000
V_446 0.000 613.196 16.000
D_447 -23.258 -475.402 12.000
D_448 -23.258 -475.402 12.000
G_449 0.000 -27.649 12.000
E_450 -18.409 -605.239 8.000
V_451 0.000 613.196 4.000
P_452 0.000 -195.996 9.000
L_453 0.000 679.918 9.000
R_454 -28.412 -1015.709 12.000
E_455 -26.485 -605.239 16.000
K_456 -21.486 -818.649 19.000
E_457 -27.150 -605.239 17.000
K_458 -18.462 -818.649 13.000
K_459 -19.613 -818.649 15.000
V_460 0.000 613.196 11.000
R_461 -21.845 -1015.709 8.000
P_462 0.000 -195.996 8.000
F_463 0.000 560.542 8.000
S_464 -4.441 -90.060 3.000
M_465 0.000 401.769 7.000
F_466 0.000 560.542 7.000
D_467 -7.878 -475.402 4.000
A_468 0.000 185.740 8.000
V_469 0.000 613.196 12.000
D_470 -22.253 -475.402 11.000
Q_471 -25.772 -643.904 15.000
S_472 -19.613 -90.060 15.000
N_473 -22.253 -507.047 11.000
A_474 0.000 185.740 7.000
P_475 0.000 -195.996 7.000
P_476 0.000 -195.996 3.000
S_477 -4.441 -90.060 3.000
F_478 0.000 560.542 6.000
G_479 0.000 -27.649 6.000
T_480 -14.420 -90.974 8.000
L_481 0.000 679.918 11.000
R_482 -31.716 -1015.709 15.000
K_483 -20.127 -818.649 16.000
N_484 -28.359 -507.047 19.000
Q_485 -27.150 -643.904 17.000
S_486 -21.060 -90.060 18.000
S_487 -21.060 -90.060 18.000
E_488 -25.003 -605.239 14.000
D_489 -22.253 -475.402 11.000
I_490 0.000 777.529 13.000
L_491 0.000 679.918 13.000
R_492 -23.856 -1015.709 9.000
D_493 -24.169 -475.402 13.000
A_494 0.000 185.740 13.000
Q_495 -18.409 -643.904 8.000
V_496 0.000 613.196 8.000
A_497 0.000 185.740 11.000
N_498 -22.253 -507.047 11.000
K_499 -17.098 -818.649 11.000
N_500 -22.253 -507.047 11.000
V_501 0.000 613.196 10.000
A_502 0.000 185.740 7.000
K_503 -4.441 -818.649 3.000
V_504 0.000 613.196 3.000
P_505 0.000 -195.996 3.000
P_506 0.000 -195.996 0.000
P_507 0.000 -195.996 0.000
V_508 0.000 613.196 3.000
P_509 0.000 -195.996 6.000
T_510 -11.867 -90.974 6.000
K_511 -15.425 -818.649 9.000
P_512 0.000 -195.996 13.000
K_513 -16.309 -818.649 10.000
Q_514 -22.253 -643.904 11.000
I_515 0.000 777.529 11.000
N_516 -18.409 -507.047 8.000
L_517 0.000 679.918 6.000
P_518 0.000 -195.996 6.000
Y_519 -1.718 -274.939 2.000
F_520 0.000 560.542 6.000
G_521 0.000 -27.649 9.000
Q_522 -22.253 -643.904 11.000
T_523 -19.613 -90.974 15.000
N_524 -25.772 -507.047 15.000
Q_525 -22.253 -643.904 11.000
P_526 0.000 -195.996 11.000
P_527 0.000 -195.996 11.000
S_528 -13.255 -90.060 7.000
D_529 -21.132 -475.402 10.000
I_530 0.000 777.529 10.000
K_531 -17.098 -818.649 11.000
P_532 0.000 -195.996 7.000
D_533 -21.132 -475.402 10.000
G_534 0.000 -27.649 10.000
S_535 -19.059 -90.060 14.000
S_536 -19.059 -90.060 14.000
Q_537 -25.003 -643.904 14.000
Q_538 -25.003 -643.904 14.000
L_539 0.000 679.918 14.000
S_540 -16.309 -90.060 10.000
T_541 -11.867 -90.974 6.000
V_542 0.000 613.196 6.000
V_543 0.000 613.196 6.000
P_544 0.000 -195.996 3.000
S_545 -4.441 -90.060 3.000
M_546 0.000 401.769 6.000
G_547 0.000 -27.649 9.000
T_548 -11.867 -90.974 6.000
K_549 -15.425 -818.649 9.000
P_550 0.000 -195.996 9.000
K_551 -11.867 -818.649 6.000
P_552 0.000 -195.996 3.000
A_553 0.000 185.740 7.000
G_554 0.000 -27.649 8.000
Q_555 -18.409 -643.904 8.000
Q_556 -24.169 -643.904 13.000
P_557 0.000 -195.996 13.000
R_558 -23.856 -1015.709 9.000
V_559 0.000 613.196 5.000
L_560 0.000 679.918 8.000
L_561 0.000 679.918 3.000
S_562 -11.867 -90.060 6.000
P_563 0.000 -195.996 6.000
S_564 -11.867 -90.060 6.000
I_565 0.000 777.529 6.000
P_566 0.000 -195.996 6.000
S_567 -4.441 -90.060 3.000
V_568 0.000 613.196 7.000
G_569 0.000 -27.649 11.000
Q_570 -23.258 -643.904 12.000
D_571 -25.772 -475.402 15.000
Q_572 -25.772 -643.904 15.000
T_573 -19.059 -90.974 14.000
L_574 0.000 679.918 10.000
S_575 -11.867 -90.060 6.000
P_576 0.000 -195.996 6.000
G_577 0.000 -27.649 9.000
S_578 -16.309 -90.060 10.000
K_579 -19.059 -818.649 14.000
Q_580 -27.150 -643.904 17.000
E_581 -25.003 -605.239 14.000
S_582 -17.098 -90.060 11.000
P_583 0.000 -195.996 7.000
P_584 0.000 -195.996 3.000
A_585 0.000 185.740 0.000
A_586 0.000 185.740 0.000
A_587 0.000 185.740 5.000
V_588 0.000 613.196 5.000
R_589 -11.867 -1015.709 5.000
P_590 0.000 -195.996 8.000
F_591 0.000 560.542 8.000
T_592 -13.255 -90.974 7.000
P_593 0.000 -195.996 7.000
Q_594 -21.132 -643.904 10.000
P_595 0.000 -195.996 10.000
S_596 -19.059 -90.060 14.000
K_597 -18.462 -818.649 13.000
D_598 -24.169 -475.402 13.000
T_599 -16.309 -90.974 10.000
L_600 0.000 679.918 7.000
L_601 0.000 679.918 3.000
P_602 0.000 -195.996 0.000
P_603 0.000 -195.996 5.000
F_604 0.000 560.542 8.000
R_605 -21.845 -1015.709 8.000
K_606 -17.811 -818.649 12.000
P_607 0.000 -195.996 15.000
Q_608 -21.132 -643.904 10.000
T_609 -13.255 -90.974 7.000
V_610 0.000 613.196 7.000
A_611 0.000 185.740 6.000
A_612 0.000 185.740 6.000
S_613 -11.867 -90.060 6.000
S_614 -14.420 -90.060 8.000
I_615 0.000 777.529 11.000
Y_616 -9.978 -274.939 8.000
S_617 -13.255 -90.060 7.000
M_618 0.000 401.769 10.000
Y_619 -12.104 -274.939 12.000
T_620 -18.462 -90.974 13.000
Q_621 -27.150 -643.904 17.000
Q_622 -25.772 -643.904 15.000
Q_623 -23.258 -643.904 12.000
A_624 0.000 185.740 8.000
P_625 0.000 -195.996 7.000
G_626 0.000 -27.649 7.000
K_627 -13.255 -818.649 7.000
N_628 -22.253 -507.047 11.000
F_629 0.000 560.542 15.000
Q_630 -23.258 -643.904 12.000
Q_631 -18.409 -643.904 8.000
A_632 0.000 185.740 12.000
V_633 0.000 613.196 11.000
Q_634 -16.691 -643.904 7.000
S_635 -13.255 -90.060 7.000
A_636 0.000 185.740 10.000
L_637 0.000 679.918 9.000
T_638 -15.425 -90.974 9.000
K_639 -17.098 -818.649 11.000
T_640 -19.059 -90.974 14.000
H_641 -13.586 -583.484 16.000
T_642 -18.462 -90.974 13.000
R_643 -25.574 -1015.709 10.000
G_644 0.000 -27.649 10.000
P_645 0.000 -195.996 7.000
H_646 -7.426 -583.484 5.000
F_647 0.000 560.542 8.000
S_648 -14.420 -90.060 8.000
S_649 -14.420 -90.060 8.000
V_650 0.000 613.196 8.000
Y_651 -9.978 -274.939 8.000
G_652 0.000 -27.649 5.000
K_653 -10.149 -818.649 5.000
P_654 0.000 -195.996 3.000
V_655 0.000 613.196 3.000
I_656 0.000 777.529 0.000
A_657 0.000 185.740 0.000
A_658 0.000 185.740 4.000
A_659 0.000 185.740 8.000
Q_660 -23.258 -643.904 12.000
N_661 -26.485 -507.047 16.000
Q_662 -28.912 -643.904 20.000
Q_663 -27.773 -643.904 18.000
Q_664 -25.003 -643.904 14.000
H_665 -12.900 -583.484 14.000
P_666 0.000 -195.996 14.000
E_667 -21.132 -605.239 10.000
N_668 -21.132 -507.047 10.000
I_669 0.000 777.529 13.000
Y_670 -12.518 -274.939 13.000
S_671 -17.811 -90.060 12.000
N_672 -26.485 -507.047 16.000
S_673 -19.059 -90.060 14.000
Q_674 -25.003 -643.904 14.000
G_675 0.000 -27.649 10.000
K_676 -13.255 -818.649 7.000
P_677 0.000 -195.996 6.000
G_678 0.000 -27.649 6.000
S_679 -13.255 -90.060 7.000
P_680 0.000 -195.996 7.000
E_681 -22.253 -605.239 11.000
P_682 0.000 -195.996 11.000
E_683 -25.772 -605.239 15.000
T_684 -17.098 -90.974 11.000
E_685 -22.253 -605.239 11.000
P_686 0.000 -195.996 10.000
V_687 0.000 613.196 10.000
S_688 -11.867 -90.060 6.000
S_689 -16.309 -90.060 10.000
V_690 0.000 613.196 14.000
Q_691 -25.772 -643.904 15.000
E_692 -25.003 -605.239 14.000
N_693 -27.773 -507.047 18.000
H_694 -14.188 -583.484 18.000
E_695 -27.773 -605.239 18.000
N_696 -28.359 -507.047 19.000
E_697 -27.150 -605.239 17.000
R_698 -29.616 -1015.709 13.000
I_699 0.000 777.529 14.000
P_700 0.000 -195.996 10.000
R_701 -11.867 -1015.709 5.000
P_702 0.000 -195.996 8.000
L_703 0.000 679.918 8.000
S_704 -11.867 -90.060 6.000
P_705 0.000 -195.996 9.000
T_706 -15.425 -90.974 9.000
K_707 -11.867 -818.649 6.000
L_708 0.000 679.918 6.000
L_709 0.000 679.918 3.000
P_710 0.000 -195.996 0.000
F_711 0.000 560.542 3.000
L_712 0.000 679.918 7.000
S_713 -13.255 -90.060 7.000
N_714 -19.866 -507.047 9.000
P_715 0.000 -195.996 14.000
Y_716 -13.255 -274.939 15.000
R_717 -31.716 -1015.709 15.000
N_718 -27.773 -507.047 18.000
Q_719 -28.912 -643.904 20.000
S_720 -19.613 -90.060 15.000
D_721 -25.772 -475.402 15.000
A_722 0.000 185.740 11.000
D_723 -23.258 -475.402 12.000
L_724 0.000 679.918 8.000
E_725 -18.409 -605.239 8.000
A_726 0.000 185.740 9.000
L_727 0.000 679.918 12.000
R_728 -27.076 -1015.709 11.000
K_729 -17.098 -818.649 11.000
K_730 -19.059 -818.649 14.000
L_731 0.000 679.918 13.000
S_732 -16.309 -90.060 10.000
N_733 -16.691 -507.047 7.000
A_734 0.000 185.740 12.000
P_735 0.000 -195.996 9.000
R_736 -11.867 -1015.709 5.000
P_737 0.000 -195.996 8.000
L_738 0.000 679.918 11.000
K_739 -17.098 -818.649 11.000
K_740 -19.059 -818.649 14.000
R_741 -33.508 -1015.709 17.000
S_742 -19.059 -90.060 14.000
S_743 -19.059 -90.060 14.000
I_744 0.000 777.529 13.000
T_745 -16.309 -90.974 10.000
E_746 -22.253 -605.239 11.000
P_747 0.000 -195.996 11.000
E_748 -18.409 -605.239 8.000
G_749 0.000 -27.649 8.000
P_750 0.000 -195.996 8.000
N_751 -7.878 -507.047 4.000
G_752 0.000 -27.649 8.000
P_753 0.000 -195.996 8.000
N_754 -18.409 -507.047 8.000
I_755 0.000 777.529 11.000
Q_756 -22.253 -643.904 11.000
K_757 -13.255 -818.649 7.000
L_758 0.000 679.918 9.000
L_759 0.000 679.918 9.000
Y_760 -11.652 -274.939 11.000
Q_761 -25.003 -643.904 14.000
R_762 -33.508 -1015.709 17.000
T_763 -19.613 -90.974 15.000
T_764 -17.098 -90.974 11.000
I_765 0.000 777.529 6.000
A_766 0.000 185.740 3.000
A_767 0.000 185.740 4.000
M_768 0.000 401.769 7.000
E_769 -16.691 -605.239 7.000
T_770 -16.309 -90.974 10.000
I_771 0.000 777.529 10.000
S_772 -11.867 -90.060 6.000
V_773 0.000 613.196 6.000
P_774 0.000 -195.996 8.000
S_775 -10.149 -90.060 5.000
Y_776 -9.978 -274.939 8.000
P_777 0.000 -195.996 11.000
S_778 -17.098 -90.060 11.000
K_779 -15.425 -818.649 9.000
S_780 -17.811 -90.060 12.000
A_781 0.000 185.740 9.000
S_782 -15.425 -90.060 9.000
V_783 0.000 613.196 6.000
T_784 -15.425 -90.974 9.000
A_785 0.000 185.740 9.000
S_786 -18.462 -90.060 13.000
S_787 -18.462 -90.060 13.000
E_788 -24.169 -605.239 13.000
S_789 -16.309 -90.060 10.000
P_790 0.000 -195.996 11.000
V_791 0.000 613.196 7.000
E_792 -18.409 -605.239 8.000
I_793 0.000 777.529 12.000
Q_794 -23.258 -643.904 12.000
N_795 -21.132 -507.047 10.000
P_796 0.000 -195.996 10.000
Y_797 -9.978 -274.939 8.000
L_798 0.000 679.918 4.000
H_799 -9.978 -583.484 8.000
V_800 0.000 613.196 6.000
E_801 -21.132 -605.239 10.000
P_802 0.000 -195.996 11.000
E_803 -25.772 -605.239 15.000
K_804 -17.098 -818.649 11.000
E_805 -22.253 -605.239 11.000
V_806 0.000 613.196 10.000
V_807 0.000 613.196 7.000
S_808 -4.441 -90.060 3.000
L_809 0.000 679.918 3.000
V_810 0.000 613.196 7.000
P_811 0.000 -195.996 7.000
E_812 -16.691 -605.239 7.000
S_813 -16.309 -90.060 10.000
L_814 0.000 679.918 10.000
S_815 -16.309 -90.060 10.000
P_816 0.000 -195.996 11.000
E_817 -22.253 -605.239 11.000
D_818 -18.409 -475.402 8.000
V_819 0.000 613.196 12.000
G_820 0.000 -27.649 8.000
N_821 -16.691 -507.047 7.000
A_822 0.000 185.740 10.000
S_823 -19.059 -90.060 14.000
T_824 -19.059 -90.974 14.000
E_825 -27.150 -605.239 17.000
N_826 -27.773 -507.047 18.000
S_827 -19.613 -90.060 15.000
D_828 -22.253 -475.402 11.000
M_829 0.000 401.769 7.000
P_830 0.000 -195.996 4.000
A_831 0.000 185.740 3.000
P_832 0.000 -195.996 3.000
S_833 -4.441 -90.060 3.000
P_834 0.000 -195.996 3.000
G_835 0.000 -27.649 7.000
L_836 0.000 679.918 6.000
D_837 -21.132 -475.402 10.000
Y_838 -11.154 -274.939 10.000
E_839 -25.003 -605.239 14.000
P_840 0.000 -195.996 10.000
E_841 -18.409 -605.239 8.000
G_842 0.000 -27.649 4.000
V_843 0.000 613.196 8.000
P_844 0.000 -195.996 8.000
D_845 -22.253 -475.402 11.000
N_846 -22.253 -507.047 11.000
S_847 -19.613 -90.060 15.000
P_848 0.000 -195.996 11.000
N_849 -22.253 -507.047 11.000
L_850 0.000 679.918 12.000
Q_851 -26.485 -643.904 16.000
N_852 -23.258 -507.047 12.000
N_853 -26.485 -507.047 16.000
P_854 0.000 -195.996 16.000
E_855 -23.258 -605.239 12.000
E_856 -23.258 -605.239 12.000
P_857 0.000 -195.996 12.000
N_858 -23.258 -507.047 12.000
P_859 0.000 -195.996 8.000
E_860 -18.409 -605.239 8.000
A_861 0.000 185.740 6.000
P_862 0.000 -195.996 6.000
H_863 -1.718 -583.484 2.000
V_864 0.000 613.196 6.000
L_865 0.000 679.918 6.000
D_866 -14.591 -475.402 6.000
V_867 0.000 613.196 6.000
Y_868 -11.154 -274.939 10.000
L_869 0.000 679.918 10.000
E_870 -23.258 -605.239 12.000
E_871 -21.132 -605.239 10.000
Y_872 -11.154 -274.939 10.000
P_873 0.000 -195.996 8.000
P_874 0.000 -195.996 4.000
Y_875 -1.718 -274.939 2.000
P_876 0.000 -195.996 2.000
P_877 0.000 -195.996 2.000
P_878 0.000 -195.996 2.000
P_879 0.000 -195.996 2.000
Y_880 -7.426 -274.939 5.000
P_881 0.000 -195.996 5.000
S_882 -15.425 -90.060 9.000
G_883 0.000 -27.649 7.000
E_884 -22.253 -605.239 11.000
P_885 0.000 -195.996 8.000
E_886 -18.409 -605.239 8.000
G_887 0.000 -27.649 4.000
P_888 0.000 -195.996 8.000
G_889 0.000 -27.649 8.000
E_890 -22.253 -605.239 11.000
D_891 -22.253 -475.402 11.000
S_892 -19.059 -90.060 14.000
V_893 0.000 613.196 10.000
S_894 -17.098 -90.060 11.000
M_895 0.000 401.769 8.000
R_896 -21.845 -1015.709 8.000
P_897 0.000 -195.996 9.000
P_898 0.000 -195.996 9.000
E_899 -16.691 -605.239 7.000
I_900 0.000 777.529 7.000
T_901 -17.098 -90.974 11.000
G_902 0.000 -27.649 7.000
Q_903 -21.132 -643.904 10.000
V_904 0.000 613.196 7.000
S_905 -13.255 -90.060 7.000
L_906 0.000 679.918 3.000
P_907 0.000 -195.996 3.000
P_908 0.000 -195.996 3.000
G_909 0.000 -27.649 8.000
K_910 -17.098 -818.649 11.000
R_911 -31.716 -1015.709 15.000
T_912 -19.613 -90.974 15.000
N_913 -27.150 -507.047 17.000
L_914 0.000 679.918 15.000
R_915 -31.716 -1015.709 15.000
K_916 -17.098 -818.649 11.000
T_917 -19.059 -90.974 14.000
G_918 0.000 -27.649 13.000
S_919 -19.613 -90.060 15.000
E_920 -23.258 -605.239 12.000
R_921 -28.412 -1015.709 12.000
I_922 0.000 777.529 11.000
A_923 0.000 185.740 7.000
H_924 -1.718 -583.484 2.000
G_925 0.000 -27.649 7.000
M_926 0.000 401.769 7.000
R_927 -21.845 -1015.709 8.000
V_928 0.000 613.196 8.000
K_929 -17.811 -818.649 12.000
F_930 0.000 560.542 7.000
N_931 -16.691 -507.047 7.000
P_932 0.000 -195.996 4.000
L_933 0.000 679.918 4.000
A_934 0.000 185.740 0.000
L_935 0.000 679.918 0.000
L_936 0.000 679.918 4.000
L_937 0.000 679.918 7.000
D_938 -21.132 -475.402 10.000
S_939 -16.309 -90.060 10.000
S_940 -19.059 -90.060 14.000
L_941 0.000 679.918 10.000
E_942 -22.253 -605.239 11.000
G_943 0.000 -27.649 8.000
E_944 -23.258 -605.239 12.000
F_945 0.000 560.542 8.000
D_946 -18.409 -475.402 8.000
L_947 0.000 679.918 8.000
V_948 0.000 613.196 13.000
Q_949 -19.866 -643.904 9.000
R_950 -23.856 -1015.709 9.000
I_951 0.000 777.529 11.000
I_952 0.000 777.529 11.000
Y_953 -8.431 -274.939 6.000
E_954 -21.132 -605.239 10.000
V_955 0.000 613.196 14.000
D_956 -23.258 -475.402 12.000
D_957 -22.253 -475.402 11.000
P_958 0.000 -195.996 11.000
S_959 -13.255 -90.060 7.000
L_960 0.000 679.918 7.000
P_961 0.000 -195.996 11.000
N_962 -23.258 -507.047 12.000
D_963 -23.258 -475.402 12.000
E_964 -23.258 -605.239 12.000
G_965 0.000 -27.649 11.000
I_966 0.000 777.529 7.000
T_967 -4.441 -90.974 3.000
A_968 0.000 185.740 5.000
L_969 0.000 679.918 9.000
H_970 -8.431 -583.484 6.000
N_971 -14.591 -507.047 6.000
A_972 0.000 185.740 6.000
V_973 0.000 613.196 4.000
C_974 0.000 322.480 0.000
A_975 0.000 185.740 2.000
G_976 0.000 -27.649 5.000
H_977 -10.601 -583.484 9.000
T_978 -15.425 -90.974 9.000
E_979 -19.866 -605.239 9.000
I_980 0.000 777.529 10.000
V_981 0.000 613.196 7.000
K_982 -4.441 -818.649 3.000
F_983 0.000 560.542 3.000
L_984 0.000 679.918 7.000
V_985 0.000 613.196 4.000
Q_986 -7.878 -643.904 4.000
F_987 0.000 560.542 4.000
G_988 0.000 -27.649 8.000
V_989 0.000 613.196 4.000
N_990 -18.409 -507.047 8.000
V_991 0.000 613.196 8.000
N_992 -18.409 -507.047 8.000
A_993 0.000 185.740 8.000
A_994 0.000 185.740 11.000
D_995 -22.253 -475.402 11.000
S_996 -17.098 -90.060 11.000
D_997 -23.258 -475.402 12.000
G_998 0.000 -27.649 11.000
W_999 -5.155 -203.500 8.000
T_1000 -7.878 -90.974 4.000
P_1001 0.000 -195.996 6.000
L_1002 0.000 679.918 5.000
H_1003 -1.718 -583.484 2.000
C_1004 0.000 322.480 2.000
A_1005 0.000 185.740 5.000
A_1006 0.000 185.740 3.000
S_1007 -13.255 -90.060 7.000
C_1008 0.000 322.480 11.000
N_1009 -22.253 -507.047 11.000
N_1010 -23.258 -507.047 12.000
V_1011 0.000 613.196 12.000
Q_1012 -18.409 -643.904 8.000
V_1013 0.000 613.196 7.000
C_1014 0.000 322.480 7.000
K_1015 -4.441 -818.649 3.000
F_1016 0.000 560.542 3.000
L_1017 0.000 679.918 7.000
V_1018 0.000 613.196 7.000
E_1019 -16.691 -605.239 7.000
S_1020 -13.255 -90.060 7.000
G_1021 0.000 -27.649 7.000
A_1022 0.000 185.740 3.000
A_1023 0.000 185.740 0.000
V_1024 0.000 613.196 0.000
F_1025 0.000 560.542 0.000
A_1026 0.000 185.740 3.000
M_1027 0.000 401.769 5.000
T_1028 -14.420 -90.974 8.000
Y_1029 -12.104 -274.939 12.000
S_1030 -17.811 -90.060 12.000
D_1031 -24.169 -475.402 13.000
M_1032 0.000 401.769 14.000
Q_1033 -22.253 -643.904 11.000
T_1034 -13.255 -90.974 7.000
A_1035 0.000 185.740 11.000
A_1036 0.000 185.740 10.000
D_1037 -16.691 -475.402 7.000
K_1038 -17.098 -818.649 11.000
C_1039 0.000 322.480 15.000
E_1040 -22.253 -605.239 11.000
E_1041 -23.258 -605.239 12.000
M_1042 0.000 401.769 16.000
E_1043 -23.258 -605.239 12.000
E_1044 -21.132 -605.239 10.000
G_1045 0.000 -27.649 13.000
Y_1046 -12.518 -274.939 13.000
T_1047 -15.425 -90.974 9.000
Q_1048 -23.258 -643.904 12.000
C_1049 0.000 322.480 14.000
S_1050 -17.098 -90.060 11.000
Q_1051 -16.691 -643.904 7.000
F_1052 0.000 560.542 9.000
L_1053 0.000 679.918 6.000
Y_1054 -1.718 -274.939 2.000
G_1055 0.000 -27.649 6.000
V_1056 0.000 613.196 10.000
Q_1057 -22.253 -643.904 11.000
E_1058 -22.253 -605.239 11.000
K_1059 -17.098 -818.649 11.000
M_1060 0.000 401.769 7.000
G_1061 0.000 -27.649 3.000
I_1062 0.000 777.529 4.000
M_1063 0.000 401.769 7.000
N_1064 -16.691 -507.047 7.000
K_1065 -13.255 -818.649 7.000
G_1066 0.000 -27.649 7.000
V_1067 0.000 613.196 5.000
I_1068 0.000 777.529 2.000
Y_1069 -1.718 -274.939 2.000
A_1070 0.000 185.740 3.000
L_1071 0.000 679.918 7.000
W_1072 -4.824 -203.500 7.000
D_1073 -22.253 -475.402 11.000
Y_1074 -11.652 -274.939 11.000
E_1075 -25.003 -605.239 14.000
P_1076 0.000 -195.996 14.000
Q_1077 -26.485 -643.904 16.000
N_1078 -26.485 -507.047 16.000
D_1079 -28.912 -475.402 20.000
D_1080 -26.485 -475.402 16.000
E_1081 -23.258 -605.239 12.000
L_1082 0.000 679.918 8.000
P_1083 0.000 -195.996 7.000
M_1084 0.000 401.769 7.000
K_1085 -13.255 -818.649 7.000
E_1086 -22.253 -605.239 11.000
G_1087 0.000 -27.649 11.000
D_1088 -18.409 -475.402 8.000
C_1089 0.000 322.480 7.000
M_1090 0.000 401.769 7.000
T_1091 -4.441 -90.974 3.000
I_1092 0.000 777.529 5.000
I_1093 0.000 777.529 10.000
H_1094 -11.652 -583.484 11.000
R_1095 -31.716 -1015.709 15.000
E_1096 -28.359 -605.239 19.000
D_1097 -29.436 -475.402 21.000
E_1098 -28.912 -605.239 20.000
D_1099 -26.485 -475.402 16.000
E_1100 -26.485 -605.239 16.000
I_1101 0.000 777.529 13.000
E_1102 -21.132 -605.239 10.000
W_1103 -4.824 -203.500 7.000
W_1104 -4.824 -203.500 7.000
W_1105 -5.155 -203.500 8.000
A_1106 0.000 185.740 7.000
R_1107 -25.574 -1015.709 10.000
L_1108 0.000 679.918 13.000
N_1109 -26.485 -507.047 16.000
D_1110 -25.772 -475.402 15.000
K_1111 -19.613 -818.649 15.000
E_1112 -24.169 -605.239 13.000
G_1113 0.000 -27.649 9.000
Y_1114 -8.431 -274.939 6.000
V_1115 0.000 613.196 7.000
P_1116 0.000 -195.996 11.000
R_1117 -23.856 -1015.709 9.000
N_1118 -19.866 -507.047 9.000
L_1119 0.000 679.918 9.000
L_1120 0.000 679.918 4.000
G_1121 0.000 -27.649 2.000
L_1122 0.000 679.918 2.000
Y_1123 -9.265 -274.939 7.000
P_1124 0.000 -195.996 7.000
R_1125 -25.574 -1015.709 10.000
I_1126 0.000 777.529 8.000
K_1127 -18.462 -818.649 13.000
P_1128 0.000 -195.996 12.000
R_1129 -33.508 -1015.709 17.000
Q_1130 -27.150 -643.904 17.000
R_1131 -33.508 -1015.709 17.000
S_1132 -17.811 -90.060 12.000
L_1133 0.000 679.918 8.000
A_1134 0.000 185.740 3.000
