M_1 0.000 401.769 3.000
T_2 -7.878 -90.974 4.000
A_3 0.000 185.740 4.000
W_4 -3.436 -203.500 4.000
I_5 0.000 777.529 1.000
L_6 0.000 679.918 1.000
L_7 0.000 679.918 0.000
P_8 0.000 -195.996 3.000
V_9 0.000 613.196 3.000
S_10 -11.867 -90.060 6.000
L_11 0.000 679.918 6.000
S_12 -11.867 -90.060 6.000
A_13 0.000 185.740 6.000
F_14 0.000 560.542 6.000
S_15 -11.867 -90.060 6.000
I_16 0.000 777.529 6.000
T_17 -11.867 -90.974 6.000
G_18 0.000 -27.649 4.000
I_19 0.000 777.529 7.000
W_20 -3.436 -203.500 4.000
T_21 -11.867 -90.974 6.000
V_22 0.000 613.196 6.000
Y_23 -7.426 -274.939 5.000
A_24 0.000 185.740 2.000
M_25 0.000 401.769 2.000
A_26 0.000 185.740 0.000
V_27 0.000 613.196 4.000
M_28 0.000 401.769 6.000
N_29 -18.409 -507.047 8.000
H_30 -9.978 -583.484 8.000
H_31 -9.978 -583.484 8.000
V_32 0.000 613.196 4.000
C_33 0.000 322.480 2.000
P_34 0.000 -195.996 4.000
V_35 0.000 613.196 8.000
E_36 -19.866 -605.239 9.000
N_37 -23.258 -507.047 12.000
W_38 -6.542 -203.500 14.000
S_39 -19.059 -90.060 14.000
Y_40 -12.900 -274.939 14.000
N_41 -26.485 -507.047 16.000
E_42 -24.169 -605.239 13.000
S_43 -17.098 -90.060 11.000
C_44 0.000 322.480 7.000
P_45 0.000 -195.996 7.000
P_46 0.000 -195.996 4.000
D_47 -7.878 -475.402 4.000
P_48 0.000 -195.996 8.000
A_49 0.000 185.740 12.000
E_50 -18.409 -605.239 8.000
Q_51 -18.409 -643.904 8.000
G_52 0.000 -27.649 8.000
G_53 0.000 -27.649 7.000
P_54 0.000 -195.996 6.000
K_55 -11.867 -818.649 6.000
T_56 -11.867 -90.974 6.000
C_57 0.000 322.480 9.000
C_58 0.000 322.480 6.000
T_59 -13.255 -90.974 7.000
L_60 0.000 679.918 11.000
D_61 -22.253 -475.402 11.000
D_62 -18.409 -475.402 8.000
V_63 0.000 613.196 8.000
P_64 0.000 -195.996 4.000
L_65 0.000 679.918 3.000
I_66 0.000 777.529 6.000
S_67 -11.867 -90.060 6.000
K_68 -11.867 -818.649 6.000
C_69 0.000 322.480 9.000
G_70 0.000 -27.649 8.000
S_71 -10.149 -90.060 5.000
Y_72 -7.426 -274.939 5.000
P_73 0.000 -195.996 9.000
P_74 0.000 -195.996 9.000
E_75 -16.691 -605.239 7.000
S_76 -13.255 -90.060 7.000
C_77 0.000 322.480 7.000
L_78 0.000 679.918 6.000
F_79 0.000 560.542 3.000
S_80 -4.441 -90.060 3.000
L_81 0.000 679.918 3.000
I_82 0.000 777.529 7.000
G_83 0.000 -27.649 4.000
N_84 -7.878 -507.047 4.000
M_85 0.000 401.769 4.000
G_86 0.000 -27.649 4.000
A_87 0.000 185.740 0.000
F_88 0.000 560.542 0.000
M_89 0.000 401.769 0.000
V_90 0.000 613.196 0.000
A_91 0.000 185.740 0.000
L_92 0.000 679.918 0.000
I_93 0.000 777.529 0.000
C_94 0.000 322.480 0.000
L_95 0.000 679.918 5.000
L_96 0.000 679.918 7.000
R_97 -19.414 -1015.709 7.000
Y_98 -11.652 -274.939 11.000
G_99 0.000 -27.649 11.000
Q_100 -14.591 -643.904 6.000
L_101 0.000 679.918 8.000
L_102 0.000 679.918 12.000
E_103 -22.253 -605.239 11.000
Q_104 -26.485 -643.904 16.000
S_105 -21.060 -90.060 18.000
R_106 -33.508 -1015.709 17.000
H_107 -12.900 -583.484 14.000
S_108 -17.098 -90.060 11.000
W_109 -5.708 -203.500 10.000
V_110 0.000 613.196 11.000
N_111 -22.253 -507.047 11.000
T_112 -16.309 -90.974 10.000
T_113 -16.309 -90.974 10.000
A_114 0.000 185.740 6.000
L_115 0.000 679.918 6.000
I_116 0.000 777.529 3.000
T_117 -4.441 -90.974 3.000
G_118 0.000 -27.649 6.000
C_119 0.000 322.480 10.000
T_120 -13.255 -90.974 7.000
N_121 -16.691 -507.047 7.000
A_122 0.000 185.740 7.000
A_123 0.000 185.740 4.000
G_124 0.000 -27.649 0.000
L_125 0.000 679.918 0.000
L_126 0.000 679.918 0.000
V_127 0.000 613.196 0.000
V_128 0.000 613.196 4.000
G_129 0.000 -27.649 4.000
N_130 -18.409 -507.047 8.000
F_131 0.000 560.542 8.000
Q_132 -23.258 -643.904 12.000
V_133 0.000 613.196 10.000
D_134 -21.132 -475.402 10.000
H_135 -11.652 -583.484 11.000
A_136 0.000 185.740 14.000
R_137 -25.574 -1015.709 10.000
S_138 -16.309 -90.060 10.000
L_139 0.000 679.918 12.000
H_140 -9.265 -583.484 7.000
Y_141 -6.160 -274.939 4.000
V_142 0.000 613.196 4.000
G_143 0.000 -27.649 2.000
A_144 0.000 185.740 0.000
G_145 0.000 -27.649 0.000
V_146 0.000 613.196 0.000
A_147 0.000 185.740 0.000
F_148 0.000 560.542 0.000
P_149 0.000 -195.996 0.000
A_150 0.000 185.740 0.000
G_151 0.000 -27.649 0.000
L_152 0.000 679.918 0.000
L_153 0.000 679.918 0.000
F_154 0.000 560.542 0.000
V_155 0.000 613.196 0.000
C_156 0.000 322.480 2.000
L_157 0.000 679.918 2.000
H_158 -1.718 -583.484 2.000
C_159 0.000 322.480 2.000
A_160 0.000 185.740 5.000
L_161 0.000 679.918 5.000
S_162 -15.425 -90.060 9.000
Y_163 -10.601 -274.939 9.000
Q_164 -19.866 -643.904 9.000
G_165 0.000 -27.649 9.000
A_166 0.000 185.740 7.000
T_167 -4.441 -90.974 3.000
A_168 0.000 185.740 3.000
P_169 0.000 -195.996 7.000
L_170 0.000 679.918 4.000
D_171 -7.878 -475.402 4.000
L_172 0.000 679.918 4.000
A_173 0.000 185.740 4.000
V_174 0.000 613.196 2.000
A_175 0.000 185.740 2.000
Y_176 -9.265 -274.939 7.000
L_177 0.000 679.918 10.000
R_178 -25.574 -1015.709 10.000
S_179 -14.420 -90.060 8.000
V_180 0.000 613.196 8.000
L_181 0.000 679.918 3.000
A_182 0.000 185.740 0.000
V_183 0.000 613.196 0.000
I_184 0.000 777.529 0.000
A_185 0.000 185.740 0.000
F_186 0.000 560.542 3.000
I_187 0.000 777.529 3.000
T_188 -4.441 -90.974 3.000
L_189 0.000 679.918 3.000
V_190 0.000 613.196 6.000
L_191 0.000 679.918 3.000
S_192 -4.441 -90.060 3.000
G_193 0.000 -27.649 3.000
V_194 0.000 613.196 3.000
F_195 0.000 560.542 0.000
F_196 0.000 560.542 2.000
V_197 0.000 613.196 6.000
H_198 -10.601 -583.484 9.000
E_199 -23.258 -605.239 12.000
S_200 -20.127 -90.060 16.000
S_201 -19.059 -90.060 14.000
Q_202 -25.003 -643.904 14.000
L_203 0.000 679.918 13.000
Q_204 -21.132 -643.904 10.000
H_205 -8.431 -583.484 6.000
G_206 0.000 -27.649 6.000
A_207 0.000 185.740 2.000
A_208 0.000 185.740 0.000
L_209 0.000 679.918 4.000
C_210 0.000 322.480 5.000
E_211 -11.867 -605.239 5.000
W_212 -3.990 -203.500 5.000
V_213 0.000 613.196 5.000
C_214 0.000 322.480 1.000
V_215 0.000 613.196 4.000
I_216 0.000 777.529 4.000
D_217 -7.878 -475.402 4.000
I_218 0.000 777.529 4.000
L_219 0.000 679.918 4.000
I_220 0.000 777.529 2.000
F_221 0.000 560.542 2.000
Y_222 -7.426 -274.939 5.000
G_223 0.000 -27.649 5.000
T_224 -14.420 -90.974 8.000
F_225 0.000 560.542 8.000
S_226 -17.811 -90.060 12.000
Y_227 -10.601 -274.939 9.000
E_228 -19.866 -605.239 9.000
F_229 0.000 560.542 6.000
G_230 0.000 -27.649 4.000
A_231 0.000 185.740 3.000
V_232 0.000 613.196 6.000
S_233 -16.309 -90.060 10.000
S_234 -18.462 -90.060 13.000
D_235 -24.169 -475.402 13.000
T_236 -16.309 -90.974 10.000
L_237 0.000 679.918 7.000
V_238 0.000 613.196 3.000
A_239 0.000 185.740 0.000
A_240 0.000 185.740 4.000
L_241 0.000 679.918 4.000
Q_242 -16.691 -643.904 7.000
P_243 0.000 -195.996 7.000
T_244 -13.255 -90.974 7.000
P_245 0.000 -195.996 8.000
G_246 0.000 -27.649 8.000
R_247 -11.867 -1015.709 5.000
A_248 0.000 185.740 8.000
C_249 0.000 322.480 11.000
K_250 -15.425 -818.649 9.000
S_251 -15.425 -90.060 9.000
S_252 -17.811 -90.060 12.000
G_253 0.000 -27.649 12.000
S_254 -17.811 -90.060 12.000
S_255 -17.811 -90.060 12.000
S_256 -19.613 -90.060 15.000
T_257 -19.613 -90.974 15.000
S_258 -19.059 -90.060 14.000
T_259 -17.098 -90.974 11.000
H_260 -12.104 -583.484 12.000
L_261 0.000 679.918 9.000
N_262 -14.591 -507.047 6.000
C_263 0.000 322.480 4.000
A_264 0.000 185.740 8.000
P_265 0.000 -195.996 7.000
E_266 -16.691 -605.239 7.000
S_267 -13.255 -90.060 7.000
I_268 0.000 777.529 7.000
A_269 0.000 185.740 3.000
M_270 0.000 401.769 0.000
I_271 0.000 777.529 0.000
