M_1 0.000 401.769 8.000
S_2 -14.420 -90.060 8.000
R_3 -27.076 -1015.709 11.000
L_4 0.000 679.918 16.000
K_5 -18.462 -818.649 13.000
R_6 -21.845 -1015.709 8.000
I_7 0.000 777.529 8.000
A_8 0.000 185.740 9.000
G_9 0.000 -27.649 8.000
Q_10 -18.409 -643.904 8.000
D_11 -24.169 -475.402 13.000
L_12 0.000 679.918 13.000
R_13 -23.856 -1015.709 9.000
A_14 0.000 185.740 5.000
G_15 0.000 -27.649 8.000
F_16 0.000 560.542 3.000
K_17 -4.441 -818.649 3.000
A_18 0.000 185.740 3.000
G_19 0.000 -27.649 8.000
G_20 0.000 -27.649 9.000
R_21 -23.856 -1015.709 9.000
D_22 -19.866 -475.402 9.000
C_23 0.000 322.480 12.000
G_24 0.000 -27.649 10.000
T_25 -11.867 -90.974 6.000
S_26 -11.867 -90.060 6.000
V_27 0.000 613.196 10.000
P_28 0.000 -195.996 7.000
Q_29 -7.878 -643.904 4.000
G_30 0.000 -27.649 4.000
L_31 0.000 679.918 7.000
L_32 0.000 679.918 3.000
K_33 -4.441 -818.649 3.000
A_34 0.000 185.740 8.000
A_35 0.000 185.740 11.000
R_36 -27.076 -1015.709 11.000
K_37 -17.098 -818.649 11.000
S_38 -19.613 -90.060 15.000
G_39 0.000 -27.649 10.000
Q_40 -22.253 -643.904 11.000
L_41 0.000 679.918 8.000
N_42 -22.253 -507.047 11.000
L_43 0.000 679.918 7.000
S_44 -17.811 -90.060 12.000
G_45 0.000 -27.649 12.000
R_46 -28.412 -1015.709 12.000
N_47 -23.258 -507.047 12.000
L_48 0.000 679.918 16.000
S_49 -17.098 -90.060 11.000
E_50 -16.691 -605.239 7.000
V_51 0.000 613.196 11.000
P_52 0.000 -195.996 8.000
Q_53 -7.878 -643.904 4.000
C_54 0.000 322.480 5.000
V_55 0.000 613.196 10.000
W_56 -4.441 -203.500 6.000
R_57 -25.574 -1015.709 10.000
I_58 0.000 777.529 10.000
N_59 -24.169 -507.047 13.000
V_60 0.000 613.196 8.000
D_61 -18.409 -475.402 8.000
I_62 0.000 777.529 8.000
P_63 0.000 -195.996 12.000
E_64 -18.409 -605.239 8.000
E_65 -23.258 -605.239 12.000
A_66 0.000 185.740 16.000
N_67 -26.485 -507.047 16.000
Q_68 -23.258 -643.904 12.000
N_69 -25.772 -507.047 15.000
L_70 0.000 679.918 11.000
S_71 -13.255 -90.060 7.000
F_72 0.000 560.542 3.000
G_73 0.000 -27.649 6.000
A_74 0.000 185.740 7.000
T_75 -17.811 -90.974 12.000
E_76 -24.169 -605.239 13.000
R_77 -30.711 -1015.709 14.000
W_78 -6.713 -203.500 15.000
W_79 -6.713 -203.500 15.000
E_80 -24.169 -605.239 13.000
Q_81 -26.485 -643.904 16.000
T_82 -19.613 -90.974 15.000
D_83 -25.003 -475.402 14.000
L_84 0.000 679.918 13.000
T_85 -16.309 -90.974 10.000
K_86 -11.867 -818.649 6.000
L_87 0.000 679.918 6.000
I_88 0.000 777.529 6.000
I_89 0.000 777.529 7.000
S_90 -17.098 -90.060 11.000
N_91 -25.003 -507.047 14.000
N_92 -25.003 -507.047 14.000
K_93 -19.613 -818.649 15.000
L_94 0.000 679.918 14.000
Q_95 -21.132 -643.904 10.000
S_96 -16.309 -90.060 10.000
L_97 0.000 679.918 14.000
T_98 -19.059 -90.974 14.000
D_99 -22.253 -475.402 11.000
D_100 -26.485 -475.402 16.000
L_101 0.000 679.918 13.000
R_102 -23.856 -1015.709 9.000
L_103 0.000 679.918 5.000
L_104 0.000 679.918 5.000
P_105 0.000 -195.996 0.000
A_106 0.000 185.740 3.000
L_107 0.000 679.918 3.000
T_108 -4.441 -90.974 3.000
V_109 0.000 613.196 7.000
L_110 0.000 679.918 7.000
D_111 -14.591 -475.402 6.000
I_112 0.000 777.529 10.000
H_113 -12.900 -583.484 14.000
D_114 -25.003 -475.402 14.000
N_115 -25.003 -507.047 14.000
Q_116 -25.772 -643.904 15.000
L_117 0.000 679.918 14.000
T_118 -16.309 -90.974 10.000
S_119 -11.867 -90.060 6.000
L_120 0.000 679.918 9.000
P_121 0.000 -195.996 6.000
S_122 -4.441 -90.060 3.000
A_123 0.000 185.740 8.000
I_124 0.000 777.529 12.000
R_125 -23.856 -1015.709 9.000
E_126 -24.169 -605.239 13.000
L_127 0.000 679.918 17.000
E_128 -23.258 -605.239 12.000
N_129 -23.258 -507.047 12.000
L_130 0.000 679.918 15.000
Q_131 -22.253 -643.904 11.000
K_132 -17.098 -818.649 11.000
L_133 0.000 679.918 11.000
N_134 -21.132 -507.047 10.000
V_135 0.000 613.196 9.000
S_136 -18.462 -90.060 13.000
H_137 -12.104 -583.484 12.000
N_138 -23.258 -507.047 12.000
K_139 -17.811 -818.649 12.000
L_140 0.000 679.918 10.000
K_141 -11.867 -818.649 6.000
I_142 0.000 777.529 3.000
L_143 0.000 679.918 7.000
P_144 0.000 -195.996 8.000
E_145 -18.409 -605.239 8.000
E_146 -22.253 -605.239 11.000
I_147 0.000 777.529 15.000
T_148 -17.098 -90.974 11.000
N_149 -23.258 -507.047 12.000
L_150 0.000 679.918 16.000
R_151 -29.616 -1015.709 13.000
N_152 -23.258 -507.047 12.000
L_153 0.000 679.918 12.000
K_154 -13.255 -818.649 7.000
C_155 0.000 322.480 5.000
L_156 0.000 679.918 5.000
Y_157 -8.431 -274.939 6.000
L_158 0.000 679.918 8.000
Q_159 -23.258 -643.904 12.000
H_160 -12.900 -583.484 14.000
N_161 -25.003 -507.047 14.000
E_162 -24.169 -605.239 13.000
L_163 0.000 679.918 11.000
T_164 -13.255 -90.974 7.000
C_165 0.000 322.480 6.000
I_166 0.000 777.529 10.000
S_167 -13.255 -90.060 7.000
E_168 -16.691 -605.239 7.000
G_169 0.000 -27.649 11.000
F_170 0.000 560.542 12.000
E_171 -18.409 -605.239 8.000
Q_172 -22.253 -643.904 11.000
L_173 0.000 679.918 15.000
S_174 -17.098 -90.060 11.000
N_175 -22.253 -507.047 11.000
L_176 0.000 679.918 15.000
E_177 -23.258 -605.239 12.000
D_178 -23.258 -475.402 12.000
L_179 0.000 679.918 12.000
D_180 -22.253 -475.402 11.000
L_181 0.000 679.918 11.000
S_182 -19.613 -90.060 15.000
N_183 -24.169 -507.047 13.000
N_184 -24.169 -507.047 13.000
H_185 -12.518 -583.484 13.000
L_186 0.000 679.918 12.000
T_187 -14.420 -90.974 8.000
T_188 -11.867 -90.974 6.000
V_189 0.000 613.196 6.000
P_190 0.000 -195.996 6.000
A_191 0.000 185.740 3.000
S_192 -11.867 -90.060 6.000
F_193 0.000 560.542 9.000
S_194 -15.425 -90.060 9.000
S_195 -15.425 -90.060 9.000
L_196 0.000 679.918 12.000
S_197 -15.425 -90.060 9.000
S_198 -11.867 -90.060 6.000
L_199 0.000 679.918 11.000
V_200 0.000 613.196 8.000
R_201 -23.856 -1015.709 9.000
L_202 0.000 679.918 9.000
N_203 -23.258 -507.047 12.000
L_204 0.000 679.918 10.000
S_205 -19.059 -90.060 14.000
S_206 -19.059 -90.060 14.000
N_207 -25.003 -507.047 14.000
E_208 -25.003 -605.239 14.000
L_209 0.000 679.918 14.000
K_210 -16.309 -818.649 10.000
S_211 -11.867 -90.060 6.000
L_212 0.000 679.918 6.000
P_213 0.000 -195.996 7.000
A_214 0.000 185.740 4.000
E_215 -18.409 -605.239 8.000
I_216 0.000 777.529 13.000
N_217 -24.169 -507.047 13.000
R_218 -28.412 -1015.709 12.000
M_219 0.000 401.769 17.000
K_220 -18.462 -818.649 13.000
R_221 -27.076 -1015.709 11.000
L_222 0.000 679.918 13.000
K_223 -16.309 -818.649 10.000
H_224 -10.601 -583.484 9.000
L_225 0.000 679.918 9.000
D_226 -21.132 -475.402 10.000
C_227 0.000 322.480 11.000
N_228 -25.772 -507.047 15.000
S_229 -17.098 -90.060 11.000
N_230 -22.253 -507.047 11.000
L_231 0.000 679.918 11.000
L_232 0.000 679.918 11.000
E_233 -16.691 -605.239 7.000
T_234 -13.255 -90.974 7.000
I_235 0.000 777.529 7.000
P_236 0.000 -195.996 7.000
P_237 0.000 -195.996 4.000
E_238 -7.878 -605.239 4.000
L_239 0.000 679.918 4.000
A_240 0.000 185.740 4.000
G_241 0.000 -27.649 4.000
M_242 0.000 401.769 7.000
E_243 -16.691 -605.239 7.000
S_244 -17.098 -90.060 11.000
L_245 0.000 679.918 11.000
E_246 -16.691 -605.239 7.000
L_247 0.000 679.918 6.000
L_248 0.000 679.918 6.000
Y_249 -9.265 -274.939 7.000
L_250 0.000 679.918 12.000
R_251 -32.645 -1015.709 16.000
R_252 -33.508 -1015.709 17.000
N_253 -27.150 -507.047 17.000
K_254 -20.609 -818.649 17.000
L_255 0.000 679.918 12.000
R_256 -21.845 -1015.709 8.000
F_257 0.000 560.542 5.000
L_258 0.000 679.918 9.000
P_259 0.000 -195.996 4.000
E_260 -7.878 -605.239 4.000
F_261 0.000 560.542 7.000
P_262 0.000 -195.996 7.000
S_263 -11.867 -90.060 6.000
C_264 0.000 322.480 6.000
S_265 -11.867 -90.060 6.000
L_266 0.000 679.918 6.000
L_267 0.000 679.918 10.000
K_268 -13.255 -818.649 7.000
E_269 -19.866 -605.239 9.000
L_270 0.000 679.918 9.000
H_271 -8.431 -583.484 6.000
V_272 0.000 613.196 6.000
G_273 0.000 -27.649 10.000
E_274 -23.258 -605.239 12.000
N_275 -23.258 -507.047 12.000
Q_276 -26.485 -643.904 16.000
I_277 0.000 777.529 12.000
E_278 -18.409 -605.239 8.000
M_279 0.000 401.769 8.000
L_280 0.000 679.918 8.000
E_281 -18.409 -605.239 8.000
A_282 0.000 185.740 10.000
E_283 -21.132 -605.239 10.000
H_284 -10.601 -583.484 9.000
L_285 0.000 679.918 11.000
K_286 -13.255 -818.649 7.000
H_287 -10.601 -583.484 9.000
L_288 0.000 679.918 12.000
N_289 -19.866 -507.047 9.000
S_290 -13.255 -90.060 7.000
I_291 0.000 777.529 7.000
L_292 0.000 679.918 3.000
V_293 0.000 613.196 4.000
L_294 0.000 679.918 4.000
D_295 -19.866 -475.402 9.000
L_296 0.000 679.918 13.000
R_297 -33.508 -1015.709 17.000
D_298 -26.485 -475.402 16.000
N_299 -26.485 -507.047 16.000
K_300 -19.059 -818.649 14.000
L_301 0.000 679.918 13.000
K_302 -15.425 -818.649 9.000
S_303 -11.867 -90.060 6.000
V_304 0.000 613.196 10.000
P_305 0.000 -195.996 11.000
D_306 -18.409 -475.402 8.000
E_307 -18.409 -605.239 8.000
I_308 0.000 777.529 8.000
I_309 0.000 777.529 4.000
L_310 0.000 679.918 5.000
L_311 0.000 679.918 8.000
R_312 -21.845 -1015.709 8.000
S_313 -17.811 -90.060 12.000
L_314 0.000 679.918 17.000
E_315 -23.258 -605.239 12.000
R_316 -29.616 -1015.709 13.000
L_317 0.000 679.918 13.000
D_318 -23.258 -475.402 12.000
L_319 0.000 679.918 11.000
S_320 -19.613 -90.060 15.000
N_321 -25.772 -507.047 15.000
N_322 -25.772 -507.047 15.000
D_323 -25.772 -475.402 15.000
I_324 0.000 777.529 14.000
S_325 -16.309 -90.060 10.000
S_326 -11.867 -90.060 6.000
L_327 0.000 679.918 8.000
P_328 0.000 -195.996 8.000
Y_329 -7.426 -274.939 5.000
S_330 -10.149 -90.060 5.000
L_331 0.000 679.918 9.000
G_332 0.000 -27.649 7.000
N_333 -14.591 -507.047 6.000
L_334 0.000 679.918 6.000
H_335 -10.601 -583.484 9.000
L_336 0.000 679.918 5.000
K_337 -10.149 -818.649 5.000
F_338 0.000 560.542 3.000
L_339 0.000 679.918 3.000
A_340 0.000 185.740 4.000
L_341 0.000 679.918 4.000
E_342 -18.409 -605.239 8.000
G_343 0.000 -27.649 8.000
N_344 -18.409 -507.047 8.000
P_345 0.000 -195.996 9.000
L_346 0.000 679.918 12.000
R_347 -21.845 -1015.709 8.000
T_348 -18.462 -90.974 13.000
I_349 0.000 777.529 18.000
R_350 -33.508 -1015.709 17.000
R_351 -30.711 -1015.709 14.000
E_352 -25.003 -605.239 14.000
I_353 0.000 777.529 12.000
I_354 0.000 777.529 10.000
S_355 -11.867 -90.060 6.000
K_356 -15.425 -818.649 9.000
G_357 0.000 -27.649 13.000
T_358 -19.059 -90.974 14.000
Q_359 -22.253 -643.904 11.000
E_360 -22.253 -605.239 11.000
V_361 0.000 613.196 11.000
L_362 0.000 679.918 9.000
K_363 -10.149 -818.649 5.000
Y_364 -11.154 -274.939 10.000
L_365 0.000 679.918 13.000
R_366 -29.616 -1015.709 13.000
S_367 -17.098 -90.060 11.000
K_368 -19.059 -818.649 14.000
I_369 0.000 777.529 13.000
K_370 -19.059 -818.649 14.000
D_371 -22.253 -475.402 11.000
D_372 -22.253 -475.402 11.000
G_373 0.000 -27.649 11.000
P_374 0.000 -195.996 11.000
S_375 -16.309 -90.060 10.000
Q_376 -25.003 -643.904 14.000
S_377 -20.609 -90.060 17.000
E_378 -25.003 -605.239 14.000
S_379 -18.462 -90.060 13.000
A_380 0.000 185.740 14.000
T_381 -18.462 -90.974 13.000
E_382 -21.132 -605.239 10.000
T_383 -16.309 -90.974 10.000
A_384 0.000 185.740 10.000
M_385 0.000 401.769 6.000
T_386 -4.441 -90.974 3.000
L_387 0.000 679.918 6.000
P_388 0.000 -195.996 10.000
S_389 -16.309 -90.060 10.000
E_390 -25.772 -605.239 15.000
S_391 -19.613 -90.060 15.000
R_392 -32.645 -1015.709 16.000
V_393 0.000 613.196 12.000
N_394 -22.253 -507.047 11.000
I_395 0.000 777.529 6.000
H_396 -8.431 -583.484 6.000
A_397 0.000 185.740 2.000
I_398 0.000 777.529 5.000
I_399 0.000 777.529 3.000
T_400 -11.867 -90.974 6.000
L_401 0.000 679.918 6.000
K_402 -11.867 -818.649 6.000
I_403 0.000 777.529 7.000
L_404 0.000 679.918 9.000
D_405 -19.866 -475.402 9.000
Y_406 -12.518 -274.939 13.000
S_407 -20.127 -90.060 16.000
D_408 -26.485 -475.402 16.000
K_409 -19.059 -818.649 14.000
Q_410 -25.003 -643.904 14.000
A_411 0.000 185.740 10.000
T_412 -13.255 -90.974 7.000
L_413 0.000 679.918 3.000
I_414 0.000 777.529 7.000
P_415 0.000 -195.996 8.000
D_416 -18.409 -475.402 8.000
E_417 -18.409 -605.239 8.000
V_418 0.000 613.196 12.000
F_419 0.000 560.542 8.000
D_420 -7.878 -475.402 4.000
A_421 0.000 185.740 7.000
V_422 0.000 613.196 10.000
K_423 -16.309 -818.649 10.000
S_424 -16.309 -90.060 10.000
N_425 -21.132 -507.047 10.000
I_426 0.000 777.529 10.000
V_427 0.000 613.196 10.000
T_428 -11.867 -90.974 6.000
S_429 -16.309 -90.060 10.000
I_430 0.000 777.529 10.000
N_431 -21.132 -507.047 10.000
F_432 0.000 560.542 10.000
S_433 -19.059 -90.060 14.000
K_434 -19.059 -818.649 14.000
N_435 -25.003 -507.047 14.000
Q_436 -22.253 -643.904 11.000
L_437 0.000 679.918 12.000
C_438 0.000 322.480 8.000
E_439 -7.878 -605.239 4.000
I_440 0.000 777.529 7.000
P_441 0.000 -195.996 12.000
K_442 -14.420 -818.649 8.000
R_443 -21.845 -1015.709 8.000
M_444 0.000 401.769 12.000
V_445 0.000 613.196 9.000
E_446 -16.691 -605.239 7.000
L_447 0.000 679.918 11.000
K_448 -17.098 -818.649 11.000
E_449 -16.691 -605.239 7.000
M_450 0.000 401.769 10.000
V_451 0.000 613.196 11.000
S_452 -13.255 -90.060 7.000
D_453 -22.253 -475.402 11.000
V_454 0.000 613.196 11.000
D_455 -22.253 -475.402 11.000
L_456 0.000 679.918 7.000
S_457 -17.098 -90.060 11.000
F_458 0.000 560.542 10.000
N_459 -21.132 -507.047 10.000
K_460 -16.309 -818.649 10.000
L_461 0.000 679.918 10.000
S_462 -11.867 -90.060 6.000
F_463 0.000 560.542 6.000
I_464 0.000 777.529 6.000
S_465 -13.255 -90.060 7.000
L_466 0.000 679.918 7.000
E_467 -16.691 -605.239 7.000
L_468 0.000 679.918 4.000
C_469 0.000 322.480 4.000
V_470 0.000 613.196 4.000
L_471 0.000 679.918 7.000
Q_472 -16.691 -643.904 7.000
K_473 -16.309 -818.649 10.000
L_474 0.000 679.918 10.000
T_475 -11.867 -90.974 6.000
F_476 0.000 560.542 7.000
L_477 0.000 679.918 7.000
D_478 -19.866 -475.402 9.000
L_479 0.000 679.918 13.000
R_480 -33.508 -1015.709 17.000
N_481 -24.169 -507.047 13.000
N_482 -24.169 -507.047 13.000
F_483 0.000 560.542 12.000
L_484 0.000 679.918 11.000
N_485 -16.691 -507.047 7.000
S_486 -13.255 -90.060 7.000
L_487 0.000 679.918 11.000
P_488 0.000 -195.996 11.000
E_489 -18.409 -605.239 8.000
E_490 -23.258 -605.239 12.000
M_491 0.000 401.769 15.000
E_492 -22.253 -605.239 11.000
S_493 -13.255 -90.060 7.000
L_494 0.000 679.918 12.000
V_495 0.000 613.196 8.000
R_496 -23.856 -1015.709 9.000
L_497 0.000 679.918 12.000
Q_498 -23.258 -643.904 12.000
T_499 -17.098 -90.974 11.000
I_500 0.000 777.529 11.000
N_501 -21.132 -507.047 10.000
L_502 0.000 679.918 7.000
S_503 -17.098 -90.060 11.000
F_504 0.000 560.542 12.000
N_505 -23.258 -507.047 12.000
R_506 -28.412 -1015.709 12.000
F_507 0.000 560.542 12.000
K_508 -14.420 -818.649 8.000
M_509 0.000 401.769 3.000
L_510 0.000 679.918 7.000
P_511 0.000 -195.996 4.000
E_512 -7.878 -605.239 4.000
V_513 0.000 613.196 6.000
L_514 0.000 679.918 11.000
Y_515 -9.265 -274.939 7.000
R_516 -19.414 -1015.709 7.000
I_517 0.000 777.529 10.000
F_518 0.000 560.542 8.000
T_519 -13.255 -90.974 7.000
L_520 0.000 679.918 10.000
E_521 -21.132 -605.239 10.000
T_522 -13.255 -90.974 7.000
I_523 0.000 777.529 7.000
L_524 0.000 679.918 6.000
I_525 0.000 777.529 7.000
S_526 -17.098 -90.060 11.000
N_527 -25.772 -507.047 15.000
N_528 -25.772 -507.047 15.000
Q_529 -23.258 -643.904 12.000
V_530 0.000 613.196 11.000
G_531 0.000 -27.649 7.000
S_532 -13.255 -90.060 7.000
V_533 0.000 613.196 7.000
D_534 -22.253 -475.402 11.000
P_535 0.000 -195.996 11.000
Q_536 -22.253 -643.904 11.000
K_537 -16.309 -818.649 10.000
M_538 0.000 401.769 10.000
K_539 -11.867 -818.649 6.000
M_540 0.000 401.769 7.000
M_541 0.000 401.769 11.000
E_542 -18.409 -605.239 8.000
N_543 -22.253 -507.047 11.000
L_544 0.000 679.918 14.000
T_545 -16.309 -90.974 10.000
T_546 -16.309 -90.974 10.000
L_547 0.000 679.918 10.000
D_548 -22.253 -475.402 11.000
L_549 0.000 679.918 12.000
Q_550 -26.485 -643.904 16.000
N_551 -26.485 -507.047 16.000
N_552 -26.485 -507.047 16.000
D_553 -23.258 -475.402 12.000
L_554 0.000 679.918 12.000
L_555 0.000 679.918 8.000
Q_556 -7.878 -643.904 4.000
I_557 0.000 777.529 4.000
P_558 0.000 -195.996 8.000
P_559 0.000 -195.996 4.000
E_560 -7.878 -605.239 4.000
L_561 0.000 679.918 8.000
G_562 0.000 -27.649 8.000
N_563 -7.878 -507.047 4.000
C_564 0.000 322.480 8.000
V_565 0.000 613.196 8.000
N_566 -19.866 -507.047 9.000
L_567 0.000 679.918 12.000
R_568 -28.412 -1015.709 12.000
T_569 -14.420 -90.974 8.000
L_570 0.000 679.918 8.000
L_571 0.000 679.918 7.000
L_572 0.000 679.918 4.000
D_573 -18.409 -475.402 8.000
G_574 0.000 -27.649 8.000
N_575 -18.409 -507.047 8.000
P_576 0.000 -195.996 9.000
F_577 0.000 560.542 9.000
R_578 -11.867 -1015.709 5.000
V_579 0.000 613.196 10.000
P_580 0.000 -195.996 10.000
R_581 -11.867 -1015.709 5.000
A_582 0.000 185.740 5.000
A_583 0.000 185.740 5.000
I_584 0.000 777.529 0.000
L_585 0.000 679.918 3.000
M_586 0.000 401.769 3.000
K_587 -11.867 -818.649 6.000
G_588 0.000 -27.649 6.000
T_589 -11.867 -90.974 6.000
A_590 0.000 185.740 3.000
A_591 0.000 185.740 3.000
I_592 0.000 777.529 4.000
L_593 0.000 679.918 6.000
E_594 -14.591 -605.239 6.000
Y_595 -11.652 -274.939 11.000
L_596 0.000 679.918 15.000
R_597 -32.645 -1015.709 16.000
D_598 -25.003 -475.402 14.000
R_599 -30.711 -1015.709 14.000
I_600 0.000 777.529 12.000
P_601 0.000 -195.996 8.000
T_602 -4.441 -90.974 3.000
