M_1 0.000 401.769 0.000
G_2 0.000 -27.649 1.000
C_3 0.000 322.480 1.000
W_4 -3.990 -203.500 5.000
G_5 0.000 -27.649 5.000
Q_6 -11.867 -643.904 5.000
L_7 0.000 679.918 4.000
L_8 0.000 679.918 5.000
V_9 0.000 613.196 1.000
W_10 -0.000 -203.500 1.000
F_11 0.000 560.542 1.000
G_12 0.000 -27.649 1.000
A_13 0.000 185.740 0.000
A_14 0.000 185.740 0.000
G_15 0.000 -27.649 0.000
A_16 0.000 185.740 0.000
I_17 0.000 777.529 0.000
L_18 0.000 679.918 3.000
C_19 0.000 322.480 6.000
S_20 -11.867 -90.060 6.000
S_21 -11.867 -90.060 6.000
P_22 0.000 -195.996 9.000
G_23 0.000 -27.649 10.000
S_24 -17.098 -90.060 11.000
Q_25 -25.003 -643.904 14.000
E_26 -25.003 -605.239 14.000
T_27 -17.098 -90.974 11.000
F_28 0.000 560.542 12.000
L_29 0.000 679.918 11.000
R_30 -27.076 -1015.709 11.000
S_31 -17.098 -90.060 11.000
S_32 -17.098 -90.060 11.000
P_33 0.000 -195.996 6.000
L_34 0.000 679.918 3.000
P_35 0.000 -195.996 0.000
L_36 0.000 679.918 3.000
A_37 0.000 185.740 3.000
S_38 -11.867 -90.060 6.000
P_39 0.000 -195.996 6.000
S_40 -17.098 -90.060 11.000
P_41 0.000 -195.996 12.000
R_42 -28.412 -1015.709 12.000
D_43 -23.258 -475.402 12.000
P_44 0.000 -195.996 12.000
K_45 -16.309 -818.649 10.000
V_46 0.000 613.196 6.000
S_47 -11.867 -90.060 6.000
A_48 0.000 185.740 3.000
P_49 0.000 -195.996 6.000
P_50 0.000 -195.996 3.000
S_51 -4.441 -90.060 3.000
I_52 0.000 777.529 7.000
L_53 0.000 679.918 7.000
E_54 -7.878 -605.239 4.000
P_55 0.000 -195.996 7.000
A_56 0.000 185.740 7.000
S_57 -4.441 -90.060 3.000
P_58 0.000 -195.996 7.000
L_59 0.000 679.918 10.000
N_60 -16.691 -507.047 7.000
S_61 -13.255 -90.060 7.000
P_62 0.000 -195.996 10.000
G_63 0.000 -27.649 10.000
T_64 -13.255 -90.974 7.000
E_65 -21.132 -605.239 10.000
G_66 0.000 -27.649 11.000
S_67 -14.420 -90.060 8.000
W_68 -3.436 -203.500 4.000
L_69 0.000 679.918 7.000
F_70 0.000 560.542 7.000
S_71 -11.867 -90.060 6.000
T_72 -11.867 -90.974 6.000
C_73 0.000 322.480 6.000
G_74 0.000 -27.649 6.000
A_75 0.000 185.740 3.000
S_76 -14.420 -90.060 8.000
G_77 0.000 -27.649 10.000
R_78 -25.574 -1015.709 10.000
H_79 -9.265 -583.484 7.000
G_80 0.000 -27.649 10.000
P_81 0.000 -195.996 9.000
T_82 -16.309 -90.974 10.000
Q_83 -25.003 -643.904 14.000
T_84 -19.059 -90.974 14.000
Q_85 -25.772 -643.904 15.000
C_86 0.000 322.480 11.000
D_87 -18.409 -475.402 8.000
G_88 0.000 -27.649 6.000
A_89 0.000 185.740 6.000
Y_90 -1.718 -274.939 2.000
A_91 0.000 185.740 5.000
G_92 0.000 -27.649 8.000
T_93 -11.867 -90.974 6.000
S_94 -11.867 -90.060 6.000
V_95 0.000 613.196 6.000
V_96 0.000 613.196 6.000
V_97 0.000 613.196 3.000
T_98 -4.441 -90.974 3.000
V_99 0.000 613.196 3.000
G_100 0.000 -27.649 3.000
A_101 0.000 185.740 0.000
A_102 0.000 185.740 4.000
G_103 0.000 -27.649 4.000
Q_104 -19.866 -643.904 9.000
L_105 0.000 679.918 9.000
R_106 -23.856 -1015.709 9.000
G_107 0.000 -27.649 9.000
V_108 0.000 613.196 9.000
Q_109 -11.867 -643.904 5.000
L_110 0.000 679.918 10.000
W_111 -5.708 -203.500 10.000
R_112 -16.309 -1015.709 6.000
V_113 0.000 613.196 6.000
P_114 0.000 -195.996 5.000
G_115 0.000 -27.649 0.000
P_116 0.000 -195.996 4.000
G_117 0.000 -27.649 6.000
Q_118 -14.591 -643.904 6.000
Y_119 -8.431 -274.939 6.000
L_120 0.000 679.918 9.000
I_121 0.000 777.529 5.000
S_122 -10.149 -90.060 5.000
A_123 0.000 185.740 5.000
Y_124 -7.426 -274.939 5.000
G_125 0.000 -27.649 2.000
A_126 0.000 185.740 2.000
A_127 0.000 185.740 0.000
G_128 0.000 -27.649 3.000
G_129 0.000 -27.649 3.000
K_130 -4.441 -818.649 3.000
G_131 0.000 -27.649 6.000
A_132 0.000 185.740 10.000
K_133 -15.425 -818.649 9.000
N_134 -19.866 -507.047 9.000
H_135 -12.104 -583.484 12.000
L_136 0.000 679.918 14.000
S_137 -16.309 -90.060 10.000
R_138 -25.574 -1015.709 10.000
A_139 0.000 185.740 10.000
H_140 -9.265 -583.484 7.000
G_141 0.000 -27.649 2.000
V_142 0.000 613.196 2.000
F_143 0.000 560.542 3.000
V_144 0.000 613.196 3.000
S_145 -4.441 -90.060 3.000
A_146 0.000 185.740 3.000
I_147 0.000 777.529 6.000
F_148 0.000 560.542 3.000
S_149 -4.441 -90.060 3.000
L_150 0.000 679.918 3.000
G_151 0.000 -27.649 3.000
L_152 0.000 679.918 4.000
G_153 0.000 -27.649 7.000
E_154 -16.691 -605.239 7.000
S_155 -15.425 -90.060 9.000
L_156 0.000 679.918 9.000
Y_157 -7.426 -274.939 5.000
I_158 0.000 777.529 2.000
L_159 0.000 679.918 2.000
V_160 0.000 613.196 4.000
G_161 0.000 -27.649 8.000
Q_162 -18.409 -643.904 8.000
Q_163 -23.258 -643.904 12.000
G_164 0.000 -27.649 16.000
E_165 -23.258 -605.239 12.000
D_166 -18.409 -475.402 8.000
A_167 0.000 185.740 8.000
C_168 0.000 322.480 4.000
P_169 0.000 -195.996 0.000
G_170 0.000 -27.649 3.000
G_171 0.000 -27.649 3.000
S_172 -13.255 -90.060 7.000
P_173 0.000 -195.996 10.000
E_174 -25.003 -605.239 14.000
S_175 -17.098 -90.060 11.000
Q_176 -22.253 -643.904 11.000
L_177 0.000 679.918 7.000
V_178 0.000 613.196 4.000
C_179 0.000 322.480 0.000
L_180 0.000 679.918 4.000
G_181 0.000 -27.649 7.000
E_182 -23.258 -605.239 12.000
S_183 -17.811 -90.060 12.000
R_184 -28.412 -1015.709 12.000
A_185 0.000 185.740 12.000
V_186 0.000 613.196 13.000
E_187 -21.132 -605.239 10.000
E_188 -21.132 -605.239 10.000
H_189 -11.154 -583.484 10.000
A_190 0.000 185.740 6.000
A_191 0.000 185.740 6.000
M_192 0.000 401.769 4.000
D_193 -16.691 -475.402 7.000
G_194 0.000 -27.649 11.000
S_195 -17.098 -90.060 11.000
E_196 -16.691 -605.239 7.000
G_197 0.000 -27.649 7.000
V_198 0.000 613.196 4.000
P_199 0.000 -195.996 3.000
G_200 0.000 -27.649 8.000
S_201 -18.462 -90.060 13.000
R_202 -30.711 -1015.709 14.000
R_203 -30.711 -1015.709 14.000
W_204 -5.944 -203.500 11.000
A_205 0.000 185.740 6.000
G_206 0.000 -27.649 1.000
G_207 0.000 -27.649 0.000
G_208 0.000 -27.649 0.000
G_209 0.000 -27.649 0.000
G_210 0.000 -27.649 0.000
G_211 0.000 -27.649 0.000
G_212 0.000 -27.649 0.000
G_213 0.000 -27.649 3.000
A_214 0.000 185.740 5.000
T_215 -10.149 -90.974 5.000
Y_216 -7.426 -274.939 5.000
V_217 0.000 613.196 10.000
F_218 0.000 560.542 7.000
R_219 -25.574 -1015.709 10.000
V_220 0.000 613.196 10.000
R_221 -25.574 -1015.709 10.000
A_222 0.000 185.740 9.000
G_223 0.000 -27.649 9.000
E_224 -18.409 -605.239 8.000
L_225 0.000 679.918 8.000
E_226 -18.409 -605.239 8.000
P_227 0.000 -195.996 4.000
L_228 0.000 679.918 4.000
L_229 0.000 679.918 0.000
V_230 0.000 613.196 0.000
A_231 0.000 185.740 0.000
A_232 0.000 185.740 0.000
G_233 0.000 -27.649 0.000
G_234 0.000 -27.649 0.000
G_235 0.000 -27.649 5.000
G_236 0.000 -27.649 5.000
R_237 -19.414 -1015.709 7.000
A_238 0.000 185.740 7.000
Y_239 -12.104 -274.939 12.000
L_240 0.000 679.918 7.000
R_241 -28.412 -1015.709 12.000
P_242 0.000 -195.996 14.000
R_243 -35.072 -1015.709 19.000
D_244 -25.003 -475.402 14.000
R_245 -35.072 -1015.709 19.000
G_246 0.000 -27.649 17.000
R_247 -33.508 -1015.709 17.000
T_248 -17.811 -90.974 12.000
Q_249 -25.772 -643.904 15.000
A_250 0.000 185.740 10.000
S_251 -17.098 -90.060 11.000
P_252 0.000 -195.996 10.000
E_253 -21.132 -605.239 10.000
K_254 -17.098 -818.649 11.000
L_255 0.000 679.918 15.000
E_256 -26.485 -605.239 16.000
N_257 -26.485 -507.047 16.000
R_258 -35.785 -1015.709 20.000
S_259 -20.127 -90.060 16.000
E_260 -23.258 -605.239 12.000
A_261 0.000 185.740 7.000
P_262 0.000 -195.996 7.000
G_263 0.000 -27.649 3.000
S_264 -4.441 -90.060 3.000
G_265 0.000 -27.649 8.000
G_266 0.000 -27.649 8.000
R_267 -11.867 -1015.709 5.000
G_268 0.000 -27.649 5.000
G_269 0.000 -27.649 5.000
A_270 0.000 185.740 0.000
A_271 0.000 185.740 0.000
G_272 0.000 -27.649 0.000
G_273 0.000 -27.649 0.000
G_274 0.000 -27.649 0.000
G_275 0.000 -27.649 1.000
G_276 0.000 -27.649 4.000
W_277 -4.824 -203.500 7.000
T_278 -17.811 -90.974 12.000
S_279 -17.811 -90.060 12.000
R_280 -27.076 -1015.709 11.000
A_281 0.000 185.740 11.000
P_282 0.000 -195.996 8.000
S_283 -13.255 -90.060 7.000
P_284 0.000 -195.996 7.000
Q_285 -16.691 -643.904 7.000
A_286 0.000 185.740 9.000
G_287 0.000 -27.649 12.000
R_288 -21.845 -1015.709 8.000
S_289 -17.811 -90.060 12.000
L_290 0.000 679.918 16.000
Q_291 -22.253 -643.904 11.000
E_292 -18.409 -605.239 8.000
G_293 0.000 -27.649 12.000
A_294 0.000 185.740 8.000
E_295 -7.878 -605.239 4.000
G_296 0.000 -27.649 8.000
G_297 0.000 -27.649 8.000
Q_298 -7.878 -643.904 4.000
G_299 0.000 -27.649 7.000
C_300 0.000 322.480 11.000
S_301 -13.255 -90.060 7.000
E_302 -18.409 -605.239 8.000
A_303 0.000 185.740 8.000
W_304 -5.155 -203.500 8.000
A_305 0.000 185.740 4.000
T_306 -7.878 -90.974 4.000
L_307 0.000 679.918 4.000
G_308 0.000 -27.649 4.000
W_309 -0.000 -203.500 1.000
A_310 0.000 185.740 1.000
A_311 0.000 185.740 1.000
A_312 0.000 185.740 0.000
G_313 0.000 -27.649 0.000
G_314 0.000 -27.649 0.000
F_315 0.000 560.542 0.000
G_316 0.000 -27.649 0.000
G_317 0.000 -27.649 0.000
G_318 0.000 -27.649 0.000
G_319 0.000 -27.649 0.000
G_320 0.000 -27.649 0.000
A_321 0.000 185.740 3.000
C_322 0.000 322.480 3.000
T_323 -4.441 -90.974 3.000
A_324 0.000 185.740 3.000
G_325 0.000 -27.649 3.000
G_326 0.000 -27.649 0.000
G_327 0.000 -27.649 0.000
G_328 0.000 -27.649 0.000
G_329 0.000 -27.649 2.000
G_330 0.000 -27.649 7.000
Y_331 -9.265 -274.939 7.000
R_332 -19.414 -1015.709 7.000
G_333 0.000 -27.649 11.000
G_334 0.000 -27.649 9.000
D_335 -16.691 -475.402 7.000
A_336 0.000 185.740 11.000
S_337 -19.059 -90.060 14.000
E_338 -25.003 -605.239 14.000
T_339 -21.060 -90.974 18.000
D_340 -25.772 -475.402 15.000
N_341 -23.258 -507.047 12.000
L_342 0.000 679.918 9.000
W_343 -5.447 -203.500 9.000
A_344 0.000 185.740 5.000
D_345 -19.866 -475.402 9.000
G_346 0.000 -27.649 12.000
E_347 -23.258 -605.239 12.000
D_348 -18.409 -475.402 8.000
G_349 0.000 -27.649 11.000
V_350 0.000 613.196 7.000
S_351 -4.441 -90.060 3.000
F_352 0.000 560.542 5.000
I_353 0.000 777.529 5.000
H_354 -7.426 -583.484 5.000
P_355 0.000 -195.996 8.000
S_356 -17.811 -90.060 12.000
S_357 -16.309 -90.060 10.000
E_358 -21.132 -605.239 10.000
L_359 0.000 679.918 7.000
F_360 0.000 560.542 8.000
L_361 0.000 679.918 4.000
Q_362 -7.878 -643.904 4.000
P_363 0.000 -195.996 4.000
L_364 0.000 679.918 4.000
A_365 0.000 185.740 3.000
V_366 0.000 613.196 7.000
T_367 -17.098 -90.974 11.000
E_368 -24.169 -605.239 13.000
N_369 -24.169 -507.047 13.000
H_370 -12.900 -583.484 14.000
G_371 0.000 -27.649 10.000
E_372 -21.132 -605.239 10.000
V_373 0.000 613.196 8.000
E_374 -24.169 -605.239 13.000
I_375 0.000 777.529 14.000
R_376 -32.645 -1015.709 16.000
R_377 -28.412 -1015.709 12.000
H_378 -13.586 -583.484 16.000
L_379 0.000 679.918 11.000
N_380 -19.866 -507.047 9.000
C_381 0.000 322.480 9.000
S_382 -15.425 -90.060 9.000
H_383 -7.426 -583.484 5.000
C_384 0.000 322.480 5.000
P_385 0.000 -195.996 7.000
L_386 0.000 679.918 9.000
R_387 -23.856 -1015.709 9.000
D_388 -24.169 -475.402 13.000
C_389 0.000 322.480 14.000
Q_390 -24.169 -643.904 13.000
W_391 -5.447 -203.500 9.000
Q_392 -24.169 -643.904 13.000
A_393 0.000 185.740 9.000
E_394 -23.258 -605.239 12.000
L_395 0.000 679.918 8.000
Q_396 -18.409 -643.904 8.000
L_397 0.000 679.918 8.000
A_398 0.000 185.740 8.000
E_399 -7.878 -605.239 4.000
C_400 0.000 322.480 4.000
L_401 0.000 679.918 4.000
C_402 0.000 322.480 4.000
P_403 0.000 -195.996 4.000
E_404 -7.878 -605.239 4.000
G_405 0.000 -27.649 8.000
M_406 0.000 401.769 8.000
E_407 -7.878 -605.239 4.000
L_408 0.000 679.918 4.000
A_409 0.000 185.740 8.000
V_410 0.000 613.196 8.000
D_411 -18.409 -475.402 8.000
N_412 -22.253 -507.047 11.000
V_413 0.000 613.196 11.000
T_414 -13.255 -90.974 7.000
C_415 0.000 322.480 7.000
M_416 0.000 401.769 7.000
D_417 -14.591 -475.402 6.000
L_418 0.000 679.918 9.000
H_419 -10.601 -583.484 9.000
K_420 -10.149 -818.649 5.000
P_421 0.000 -195.996 5.000
P_422 0.000 -195.996 3.000
G_423 0.000 -27.649 0.000
P_424 0.000 -195.996 0.000
L_425 0.000 679.918 0.000
V_426 0.000 613.196 0.000
L_427 0.000 679.918 0.000
M_428 0.000 401.769 0.000
V_429 0.000 613.196 0.000
A_430 0.000 185.740 0.000
V_431 0.000 613.196 0.000
V_432 0.000 613.196 3.000
A_433 0.000 185.740 6.000
T_434 -15.425 -90.974 9.000
S_435 -15.425 -90.060 9.000
T_436 -17.811 -90.974 12.000
L_437 0.000 679.918 9.000
S_438 -11.867 -90.060 6.000
L_439 0.000 679.918 3.000
L_440 0.000 679.918 3.000
M_441 0.000 401.769 0.000
V_442 0.000 613.196 0.000
C_443 0.000 322.480 0.000
G_444 0.000 -27.649 0.000
V_445 0.000 613.196 0.000
L_446 0.000 679.918 0.000
I_447 0.000 777.529 0.000
L_448 0.000 679.918 3.000
V_449 0.000 613.196 7.000
K_450 -16.309 -818.649 10.000
Q_451 -24.169 -643.904 13.000
K_452 -19.059 -818.649 14.000
K_453 -19.613 -818.649 15.000
W_454 -5.944 -203.500 11.000
Q_455 -18.409 -643.904 8.000
G_456 0.000 -27.649 9.000
L_457 0.000 679.918 12.000
Q_458 -18.409 -643.904 8.000
E_459 -24.169 -605.239 13.000
M_460 0.000 401.769 13.000
R_461 -23.856 -1015.709 9.000
L_462 0.000 679.918 8.000
P_463 0.000 -195.996 8.000
S_464 -13.255 -90.060 7.000
P_465 0.000 -195.996 7.000
E_466 -22.253 -605.239 11.000
L_467 0.000 679.918 8.000
E_468 -22.253 -605.239 11.000
L_469 0.000 679.918 10.000
S_470 -16.309 -90.060 10.000
K_471 -17.098 -818.649 11.000
L_472 0.000 679.918 14.000
R_473 -30.711 -1015.709 14.000
T_474 -17.098 -90.974 11.000
S_475 -17.098 -90.060 11.000
A_476 0.000 185.740 11.000
I_477 0.000 777.529 11.000
R_478 -21.845 -1015.709 8.000
T_479 -14.420 -90.974 8.000
A_480 0.000 185.740 12.000
P_481 0.000 -195.996 7.000
N_482 -14.591 -507.047 6.000
P_483 0.000 -195.996 8.000
Y_484 -9.978 -274.939 8.000
Y_485 -9.978 -274.939 8.000
C_486 0.000 322.480 8.000
Q_487 -14.591 -643.904 6.000
V_488 0.000 613.196 4.000
G_489 0.000 -27.649 4.000
L_490 0.000 679.918 0.000
G_491 0.000 -27.649 0.000
P_492 0.000 -195.996 4.000
A_493 0.000 185.740 7.000
Q_494 -18.409 -643.904 8.000
S_495 -14.420 -90.060 8.000
W_496 -5.155 -203.500 8.000
P_497 0.000 -195.996 4.000
L_498 0.000 679.918 1.000
P_499 0.000 -195.996 0.000
P_500 0.000 -195.996 0.000
G_501 0.000 -27.649 3.000
V_502 0.000 613.196 7.000
T_503 -13.255 -90.974 7.000
E_504 -21.132 -605.239 10.000
V_505 0.000 613.196 10.000
S_506 -13.255 -90.060 7.000
P_507 0.000 -195.996 7.000
A_508 0.000 185.740 7.000
N_509 -16.691 -507.047 7.000
V_510 0.000 613.196 7.000
T_511 -13.255 -90.974 7.000
L_512 0.000 679.918 8.000
L_513 0.000 679.918 8.000
R_514 -11.867 -1015.709 5.000
A_515 0.000 185.740 5.000
L_516 0.000 679.918 7.000
G_517 0.000 -27.649 2.000
H_518 -1.718 -583.484 2.000
G_519 0.000 -27.649 2.000
A_520 0.000 185.740 2.000
F_521 0.000 560.542 4.000
G_522 0.000 -27.649 4.000
E_523 -14.591 -605.239 6.000
V_524 0.000 613.196 10.000
Y_525 -11.154 -274.939 10.000
E_526 -14.591 -605.239 6.000
G_527 0.000 -27.649 6.000
L_528 0.000 679.918 4.000
V_529 0.000 613.196 0.000
I_530 0.000 777.529 0.000
G_531 0.000 -27.649 0.000
L_532 0.000 679.918 0.000
P_533 0.000 -195.996 4.000
G_534 0.000 -27.649 7.000
D_535 -21.132 -475.402 10.000
S_536 -16.309 -90.060 10.000
S_537 -16.309 -90.060 10.000
P_538 0.000 -195.996 10.000
L_539 0.000 679.918 7.000
Q_540 -7.878 -643.904 4.000
V_541 0.000 613.196 4.000
A_542 0.000 185.740 7.000
I_543 0.000 777.529 6.000
K_544 -11.867 -818.649 6.000
T_545 -11.867 -90.974 6.000
L_546 0.000 679.918 10.000
P_547 0.000 -195.996 7.000
E_548 -7.878 -605.239 4.000
L_549 0.000 679.918 7.000
C_550 0.000 322.480 7.000
S_551 -13.255 -90.060 7.000
P_552 0.000 -195.996 11.000
Q_553 -25.772 -643.904 15.000
D_554 -23.258 -475.402 12.000
E_555 -26.485 -605.239 16.000
L_556 0.000 679.918 12.000
D_557 -18.409 -475.402 8.000
F_558 0.000 560.542 4.000
L_559 0.000 679.918 8.000
M_560 0.000 401.769 4.000
E_561 -7.878 -605.239 4.000
A_562 0.000 185.740 4.000
L_563 0.000 679.918 4.000
I_564 0.000 777.529 3.000
I_565 0.000 777.529 6.000
S_566 -11.867 -90.060 6.000
K_567 -17.098 -818.649 11.000
F_568 0.000 560.542 13.000
R_569 -30.711 -1015.709 14.000
H_570 -13.255 -583.484 15.000
Q_571 -25.772 -643.904 15.000
N_572 -21.132 -507.047 10.000
I_573 0.000 777.529 13.000
V_574 0.000 613.196 9.000
R_575 -11.867 -1015.709 5.000
C_576 0.000 322.480 5.000
V_577 0.000 613.196 5.000
G_578 0.000 -27.649 3.000
L_579 0.000 679.918 3.000
S_580 -14.420 -90.060 8.000
L_581 0.000 679.918 8.000
R_582 -27.076 -1015.709 11.000
A_583 0.000 185.740 8.000
T_584 -18.462 -90.974 13.000
P_585 0.000 -195.996 8.000
R_586 -21.845 -1015.709 8.000
L_587 0.000 679.918 5.000
I_588 0.000 777.529 5.000
L_589 0.000 679.918 4.000
L_590 0.000 679.918 4.000
E_591 -7.878 -605.239 4.000
L_592 0.000 679.918 7.000
M_593 0.000 401.769 7.000
S_594 -4.441 -90.060 3.000
G_595 0.000 -27.649 7.000
G_596 0.000 -27.649 7.000
D_597 -16.691 -475.402 7.000
M_598 0.000 401.769 10.000
K_599 -16.309 -818.649 10.000
S_600 -11.867 -90.060 6.000
F_601 0.000 560.542 11.000
L_602 0.000 679.918 10.000
R_603 -25.574 -1015.709 10.000
H_604 -13.255 -583.484 15.000
S_605 -19.613 -90.060 15.000
R_606 -28.412 -1015.709 12.000
P_607 0.000 -195.996 10.000
H_608 -9.265 -583.484 7.000
L_609 0.000 679.918 6.000
G_610 0.000 -27.649 6.000
Q_611 -16.691 -643.904 7.000
P_612 0.000 -195.996 7.000
S_613 -13.255 -90.060 7.000
P_614 0.000 -195.996 3.000
L_615 0.000 679.918 3.000
V_616 0.000 613.196 5.000
M_617 0.000 401.769 9.000
R_618 -23.856 -1015.709 9.000
D_619 -19.866 -475.402 9.000
L_620 0.000 679.918 13.000
L_621 0.000 679.918 8.000
Q_622 -7.878 -643.904 4.000
L_623 0.000 679.918 8.000
A_624 0.000 185.740 12.000
Q_625 -18.409 -643.904 8.000
D_626 -18.409 -475.402 8.000
I_627 0.000 777.529 12.000
A_628 0.000 185.740 8.000
Q_629 -7.878 -643.904 4.000
G_630 0.000 -27.649 6.000
C_631 0.000 322.480 8.000
H_632 -6.160 -583.484 4.000
Y_633 -9.978 -274.939 8.000
L_634 0.000 679.918 12.000
E_635 -25.003 -605.239 14.000
E_636 -25.003 -605.239 14.000
N_637 -25.003 -507.047 14.000
H_638 -11.154 -583.484 10.000
F_639 0.000 560.542 8.000
I_640 0.000 777.529 9.000
H_641 -11.652 -583.484 11.000
R_642 -27.076 -1015.709 11.000
D_643 -22.253 -475.402 11.000
I_644 0.000 777.529 9.000
A_645 0.000 185.740 9.000
A_646 0.000 185.740 9.000
R_647 -23.856 -1015.709 9.000
N_648 -19.866 -507.047 9.000
C_649 0.000 322.480 9.000
L_650 0.000 679.918 7.000
L_651 0.000 679.918 3.000
S_652 -4.441 -90.060 3.000
C_653 0.000 322.480 3.000
A_654 0.000 185.740 3.000
G_655 0.000 -27.649 3.000
P_656 0.000 -195.996 8.000
S_657 -14.420 -90.060 8.000
R_658 -21.845 -1015.709 8.000
V_659 0.000 613.196 11.000
A_660 0.000 185.740 8.000
K_661 -4.441 -818.649 3.000
I_662 0.000 777.529 7.000
G_663 0.000 -27.649 7.000
D_664 -7.878 -475.402 4.000
F_665 0.000 560.542 4.000
G_666 0.000 -27.649 4.000
M_667 0.000 401.769 5.000
A_668 0.000 185.740 9.000
R_669 -23.856 -1015.709 9.000
D_670 -22.253 -475.402 11.000
I_671 0.000 777.529 16.000
Y_672 -11.652 -274.939 11.000
R_673 -25.574 -1015.709 10.000
A_674 0.000 185.740 12.000
S_675 -17.811 -90.060 12.000
Y_676 -12.104 -274.939 12.000
Y_677 -13.896 -274.939 17.000
R_678 -30.711 -1015.709 14.000
R_679 -32.645 -1015.709 16.000
G_680 0.000 -27.649 19.000
D_681 -25.003 -475.402 14.000
R_682 -23.856 -1015.709 9.000
A_683 0.000 185.740 9.000
L_684 0.000 679.918 5.000
L_685 0.000 679.918 0.000
P_686 0.000 -195.996 3.000
V_687 0.000 613.196 4.000
K_688 -7.878 -818.649 4.000
W_689 -3.436 -203.500 4.000
M_690 0.000 401.769 4.000
P_691 0.000 -195.996 5.000
P_692 0.000 -195.996 4.000
E_693 -7.878 -605.239 4.000
A_694 0.000 185.740 4.000
F_695 0.000 560.542 8.000
L_696 0.000 679.918 4.000
E_697 -7.878 -605.239 4.000
G_698 0.000 -27.649 4.000
I_699 0.000 777.529 7.000
F_700 0.000 560.542 6.000
T_701 -15.425 -90.974 9.000
S_702 -17.811 -90.060 12.000
K_703 -20.127 -818.649 16.000
T_704 -20.127 -90.974 16.000
D_705 -25.003 -475.402 14.000
S_706 -19.059 -90.060 14.000
W_707 -5.944 -203.500 11.000
S_708 -13.255 -90.060 7.000
F_709 0.000 560.542 4.000
G_710 0.000 -27.649 3.000
V_711 0.000 613.196 0.000
L_712 0.000 679.918 1.000
L_713 0.000 679.918 5.000
W_714 -3.990 -203.500 5.000
E_715 -11.867 -605.239 5.000
I_716 0.000 777.529 8.000
F_717 0.000 560.542 7.000
S_718 -4.441 -90.060 3.000
L_719 0.000 679.918 5.000
G_720 0.000 -27.649 5.000
Y_721 -1.718 -274.939 2.000
M_722 0.000 401.769 4.000
P_723 0.000 -195.996 4.000
Y_724 -1.718 -274.939 2.000
P_725 0.000 -195.996 7.000
G_726 0.000 -27.649 10.000
R_727 -28.412 -1015.709 12.000
T_728 -20.127 -90.974 16.000
N_729 -28.912 -507.047 20.000
Q_730 -25.772 -643.904 15.000
E_731 -23.258 -605.239 12.000
V_732 0.000 613.196 12.000
L_733 0.000 679.918 8.000
D_734 -7.878 -475.402 4.000
F_735 0.000 560.542 4.000
V_736 0.000 613.196 4.000
V_737 0.000 613.196 0.000
G_738 0.000 -27.649 0.000
G_739 0.000 -27.649 5.000
G_740 0.000 -27.649 5.000
R_741 -23.856 -1015.709 9.000
M_742 0.000 401.769 9.000
D_743 -19.866 -475.402 9.000
P_744 0.000 -195.996 9.000
P_745 0.000 -195.996 9.000
R_746 -11.867 -1015.709 5.000
G_747 0.000 -27.649 5.000
C_748 0.000 322.480 5.000
P_749 0.000 -195.996 0.000
G_750 0.000 -27.649 0.000
P_751 0.000 -195.996 2.000
V_752 0.000 613.196 7.000
Y_753 -9.265 -274.939 7.000
R_754 -19.414 -1015.709 7.000
I_755 0.000 777.529 10.000
M_756 0.000 401.769 12.000
T_757 -13.255 -90.974 7.000
Q_758 -18.409 -643.904 8.000
C_759 0.000 322.480 12.000
W_760 -5.944 -203.500 11.000
Q_761 -22.253 -643.904 11.000
H_762 -11.652 -583.484 11.000
E_763 -25.003 -605.239 14.000
P_764 0.000 -195.996 10.000
E_765 -24.169 -605.239 13.000
L_766 0.000 679.918 9.000
R_767 -28.412 -1015.709 12.000
P_768 0.000 -195.996 8.000
S_769 -14.420 -90.060 8.000
F_770 0.000 560.542 6.000
A_771 0.000 185.740 6.000
S_772 -4.441 -90.060 3.000
I_773 0.000 777.529 7.000
L_774 0.000 679.918 12.000
E_775 -19.866 -605.239 9.000
R_776 -29.616 -1015.709 13.000
L_777 0.000 679.918 15.000
Q_778 -22.253 -643.904 11.000
Y_779 -10.601 -274.939 9.000
C_780 0.000 322.480 13.000
T_781 -18.462 -90.974 13.000
Q_782 -22.253 -643.904 11.000
D_783 -25.772 -475.402 15.000
P_784 0.000 -195.996 12.000
D_785 -18.409 -475.402 8.000
V_786 0.000 613.196 8.000
L_787 0.000 679.918 11.000
N_788 -16.691 -507.047 7.000
S_789 -13.255 -90.060 7.000
L_790 0.000 679.918 7.000
L_791 0.000 679.918 3.000
P_792 0.000 -195.996 4.000
M_793 0.000 401.769 4.000
E_794 -7.878 -605.239 4.000
L_795 0.000 679.918 4.000
G_796 0.000 -27.649 7.000
P_797 0.000 -195.996 3.000
T_798 -13.255 -90.974 7.000
P_799 0.000 -195.996 11.000
E_800 -25.772 -605.239 15.000
E_801 -23.258 -605.239 12.000
E_802 -25.772 -605.239 15.000
G_803 0.000 -27.649 14.000
T_804 -16.309 -90.974 10.000
S_805 -11.867 -90.060 6.000
G_806 0.000 -27.649 6.000
L_807 0.000 679.918 7.000
G_808 0.000 -27.649 9.000
N_809 -23.258 -507.047 12.000
R_810 -28.412 -1015.709 12.000
S_811 -20.127 -90.060 16.000
L_812 0.000 679.918 12.000
E_813 -16.691 -605.239 7.000
C_814 0.000 322.480 9.000
L_815 0.000 679.918 9.000
R_816 -11.867 -1015.709 5.000
P_817 0.000 -195.996 9.000
P_818 0.000 -195.996 9.000
Q_819 -18.409 -643.904 8.000
P_820 0.000 -195.996 12.000
Q_821 -23.258 -643.904 12.000
E_822 -22.253 -605.239 11.000
L_823 0.000 679.918 11.000
S_824 -17.098 -90.060 11.000
P_825 0.000 -195.996 10.000
E_826 -21.132 -605.239 10.000
K_827 -16.309 -818.649 10.000
L_828 0.000 679.918 13.000
K_829 -16.309 -818.649 10.000
S_830 -13.255 -90.060 7.000
W_831 -4.824 -203.500 7.000
G_832 0.000 -27.649 7.000
G_833 0.000 -27.649 4.000
S_834 -4.441 -90.060 3.000
P_835 0.000 -195.996 3.000
L_836 0.000 679.918 3.000
G_837 0.000 -27.649 1.000
P_838 0.000 -195.996 1.000
W_839 -3.436 -203.500 4.000
L_840 0.000 679.918 7.000
S_841 -13.255 -90.060 7.000
S_842 -11.867 -90.060 6.000
G_843 0.000 -27.649 9.000
L_844 0.000 679.918 6.000
K_845 -4.441 -818.649 3.000
P_846 0.000 -195.996 6.000
L_847 0.000 679.918 9.000
K_848 -17.098 -818.649 11.000
S_849 -17.098 -90.060 11.000
R_850 -27.076 -1015.709 11.000
G_851 0.000 -27.649 12.000
L_852 0.000 679.918 9.000
Q_853 -18.409 -643.904 8.000
P_854 0.000 -195.996 12.000
Q_855 -23.258 -643.904 12.000
N_856 -19.866 -507.047 9.000
L_857 0.000 679.918 13.000
W_858 -5.447 -203.500 9.000
N_859 -18.409 -507.047 8.000
P_860 0.000 -195.996 10.000
T_861 -19.059 -90.974 14.000
Y_862 -12.518 -274.939 13.000
R_863 -29.616 -1015.709 13.000
S_864 -16.309 -90.060 10.000
