M_1 0.000 401.769 0.000
A_2 0.000 185.740 0.000
F_3 0.000 560.542 4.000
F_4 0.000 560.542 4.000
N_5 -14.591 -507.047 6.000
L_6 0.000 679.918 6.000
Y_7 -8.431 -274.939 6.000
L_8 0.000 679.918 2.000
L_9 0.000 679.918 4.000
G_10 0.000 -27.649 6.000
Y_11 -11.154 -274.939 10.000
Q_12 -24.169 -643.904 13.000
N_13 -24.169 -507.047 13.000
S_14 -19.613 -90.060 15.000
F_15 0.000 560.542 15.000
Q_16 -25.003 -643.904 14.000
N_17 -25.003 -507.047 14.000
K_18 -21.486 -818.649 19.000
K_19 -21.486 -818.649 19.000
R_20 -34.315 -1015.709 18.000
N_21 -27.773 -507.047 18.000
T_22 -21.486 -90.974 19.000
T_23 -21.060 -90.974 18.000
E_24 -27.150 -605.239 17.000
E_25 -27.773 -605.239 18.000
T_26 -21.486 -90.974 19.000
N_27 -27.773 -507.047 18.000
Q_28 -27.773 -643.904 18.000
K_29 -19.613 -818.649 15.000
E_30 -25.772 -605.239 15.000
P_31 0.000 -195.996 11.000
E_32 -22.253 -605.239 11.000
P_33 0.000 -195.996 12.000
T_34 -17.811 -90.974 12.000
R_35 -21.845 -1015.709 8.000
L_36 0.000 679.918 8.000
P_37 0.000 -195.996 5.000
P_38 0.000 -195.996 0.000
I_39 0.000 777.529 3.000
I_40 0.000 777.529 6.000
S_41 -16.309 -90.060 10.000
K_42 -16.309 -818.649 10.000
D_43 -25.003 -475.402 14.000
G_44 0.000 -27.649 13.000
N_45 -24.169 -507.047 13.000
Y_46 -10.601 -274.939 9.000
S_47 -17.098 -90.060 11.000
V_48 0.000 613.196 11.000
H_49 -12.518 -583.484 13.000
Q_50 -24.169 -643.904 13.000
N_51 -25.772 -507.047 15.000
S_52 -20.127 -90.060 16.000
H_53 -13.896 -583.484 17.000
T_54 -19.613 -90.974 15.000
R_55 -30.711 -1015.709 14.000
Y_56 -13.586 -274.939 16.000
H_57 -12.518 -583.484 13.000
E_58 -18.409 -605.239 8.000
A_59 0.000 185.740 11.000
V_60 0.000 613.196 12.000
R_61 -21.845 -1015.709 8.000
K_62 -14.420 -818.649 8.000
V_63 0.000 613.196 8.000
L_64 0.000 679.918 6.000
L_65 0.000 679.918 6.000
K_66 -11.867 -818.649 6.000
T_67 -11.867 -90.974 6.000
F_68 0.000 560.542 10.000
P_69 0.000 -195.996 11.000
N_70 -18.409 -507.047 8.000
Q_71 -18.409 -643.904 8.000
V_72 0.000 613.196 13.000
F_73 0.000 560.542 9.000
R_74 -11.867 -1015.709 5.000
I_75 0.000 777.529 5.000
P_76 0.000 -195.996 8.000
L_77 0.000 679.918 7.000
T_78 -13.255 -90.974 7.000
D_79 -22.253 -475.402 11.000
A_80 0.000 185.740 15.000
Q_81 -23.258 -643.904 12.000
N_82 -22.253 -507.047 11.000
F_83 0.000 560.542 11.000
S_84 -14.420 -90.060 8.000
F_85 0.000 560.542 5.000
W_86 -5.155 -203.500 8.000
W_87 -4.824 -203.500 7.000
S_88 -17.098 -90.060 11.000
H_89 -11.154 -583.484 10.000
D_90 -19.866 -475.402 9.000
P_91 0.000 -195.996 6.000
G_92 0.000 -27.649 9.000
V_93 0.000 613.196 5.000
R_94 -23.856 -1015.709 9.000
P_95 0.000 -195.996 13.000
E_96 -26.485 -605.239 16.000
E_97 -22.253 -605.239 11.000
T_98 -17.098 -90.974 11.000
M_99 0.000 401.769 8.000
P_100 0.000 -195.996 4.000
W_101 -4.441 -203.500 6.000
I_102 0.000 777.529 9.000
R_103 -23.856 -1015.709 9.000
S_104 -18.462 -90.060 13.000
P_105 0.000 -195.996 15.000
R_106 -25.574 -1015.709 10.000
H_107 -9.265 -583.484 7.000
C_108 0.000 322.480 7.000
L_109 0.000 679.918 5.000
I_110 0.000 777.529 6.000
K_111 -11.867 -818.649 6.000
S_112 -11.867 -90.060 6.000
A_113 0.000 185.740 9.000
M_114 0.000 401.769 11.000
T_115 -14.420 -90.974 8.000
R_116 -21.845 -1015.709 8.000
F_117 0.000 560.542 12.000
M_118 0.000 401.769 11.000
D_119 -19.866 -475.402 9.000
H_120 -10.601 -583.484 9.000
S_121 -15.425 -90.060 9.000
I_122 0.000 777.529 9.000
L_123 0.000 679.918 11.000
N_124 -24.169 -507.047 13.000
D_125 -26.485 -475.402 16.000
R_126 -32.645 -1015.709 16.000
T_127 -19.613 -90.974 15.000
F_128 0.000 560.542 11.000
S_129 -14.420 -90.060 8.000
L_130 0.000 679.918 5.000
Y_131 -7.426 -274.939 5.000
