M_1 0.000 401.769 4.000
D_2 -7.878 -475.402 4.000
A_3 0.000 185.740 4.000
L_4 0.000 679.918 4.000
L_5 0.000 679.918 3.000
G_6 0.000 -27.649 3.000
T_7 -4.441 -90.974 3.000
G_8 0.000 -27.649 8.000
P_9 0.000 -195.996 13.000
R_10 -25.574 -1015.709 10.000
R_11 -31.716 -1015.709 15.000
A_12 0.000 185.740 15.000
R_13 -25.574 -1015.709 10.000
G_14 0.000 -27.649 5.000
C_15 0.000 322.480 5.000
L_16 0.000 679.918 0.000
G_17 0.000 -27.649 0.000
A_18 0.000 185.740 0.000
A_19 0.000 185.740 0.000
G_20 0.000 -27.649 3.000
P_21 0.000 -195.996 6.000
T_22 -15.425 -90.974 9.000
S_23 -15.425 -90.060 9.000
S_24 -19.059 -90.060 14.000
G_25 0.000 -27.649 11.000
R_26 -21.845 -1015.709 8.000
A_27 0.000 185.740 10.000
A_28 0.000 185.740 13.000
R_29 -21.845 -1015.709 8.000
T_30 -14.420 -90.974 8.000
P_31 0.000 -195.996 8.000
A_32 0.000 185.740 3.000
A_33 0.000 185.740 1.000
P_34 0.000 -195.996 1.000
W_35 -4.441 -203.500 6.000
A_36 0.000 185.740 6.000
R_37 -23.856 -1015.709 9.000
F_38 0.000 560.542 8.000
S_39 -15.425 -90.060 9.000
A_40 0.000 185.740 4.000
W_41 -5.155 -203.500 8.000
L_42 0.000 679.918 5.000
E_43 -11.867 -605.239 5.000
C_44 0.000 322.480 4.000
V_45 0.000 613.196 4.000
C_46 0.000 322.480 0.000
V_47 0.000 613.196 3.000
V_48 0.000 613.196 3.000
T_49 -13.255 -90.974 7.000
F_50 0.000 560.542 7.000
D_51 -22.253 -475.402 11.000
L_52 0.000 679.918 8.000
E_53 -18.409 -605.239 8.000
L_54 0.000 679.918 8.000
G_55 0.000 -27.649 8.000
Q_56 -7.878 -643.904 4.000
A_57 0.000 185.740 8.000
L_58 0.000 679.918 8.000
E_59 -7.878 -605.239 4.000
L_60 0.000 679.918 6.000
V_61 0.000 613.196 6.000
Y_62 -8.431 -274.939 6.000
P_63 0.000 -195.996 10.000
N_64 -21.132 -507.047 10.000
D_65 -24.169 -475.402 13.000
F_66 0.000 560.542 13.000
R_67 -28.412 -1015.709 12.000
L_68 0.000 679.918 12.000
T_69 -19.613 -90.974 15.000
D_70 -25.003 -475.402 14.000
K_71 -20.609 -818.649 17.000
E_72 -27.150 -605.239 17.000
K_73 -20.127 -818.649 16.000
S_74 -18.462 -90.060 13.000
S_75 -15.425 -90.060 9.000
I_76 0.000 777.529 8.000
C_77 0.000 322.480 5.000
Y_78 -7.426 -274.939 5.000
L_79 0.000 679.918 5.000
S_80 -10.149 -90.060 5.000
F_81 0.000 560.542 7.000
P_82 0.000 -195.996 10.000
D_83 -19.866 -475.402 9.000
S_84 -17.811 -90.060 12.000
H_85 -12.104 -583.484 12.000
S_86 -14.420 -90.060 8.000
G_87 0.000 -27.649 5.000
C_88 0.000 322.480 3.000
L_89 0.000 679.918 4.000
G_90 0.000 -27.649 7.000
D_91 -22.253 -475.402 11.000
T_92 -17.098 -90.974 11.000
Q_93 -25.003 -643.904 14.000
F_94 0.000 560.542 10.000
S_95 -17.811 -90.060 12.000
F_96 0.000 560.542 8.000
R_97 -29.616 -1015.709 13.000
M_98 0.000 401.769 14.000
R_99 -30.711 -1015.709 14.000
Q_100 -19.866 -643.904 9.000
C_101 0.000 322.480 9.000
G_102 0.000 -27.649 8.000
G_103 0.000 -27.649 9.000
Q_104 -23.258 -643.904 12.000
R_105 -28.412 -1015.709 12.000
S_106 -18.462 -90.060 13.000
P_107 0.000 -195.996 11.000
W_108 -4.441 -203.500 6.000
H_109 -9.265 -583.484 7.000
A_110 0.000 185.740 11.000
D_111 -25.772 -475.402 15.000
D_112 -25.772 -475.402 15.000
R_113 -33.508 -1015.709 17.000
H_114 -13.896 -583.484 17.000
Y_115 -13.586 -274.939 16.000
N_116 -26.485 -507.047 16.000
S_117 -19.059 -90.060 14.000
R_118 -28.412 -1015.709 12.000
A_119 0.000 185.740 8.000
P_120 0.000 -195.996 5.000
V_121 0.000 613.196 0.000
A_122 0.000 185.740 4.000
L_123 0.000 679.918 9.000
Q_124 -24.169 -643.904 13.000
R_125 -29.616 -1015.709 13.000
E_126 -24.169 -605.239 13.000
P_127 0.000 -195.996 11.000
A_128 0.000 185.740 8.000
H_129 -6.160 -583.484 4.000
Y_130 -6.160 -274.939 4.000
F_131 0.000 560.542 6.000
G_132 0.000 -27.649 4.000
Y_133 -6.160 -274.939 4.000
V_134 0.000 613.196 4.000
Y_135 -10.601 -274.939 9.000
F_136 0.000 560.542 11.000
R_137 -27.076 -1015.709 11.000
Q_138 -23.258 -643.904 12.000
V_139 0.000 613.196 16.000
K_140 -19.059 -818.649 14.000
D_141 -24.169 -475.402 13.000
S_142 -18.462 -90.060 13.000
S_143 -18.462 -90.060 13.000
V_144 0.000 613.196 14.000
K_145 -17.098 -818.649 11.000
R_146 -25.574 -1015.709 10.000
G_147 0.000 -27.649 10.000
Y_148 -11.652 -274.939 11.000
F_149 0.000 560.542 9.000
Q_150 -23.258 -643.904 12.000
K_151 -16.309 -818.649 10.000
S_152 -16.309 -90.060 10.000
L_153 0.000 679.918 6.000
V_154 0.000 613.196 3.000
L_155 0.000 679.918 3.000
V_156 0.000 613.196 8.000
S_157 -14.420 -90.060 8.000
R_158 -21.845 -1015.709 8.000
L_159 0.000 679.918 8.000
P_160 0.000 -195.996 5.000
F_161 0.000 560.542 5.000
V_162 0.000 613.196 5.000
R_163 -11.867 -1015.709 5.000
L_164 0.000 679.918 9.000
F_165 0.000 560.542 9.000
Q_166 -7.878 -643.904 4.000
A_167 0.000 185.740 4.000
L_168 0.000 679.918 7.000
L_169 0.000 679.918 3.000
S_170 -4.441 -90.060 3.000
L_171 0.000 679.918 3.000
I_172 0.000 777.529 3.000
A_173 0.000 185.740 4.000
P_174 0.000 -195.996 6.000
E_175 -14.591 -605.239 6.000
Y_176 -11.154 -274.939 10.000
F_177 0.000 560.542 13.000
D_178 -19.866 -475.402 9.000
K_179 -13.255 -818.649 7.000
L_180 0.000 679.918 7.000
A_181 0.000 185.740 3.000
P_182 0.000 -195.996 0.000
C_183 0.000 322.480 4.000
L_184 0.000 679.918 4.000
E_185 -7.878 -605.239 4.000
A_186 0.000 185.740 4.000
V_187 0.000 613.196 7.000
C_188 0.000 322.480 7.000
S_189 -13.255 -90.060 7.000
E_190 -22.253 -605.239 11.000
I_191 0.000 777.529 15.000
D_192 -24.169 -475.402 13.000
Q_193 -19.866 -643.904 9.000
W_194 -5.447 -203.500 9.000
P_195 0.000 -195.996 5.000
A_196 0.000 185.740 1.000
P_197 0.000 -195.996 0.000
A_198 0.000 185.740 0.000
P_199 0.000 -195.996 4.000
G_200 0.000 -27.649 7.000
Q_201 -16.691 -643.904 7.000
T_202 -17.098 -90.974 11.000
L_203 0.000 679.918 11.000
N_204 -16.691 -507.047 7.000
L_205 0.000 679.918 4.000
P_206 0.000 -195.996 4.000
V_207 0.000 613.196 0.000
M_208 0.000 401.769 0.000
G_209 0.000 -27.649 0.000
V_210 0.000 613.196 0.000
V_211 0.000 613.196 4.000
V_212 0.000 613.196 4.000
Q_213 -19.866 -643.904 9.000
V_214 0.000 613.196 9.000
R_215 -23.856 -1015.709 9.000
I_216 0.000 777.529 8.000
P_217 0.000 -195.996 13.000
S_218 -14.420 -90.060 8.000
R_219 -28.412 -1015.709 12.000
V_220 0.000 613.196 15.000
D_221 -25.772 -475.402 15.000
K_222 -19.059 -818.649 14.000
S_223 -20.609 -90.060 17.000
E_224 -26.485 -605.239 16.000
S_225 -18.462 -90.060 13.000
S_226 -16.309 -90.060 10.000
P_227 0.000 -195.996 9.000
P_228 0.000 -195.996 10.000
K_229 -13.255 -818.649 7.000
Q_230 -22.253 -643.904 11.000
F_231 0.000 560.542 15.000
D_232 -26.485 -475.402 16.000
Q_233 -26.485 -643.904 16.000
E_234 -26.485 -605.239 16.000
N_235 -23.258 -507.047 12.000
L_236 0.000 679.918 8.000
L_237 0.000 679.918 4.000
P_238 0.000 -195.996 0.000
A_239 0.000 185.740 0.000
P_240 0.000 -195.996 0.000
V_241 0.000 613.196 0.000
V_242 0.000 613.196 0.000
L_243 0.000 679.918 3.000
A_244 0.000 185.740 3.000
S_245 -10.149 -90.060 5.000
V_246 0.000 613.196 9.000
H_247 -10.601 -583.484 9.000
E_248 -21.132 -605.239 10.000
L_249 0.000 679.918 10.000
D_250 -18.409 -475.402 8.000
L_251 0.000 679.918 9.000
F_252 0.000 560.542 9.000
R_253 -11.867 -1015.709 5.000
C_254 0.000 322.480 10.000
F_255 0.000 560.542 10.000
R_256 -11.867 -1015.709 5.000
P_257 0.000 -195.996 5.000
V_258 0.000 613.196 8.000
L_259 0.000 679.918 5.000
T_260 -10.149 -90.974 5.000
H_261 -10.601 -583.484 9.000
M_262 0.000 401.769 12.000
Q_263 -19.866 -643.904 9.000
T_264 -14.420 -90.974 8.000
L_265 0.000 679.918 12.000
W_266 -5.155 -203.500 8.000
E_267 -11.867 -605.239 5.000
L_268 0.000 679.918 5.000
M_269 0.000 401.769 4.000
L_270 0.000 679.918 0.000
L_271 0.000 679.918 4.000
G_272 0.000 -27.649 4.000
E_273 -7.878 -605.239 4.000
P_274 0.000 -195.996 4.000
L_275 0.000 679.918 4.000
L_276 0.000 679.918 0.000
V_277 0.000 613.196 0.000
L_278 0.000 679.918 0.000
A_279 0.000 185.740 3.000
P_280 0.000 -195.996 3.000
S_281 -13.255 -90.060 7.000
P_282 0.000 -195.996 7.000
D_283 -21.132 -475.402 10.000
V_284 0.000 613.196 10.000
S_285 -19.059 -90.060 14.000
S_286 -16.309 -90.060 10.000
E_287 -21.132 -605.239 10.000
M_288 0.000 401.769 7.000
V_289 0.000 613.196 4.000
L_290 0.000 679.918 0.000
A_291 0.000 185.740 3.000
L_292 0.000 679.918 6.000
T_293 -11.867 -90.974 6.000
S_294 -11.867 -90.060 6.000
C_295 0.000 322.480 10.000
L_296 0.000 679.918 7.000
Q_297 -7.878 -643.904 4.000
P_298 0.000 -195.996 9.000
L_299 0.000 679.918 9.000
R_300 -11.867 -1015.709 5.000
F_301 0.000 560.542 5.000
C_302 0.000 322.480 9.000
C_303 0.000 322.480 4.000
D_304 -19.866 -475.402 9.000
F_305 0.000 560.542 9.000
R_306 -27.076 -1015.709 11.000
P_307 0.000 -195.996 7.000
Y_308 -11.154 -274.939 10.000
F_309 0.000 560.542 5.000
T_310 -13.255 -90.974 7.000
I_311 0.000 777.529 9.000
H_312 -12.104 -583.484 12.000
D_313 -24.169 -475.402 13.000
S_314 -18.462 -90.060 13.000
E_315 -25.003 -605.239 14.000
F_316 0.000 560.542 14.000
K_317 -17.098 -818.649 11.000
E_318 -21.132 -605.239 10.000
F_319 0.000 560.542 13.000
T_320 -19.613 -90.974 15.000
T_321 -19.059 -90.974 14.000
R_322 -34.315 -1015.709 18.000
T_323 -19.613 -90.974 15.000
Q_324 -23.258 -643.904 12.000
A_325 0.000 185.740 7.000
P_326 0.000 -195.996 8.000
P_327 0.000 -195.996 4.000
N_328 -7.878 -507.047 4.000
V_329 0.000 613.196 4.000
V_330 0.000 613.196 4.000
L_331 0.000 679.918 0.000
G_332 0.000 -27.649 3.000
V_333 0.000 613.196 7.000
T_334 -13.255 -90.974 7.000
N_335 -16.691 -507.047 7.000
P_336 0.000 -195.996 7.000
F_337 0.000 560.542 4.000
F_338 0.000 560.542 3.000
I_339 0.000 777.529 6.000
K_340 -11.867 -818.649 6.000
T_341 -16.309 -90.974 10.000
L_342 0.000 679.918 12.000
Q_343 -21.132 -643.904 10.000
H_344 -9.265 -583.484 7.000
W_345 -5.447 -203.500 9.000
P_346 0.000 -195.996 5.000
H_347 -4.441 -583.484 3.000
I_348 0.000 777.529 7.000
L_349 0.000 679.918 7.000
R_350 -11.867 -1015.709 5.000
V_351 0.000 613.196 9.000
G_352 0.000 -27.649 9.000
E_353 -16.691 -605.239 7.000
P_354 0.000 -195.996 7.000
K_355 -16.309 -818.649 10.000
M_356 0.000 401.769 6.000
S_357 -16.309 -90.060 10.000
G_358 0.000 -27.649 7.000
D_359 -16.691 -475.402 7.000
L_360 0.000 679.918 7.000
P_361 0.000 -195.996 11.000
K_362 -13.255 -818.649 7.000
Q_363 -21.132 -643.904 10.000
V_364 0.000 613.196 10.000
K_365 -16.309 -818.649 10.000
L_366 0.000 679.918 9.000
K_367 -15.425 -818.649 9.000
K_368 -15.425 -818.649 9.000
P_369 0.000 -195.996 14.000
S_370 -17.098 -90.060 11.000
R_371 -27.076 -1015.709 11.000
L_372 0.000 679.918 14.000
K_373 -17.098 -818.649 11.000
T_374 -16.309 -90.974 10.000
L_375 0.000 679.918 13.000
D_376 -24.169 -475.402 13.000
T_377 -16.309 -90.974 10.000
K_378 -16.309 -818.649 10.000
P_379 0.000 -195.996 6.000
G_380 0.000 -27.649 5.000
L_381 0.000 679.918 5.000
Y_382 -7.426 -274.939 5.000
T_383 -13.255 -90.974 7.000
A_384 0.000 185.740 10.000
Y_385 -9.978 -274.939 8.000
T_386 -13.255 -90.974 7.000
A_387 0.000 185.740 7.000
H_388 -9.265 -583.484 7.000
L_389 0.000 679.918 9.000
H_390 -12.518 -583.484 13.000
R_391 -30.711 -1015.709 14.000
D_392 -25.003 -475.402 14.000
K_393 -17.811 -818.649 12.000
A_394 0.000 185.740 7.000
L_395 0.000 679.918 6.000
L_396 0.000 679.918 8.000
K_397 -14.420 -818.649 8.000
R_398 -21.845 -1015.709 8.000
L_399 0.000 679.918 11.000
L_400 0.000 679.918 8.000
K_401 -4.441 -818.649 3.000
G_402 0.000 -27.649 7.000
V_403 0.000 613.196 10.000
Q_404 -21.132 -643.904 10.000
K_405 -19.613 -818.649 15.000
K_406 -19.613 -818.649 15.000
R_407 -30.711 -1015.709 14.000
P_408 0.000 -195.996 15.000
S_409 -17.811 -90.060 12.000
D_410 -22.253 -475.402 11.000
V_411 0.000 613.196 14.000
Q_412 -22.253 -643.904 11.000
S_413 -13.255 -90.060 7.000
A_414 0.000 185.740 7.000
L_415 0.000 679.918 8.000
L_416 0.000 679.918 10.000
R_417 -28.412 -1015.709 12.000
R_418 -28.412 -1015.709 12.000
H_419 -12.104 -583.484 12.000
L_420 0.000 679.918 11.000
L_421 0.000 679.918 6.000
E_422 -16.691 -605.239 7.000
L_423 0.000 679.918 11.000
T_424 -19.059 -90.974 14.000
Q_425 -21.132 -643.904 10.000
S_426 -16.309 -90.060 10.000
F_427 0.000 560.542 7.000
I_428 0.000 777.529 3.000
I_429 0.000 777.529 0.000
P_430 0.000 -195.996 4.000
L_431 0.000 679.918 6.000
E_432 -18.409 -605.239 8.000
H_433 -9.978 -583.484 8.000
Y_434 -9.978 -274.939 8.000
M_435 0.000 401.769 7.000
A_436 0.000 185.740 5.000
S_437 -4.441 -90.060 3.000
L_438 0.000 679.918 3.000
M_439 0.000 401.769 3.000
P_440 0.000 -195.996 4.000
L_441 0.000 679.918 7.000
Q_442 -21.132 -643.904 10.000
K_443 -16.309 -818.649 10.000
S_444 -18.462 -90.060 13.000
I_445 0.000 777.529 9.000
T_446 -13.255 -90.974 7.000
P_447 0.000 -195.996 7.000
W_448 -5.708 -203.500 10.000
K_449 -13.255 -818.649 7.000
T_450 -13.255 -90.974 7.000
P_451 0.000 -195.996 10.000
P_452 0.000 -195.996 7.000
Q_453 -18.409 -643.904 8.000
I_454 0.000 777.529 8.000
Q_455 -18.409 -643.904 8.000
P_456 0.000 -195.996 7.000
F_457 0.000 560.542 11.000
S_458 -17.098 -90.060 11.000
Q_459 -25.772 -643.904 15.000
D_460 -25.772 -475.402 15.000
D_461 -23.258 -475.402 12.000
F_462 0.000 560.542 13.000
L_463 0.000 679.918 12.000
R_464 -21.845 -1015.709 8.000
S_465 -17.811 -90.060 12.000
L_466 0.000 679.918 14.000
E_467 -19.866 -605.239 9.000
H_468 -8.431 -583.484 6.000
A_469 0.000 185.740 6.000
G_470 0.000 -27.649 6.000
P_471 0.000 -195.996 4.000
Q_472 -16.691 -643.904 7.000
L_473 0.000 679.918 7.000
T_474 -13.255 -90.974 7.000
C_475 0.000 322.480 3.000
I_476 0.000 777.529 6.000
L_477 0.000 679.918 3.000
K_478 -13.255 -818.649 7.000
G_479 0.000 -27.649 8.000
D_480 -18.409 -475.402 8.000
W_481 -3.990 -203.500 5.000
L_482 0.000 679.918 5.000
G_483 0.000 -27.649 3.000
L_484 0.000 679.918 7.000
Y_485 -12.104 -274.939 12.000
R_486 -28.412 -1015.709 12.000
R_487 -28.412 -1015.709 12.000
F_488 0.000 560.542 13.000
F_489 0.000 560.542 11.000
K_490 -11.867 -818.649 6.000
S_491 -14.420 -90.060 8.000
P_492 0.000 -195.996 8.000
H_493 -10.601 -583.484 9.000
F_494 0.000 560.542 6.000
D_495 -16.691 -475.402 7.000
G_496 0.000 -27.649 7.000
W_497 -6.160 -203.500 12.000
Y_498 -12.104 -274.939 12.000
R_499 -33.508 -1015.709 17.000
Q_500 -27.773 -643.904 18.000
R_501 -35.072 -1015.709 19.000
H_502 -14.188 -583.484 18.000
K_503 -19.059 -818.649 14.000
E_504 -19.866 -605.239 9.000
M_505 0.000 401.769 7.000
A_506 0.000 185.740 7.000
L_507 0.000 679.918 3.000
K_508 -13.255 -818.649 7.000
L_509 0.000 679.918 7.000
E_510 -16.691 -605.239 7.000
A_511 0.000 185.740 6.000
L_512 0.000 679.918 6.000
H_513 -8.431 -583.484 6.000
L_514 0.000 679.918 6.000
E_515 -14.591 -605.239 6.000
A_516 0.000 185.740 4.000
I_517 0.000 777.529 8.000
C_518 0.000 322.480 4.000
E_519 -18.409 -605.239 8.000
A_520 0.000 185.740 8.000
N_521 -23.258 -507.047 12.000
I_522 0.000 777.529 11.000
E_523 -23.258 -605.239 12.000
T_524 -14.420 -90.974 8.000
W_525 -5.944 -203.500 11.000
M_526 0.000 401.769 11.000
K_527 -17.098 -818.649 11.000
D_528 -24.169 -475.402 13.000
K_529 -20.609 -818.649 17.000
S_530 -19.059 -90.060 14.000
E_531 -25.003 -605.239 14.000
V_532 0.000 613.196 11.000
E_533 -18.409 -605.239 8.000
V_534 0.000 613.196 8.000
V_535 0.000 613.196 8.000
D_536 -7.878 -475.402 4.000
L_537 0.000 679.918 4.000
V_538 0.000 613.196 7.000
L_539 0.000 679.918 3.000
K_540 -14.420 -818.649 8.000
L_541 0.000 679.918 12.000
R_542 -31.716 -1015.709 15.000
E_543 -23.258 -605.239 12.000
K_544 -17.811 -818.649 12.000
L_545 0.000 679.918 12.000
V_546 0.000 613.196 8.000
R_547 -23.856 -1015.709 9.000
A_548 0.000 185.740 9.000
Q_549 -22.253 -643.904 11.000
G_550 0.000 -27.649 10.000
H_551 -11.154 -583.484 10.000
Q_552 -14.591 -643.904 6.000
L_553 0.000 679.918 6.000
P_554 0.000 -195.996 7.000
V_555 0.000 613.196 7.000
K_556 -13.255 -818.649 7.000
E_557 -21.132 -605.239 10.000
A_558 0.000 185.740 10.000
T_559 -17.098 -90.974 11.000
L_560 0.000 679.918 12.000
Q_561 -23.258 -643.904 12.000
R_562 -29.616 -1015.709 13.000
A_563 0.000 185.740 13.000
Q_564 -22.253 -643.904 11.000
L_565 0.000 679.918 6.000
Y_566 -11.154 -274.939 10.000
I_567 0.000 777.529 9.000
E_568 -19.866 -605.239 9.000
T_569 -13.255 -90.974 7.000
V_570 0.000 613.196 7.000
I_571 0.000 777.529 6.000
G_572 0.000 -27.649 3.000
S_573 -4.441 -90.060 3.000
L_574 0.000 679.918 6.000
P_575 0.000 -195.996 10.000
K_576 -13.255 -818.649 7.000
D_577 -22.253 -475.402 11.000
L_578 0.000 679.918 11.000
Q_579 -18.409 -643.904 8.000
A_580 0.000 185.740 4.000
V_581 0.000 613.196 4.000
L_582 0.000 679.918 0.000
C_583 0.000 322.480 0.000
P_584 0.000 -195.996 0.000
P_585 0.000 -195.996 0.000
