M_1 0.000 401.769 4.000
A_2 0.000 185.740 8.000
E_3 -18.409 -605.239 8.000
E_4 -18.409 -605.239 8.000
C_5 0.000 322.480 13.000
P_6 0.000 -195.996 9.000
R_7 -11.867 -1015.709 5.000
A_8 0.000 185.740 5.000
C_9 0.000 322.480 9.000
A_10 0.000 185.740 4.000
E_11 -7.878 -605.239 4.000
P_12 0.000 -195.996 4.000
V_13 0.000 613.196 4.000
A_14 0.000 185.740 3.000
P_15 0.000 -195.996 3.000
K_16 -11.867 -818.649 6.000
A_17 0.000 185.740 6.000
T_18 -11.867 -90.974 6.000
A_19 0.000 185.740 3.000
P_20 0.000 -195.996 7.000
P_21 0.000 -195.996 9.000
E_22 -23.258 -605.239 12.000
R_23 -31.716 -1015.709 15.000
T_24 -21.486 -90.974 19.000
S_25 -20.609 -90.060 17.000
D_26 -25.003 -475.402 14.000
Y_27 -13.586 -274.939 16.000
Y_28 -12.518 -274.939 13.000
R_29 -28.412 -1015.709 12.000
V_30 0.000 613.196 10.000
S_31 -17.811 -90.060 12.000
A_32 0.000 185.740 7.000
D_33 -16.691 -475.402 7.000
L_34 0.000 679.918 4.000
P_35 0.000 -195.996 9.000
G_36 0.000 -27.649 5.000
R_37 -23.856 -1015.709 9.000
F_38 0.000 560.542 13.000
N_39 -24.169 -507.047 13.000
N_40 -18.409 -507.047 8.000
P_41 0.000 -195.996 9.000
G_42 0.000 -27.649 5.000
W_43 -4.441 -203.500 6.000
F_44 0.000 560.542 6.000
R_45 -21.845 -1015.709 8.000
G_46 0.000 -27.649 12.000
Y_47 -13.255 -274.939 15.000
R_48 -30.711 -1015.709 14.000
T_49 -20.609 -90.974 17.000
Q_50 -25.772 -643.904 15.000
K_51 -16.309 -818.649 10.000
A_52 0.000 185.740 10.000
V_53 0.000 613.196 6.000
S_54 -10.149 -90.060 5.000
V_55 0.000 613.196 10.000
Y_56 -12.518 -274.939 13.000
R_57 -29.616 -1015.709 13.000
T_58 -20.609 -90.974 17.000
S_59 -21.486 -90.060 19.000
N_60 -25.003 -507.047 14.000
Q_61 -24.169 -643.904 13.000
A_62 0.000 185.740 10.000
Y_63 -10.601 -274.939 9.000
G_64 0.000 -27.649 10.000
S_65 -16.309 -90.060 10.000
R_66 -21.845 -1015.709 8.000
A_67 0.000 185.740 11.000
P_68 0.000 -195.996 8.000
T_69 -10.149 -90.974 5.000
V_70 0.000 613.196 9.000
H_71 -10.601 -583.484 9.000
E_72 -14.591 -605.239 6.000
M_73 0.000 401.769 9.000
P_74 0.000 -195.996 7.000
K_75 -4.441 -818.649 3.000
V_76 0.000 613.196 5.000
F_77 0.000 560.542 5.000
Y_78 -8.431 -274.939 6.000
P_79 0.000 -195.996 9.000
N_80 -24.169 -507.047 13.000
S_81 -19.059 -90.060 14.000
N_82 -25.003 -507.047 14.000
K_83 -18.462 -818.649 13.000
F_84 0.000 560.542 14.000
S_85 -19.059 -90.060 14.000
Q_86 -22.253 -643.904 11.000
Q_87 -22.253 -643.904 11.000
L_88 0.000 679.918 8.000
A_89 0.000 185.740 4.000
A_90 0.000 185.740 0.000
G_91 0.000 -27.649 0.000
G_92 0.000 -27.649 0.000
M_93 0.000 401.769 5.000
F_94 0.000 560.542 9.000
R_95 -29.616 -1015.709 13.000
N_96 -26.485 -507.047 16.000
N_97 -26.485 -507.047 16.000
T_98 -19.613 -90.974 15.000
L_99 0.000 679.918 11.000
N_100 -19.866 -507.047 9.000
V_101 0.000 613.196 6.000
Y_102 -11.154 -274.939 10.000
L_103 0.000 679.918 9.000
E_104 -23.258 -605.239 12.000
K_105 -16.309 -818.649 10.000
S_106 -16.309 -90.060 10.000
I_107 0.000 777.529 9.000
V_108 0.000 613.196 6.000
T_109 -4.441 -90.974 3.000
G_110 0.000 -27.649 7.000
P_111 0.000 -195.996 11.000
D_112 -18.409 -475.402 8.000
N_113 -18.409 -507.047 8.000
C_114 0.000 322.480 11.000
I_115 0.000 777.529 10.000
T_116 -11.867 -90.974 6.000
S_117 -16.309 -90.060 10.000
C_118 0.000 322.480 15.000
D_119 -23.258 -475.402 12.000
R_120 -29.616 -1015.709 13.000
L_121 0.000 679.918 13.000
N_122 -22.253 -507.047 11.000
F_123 0.000 560.542 6.000
H_124 -10.601 -583.484 9.000
P_125 0.000 -195.996 7.000
S_126 -17.098 -90.060 11.000
Y_127 -10.601 -274.939 9.000
N_128 -24.169 -507.047 13.000
I_129 0.000 777.529 15.000
N_130 -24.169 -507.047 13.000
R_131 -28.412 -1015.709 12.000
P_132 0.000 -195.996 12.000
S_133 -14.420 -90.060 8.000
I_134 0.000 777.529 7.000
C_135 0.000 322.480 7.000
D_136 -7.878 -475.402 4.000
