M_1 0.000 401.769 6.000
T_2 -15.425 -90.974 9.000
T_3 -15.425 -90.974 9.000
S_4 -15.425 -90.060 9.000
P_5 0.000 -195.996 6.000
I_6 0.000 777.529 7.000
L_7 0.000 679.918 4.000
Q_8 -7.878 -643.904 4.000
L_9 0.000 679.918 4.000
L_10 0.000 679.918 9.000
L_11 0.000 679.918 5.000
R_12 -21.845 -1015.709 8.000
L_13 0.000 679.918 8.000
S_14 -14.420 -90.060 8.000
L_15 0.000 679.918 3.000
C_16 0.000 322.480 3.000
G_17 0.000 -27.649 0.000
L_18 0.000 679.918 0.000
L_19 0.000 679.918 4.000
L_20 0.000 679.918 9.000
Q_21 -19.866 -643.904 9.000
R_22 -29.616 -1015.709 13.000
A_23 0.000 185.740 16.000
E_24 -23.258 -605.239 12.000
T_25 -16.309 -90.974 10.000
G_26 0.000 -27.649 13.000
S_27 -15.425 -90.060 9.000
K_28 -16.309 -818.649 10.000
G_29 0.000 -27.649 13.000
Q_30 -21.132 -643.904 10.000
T_31 -13.255 -90.974 7.000
A_32 0.000 185.740 11.000
G_33 0.000 -27.649 7.000
E_34 -14.591 -605.239 6.000
L_35 0.000 679.918 10.000
Y_36 -13.255 -274.939 15.000
Q_37 -23.258 -643.904 12.000
R_38 -32.645 -1015.709 16.000
W_39 -7.299 -203.500 19.000
E_40 -27.150 -605.239 17.000
R_41 -33.508 -1015.709 17.000
Y_42 -14.973 -274.939 21.000
R_43 -36.459 -1015.709 21.000
R_44 -32.645 -1015.709 16.000
E_45 -27.773 -605.239 18.000
C_46 0.000 322.480 17.000
Q_47 -25.772 -643.904 15.000
E_48 -22.253 -605.239 11.000
T_49 -17.098 -90.974 11.000
L_50 0.000 679.918 7.000
A_51 0.000 185.740 3.000
A_52 0.000 185.740 4.000
A_53 0.000 185.740 4.000
E_54 -7.878 -605.239 4.000
P_55 0.000 -195.996 7.000
P_56 0.000 -195.996 7.000
S_57 -4.441 -90.060 3.000
G_58 0.000 -27.649 3.000
L_59 0.000 679.918 3.000
A_60 0.000 185.740 4.000
C_61 0.000 322.480 4.000
N_62 -16.691 -507.047 7.000
G_63 0.000 -27.649 7.000
S_64 -17.098 -90.060 11.000
F_65 0.000 560.542 7.000
D_66 -19.866 -475.402 9.000
M_67 0.000 401.769 6.000
Y_68 -8.431 -274.939 6.000
V_69 0.000 613.196 3.000
C_70 0.000 322.480 7.000
W_71 -4.824 -203.500 7.000
D_72 -16.691 -475.402 7.000
Y_73 -9.265 -274.939 7.000
A_74 0.000 185.740 6.000
A_75 0.000 185.740 6.000
P_76 0.000 -195.996 4.000
N_77 -16.691 -507.047 7.000
A_78 0.000 185.740 7.000
T_79 -17.811 -90.974 12.000
A_80 0.000 185.740 8.000
R_81 -27.076 -1015.709 11.000
A_82 0.000 185.740 8.000
S_83 -14.420 -90.060 8.000
C_84 0.000 322.480 4.000
P_85 0.000 -195.996 6.000
W_86 -2.723 -203.500 3.000
Y_87 -4.441 -274.939 3.000
L_88 0.000 679.918 4.000
P_89 0.000 -195.996 5.000
W_90 -3.990 -203.500 5.000
H_91 -9.265 -583.484 7.000
H_92 -9.265 -583.484 7.000
H_93 -8.431 -583.484 6.000
V_94 0.000 613.196 4.000
A_95 0.000 185.740 2.000
A_96 0.000 185.740 0.000
G_97 0.000 -27.649 0.000
F_98 0.000 560.542 0.000
V_99 0.000 613.196 5.000
L_100 0.000 679.918 9.000
R_101 -23.856 -1015.709 9.000
Q_102 -19.866 -643.904 9.000
C_103 0.000 322.480 12.000
G_104 0.000 -27.649 11.000
S_105 -13.255 -90.060 7.000
D_106 -22.253 -475.402 11.000
G_107 0.000 -27.649 12.000
Q_108 -19.866 -643.904 9.000
W_109 -3.990 -203.500 5.000
G_110 0.000 -27.649 6.000
L_111 0.000 679.918 7.000
W_112 -5.708 -203.500 10.000
R_113 -28.412 -1015.709 12.000
D_114 -25.772 -475.402 15.000
H_115 -14.188 -583.484 18.000
T_116 -18.462 -90.974 13.000
Q_117 -24.169 -643.904 13.000
C_118 0.000 322.480 15.000
E_119 -23.258 -605.239 12.000
N_120 -23.258 -507.047 12.000
P_121 0.000 -195.996 15.000
E_122 -25.772 -605.239 15.000
K_123 -19.613 -818.649 15.000
N_124 -25.772 -507.047 15.000
E_125 -22.253 -605.239 11.000
A_126 0.000 185.740 8.000
F_127 0.000 560.542 8.000
L_128 0.000 679.918 8.000
D_129 -24.169 -475.402 13.000
Q_130 -24.169 -643.904 13.000
R_131 -29.616 -1015.709 13.000
L_132 0.000 679.918 9.000
I_133 0.000 777.529 9.000
L_134 0.000 679.918 9.000
E_135 -19.866 -605.239 9.000
R_136 -29.616 -1015.709 13.000
L_137 0.000 679.918 13.000
Q_138 -19.866 -643.904 9.000
V_139 0.000 613.196 6.000
M_140 0.000 401.769 9.000
Y_141 -7.426 -274.939 5.000
T_142 -10.149 -90.974 5.000
V_143 0.000 613.196 7.000
G_144 0.000 -27.649 8.000
Y_145 -7.426 -274.939 5.000
S_146 -14.420 -90.060 8.000
L_147 0.000 679.918 8.000
S_148 -11.867 -90.060 6.000
L_149 0.000 679.918 6.000
A_150 0.000 185.740 6.000
T_151 -4.441 -90.974 3.000
L_152 0.000 679.918 3.000
L_153 0.000 679.918 3.000
L_154 0.000 679.918 0.000
A_155 0.000 185.740 0.000
L_156 0.000 679.918 0.000
L_157 0.000 679.918 0.000
I_158 0.000 777.529 3.000
L_159 0.000 679.918 3.000
S_160 -4.441 -90.060 3.000
L_161 0.000 679.918 8.000
F_162 0.000 560.542 13.000
R_163 -25.574 -1015.709 10.000
R_164 -28.412 -1015.709 12.000
L_165 0.000 679.918 12.000
H_166 -11.154 -583.484 10.000
C_167 0.000 322.480 10.000
T_168 -19.059 -90.974 14.000
R_169 -30.711 -1015.709 14.000
N_170 -25.003 -507.047 14.000
Y_171 -12.518 -274.939 13.000
I_172 0.000 777.529 8.000
H_173 -9.978 -583.484 8.000
I_174 0.000 777.529 6.000
N_175 -14.591 -507.047 6.000
L_176 0.000 679.918 7.000
F_177 0.000 560.542 10.000
T_178 -11.867 -90.974 6.000
S_179 -11.867 -90.060 6.000
F_180 0.000 560.542 6.000
M_181 0.000 401.769 8.000
L_182 0.000 679.918 5.000
R_183 -11.867 -1015.709 5.000
A_184 0.000 185.740 5.000
A_185 0.000 185.740 5.000
A_186 0.000 185.740 0.000
I_187 0.000 777.529 3.000
L_188 0.000 679.918 8.000
S_189 -17.811 -90.060 12.000
R_190 -33.508 -1015.709 17.000
D_191 -27.150 -475.402 17.000
R_192 -30.711 -1015.709 14.000
L_193 0.000 679.918 9.000
L_194 0.000 679.918 10.000
P_195 0.000 -195.996 5.000
R_196 -11.867 -1015.709 5.000
P_197 0.000 -195.996 5.000
G_198 0.000 -27.649 7.000
P_199 0.000 -195.996 2.000
Y_200 -1.718 -274.939 2.000
L_201 0.000 679.918 6.000
G_202 0.000 -27.649 10.000
D_203 -18.409 -475.402 8.000
Q_204 -18.409 -643.904 8.000
A_205 0.000 185.740 8.000
L_206 0.000 679.918 4.000
A_207 0.000 185.740 1.000
L_208 0.000 679.918 5.000
W_209 -5.447 -203.500 9.000
N_210 -19.866 -507.047 9.000
Q_211 -19.866 -643.904 9.000
A_212 0.000 185.740 8.000
L_213 0.000 679.918 4.000
A_214 0.000 185.740 0.000
A_215 0.000 185.740 5.000
C_216 0.000 322.480 8.000
R_217 -21.845 -1015.709 8.000
T_218 -17.811 -90.974 12.000
A_219 0.000 185.740 12.000
Q_220 -16.691 -643.904 7.000
I_221 0.000 777.529 7.000
V_222 0.000 613.196 11.000
T_223 -15.425 -90.974 9.000
Q_224 -19.866 -643.904 9.000
Y_225 -10.601 -274.939 9.000
C_226 0.000 322.480 6.000
V_227 0.000 613.196 2.000
G_228 0.000 -27.649 4.000
A_229 0.000 185.740 6.000
N_230 -19.866 -507.047 9.000
Y_231 -11.154 -274.939 10.000
T_232 -16.309 -90.974 10.000
W_233 -4.441 -203.500 6.000
L_234 0.000 679.918 4.000
L_235 0.000 679.918 5.000
V_236 0.000 613.196 4.000
E_237 -7.878 -605.239 4.000
G_238 0.000 -27.649 6.000
V_239 0.000 613.196 6.000
Y_240 -6.160 -274.939 4.000
L_241 0.000 679.918 7.000
H_242 -9.265 -583.484 7.000
S_243 -10.149 -90.060 5.000
L_244 0.000 679.918 5.000
L_245 0.000 679.918 3.000
V_246 0.000 613.196 0.000
L_247 0.000 679.918 0.000
V_248 0.000 613.196 0.000
G_249 0.000 -27.649 3.000
G_250 0.000 -27.649 7.000
S_251 -17.098 -90.060 11.000
E_252 -22.253 -605.239 11.000
E_253 -24.169 -605.239 13.000
G_254 0.000 -27.649 10.000
H_255 -11.652 -583.484 11.000
F_256 0.000 560.542 9.000
R_257 -27.076 -1015.709 11.000
Y_258 -10.601 -274.939 9.000
Y_259 -10.601 -274.939 9.000
L_260 0.000 679.918 4.000
L_261 0.000 679.918 2.000
L_262 0.000 679.918 1.000
G_263 0.000 -27.649 1.000
W_264 -0.000 -203.500 1.000
G_265 0.000 -27.649 1.000
A_266 0.000 185.740 1.000
P_267 0.000 -195.996 0.000
A_268 0.000 185.740 0.000
L_269 0.000 679.918 0.000
F_270 0.000 560.542 0.000
V_271 0.000 613.196 0.000
I_272 0.000 777.529 1.000
P_273 0.000 -195.996 1.000
W_274 -0.000 -203.500 1.000
V_275 0.000 613.196 1.000
I_276 0.000 777.529 6.000
V_277 0.000 613.196 7.000
R_278 -19.414 -1015.709 7.000
Y_279 -10.601 -274.939 9.000
L_280 0.000 679.918 13.000
Y_281 -12.104 -274.939 12.000
E_282 -24.169 -605.239 13.000
N_283 -27.150 -507.047 17.000
T_284 -19.613 -90.974 15.000
Q_285 -23.258 -643.904 12.000
C_286 0.000 322.480 12.000
W_287 -6.542 -203.500 14.000
E_288 -25.003 -605.239 14.000
R_289 -34.315 -1015.709 18.000
N_290 -27.150 -507.047 17.000
E_291 -26.485 -605.239 16.000
V_292 0.000 613.196 11.000
K_293 -13.255 -818.649 7.000
A_294 0.000 185.740 4.000
I_295 0.000 777.529 5.000
W_296 -1.718 -203.500 2.000
W_297 -1.718 -203.500 2.000
I_298 0.000 777.529 7.000
I_299 0.000 777.529 9.000
R_300 -21.845 -1015.709 8.000
T_301 -14.420 -90.974 8.000
P_302 0.000 -195.996 8.000
I_303 0.000 777.529 3.000
L_304 0.000 679.918 3.000
M_305 0.000 401.769 3.000
T_306 -4.441 -90.974 3.000
I_307 0.000 777.529 3.000
L_308 0.000 679.918 7.000
I_309 0.000 777.529 4.000
N_310 -7.878 -507.047 4.000
F_311 0.000 560.542 4.000
L_312 0.000 679.918 4.000
I_313 0.000 777.529 0.000
F_314 0.000 560.542 5.000
I_315 0.000 777.529 5.000
R_316 -11.867 -1015.709 5.000
I_317 0.000 777.529 5.000
L_318 0.000 679.918 5.000
G_319 0.000 -27.649 0.000
I_320 0.000 777.529 0.000
L_321 0.000 679.918 3.000
L_322 0.000 679.918 6.000
S_323 -11.867 -90.060 6.000
K_324 -17.098 -818.649 11.000
L_325 0.000 679.918 14.000
R_326 -32.645 -1015.709 16.000
T_327 -20.609 -90.974 17.000
R_328 -33.508 -1015.709 17.000
Q_329 -27.150 -643.904 17.000
M_330 0.000 401.769 14.000
R_331 -30.711 -1015.709 14.000
C_332 0.000 322.480 14.000
R_333 -32.645 -1015.709 16.000
D_334 -26.485 -475.402 16.000
Y_335 -13.586 -274.939 16.000
R_336 -32.645 -1015.709 16.000
L_337 0.000 679.918 12.000
R_338 -25.574 -1015.709 10.000
L_339 0.000 679.918 10.000
A_340 0.000 185.740 13.000
R_341 -27.076 -1015.709 11.000
S_342 -17.098 -90.060 11.000
T_343 -19.059 -90.974 14.000
L_344 0.000 679.918 9.000
T_345 -11.867 -90.974 6.000
L_346 0.000 679.918 3.000
V_347 0.000 613.196 3.000
P_348 0.000 -195.996 0.000
L_349 0.000 679.918 0.000
L_350 0.000 679.918 0.000
G_351 0.000 -27.649 2.000
V_352 0.000 613.196 6.000
H_353 -8.431 -583.484 6.000
E_354 -14.591 -605.239 6.000
V_355 0.000 613.196 6.000
V_356 0.000 613.196 4.000
F_357 0.000 560.542 0.000
A_358 0.000 185.740 0.000
P_359 0.000 -195.996 3.000
V_360 0.000 613.196 7.000
T_361 -17.098 -90.974 11.000
E_362 -25.772 -605.239 15.000
E_363 -25.772 -605.239 15.000
Q_364 -27.150 -643.904 17.000
A_365 0.000 185.740 13.000
R_366 -23.856 -1015.709 9.000
G_367 0.000 -27.649 5.000
A_368 0.000 185.740 10.000
L_369 0.000 679.918 5.000
R_370 -11.867 -1015.709 5.000
F_371 0.000 560.542 8.000
A_372 0.000 185.740 8.000
K_373 -4.441 -818.649 3.000
L_374 0.000 679.918 3.000
G_375 0.000 -27.649 7.000
F_376 0.000 560.542 4.000
E_377 -7.878 -605.239 4.000
I_378 0.000 777.529 4.000
F_379 0.000 560.542 7.000
L_380 0.000 679.918 6.000
S_381 -11.867 -90.060 6.000
S_382 -16.309 -90.060 10.000
F_383 0.000 560.542 10.000
Q_384 -16.691 -643.904 7.000
G_385 0.000 -27.649 4.000
F_386 0.000 560.542 4.000
L_387 0.000 679.918 3.000
V_388 0.000 613.196 3.000
S_389 -4.441 -90.060 3.000
V_390 0.000 613.196 5.000
L_391 0.000 679.918 5.000
Y_392 -1.718 -274.939 2.000
C_393 0.000 322.480 2.000
F_394 0.000 560.542 6.000
I_395 0.000 777.529 7.000
N_396 -22.253 -507.047 11.000
K_397 -17.098 -818.649 11.000
E_398 -25.772 -605.239 15.000
V_399 0.000 613.196 14.000
Q_400 -25.772 -643.904 15.000
S_401 -17.098 -90.060 11.000
E_402 -26.485 -605.239 16.000
I_403 0.000 777.529 17.000
R_404 -30.711 -1015.709 14.000
R_405 -27.076 -1015.709 11.000
G_406 0.000 -27.649 13.000
W_407 -5.708 -203.500 10.000
H_408 -7.426 -583.484 5.000
H_409 -11.154 -583.484 10.000
C_410 0.000 322.480 9.000
R_411 -28.412 -1015.709 12.000
L_412 0.000 679.918 15.000
R_413 -34.315 -1015.709 18.000
R_414 -29.616 -1015.709 13.000
S_415 -18.462 -90.060 13.000
L_416 0.000 679.918 12.000
G_417 0.000 -27.649 11.000
E_418 -23.258 -605.239 12.000
E_419 -27.150 -605.239 17.000
Q_420 -29.436 -643.904 21.000
R_421 -33.508 -1015.709 17.000
Q_422 -24.169 -643.904 13.000
L_423 0.000 679.918 13.000
P_424 0.000 -195.996 13.000
E_425 -19.866 -605.239 9.000
R_426 -23.856 -1015.709 9.000
A_427 0.000 185.740 14.000
F_428 0.000 560.542 10.000
R_429 -11.867 -1015.709 5.000
A_430 0.000 185.740 5.000
L_431 0.000 679.918 8.000
P_432 0.000 -195.996 3.000
S_433 -11.867 -90.060 6.000
G_434 0.000 -27.649 6.000
S_435 -11.867 -90.060 6.000
G_436 0.000 -27.649 3.000
P_437 0.000 -195.996 7.000
G_438 0.000 -27.649 4.000
E_439 -7.878 -605.239 4.000
V_440 0.000 613.196 7.000
P_441 0.000 -195.996 10.000
T_442 -17.098 -90.974 11.000
S_443 -17.098 -90.060 11.000
R_444 -27.076 -1015.709 11.000
G_445 0.000 -27.649 11.000
L_446 0.000 679.918 11.000
S_447 -11.867 -90.060 6.000
S_448 -15.425 -90.060 9.000
G_449 0.000 -27.649 9.000
T_450 -11.867 -90.974 6.000
L_451 0.000 679.918 3.000
P_452 0.000 -195.996 3.000
G_453 0.000 -27.649 0.000
P_454 0.000 -195.996 4.000
G_455 0.000 -27.649 8.000
N_456 -18.409 -507.047 8.000
E_457 -22.253 -605.239 11.000
A_458 0.000 185.740 16.000
S_459 -20.127 -90.060 16.000
R_460 -28.412 -1015.709 12.000
E_461 -26.485 -605.239 16.000
L_462 0.000 679.918 16.000
E_463 -24.169 -605.239 13.000
S_464 -15.425 -90.060 9.000
Y_465 -10.601 -274.939 9.000
C_466 0.000 322.480 5.000
