M_1 0.000 401.769 3.000
A_2 0.000 185.740 4.000
S_3 -7.878 -90.060 4.000
W_4 -5.447 -203.500 9.000
L_5 0.000 679.918 14.000
R_6 -30.711 -1015.709 14.000
R_7 -29.616 -1015.709 13.000
K_8 -21.060 -818.649 18.000
L_9 0.000 679.918 13.000
R_10 -27.076 -1015.709 11.000
G_11 0.000 -27.649 13.000
K_12 -21.060 -818.649 18.000
R_13 -29.616 -1015.709 13.000
R_14 -29.616 -1015.709 13.000
P_15 0.000 -195.996 10.000
V_16 0.000 613.196 5.000
I_17 0.000 777.529 0.000
A_18 0.000 185.740 0.000
F_19 0.000 560.542 0.000
C_20 0.000 322.480 0.000
L_21 0.000 679.918 0.000
L_22 0.000 679.918 0.000
M_23 0.000 401.769 0.000
I_24 0.000 777.529 3.000
L_25 0.000 679.918 3.000
S_26 -4.441 -90.060 3.000
A_27 0.000 185.740 3.000
M_28 0.000 401.769 3.000
A_29 0.000 185.740 3.000
V_30 0.000 613.196 8.000
T_31 -14.420 -90.974 8.000
R_32 -21.845 -1015.709 8.000
F_33 0.000 560.542 8.000
P_34 0.000 -195.996 9.000
P_35 0.000 -195.996 9.000
Q_36 -19.866 -643.904 9.000
R_37 -28.412 -1015.709 12.000
P_38 0.000 -195.996 12.000
S_39 -14.420 -90.060 8.000
A_40 0.000 185.740 3.000
G_41 0.000 -27.649 7.000
P_42 0.000 -195.996 4.000
D_43 -7.878 -475.402 4.000
P_44 0.000 -195.996 4.000
G_45 0.000 -27.649 4.000
P_46 0.000 -195.996 4.000
M_47 0.000 401.769 4.000
E_48 -18.409 -605.239 8.000
P_49 0.000 -195.996 8.000
Q_50 -18.409 -643.904 8.000
G_51 0.000 -27.649 7.000
V_52 0.000 613.196 7.000
T_53 -4.441 -90.974 3.000
G_54 0.000 -27.649 3.000
A_55 0.000 185.740 3.000
P_56 0.000 -195.996 3.000
A_57 0.000 185.740 5.000
T_58 -10.149 -90.974 5.000
H_59 -11.154 -583.484 10.000
I_60 0.000 777.529 14.000
R_61 -27.076 -1015.709 11.000
Q_62 -19.866 -643.904 9.000
A_63 0.000 185.740 12.000
L_64 0.000 679.918 10.000
S_65 -15.425 -90.060 9.000
S_66 -19.059 -90.060 14.000
S_67 -21.486 -90.060 19.000
R_68 -35.785 -1015.709 20.000
R_69 -37.098 -1015.709 22.000
Q_70 -28.359 -643.904 19.000
R_71 -35.072 -1015.709 19.000
A_72 0.000 185.740 18.000
R_73 -30.711 -1015.709 14.000
N_74 -19.866 -507.047 9.000
M_75 0.000 401.769 9.000
G_76 0.000 -27.649 5.000
F_77 0.000 560.542 6.000
W_78 -5.447 -203.500 9.000
R_79 -30.711 -1015.709 14.000
S_80 -19.059 -90.060 14.000
R_81 -29.616 -1015.709 13.000
A_82 0.000 185.740 8.000
L_83 0.000 679.918 10.000
P_84 0.000 -195.996 9.000
R_85 -28.412 -1015.709 12.000
N_86 -23.258 -507.047 12.000
S_87 -17.811 -90.060 12.000
I_88 0.000 777.529 7.000
L_89 0.000 679.918 3.000
V_90 0.000 613.196 0.000
C_91 0.000 322.480 4.000
A_92 0.000 185.740 8.000
E_93 -23.258 -605.239 12.000
E_94 -23.258 -605.239 12.000
Q_95 -25.003 -643.904 14.000
G_96 0.000 -27.649 15.000
H_97 -11.652 -583.484 11.000
R_98 -28.412 -1015.709 12.000
A_99 0.000 185.740 12.000
R_100 -30.711 -1015.709 14.000
V_101 0.000 613.196 14.000
D_102 -27.150 -475.402 17.000
R_103 -33.508 -1015.709 17.000
S_104 -22.271 -90.060 21.000
R_105 -35.785 -1015.709 20.000
E_106 -25.772 -605.239 15.000
S_107 -17.811 -90.060 12.000
P_108 0.000 -195.996 7.000
G_109 0.000 -27.649 7.000
G_110 0.000 -27.649 4.000
D_111 -19.866 -475.402 9.000
L_112 0.000 679.918 11.000
R_113 -27.076 -1015.709 11.000
H_114 -9.265 -583.484 7.000
P_115 0.000 -195.996 12.000
G_116 0.000 -27.649 7.000
R_117 -25.574 -1015.709 10.000
V_118 0.000 613.196 15.000
R_119 -35.072 -1015.709 19.000
R_120 -30.711 -1015.709 14.000
D_121 -27.150 -475.402 17.000
I_122 0.000 777.529 12.000
T_123 -16.309 -90.974 10.000
L_124 0.000 679.918 6.000
S_125 -14.420 -90.060 8.000
G_126 0.000 -27.649 5.000
H_127 -11.154 -583.484 10.000
P_128 0.000 -195.996 7.000
R_129 -25.574 -1015.709 10.000
L_130 0.000 679.918 11.000
S_131 -19.613 -90.060 15.000
T_132 -17.811 -90.974 12.000
Q_133 -23.258 -643.904 12.000
H_134 -10.601 -583.484 9.000
V_135 0.000 613.196 6.000
V_136 0.000 613.196 2.000
L_137 0.000 679.918 5.000
L_138 0.000 679.918 9.000
R_139 -29.616 -1015.709 13.000
E_140 -27.150 -605.239 17.000
D_141 -27.150 -475.402 17.000
E_142 -23.258 -605.239 12.000
V_143 0.000 613.196 12.000
G_144 0.000 -27.649 8.000
D_145 -7.878 -475.402 4.000
P_146 0.000 -195.996 7.000
G_147 0.000 -27.649 10.000
T_148 -16.309 -90.974 10.000
K_149 -16.309 -818.649 10.000
D_150 -21.132 -475.402 10.000
L_151 0.000 679.918 9.000
G_152 0.000 -27.649 6.000
H_153 -8.431 -583.484 6.000
P_154 0.000 -195.996 8.000
Q_155 -18.409 -643.904 8.000
H_156 -10.601 -583.484 9.000
G_157 0.000 -27.649 9.000
S_158 -10.149 -90.060 5.000
P_159 0.000 -195.996 7.000
I_160 0.000 777.529 11.000
Q_161 -22.253 -643.904 11.000
E_162 -25.772 -605.239 15.000
T_163 -21.060 -90.974 18.000
Q_164 -27.773 -643.904 18.000
S_165 -19.059 -90.060 14.000
E_166 -22.253 -605.239 11.000
V_167 0.000 613.196 10.000
V_168 0.000 613.196 7.000
T_169 -4.441 -90.974 3.000
L_170 0.000 679.918 6.000
V_171 0.000 613.196 6.000
S_172 -4.441 -90.060 3.000
P_173 0.000 -195.996 3.000
L_174 0.000 679.918 3.000
P_175 0.000 -195.996 3.000
G_176 0.000 -27.649 7.000
S_177 -13.255 -90.060 7.000
D_178 -16.691 -475.402 7.000
M_179 0.000 401.769 7.000
A_180 0.000 185.740 4.000
A_181 0.000 185.740 0.000
L_182 0.000 679.918 0.000
P_183 0.000 -195.996 1.000
A_184 0.000 185.740 6.000
W_185 -4.441 -203.500 6.000
R_186 -23.856 -1015.709 9.000
A_187 0.000 185.740 12.000
T_188 -17.098 -90.974 11.000
S_189 -11.867 -90.060 6.000
G_190 0.000 -27.649 9.000
L_191 0.000 679.918 6.000
T_192 -7.878 -90.974 4.000
L_193 0.000 679.918 4.000
W_194 -4.441 -203.500 6.000
P_195 0.000 -195.996 6.000
H_196 -8.431 -583.484 6.000
T_197 -15.425 -90.974 9.000
A_198 0.000 185.740 9.000
E_199 -23.258 -605.239 12.000
G_200 0.000 -27.649 13.000
R_201 -29.616 -1015.709 13.000
D_202 -19.866 -475.402 9.000
L_203 0.000 679.918 9.000
L_204 0.000 679.918 4.000
G_205 0.000 -27.649 4.000
A_206 0.000 185.740 8.000
E_207 -24.169 -605.239 13.000
N_208 -24.169 -507.047 13.000
R_209 -29.616 -1015.709 13.000
A_210 0.000 185.740 12.000
L_211 0.000 679.918 8.000
T_212 -4.441 -90.974 3.000
G_213 0.000 -27.649 7.000
G_214 0.000 -27.649 11.000
Q_215 -18.409 -643.904 8.000
Q_216 -23.258 -643.904 12.000
A_217 0.000 185.740 16.000
E_218 -23.258 -605.239 12.000
D_219 -22.253 -475.402 11.000
P_220 0.000 -195.996 11.000
T_221 -13.255 -90.974 7.000
L_222 0.000 679.918 6.000
A_223 0.000 185.740 6.000
S_224 -4.441 -90.060 3.000
G_225 0.000 -27.649 5.000
A_226 0.000 185.740 9.000
H_227 -9.265 -583.484 7.000
Q_228 -16.691 -643.904 7.000
W_229 -4.824 -203.500 7.000
P_230 0.000 -195.996 8.000
G_231 0.000 -27.649 4.000
S_232 -13.255 -90.060 7.000
V_233 0.000 613.196 10.000
E_234 -21.132 -605.239 10.000
K_235 -17.098 -818.649 11.000
L_236 0.000 679.918 11.000
Q_237 -21.132 -643.904 10.000
G_238 0.000 -27.649 7.000
S_239 -14.420 -90.060 8.000
V_240 0.000 613.196 4.000
W_241 -5.155 -203.500 8.000
C_242 0.000 322.480 5.000
D_243 -19.866 -475.402 9.000
A_244 0.000 185.740 11.000
E_245 -22.253 -605.239 11.000
T_246 -13.255 -90.974 7.000
L_247 0.000 679.918 10.000
L_248 0.000 679.918 9.000
S_249 -15.425 -90.060 9.000
S_250 -19.059 -90.060 14.000
S_251 -20.609 -90.060 17.000
R_252 -30.711 -1015.709 14.000
T_253 -17.098 -90.974 11.000
G_254 0.000 -27.649 12.000
G_255 0.000 -27.649 7.000
Q_256 -7.878 -643.904 4.000
A_257 0.000 185.740 4.000
P_258 0.000 -195.996 5.000
P_259 0.000 -195.996 1.000
W_260 -3.436 -203.500 4.000
L_261 0.000 679.918 8.000
T_262 -16.309 -90.974 10.000
D_263 -24.169 -475.402 13.000
H_264 -12.518 -583.484 13.000
D_265 -25.003 -475.402 14.000
V_266 0.000 613.196 10.000
Q_267 -18.409 -643.904 8.000
M_268 0.000 401.769 9.000
L_269 0.000 679.918 9.000
R_270 -11.867 -1015.709 5.000
L_271 0.000 679.918 5.000
L_272 0.000 679.918 9.000
A_273 0.000 185.740 4.000
Q_274 -18.409 -643.904 8.000
G_275 0.000 -27.649 8.000
E_276 -18.409 -605.239 8.000
V_277 0.000 613.196 8.000
V_278 0.000 613.196 11.000
D_279 -16.691 -475.402 7.000
K_280 -17.811 -818.649 12.000
A_281 0.000 185.740 12.000
R_282 -21.845 -1015.709 8.000
V_283 0.000 613.196 5.000
P_284 0.000 -195.996 7.000
A_285 0.000 185.740 2.000
H_286 -8.431 -583.484 6.000
G_287 0.000 -27.649 6.000
Q_288 -14.591 -643.904 6.000
V_289 0.000 613.196 8.000
L_290 0.000 679.918 8.000
Q_291 -7.878 -643.904 4.000
V_292 0.000 613.196 4.000
G_293 0.000 -27.649 7.000
F_294 0.000 560.542 6.000
S_295 -16.309 -90.060 10.000
T_296 -16.309 -90.974 10.000
E_297 -21.132 -605.239 10.000
A_298 0.000 185.740 7.000
A_299 0.000 185.740 8.000
L_300 0.000 679.918 8.000
Q_301 -18.409 -643.904 8.000
D_302 -22.253 -475.402 11.000
L_303 0.000 679.918 14.000
S_304 -16.309 -90.060 10.000
S_305 -17.098 -90.060 11.000
P_306 0.000 -195.996 11.000
R_307 -27.076 -1015.709 11.000
L_308 0.000 679.918 12.000
S_309 -17.811 -90.060 12.000
Q_310 -16.691 -643.904 7.000
L_311 0.000 679.918 10.000
C_312 0.000 322.480 11.000
S_313 -13.255 -90.060 7.000
Q_314 -16.691 -643.904 7.000
G_315 0.000 -27.649 7.000
L_316 0.000 679.918 4.000
C_317 0.000 322.480 0.000
G_318 0.000 -27.649 0.000
L_319 0.000 679.918 3.000
I_320 0.000 777.529 8.000
K_321 -14.420 -818.649 8.000
R_322 -21.845 -1015.709 8.000
P_323 0.000 -195.996 12.000
G_324 0.000 -27.649 9.000
D_325 -7.878 -475.402 4.000
L_326 0.000 679.918 8.000
P_327 0.000 -195.996 8.000
E_328 -7.878 -605.239 4.000
V_329 0.000 613.196 7.000
L_330 0.000 679.918 7.000
S_331 -10.149 -90.060 5.000
F_332 0.000 560.542 5.000
H_333 -10.601 -583.484 9.000
V_334 0.000 613.196 11.000
D_335 -22.253 -475.402 11.000
R_336 -23.856 -1015.709 9.000
V_337 0.000 613.196 9.000
L_338 0.000 679.918 5.000
G_339 0.000 -27.649 5.000
L_340 0.000 679.918 10.000
R_341 -29.616 -1015.709 13.000
R_342 -29.616 -1015.709 13.000
S_343 -18.462 -90.060 13.000
L_344 0.000 679.918 8.000
P_345 0.000 -195.996 3.000
A_346 0.000 185.740 0.000
V_347 0.000 613.196 5.000
A_348 0.000 185.740 10.000
R_349 -25.574 -1015.709 10.000
R_350 -28.412 -1015.709 12.000
F_351 0.000 560.542 15.000
H_352 -11.154 -583.484 10.000
S_353 -10.149 -90.060 5.000
P_354 0.000 -195.996 5.000
L_355 0.000 679.918 3.000
L_356 0.000 679.918 2.000
P_357 0.000 -195.996 7.000
Y_358 -10.601 -274.939 9.000
R_359 -28.412 -1015.709 12.000
Y_360 -13.586 -274.939 16.000
T_361 -19.059 -90.974 14.000
D_362 -19.866 -475.402 9.000
G_363 0.000 -27.649 7.000
G_364 0.000 -27.649 9.000
A_365 0.000 185.740 5.000
R_366 -11.867 -1015.709 5.000
P_367 0.000 -195.996 5.000
V_368 0.000 613.196 6.000
I_369 0.000 777.529 2.000
W_370 -1.718 -203.500 2.000
W_371 -1.718 -203.500 2.000
A_372 0.000 185.740 6.000
P_373 0.000 -195.996 5.000
D_374 -18.409 -475.402 8.000
V_375 0.000 613.196 10.000
Q_376 -21.132 -643.904 10.000
H_377 -10.601 -583.484 9.000
L_378 0.000 679.918 13.000
S_379 -15.425 -90.060 9.000
D_380 -22.253 -475.402 11.000
P_381 0.000 -195.996 15.000
D_382 -26.485 -475.402 16.000
E_383 -26.485 -605.239 16.000
D_384 -28.912 -475.402 20.000
Q_385 -28.359 -643.904 19.000
N_386 -25.772 -507.047 15.000
S_387 -17.098 -90.060 11.000
L_388 0.000 679.918 7.000
A_389 0.000 185.740 3.000
L_390 0.000 679.918 1.000
G_391 0.000 -27.649 1.000
W_392 -3.990 -203.500 5.000
L_393 0.000 679.918 7.000
Q_394 -22.253 -643.904 11.000
Y_395 -11.154 -274.939 10.000
Q_396 -21.132 -643.904 10.000
A_397 0.000 185.740 6.000
L_398 0.000 679.918 4.000
L_399 0.000 679.918 2.000
A_400 0.000 185.740 5.000
H_401 -7.426 -583.484 5.000
S_402 -15.425 -90.060 9.000
C_403 0.000 322.480 10.000
N_404 -18.409 -507.047 8.000
W_405 -3.990 -203.500 5.000
P_406 0.000 -195.996 9.000
G_407 0.000 -27.649 5.000
Q_408 -7.878 -643.904 4.000
A_409 0.000 185.740 4.000
P_410 0.000 -195.996 4.000
C_411 0.000 322.480 0.000
P_412 0.000 -195.996 0.000
G_413 0.000 -27.649 2.000
I_414 0.000 777.529 4.000
H_415 -9.265 -583.484 7.000
H_416 -11.652 -583.484 11.000
T_417 -17.811 -90.974 12.000
E_418 -21.132 -605.239 10.000
W_419 -6.358 -203.500 13.000
A_420 0.000 185.740 10.000
R_421 -16.309 -1015.709 6.000
L_422 0.000 679.918 5.000
A_423 0.000 185.740 5.000
L_424 0.000 679.918 4.000
F_425 0.000 560.542 4.000
D_426 -7.878 -475.402 4.000
F_427 0.000 560.542 4.000
L_428 0.000 679.918 8.000
L_429 0.000 679.918 4.000
Q_430 -14.591 -643.904 6.000
V_431 0.000 613.196 10.000
H_432 -13.255 -583.484 15.000
D_433 -22.253 -475.402 11.000
R_434 -31.716 -1015.709 15.000
L_435 0.000 679.918 18.000
D_436 -26.485 -475.402 16.000
R_437 -27.076 -1015.709 11.000
Y_438 -11.652 -274.939 11.000
C_439 0.000 322.480 7.000
C_440 0.000 322.480 2.000
G_441 0.000 -27.649 4.000
F_442 0.000 560.542 4.000
E_443 -18.409 -605.239 8.000
P_444 0.000 -195.996 8.000
E_445 -22.253 -605.239 11.000
P_446 0.000 -195.996 11.000
S_447 -17.098 -90.060 11.000
D_448 -16.691 -475.402 7.000
P_449 0.000 -195.996 7.000
C_450 0.000 322.480 8.000
V_451 0.000 613.196 8.000
E_452 -24.169 -605.239 13.000
E_453 -24.169 -605.239 13.000
R_454 -34.315 -1015.709 18.000
L_455 0.000 679.918 18.000
R_456 -33.508 -1015.709 17.000
E_457 -23.258 -605.239 12.000
K_458 -20.127 -818.649 16.000
C_459 0.000 322.480 15.000
Q_460 -22.253 -643.904 11.000
N_461 -18.409 -507.047 8.000
P_462 0.000 -195.996 12.000
A_463 0.000 185.740 8.000
E_464 -19.866 -605.239 9.000
L_465 0.000 679.918 9.000
R_466 -23.856 -1015.709 9.000
L_467 0.000 679.918 7.000
V_468 0.000 613.196 7.000
H_469 -1.718 -583.484 2.000
I_470 0.000 777.529 2.000
L_471 0.000 679.918 7.000
V_472 0.000 613.196 8.000
R_473 -27.076 -1015.709 11.000
S_474 -19.613 -90.060 15.000
S_475 -19.613 -90.060 15.000
D_476 -24.169 -475.402 13.000
P_477 0.000 -195.996 12.000
S_478 -15.425 -90.060 9.000
H_479 -7.426 -583.484 5.000
L_480 0.000 679.918 7.000
V_481 0.000 613.196 4.000
Y_482 -8.431 -274.939 6.000
I_483 0.000 777.529 10.000
D_484 -21.132 -475.402 10.000
N_485 -18.409 -507.047 8.000
A_486 0.000 185.740 12.000
G_487 0.000 -27.649 8.000
N_488 -18.409 -507.047 8.000
L_489 0.000 679.918 10.000
Q_490 -21.132 -643.904 10.000
H_491 -11.154 -583.484 10.000
P_492 0.000 -195.996 14.000
E_493 -24.169 -605.239 13.000
D_494 -22.253 -475.402 11.000
K_495 -19.613 -818.649 15.000
L_496 0.000 679.918 11.000
N_497 -23.258 -507.047 12.000
F_498 0.000 560.542 9.000
R_499 -23.856 -1015.709 9.000
L_500 0.000 679.918 9.000
L_501 0.000 679.918 9.000
E_502 -7.878 -605.239 4.000
G_503 0.000 -27.649 8.000
I_504 0.000 777.529 8.000
D_505 -7.878 -475.402 4.000
G_506 0.000 -27.649 4.000
F_507 0.000 560.542 8.000
P_508 0.000 -195.996 7.000
E_509 -16.691 -605.239 7.000
S_510 -13.255 -90.060 7.000
A_511 0.000 185.740 10.000
V_512 0.000 613.196 6.000
K_513 -4.441 -818.649 3.000
V_514 0.000 613.196 3.000
L_515 0.000 679.918 6.000
A_516 0.000 185.740 3.000
S_517 -4.441 -90.060 3.000
G_518 0.000 -27.649 3.000
C_519 0.000 322.480 7.000
L_520 0.000 679.918 8.000
Q_521 -18.409 -643.904 8.000
N_522 -18.409 -507.047 8.000
M_523 0.000 401.769 8.000
L_524 0.000 679.918 7.000
L_525 0.000 679.918 6.000
K_526 -11.867 -818.649 6.000
S_527 -16.309 -90.060 10.000
L_528 0.000 679.918 10.000
Q_529 -22.253 -643.904 11.000
M_530 0.000 401.769 8.000
D_531 -18.409 -475.402 8.000
P_532 0.000 -195.996 4.000
V_533 0.000 613.196 5.000
F_534 0.000 560.542 5.000
W_535 -5.155 -203.500 8.000
E_536 -23.258 -605.239 12.000
S_537 -17.811 -90.060 12.000
Q_538 -22.253 -643.904 11.000
G_539 0.000 -27.649 7.000
G_540 0.000 -27.649 8.000
A_541 0.000 185.740 4.000
Q_542 -7.878 -643.904 4.000
G_543 0.000 -27.649 7.000
L_544 0.000 679.918 11.000
K_545 -13.255 -818.649 7.000
Q_546 -16.691 -643.904 7.000
V_547 0.000 613.196 11.000
L_548 0.000 679.918 11.000
Q_549 -16.691 -643.904 7.000
T_550 -17.098 -90.974 11.000
L_551 0.000 679.918 15.000
E_552 -26.485 -605.239 16.000
Q_553 -24.169 -643.904 13.000
R_554 -33.508 -1015.709 17.000
G_555 0.000 -27.649 13.000
Q_556 -19.866 -643.904 9.000
V_557 0.000 613.196 4.000
L_558 0.000 679.918 4.000
L_559 0.000 679.918 2.000
G_560 0.000 -27.649 2.000
H_561 -8.431 -583.484 6.000
I_562 0.000 777.529 9.000
Q_563 -22.253 -643.904 11.000
K_564 -18.462 -818.649 13.000
H_565 -12.518 -583.484 13.000
N_566 -23.258 -507.047 12.000
L_567 0.000 679.918 9.000
T_568 -13.255 -90.974 7.000
L_569 0.000 679.918 8.000
F_570 0.000 560.542 12.000
R_571 -29.616 -1015.709 13.000
D_572 -27.150 -475.402 17.000
E_573 -27.150 -605.239 17.000
D_574 -23.258 -475.402 12.000
P_575 0.000 -195.996 8.000
