M_1 0.000 401.769 3.000
K_2 -11.867 -818.649 6.000
F_3 0.000 560.542 6.000
T_4 -11.867 -90.974 6.000
I_5 0.000 777.529 3.000
V_6 0.000 613.196 3.000
F_7 0.000 560.542 0.000
A_8 0.000 185.740 0.000
G_9 0.000 -27.649 0.000
L_10 0.000 679.918 0.000
L_11 0.000 679.918 0.000
G_12 0.000 -27.649 0.000
V_13 0.000 613.196 0.000
F_14 0.000 560.542 0.000
L_15 0.000 679.918 0.000
A_16 0.000 185.740 0.000
P_17 0.000 -195.996 0.000
A_18 0.000 185.740 0.000
L_19 0.000 679.918 4.000
A_20 0.000 185.740 6.000
N_21 -21.132 -507.047 10.000
Y_22 -11.154 -274.939 10.000
N_23 -25.003 -507.047 14.000
I_24 0.000 777.529 10.000
N_25 -23.258 -507.047 12.000
V_26 0.000 613.196 12.000
N_27 -26.485 -507.047 16.000
D_28 -26.485 -475.402 16.000
D_29 -28.912 -475.402 20.000
N_30 -28.912 -507.047 20.000
N_31 -26.485 -507.047 16.000
N_32 -23.258 -507.047 12.000
A_33 0.000 185.740 11.000
G_34 0.000 -27.649 7.000
S_35 -13.255 -90.060 7.000
G_36 0.000 -27.649 11.000
Q_37 -25.003 -643.904 14.000
Q_38 -22.253 -643.904 11.000
S_39 -19.059 -90.060 14.000
V_40 0.000 613.196 10.000
S_41 -16.309 -90.060 10.000
V_42 0.000 613.196 11.000
N_43 -25.772 -507.047 15.000
N_44 -25.003 -507.047 14.000
E_45 -27.773 -605.239 18.000
H_46 -12.900 -583.484 14.000
N_47 -21.132 -507.047 10.000
V_48 0.000 613.196 10.000
A_49 0.000 185.740 8.000
N_50 -18.409 -507.047 8.000
V_51 0.000 613.196 12.000
D_52 -26.485 -475.402 16.000
N_53 -26.485 -507.047 16.000
N_54 -26.485 -507.047 16.000
N_55 -24.169 -507.047 13.000
G_56 0.000 -27.649 13.000
W_57 -6.160 -203.500 12.000
D_58 -19.866 -475.402 9.000
S_59 -18.462 -90.060 13.000
W_60 -6.713 -203.500 15.000
N_61 -22.253 -507.047 11.000
S_62 -15.425 -90.060 9.000
I_63 0.000 777.529 12.000
W_64 -5.708 -203.500 10.000
D_65 -16.691 -475.402 7.000
Y_66 -11.652 -274.939 11.000
G_67 0.000 -27.649 10.000
N_68 -14.591 -507.047 6.000
G_69 0.000 -27.649 4.000
F_70 0.000 560.542 4.000
A_71 0.000 185.740 3.000
A_72 0.000 185.740 8.000
T_73 -14.420 -90.974 8.000
R_74 -21.845 -1015.709 8.000
L_75 0.000 679.918 12.000
F_76 0.000 560.542 12.000
Q_77 -21.132 -643.904 10.000
K_78 -18.462 -818.649 13.000
K_79 -18.462 -818.649 13.000
T_80 -15.425 -90.974 9.000
C_81 0.000 322.480 6.000
I_82 0.000 777.529 5.000
V_83 0.000 613.196 5.000
H_84 -7.426 -583.484 5.000
K_85 -15.425 -818.649 9.000
M_86 0.000 401.769 12.000
N_87 -25.003 -507.047 14.000
K_88 -17.098 -818.649 11.000
E_89 -22.253 -605.239 11.000
V_90 0.000 613.196 7.000
M_91 0.000 401.769 7.000
P_92 0.000 -195.996 3.000
S_93 -13.255 -90.060 7.000
I_94 0.000 777.529 10.000
Q_95 -21.132 -643.904 10.000
S_96 -17.098 -90.060 11.000
L_97 0.000 679.918 11.000
D_98 -16.691 -475.402 7.000
A_99 0.000 185.740 4.000
L_100 0.000 679.918 7.000
V_101 0.000 613.196 7.000
K_102 -16.309 -818.649 10.000
E_103 -24.169 -605.239 13.000
K_104 -18.462 -818.649 13.000
K_105 -19.059 -818.649 14.000
L_106 0.000 679.918 10.000
Q_107 -21.132 -643.904 10.000
G_108 0.000 -27.649 7.000
K_109 -13.255 -818.649 7.000
G_110 0.000 -27.649 3.000
P_111 0.000 -195.996 3.000
G_112 0.000 -27.649 0.000
G_113 0.000 -27.649 0.000
P_114 0.000 -195.996 0.000
P_115 0.000 -195.996 3.000
P_116 0.000 -195.996 3.000
K_117 -4.441 -818.649 3.000
G_118 0.000 -27.649 3.000
L_119 0.000 679.918 5.000
M_120 0.000 401.769 5.000
Y_121 -7.426 -274.939 5.000
S_122 -15.425 -90.060 9.000
V_123 0.000 613.196 9.000
N_124 -22.253 -507.047 11.000
P_125 0.000 -195.996 11.000
N_126 -22.253 -507.047 11.000
K_127 -17.098 -818.649 11.000
V_128 0.000 613.196 15.000
D_129 -22.253 -475.402 11.000
D_130 -22.253 -475.402 11.000
L_131 0.000 679.918 14.000
S_132 -16.309 -90.060 10.000
K_133 -11.867 -818.649 6.000
F_134 0.000 560.542 9.000
G_135 0.000 -27.649 10.000
K_136 -13.255 -818.649 7.000
N_137 -16.691 -507.047 7.000
I_138 0.000 777.529 11.000
A_139 0.000 185.740 8.000
N_140 -7.878 -507.047 4.000
M_141 0.000 401.769 9.000
C_142 0.000 322.480 9.000
R_143 -11.867 -1015.709 5.000
G_144 0.000 -27.649 5.000
I_145 0.000 777.529 8.000
P_146 0.000 -195.996 5.000
T_147 -10.149 -90.974 5.000
Y_148 -7.426 -274.939 5.000
M_149 0.000 401.769 9.000
A_150 0.000 185.740 10.000
E_151 -18.409 -605.239 8.000
E_152 -23.258 -605.239 12.000
M_153 0.000 401.769 16.000
Q_154 -23.258 -643.904 12.000
E_155 -22.253 -605.239 11.000
A_156 0.000 185.740 11.000
S_157 -13.255 -90.060 7.000
L_158 0.000 679.918 3.000
F_159 0.000 560.542 5.000
F_160 0.000 560.542 5.000
Y_161 -7.426 -274.939 5.000
S_162 -14.420 -90.060 8.000
G_163 0.000 -27.649 8.000
T_164 -14.420 -90.974 8.000
C_165 0.000 322.480 8.000
Y_166 -11.652 -274.939 11.000
T_167 -17.098 -90.974 11.000
T_168 -17.098 -90.974 11.000
S_169 -15.425 -90.060 9.000
V_170 0.000 613.196 7.000
L_171 0.000 679.918 4.000
W_172 -0.000 -203.500 1.000
I_173 0.000 777.529 5.000
V_174 0.000 613.196 5.000
D_175 -16.691 -475.402 7.000
I_176 0.000 777.529 7.000
S_177 -13.255 -90.060 7.000
F_178 0.000 560.542 3.000
C_179 0.000 322.480 7.000
G_180 0.000 -27.649 7.000
D_181 -16.691 -475.402 7.000
T_182 -17.098 -90.974 11.000
V_183 0.000 613.196 15.000
E_184 -22.253 -605.239 11.000
N_185 -18.409 -507.047 8.000
