M_1 0.000 401.769 7.000
E_2 -21.132 -605.239 10.000
T_3 -16.309 -90.974 10.000
K_4 -16.309 -818.649 10.000
L_5 0.000 679.918 6.000
P_6 0.000 -195.996 3.000
P_7 0.000 -195.996 3.000
A_8 0.000 185.740 6.000
S_9 -11.867 -90.060 6.000
T_10 -15.425 -90.974 9.000
P_11 0.000 -195.996 12.000
T_12 -15.425 -90.974 9.000
S_13 -15.425 -90.060 9.000
P_14 0.000 -195.996 12.000
S_15 -15.425 -90.060 9.000
S_16 -11.867 -90.060 6.000
P_17 0.000 -195.996 6.000
G_18 0.000 -27.649 6.000
L_19 0.000 679.918 3.000
S_20 -4.441 -90.060 3.000
P_21 0.000 -195.996 3.000
V_22 0.000 613.196 3.000
P_23 0.000 -195.996 0.000
P_24 0.000 -195.996 4.000
P_25 0.000 -195.996 7.000
D_26 -16.691 -475.402 7.000
K_27 -17.098 -818.649 11.000
V_28 0.000 613.196 11.000
D_29 -16.691 -475.402 7.000
G_30 0.000 -27.649 7.000
F_31 0.000 560.542 12.000
S_32 -18.462 -90.060 13.000
R_33 -32.645 -1015.709 16.000
R_34 -32.645 -1015.709 16.000
S_35 -21.060 -90.060 18.000
L_36 0.000 679.918 18.000
R_37 -29.616 -1015.709 13.000
R_38 -31.716 -1015.709 15.000
A_39 0.000 185.740 15.000
R_40 -31.716 -1015.709 15.000
P_41 0.000 -195.996 15.000
R_42 -34.315 -1015.709 18.000
R_43 -31.716 -1015.709 15.000
S_44 -21.060 -90.060 18.000
H_45 -13.586 -583.484 16.000
S_46 -19.059 -90.060 14.000
S_47 -19.613 -90.060 15.000
S_48 -18.462 -90.060 13.000
Q_49 -25.772 -643.904 15.000
F_50 0.000 560.542 14.000
R_51 -31.716 -1015.709 15.000
Y_52 -12.900 -274.939 14.000
Q_53 -27.773 -643.904 18.000
S_54 -20.609 -90.060 17.000
N_55 -28.359 -507.047 19.000
Q_56 -28.359 -643.904 19.000
Q_57 -26.485 -643.904 16.000
E_58 -25.772 -605.239 15.000
L_59 0.000 679.918 11.000
T_60 -13.255 -90.974 7.000
P_61 0.000 -195.996 3.000
L_62 0.000 679.918 3.000
P_63 0.000 -195.996 0.000
L_64 0.000 679.918 3.000
L_65 0.000 679.918 7.000
K_66 -13.255 -818.649 7.000
D_67 -16.691 -475.402 7.000
V_68 0.000 613.196 7.000
P_69 0.000 -195.996 7.000
A_70 0.000 185.740 7.000
S_71 -13.255 -90.060 7.000
E_72 -19.866 -605.239 9.000
L_73 0.000 679.918 13.000
H_74 -11.154 -583.484 10.000
E_75 -14.591 -605.239 6.000
L_76 0.000 679.918 9.000
L_77 0.000 679.918 12.000
S_78 -17.098 -90.060 11.000
R_79 -27.076 -1015.709 11.000
K_80 -17.098 -818.649 11.000
L_81 0.000 679.918 12.000
A_82 0.000 185.740 7.000
Q_83 -7.878 -643.904 4.000
C_84 0.000 322.480 4.000
G_85 0.000 -27.649 4.000
V_86 0.000 613.196 0.000
M_87 0.000 401.769 4.000
F_88 0.000 560.542 4.000
D_89 -7.878 -475.402 4.000
F_90 0.000 560.542 8.000
L_91 0.000 679.918 8.000
D_92 -7.878 -475.402 4.000
C_93 0.000 322.480 4.000
V_94 0.000 613.196 8.000
A_95 0.000 185.740 4.000
D_96 -16.691 -475.402 7.000
L_97 0.000 679.918 7.000
K_98 -16.309 -818.649 10.000
G_99 0.000 -27.649 10.000
K_100 -16.309 -818.649 10.000
E_101 -21.132 -605.239 10.000
V_102 0.000 613.196 15.000
K_103 -17.811 -818.649 12.000
R_104 -21.845 -1015.709 8.000
A_105 0.000 185.740 8.000
A_106 0.000 185.740 9.000
L_107 0.000 679.918 8.000
N_108 -18.409 -507.047 8.000
E_109 -18.409 -605.239 8.000
L_110 0.000 679.918 12.000
V_111 0.000 613.196 8.000
E_112 -7.878 -605.239 4.000
C_113 0.000 322.480 4.000
V_114 0.000 613.196 7.000
G_115 0.000 -27.649 6.000
S_116 -17.098 -90.060 11.000
T_117 -17.098 -90.974 11.000
R_118 -27.076 -1015.709 11.000
G_119 0.000 -27.649 8.000
V_120 0.000 613.196 5.000
L_121 0.000 679.918 4.000
I_122 0.000 777.529 4.000
E_123 -7.878 -605.239 4.000
P_124 0.000 -195.996 6.000
V_125 0.000 613.196 6.000
Y_126 -8.431 -274.939 6.000
P_127 0.000 -195.996 6.000
D_128 -14.591 -475.402 6.000
I_129 0.000 777.529 9.000
I_130 0.000 777.529 9.000
R_131 -11.867 -1015.709 5.000
M_132 0.000 401.769 8.000
I_133 0.000 777.529 8.000
S_134 -13.255 -90.060 7.000
V_135 0.000 613.196 7.000
N_136 -16.691 -507.047 7.000
I_137 0.000 777.529 9.000
F_138 0.000 560.542 12.000
R_139 -21.845 -1015.709 8.000
T_140 -14.420 -90.974 8.000
L_141 0.000 679.918 8.000
P_142 0.000 -195.996 6.000
P_143 0.000 -195.996 7.000
S_144 -17.098 -90.060 11.000
E_145 -22.253 -605.239 11.000
N_146 -25.772 -507.047 15.000
P_147 0.000 -195.996 12.000
E_148 -23.258 -605.239 12.000
F_149 0.000 560.542 8.000
D_150 -23.258 -475.402 12.000
P_151 0.000 -195.996 12.000
E_152 -26.485 -605.239 16.000
E_153 -26.485 -605.239 16.000
D_154 -26.485 -475.402 16.000
E_155 -26.485 -605.239 16.000
P_156 0.000 -195.996 12.000
N_157 -23.258 -507.047 12.000
L_158 0.000 679.918 8.000
E_159 -22.253 -605.239 11.000
P_160 0.000 -195.996 8.000
S_161 -14.420 -90.060 8.000
W_162 -4.441 -203.500 6.000
P_163 0.000 -195.996 6.000
H_164 -9.265 -583.484 7.000
L_165 0.000 679.918 6.000
Q_166 -14.591 -643.904 6.000
L_167 0.000 679.918 6.000
V_168 0.000 613.196 10.000
Y_169 -8.431 -274.939 6.000
E_170 -14.591 -605.239 6.000
F_171 0.000 560.542 6.000
F_172 0.000 560.542 9.000
L_173 0.000 679.918 5.000
R_174 -11.867 -1015.709 5.000
F_175 0.000 560.542 9.000
L_176 0.000 679.918 12.000
E_177 -16.691 -605.239 7.000
S_178 -17.098 -90.060 11.000
P_179 0.000 -195.996 11.000
D_180 -22.253 -475.402 11.000
F_181 0.000 560.542 8.000
Q_182 -22.253 -643.904 11.000
P_183 0.000 -195.996 7.000
S_184 -13.255 -90.060 7.000
V_185 0.000 613.196 6.000
A_186 0.000 185.740 11.000
K_187 -16.309 -818.649 10.000
R_188 -25.574 -1015.709 10.000
Y_189 -12.900 -274.939 14.000
V_190 0.000 613.196 15.000
D_191 -24.169 -475.402 13.000
Q_192 -22.253 -643.904 11.000
K_193 -17.098 -818.649 11.000
F_194 0.000 560.542 7.000
V_195 0.000 613.196 3.000
L_196 0.000 679.918 0.000
M_197 0.000 401.769 0.000
L_198 0.000 679.918 4.000
L_199 0.000 679.918 4.000
E_200 -7.878 -605.239 4.000
L_201 0.000 679.918 8.000
F_202 0.000 560.542 11.000
D_203 -22.253 -475.402 11.000
S_204 -19.613 -90.060 15.000
E_205 -25.772 -605.239 15.000
D_206 -26.485 -475.402 16.000
P_207 0.000 -195.996 17.000
R_208 -34.315 -1015.709 18.000
E_209 -27.773 -605.239 18.000
R_210 -35.785 -1015.709 20.000
E_211 -25.772 -605.239 15.000
Y_212 -12.900 -274.939 14.000
L_213 0.000 679.918 12.000
K_214 -14.420 -818.649 8.000
T_215 -11.867 -90.974 6.000
I_216 0.000 777.529 8.000
L_217 0.000 679.918 10.000
H_218 -9.265 -583.484 7.000
R_219 -23.856 -1015.709 9.000
V_220 0.000 613.196 9.000
Y_221 -11.154 -274.939 10.000
G_222 0.000 -27.649 5.000
K_223 -10.149 -818.649 5.000
F_224 0.000 560.542 3.000
L_225 0.000 679.918 3.000
G_226 0.000 -27.649 5.000
L_227 0.000 679.918 5.000
R_228 -19.414 -1015.709 7.000
A_229 0.000 185.740 7.000
Y_230 -12.104 -274.939 12.000
I_231 0.000 777.529 10.000
R_232 -30.711 -1015.709 14.000
K_233 -17.811 -818.649 12.000
Q_234 -26.485 -643.904 16.000
C_235 0.000 322.480 13.000
N_236 -21.132 -507.047 10.000
H_237 -8.431 -583.484 6.000
I_238 0.000 777.529 6.000
F_239 0.000 560.542 7.000
L_240 0.000 679.918 5.000
R_241 -11.867 -1015.709 5.000
F_242 0.000 560.542 7.000
I_243 0.000 777.529 11.000
Y_244 -8.431 -274.939 6.000
E_245 -21.132 -605.239 10.000
F_246 0.000 560.542 12.000
E_247 -21.132 -605.239 10.000
H_248 -11.154 -583.484 10.000
F_249 0.000 560.542 10.000
N_250 -14.591 -507.047 6.000
G_251 0.000 -27.649 4.000
V_252 0.000 613.196 8.000
A_253 0.000 185.740 4.000
E_254 -7.878 -605.239 4.000
L_255 0.000 679.918 8.000
L_256 0.000 679.918 8.000
E_257 -7.878 -605.239 4.000
I_258 0.000 777.529 4.000
L_259 0.000 679.918 7.000
G_260 0.000 -27.649 3.000
S_261 -4.441 -90.060 3.000
I_262 0.000 777.529 7.000
I_263 0.000 777.529 7.000
N_264 -7.878 -507.047 4.000
G_265 0.000 -27.649 4.000
F_266 0.000 560.542 4.000
A_267 0.000 185.740 0.000
L_268 0.000 679.918 0.000
P_269 0.000 -195.996 3.000
L_270 0.000 679.918 6.000
K_271 -16.309 -818.649 10.000
T_272 -17.811 -90.974 12.000
E_273 -25.772 -605.239 15.000
H_274 -13.586 -583.484 16.000
K_275 -18.462 -818.649 13.000
Q_276 -19.866 -643.904 9.000
F_277 0.000 560.542 7.000
L_278 0.000 679.918 9.000
V_279 0.000 613.196 5.000
R_280 -11.867 -1015.709 5.000
V_281 0.000 613.196 5.000
L_282 0.000 679.918 5.000
I_283 0.000 777.529 0.000
P_284 0.000 -195.996 2.000
L_285 0.000 679.918 5.000
H_286 -7.426 -583.484 5.000
S_287 -14.420 -90.060 8.000
V_288 0.000 613.196 11.000
K_289 -15.425 -818.649 9.000
S_290 -15.425 -90.060 9.000
L_291 0.000 679.918 9.000
S_292 -11.867 -90.060 6.000
V_293 0.000 613.196 5.000
F_294 0.000 560.542 5.000
H_295 -8.431 -583.484 6.000
A_296 0.000 185.740 6.000
Q_297 -14.591 -643.904 6.000
L_298 0.000 679.918 6.000
A_299 0.000 185.740 6.000
Y_300 -1.718 -274.939 2.000
C_301 0.000 322.480 2.000
V_302 0.000 613.196 6.000
V_303 0.000 613.196 4.000
Q_304 -7.878 -643.904 4.000
F_305 0.000 560.542 8.000
L_306 0.000 679.918 11.000
E_307 -22.253 -605.239 11.000
K_308 -17.098 -818.649 11.000
D_309 -25.003 -475.402 14.000
A_310 0.000 185.740 10.000
T_311 -16.309 -90.974 10.000
L_312 0.000 679.918 10.000
T_313 -17.811 -90.974 12.000
E_314 -19.866 -605.239 9.000
H_315 -10.601 -583.484 9.000
V_316 0.000 613.196 11.000
I_317 0.000 777.529 7.000
R_318 -11.867 -1015.709 5.000
G_319 0.000 -27.649 5.000
L_320 0.000 679.918 8.000
L_321 0.000 679.918 5.000
K_322 -11.867 -818.649 6.000
Y_323 -8.431 -274.939 6.000
W_324 -5.447 -203.500 9.000
P_325 0.000 -195.996 9.000
K_326 -13.255 -818.649 7.000
T_327 -15.425 -90.974 9.000
C_328 0.000 322.480 13.000
T_329 -18.462 -90.974 13.000
Q_330 -25.003 -643.904 14.000
K_331 -19.059 -818.649 14.000
E_332 -22.253 -605.239 11.000
V_333 0.000 613.196 7.000
M_334 0.000 401.769 4.000
F_335 0.000 560.542 0.000
L_336 0.000 679.918 4.000
G_337 0.000 -27.649 4.000
E_338 -18.409 -605.239 8.000
M_339 0.000 401.769 12.000
E_340 -23.258 -605.239 12.000
E_341 -18.409 -605.239 8.000
I_342 0.000 777.529 12.000
L_343 0.000 679.918 8.000
D_344 -7.878 -475.402 4.000
V_345 0.000 613.196 8.000
I_346 0.000 777.529 8.000
E_347 -16.691 -605.239 7.000
P_348 0.000 -195.996 11.000
S_349 -17.098 -90.060 11.000
Q_350 -16.691 -643.904 7.000
F_351 0.000 560.542 10.000
V_352 0.000 613.196 7.000
K_353 -13.255 -818.649 7.000
I_354 0.000 777.529 11.000
Q_355 -22.253 -643.904 11.000
E_356 -18.409 -605.239 8.000
P_357 0.000 -195.996 8.000
L_358 0.000 679.918 7.000
F_359 0.000 560.542 7.000
K_360 -13.255 -818.649 7.000
Q_361 -16.691 -643.904 7.000
V_362 0.000 613.196 12.000
A_363 0.000 185.740 9.000
R_364 -11.867 -1015.709 5.000
C_365 0.000 322.480 8.000
V_366 0.000 613.196 11.000
S_367 -11.867 -90.060 6.000
S_368 -14.420 -90.060 8.000
P_369 0.000 -195.996 8.000
H_370 -10.601 -583.484 9.000
F_371 0.000 560.542 6.000
Q_372 -14.591 -643.904 6.000
V_373 0.000 613.196 8.000
A_374 0.000 185.740 13.000
E_375 -19.866 -605.239 9.000
R_376 -23.856 -1015.709 9.000
A_377 0.000 185.740 11.000
L_378 0.000 679.918 7.000
Y_379 -4.441 -274.939 3.000
F_380 0.000 560.542 7.000
W_381 -5.944 -203.500 11.000
N_382 -24.169 -507.047 13.000
N_383 -25.772 -507.047 15.000
E_384 -25.003 -605.239 14.000
Y_385 -11.154 -274.939 10.000
I_386 0.000 777.529 9.000
L_387 0.000 679.918 5.000
S_388 -4.441 -90.060 3.000
L_389 0.000 679.918 7.000
I_390 0.000 777.529 11.000
E_391 -23.258 -605.239 12.000
D_392 -23.258 -475.402 12.000
N_393 -25.003 -507.047 14.000
C_394 0.000 322.480 13.000
H_395 -10.601 -583.484 9.000
T_396 -10.149 -90.974 5.000
V_397 0.000 613.196 5.000
L_398 0.000 679.918 3.000
P_399 0.000 -195.996 0.000
A_400 0.000 185.740 0.000
V_401 0.000 613.196 0.000
F_402 0.000 560.542 3.000
G_403 0.000 -27.649 3.000
T_404 -10.149 -90.974 5.000
L_405 0.000 679.918 9.000
Y_406 -10.601 -274.939 9.000
Q_407 -19.866 -643.904 9.000
V_408 0.000 613.196 12.000
S_409 -19.059 -90.060 14.000
K_410 -17.811 -818.649 12.000
E_411 -24.169 -605.239 13.000
H_412 -12.900 -583.484 14.000
W_413 -6.713 -203.500 15.000
N_414 -25.003 -507.047 14.000
Q_415 -23.258 -643.904 12.000
T_416 -17.098 -90.974 11.000
I_417 0.000 777.529 10.000
V_418 0.000 613.196 6.000
S_419 -4.441 -90.060 3.000
L_420 0.000 679.918 5.000
I_421 0.000 777.529 9.000
Y_422 -8.431 -274.939 6.000
N_423 -14.591 -507.047 6.000
V_424 0.000 613.196 9.000
L_425 0.000 679.918 10.000
K_426 -11.867 -818.649 6.000
T_427 -11.867 -90.974 6.000
F_428 0.000 560.542 10.000
M_429 0.000 401.769 7.000
E_430 -18.409 -605.239 8.000
M_431 0.000 401.769 8.000
N_432 -22.253 -507.047 11.000
G_433 0.000 -27.649 7.000
K_434 -13.255 -818.649 7.000
L_435 0.000 679.918 7.000
F_436 0.000 560.542 11.000
D_437 -18.409 -475.402 8.000
E_438 -22.253 -605.239 11.000
L_439 0.000 679.918 11.000
T_440 -16.309 -90.974 10.000
A_441 0.000 185.740 8.000
S_442 -17.098 -90.060 11.000
Y_443 -9.978 -274.939 8.000
K_444 -17.811 -818.649 12.000
L_445 0.000 679.918 12.000
E_446 -25.003 -605.239 14.000
K_447 -19.613 -818.649 15.000
Q_448 -28.359 -643.904 19.000
Q_449 -28.359 -643.904 19.000
E_450 -28.912 -605.239 20.000
Q_451 -28.359 -643.904 19.000
Q_452 -25.772 -643.904 15.000
K_453 -19.613 -818.649 15.000
A_454 0.000 185.740 15.000
Q_455 -26.485 -643.904 16.000
E_456 -27.150 -605.239 17.000
R_457 -36.459 -1015.709 21.000
Q_458 -27.150 -643.904 17.000
E_459 -25.003 -605.239 14.000
L_460 0.000 679.918 13.000
W_461 -5.447 -203.500 9.000
Q_462 -11.867 -643.904 5.000
G_463 0.000 -27.649 9.000
L_464 0.000 679.918 12.000
E_465 -18.409 -605.239 8.000
E_466 -24.169 -605.239 13.000
L_467 0.000 679.918 13.000
R_468 -30.711 -1015.709 14.000
L_469 0.000 679.918 15.000
R_470 -31.716 -1015.709 15.000
R_471 -30.711 -1015.709 14.000
L_472 0.000 679.918 14.000
Q_473 -23.258 -643.904 12.000
G_474 0.000 -27.649 11.000
T_475 -17.098 -90.974 11.000
Q_476 -16.691 -643.904 7.000
G_477 0.000 -27.649 10.000
A_478 0.000 185.740 11.000
K_479 -13.255 -818.649 7.000
E_480 -16.691 -605.239 7.000
A_481 0.000 185.740 7.000
P_482 0.000 -195.996 8.000
L_483 0.000 679.918 9.000
Q_484 -19.866 -643.904 9.000
R_485 -28.412 -1015.709 12.000
L_486 0.000 679.918 12.000
T_487 -17.811 -90.974 12.000
P_488 0.000 -195.996 7.000
Q_489 -16.691 -643.904 7.000
V_490 0.000 613.196 4.000
A_491 0.000 185.740 7.000
A_492 0.000 185.740 3.000
S_493 -4.441 -90.060 3.000
G_494 0.000 -27.649 7.000
G_495 0.000 -27.649 10.000
Q_496 -16.691 -643.904 7.000
S_497 -13.255 -90.060 7.000
