M_1 0.000 401.769 8.000
R_2 -28.412 -1015.709 12.000
K_3 -19.613 -818.649 15.000
D_4 -28.359 -475.402 19.000
T_5 -21.060 -90.974 18.000
D_6 -25.772 -475.402 15.000
D_7 -25.772 -475.402 15.000
I_8 0.000 777.529 15.000
E_9 -22.253 -605.239 11.000
S_10 -16.309 -90.060 10.000
P_11 0.000 -195.996 15.000
K_12 -19.059 -818.649 14.000
R_13 -27.076 -1015.709 11.000
S_14 -20.127 -90.060 16.000
I_15 0.000 777.529 17.000
R_16 -31.716 -1015.709 15.000
D_17 -23.258 -475.402 12.000
S_18 -19.059 -90.060 14.000
G_19 0.000 -27.649 9.000
Y_20 -10.601 -274.939 9.000
I_21 0.000 777.529 6.000
D_22 -16.691 -475.402 7.000
C_23 0.000 322.480 9.000
W_24 -6.160 -203.500 12.000
D_25 -23.258 -475.402 12.000
S_26 -20.609 -90.060 17.000
E_27 -28.359 -605.239 19.000
R_28 -35.072 -1015.709 19.000
S_29 -21.486 -90.060 19.000
D_30 -25.772 -475.402 15.000
S_31 -18.462 -90.060 13.000
L_32 0.000 679.918 10.000
S_33 -11.867 -90.060 6.000
P_34 0.000 -195.996 8.000
P_35 0.000 -195.996 10.000
R_36 -19.414 -1015.709 7.000
H_37 -12.104 -583.484 12.000
G_38 0.000 -27.649 16.000
R_39 -31.716 -1015.709 15.000
D_40 -26.485 -475.402 16.000
D_41 -26.485 -475.402 16.000
S_42 -19.613 -90.060 15.000
F_43 0.000 560.542 14.000
D_44 -21.132 -475.402 10.000
S_45 -17.098 -90.060 11.000
L_46 0.000 679.918 14.000
D_47 -21.132 -475.402 10.000
S_48 -13.255 -90.060 7.000
F_49 0.000 560.542 10.000
G_50 0.000 -27.649 11.000
S_51 -17.098 -90.060 11.000
R_52 -32.645 -1015.709 16.000
S_53 -21.889 -90.060 20.000
R_54 -35.785 -1015.709 20.000
Q_55 -25.772 -643.904 15.000
T_56 -19.613 -90.974 15.000
P_57 0.000 -195.996 10.000
S_58 -16.309 -90.060 10.000
P_59 0.000 -195.996 7.000
D_60 -16.691 -475.402 7.000
V_61 0.000 613.196 4.000
V_62 0.000 613.196 9.000
L_63 0.000 679.918 5.000
R_64 -21.845 -1015.709 8.000
G_65 0.000 -27.649 11.000
S_66 -19.613 -90.060 15.000
S_67 -16.309 -90.060 10.000
D_68 -25.772 -475.402 15.000
G_69 0.000 -27.649 12.000
R_70 -28.412 -1015.709 12.000
G_71 0.000 -27.649 12.000
S_72 -19.613 -90.060 15.000
D_73 -25.003 -475.402 14.000
S_74 -20.609 -90.060 17.000
E_75 -27.773 -605.239 18.000
S_76 -19.059 -90.060 14.000
D_77 -22.253 -475.402 11.000
L_78 0.000 679.918 9.000
P_79 0.000 -195.996 11.000
H_80 -11.154 -583.484 10.000
R_81 -25.574 -1015.709 10.000
K_82 -16.309 -818.649 10.000
L_83 0.000 679.918 12.000
P_84 0.000 -195.996 7.000
D_85 -16.691 -475.402 7.000
V_86 0.000 613.196 10.000
K_87 -19.059 -818.649 14.000
K_88 -19.059 -818.649 14.000
D_89 -25.003 -475.402 14.000
D_90 -25.003 -475.402 14.000
M_91 0.000 401.769 11.000
S_92 -17.811 -90.060 12.000
A_93 0.000 185.740 13.000
R_94 -32.645 -1015.709 16.000
R_95 -32.645 -1015.709 16.000
T_96 -21.060 -90.974 18.000
S_97 -18.462 -90.060 13.000
H_98 -12.104 -583.484 12.000
G_99 0.000 -27.649 9.000
E_100 -19.866 -605.239 9.000
P_101 0.000 -195.996 10.000
K_102 -16.309 -818.649 10.000
S_103 -11.867 -90.060 6.000
A_104 0.000 185.740 6.000
V_105 0.000 613.196 3.000
P_106 0.000 -195.996 4.000
F_107 0.000 560.542 8.000
N_108 -21.132 -507.047 10.000
Q_109 -21.132 -643.904 10.000
Y_110 -11.154 -274.939 10.000
L_111 0.000 679.918 10.000
P_112 0.000 -195.996 9.000
N_113 -21.132 -507.047 10.000
K_114 -19.059 -818.649 14.000
S_115 -21.060 -90.060 18.000
N_116 -27.150 -507.047 17.000
Q_117 -25.003 -643.904 14.000
T_118 -18.462 -90.974 13.000
A_119 0.000 185.740 9.000
Y_120 -7.426 -274.939 5.000
V_121 0.000 613.196 2.000
P_122 0.000 -195.996 2.000
A_123 0.000 185.740 0.000
P_124 0.000 -195.996 5.000
L_125 0.000 679.918 8.000
R_126 -27.076 -1015.709 11.000
K_127 -19.059 -818.649 14.000
K_128 -19.059 -818.649 14.000
K_129 -18.462 -818.649 13.000
A_130 0.000 185.740 15.000
E_131 -26.485 -605.239 16.000
R_132 -33.508 -1015.709 17.000
E_133 -28.359 -605.239 19.000
E_134 -28.912 -605.239 20.000
Y_135 -14.188 -274.939 18.000
R_136 -33.508 -1015.709 17.000
K_137 -19.059 -818.649 14.000
S_138 -19.613 -90.060 15.000
W_139 -6.358 -203.500 13.000
S_140 -16.309 -90.060 10.000
T_141 -16.309 -90.974 10.000
A_142 0.000 185.740 12.000
T_143 -15.425 -90.974 9.000
S_144 -11.867 -90.060 6.000
P_145 0.000 -195.996 6.000
L_146 0.000 679.918 3.000
G_147 0.000 -27.649 4.000
G_148 0.000 -27.649 9.000
E_149 -19.866 -605.239 9.000
R_150 -23.856 -1015.709 9.000
P_151 0.000 -195.996 12.000
F_152 0.000 560.542 8.000
S_153 -4.441 -90.060 3.000
F_154 0.000 560.542 7.000
P_155 0.000 -195.996 10.000
E_156 -16.691 -605.239 7.000
T_157 -17.098 -90.974 11.000
I_158 0.000 777.529 15.000
E_159 -25.772 -605.239 15.000
E_160 -23.258 -605.239 12.000
E_161 -25.772 -605.239 15.000
G_162 0.000 -27.649 15.000
S_163 -17.098 -90.060 11.000
E_164 -16.691 -605.239 7.000
V_165 0.000 613.196 10.000
G_166 0.000 -27.649 7.000
S_167 -4.441 -90.060 3.000
A_168 0.000 185.740 7.000
G_169 0.000 -27.649 11.000
E_170 -23.258 -605.239 12.000
D_171 -23.258 -475.402 12.000
N_172 -23.258 -507.047 12.000
P_173 0.000 -195.996 8.000
A_174 0.000 185.740 8.000
G_175 0.000 -27.649 4.000
Q_176 -18.409 -643.904 8.000
M_177 0.000 401.769 8.000
N_178 -18.409 -507.047 8.000
P_179 0.000 -195.996 5.000
G_180 0.000 -27.649 8.000
W_181 -3.436 -203.500 4.000
K_182 -13.255 -818.649 7.000
P_183 0.000 -195.996 11.000
S_184 -16.309 -90.060 10.000
D_185 -16.691 -475.402 7.000
G_186 0.000 -27.649 7.000
G_187 0.000 -27.649 8.000
C_188 0.000 322.480 4.000
E_189 -7.878 -605.239 4.000
L_190 0.000 679.918 8.000
P_191 0.000 -195.996 8.000
D_192 -16.691 -475.402 7.000
G_193 0.000 -27.649 7.000
S_194 -16.309 -90.060 10.000
G_195 0.000 -27.649 10.000
K_196 -17.811 -818.649 12.000
E_197 -19.866 -605.239 9.000
H_198 -12.104 -583.484 12.000
P_199 0.000 -195.996 12.000
S_200 -17.811 -90.060 12.000
S_201 -16.309 -90.060 10.000
D_202 -21.132 -475.402 10.000
G_203 0.000 -27.649 7.000
A_204 0.000 185.740 4.000
V_205 0.000 613.196 0.000
V_206 0.000 613.196 0.000
A_207 0.000 185.740 0.000
P_208 0.000 -195.996 0.000
A_209 0.000 185.740 3.000
P_210 0.000 -195.996 6.000
K_211 -16.309 -818.649 10.000
S_212 -19.059 -90.060 14.000
E_213 -27.150 -605.239 17.000
E_214 -27.773 -605.239 18.000
K_215 -19.613 -818.649 15.000
D_216 -22.253 -475.402 11.000
A_217 0.000 185.740 11.000
A_218 0.000 185.740 8.000
E_219 -18.409 -605.239 8.000
I_220 0.000 777.529 11.000
Q_221 -26.485 -643.904 16.000
K_222 -19.613 -818.649 15.000
R_223 -35.785 -1015.709 20.000
K_224 -20.127 -818.649 16.000
R_225 -33.508 -1015.709 17.000
L_226 0.000 679.918 16.000
E_227 -24.169 -605.239 13.000
Q_228 -18.409 -643.904 8.000
A_229 0.000 185.740 8.000
G_230 0.000 -27.649 7.000
I_231 0.000 777.529 3.000
K_232 -4.441 -818.649 3.000
V_233 0.000 613.196 3.000
M_234 0.000 401.769 3.000
P_235 0.000 -195.996 0.000
A_236 0.000 185.740 4.000
A_237 0.000 185.740 9.000
Q_238 -19.866 -643.904 9.000
R_239 -23.856 -1015.709 9.000
F_240 0.000 560.542 12.000
A_241 0.000 185.740 12.000
S_242 -16.309 -90.060 10.000
Q_243 -25.003 -643.904 14.000
K_244 -19.059 -818.649 14.000
Q_245 -25.003 -643.904 14.000
L_246 0.000 679.918 14.000
S_247 -19.613 -90.060 15.000
E_248 -25.003 -605.239 14.000
E_249 -27.773 -605.239 18.000
K_250 -19.613 -818.649 15.000
E_251 -22.253 -605.239 11.000
A_252 0.000 185.740 12.000
I_253 0.000 777.529 13.000
R_254 -23.856 -1015.709 9.000
D_255 -19.866 -475.402 9.000
I_256 0.000 777.529 9.000
V_257 0.000 613.196 9.000
L_258 0.000 679.918 8.000
R_259 -28.412 -1015.709 12.000
K_260 -20.127 -818.649 16.000
E_261 -28.359 -605.239 19.000
N_262 -25.003 -507.047 14.000
S_263 -17.098 -90.060 11.000
F_264 0.000 560.542 10.000
L_265 0.000 679.918 8.000
T_266 -15.425 -90.974 9.000
H_267 -11.652 -583.484 11.000
Q_268 -22.253 -643.904 11.000
H_269 -12.104 -583.484 12.000
G_270 0.000 -27.649 14.000
N_271 -24.169 -507.047 13.000
D_272 -25.772 -475.402 15.000
S_273 -19.613 -90.060 15.000
E_274 -25.772 -605.239 15.000
A_275 0.000 185.740 11.000
E_276 -23.258 -605.239 12.000
G_277 0.000 -27.649 8.000
E_278 -18.409 -605.239 8.000
V_279 0.000 613.196 4.000
V_280 0.000 613.196 9.000
C_281 0.000 322.480 5.000
R_282 -11.867 -1015.709 5.000
L_283 0.000 679.918 9.000
P_284 0.000 -195.996 9.000
D_285 -18.409 -475.402 8.000
L_286 0.000 679.918 11.000
E_287 -25.772 -605.239 15.000
K_288 -19.613 -818.649 15.000
D_289 -25.772 -475.402 15.000
D_290 -22.253 -475.402 11.000
F_291 0.000 560.542 8.000
A_292 0.000 185.740 9.000
A_293 0.000 185.740 10.000
R_294 -25.574 -1015.709 10.000
R_295 -31.716 -1015.709 15.000
A_296 0.000 185.740 15.000
R_297 -30.711 -1015.709 14.000
M_298 0.000 401.769 13.000
N_299 -26.485 -507.047 16.000
Q_300 -25.003 -643.904 14.000
T_301 -19.059 -90.974 14.000
K_302 -16.309 -818.649 10.000
P_303 0.000 -195.996 6.000
M_304 0.000 401.769 3.000
V_305 0.000 613.196 0.000
P_306 0.000 -195.996 4.000
L_307 0.000 679.918 8.000
N_308 -18.409 -507.047 8.000
Q_309 -18.409 -643.904 8.000
L_310 0.000 679.918 10.000
L_311 0.000 679.918 6.000
Y_312 -1.718 -274.939 2.000
G_313 0.000 -27.649 4.000
P_314 0.000 -195.996 4.000
Y_315 -7.426 -274.939 5.000
P_316 0.000 -195.996 8.000
K_317 -14.420 -818.649 8.000
K_318 -11.867 -818.649 6.000
G_319 0.000 -27.649 10.000
A_320 0.000 185.740 10.000
E_321 -21.132 -605.239 10.000
K_322 -19.059 -818.649 14.000
S_323 -19.059 -90.060 14.000
D_324 -24.169 -475.402 13.000
G_325 0.000 -27.649 13.000
S_326 -19.059 -90.060 14.000
K_327 -16.309 -818.649 10.000
Q_328 -24.169 -643.904 13.000
L_329 0.000 679.918 13.000
S_330 -16.309 -90.060 10.000
K_331 -11.867 -818.649 6.000
G_332 0.000 -27.649 9.000
I_333 0.000 777.529 9.000
S_334 -15.425 -90.060 9.000
K_335 -19.059 -818.649 14.000
K_336 -20.609 -818.649 17.000
R_337 -30.711 -1015.709 14.000
S_338 -19.613 -90.060 15.000
L_339 0.000 679.918 14.000
E_340 -23.258 -605.239 12.000
Y_341 -12.900 -274.939 14.000
K_342 -21.060 -818.649 18.000
R_343 -34.315 -1015.709 18.000
N_344 -26.485 -507.047 16.000
Q_345 -25.772 -643.904 15.000
G_346 0.000 -27.649 13.000
H_347 -12.518 -583.484 13.000
T_348 -18.462 -90.974 13.000
E_349 -24.169 -605.239 13.000
E_350 -25.003 -605.239 14.000
V_351 0.000 613.196 11.000
K_352 -13.255 -818.649 7.000
L_353 0.000 679.918 3.000
I_354 0.000 777.529 6.000
V_355 0.000 613.196 3.000
T_356 -13.255 -90.974 7.000
C_357 0.000 322.480 7.000
N_358 -23.258 -507.047 12.000
M_359 0.000 401.769 9.000
R_360 -29.616 -1015.709 13.000
A_361 0.000 185.740 13.000
Q_362 -26.485 -643.904 16.000
E_363 -25.772 -605.239 15.000
S_364 -19.613 -90.060 15.000
E_365 -22.253 -605.239 11.000
P_366 0.000 -195.996 11.000
V_367 0.000 613.196 8.000
E_368 -7.878 -605.239 4.000
G_369 0.000 -27.649 4.000
G_370 0.000 -27.649 9.000
L_371 0.000 679.918 8.000
R_372 -21.845 -1015.709 8.000
K_373 -14.420 -818.649 8.000
V_374 0.000 613.196 12.000
P_375 0.000 -195.996 7.000
D_376 -14.591 -475.402 6.000
L_377 0.000 679.918 9.000
H_378 -12.518 -583.484 13.000
K_379 -18.462 -818.649 13.000
D_380 -24.169 -475.402 13.000
D_381 -22.253 -475.402 11.000
L_382 0.000 679.918 12.000
A_383 0.000 185.740 12.000
Q_384 -24.169 -643.904 13.000
Q_385 -24.169 -643.904 13.000
R_386 -33.508 -1015.709 17.000
I_387 0.000 777.529 13.000
Q_388 -23.258 -643.904 12.000
G_389 0.000 -27.649 7.000
S_390 -13.255 -90.060 7.000
L_391 0.000 679.918 3.000
A_392 0.000 185.740 5.000
P_393 0.000 -195.996 7.000
H_394 -11.652 -583.484 11.000
R_395 -27.076 -1015.709 11.000
E_396 -22.253 -605.239 11.000
P_397 0.000 -195.996 12.000
P_398 0.000 -195.996 7.000
S_399 -4.441 -90.060 3.000
F_400 0.000 560.542 6.000
I_401 0.000 777.529 6.000
T_402 -11.867 -90.974 6.000
L_403 0.000 679.918 10.000
S_404 -16.309 -90.060 10.000
N_405 -21.132 -507.047 10.000
I_406 0.000 777.529 14.000
T_407 -17.098 -90.974 11.000
E_408 -22.253 -605.239 11.000
A_409 0.000 185.740 11.000
D_410 -23.258 -475.402 12.000
L_411 0.000 679.918 11.000
E_412 -23.258 -605.239 12.000
T_413 -17.811 -90.974 12.000
W_414 -7.023 -203.500 17.000
E_415 -24.169 -605.239 13.000
R_416 -29.616 -1015.709 13.000
L_417 0.000 679.918 12.000
K_418 -17.098 -818.649 11.000
V_419 0.000 613.196 10.000
S_420 -18.462 -90.060 13.000
E_421 -21.132 -605.239 10.000
K_422 -19.613 -818.649 15.000
A_423 0.000 185.740 16.000
R_424 -28.412 -1015.709 12.000
D_425 -24.169 -475.402 13.000
G_426 0.000 -27.649 13.000
D_427 -23.258 -475.402 12.000
V_428 0.000 613.196 10.000
Q_429 -21.132 -643.904 10.000
H_430 -8.431 -583.484 6.000
I_431 0.000 777.529 6.000
C_432 0.000 322.480 5.000
A_433 0.000 185.740 7.000
S_434 -13.255 -90.060 7.000
E_435 -21.132 -605.239 10.000
P_436 0.000 -195.996 10.000
S_437 -17.098 -90.060 11.000
P_438 0.000 -195.996 7.000
E_439 -21.132 -605.239 10.000
I_440 0.000 777.529 7.000
K_441 -17.098 -818.649 11.000
A_442 0.000 185.740 10.000
E_443 -21.132 -605.239 10.000
T_444 -13.255 -90.974 7.000
A_445 0.000 185.740 12.000
I_446 0.000 777.529 12.000
R_447 -29.616 -1015.709 13.000
D_448 -24.169 -475.402 13.000
D_449 -24.169 -475.402 13.000
F_450 0.000 560.542 12.000
A_451 0.000 185.740 13.000
N_452 -23.258 -507.047 12.000
R_453 -28.412 -1015.709 12.000
K_454 -20.609 -818.649 17.000
A_455 0.000 185.740 13.000
R_456 -27.076 -1015.709 11.000
A_457 0.000 185.740 11.000
S_458 -19.059 -90.060 14.000
K_459 -15.425 -818.649 9.000
K_460 -17.811 -818.649 12.000
A_461 0.000 185.740 12.000
S_462 -15.425 -90.060 9.000
S_463 -17.098 -90.060 11.000
P_464 0.000 -195.996 15.000
R_465 -31.716 -1015.709 15.000
Q_466 -23.258 -643.904 12.000
K_467 -17.811 -818.649 12.000
F_468 0.000 560.542 9.000
V_469 0.000 613.196 5.000
H_470 -1.718 -583.484 2.000
F_471 0.000 560.542 2.000
G_472 0.000 -27.649 2.000
P_473 0.000 -195.996 3.000
V_474 0.000 613.196 7.000
T_475 -13.255 -90.974 7.000
E_476 -22.253 -605.239 11.000
L_477 0.000 679.918 15.000
D_478 -26.485 -475.402 16.000
Q_479 -25.772 -643.904 15.000
Q_480 -26.485 -643.904 16.000
K_481 -19.613 -818.649 15.000
W_482 -6.873 -203.500 16.000
K_483 -17.811 -818.649 12.000
R_484 -28.412 -1015.709 12.000
L_485 0.000 679.918 11.000
S_486 -14.420 -90.060 8.000
I_487 0.000 777.529 6.000
G_488 0.000 -27.649 6.000
K_489 -4.441 -818.649 3.000
A_490 0.000 185.740 3.000
G_491 0.000 -27.649 8.000
P_492 0.000 -195.996 9.000
R_493 -29.616 -1015.709 13.000
E_494 -27.150 -605.239 17.000
D_495 -29.436 -475.402 21.000
E_496 -28.912 -605.239 20.000
E_497 -26.485 -605.239 16.000
E_498 -23.258 -605.239 12.000
V_499 0.000 613.196 8.000
I_500 0.000 777.529 6.000
C_501 0.000 322.480 2.000
H_502 -7.426 -583.484 5.000
G_503 0.000 -27.649 8.000
S_504 -14.420 -90.060 8.000
K_505 -16.309 -818.649 10.000
I_506 0.000 777.529 10.000
Q_507 -22.253 -643.904 11.000
M_508 0.000 401.769 11.000
D_509 -22.253 -475.402 11.000
S_510 -16.309 -90.060 10.000
V_511 0.000 613.196 10.000
S_512 -11.867 -90.060 6.000
P_513 0.000 -195.996 6.000
V_514 0.000 613.196 6.000
S_515 -4.441 -90.060 3.000
A_516 0.000 185.740 6.000
A_517 0.000 185.740 9.000
T_518 -15.425 -90.974 9.000
S_519 -15.425 -90.060 9.000
S_520 -17.811 -90.060 12.000
L_521 0.000 679.918 9.000
K_522 -14.420 -818.649 8.000
G_523 0.000 -27.649 9.000
H_524 -10.601 -583.484 9.000
Q_525 -14.591 -643.904 6.000
I_526 0.000 777.529 10.000
F_527 0.000 560.542 13.000
N_528 -24.169 -507.047 13.000
R_529 -33.508 -1015.709 17.000
Q_530 -29.436 -643.904 21.000
N_531 -27.150 -507.047 17.000
D_532 -27.150 -475.402 17.000
C_533 0.000 322.480 16.000
R_534 -28.412 -1015.709 12.000
T_535 -17.811 -90.974 12.000
M_536 0.000 401.769 12.000
N_537 -16.691 -507.047 7.000
C_538 0.000 322.480 9.000
G_539 0.000 -27.649 9.000
R_540 -23.856 -1015.709 9.000
G_541 0.000 -27.649 11.000
D_542 -22.253 -475.402 11.000
Y_543 -11.652 -274.939 11.000
C_544 0.000 322.480 16.000
R_545 -28.412 -1015.709 12.000
R_546 -29.616 -1015.709 13.000
A_547 0.000 185.740 14.000
S_548 -15.425 -90.060 9.000
W_549 -3.436 -203.500 4.000
L_550 0.000 679.918 4.000
A_551 0.000 185.740 1.000
P_552 0.000 -195.996 0.000
V_553 0.000 613.196 4.000
P_554 0.000 -195.996 7.000
E_555 -22.253 -605.239 11.000
S_556 -19.613 -90.060 15.000
Q_557 -28.359 -643.904 19.000
E_558 -26.485 -605.239 16.000
E_559 -24.169 -605.239 13.000
W_560 -5.447 -203.500 9.000
V_561 0.000 613.196 8.000
C_562 0.000 322.480 4.000
S_563 -4.441 -90.060 3.000
L_564 0.000 679.918 7.000
G_565 0.000 -27.649 7.000
E_566 -7.878 -605.239 4.000
C_567 0.000 322.480 9.000
P_568 0.000 -195.996 9.000
R_569 -21.845 -1015.709 8.000
G_570 0.000 -27.649 12.000
T_571 -20.127 -90.974 16.000
E_572 -22.253 -605.239 11.000
E_573 -25.003 -605.239 14.000
V_574 0.000 613.196 14.000
T_575 -18.462 -90.974 13.000
S_576 -18.462 -90.060 13.000
K_577 -18.462 -818.649 13.000
Q_578 -21.132 -643.904 10.000
L_579 0.000 679.918 11.000
P_580 0.000 -195.996 12.000
Q_581 -18.409 -643.904 8.000
D_582 -22.253 -475.402 11.000
G_583 0.000 -27.649 15.000
K_584 -19.613 -818.649 15.000
E_585 -25.003 -605.239 14.000
E_586 -27.773 -605.239 18.000
T_587 -21.060 -90.974 18.000
E_588 -25.003 -605.239 14.000
S_589 -16.309 -90.060 10.000
A_590 0.000 185.740 12.000
P_591 0.000 -195.996 12.000
R_592 -28.412 -1015.709 12.000
D_593 -26.485 -475.402 16.000
S_594 -22.271 -90.060 21.000
E_595 -26.485 -605.239 16.000
R_596 -31.716 -1015.709 15.000
L_597 0.000 679.918 15.000
S_598 -17.098 -90.060 11.000
K_599 -16.309 -818.649 10.000
A_600 0.000 185.740 15.000
E_601 -25.772 -605.239 15.000
R_602 -32.645 -1015.709 16.000
S_603 -21.889 -90.060 20.000
E_604 -28.359 -605.239 19.000
D_605 -27.150 -475.402 17.000
S_606 -21.060 -90.060 18.000
S_607 -19.059 -90.060 14.000
Q_608 -21.132 -643.904 10.000
P_609 0.000 -195.996 7.000
L_610 0.000 679.918 4.000
V_611 0.000 613.196 0.000
C_612 0.000 322.480 0.000
P_613 0.000 -195.996 0.000
L_614 0.000 679.918 3.000
A_615 0.000 185.740 7.000
S_616 -13.255 -90.060 7.000
E_617 -22.253 -605.239 11.000
C_618 0.000 322.480 11.000
E_619 -22.253 -605.239 11.000
A_620 0.000 185.740 7.000
S_621 -16.309 -90.060 10.000
G_622 0.000 -27.649 10.000
T_623 -19.059 -90.974 14.000
E_624 -25.003 -605.239 14.000
E_625 -25.003 -605.239 14.000
K_626 -19.613 -818.649 15.000
L_627 0.000 679.918 14.000
E_628 -21.132 -605.239 10.000
K_629 -16.309 -818.649 10.000
M_630 0.000 401.769 10.000
T_631 -11.867 -90.974 6.000
A_632 0.000 185.740 3.000
P_633 0.000 -195.996 4.000
A_634 0.000 185.740 4.000
W_635 -3.436 -203.500 4.000
S_636 -13.255 -90.060 7.000
G_637 0.000 -27.649 7.000
S_638 -11.867 -90.060 6.000
G_639 0.000 -27.649 6.000
L_640 0.000 679.918 6.000
K_641 -13.255 -818.649 7.000
G_642 0.000 -27.649 12.000
Q_643 -25.772 -643.904 15.000
R_644 -28.412 -1015.709 12.000
K_645 -20.127 -818.649 16.000
L_646 0.000 679.918 16.000
D_647 -25.003 -475.402 14.000
D_648 -26.485 -475.402 16.000
S_649 -21.486 -90.060 19.000
R_650 -35.072 -1015.709 19.000
K_651 -21.486 -818.649 19.000
D_652 -26.485 -475.402 16.000
D_653 -22.253 -475.402 11.000
M_654 0.000 401.769 8.000
M_655 0.000 401.769 9.000
A_656 0.000 185.740 10.000
R_657 -29.616 -1015.709 13.000
R_658 -29.616 -1015.709 13.000
T_659 -18.462 -90.974 13.000
G_660 0.000 -27.649 11.000
M_661 0.000 401.769 6.000
S_662 -14.420 -90.060 8.000
L_663 0.000 679.918 10.000
R_664 -29.616 -1015.709 13.000
H_665 -11.154 -583.484 10.000
T_666 -18.462 -90.974 13.000
G_667 0.000 -27.649 12.000
S_668 -16.309 -90.060 10.000
N_669 -22.253 -507.047 11.000
P_670 0.000 -195.996 15.000
N_671 -23.258 -507.047 12.000
Q_672 -18.409 -643.904 8.000
F_673 0.000 560.542 8.000
L_674 0.000 679.918 4.000
P_675 0.000 -195.996 0.000
V_676 0.000 613.196 0.000
P_677 0.000 -195.996 0.000
F_678 0.000 560.542 3.000
A_679 0.000 185.740 7.000
K_680 -17.098 -818.649 11.000
Q_681 -25.772 -643.904 15.000
Q_682 -25.772 -643.904 15.000
D_683 -26.485 -475.402 16.000
V_684 0.000 613.196 16.000
E_685 -25.772 -605.239 15.000
E_686 -25.003 -605.239 14.000
S_687 -20.609 -90.060 17.000
S_688 -18.462 -90.060 13.000
K_689 -15.425 -818.649 9.000
G_690 0.000 -27.649 6.000
L_691 0.000 679.918 3.000
P_692 0.000 -195.996 3.000
M_693 0.000 401.769 7.000
K_694 -17.098 -818.649 11.000
D_695 -26.485 -475.402 16.000
Q_696 -27.773 -643.904 18.000
R_697 -31.716 -1015.709 15.000
Y_698 -11.652 -274.939 11.000
G_699 0.000 -27.649 12.000
P_700 0.000 -195.996 10.000
R_701 -21.845 -1015.709 8.000
T_702 -14.420 -90.974 8.000
P_703 0.000 -195.996 11.000
V_704 0.000 613.196 10.000
S_705 -17.098 -90.060 11.000
D_706 -22.253 -475.402 11.000
D_707 -25.772 -475.402 15.000
A_708 0.000 185.740 15.000
E_709 -25.003 -605.239 14.000
S_710 -18.462 -90.060 13.000
T_711 -18.462 -90.974 13.000
S_712 -15.425 -90.060 9.000
M_713 0.000 401.769 10.000
F_714 0.000 560.542 7.000
D_715 -19.866 -475.402 9.000
M_716 0.000 401.769 9.000
R_717 -29.616 -1015.709 13.000
C_718 0.000 322.480 13.000
E_719 -27.150 -605.239 17.000
E_720 -23.258 -605.239 12.000
E_721 -23.258 -605.239 12.000
A_722 0.000 185.740 8.000
A_723 0.000 185.740 8.000
V_724 0.000 613.196 4.000
Q_725 -14.591 -643.904 6.000
P_726 0.000 -195.996 9.000
H_727 -12.900 -583.484 14.000
S_728 -16.309 -90.060 10.000
R_729 -31.716 -1015.709 15.000
A_730 0.000 185.740 17.000
R_731 -34.315 -1015.709 18.000
Q_732 -27.150 -643.904 17.000
E_733 -27.150 -605.239 17.000
Q_734 -26.485 -643.904 16.000
L_735 0.000 679.918 12.000
Q_736 -18.409 -643.904 8.000
L_737 0.000 679.918 8.000
I_738 0.000 777.529 12.000
N_739 -23.258 -507.047 12.000
N_740 -23.258 -507.047 12.000
Q_741 -27.150 -643.904 17.000
L_742 0.000 679.918 17.000
R_743 -33.508 -1015.709 17.000
E_744 -27.150 -605.239 17.000
E_745 -29.436 -605.239 21.000
D_746 -28.359 -475.402 19.000
D_747 -26.485 -475.402 16.000
K_748 -20.127 -818.649 16.000
W_749 -6.873 -203.500 16.000
Q_750 -26.485 -643.904 16.000
D_751 -24.169 -475.402 13.000
D_752 -23.258 -475.402 12.000
L_753 0.000 679.918 13.000
A_754 0.000 185.740 10.000
R_755 -23.856 -1015.709 9.000
W_756 -6.160 -203.500 12.000
K_757 -20.609 -818.649 17.000
S_758 -20.609 -90.060 17.000
R_759 -36.459 -1015.709 21.000
R_760 -36.459 -1015.709 21.000
R_761 -34.315 -1015.709 18.000
S_762 -20.127 -90.060 16.000
V_763 0.000 613.196 15.000
S_764 -19.059 -90.060 14.000
Q_765 -22.253 -643.904 11.000
D_766 -22.253 -475.402 11.000
L_767 0.000 679.918 11.000
I_768 0.000 777.529 10.000
K_769 -16.309 -818.649 10.000
K_770 -19.059 -818.649 14.000
E_771 -27.773 -605.239 18.000
E_772 -28.912 -605.239 20.000
E_773 -28.912 -605.239 20.000
R_774 -35.072 -1015.709 19.000
K_775 -19.613 -818.649 15.000
K_776 -19.613 -818.649 15.000
M_777 0.000 401.769 13.000
E_778 -21.132 -605.239 10.000
K_779 -13.255 -818.649 7.000
L_780 0.000 679.918 7.000
L_781 0.000 679.918 3.000
A_782 0.000 185.740 4.000
G_783 0.000 -27.649 8.000
E_784 -18.409 -605.239 8.000
D_785 -22.253 -475.402 11.000
G_786 0.000 -27.649 14.000
T_787 -19.059 -90.974 14.000
S_788 -19.613 -90.060 15.000
E_789 -28.912 -605.239 20.000
R_790 -35.785 -1015.709 20.000
R_791 -35.785 -1015.709 20.000
K_792 -20.127 -818.649 16.000
S_793 -19.059 -90.060 14.000
I_794 0.000 777.529 12.000
K_795 -17.098 -818.649 11.000
T_796 -18.462 -90.974 13.000
Y_797 -13.896 -274.939 17.000
R_798 -30.711 -1015.709 14.000
E_799 -22.253 -605.239 11.000
I_800 0.000 777.529 13.000
V_801 0.000 613.196 12.000
Q_802 -22.253 -643.904 11.000
E_803 -25.772 -605.239 15.000
K_804 -21.889 -818.649 20.000
E_805 -29.436 -605.239 21.000
R_806 -36.459 -1015.709 21.000
R_807 -37.706 -1015.709 23.000
E_808 -30.407 -605.239 23.000
R_809 -34.315 -1015.709 18.000
E_810 -25.772 -605.239 15.000
L_811 0.000 679.918 15.000
H_812 -11.154 -583.484 10.000
E_813 -18.409 -605.239 8.000
A_814 0.000 185.740 11.000
Y_815 -12.518 -274.939 13.000
K_816 -15.425 -818.649 9.000
N_817 -25.003 -507.047 14.000
A_818 0.000 185.740 15.000
R_819 -32.645 -1015.709 16.000
S_820 -20.127 -90.060 16.000
Q_821 -28.912 -643.904 20.000
E_822 -25.772 -605.239 15.000
E_823 -26.485 -605.239 16.000
A_824 0.000 185.740 12.000
E_825 -18.409 -605.239 8.000
G_826 0.000 -27.649 4.000
I_827 0.000 777.529 8.000
L_828 0.000 679.918 8.000
Q_829 -21.132 -643.904 10.000
Q_830 -21.132 -643.904 10.000
Y_831 -12.900 -274.939 14.000
I_832 0.000 777.529 15.000
E_833 -22.253 -605.239 11.000
R_834 -28.412 -1015.709 12.000
F_835 0.000 560.542 12.000
T_836 -17.098 -90.974 11.000
I_837 0.000 777.529 10.000
S_838 -16.309 -90.060 10.000
E_839 -16.691 -605.239 7.000
A_840 0.000 185.740 7.000
V_841 0.000 613.196 8.000
L_842 0.000 679.918 9.000
E_843 -19.866 -605.239 9.000
R_844 -29.616 -1015.709 13.000
L_845 0.000 679.918 13.000
E_846 -19.866 -605.239 9.000
M_847 0.000 401.769 7.000
P_848 0.000 -195.996 7.000
K_849 -4.441 -818.649 3.000
I_850 0.000 777.529 7.000
L_851 0.000 679.918 12.000
E_852 -23.258 -605.239 12.000
R_853 -30.711 -1015.709 14.000
S_854 -20.609 -90.060 17.000
H_855 -13.586 -583.484 16.000
S_856 -19.613 -90.060 15.000
T_857 -17.811 -90.974 12.000
E_858 -25.003 -605.239 14.000
P_859 0.000 -195.996 11.000
N_860 -22.253 -507.047 11.000
L_861 0.000 679.918 10.000
S_862 -16.309 -90.060 10.000
S_863 -11.867 -90.060 6.000
F_864 0.000 560.542 10.000
L_865 0.000 679.918 11.000
N_866 -18.409 -507.047 8.000
D_867 -23.258 -475.402 12.000
P_868 0.000 -195.996 12.000
N_869 -18.409 -507.047 8.000
P_870 0.000 -195.996 7.000
M_871 0.000 401.769 9.000
K_872 -10.149 -818.649 5.000
Y_873 -11.154 -274.939 10.000
L_874 0.000 679.918 14.000
R_875 -31.716 -1015.709 15.000
Q_876 -26.485 -643.904 16.000
Q_877 -26.485 -643.904 16.000
S_878 -17.098 -90.060 11.000
L_879 0.000 679.918 7.000
P_880 0.000 -195.996 3.000
P_881 0.000 -195.996 3.000
P_882 0.000 -195.996 3.000
K_883 -11.867 -818.649 6.000
F_884 0.000 560.542 6.000
T_885 -15.425 -90.974 9.000
A_886 0.000 185.740 6.000
T_887 -16.309 -90.974 10.000
V_888 0.000 613.196 10.000
E_889 -24.169 -605.239 13.000
T_890 -16.309 -90.974 10.000
T_891 -16.309 -90.974 10.000
I_892 0.000 777.529 11.000
A_893 0.000 185.740 8.000
R_894 -21.845 -1015.709 8.000
A_895 0.000 185.740 8.000
S_896 -14.420 -90.060 8.000
V_897 0.000 613.196 7.000
L_898 0.000 679.918 10.000
D_899 -21.132 -475.402 10.000
T_900 -16.309 -90.974 10.000
S_901 -18.462 -90.060 13.000
M_902 0.000 401.769 9.000
S_903 -11.867 -90.060 6.000
A_904 0.000 185.740 6.000
G_905 0.000 -27.649 6.000
S_906 -11.867 -90.060 6.000
G_907 0.000 -27.649 6.000
S_908 -15.425 -90.060 9.000
P_909 0.000 -195.996 9.000
S_910 -17.811 -90.060 12.000
K_911 -15.425 -818.649 9.000
T_912 -17.811 -90.974 12.000
V_913 0.000 613.196 9.000
T_914 -15.425 -90.974 9.000
P_915 0.000 -195.996 6.000
K_916 -11.867 -818.649 6.000
A_917 0.000 185.740 3.000
V_918 0.000 613.196 3.000
P_919 0.000 -195.996 0.000
M_920 0.000 401.769 3.000
L_921 0.000 679.918 3.000
T_922 -11.867 -90.974 6.000
P_923 0.000 -195.996 6.000
K_924 -14.420 -818.649 8.000
P_925 0.000 -195.996 8.000
Y_926 -12.104 -274.939 12.000
S_927 -15.425 -90.060 9.000
Q_928 -23.258 -643.904 12.000
P_929 0.000 -195.996 14.000
K_930 -19.059 -818.649 14.000
N_931 -25.003 -507.047 14.000
S_932 -21.060 -90.060 18.000
Q_933 -25.772 -643.904 15.000
D_934 -22.253 -475.402 11.000
V_935 0.000 613.196 11.000
L_936 0.000 679.918 10.000
K_937 -11.867 -818.649 6.000
T_938 -15.425 -90.974 9.000
F_939 0.000 560.542 9.000
K_940 -16.309 -818.649 10.000
V_941 0.000 613.196 7.000
D_942 -21.132 -475.402 10.000
G_943 0.000 -27.649 7.000
K_944 -16.309 -818.649 10.000
V_945 0.000 613.196 6.000
S_946 -16.309 -90.060 10.000
V_947 0.000 613.196 7.000
N_948 -22.253 -507.047 11.000
G_949 0.000 -27.649 11.000
E_950 -22.253 -605.239 11.000
T_951 -15.425 -90.974 9.000
V_952 0.000 613.196 14.000
H_953 -12.900 -583.484 14.000
R_954 -31.716 -1015.709 15.000
E_955 -28.359 -605.239 19.000
E_956 -28.912 -605.239 20.000
E_957 -28.359 -605.239 19.000
K_958 -21.889 -818.649 20.000
E_959 -28.912 -605.239 20.000
R_960 -32.645 -1015.709 16.000
E_961 -24.169 -605.239 13.000
C_962 0.000 322.480 12.000
P_963 0.000 -195.996 7.000
T_964 -4.441 -90.974 3.000
V_965 0.000 613.196 3.000
A_966 0.000 185.740 3.000
P_967 0.000 -195.996 2.000
A_968 0.000 185.740 5.000
H_969 -7.426 -583.484 5.000
S_970 -14.420 -90.060 8.000
L_971 0.000 679.918 11.000
T_972 -17.811 -90.974 12.000
K_973 -18.462 -818.649 13.000
S_974 -18.462 -90.060 13.000
Q_975 -21.132 -643.904 10.000
M_976 0.000 401.769 11.000
F_977 0.000 560.542 8.000
E_978 -7.878 -605.239 4.000
G_979 0.000 -27.649 4.000
V_980 0.000 613.196 9.000
A_981 0.000 185.740 5.000
R_982 -19.414 -1015.709 7.000
V_983 0.000 613.196 7.000
H_984 -11.154 -583.484 10.000
G_985 0.000 -27.649 5.000
S_986 -10.149 -90.060 5.000
P_987 0.000 -195.996 7.000
L_988 0.000 679.918 7.000
E_989 -16.691 -605.239 7.000
L_990 0.000 679.918 11.000
K_991 -19.613 -818.649 15.000
Q_992 -25.772 -643.904 15.000
D_993 -25.772 -475.402 15.000
N_994 -25.772 -507.047 15.000
G_995 0.000 -27.649 11.000
S_996 -17.098 -90.060 11.000
I_997 0.000 777.529 7.000
E_998 -22.253 -605.239 11.000
I_999 0.000 777.529 8.000
N_1000 -22.253 -507.047 11.000
I_1001 0.000 777.529 10.000
K_1002 -16.309 -818.649 10.000
K_1003 -16.309 -818.649 10.000
P_1004 0.000 -195.996 13.000
N_1005 -21.132 -507.047 10.000
S_1006 -13.255 -90.060 7.000
V_1007 0.000 613.196 11.000
P_1008 0.000 -195.996 11.000
Q_1009 -18.409 -643.904 8.000
E_1010 -18.409 -605.239 8.000
L_1011 0.000 679.918 8.000
A_1012 0.000 185.740 7.000
A_1013 0.000 185.740 6.000
T_1014 -16.309 -90.974 10.000
T_1015 -18.462 -90.974 13.000
E_1016 -26.485 -605.239 16.000
K_1017 -20.609 -818.649 17.000
T_1018 -19.059 -90.974 14.000
E_1019 -25.003 -605.239 14.000
P_1020 0.000 -195.996 14.000
N_1021 -25.772 -507.047 15.000
S_1022 -19.613 -90.060 15.000
Q_1023 -28.359 -643.904 19.000
E_1024 -27.773 -605.239 18.000
D_1025 -28.359 -475.402 19.000
K_1026 -21.486 -818.649 19.000
N_1027 -25.772 -507.047 15.000
D_1028 -22.253 -475.402 11.000
G_1029 0.000 -27.649 11.000
G_1030 0.000 -27.649 10.000
K_1031 -17.098 -818.649 11.000
S_1032 -19.059 -90.060 14.000
R_1033 -30.711 -1015.709 14.000
K_1034 -19.613 -818.649 15.000
G_1035 0.000 -27.649 12.000
N_1036 -22.253 -507.047 11.000
I_1037 0.000 777.529 8.000
E_1038 -18.409 -605.239 8.000
L_1039 0.000 679.918 7.000
A_1040 0.000 185.740 10.000
S_1041 -16.309 -90.060 10.000
S_1042 -16.309 -90.060 10.000
E_1043 -25.003 -605.239 14.000
P_1044 0.000 -195.996 13.000
Q_1045 -21.132 -643.904 10.000
H_1046 -10.601 -583.484 9.000
F_1047 0.000 560.542 12.000
T_1048 -17.098 -90.974 11.000
T_1049 -15.425 -90.974 9.000
T_1050 -17.811 -90.974 12.000
V_1051 0.000 613.196 14.000
T_1052 -17.098 -90.974 11.000
R_1053 -27.076 -1015.709 11.000
C_1054 0.000 322.480 11.000
S_1055 -17.098 -90.060 11.000
P_1056 0.000 -195.996 6.000
T_1057 -11.867 -90.974 6.000
V_1058 0.000 613.196 3.000
A_1059 0.000 185.740 3.000
F_1060 0.000 560.542 4.000
V_1061 0.000 613.196 4.000
E_1062 -7.878 -605.239 4.000
F_1063 0.000 560.542 7.000
P_1064 0.000 -195.996 10.000
S_1065 -11.867 -90.060 6.000
S_1066 -16.309 -90.060 10.000
P_1067 0.000 -195.996 10.000
Q_1068 -21.132 -643.904 10.000
L_1069 0.000 679.918 11.000
K_1070 -19.613 -818.649 15.000
N_1071 -22.253 -507.047 11.000
D_1072 -25.003 -475.402 14.000
V_1073 0.000 613.196 15.000
S_1074 -19.613 -90.060 15.000
E_1075 -25.003 -605.239 14.000
E_1076 -27.773 -605.239 18.000
K_1077 -21.486 -818.649 19.000
D_1078 -27.773 -475.402 18.000
Q_1079 -27.150 -643.904 17.000
K_1080 -19.059 -818.649 14.000
K_1081 -19.059 -818.649 14.000
P_1082 0.000 -195.996 14.000
E_1083 -25.772 -605.239 15.000
N_1084 -23.258 -507.047 12.000
E_1085 -25.772 -605.239 15.000
M_1086 0.000 401.769 11.000
S_1087 -16.309 -90.060 10.000
G_1088 0.000 -27.649 6.000
K_1089 -16.309 -818.649 10.000
V_1090 0.000 613.196 7.000
E_1091 -16.691 -605.239 7.000
L_1092 0.000 679.918 4.000
V_1093 0.000 613.196 7.000
L_1094 0.000 679.918 7.000
S_1095 -16.309 -90.060 10.000
Q_1096 -21.132 -643.904 10.000
K_1097 -16.309 -818.649 10.000
V_1098 0.000 613.196 10.000
V_1099 0.000 613.196 6.000
K_1100 -11.867 -818.649 6.000
P_1101 0.000 -195.996 9.000
K_1102 -15.425 -818.649 9.000
S_1103 -16.309 -90.060 10.000
P_1104 0.000 -195.996 10.000
E_1105 -22.253 -605.239 11.000
P_1106 0.000 -195.996 8.000
E_1107 -22.253 -605.239 11.000
A_1108 0.000 185.740 7.000
T_1109 -16.309 -90.974 10.000
L_1110 0.000 679.918 6.000
T_1111 -11.867 -90.974 6.000
F_1112 0.000 560.542 3.000
P_1113 0.000 -195.996 3.000
F_1114 0.000 560.542 4.000
L_1115 0.000 679.918 7.000
D_1116 -16.691 -475.402 7.000
K_1117 -13.255 -818.649 7.000
M_1118 0.000 401.769 11.000
P_1119 0.000 -195.996 7.000
E_1120 -18.409 -605.239 8.000
A_1121 0.000 185.740 12.000
N_1122 -23.258 -507.047 12.000
Q_1123 -21.132 -643.904 10.000
L_1124 0.000 679.918 10.000
H_1125 -8.431 -583.484 6.000
L_1126 0.000 679.918 6.000
P_1127 0.000 -195.996 6.000
N_1128 -18.409 -507.047 8.000
L_1129 0.000 679.918 11.000
N_1130 -25.772 -507.047 15.000
S_1131 -17.098 -90.060 11.000
Q_1132 -25.772 -643.904 15.000
V_1133 0.000 613.196 14.000
D_1134 -22.253 -475.402 11.000
S_1135 -16.309 -90.060 10.000
P_1136 0.000 -195.996 13.000
S_1137 -18.462 -90.060 13.000
S_1138 -18.462 -90.060 13.000
E_1139 -26.485 -605.239 16.000
K_1140 -18.462 -818.649 13.000
S_1141 -16.309 -90.060 10.000
P_1142 0.000 -195.996 6.000
V_1143 0.000 613.196 6.000
M_1144 0.000 401.769 3.000
T_1145 -4.441 -90.974 3.000
P_1146 0.000 -195.996 6.000
F_1147 0.000 560.542 6.000
K_1148 -7.878 -818.649 4.000
F_1149 0.000 560.542 4.000
W_1150 -3.990 -203.500 5.000
A_1151 0.000 185.740 6.000
W_1152 -4.441 -203.500 6.000
D_1153 -19.866 -475.402 9.000
P_1154 0.000 -195.996 13.000
E_1155 -26.485 -605.239 16.000
E_1156 -27.150 -605.239 17.000
E_1157 -29.934 -605.239 22.000
R_1158 -37.706 -1015.709 23.000
R_1159 -37.706 -1015.709 23.000
R_1160 -37.706 -1015.709 23.000
Q_1161 -29.436 -643.904 21.000
E_1162 -27.150 -605.239 17.000
K_1163 -20.127 -818.649 16.000
W_1164 -6.873 -203.500 16.000
Q_1165 -26.485 -643.904 16.000
Q_1166 -27.150 -643.904 17.000
E_1167 -28.912 -605.239 20.000
Q_1168 -29.436 -643.904 21.000
E_1169 -27.150 -605.239 17.000
R_1170 -29.616 -1015.709 13.000
L_1171 0.000 679.918 13.000
L_1172 0.000 679.918 13.000
Q_1173 -24.169 -643.904 13.000
E_1174 -25.772 -605.239 15.000
R_1175 -35.072 -1015.709 19.000
Y_1176 -14.188 -274.939 18.000
Q_1177 -27.773 -643.904 18.000
K_1178 -20.609 -818.649 17.000
E_1179 -28.359 -605.239 19.000
Q_1180 -27.773 -643.904 18.000
D_1181 -25.772 -475.402 15.000
K_1182 -19.059 -818.649 14.000
L_1183 0.000 679.918 14.000
K_1184 -19.059 -818.649 14.000
E_1185 -23.258 -605.239 12.000
E_1186 -26.485 -605.239 16.000
W_1187 -6.873 -203.500 16.000
E_1188 -23.258 -605.239 12.000
K_1189 -17.811 -818.649 12.000
A_1190 0.000 185.740 14.000
Q_1191 -25.003 -643.904 14.000
K_1192 -17.098 -818.649 11.000
E_1193 -25.772 -605.239 15.000
V_1194 0.000 613.196 15.000
E_1195 -26.485 -605.239 16.000
E_1196 -26.485 -605.239 16.000
E_1197 -29.436 -605.239 21.000
E_1198 -29.934 -605.239 22.000
R_1199 -35.785 -1015.709 20.000
R_1200 -34.315 -1015.709 18.000
Y_1201 -14.188 -274.939 18.000
Y_1202 -13.896 -274.939 17.000
E_1203 -26.485 -605.239 16.000
E_1204 -28.359 -605.239 19.000
E_1205 -28.912 -605.239 20.000
R_1206 -32.645 -1015.709 16.000
K_1207 -17.811 -818.649 12.000
I_1208 0.000 777.529 12.000
I_1209 0.000 777.529 11.000
E_1210 -22.253 -605.239 11.000
D_1211 -22.253 -475.402 11.000
T_1212 -17.098 -90.974 11.000
V_1213 0.000 613.196 7.000
V_1214 0.000 613.196 3.000
P_1215 0.000 -195.996 3.000
F_1216 0.000 560.542 3.000
T_1217 -11.867 -90.974 6.000
V_1218 0.000 613.196 9.000
S_1219 -17.811 -90.060 12.000
S_1220 -17.811 -90.060 12.000
S_1221 -17.811 -90.060 12.000
S_1222 -18.462 -90.060 13.000
A_1223 0.000 185.740 14.000
D_1224 -22.253 -475.402 11.000
Q_1225 -22.253 -643.904 11.000
L_1226 0.000 679.918 14.000
S_1227 -18.462 -90.060 13.000
T_1228 -17.811 -90.974 12.000
S_1229 -19.613 -90.060 15.000
S_1230 -17.811 -90.060 12.000
S_1231 -17.811 -90.060 12.000
M_1232 0.000 401.769 13.000
T_1233 -16.309 -90.974 10.000
E_1234 -21.132 -605.239 10.000
G_1235 0.000 -27.649 10.000
S_1236 -16.309 -90.060 10.000
G_1237 0.000 -27.649 6.000
T_1238 -16.309 -90.974 10.000
M_1239 0.000 401.769 10.000
N_1240 -21.132 -507.047 10.000
K_1241 -17.098 -818.649 11.000
I_1242 0.000 777.529 11.000
D_1243 -16.691 -475.402 7.000
L_1244 0.000 679.918 8.000
G_1245 0.000 -27.649 8.000
N_1246 -18.409 -507.047 8.000
C_1247 0.000 322.480 12.000
Q_1248 -26.485 -643.904 16.000
D_1249 -25.772 -475.402 15.000
E_1250 -28.359 -605.239 19.000
K_1251 -21.486 -818.649 19.000
Q_1252 -28.912 -643.904 20.000
D_1253 -29.436 -475.402 21.000
R_1254 -35.072 -1015.709 19.000
R_1255 -34.315 -1015.709 18.000
W_1256 -7.023 -203.500 17.000
K_1257 -19.613 -818.649 15.000
K_1258 -16.309 -818.649 10.000
S_1259 -18.462 -90.060 13.000
F_1260 0.000 560.542 10.000
Q_1261 -22.253 -643.904 11.000
G_1262 0.000 -27.649 12.000
D_1263 -25.772 -475.402 15.000
D_1264 -25.772 -475.402 15.000
S_1265 -19.613 -90.060 15.000
D_1266 -22.253 -475.402 11.000
L_1267 0.000 679.918 7.000
L_1268 0.000 679.918 7.000
L_1269 0.000 679.918 6.000
K_1270 -17.098 -818.649 11.000
T_1271 -19.613 -90.974 15.000
R_1272 -34.315 -1015.709 18.000
E_1273 -28.359 -605.239 19.000
S_1274 -22.271 -90.060 21.000
D_1275 -26.485 -475.402 16.000
R_1276 -32.645 -1015.709 16.000
L_1277 0.000 679.918 17.000
E_1278 -26.485 -605.239 16.000
E_1279 -22.253 -605.239 11.000
K_1280 -19.059 -818.649 14.000
G_1281 0.000 -27.649 10.000
S_1282 -15.425 -90.060 9.000
L_1283 0.000 679.918 10.000
T_1284 -16.309 -90.974 10.000
E_1285 -16.691 -605.239 7.000
G_1286 0.000 -27.649 7.000
A_1287 0.000 185.740 4.000
L_1288 0.000 679.918 2.000
A_1289 0.000 185.740 5.000
H_1290 -7.426 -583.484 5.000
S_1291 -15.425 -90.060 9.000
G_1292 0.000 -27.649 9.000
N_1293 -16.691 -507.047 7.000
P_1294 0.000 -195.996 7.000
V_1295 0.000 613.196 10.000
S_1296 -11.867 -90.060 6.000
K_1297 -11.867 -818.649 6.000
G_1298 0.000 -27.649 8.000
V_1299 0.000 613.196 9.000
H_1300 -11.154 -583.484 10.000
E_1301 -23.258 -605.239 12.000
D_1302 -26.485 -475.402 16.000
H_1303 -12.900 -583.484 14.000
Q_1304 -25.003 -643.904 14.000
L_1305 0.000 679.918 13.000
D_1306 -25.772 -475.402 15.000
T_1307 -17.098 -90.974 11.000
E_1308 -22.253 -605.239 11.000
A_1309 0.000 185.740 7.000
G_1310 0.000 -27.649 4.000
A_1311 0.000 185.740 2.000
P_1312 0.000 -195.996 2.000
H_1313 -1.718 -583.484 2.000
C_1314 0.000 322.480 5.000
G_1315 0.000 -27.649 9.000
T_1316 -13.255 -90.974 7.000
N_1317 -22.253 -507.047 11.000
P_1318 0.000 -195.996 11.000
Q_1319 -18.409 -643.904 8.000
L_1320 0.000 679.918 8.000
A_1321 0.000 185.740 12.000
Q_1322 -18.409 -643.904 8.000
D_1323 -22.253 -475.402 11.000
P_1324 0.000 -195.996 15.000
S_1325 -19.613 -90.060 15.000
Q_1326 -25.772 -643.904 15.000
N_1327 -28.359 -507.047 19.000
Q_1328 -28.359 -643.904 19.000
Q_1329 -27.773 -643.904 18.000
T_1330 -21.060 -90.974 18.000
S_1331 -19.059 -90.060 14.000
N_1332 -24.169 -507.047 13.000
P_1333 0.000 -195.996 12.000
T_1334 -17.811 -90.974 12.000
H_1335 -11.652 -583.484 11.000
S_1336 -19.613 -90.060 15.000
S_1337 -20.127 -90.060 16.000
E_1338 -25.003 -605.239 14.000
D_1339 -25.003 -475.402 14.000
V_1340 0.000 613.196 11.000
K_1341 -16.309 -818.649 10.000
P_1342 0.000 -195.996 9.000
K_1343 -15.425 -818.649 9.000
T_1344 -11.867 -90.974 6.000
L_1345 0.000 679.918 6.000
P_1346 0.000 -195.996 7.000
L_1347 0.000 679.918 7.000
D_1348 -21.132 -475.402 10.000
K_1349 -16.309 -818.649 10.000
S_1350 -19.059 -90.060 14.000
I_1351 0.000 777.529 12.000
N_1352 -24.169 -507.047 13.000
H_1353 -11.154 -583.484 10.000
Q_1354 -25.003 -643.904 14.000
I_1355 0.000 777.529 13.000
E_1356 -22.253 -605.239 11.000
S_1357 -16.309 -90.060 10.000
P_1358 0.000 -195.996 14.000
S_1359 -19.613 -90.060 15.000
E_1360 -27.150 -605.239 17.000
R_1361 -35.785 -1015.709 20.000
R_1362 -35.785 -1015.709 20.000
K_1363 -21.486 -818.649 19.000
K_1364 -19.059 -818.649 14.000
S_1365 -19.059 -90.060 14.000
P_1366 0.000 -195.996 15.000
R_1367 -30.711 -1015.709 14.000
E_1368 -22.253 -605.239 11.000
H_1369 -13.255 -583.484 15.000
F_1370 0.000 560.542 10.000
Q_1371 -14.591 -643.904 6.000
A_1372 0.000 185.740 4.000
G_1373 0.000 -27.649 4.000
P_1374 0.000 -195.996 3.000
F_1375 0.000 560.542 3.000
S_1376 -4.441 -90.060 3.000
P_1377 0.000 -195.996 6.000
C_1378 0.000 322.480 6.000
S_1379 -11.867 -90.060 6.000
P_1380 0.000 -195.996 6.000
T_1381 -11.867 -90.974 6.000
P_1382 0.000 -195.996 3.000
P_1383 0.000 -195.996 7.000
G_1384 0.000 -27.649 7.000
Q_1385 -16.691 -643.904 7.000
S_1386 -17.098 -90.060 11.000
P_1387 0.000 -195.996 16.000
N_1388 -25.772 -507.047 15.000
R_1389 -28.412 -1015.709 12.000
S_1390 -19.613 -90.060 15.000
I_1391 0.000 777.529 11.000
S_1392 -15.425 -90.060 9.000
G_1393 0.000 -27.649 9.000
K_1394 -15.425 -818.649 9.000
K_1395 -11.867 -818.649 6.000
L_1396 0.000 679.918 9.000
C_1397 0.000 322.480 9.000
S_1398 -11.867 -90.060 6.000
S_1399 -11.867 -90.060 6.000
C_1400 0.000 322.480 6.000
G_1401 0.000 -27.649 3.000
L_1402 0.000 679.918 0.000
P_1403 0.000 -195.996 0.000
L_1404 0.000 679.918 3.000
G_1405 0.000 -27.649 3.000
K_1406 -4.441 -818.649 3.000
G_1407 0.000 -27.649 3.000
A_1408 0.000 185.740 3.000
A_1409 0.000 185.740 0.000
M_1410 0.000 401.769 0.000
I_1411 0.000 777.529 4.000
I_1412 0.000 777.529 7.000
E_1413 -16.691 -605.239 7.000
T_1414 -17.098 -90.974 11.000
L_1415 0.000 679.918 11.000
N_1416 -19.866 -507.047 9.000
L_1417 0.000 679.918 6.000
Y_1418 -9.978 -274.939 8.000
F_1419 0.000 560.542 4.000
H_1420 -9.978 -583.484 8.000
I_1421 0.000 777.529 6.000
Q_1422 -14.591 -643.904 6.000
C_1423 0.000 322.480 9.000
F_1424 0.000 560.542 9.000
R_1425 -11.867 -1015.709 5.000
C_1426 0.000 322.480 5.000
G_1427 0.000 -27.649 5.000
I_1428 0.000 777.529 3.000
C_1429 0.000 322.480 3.000
K_1430 -13.255 -818.649 7.000
G_1431 0.000 -27.649 7.000
Q_1432 -16.691 -643.904 7.000
L_1433 0.000 679.918 8.000
G_1434 0.000 -27.649 8.000
D_1435 -7.878 -475.402 4.000
A_1436 0.000 185.740 7.000
V_1437 0.000 613.196 7.000
S_1438 -11.867 -90.060 6.000
G_1439 0.000 -27.649 10.000
T_1440 -16.309 -90.974 10.000
D_1441 -23.258 -475.402 12.000
V_1442 0.000 613.196 12.000
R_1443 -30.711 -1015.709 14.000
I_1444 0.000 777.529 14.000
R_1445 -30.711 -1015.709 14.000
N_1446 -19.866 -507.047 9.000
G_1447 0.000 -27.649 9.000
L_1448 0.000 679.918 8.000
L_1449 0.000 679.918 4.000
N_1450 -18.409 -507.047 8.000
C_1451 0.000 322.480 12.000
N_1452 -23.258 -507.047 12.000
D_1453 -21.132 -475.402 10.000
C_1454 0.000 322.480 10.000
Y_1455 -11.652 -274.939 11.000
M_1456 0.000 401.769 10.000
R_1457 -31.716 -1015.709 15.000
S_1458 -20.127 -90.060 16.000
R_1459 -32.645 -1015.709 16.000
S_1460 -17.098 -90.060 11.000
A_1461 0.000 185.740 12.000
G_1462 0.000 -27.649 7.000
Q_1463 -16.691 -643.904 7.000
P_1464 0.000 -195.996 10.000
T_1465 -16.309 -90.974 10.000
T_1466 -11.867 -90.974 6.000
L_1467 0.000 679.918 6.000
