M_1 0.000 401.769 0.000
A_2 0.000 185.740 3.000
L_3 0.000 679.918 8.000
S_4 -14.420 -90.060 8.000
R_5 -21.845 -1015.709 8.000
V_6 0.000 613.196 9.000
C_7 0.000 322.480 6.000
W_8 -4.441 -203.500 6.000
A_9 0.000 185.740 9.000
R_10 -23.856 -1015.709 9.000
S_11 -14.420 -90.060 8.000
A_12 0.000 185.740 9.000
V_13 0.000 613.196 4.000
W_14 -3.436 -203.500 4.000
G_15 0.000 -27.649 4.000
S_16 -7.878 -90.060 4.000
A_17 0.000 185.740 6.000
V_18 0.000 613.196 6.000
T_19 -4.441 -90.974 3.000
P_20 0.000 -195.996 5.000
G_21 0.000 -27.649 5.000
H_22 -1.718 -583.484 2.000
F_23 0.000 560.542 5.000
V_24 0.000 613.196 10.000
T_25 -18.462 -90.974 13.000
R_26 -29.616 -1015.709 13.000
R_27 -33.508 -1015.709 17.000
L_28 0.000 679.918 14.000
Q_29 -19.866 -643.904 9.000
L_30 0.000 679.918 9.000
G_31 0.000 -27.649 12.000
R_32 -21.845 -1015.709 8.000
S_33 -14.420 -90.060 8.000
G_34 0.000 -27.649 8.000
L_35 0.000 679.918 4.000
A_36 0.000 185.740 1.000
W_37 -0.000 -203.500 1.000
G_38 0.000 -27.649 1.000
A_39 0.000 185.740 6.000
P_40 0.000 -195.996 8.000
R_41 -27.076 -1015.709 11.000
S_42 -19.059 -90.060 14.000
S_43 -19.059 -90.060 14.000
K_44 -17.098 -818.649 11.000
L_45 0.000 679.918 8.000
H_46 -9.978 -583.484 8.000
L_47 0.000 679.918 5.000
S_48 -14.420 -90.060 8.000
P_49 0.000 -195.996 6.000
K_50 -16.309 -818.649 10.000
A_51 0.000 185.740 7.000
D_52 -21.132 -475.402 10.000
V_53 0.000 613.196 11.000
K_54 -17.098 -818.649 11.000
N_55 -16.691 -507.047 7.000
L_56 0.000 679.918 10.000
M_57 0.000 401.769 9.000
S_58 -10.149 -90.060 5.000
Y_59 -7.426 -274.939 5.000
V_60 0.000 613.196 8.000
V_61 0.000 613.196 8.000
T_62 -15.425 -90.974 9.000
K_63 -17.811 -818.649 12.000
T_64 -17.811 -90.974 12.000
K_65 -15.425 -818.649 9.000
A_66 0.000 185.740 10.000
I_67 0.000 777.529 7.000
N_68 -16.691 -507.047 7.000
G_69 0.000 -27.649 9.000
K_70 -17.098 -818.649 11.000
Y_71 -12.104 -274.939 12.000
H_72 -12.104 -583.484 12.000
R_73 -23.856 -1015.709 9.000
F_74 0.000 560.542 7.000
L_75 0.000 679.918 10.000
G_76 0.000 -27.649 7.000
R_77 -19.414 -1015.709 7.000
H_78 -9.265 -583.484 7.000
F_79 0.000 560.542 12.000
P_80 0.000 -195.996 7.000
R_81 -19.414 -1015.709 7.000
F_82 0.000 560.542 7.000
Y_83 -9.265 -274.939 7.000
V_84 0.000 613.196 4.000
L_85 0.000 679.918 7.000
Y_86 -7.426 -274.939 5.000
T_87 -10.149 -90.974 5.000
I_88 0.000 777.529 5.000
F_89 0.000 560.542 6.000
M_90 0.000 401.769 3.000
K_91 -4.441 -818.649 3.000
G_92 0.000 -27.649 7.000
L_93 0.000 679.918 7.000
Q_94 -7.878 -643.904 4.000
M_95 0.000 401.769 5.000
L_96 0.000 679.918 5.000
W_97 -3.990 -203.500 5.000
A_98 0.000 185.740 5.000
D_99 -18.409 -475.402 8.000
A_100 0.000 185.740 10.000
K_101 -16.309 -818.649 10.000
K_102 -17.098 -818.649 11.000
A_103 0.000 185.740 16.000
R_104 -29.616 -1015.709 13.000
R_105 -29.616 -1015.709 13.000
I_106 0.000 777.529 16.000
K_107 -19.613 -818.649 15.000
T_108 -16.309 -90.974 10.000
N_109 -22.253 -507.047 11.000
M_110 0.000 401.769 11.000
W_111 -5.708 -203.500 10.000
K_112 -16.309 -818.649 10.000
H_113 -11.154 -583.484 10.000
N_114 -23.258 -507.047 12.000
I_115 0.000 777.529 9.000
K_116 -15.425 -818.649 9.000
F_117 0.000 560.542 9.000
H_118 -10.601 -583.484 9.000
Q_119 -14.591 -643.904 6.000
L_120 0.000 679.918 8.000
P_121 0.000 -195.996 11.000
Y_122 -11.652 -274.939 11.000
R_123 -27.076 -1015.709 11.000
E_124 -25.772 -605.239 15.000
M_125 0.000 401.769 15.000
E_126 -21.132 -605.239 10.000
H_127 -11.652 -583.484 11.000
L_128 0.000 679.918 15.000
R_129 -27.076 -1015.709 11.000
Q_130 -25.003 -643.904 14.000
F_131 0.000 560.542 18.000
R_132 -33.508 -1015.709 17.000
Q_133 -24.169 -643.904 13.000
D_134 -26.485 -475.402 16.000
V_135 0.000 613.196 14.000
T_136 -16.309 -90.974 10.000
K_137 -11.867 -818.649 6.000
C_138 0.000 322.480 6.000
L_139 0.000 679.918 3.000
F_140 0.000 560.542 0.000
L_141 0.000 679.918 0.000
G_142 0.000 -27.649 0.000
I_143 0.000 777.529 3.000
I_144 0.000 777.529 3.000
S_145 -4.441 -90.060 3.000
I_146 0.000 777.529 3.000
P_147 0.000 -195.996 3.000
P_148 0.000 -195.996 0.000
F_149 0.000 560.542 4.000
A_150 0.000 185.740 6.000
N_151 -14.591 -507.047 6.000
Y_152 -8.431 -274.939 6.000
L_153 0.000 679.918 6.000
V_154 0.000 613.196 2.000
F_155 0.000 560.542 0.000
L_156 0.000 679.918 0.000
L_157 0.000 679.918 2.000
M_158 0.000 401.769 2.000
Y_159 -1.718 -274.939 2.000
L_160 0.000 679.918 2.000
F_161 0.000 560.542 7.000
P_162 0.000 -195.996 9.000
R_163 -23.856 -1015.709 9.000
Q_164 -19.866 -643.904 9.000
L_165 0.000 679.918 9.000
L_166 0.000 679.918 9.000
I_167 0.000 777.529 7.000
R_168 -19.414 -1015.709 7.000
H_169 -9.978 -583.484 8.000
F_170 0.000 560.542 11.000
W_171 -4.441 -203.500 6.000
T_172 -13.255 -90.974 7.000
P_173 0.000 -195.996 11.000
K_174 -19.059 -818.649 14.000
Q_175 -25.003 -643.904 14.000
Q_176 -27.773 -643.904 18.000
T_177 -19.613 -90.974 15.000
D_178 -22.253 -475.402 11.000
F_179 0.000 560.542 11.000
L_180 0.000 679.918 8.000
D_181 -14.591 -475.402 6.000
I_182 0.000 777.529 8.000
Y_183 -9.978 -274.939 8.000
H_184 -6.160 -583.484 4.000
A_185 0.000 185.740 9.000
F_186 0.000 560.542 10.000
R_187 -28.412 -1015.709 12.000
K_188 -19.613 -818.649 15.000
Q_189 -27.150 -643.904 17.000
S_190 -17.811 -90.060 12.000
H_191 -12.518 -583.484 13.000
P_192 0.000 -195.996 9.000
E_193 -14.591 -605.239 6.000
I_194 0.000 777.529 7.000
I_195 0.000 777.529 9.000
S_196 -10.149 -90.060 5.000
Y_197 -10.601 -274.939 9.000
L_198 0.000 679.918 12.000
E_199 -19.866 -605.239 9.000
K_200 -13.255 -818.649 7.000
V_201 0.000 613.196 7.000
I_202 0.000 777.529 3.000
P_203 0.000 -195.996 0.000
L_204 0.000 679.918 3.000
I_205 0.000 777.529 7.000
S_206 -13.255 -90.060 7.000
D_207 -16.691 -475.402 7.000
A_208 0.000 185.740 7.000
G_209 0.000 -27.649 9.000
L_210 0.000 679.918 6.000
R_211 -27.076 -1015.709 11.000
W_212 -5.944 -203.500 11.000
R_213 -30.711 -1015.709 14.000
L_214 0.000 679.918 13.000
T_215 -17.811 -90.974 12.000
D_216 -16.691 -475.402 7.000
L_217 0.000 679.918 10.000
C_218 0.000 322.480 10.000
T_219 -11.867 -90.974 6.000
K_220 -16.309 -818.649 10.000
I_221 0.000 777.529 15.000
Q_222 -23.258 -643.904 12.000
R_223 -28.412 -1015.709 12.000
G_224 0.000 -27.649 14.000
T_225 -16.309 -90.974 10.000
H_226 -7.426 -583.484 5.000
P_227 0.000 -195.996 5.000
A_228 0.000 185.740 4.000
I_229 0.000 777.529 6.000
H_230 -8.431 -583.484 6.000
D_231 -14.591 -475.402 6.000
I_232 0.000 777.529 6.000
L_233 0.000 679.918 4.000
A_234 0.000 185.740 5.000
L_235 0.000 679.918 9.000
R_236 -23.856 -1015.709 9.000
E_237 -19.866 -605.239 9.000
C_238 0.000 322.480 12.000
F_239 0.000 560.542 11.000
S_240 -15.425 -90.060 9.000
N_241 -19.866 -507.047 9.000
H_242 -10.601 -583.484 9.000
P_243 0.000 -195.996 6.000
L_244 0.000 679.918 2.000
G_245 0.000 -27.649 4.000
M_246 0.000 401.769 8.000
N_247 -18.409 -507.047 8.000
Q_248 -23.258 -643.904 12.000
L_249 0.000 679.918 12.000
Q_250 -18.409 -643.904 8.000
A_251 0.000 185.740 6.000
L_252 0.000 679.918 6.000
H_253 -7.426 -583.484 5.000
V_254 0.000 613.196 5.000
K_255 -10.149 -818.649 5.000
A_256 0.000 185.740 6.000
L_257 0.000 679.918 11.000
S_258 -14.420 -90.060 8.000
R_259 -21.845 -1015.709 8.000
A_260 0.000 185.740 8.000
M_261 0.000 401.769 5.000
L_262 0.000 679.918 3.000
L_263 0.000 679.918 6.000
T_264 -14.420 -90.974 8.000
S_265 -14.420 -90.060 8.000
Y_266 -9.978 -274.939 8.000
L_267 0.000 679.918 5.000
P_268 0.000 -195.996 2.000
P_269 0.000 -195.996 0.000
P_270 0.000 -195.996 0.000
L_271 0.000 679.918 5.000
L_272 0.000 679.918 7.000
R_273 -28.412 -1015.709 12.000
H_274 -12.104 -583.484 12.000
R_275 -31.716 -1015.709 15.000
L_276 0.000 679.918 13.000
K_277 -18.462 -818.649 13.000
T_278 -17.098 -90.974 11.000
H_279 -12.900 -583.484 14.000
T_280 -17.098 -90.974 11.000
T_281 -14.420 -90.974 8.000
V_282 0.000 613.196 8.000
I_283 0.000 777.529 9.000
H_284 -8.431 -583.484 6.000
Q_285 -21.132 -643.904 10.000
L_286 0.000 679.918 13.000
D_287 -22.253 -475.402 11.000
K_288 -13.255 -818.649 7.000
A_289 0.000 185.740 7.000
L_290 0.000 679.918 6.000
A_291 0.000 185.740 3.000
K_292 -4.441 -818.649 3.000
L_293 0.000 679.918 3.000
G_294 0.000 -27.649 3.000
I_295 0.000 777.529 4.000
G_296 0.000 -27.649 4.000
Q_297 -16.691 -643.904 7.000
L_298 0.000 679.918 7.000
T_299 -17.098 -90.974 11.000
A_300 0.000 185.740 11.000
Q_301 -22.253 -643.904 11.000
E_302 -22.253 -605.239 11.000
V_303 0.000 613.196 14.000
K_304 -16.309 -818.649 10.000
S_305 -11.867 -90.060 6.000
A_306 0.000 185.740 8.000
C_307 0.000 322.480 5.000
Y_308 -9.265 -274.939 7.000
L_309 0.000 679.918 7.000
R_310 -19.414 -1015.709 7.000
G_311 0.000 -27.649 9.000
L_312 0.000 679.918 12.000
N_313 -21.132 -507.047 10.000
S_314 -17.811 -90.060 12.000
T_315 -17.811 -90.974 12.000
H_316 -9.978 -583.484 8.000
I_317 0.000 777.529 9.000
G_318 0.000 -27.649 10.000
E_319 -24.169 -605.239 13.000
D_320 -24.169 -475.402 13.000
R_321 -34.315 -1015.709 18.000
C_322 0.000 322.480 17.000
R_323 -30.711 -1015.709 14.000
T_324 -15.425 -90.974 9.000
W_325 -5.447 -203.500 9.000
L_326 0.000 679.918 8.000
G_327 0.000 -27.649 6.000
E_328 -11.867 -605.239 5.000
W_329 -5.447 -203.500 9.000
L_330 0.000 679.918 9.000
Q_331 -18.409 -643.904 8.000
I_332 0.000 777.529 7.000
S_333 -16.309 -90.060 10.000
C_334 0.000 322.480 6.000
S_335 -15.425 -90.060 9.000
L_336 0.000 679.918 10.000
K_337 -16.309 -818.649 10.000
E_338 -22.253 -605.239 11.000
A_339 0.000 185.740 11.000
E_340 -22.253 -605.239 11.000
L_341 0.000 679.918 7.000
S_342 -13.255 -90.060 7.000
L_343 0.000 679.918 3.000
L_344 0.000 679.918 5.000
L_345 0.000 679.918 6.000
H_346 -8.431 -583.484 6.000
N_347 -14.591 -507.047 6.000
V_348 0.000 613.196 6.000
V_349 0.000 613.196 4.000
L_350 0.000 679.918 3.000
L_351 0.000 679.918 6.000
S_352 -16.309 -90.060 10.000
T_353 -17.811 -90.974 12.000
N_354 -23.258 -507.047 12.000
Y_355 -10.601 -274.939 9.000
L_356 0.000 679.918 9.000
G_357 0.000 -27.649 10.000
T_358 -18.462 -90.974 13.000
R_359 -29.616 -1015.709 13.000
R_360 -29.616 -1015.709 13.000
