M_1 0.000 401.769 3.000
S_2 -4.441 -90.060 3.000
G_3 0.000 -27.649 6.000
G_4 0.000 -27.649 6.000
S_5 -13.255 -90.060 7.000
A_6 0.000 185.740 9.000
D_7 -24.169 -475.402 13.000
Y_8 -13.255 -274.939 15.000
N_9 -28.359 -507.047 19.000
R_10 -33.508 -1015.709 17.000
E_11 -25.772 -605.239 15.000
H_12 -11.652 -583.484 11.000
G_13 0.000 -27.649 6.000
G_14 0.000 -27.649 6.000
P_15 0.000 -195.996 4.000
E_16 -7.878 -605.239 4.000
G_17 0.000 -27.649 8.000
M_18 0.000 401.769 8.000
D_19 -18.409 -475.402 8.000
P_20 0.000 -195.996 8.000
D_21 -18.409 -475.402 8.000
G_22 0.000 -27.649 4.000
V_23 0.000 613.196 8.000
I_24 0.000 777.529 7.000
E_25 -22.253 -605.239 11.000
S_26 -17.811 -90.060 12.000
N_27 -26.485 -507.047 16.000
W_28 -6.873 -203.500 16.000
N_29 -24.169 -507.047 13.000
E_30 -19.866 -605.239 9.000
I_31 0.000 777.529 12.000
V_32 0.000 613.196 12.000
D_33 -18.409 -475.402 8.000
N_34 -23.258 -507.047 12.000
F_35 0.000 560.542 16.000
D_36 -23.258 -475.402 12.000
D_37 -23.258 -475.402 12.000
M_38 0.000 401.769 12.000
N_39 -22.253 -507.047 11.000
L_40 0.000 679.918 11.000
K_41 -19.059 -818.649 14.000
E_42 -21.132 -605.239 10.000
S_43 -16.309 -90.060 10.000
L_44 0.000 679.918 12.000
L_45 0.000 679.918 8.000
R_46 -11.867 -1015.709 5.000
G_47 0.000 -27.649 7.000
I_48 0.000 777.529 7.000
Y_49 -6.160 -274.939 4.000
A_50 0.000 185.740 4.000
Y_51 -6.160 -274.939 4.000
G_52 0.000 -27.649 6.000
F_53 0.000 560.542 9.000
E_54 -16.691 -605.239 7.000
K_55 -16.309 -818.649 10.000
P_56 0.000 -195.996 10.000
S_57 -11.867 -90.060 6.000
A_58 0.000 185.740 7.000
I_59 0.000 777.529 11.000
Q_60 -24.169 -643.904 13.000
Q_61 -24.169 -643.904 13.000
R_62 -29.616 -1015.709 13.000
A_63 0.000 185.740 9.000
I_64 0.000 777.529 5.000
I_65 0.000 777.529 0.000
P_66 0.000 -195.996 0.000
C_67 0.000 322.480 3.000
I_68 0.000 777.529 3.000
K_69 -10.149 -818.649 5.000
G_70 0.000 -27.649 9.000
Y_71 -10.601 -274.939 9.000
D_72 -14.591 -475.402 6.000
V_73 0.000 613.196 6.000
I_74 0.000 777.529 8.000
A_75 0.000 185.740 4.000
Q_76 -18.409 -643.904 8.000
A_77 0.000 185.740 11.000
Q_78 -22.253 -643.904 11.000
S_79 -16.309 -90.060 10.000
G_80 0.000 -27.649 10.000
T_81 -15.425 -90.974 9.000
G_82 0.000 -27.649 9.000
K_83 -15.425 -818.649 9.000
T_84 -15.425 -90.974 9.000
A_85 0.000 185.740 9.000
T_86 -11.867 -90.974 6.000
F_87 0.000 560.542 3.000
A_88 0.000 185.740 6.000
I_89 0.000 777.529 3.000
S_90 -4.441 -90.060 3.000
I_91 0.000 777.529 7.000
L_92 0.000 679.918 11.000
Q_93 -18.409 -643.904 8.000
Q_94 -23.258 -643.904 12.000
L_95 0.000 679.918 12.000
E_96 -23.258 -605.239 12.000
I_97 0.000 777.529 8.000
E_98 -22.253 -605.239 11.000
F_99 0.000 560.542 11.000
K_100 -19.059 -818.649 14.000
E_101 -25.003 -605.239 14.000
T_102 -19.059 -90.974 14.000
Q_103 -22.253 -643.904 11.000
A_104 0.000 185.740 7.000
L_105 0.000 679.918 4.000
V_106 0.000 613.196 0.000
L_107 0.000 679.918 0.000
A_108 0.000 185.740 3.000
P_109 0.000 -195.996 8.000
T_110 -17.811 -90.974 12.000
R_111 -28.412 -1015.709 12.000
E_112 -23.258 -605.239 12.000
L_113 0.000 679.918 13.000
A_114 0.000 185.740 12.000
Q_115 -18.409 -643.904 8.000
Q_116 -23.258 -643.904 12.000
I_117 0.000 777.529 15.000
Q_118 -22.253 -643.904 11.000
K_119 -13.255 -818.649 7.000
V_120 0.000 613.196 7.000
I_121 0.000 777.529 3.000
L_122 0.000 679.918 0.000
A_123 0.000 185.740 0.000
L_124 0.000 679.918 4.000
G_125 0.000 -27.649 6.000
D_126 -14.591 -475.402 6.000
Y_127 -8.431 -274.939 6.000
M_128 0.000 401.769 6.000
G_129 0.000 -27.649 5.000
A_130 0.000 185.740 3.000
T_131 -10.149 -90.974 5.000
C_132 0.000 322.480 5.000
H_133 -7.426 -583.484 5.000
A_134 0.000 185.740 2.000
C_135 0.000 322.480 2.000
I_136 0.000 777.529 0.000
G_137 0.000 -27.649 3.000
G_138 0.000 -27.649 7.000
T_139 -13.255 -90.974 7.000
N_140 -23.258 -507.047 12.000
V_141 0.000 613.196 16.000
R_142 -33.508 -1015.709 17.000
N_143 -24.169 -507.047 13.000
E_144 -27.150 -605.239 17.000
M_145 0.000 401.769 15.000
Q_146 -22.253 -643.904 11.000
K_147 -17.098 -818.649 11.000
L_148 0.000 679.918 11.000
Q_149 -22.253 -643.904 11.000
A_150 0.000 185.740 8.000
E_151 -18.409 -605.239 8.000
A_152 0.000 185.740 6.000
P_153 0.000 -195.996 6.000
H_154 -1.718 -583.484 2.000
I_155 0.000 777.529 2.000
V_156 0.000 613.196 2.000
V_157 0.000 613.196 3.000
G_158 0.000 -27.649 3.000
T_159 -4.441 -90.974 3.000
P_160 0.000 -195.996 8.000
G_161 0.000 -27.649 8.000
R_162 -11.867 -1015.709 5.000
V_163 0.000 613.196 9.000
F_164 0.000 560.542 9.000
D_165 -7.878 -475.402 4.000
M_166 0.000 401.769 8.000
L_167 0.000 679.918 13.000
N_168 -25.003 -507.047 14.000
R_169 -32.645 -1015.709 16.000
R_170 -32.645 -1015.709 16.000
Y_171 -13.255 -274.939 15.000
L_172 0.000 679.918 10.000
S_173 -14.420 -90.060 8.000
P_174 0.000 -195.996 7.000
K_175 -13.255 -818.649 7.000
W_176 -4.824 -203.500 7.000
I_177 0.000 777.529 7.000
K_178 -7.878 -818.649 4.000
M_179 0.000 401.769 3.000
F_180 0.000 560.542 3.000
V_181 0.000 613.196 4.000
L_182 0.000 679.918 8.000
D_183 -18.409 -475.402 8.000
E_184 -23.258 -605.239 12.000
A_185 0.000 185.740 16.000
D_186 -23.258 -475.402 12.000
E_187 -18.409 -605.239 8.000
M_188 0.000 401.769 11.000
L_189 0.000 679.918 12.000
S_190 -14.420 -90.060 8.000
R_191 -21.845 -1015.709 8.000
G_192 0.000 -27.649 11.000
F_193 0.000 560.542 12.000
K_194 -17.098 -818.649 11.000
D_195 -22.253 -475.402 11.000
Q_196 -24.169 -643.904 13.000
I_197 0.000 777.529 14.000
Y_198 -11.154 -274.939 10.000
E_199 -14.591 -605.239 6.000
I_200 0.000 777.529 10.000
F_201 0.000 560.542 11.000
Q_202 -16.691 -643.904 7.000
K_203 -17.098 -818.649 11.000
L_204 0.000 679.918 14.000
N_205 -24.169 -507.047 13.000
T_206 -16.309 -90.974 10.000
S_207 -19.059 -90.060 14.000
I_208 0.000 777.529 10.000
Q_209 -16.691 -643.904 7.000
V_210 0.000 613.196 4.000
V_211 0.000 613.196 4.000
L_212 0.000 679.918 3.000
L_213 0.000 679.918 3.000
S_214 -11.867 -90.060 6.000
A_215 0.000 185.740 6.000
T_216 -11.867 -90.974 6.000
M_217 0.000 401.769 6.000
P_218 0.000 -195.996 10.000
T_219 -13.255 -90.974 7.000
D_220 -16.691 -475.402 7.000
V_221 0.000 613.196 11.000
L_222 0.000 679.918 8.000
E_223 -16.691 -605.239 7.000
V_224 0.000 613.196 10.000
T_225 -18.462 -90.974 13.000
K_226 -15.425 -818.649 9.000
K_227 -15.425 -818.649 9.000
F_228 0.000 560.542 11.000
M_229 0.000 401.769 12.000
R_230 -23.856 -1015.709 9.000
D_231 -19.866 -475.402 9.000
P_232 0.000 -195.996 14.000
I_233 0.000 777.529 9.000
R_234 -11.867 -1015.709 5.000
I_235 0.000 777.529 5.000
L_236 0.000 679.918 8.000
V_237 0.000 613.196 6.000
K_238 -16.309 -818.649 10.000
K_239 -19.059 -818.649 14.000
E_240 -25.003 -605.239 14.000
E_241 -25.003 -605.239 14.000
L_242 0.000 679.918 11.000
T_243 -17.098 -90.974 11.000
L_244 0.000 679.918 7.000
E_245 -16.691 -605.239 7.000
G_246 0.000 -27.649 7.000
I_247 0.000 777.529 11.000
K_248 -13.255 -818.649 7.000
Q_249 -19.866 -643.904 9.000
F_250 0.000 560.542 9.000
Y_251 -11.154 -274.939 10.000
I_252 0.000 777.529 6.000
N_253 -21.132 -507.047 10.000
V_254 0.000 613.196 13.000
E_255 -27.150 -605.239 17.000
R_256 -33.508 -1015.709 17.000
E_257 -27.773 -605.239 18.000
E_258 -27.150 -605.239 17.000
W_259 -6.160 -203.500 12.000
K_260 -17.811 -818.649 12.000
L_261 0.000 679.918 11.000
D_262 -21.132 -475.402 10.000
T_263 -13.255 -90.974 7.000
L_264 0.000 679.918 11.000
C_265 0.000 322.480 7.000
D_266 -14.591 -475.402 6.000
L_267 0.000 679.918 10.000
Y_268 -12.518 -274.939 13.000
E_269 -19.866 -605.239 9.000
T_270 -17.811 -90.974 12.000
L_271 0.000 679.918 10.000
T_272 -15.425 -90.974 9.000
I_273 0.000 777.529 10.000
T_274 -16.309 -90.974 10.000
Q_275 -16.691 -643.904 7.000
A_276 0.000 185.740 7.000
V_277 0.000 613.196 4.000
I_278 0.000 777.529 0.000
F_279 0.000 560.542 4.000
L_280 0.000 679.918 7.000
N_281 -23.258 -507.047 12.000
T_282 -20.609 -90.974 17.000
R_283 -35.785 -1015.709 20.000
R_284 -32.645 -1015.709 16.000
K_285 -20.609 -818.649 17.000
V_286 0.000 613.196 13.000
D_287 -18.409 -475.402 8.000
W_288 -5.155 -203.500 8.000
L_289 0.000 679.918 12.000
T_290 -17.098 -90.974 11.000
E_291 -21.132 -605.239 10.000
K_292 -17.811 -818.649 12.000
M_293 0.000 401.769 9.000
H_294 -11.154 -583.484 10.000
A_295 0.000 185.740 11.000
R_296 -27.076 -1015.709 11.000
D_297 -23.258 -475.402 12.000
F_298 0.000 560.542 12.000
T_299 -16.309 -90.974 10.000
V_300 0.000 613.196 6.000
S_301 -11.867 -90.060 6.000
A_302 0.000 185.740 5.000
L_303 0.000 679.918 5.000
H_304 -8.431 -583.484 6.000
G_305 0.000 -27.649 6.000
D_306 -21.132 -475.402 10.000
M_307 0.000 401.769 12.000
D_308 -25.772 -475.402 15.000
Q_309 -25.772 -643.904 15.000
K_310 -21.889 -818.649 20.000
E_311 -28.912 -605.239 20.000
R_312 -32.645 -1015.709 16.000
D_313 -24.169 -475.402 13.000
V_314 0.000 613.196 9.000
I_315 0.000 777.529 9.000
M_316 0.000 401.769 9.000
R_317 -23.856 -1015.709 9.000
E_318 -25.003 -605.239 14.000
F_319 0.000 560.542 17.000
R_320 -28.412 -1015.709 12.000
S_321 -17.098 -90.060 11.000
G_322 0.000 -27.649 14.000
S_323 -19.059 -90.060 14.000
S_324 -17.098 -90.060 11.000
R_325 -27.076 -1015.709 11.000
V_326 0.000 613.196 8.000
L_327 0.000 679.918 8.000
I_328 0.000 777.529 6.000
T_329 -16.309 -90.974 10.000
T_330 -16.309 -90.974 10.000
D_331 -21.132 -475.402 10.000
L_332 0.000 679.918 7.000
L_333 0.000 679.918 9.000
A_334 0.000 185.740 5.000
R_335 -11.867 -1015.709 5.000
G_336 0.000 -27.649 9.000
I_337 0.000 777.529 9.000
D_338 -18.409 -475.402 8.000
V_339 0.000 613.196 12.000
Q_340 -23.258 -643.904 12.000
Q_341 -22.253 -643.904 11.000
V_342 0.000 613.196 11.000
S_343 -13.255 -90.060 7.000
L_344 0.000 679.918 3.000
V_345 0.000 613.196 7.000
I_346 0.000 777.529 6.000
N_347 -21.132 -507.047 10.000
Y_348 -11.154 -274.939 10.000
D_349 -21.132 -475.402 10.000
L_350 0.000 679.918 9.000
P_351 0.000 -195.996 11.000
T_352 -17.811 -90.974 12.000
N_353 -26.485 -507.047 16.000
R_354 -35.785 -1015.709 20.000
E_355 -28.359 -605.239 19.000
N_356 -25.772 -507.047 15.000
Y_357 -12.104 -274.939 12.000
I_358 0.000 777.529 13.000
H_359 -10.601 -583.484 9.000
R_360 -19.414 -1015.709 7.000
I_361 0.000 777.529 12.000
G_362 0.000 -27.649 10.000
R_363 -11.867 -1015.709 5.000
G_364 0.000 -27.649 10.000
G_365 0.000 -27.649 10.000
R_366 -11.867 -1015.709 5.000
F_367 0.000 560.542 10.000
G_368 0.000 -27.649 13.000
R_369 -21.845 -1015.709 8.000
K_370 -14.420 -818.649 8.000
G_371 0.000 -27.649 8.000
V_372 0.000 613.196 3.000
A_373 0.000 185.740 4.000
I_374 0.000 777.529 4.000
N_375 -7.878 -507.047 4.000
F_376 0.000 560.542 7.000
V_377 0.000 613.196 11.000
T_378 -17.098 -90.974 11.000
E_379 -25.772 -605.239 15.000
E_380 -27.773 -605.239 18.000
D_381 -28.912 -475.402 20.000
K_382 -20.127 -818.649 16.000
R_383 -28.412 -1015.709 12.000
I_384 0.000 777.529 13.000
L_385 0.000 679.918 14.000
R_386 -23.856 -1015.709 9.000
D_387 -24.169 -475.402 13.000
I_388 0.000 777.529 16.000
E_389 -22.253 -605.239 11.000
T_390 -15.425 -90.974 9.000
F_391 0.000 560.542 13.000
Y_392 -12.104 -274.939 12.000
N_393 -23.258 -507.047 12.000
T_394 -17.811 -90.974 12.000
T_395 -19.059 -90.974 14.000
V_396 0.000 613.196 14.000
E_397 -22.253 -605.239 11.000
E_398 -18.409 -605.239 8.000
M_399 0.000 401.769 8.000
P_400 0.000 -195.996 8.000
M_401 0.000 401.769 4.000
N_402 -7.878 -507.047 4.000
V_403 0.000 613.196 8.000
A_404 0.000 185.740 8.000
D_405 -7.878 -475.402 4.000
L_406 0.000 679.918 4.000
I_407 0.000 777.529 4.000
