M_1 0.000 401.769 0.000
A_2 0.000 185.740 1.000
G_3 0.000 -27.649 1.000
W_4 -3.990 -203.500 5.000
I_5 0.000 777.529 5.000
Q_6 -19.866 -643.904 9.000
A_7 0.000 185.740 12.000
Q_8 -23.258 -643.904 12.000
Q_9 -23.258 -643.904 12.000
L_10 0.000 679.918 12.000
Q_11 -23.258 -643.904 12.000
G_12 0.000 -27.649 8.000
D_13 -18.409 -475.402 8.000
A_14 0.000 185.740 9.000
L_15 0.000 679.918 13.000
R_16 -23.856 -1015.709 9.000
Q_17 -24.169 -643.904 13.000
M_18 0.000 401.769 13.000
Q_19 -18.409 -643.904 8.000
V_20 0.000 613.196 6.000
L_21 0.000 679.918 6.000
Y_22 -8.431 -274.939 6.000
G_23 0.000 -27.649 8.000
Q_24 -18.409 -643.904 8.000
H_25 -8.431 -583.484 6.000
F_26 0.000 560.542 6.000
P_27 0.000 -195.996 6.000
I_28 0.000 777.529 4.000
E_29 -19.866 -605.239 9.000
V_30 0.000 613.196 11.000
R_31 -29.616 -1015.709 13.000
H_32 -10.601 -583.484 9.000
Y_33 -10.601 -274.939 9.000
L_34 0.000 679.918 8.000
A_35 0.000 185.740 7.000
Q_36 -11.867 -643.904 5.000
W_37 -5.447 -203.500 9.000
I_38 0.000 777.529 12.000
E_39 -23.258 -605.239 12.000
S_40 -17.098 -90.060 11.000
Q_41 -23.258 -643.904 12.000
P_42 0.000 -195.996 12.000
W_43 -5.447 -203.500 9.000
D_44 -11.867 -475.402 5.000
A_45 0.000 185.740 9.000
I_46 0.000 777.529 8.000
D_47 -18.409 -475.402 8.000
L_48 0.000 679.918 12.000
D_49 -23.258 -475.402 12.000
N_50 -23.258 -507.047 12.000
P_51 0.000 -195.996 16.000
Q_52 -27.150 -643.904 17.000
D_53 -24.169 -475.402 13.000
R_54 -33.508 -1015.709 17.000
A_55 0.000 185.740 13.000
Q_56 -23.258 -643.904 12.000
A_57 0.000 185.740 11.000
T_58 -17.098 -90.974 11.000
Q_59 -16.691 -643.904 7.000
L_60 0.000 679.918 11.000
L_61 0.000 679.918 8.000
E_62 -7.878 -605.239 4.000
G_63 0.000 -27.649 4.000
L_64 0.000 679.918 8.000
V_65 0.000 613.196 8.000
Q_66 -18.409 -643.904 8.000
E_67 -23.258 -605.239 12.000
L_68 0.000 679.918 15.000
Q_69 -25.003 -643.904 14.000
K_70 -16.309 -818.649 10.000
K_71 -19.059 -818.649 14.000
A_72 0.000 185.740 12.000
E_73 -24.169 -605.239 13.000
H_74 -11.154 -583.484 10.000
Q_75 -21.132 -643.904 10.000
V_76 0.000 613.196 10.000
G_77 0.000 -27.649 12.000
E_78 -18.409 -605.239 8.000
D_79 -18.409 -475.402 8.000
G_80 0.000 -27.649 8.000
F_81 0.000 560.542 4.000
L_82 0.000 679.918 3.000
L_83 0.000 679.918 3.000
K_84 -11.867 -818.649 6.000
I_85 0.000 777.529 6.000
K_86 -11.867 -818.649 6.000
L_87 0.000 679.918 5.000
G_88 0.000 -27.649 7.000
H_89 -6.160 -583.484 4.000
Y_90 -9.265 -274.939 7.000
A_91 0.000 185.740 11.000
T_92 -15.425 -90.974 9.000
Q_93 -22.253 -643.904 11.000
L_94 0.000 679.918 14.000
Q_95 -25.003 -643.904 14.000
K_96 -17.811 -818.649 12.000
T_97 -20.127 -90.974 16.000
Y_98 -13.896 -274.939 17.000
D_99 -25.003 -475.402 14.000
R_100 -27.076 -1015.709 11.000
C_101 0.000 322.480 9.000
P_102 0.000 -195.996 9.000
L_103 0.000 679.918 4.000
E_104 -7.878 -605.239 4.000
L_105 0.000 679.918 9.000
V_106 0.000 613.196 9.000
R_107 -11.867 -1015.709 5.000
C_108 0.000 322.480 10.000
I_109 0.000 777.529 12.000
R_110 -19.414 -1015.709 7.000
H_111 -9.265 -583.484 7.000
I_112 0.000 777.529 9.000
L_113 0.000 679.918 8.000
Y_114 -11.154 -274.939 10.000
N_115 -25.003 -507.047 14.000
E_116 -28.359 -605.239 19.000
Q_117 -27.150 -643.904 17.000
R_118 -29.616 -1015.709 13.000
L_119 0.000 679.918 14.000
V_120 0.000 613.196 14.000
R_121 -23.856 -1015.709 9.000
E_122 -24.169 -605.239 13.000
A_123 0.000 185.740 17.000
N_124 -23.258 -507.047 12.000
N_125 -22.253 -507.047 11.000
C_126 0.000 322.480 14.000
S_127 -16.309 -90.060 10.000
S_128 -11.867 -90.060 6.000
P_129 0.000 -195.996 6.000
A_130 0.000 185.740 3.000
G_131 0.000 -27.649 0.000
I_132 0.000 777.529 0.000
L_133 0.000 679.918 4.000
V_134 0.000 613.196 4.000
D_135 -7.878 -475.402 4.000
A_136 0.000 185.740 7.000
M_137 0.000 401.769 11.000
S_138 -16.309 -90.060 10.000
Q_139 -23.258 -643.904 12.000
K_140 -17.811 -818.649 12.000
H_141 -12.518 -583.484 13.000
L_142 0.000 679.918 9.000
Q_143 -21.132 -643.904 10.000
I_144 0.000 777.529 12.000
N_145 -25.772 -507.047 15.000
Q_146 -22.253 -643.904 11.000
T_147 -19.613 -90.974 15.000
F_148 0.000 560.542 15.000
E_149 -22.253 -605.239 11.000
E_150 -24.169 -605.239 13.000
L_151 0.000 679.918 13.000
R_152 -23.856 -1015.709 9.000
L_153 0.000 679.918 8.000
V_154 0.000 613.196 12.000
T_155 -17.098 -90.974 11.000
Q_156 -25.003 -643.904 14.000
D_157 -27.773 -475.402 18.000
T_158 -21.486 -90.974 19.000
E_159 -28.359 -605.239 19.000
N_160 -25.772 -507.047 15.000
E_161 -25.772 -605.239 15.000
L_162 0.000 679.918 14.000
K_163 -16.309 -818.649 10.000
K_164 -16.309 -818.649 10.000
L_165 0.000 679.918 14.000
Q_166 -25.003 -643.904 14.000
Q_167 -25.772 -643.904 15.000
T_168 -21.486 -90.974 19.000
Q_169 -27.150 -643.904 17.000
E_170 -24.169 -605.239 13.000
Y_171 -11.154 -274.939 10.000
F_172 0.000 560.542 6.000
I_173 0.000 777.529 6.000
I_174 0.000 777.529 6.000
Q_175 -21.132 -643.904 10.000
Y_176 -12.900 -274.939 14.000
Q_177 -27.150 -643.904 17.000
E_178 -24.169 -605.239 13.000
S_179 -20.127 -90.060 16.000
L_180 0.000 679.918 12.000
R_181 -28.412 -1015.709 12.000
I_182 0.000 777.529 9.000
Q_183 -24.169 -643.904 13.000
A_184 0.000 185.740 8.000
Q_185 -18.409 -643.904 8.000
F_186 0.000 560.542 8.000
A_187 0.000 185.740 8.000
Q_188 -7.878 -643.904 4.000
L_189 0.000 679.918 8.000
A_190 0.000 185.740 8.000
Q_191 -16.691 -643.904 7.000
L_192 0.000 679.918 7.000
S_193 -17.098 -90.060 11.000
P_194 0.000 -195.996 11.000
Q_195 -26.485 -643.904 16.000
E_196 -24.169 -605.239 13.000
R_197 -32.645 -1015.709 16.000
L_198 0.000 679.918 17.000
S_199 -20.609 -90.060 17.000
R_200 -31.716 -1015.709 15.000
E_201 -25.772 -605.239 15.000
T_202 -17.811 -90.974 12.000
A_203 0.000 185.740 11.000
L_204 0.000 679.918 11.000
Q_205 -22.253 -643.904 11.000
Q_206 -25.772 -643.904 15.000
K_207 -19.613 -818.649 15.000
Q_208 -25.003 -643.904 14.000
V_209 0.000 613.196 10.000
S_210 -17.098 -90.060 11.000
L_211 0.000 679.918 7.000
E_212 -18.409 -605.239 8.000
A_213 0.000 185.740 5.000
W_214 -5.447 -203.500 9.000
L_215 0.000 679.918 10.000
Q_216 -25.003 -643.904 14.000
R_217 -29.616 -1015.709 13.000
E_218 -27.150 -605.239 17.000
A_219 0.000 185.740 16.000
Q_220 -22.253 -643.904 11.000
T_221 -17.098 -90.974 11.000
L_222 0.000 679.918 15.000
Q_223 -24.169 -643.904 13.000
Q_224 -25.772 -643.904 15.000
Y_225 -13.255 -274.939 15.000
R_226 -31.716 -1015.709 15.000
V_227 0.000 613.196 11.000
E_228 -19.866 -605.239 9.000
L_229 0.000 679.918 8.000
A_230 0.000 185.740 11.000
E_231 -19.866 -605.239 9.000
K_232 -18.462 -818.649 13.000
H_233 -13.586 -583.484 16.000
Q_234 -25.772 -643.904 15.000
K_235 -17.811 -818.649 12.000
T_236 -19.059 -90.974 14.000
L_237 0.000 679.918 10.000
Q_238 -16.691 -643.904 7.000
L_239 0.000 679.918 9.000
L_240 0.000 679.918 12.000
R_241 -28.412 -1015.709 12.000
K_242 -20.127 -818.649 16.000
Q_243 -28.359 -643.904 19.000
Q_244 -25.003 -643.904 14.000
T_245 -17.098 -90.974 11.000
I_246 0.000 777.529 7.000
I_247 0.000 777.529 7.000
L_248 0.000 679.918 8.000
D_249 -23.258 -475.402 12.000
D_250 -23.258 -475.402 12.000
E_251 -23.258 -605.239 12.000
L_252 0.000 679.918 12.000
I_253 0.000 777.529 9.000
Q_254 -18.409 -643.904 8.000
W_255 -6.358 -203.500 13.000
K_256 -21.060 -818.649 18.000
R_257 -34.315 -1015.709 18.000
R_258 -36.459 -1015.709 21.000
Q_259 -27.773 -643.904 18.000
Q_260 -24.169 -643.904 13.000
L_261 0.000 679.918 8.000
A_262 0.000 185.740 8.000
G_263 0.000 -27.649 4.000
N_264 -7.878 -507.047 4.000
G_265 0.000 -27.649 4.000
G_266 0.000 -27.649 4.000
P_267 0.000 -195.996 4.000
P_268 0.000 -195.996 4.000
E_269 -16.691 -605.239 7.000
G_270 0.000 -27.649 7.000
S_271 -17.098 -90.060 11.000
L_272 0.000 679.918 7.000
D_273 -16.691 -475.402 7.000
V_274 0.000 613.196 8.000
L_275 0.000 679.918 11.000
Q_276 -18.409 -643.904 8.000
S_277 -14.420 -90.060 8.000
W_278 -6.160 -203.500 12.000
C_279 0.000 322.480 11.000
E_280 -18.409 -605.239 8.000
K_281 -13.255 -818.649 7.000
L_282 0.000 679.918 11.000
A_283 0.000 185.740 7.000
E_284 -7.878 -605.239 4.000
I_285 0.000 777.529 5.000
I_286 0.000 777.529 9.000
W_287 -5.447 -203.500 9.000
Q_288 -25.003 -643.904 14.000
N_289 -27.773 -507.047 18.000
R_290 -36.459 -1015.709 21.000
Q_291 -27.150 -643.904 17.000
Q_292 -27.773 -643.904 18.000
I_293 0.000 777.529 18.000
R_294 -30.711 -1015.709 14.000
R_295 -30.711 -1015.709 14.000
A_296 0.000 185.740 16.000
E_297 -22.253 -605.239 11.000
H_298 -8.431 -583.484 6.000
L_299 0.000 679.918 10.000
C_300 0.000 322.480 10.000
Q_301 -18.409 -643.904 8.000
Q_302 -18.409 -643.904 8.000
L_303 0.000 679.918 8.000
P_304 0.000 -195.996 4.000
I_305 0.000 777.529 0.000
P_306 0.000 -195.996 0.000
G_307 0.000 -27.649 0.000
P_308 0.000 -195.996 4.000
V_309 0.000 613.196 8.000
E_310 -18.409 -605.239 8.000
E_311 -18.409 -605.239 8.000
M_312 0.000 401.769 8.000
L_313 0.000 679.918 8.000
A_314 0.000 185.740 4.000
E_315 -18.409 -605.239 8.000
V_316 0.000 613.196 8.000
N_317 -22.253 -507.047 11.000
A_318 0.000 185.740 7.000
T_319 -16.309 -90.974 10.000
I_320 0.000 777.529 10.000
T_321 -16.309 -90.974 10.000
D_322 -16.691 -475.402 7.000
I_323 0.000 777.529 10.000
I_324 0.000 777.529 7.000
S_325 -4.441 -90.060 3.000
A_326 0.000 185.740 3.000
L_327 0.000 679.918 6.000
V_328 0.000 613.196 6.000
T_329 -15.425 -90.974 9.000
S_330 -15.425 -90.060 9.000
T_331 -15.425 -90.974 9.000
F_332 0.000 560.542 6.000
I_333 0.000 777.529 7.000
I_334 0.000 777.529 7.000
E_335 -22.253 -605.239 11.000
K_336 -17.098 -818.649 11.000
Q_337 -22.253 -643.904 11.000
P_338 0.000 -195.996 11.000
P_339 0.000 -195.996 8.000
Q_340 -7.878 -643.904 4.000
V_341 0.000 613.196 7.000
L_342 0.000 679.918 10.000
K_343 -16.309 -818.649 10.000
T_344 -18.462 -90.974 13.000
Q_345 -26.485 -643.904 16.000
T_346 -18.462 -90.974 13.000
K_347 -16.309 -818.649 10.000
F_348 0.000 560.542 6.000
A_349 0.000 185.740 6.000
A_350 0.000 185.740 3.000
T_351 -14.420 -90.974 8.000
V_352 0.000 613.196 8.000
R_353 -21.845 -1015.709 8.000
L_354 0.000 679.918 5.000
L_355 0.000 679.918 5.000
V_356 0.000 613.196 0.000
G_357 0.000 -27.649 3.000
G_358 0.000 -27.649 3.000
K_359 -13.255 -818.649 7.000
L_360 0.000 679.918 7.000
N_361 -19.866 -507.047 9.000
V_362 0.000 613.196 6.000
H_363 -11.154 -583.484 10.000
M_364 0.000 401.769 6.000
N_365 -14.591 -507.047 6.000
P_366 0.000 -195.996 8.000
P_367 0.000 -195.996 8.000
Q_368 -16.691 -643.904 7.000
V_369 0.000 613.196 7.000
K_370 -16.309 -818.649 10.000
A_371 0.000 185.740 6.000
T_372 -11.867 -90.974 6.000
I_373 0.000 777.529 6.000
I_374 0.000 777.529 10.000
S_375 -17.098 -90.060 11.000
E_376 -25.772 -605.239 15.000
Q_377 -25.772 -643.904 15.000
Q_378 -25.772 -643.904 15.000
A_379 0.000 185.740 14.000
K_380 -16.309 -818.649 10.000
S_381 -11.867 -90.060 6.000
L_382 0.000 679.918 9.000
L_383 0.000 679.918 10.000
K_384 -17.098 -818.649 11.000
N_385 -25.772 -507.047 15.000
E_386 -27.773 -605.239 18.000
N_387 -28.912 -507.047 20.000
T_388 -21.889 -90.974 20.000
R_389 -35.785 -1015.709 20.000
N_390 -26.485 -507.047 16.000
E_391 -26.485 -605.239 16.000
C_392 0.000 322.480 11.000
S_393 -17.098 -90.060 11.000
G_394 0.000 -27.649 7.000
E_395 -16.691 -605.239 7.000
I_396 0.000 777.529 8.000
L_397 0.000 679.918 12.000
N_398 -18.409 -507.047 8.000
N_399 -18.409 -507.047 8.000
C_400 0.000 322.480 8.000
C_401 0.000 322.480 4.000
V_402 0.000 613.196 4.000
M_403 0.000 401.769 6.000
E_404 -18.409 -605.239 8.000
Y_405 -12.104 -274.939 12.000
H_406 -12.104 -583.484 12.000
Q_407 -22.253 -643.904 11.000
A_408 0.000 185.740 9.000
T_409 -16.309 -90.974 10.000
G_410 0.000 -27.649 6.000
T_411 -15.425 -90.974 9.000
L_412 0.000 679.918 6.000
S_413 -14.420 -90.060 8.000
A_414 0.000 185.740 5.000
H_415 -11.154 -583.484 10.000
F_416 0.000 560.542 11.000
R_417 -27.076 -1015.709 11.000
N_418 -23.258 -507.047 12.000
M_419 0.000 401.769 12.000
S_420 -16.309 -90.060 10.000
L_421 0.000 679.918 11.000
K_422 -17.098 -818.649 11.000
R_423 -27.076 -1015.709 11.000
I_424 0.000 777.529 16.000
K_425 -18.462 -818.649 13.000
R_426 -28.412 -1015.709 12.000
A_427 0.000 185.740 17.000
D_428 -28.359 -475.402 19.000
R_429 -30.711 -1015.709 14.000
R_430 -30.711 -1015.709 14.000
G_431 0.000 -27.649 14.000
A_432 0.000 185.740 12.000
E_433 -16.691 -605.239 7.000
S_434 -16.309 -90.060 10.000
V_435 0.000 613.196 14.000
T_436 -19.059 -90.974 14.000
E_437 -25.003 -605.239 14.000
E_438 -25.003 -605.239 14.000
K_439 -19.059 -818.649 14.000
F_440 0.000 560.542 10.000
T_441 -11.867 -90.974 6.000
V_442 0.000 613.196 3.000
L_443 0.000 679.918 7.000
F_444 0.000 560.542 7.000
E_445 -22.253 -605.239 11.000
S_446 -17.098 -90.060 11.000
Q_447 -25.003 -643.904 14.000
F_448 0.000 560.542 10.000
S_449 -13.255 -90.060 7.000
V_450 0.000 613.196 6.000
G_451 0.000 -27.649 10.000
S_452 -17.098 -90.060 11.000
N_453 -22.253 -507.047 11.000
E_454 -22.253 -605.239 11.000
L_455 0.000 679.918 8.000
V_456 0.000 613.196 8.000
F_457 0.000 560.542 4.000
Q_458 -16.691 -643.904 7.000
V_459 0.000 613.196 10.000
K_460 -16.309 -818.649 10.000
T_461 -15.425 -90.974 9.000
L_462 0.000 679.918 9.000
S_463 -11.867 -90.060 6.000
L_464 0.000 679.918 3.000
P_465 0.000 -195.996 3.000
V_466 0.000 613.196 0.000
V_467 0.000 613.196 0.000
V_468 0.000 613.196 0.000
I_469 0.000 777.529 2.000
V_470 0.000 613.196 2.000
H_471 -7.426 -583.484 5.000
G_472 0.000 -27.649 9.000
S_473 -18.462 -90.060 13.000
Q_474 -24.169 -643.904 13.000
D_475 -27.150 -475.402 17.000
H_476 -12.900 -583.484 14.000
N_477 -24.169 -507.047 13.000
A_478 0.000 185.740 9.000
T_479 -16.309 -90.974 10.000
A_480 0.000 185.740 6.000
T_481 -11.867 -90.974 6.000
V_482 0.000 613.196 4.000
L_483 0.000 679.918 8.000
W_484 -5.447 -203.500 9.000
D_485 -19.866 -475.402 9.000
N_486 -19.866 -507.047 9.000
A_487 0.000 185.740 8.000
F_488 0.000 560.542 8.000
A_489 0.000 185.740 4.000
E_490 -7.878 -605.239 4.000
P_491 0.000 -195.996 9.000
G_492 0.000 -27.649 9.000
R_493 -11.867 -1015.709 5.000
V_494 0.000 613.196 5.000
P_495 0.000 -195.996 5.000
F_496 0.000 560.542 0.000
A_497 0.000 185.740 0.000
V_498 0.000 613.196 4.000
P_499 0.000 -195.996 7.000
D_500 -16.691 -475.402 7.000
K_501 -13.255 -818.649 7.000
V_502 0.000 613.196 8.000
L_503 0.000 679.918 4.000
W_504 -3.990 -203.500 5.000
P_505 0.000 -195.996 5.000
Q_506 -11.867 -643.904 5.000
L_507 0.000 679.918 8.000
C_508 0.000 322.480 8.000
E_509 -7.878 -605.239 4.000
A_510 0.000 185.740 8.000
L_511 0.000 679.918 8.000
N_512 -16.691 -507.047 7.000
M_513 0.000 401.769 7.000
K_514 -16.309 -818.649 10.000
F_515 0.000 560.542 6.000
K_516 -16.309 -818.649 10.000
A_517 0.000 185.740 7.000
E_518 -22.253 -605.239 11.000
V_519 0.000 613.196 11.000
Q_520 -25.772 -643.904 15.000
S_521 -20.127 -90.060 16.000
N_522 -26.485 -507.047 16.000
R_523 -28.412 -1015.709 12.000
G_524 0.000 -27.649 12.000
L_525 0.000 679.918 11.000
T_526 -16.309 -90.974 10.000
K_527 -19.059 -818.649 14.000
E_528 -25.003 -605.239 14.000
N_529 -22.253 -507.047 11.000
L_530 0.000 679.918 8.000
V_531 0.000 613.196 4.000
F_532 0.000 560.542 0.000
L_533 0.000 679.918 4.000
A_534 0.000 185.740 7.000
Q_535 -16.691 -643.904 7.000
K_536 -13.255 -818.649 7.000
L_537 0.000 679.918 11.000
F_538 0.000 560.542 11.000
N_539 -22.253 -507.047 11.000
N_540 -25.003 -507.047 14.000
S_541 -20.609 -90.060 17.000
S_542 -19.613 -90.060 15.000
S_543 -17.098 -90.060 11.000
H_544 -12.104 -583.484 12.000
L_545 0.000 679.918 13.000
E_546 -23.258 -605.239 12.000
D_547 -24.169 -475.402 13.000
Y_548 -12.518 -274.939 13.000
S_549 -15.425 -90.060 9.000
G_550 0.000 -27.649 8.000
L_551 0.000 679.918 6.000
S_552 -11.867 -90.060 6.000
V_553 0.000 613.196 7.000
S_554 -16.309 -90.060 10.000
W_555 -5.944 -203.500 11.000
S_556 -17.098 -90.060 11.000
Q_557 -23.258 -643.904 12.000
F_558 0.000 560.542 16.000
N_559 -27.150 -507.047 17.000
R_560 -33.508 -1015.709 17.000
E_561 -27.150 -605.239 17.000
N_562 -24.169 -507.047 13.000
L_563 0.000 679.918 8.000
P_564 0.000 -195.996 5.000
G_565 0.000 -27.649 5.000
W_566 -4.824 -203.500 7.000
N_567 -21.132 -507.047 10.000
Y_568 -11.154 -274.939 10.000
T_569 -16.309 -90.974 10.000
F_570 0.000 560.542 10.000
W_571 -5.447 -203.500 9.000
Q_572 -14.591 -643.904 6.000
W_573 -5.708 -203.500 10.000
F_574 0.000 560.542 9.000
D_575 -11.867 -475.402 5.000
G_576 0.000 -27.649 4.000
V_577 0.000 613.196 8.000
M_578 0.000 401.769 4.000
E_579 -7.878 -605.239 4.000
V_580 0.000 613.196 7.000
L_581 0.000 679.918 10.000
K_582 -14.420 -818.649 8.000
K_583 -16.309 -818.649 10.000
H_584 -12.518 -583.484 13.000
H_585 -11.154 -583.484 10.000
K_586 -15.425 -818.649 9.000
P_587 0.000 -195.996 8.000
H_588 -11.154 -583.484 10.000
W_589 -5.944 -203.500 11.000
N_590 -22.253 -507.047 11.000
D_591 -19.866 -475.402 9.000
G_592 0.000 -27.649 8.000
A_593 0.000 185.740 4.000
I_594 0.000 777.529 0.000
L_595 0.000 679.918 0.000
G_596 0.000 -27.649 0.000
F_597 0.000 560.542 4.000
V_598 0.000 613.196 7.000
N_599 -22.253 -507.047 11.000
K_600 -19.613 -818.649 15.000
Q_601 -25.772 -643.904 15.000
Q_602 -24.169 -643.904 13.000
A_603 0.000 185.740 14.000
H_604 -11.154 -583.484 10.000
D_605 -14.591 -475.402 6.000
L_606 0.000 679.918 6.000
L_607 0.000 679.918 8.000
I_608 0.000 777.529 7.000
N_609 -16.691 -507.047 7.000
K_610 -17.098 -818.649 11.000
P_611 0.000 -195.996 11.000
D_612 -21.132 -475.402 10.000
G_613 0.000 -27.649 7.000
T_614 -13.255 -90.974 7.000
F_615 0.000 560.542 3.000
L_616 0.000 679.918 8.000
L_617 0.000 679.918 5.000
R_618 -21.845 -1015.709 8.000
F_619 0.000 560.542 12.000
S_620 -19.613 -90.060 15.000
D_621 -25.003 -475.402 14.000
S_622 -19.059 -90.060 14.000
E_623 -22.253 -605.239 11.000
I_624 0.000 777.529 7.000
G_625 0.000 -27.649 4.000
G_626 0.000 -27.649 3.000
I_627 0.000 777.529 3.000
T_628 -4.441 -90.974 3.000
I_629 0.000 777.529 4.000
A_630 0.000 185.740 7.000
W_631 -3.436 -203.500 4.000
K_632 -14.420 -818.649 8.000
F_633 0.000 560.542 11.000
D_634 -21.132 -475.402 10.000
S_635 -17.098 -90.060 11.000
P_636 0.000 -195.996 16.000
E_637 -26.485 -605.239 16.000
R_638 -29.616 -1015.709 13.000
N_639 -25.003 -507.047 14.000
L_640 0.000 679.918 14.000
W_641 -5.447 -203.500 9.000
N_642 -18.409 -507.047 8.000
L_643 0.000 679.918 8.000
K_644 -13.255 -818.649 7.000
P_645 0.000 -195.996 6.000
F_646 0.000 560.542 9.000
T_647 -17.098 -90.974 11.000
T_648 -19.613 -90.974 15.000
R_649 -31.716 -1015.709 15.000
D_650 -25.772 -475.402 15.000
F_651 0.000 560.542 12.000
S_652 -17.811 -90.060 12.000
I_653 0.000 777.529 11.000
R_654 -27.076 -1015.709 11.000
S_655 -14.420 -90.060 8.000
L_656 0.000 679.918 12.000
A_657 0.000 185.740 12.000
D_658 -19.866 -475.402 9.000
R_659 -23.856 -1015.709 9.000
L_660 0.000 679.918 13.000
G_661 0.000 -27.649 9.000
D_662 -16.691 -475.402 7.000
L_663 0.000 679.918 9.000
S_664 -15.425 -90.060 9.000
Y_665 -7.426 -274.939 5.000
L_666 0.000 679.918 7.000
I_667 0.000 777.529 4.000
Y_668 -1.718 -274.939 2.000
V_669 0.000 613.196 2.000
F_670 0.000 560.542 6.000
P_671 0.000 -195.996 9.000
D_672 -19.866 -475.402 9.000
R_673 -28.412 -1015.709 12.000
P_674 0.000 -195.996 16.000
K_675 -20.127 -818.649 16.000
D_676 -22.253 -475.402 11.000
E_677 -22.253 -605.239 11.000
V_678 0.000 613.196 11.000
F_679 0.000 560.542 10.000
S_680 -14.420 -90.060 8.000
K_681 -16.309 -818.649 10.000
Y_682 -12.518 -274.939 13.000
Y_683 -11.154 -274.939 10.000
T_684 -13.255 -90.974 7.000
P_685 0.000 -195.996 5.000
V_686 0.000 613.196 3.000
L_687 0.000 679.918 3.000
A_688 0.000 185.740 3.000
K_689 -4.441 -818.649 3.000
A_690 0.000 185.740 7.000
V_691 0.000 613.196 7.000
D_692 -14.591 -475.402 6.000
G_693 0.000 -27.649 6.000
Y_694 -10.601 -274.939 9.000
V_695 0.000 613.196 5.000
K_696 -15.425 -818.649 9.000
P_697 0.000 -195.996 7.000
Q_698 -21.132 -643.904 10.000
I_699 0.000 777.529 11.000
K_700 -17.098 -818.649 11.000
Q_701 -16.691 -643.904 7.000
V_702 0.000 613.196 7.000
V_703 0.000 613.196 8.000
P_704 0.000 -195.996 4.000
E_705 -7.878 -605.239 4.000
F_706 0.000 560.542 8.000
V_707 0.000 613.196 8.000
N_708 -16.691 -507.047 7.000
A_709 0.000 185.740 7.000
S_710 -17.098 -90.060 11.000
A_711 0.000 185.740 7.000
D_712 -16.691 -475.402 7.000
A_713 0.000 185.740 4.000
G_714 0.000 -27.649 7.000
G_715 0.000 -27.649 6.000
S_716 -11.867 -90.060 6.000
S_717 -15.425 -90.060 9.000
A_718 0.000 185.740 11.000
T_719 -14.420 -90.974 8.000
Y_720 -10.601 -274.939 9.000
M_721 0.000 401.769 13.000
D_722 -21.132 -475.402 10.000
Q_723 -18.409 -643.904 8.000
A_724 0.000 185.740 11.000
P_725 0.000 -195.996 7.000
S_726 -4.441 -90.060 3.000
P_727 0.000 -195.996 3.000
A_728 0.000 185.740 3.000
V_729 0.000 613.196 0.000
C_730 0.000 322.480 4.000
P_731 0.000 -195.996 4.000
Q_732 -7.878 -643.904 4.000
A_733 0.000 185.740 6.000
P_734 0.000 -195.996 10.000
Y_735 -8.431 -274.939 6.000
N_736 -18.409 -507.047 8.000
M_737 0.000 401.769 8.000
Y_738 -11.154 -274.939 10.000
P_739 0.000 -195.996 10.000
Q_740 -21.132 -643.904 10.000
N_741 -23.258 -507.047 12.000
P_742 0.000 -195.996 14.000
D_743 -21.132 -475.402 10.000
H_744 -8.431 -583.484 6.000
V_745 0.000 613.196 10.000
L_746 0.000 679.918 10.000
D_747 -23.258 -475.402 12.000
Q_748 -23.258 -643.904 12.000
D_749 -26.485 -475.402 16.000
G_750 0.000 -27.649 12.000
E_751 -23.258 -605.239 12.000
F_752 0.000 560.542 8.000
D_753 -23.258 -475.402 12.000
L_754 0.000 679.918 12.000
D_755 -25.772 -475.402 15.000
E_756 -22.253 -605.239 11.000
T_757 -19.613 -90.974 15.000
M_758 0.000 401.769 11.000
D_759 -16.691 -475.402 7.000
V_760 0.000 613.196 9.000
A_761 0.000 185.740 11.000
R_762 -19.414 -1015.709 7.000
H_763 -11.652 -583.484 11.000
V_764 0.000 613.196 15.000
E_765 -21.132 -605.239 10.000
E_766 -18.409 -605.239 8.000
L_767 0.000 679.918 13.000
L_768 0.000 679.918 14.000
R_769 -25.574 -1015.709 10.000
R_770 -25.574 -1015.709 10.000
P_771 0.000 -195.996 14.000
M_772 0.000 401.769 12.000
D_773 -16.691 -475.402 7.000
S_774 -17.098 -90.060 11.000
L_775 0.000 679.918 14.000
D_776 -25.772 -475.402 15.000
S_777 -17.811 -90.060 12.000
R_778 -31.716 -1015.709 15.000
L_779 0.000 679.918 11.000
S_780 -14.420 -90.060 8.000
P_781 0.000 -195.996 3.000
P_782 0.000 -195.996 3.000
A_783 0.000 185.740 0.000
G_784 0.000 -27.649 0.000
L_785 0.000 679.918 3.000
F_786 0.000 560.542 6.000
T_787 -11.867 -90.974 6.000
S_788 -17.098 -90.060 11.000
A_789 0.000 185.740 11.000
R_790 -27.076 -1015.709 11.000
G_791 0.000 -27.649 8.000
S_792 -17.098 -90.060 11.000
L_793 0.000 679.918 6.000
S_794 -11.867 -90.060 6.000
