M_1 0.000 401.769 4.000
A_2 0.000 185.740 8.000
D_3 -18.409 -475.402 8.000
N_4 -23.258 -507.047 12.000
L_5 0.000 679.918 16.000
D_6 -23.258 -475.402 12.000
E_7 -18.409 -605.239 8.000
F_8 0.000 560.542 12.000
I_9 0.000 777.529 12.000
E_10 -23.258 -605.239 12.000
E_11 -25.772 -605.239 15.000
Q_12 -25.772 -643.904 15.000
K_13 -20.127 -818.649 16.000
A_14 0.000 185.740 12.000
R_15 -21.845 -1015.709 8.000
L_16 0.000 679.918 9.000
A_17 0.000 185.740 13.000
E_18 -22.253 -605.239 11.000
D_19 -22.253 -475.402 11.000
K_20 -19.613 -818.649 15.000
A_21 0.000 185.740 11.000
E_22 -22.253 -605.239 11.000
L_23 0.000 679.918 11.000
E_24 -25.772 -605.239 15.000
S_25 -17.098 -90.060 11.000
D_26 -22.253 -475.402 11.000
P_27 0.000 -195.996 9.000
P_28 0.000 -195.996 6.000
Y_29 -8.431 -274.939 6.000
M_30 0.000 401.769 6.000
E_31 -19.866 -605.239 9.000
M_32 0.000 401.769 7.000
K_33 -16.309 -818.649 10.000
G_34 0.000 -27.649 6.000
K_35 -15.425 -818.649 9.000
L_36 0.000 679.918 6.000
S_37 -15.425 -90.060 9.000
A_38 0.000 185.740 6.000
K_39 -15.425 -818.649 9.000
L_40 0.000 679.918 10.000
S_41 -19.059 -90.060 14.000
E_42 -25.003 -605.239 14.000
N_43 -27.150 -507.047 17.000
S_44 -19.059 -90.060 14.000
K_45 -16.309 -818.649 10.000
I_46 0.000 777.529 6.000
L_47 0.000 679.918 6.000
I_48 0.000 777.529 3.000
S_49 -4.441 -90.060 3.000
M_50 0.000 401.769 6.000
A_51 0.000 185.740 10.000
K_52 -17.098 -818.649 11.000
E_53 -22.253 -605.239 11.000
N_54 -22.253 -507.047 11.000
I_55 0.000 777.529 8.000
P_56 0.000 -195.996 8.000
P_57 0.000 -195.996 7.000
N_58 -22.253 -507.047 11.000
S_59 -19.613 -90.060 15.000
Q_60 -27.773 -643.904 18.000
Q_61 -28.359 -643.904 19.000
T_62 -20.127 -90.974 16.000
R_63 -31.716 -1015.709 15.000
G_64 0.000 -27.649 11.000
S_65 -14.420 -90.060 8.000
L_66 0.000 679.918 3.000
G_67 0.000 -27.649 7.000
I_68 0.000 777.529 6.000
D_69 -14.591 -475.402 6.000
Y_70 -8.431 -274.939 6.000
G_71 0.000 -27.649 9.000
L_72 0.000 679.918 5.000
S_73 -4.441 -90.060 3.000
L_74 0.000 679.918 3.000
P_75 0.000 -195.996 3.000
L_76 0.000 679.918 4.000
G_77 0.000 -27.649 8.000
E_78 -21.132 -605.239 10.000
D_79 -25.003 -475.402 14.000
Y_80 -14.463 -274.939 19.000
E_81 -27.773 -605.239 18.000
R_82 -33.508 -1015.709 17.000
K_83 -20.609 -818.649 17.000
K_84 -20.127 -818.649 16.000
H_85 -11.652 -583.484 11.000
K_86 -17.098 -818.649 11.000
L_87 0.000 679.918 12.000
K_88 -19.059 -818.649 14.000
E_89 -22.253 -605.239 11.000
E_90 -26.485 -605.239 16.000
L_91 0.000 679.918 17.000
R_92 -33.508 -1015.709 17.000
Q_93 -25.772 -643.904 15.000
D_94 -28.912 -475.402 20.000
Y_95 -14.725 -274.939 20.000
R_96 -34.315 -1015.709 18.000
R_97 -30.711 -1015.709 14.000
Y_98 -13.255 -274.939 15.000
L_99 0.000 679.918 14.000
T_100 -17.811 -90.974 12.000
Q_101 -25.003 -643.904 14.000
K_102 -19.059 -818.649 14.000
N_103 -22.253 -507.047 11.000
F_104 0.000 560.542 10.000
L_105 0.000 679.918 10.000
S_106 -15.425 -90.060 9.000
T_107 -18.462 -90.974 13.000
S_108 -20.127 -90.060 16.000
E_109 -27.150 -605.239 17.000
T_110 -19.059 -90.974 14.000
D_111 -25.003 -475.402 14.000
P_112 0.000 -195.996 13.000
S_113 -16.309 -90.060 10.000
T_114 -11.867 -90.974 6.000
L_115 0.000 679.918 6.000
G_116 0.000 -27.649 6.000
V_117 0.000 613.196 3.000
S_118 -4.441 -90.060 3.000
L_119 0.000 679.918 3.000
P_120 0.000 -195.996 3.000
I_121 0.000 777.529 4.000
G_122 0.000 -27.649 9.000
E_123 -19.866 -605.239 9.000
R_124 -28.412 -1015.709 12.000
L_125 0.000 679.918 12.000
S_126 -17.098 -90.060 11.000
A_127 0.000 185.740 10.000
K_128 -19.613 -818.649 15.000
E_129 -23.258 -605.239 12.000
R_130 -31.716 -1015.709 15.000
L_131 0.000 679.918 12.000
K_132 -17.811 -818.649 12.000
L_133 0.000 679.918 12.000
E_134 -26.485 -605.239 16.000
R_135 -32.645 -1015.709 16.000
N_136 -28.912 -507.047 20.000
K_137 -21.060 -818.649 18.000
E_138 -27.150 -605.239 17.000
Y_139 -13.896 -274.939 17.000
N_140 -25.003 -507.047 14.000
Q_141 -21.132 -643.904 10.000
F_142 0.000 560.542 13.000
L_143 0.000 679.918 9.000
R_144 -21.845 -1015.709 8.000
G_145 0.000 -27.649 12.000
K_146 -20.127 -818.649 16.000
E_147 -25.003 -605.239 14.000
E_148 -27.150 -605.239 17.000
S_149 -21.060 -90.060 18.000
S_150 -20.609 -90.060 17.000
E_151 -24.169 -605.239 13.000
K_152 -19.613 -818.649 15.000
F_153 0.000 560.542 16.000
R_154 -28.412 -1015.709 12.000
Q_155 -24.169 -643.904 13.000
V_156 0.000 613.196 16.000
E_157 -25.003 -605.239 14.000
K_158 -18.462 -818.649 13.000
S_159 -20.609 -90.060 17.000
T_160 -18.462 -90.974 13.000
E_161 -24.169 -605.239 13.000
P_162 0.000 -195.996 13.000
K_163 -19.059 -818.649 14.000
S_164 -19.613 -90.060 15.000
Q_165 -28.359 -643.904 19.000
R_166 -35.072 -1015.709 19.000
N_167 -28.359 -507.047 19.000
K_168 -19.613 -818.649 15.000
K_169 -16.309 -818.649 10.000
P_170 0.000 -195.996 6.000
I_171 0.000 777.529 7.000
G_172 0.000 -27.649 4.000
Q_173 -16.691 -643.904 7.000
V_174 0.000 613.196 7.000
K_175 -17.098 -818.649 11.000
P_176 0.000 -195.996 7.000
D_177 -21.132 -475.402 10.000
L_178 0.000 679.918 10.000
T_179 -19.059 -90.974 14.000
S_180 -16.309 -90.060 10.000
Q_181 -25.003 -643.904 14.000
I_182 0.000 777.529 14.000
Q_183 -25.003 -643.904 14.000
T_184 -16.309 -90.974 10.000
S_185 -19.059 -90.060 14.000
C_186 0.000 322.480 14.000
E_187 -25.003 -605.239 14.000
N_188 -25.772 -507.047 15.000
S_189 -19.613 -90.060 15.000
E_190 -22.253 -605.239 11.000
G_191 0.000 -27.649 12.000
P_192 0.000 -195.996 12.000
R_193 -28.412 -1015.709 12.000
K_194 -17.811 -818.649 12.000
D_195 -23.258 -475.402 12.000
V_196 0.000 613.196 10.000
L_197 0.000 679.918 7.000
T_198 -11.867 -90.974 6.000
P_199 0.000 -195.996 10.000
S_200 -16.309 -90.060 10.000
E_201 -19.866 -605.239 9.000
A_202 0.000 185.740 13.000
Y_203 -12.900 -274.939 14.000
E_204 -21.132 -605.239 10.000
E_205 -21.132 -605.239 10.000
L_206 0.000 679.918 12.000
L_207 0.000 679.918 12.000
N_208 -24.169 -507.047 13.000
Q_209 -27.773 -643.904 18.000
R_210 -34.315 -1015.709 18.000
R_211 -34.315 -1015.709 18.000
L_212 0.000 679.918 18.000
E_213 -27.150 -605.239 17.000
E_214 -27.150 -605.239 17.000
D_215 -28.359 -475.402 19.000
R_216 -35.785 -1015.709 20.000
Y_217 -14.725 -274.939 20.000
R_218 -32.645 -1015.709 16.000
Q_219 -25.772 -643.904 15.000
L_220 0.000 679.918 17.000
D_221 -26.485 -475.402 16.000
D_222 -23.258 -475.402 12.000
E_223 -26.485 -605.239 16.000
I_224 0.000 777.529 12.000
E_225 -24.169 -605.239 13.000
L_226 0.000 679.918 13.000
R_227 -34.315 -1015.709 18.000
N_228 -28.359 -507.047 19.000
R_229 -35.072 -1015.709 19.000
R_230 -30.711 -1015.709 14.000
I_231 0.000 777.529 13.000
I_232 0.000 777.529 11.000
K_233 -11.867 -818.649 6.000
K_234 -16.309 -818.649 10.000
A_235 0.000 185.740 14.000
N_236 -25.772 -507.047 15.000
E_237 -23.258 -605.239 12.000
E_238 -23.258 -605.239 12.000
V_239 0.000 613.196 8.000
G_240 0.000 -27.649 7.000
I_241 0.000 777.529 7.000
S_242 -13.255 -90.060 7.000
N_243 -21.132 -507.047 10.000
L_244 0.000 679.918 12.000
K_245 -18.462 -818.649 13.000
H_246 -12.900 -583.484 14.000
Q_247 -25.003 -643.904 14.000
R_248 -27.076 -1015.709 11.000
F_249 0.000 560.542 12.000
A_250 0.000 185.740 11.000
S_251 -11.867 -90.060 6.000
K_252 -11.867 -818.649 6.000
A_253 0.000 185.740 6.000
G_254 0.000 -27.649 3.000
I_255 0.000 777.529 4.000
P_256 0.000 -195.996 9.000
D_257 -25.003 -475.402 14.000
R_258 -30.711 -1015.709 14.000
R_259 -32.645 -1015.709 16.000
F_260 0.000 560.542 17.000
H_261 -12.104 -583.484 12.000
R_262 -27.076 -1015.709 11.000
F_263 0.000 560.542 15.000
N_264 -27.150 -507.047 17.000
E_265 -27.150 -605.239 17.000
D_266 -27.150 -475.402 17.000
R_267 -29.616 -1015.709 13.000
V_268 0.000 613.196 13.000
F_269 0.000 560.542 14.000
D_270 -25.003 -475.402 14.000
R_271 -32.645 -1015.709 16.000
R_272 -34.315 -1015.709 18.000
Y_273 -14.463 -274.939 19.000
H_274 -12.900 -583.484 14.000
R_275 -29.616 -1015.709 13.000
P_276 0.000 -195.996 15.000
D_277 -27.150 -475.402 17.000
Q_278 -23.258 -643.904 12.000
D_279 -26.485 -475.402 16.000
P_280 0.000 -195.996 12.000
E_281 -22.253 -605.239 11.000
V_282 0.000 613.196 11.000
S_283 -19.613 -90.060 15.000
E_284 -22.253 -605.239 11.000
E_285 -25.772 -605.239 15.000
M_286 0.000 401.769 16.000
D_287 -27.150 -475.402 17.000
E_288 -24.169 -605.239 13.000
R_289 -34.315 -1015.709 18.000
F_290 0.000 560.542 16.000
R_291 -32.645 -1015.709 16.000
Y_292 -12.900 -274.939 14.000
E_293 -27.773 -605.239 18.000
S_294 -18.462 -90.060 13.000
D_295 -25.772 -475.402 15.000
F_296 0.000 560.542 16.000
D_297 -27.773 -475.402 18.000
R_298 -30.711 -1015.709 14.000
R_299 -33.508 -1015.709 17.000
L_300 0.000 679.918 18.000
S_301 -18.462 -90.060 13.000
R_302 -25.574 -1015.709 10.000
V_303 0.000 613.196 13.000
Y_304 -12.900 -274.939 14.000
T_305 -18.462 -90.974 13.000
N_306 -27.773 -507.047 18.000
D_307 -26.485 -475.402 16.000
R_308 -31.716 -1015.709 15.000
M_309 0.000 401.769 16.000
H_310 -13.586 -583.484 16.000
R_311 -30.711 -1015.709 14.000
N_312 -28.359 -507.047 19.000
K_313 -20.609 -818.649 17.000
R_314 -32.645 -1015.709 16.000
G_315 0.000 -27.649 12.000
N_316 -19.866 -507.047 9.000
M_317 0.000 401.769 4.000
P_318 0.000 -195.996 4.000
P_319 0.000 -195.996 4.000
M_320 0.000 401.769 6.000
E_321 -21.132 -605.239 10.000
H_322 -11.154 -583.484 10.000
D_323 -25.003 -475.402 14.000
G_324 0.000 -27.649 10.000
D_325 -18.409 -475.402 8.000
V_326 0.000 613.196 8.000
I_327 0.000 777.529 12.000
E_328 -22.253 -605.239 11.000
Q_329 -25.772 -643.904 15.000
S_330 -19.613 -90.060 15.000
N_331 -26.485 -507.047 16.000
I_332 0.000 777.529 12.000
R_333 -28.412 -1015.709 12.000
I_334 0.000 777.529 11.000
S_335 -17.098 -90.060 11.000
S_336 -16.309 -90.060 10.000
A_337 0.000 185.740 14.000
E_338 -25.003 -605.239 14.000
N_339 -25.003 -507.047 14.000
K_340 -19.059 -818.649 14.000
S_341 -16.309 -90.060 10.000
A_342 0.000 185.740 10.000
P_343 0.000 -195.996 11.000
D_344 -23.258 -475.402 12.000
N_345 -25.772 -507.047 15.000
E_346 -27.773 -605.239 18.000
T_347 -20.609 -90.974 17.000
S_348 -20.127 -90.060 16.000
K_349 -17.811 -818.649 12.000
S_350 -18.462 -90.060 13.000
A_351 0.000 185.740 14.000
N_352 -25.772 -507.047 15.000
Q_353 -25.772 -643.904 15.000
D_354 -25.772 -475.402 15.000
T_355 -19.059 -90.974 14.000
C_356 0.000 322.480 10.000
S_357 -11.867 -90.060 6.000
P_358 0.000 -195.996 3.000
F_359 0.000 560.542 3.000
A_360 0.000 185.740 0.000
G_361 0.000 -27.649 0.000
M_362 0.000 401.769 0.000
L_363 0.000 679.918 0.000
F_364 0.000 560.542 0.000
G_365 0.000 -27.649 4.000
G_366 0.000 -27.649 8.000
E_367 -24.169 -605.239 13.000
D_368 -27.150 -475.402 17.000
R_369 -33.508 -1015.709 17.000
E_370 -24.169 -605.239 13.000
L_371 0.000 679.918 13.000
I_372 0.000 777.529 13.000
Q_373 -25.003 -643.904 14.000
R_374 -33.508 -1015.709 17.000
R_375 -36.459 -1015.709 21.000
K_376 -21.889 -818.649 20.000
E_377 -27.150 -605.239 17.000
K_378 -20.609 -818.649 17.000
Y_379 -12.900 -274.939 14.000
R_380 -30.711 -1015.709 14.000
L_381 0.000 679.918 11.000
E_382 -19.866 -605.239 9.000
L_383 0.000 679.918 8.000
L_384 0.000 679.918 12.000
E_385 -18.409 -605.239 8.000
Q_386 -18.409 -643.904 8.000
M_387 0.000 401.769 12.000
A_388 0.000 185.740 12.000
E_389 -23.258 -605.239 12.000
Q_390 -27.150 -643.904 17.000
Q_391 -29.436 -643.904 21.000
R_392 -35.785 -1015.709 20.000
N_393 -29.436 -507.047 21.000
K_394 -22.635 -818.649 22.000
R_395 -36.459 -1015.709 21.000
R_396 -35.785 -1015.709 20.000
E_397 -29.436 -605.239 21.000
K_398 -20.127 -818.649 16.000
D_399 -25.772 -475.402 15.000
L_400 0.000 679.918 11.000
E_401 -24.169 -605.239 13.000
L_402 0.000 679.918 9.000
R_403 -23.856 -1015.709 9.000
V_404 0.000 613.196 5.000
A_405 0.000 185.740 8.000
A_406 0.000 185.740 3.000
S_407 -4.441 -90.060 3.000
G_408 0.000 -27.649 7.000
A_409 0.000 185.740 11.000
Q_410 -18.409 -643.904 8.000
D_411 -23.258 -475.402 12.000
P_412 0.000 -195.996 15.000
E_413 -25.003 -605.239 14.000
K_414 -17.098 -818.649 11.000
S_415 -19.613 -90.060 15.000
W_416 -6.713 -203.500 15.000
N_417 -23.258 -507.047 12.000
E_418 -19.866 -605.239 9.000
L_419 0.000 679.918 11.000
L_420 0.000 679.918 10.000
T_421 -11.867 -90.974 6.000
S_422 -16.309 -90.060 10.000
L_423 0.000 679.918 10.000
Q_424 -21.132 -643.904 10.000
L_425 0.000 679.918 10.000
S_426 -19.059 -90.060 14.000
K_427 -19.059 -818.649 14.000
E_428 -25.003 -605.239 14.000
E_429 -25.772 -605.239 15.000
P_430 0.000 -195.996 17.000
D_431 -24.169 -475.402 13.000
R_432 -28.412 -1015.709 12.000
L_433 0.000 679.918 16.000
K_434 -17.811 -818.649 12.000
Q_435 -21.132 -643.904 10.000
F_436 0.000 560.542 10.000
S_437 -13.255 -90.060 7.000
V_438 0.000 613.196 3.000
A_439 0.000 185.740 8.000
P_440 0.000 -195.996 7.000
R_441 -19.414 -1015.709 7.000
H_442 -11.652 -583.484 11.000
F_443 0.000 560.542 15.000
E_444 -21.132 -605.239 10.000
E_445 -18.409 -605.239 8.000
M_446 0.000 401.769 8.000
I_447 0.000 777.529 4.000
P_448 0.000 -195.996 4.000
P_449 0.000 -195.996 9.000
E_450 -19.866 -605.239 9.000
R_451 -30.711 -1015.709 14.000
P_452 0.000 -195.996 14.000
R_453 -25.574 -1015.709 10.000
I_454 0.000 777.529 5.000
A_455 0.000 185.740 9.000
F_456 0.000 560.542 7.000
Q_457 -16.691 -643.904 7.000
T_458 -13.255 -90.974 7.000
P_459 0.000 -195.996 7.000
L_460 0.000 679.918 3.000
P_461 0.000 -195.996 0.000
P_462 0.000 -195.996 3.000
L_463 0.000 679.918 3.000
S_464 -4.441 -90.060 3.000
A_465 0.000 185.740 6.000
P_466 0.000 -195.996 6.000
S_467 -4.441 -90.060 3.000
V_468 0.000 613.196 3.000
P_469 0.000 -195.996 3.000
P_470 0.000 -195.996 0.000
I_471 0.000 777.529 3.000
P_472 0.000 -195.996 3.000
S_473 -10.149 -90.060 5.000
V_474 0.000 613.196 5.000
H_475 -7.426 -583.484 5.000
P_476 0.000 -195.996 2.000
V_477 0.000 613.196 5.000
P_478 0.000 -195.996 7.000
S_479 -17.098 -90.060 11.000
Q_480 -25.772 -643.904 15.000
N_481 -28.359 -507.047 19.000
E_482 -26.485 -605.239 16.000
D_483 -27.150 -475.402 17.000
L_484 0.000 679.918 16.000
R_485 -28.412 -1015.709 12.000
S_486 -14.420 -90.060 8.000
G_487 0.000 -27.649 11.000
L_488 0.000 679.918 9.000
S_489 -11.867 -90.060 6.000
S_490 -11.867 -90.060 6.000
A_491 0.000 185.740 6.000
L_492 0.000 679.918 7.000
G_493 0.000 -27.649 4.000
E_494 -7.878 -605.239 4.000
M_495 0.000 401.769 7.000
V_496 0.000 613.196 7.000
S_497 -14.420 -90.060 8.000
P_498 0.000 -195.996 8.000
R_499 -21.845 -1015.709 8.000
I_500 0.000 777.529 5.000
A_501 0.000 185.740 5.000
P_502 0.000 -195.996 0.000
L_503 0.000 679.918 0.000
P_504 0.000 -195.996 0.000
P_505 0.000 -195.996 0.000
P_506 0.000 -195.996 0.000
P_507 0.000 -195.996 0.000
L_508 0.000 679.918 0.000
L_509 0.000 679.918 0.000
P_510 0.000 -195.996 0.000
P_511 0.000 -195.996 0.000
L_512 0.000 679.918 3.000
A_513 0.000 185.740 7.000
T_514 -15.425 -90.974 9.000
N_515 -25.003 -507.047 14.000
Y_516 -13.896 -274.939 17.000
R_517 -30.711 -1015.709 14.000
T_518 -17.811 -90.974 12.000
P_519 0.000 -195.996 14.000
Y_520 -12.518 -274.939 13.000
D_521 -21.132 -475.402 10.000
D_522 -23.258 -475.402 12.000
A_523 0.000 185.740 12.000
Y_524 -9.978 -274.939 8.000
Y_525 -8.431 -274.939 6.000
F_526 0.000 560.542 6.000
Y_527 -9.265 -274.939 7.000
G_528 0.000 -27.649 10.000
S_529 -19.059 -90.060 14.000
R_530 -31.716 -1015.709 15.000
N_531 -25.772 -507.047 15.000
T_532 -20.127 -90.974 16.000
F_533 0.000 560.542 11.000
D_534 -21.132 -475.402 10.000
P_535 0.000 -195.996 7.000
S_536 -13.255 -90.060 7.000
L_537 0.000 679.918 5.000
A_538 0.000 185.740 7.000
Y_539 -6.160 -274.939 4.000
Y_540 -9.265 -274.939 7.000
G_541 0.000 -27.649 7.000
S_542 -10.149 -90.060 5.000
G_543 0.000 -27.649 3.000
M_544 0.000 401.769 3.000
M_545 0.000 401.769 0.000
G_546 0.000 -27.649 4.000
V_547 0.000 613.196 4.000
Q_548 -7.878 -643.904 4.000
P_549 0.000 -195.996 4.000
A_550 0.000 185.740 6.000
A_551 0.000 185.740 2.000
Y_552 -7.426 -274.939 5.000
V_553 0.000 613.196 5.000
S_554 -10.149 -90.060 5.000
A_555 0.000 185.740 3.000
P_556 0.000 -195.996 6.000
V_557 0.000 613.196 5.000
T_558 -15.425 -90.974 9.000
H_559 -10.601 -583.484 9.000
Q_560 -19.866 -643.904 9.000
L_561 0.000 679.918 10.000
A_562 0.000 185.740 8.000
Q_563 -7.878 -643.904 4.000
P_564 0.000 -195.996 4.000
V_565 0.000 613.196 8.000
V_566 0.000 613.196 7.000
N_567 -16.691 -507.047 7.000
T_568 -13.255 -90.974 7.000
V_569 0.000 613.196 11.000
G_570 0.000 -27.649 11.000
Q_571 -23.258 -643.904 12.000
N_572 -23.258 -507.047 12.000
E_573 -25.772 -605.239 15.000
L_574 0.000 679.918 11.000
K_575 -16.309 -818.649 10.000
I_576 0.000 777.529 9.000
T_577 -18.462 -90.974 13.000
S_578 -19.059 -90.060 14.000
D_579 -25.003 -475.402 14.000
Q_580 -22.253 -643.904 11.000
V_581 0.000 613.196 12.000
I_582 0.000 777.529 11.000
N_583 -16.691 -507.047 7.000
S_584 -13.255 -90.060 7.000
G_585 0.000 -27.649 7.000
L_586 0.000 679.918 3.000
I_587 0.000 777.529 4.000
F_588 0.000 560.542 8.000
E_589 -22.253 -605.239 11.000
D_590 -22.253 -475.402 11.000
K_591 -19.059 -818.649 14.000
P_592 0.000 -195.996 10.000
K_593 -15.425 -818.649 9.000
P_594 0.000 -195.996 9.000
S_595 -18.462 -90.060 13.000
K_596 -18.462 -818.649 13.000
Q_597 -24.169 -643.904 13.000
S_598 -19.059 -90.060 14.000
L_599 0.000 679.918 14.000
Q_600 -23.258 -643.904 12.000
S_601 -18.462 -90.060 13.000
Y_602 -13.896 -274.939 17.000
Q_603 -24.169 -643.904 13.000
E_604 -21.132 -605.239 10.000
A_605 0.000 185.740 12.000
L_606 0.000 679.918 12.000
Q_607 -23.258 -643.904 12.000
Q_608 -23.258 -643.904 12.000
Q_609 -27.150 -643.904 17.000
I_610 0.000 777.529 17.000
R_611 -34.315 -1015.709 18.000
E_612 -27.773 -605.239 18.000
R_613 -37.098 -1015.709 22.000
E_614 -29.934 -605.239 22.000
E_615 -30.407 -605.239 23.000
R_616 -36.459 -1015.709 21.000
R_617 -35.785 -1015.709 20.000
K_618 -21.889 -818.649 20.000
K_619 -21.889 -818.649 20.000
E_620 -28.359 -605.239 19.000
R_621 -35.785 -1015.709 20.000
E_622 -28.912 -605.239 20.000
E_623 -28.912 -605.239 20.000
K_624 -21.486 -818.649 19.000
E_625 -27.150 -605.239 17.000
E_626 -27.150 -605.239 17.000
Y_627 -12.900 -274.939 14.000
E_628 -24.169 -605.239 13.000
A_629 0.000 185.740 9.000
K_630 -17.098 -818.649 11.000
L_631 0.000 679.918 7.000
E_632 -22.253 -605.239 11.000
A_633 0.000 185.740 8.000
E_634 -24.169 -605.239 13.000
M_635 0.000 401.769 12.000
R_636 -30.711 -1015.709 14.000
T_637 -19.059 -90.974 14.000
Y_638 -12.900 -274.939 14.000
N_639 -21.132 -507.047 10.000
P_640 0.000 -195.996 7.000
W_641 -5.155 -203.500 8.000
G_642 0.000 -27.649 4.000
K_643 -7.878 -818.649 4.000
G_644 0.000 -27.649 3.000
G_645 0.000 -27.649 3.000
G_646 0.000 -27.649 0.000
G_647 0.000 -27.649 0.000
A_648 0.000 185.740 0.000
P_649 0.000 -195.996 5.000
L_650 0.000 679.918 9.000
R_651 -23.856 -1015.709 9.000
D_652 -23.258 -475.402 12.000
A_653 0.000 185.740 12.000
K_654 -17.098 -818.649 11.000
G_655 0.000 -27.649 7.000
N_656 -16.691 -507.047 7.000
L_657 0.000 679.918 7.000
I_658 0.000 777.529 11.000
T_659 -13.255 -90.974 7.000
D_660 -22.253 -475.402 11.000
L_661 0.000 679.918 16.000
N_662 -24.169 -507.047 13.000
R_663 -27.076 -1015.709 11.000
M_664 0.000 401.769 16.000
H_665 -13.586 -583.484 16.000
R_666 -31.716 -1015.709 15.000
Q_667 -25.772 -643.904 15.000
N_668 -27.150 -507.047 17.000
I_669 0.000 777.529 12.000
D_670 -21.132 -475.402 10.000
A_671 0.000 185.740 8.000
Y_672 -12.104 -274.939 12.000
H_673 -9.978 -583.484 8.000
N_674 -23.258 -507.047 12.000
P_675 0.000 -195.996 10.000
D_676 -24.169 -475.402 13.000
A_677 0.000 185.740 12.000
R_678 -30.711 -1015.709 14.000
T_679 -19.059 -90.974 14.000
Y_680 -14.188 -274.939 18.000
E_681 -26.485 -605.239 16.000
D_682 -27.773 -475.402 18.000
K_683 -20.127 -818.649 16.000
R_684 -28.412 -1015.709 12.000
A_685 0.000 185.740 8.000
V_686 0.000 613.196 8.000
V_687 0.000 613.196 3.000
S_688 -13.255 -90.060 7.000
L_689 0.000 679.918 7.000
D_690 -22.253 -475.402 11.000
P_691 0.000 -195.996 8.000
N_692 -18.409 -507.047 8.000
L_693 0.000 679.918 7.000
A_694 0.000 185.740 10.000
T_695 -16.309 -90.974 10.000
S_696 -16.309 -90.060 10.000
N_697 -25.003 -507.047 14.000
A_698 0.000 185.740 15.000
E_699 -23.258 -605.239 12.000
N_700 -23.258 -507.047 12.000
L_701 0.000 679.918 16.000
E_702 -23.258 -605.239 12.000
D_703 -18.409 -475.402 8.000
A_704 0.000 185.740 12.000
A_705 0.000 185.740 11.000
N_706 -21.132 -507.047 10.000
K_707 -18.462 -818.649 13.000
S_708 -18.462 -90.060 13.000
S_709 -17.098 -90.060 11.000
G_710 0.000 -27.649 8.000
H_711 -10.601 -583.484 9.000
M_712 0.000 401.769 9.000
Q_713 -24.169 -643.904 13.000
T_714 -19.059 -90.974 14.000
Q_715 -27.150 -643.904 17.000
S_716 -18.462 -90.060 13.000
S_717 -16.309 -90.060 10.000
P_718 0.000 -195.996 6.000
F_719 0.000 560.542 8.000
A_720 0.000 185.740 5.000
R_721 -23.856 -1015.709 9.000
G_722 0.000 -27.649 9.000
N_723 -19.866 -507.047 9.000
V_724 0.000 613.196 4.000
F_725 0.000 560.542 8.000
G_726 0.000 -27.649 4.000
E_727 -7.878 -605.239 4.000
P_728 0.000 -195.996 7.000
P_729 0.000 -195.996 11.000
T_730 -13.255 -90.974 7.000
E_731 -22.253 -605.239 11.000
L_732 0.000 679.918 11.000
Q_733 -22.253 -643.904 11.000
I_734 0.000 777.529 11.000
K_735 -19.613 -818.649 15.000
Q_736 -25.772 -643.904 15.000
Q_737 -25.772 -643.904 15.000
E_738 -25.003 -605.239 14.000
L_739 0.000 679.918 13.000
Y_740 -12.518 -274.939 13.000
K_741 -15.425 -818.649 9.000
N_742 -19.866 -507.047 9.000
F_743 0.000 560.542 12.000
L_744 0.000 679.918 9.000
R_745 -23.856 -1015.709 9.000
F_746 0.000 560.542 9.000
Q_747 -24.169 -643.904 13.000
I_748 0.000 777.529 12.000
E_749 -25.772 -605.239 15.000
E_750 -25.003 -605.239 14.000
K_751 -21.060 -818.649 18.000
K_752 -21.486 -818.649 19.000
Q_753 -28.359 -643.904 19.000
R_754 -35.785 -1015.709 20.000
E_755 -27.150 -605.239 17.000
E_756 -27.150 -605.239 17.000
A_757 0.000 185.740 17.000
E_758 -27.150 -605.239 17.000
R_759 -34.315 -1015.709 18.000
E_760 -27.773 -605.239 18.000
R_761 -35.072 -1015.709 19.000
L_762 0.000 679.918 14.000
R_763 -25.574 -1015.709 10.000
I_764 0.000 777.529 9.000
A_765 0.000 185.740 13.000
E_766 -22.253 -605.239 11.000
E_767 -25.772 -605.239 15.000
K_768 -21.486 -818.649 19.000
E_769 -28.912 -605.239 20.000
E_770 -29.436 -605.239 21.000
R_771 -34.315 -1015.709 18.000
R_772 -30.711 -1015.709 14.000
L_773 0.000 679.918 14.000
A_774 0.000 185.740 13.000
E_775 -24.169 -605.239 13.000
Q_776 -24.169 -643.904 13.000
R_777 -34.315 -1015.709 18.000
A_778 0.000 185.740 14.000
R_779 -30.711 -1015.709 14.000
I_780 0.000 777.529 13.000
Q_781 -27.150 -643.904 17.000
Q_782 -25.003 -643.904 14.000
E_783 -27.773 -605.239 18.000
Y_784 -14.188 -274.939 18.000
E_785 -27.773 -605.239 18.000
E_786 -27.773 -605.239 18.000
E_787 -28.912 -605.239 20.000
Q_788 -28.359 -643.904 19.000
E_789 -27.773 -605.239 18.000
K_790 -21.486 -818.649 19.000
K_791 -21.486 -818.649 19.000
R_792 -34.315 -1015.709 18.000
E_793 -28.359 -605.239 19.000
K_794 -21.889 -818.649 20.000
E_795 -28.359 -605.239 19.000
E_796 -28.359 -605.239 19.000
E_797 -29.436 -605.239 21.000
Q_798 -27.150 -643.904 17.000
R_799 -32.645 -1015.709 16.000
L_800 0.000 679.918 16.000
K_801 -20.127 -818.649 16.000
N_802 -25.772 -507.047 15.000
E_803 -27.150 -605.239 17.000
E_804 -25.003 -605.239 14.000
H_805 -13.255 -583.484 15.000
I_806 0.000 777.529 11.000
R_807 -19.414 -1015.709 7.000
L_808 0.000 679.918 9.000
A_809 0.000 185.740 13.000
E_810 -24.169 -605.239 13.000
E_811 -27.150 -605.239 17.000
R_812 -35.785 -1015.709 20.000
Q_813 -28.912 -643.904 20.000
K_814 -20.127 -818.649 16.000
E_815 -25.772 -605.239 15.000
A_816 0.000 185.740 16.000
E_817 -26.485 -605.239 16.000
R_818 -31.716 -1015.709 15.000
K_819 -21.060 -818.649 18.000
K_820 -21.060 -818.649 18.000
K_821 -20.609 -818.649 17.000
E_822 -27.773 -605.239 18.000
E_823 -28.359 -605.239 19.000
E_824 -28.359 -605.239 19.000
E_825 -27.150 -605.239 17.000
K_826 -20.609 -818.649 17.000
Y_827 -12.518 -274.939 13.000
N_828 -24.169 -507.047 13.000
L_829 0.000 679.918 10.000
Q_830 -23.258 -643.904 12.000
L_831 0.000 679.918 10.000
Q_832 -23.258 -643.904 12.000
H_833 -9.978 -583.484 8.000
Y_834 -12.104 -274.939 12.000
C_835 0.000 322.480 13.000
E_836 -25.772 -605.239 15.000
R_837 -33.508 -1015.709 17.000
D_838 -27.150 -475.402 17.000
N_839 -24.169 -507.047 13.000
L_840 0.000 679.918 8.000
I_841 0.000 777.529 8.000
G_842 0.000 -27.649 8.000
E_843 -22.253 -605.239 11.000
E_844 -25.003 -605.239 14.000
T_845 -20.127 -90.974 16.000
K_846 -17.811 -818.649 12.000
H_847 -12.518 -583.484 13.000
M_848 0.000 401.769 14.000
R_849 -27.076 -1015.709 11.000
Q_850 -23.258 -643.904 12.000
P_851 0.000 -195.996 12.000
S_852 -13.255 -90.060 7.000
P_853 0.000 -195.996 3.000
I_854 0.000 777.529 3.000
V_855 0.000 613.196 0.000
P_856 0.000 -195.996 0.000
A_857 0.000 185.740 4.000
L_858 0.000 679.918 8.000
Q_859 -22.253 -643.904 11.000
N_860 -22.253 -507.047 11.000
K_861 -17.098 -818.649 11.000
I_862 0.000 777.529 10.000
A_863 0.000 185.740 9.000
S_864 -11.867 -90.060 6.000
K_865 -16.309 -818.649 10.000
L_866 0.000 679.918 15.000
Q_867 -23.258 -643.904 12.000
R_868 -23.856 -1015.709 9.000
P_869 0.000 -195.996 12.000
P_870 0.000 -195.996 8.000
S_871 -13.255 -90.060 7.000
V_872 0.000 613.196 10.000
D_873 -21.132 -475.402 10.000
S_874 -13.255 -90.060 7.000
I_875 0.000 777.529 12.000
I_876 0.000 777.529 11.000
R_877 -21.845 -1015.709 8.000
S_878 -14.420 -90.060 8.000
F_879 0.000 560.542 10.000
I_880 0.000 777.529 9.000
H_881 -10.601 -583.484 9.000
E_882 -23.258 -605.239 12.000
S_883 -17.811 -90.060 12.000
S_884 -18.462 -90.060 13.000
M_885 0.000 401.769 14.000
S_886 -17.098 -90.060 11.000
R_887 -28.412 -1015.709 12.000
A_888 0.000 185.740 15.000
Q_889 -23.258 -643.904 12.000
S_890 -13.255 -90.060 7.000
P_891 0.000 -195.996 7.000
P_892 0.000 -195.996 3.000
V_893 0.000 613.196 0.000
P_894 0.000 -195.996 5.000
A_895 0.000 185.740 8.000
R_896 -28.412 -1015.709 12.000
K_897 -20.127 -818.649 16.000
N_898 -26.485 -507.047 16.000
Q_899 -26.485 -643.904 16.000
L_900 0.000 679.918 13.000
R_901 -29.616 -1015.709 13.000
A_902 0.000 185.740 13.000
E_903 -27.150 -605.239 17.000
E_904 -25.772 -605.239 15.000
E_905 -27.773 -605.239 18.000
K_906 -21.060 -818.649 18.000
K_907 -19.059 -818.649 14.000
N_908 -21.132 -507.047 10.000
V_909 0.000 613.196 7.000
I_910 0.000 777.529 8.000
M_911 0.000 401.769 4.000
E_912 -16.691 -605.239 7.000
L_913 0.000 679.918 11.000
S_914 -17.098 -90.060 11.000
E_915 -23.258 -605.239 12.000
M_916 0.000 401.769 15.000
R_917 -32.645 -1015.709 16.000
K_918 -17.811 -818.649 12.000
Q_919 -27.150 -643.904 17.000
L_920 0.000 679.918 15.000
R_921 -32.645 -1015.709 16.000
S_922 -20.127 -90.060 16.000
E_923 -29.436 -605.239 21.000
E_924 -29.436 -605.239 21.000
R_925 -34.315 -1015.709 18.000
R_926 -34.315 -1015.709 18.000
L_927 0.000 679.918 18.000
Q_928 -27.773 -643.904 18.000
E_929 -24.169 -605.239 13.000
R_930 -29.616 -1015.709 13.000
L_931 0.000 679.918 11.000
L_932 0.000 679.918 7.000
H_933 -8.431 -583.484 6.000
M_934 0.000 401.769 9.000
D_935 -24.169 -475.402 13.000
S_936 -19.613 -90.060 15.000
D_937 -28.359 -475.402 19.000
D_938 -25.772 -475.402 15.000
E_939 -23.258 -605.239 12.000
I_940 0.000 777.529 8.000
P_941 0.000 -195.996 9.000
I_942 0.000 777.529 8.000
R_943 -27.076 -1015.709 11.000
K_944 -19.613 -818.649 15.000
K_945 -21.889 -818.649 20.000
E_946 -28.359 -605.239 19.000
R_947 -32.645 -1015.709 16.000
N_948 -24.169 -507.047 13.000
P_949 0.000 -195.996 13.000
M_950 0.000 401.769 8.000
D_951 -7.878 -475.402 4.000
I_952 0.000 777.529 8.000
F_953 0.000 560.542 8.000
D_954 -7.878 -475.402 4.000
M_955 0.000 401.769 9.000
A_956 0.000 185.740 11.000
R_957 -28.412 -1015.709 12.000
H_958 -12.104 -583.484 12.000
R_959 -32.645 -1015.709 16.000
L_960 0.000 679.918 11.000
Q_961 -19.866 -643.904 9.000
A_962 0.000 185.740 4.000
P_963 0.000 -195.996 9.000
V_964 0.000 613.196 10.000
R_965 -30.711 -1015.709 14.000
R_966 -33.508 -1015.709 17.000
Q_967 -27.150 -643.904 17.000
S_968 -19.613 -90.060 15.000
P_969 0.000 -195.996 10.000
K_970 -11.867 -818.649 6.000
G_971 0.000 -27.649 7.000
L_972 0.000 679.918 7.000
D_973 -7.878 -475.402 4.000
A_974 0.000 185.740 7.000
A_975 0.000 185.740 7.000
T_976 -13.255 -90.974 7.000
F_977 0.000 560.542 11.000
Q_978 -22.253 -643.904 11.000
N_979 -21.132 -507.047 10.000
V_980 0.000 613.196 14.000
H_981 -11.154 -583.484 10.000
D_982 -21.132 -475.402 10.000
F_983 0.000 560.542 14.000
N_984 -23.258 -507.047 12.000
E_985 -22.253 -605.239 11.000
L_986 0.000 679.918 15.000
K_987 -20.127 -818.649 16.000
D_988 -26.485 -475.402 16.000
R_989 -35.072 -1015.709 19.000
D_990 -28.912 -475.402 20.000
S_991 -21.486 -90.060 19.000
E_992 -28.359 -605.239 19.000
T_993 -19.613 -90.974 15.000
R_994 -32.645 -1015.709 16.000
V_995 0.000 613.196 12.000
D_996 -23.258 -475.402 12.000
L_997 0.000 679.918 7.000
K_998 -13.255 -818.649 7.000
F_999 0.000 560.542 5.000
M_1000 0.000 401.769 5.000
Y_1001 -8.431 -274.939 6.000
L_1002 0.000 679.918 6.000
D_1003 -14.591 -475.402 6.000
P_1004 0.000 -195.996 9.000
P_1005 0.000 -195.996 13.000
R_1006 -27.076 -1015.709 11.000
D_1007 -24.169 -475.402 13.000
H_1008 -13.586 -583.484 16.000
H_1009 -11.652 -583.484 11.000
T_1010 -17.098 -90.974 11.000
L_1011 0.000 679.918 9.000
E_1012 -22.253 -605.239 11.000
I_1013 0.000 777.529 12.000
Q_1014 -26.485 -643.904 16.000
Q_1015 -23.258 -643.904 12.000
Q_1016 -23.258 -643.904 12.000
A_1017 0.000 185.740 8.000
L_1018 0.000 679.918 9.000
L_1019 0.000 679.918 9.000
R_1020 -29.616 -1015.709 13.000
E_1021 -27.150 -605.239 17.000
Q_1022 -28.912 -643.904 20.000
Q_1023 -28.912 -643.904 20.000
K_1024 -20.127 -818.649 16.000
R_1025 -32.645 -1015.709 16.000
L_1026 0.000 679.918 17.000
N_1027 -25.003 -507.047 14.000
R_1028 -28.412 -1015.709 12.000
I_1029 0.000 777.529 12.000
K_1030 -17.811 -818.649 12.000
M_1031 0.000 401.769 11.000
Q_1032 -22.253 -643.904 11.000
E_1033 -18.409 -605.239 8.000
G_1034 0.000 -27.649 11.000
A_1035 0.000 185.740 7.000
K_1036 -13.255 -818.649 7.000
V_1037 0.000 613.196 7.000
D_1038 -22.253 -475.402 11.000
L_1039 0.000 679.918 8.000
D_1040 -18.409 -475.402 8.000
A_1041 0.000 185.740 4.000
I_1042 0.000 777.529 7.000
P_1043 0.000 -195.996 3.000
S_1044 -11.867 -90.060 6.000
A_1045 0.000 185.740 6.000
K_1046 -17.098 -818.649 11.000
V_1047 0.000 613.196 12.000
R_1048 -32.645 -1015.709 16.000
E_1049 -27.773 -605.239 18.000
Q_1050 -27.773 -643.904 18.000
R_1051 -29.616 -1015.709 13.000
M_1052 0.000 401.769 14.000
P_1053 0.000 -195.996 14.000
R_1054 -29.616 -1015.709 13.000
D_1055 -26.485 -475.402 16.000
D_1056 -28.359 -475.402 19.000
T_1057 -21.060 -90.974 18.000
S_1058 -19.059 -90.060 14.000
D_1059 -21.132 -475.402 10.000
F_1060 0.000 560.542 10.000
L_1061 0.000 679.918 11.000
K_1062 -16.309 -818.649 10.000
N_1063 -21.132 -507.047 10.000
S_1064 -16.309 -90.060 10.000
L_1065 0.000 679.918 11.000
L_1066 0.000 679.918 10.000
E_1067 -22.253 -605.239 11.000
S_1068 -19.059 -90.060 14.000
D_1069 -25.003 -475.402 14.000
S_1070 -16.309 -90.060 10.000
A_1071 0.000 185.740 7.000
F_1072 0.000 560.542 3.000
I_1073 0.000 777.529 0.000
G_1074 0.000 -27.649 2.000
A_1075 0.000 185.740 2.000
Y_1076 -8.431 -274.939 6.000
G_1077 0.000 -27.649 9.000
E_1078 -22.253 -605.239 11.000
T_1079 -15.425 -90.974 9.000
Y_1080 -10.601 -274.939 9.000
P_1081 0.000 -195.996 5.000
A_1082 0.000 185.740 6.000
I_1083 0.000 777.529 8.000
E_1084 -23.258 -605.239 12.000
D_1085 -23.258 -475.402 12.000
D_1086 -23.258 -475.402 12.000
V_1087 0.000 613.196 8.000
L_1088 0.000 679.918 4.000
P_1089 0.000 -195.996 0.000
P_1090 0.000 -195.996 3.000
P_1091 0.000 -195.996 7.000
S_1092 -13.255 -90.060 7.000
Q_1093 -16.691 -643.904 7.000
L_1094 0.000 679.918 10.000
P_1095 0.000 -195.996 7.000
S_1096 -14.420 -90.060 8.000
A_1097 0.000 185.740 12.000
R_1098 -33.508 -1015.709 17.000
E_1099 -28.359 -605.239 19.000
R_1100 -38.285 -1015.709 24.000
R_1101 -37.706 -1015.709 23.000
R_1102 -37.098 -1015.709 22.000
N_1103 -27.773 -507.047 18.000
K_1104 -20.127 -818.649 16.000
W_1105 -5.944 -203.500 11.000
K_1106 -13.255 -818.649 7.000
G_1107 0.000 -27.649 8.000
L_1108 0.000 679.918 7.000
D_1109 -18.409 -475.402 8.000
I_1110 0.000 777.529 11.000
D_1111 -25.003 -475.402 14.000
S_1112 -19.613 -90.060 15.000
S_1113 -19.613 -90.060 15.000
R_1114 -31.716 -1015.709 15.000
P_1115 0.000 -195.996 12.000
N_1116 -19.866 -507.047 9.000
V_1117 0.000 613.196 4.000
A_1118 0.000 185.740 8.000
P_1119 0.000 -195.996 4.000
D_1120 -7.878 -475.402 4.000
G_1121 0.000 -27.649 7.000
L_1122 0.000 679.918 7.000
S_1123 -11.867 -90.060 6.000
L_1124 0.000 679.918 9.000
K_1125 -15.425 -818.649 9.000
S_1126 -15.425 -90.060 9.000
I_1127 0.000 777.529 12.000
S_1128 -15.425 -90.060 9.000
S_1129 -16.309 -90.060 10.000
V_1130 0.000 613.196 10.000
N_1131 -22.253 -507.047 11.000
V_1132 0.000 613.196 12.000
D_1133 -23.258 -475.402 12.000
E_1134 -24.169 -605.239 13.000
L_1135 0.000 679.918 13.000
R_1136 -30.711 -1015.709 14.000
V_1137 0.000 613.196 14.000
R_1138 -34.315 -1015.709 18.000
N_1139 -27.150 -507.047 17.000
E_1140 -29.934 -605.239 22.000
E_1141 -27.150 -605.239 17.000
R_1142 -34.315 -1015.709 18.000
M_1143 0.000 401.769 19.000
R_1144 -31.716 -1015.709 15.000
R_1145 -30.711 -1015.709 14.000
L_1146 0.000 679.918 18.000
N_1147 -24.169 -507.047 13.000
E_1148 -21.132 -605.239 10.000
F_1149 0.000 560.542 14.000
H_1150 -12.518 -583.484 13.000
N_1151 -19.866 -507.047 9.000
K_1152 -15.425 -818.649 9.000
P_1153 0.000 -195.996 11.000
I_1154 0.000 777.529 10.000
N_1155 -22.253 -507.047 11.000
T_1156 -19.613 -90.974 15.000
D_1157 -28.359 -475.402 19.000
D_1158 -27.773 -475.402 18.000
E_1159 -27.773 -605.239 18.000
S_1160 -19.059 -90.060 14.000
S_1161 -16.309 -90.060 10.000
L_1162 0.000 679.918 10.000
V_1163 0.000 613.196 7.000
D_1164 -18.409 -475.402 8.000
P_1165 0.000 -195.996 12.000
D_1166 -23.258 -475.402 12.000
D_1167 -18.409 -475.402 8.000
I_1168 0.000 777.529 11.000
M_1169 0.000 401.769 9.000
K_1170 -10.149 -818.649 5.000
H_1171 -7.426 -583.484 5.000
I_1172 0.000 777.529 9.000
G_1173 0.000 -27.649 10.000
D_1174 -18.409 -475.402 8.000
D_1175 -22.253 -475.402 11.000
G_1176 0.000 -27.649 15.000
S_1177 -19.059 -90.060 14.000
N_1178 -21.132 -507.047 10.000
S_1179 -16.309 -90.060 10.000
V_1180 0.000 613.196 10.000
A_1181 0.000 185.740 10.000
T_1182 -13.255 -90.974 7.000
E_1183 -18.409 -605.239 8.000
P_1184 0.000 -195.996 8.000
W_1185 -5.708 -203.500 10.000
L_1186 0.000 679.918 6.000
R_1187 -16.309 -1015.709 6.000
P_1188 0.000 -195.996 8.000
G_1189 0.000 -27.649 11.000
T_1190 -16.309 -90.974 10.000
S_1191 -18.462 -90.060 13.000
E_1192 -24.169 -605.239 13.000
T_1193 -18.462 -90.974 13.000
L_1194 0.000 679.918 15.000
K_1195 -17.098 -818.649 11.000
R_1196 -21.845 -1015.709 8.000
F_1197 0.000 560.542 8.000
M_1198 0.000 401.769 9.000
A_1199 0.000 185.740 8.000
E_1200 -18.409 -605.239 8.000
Q_1201 -23.258 -643.904 12.000
L_1202 0.000 679.918 16.000
N_1203 -26.485 -507.047 16.000
Q_1204 -26.485 -643.904 16.000
E_1205 -28.912 -605.239 20.000
Q_1206 -28.912 -643.904 20.000
Q_1207 -26.485 -643.904 16.000
Q_1208 -23.258 -643.904 12.000
I_1209 0.000 777.529 8.000
P_1210 0.000 -195.996 7.000
G_1211 0.000 -27.649 3.000
K_1212 -4.441 -818.649 3.000
P_1213 0.000 -195.996 6.000
G_1214 0.000 -27.649 6.000
T_1215 -11.867 -90.974 6.000
F_1216 0.000 560.542 7.000
T_1217 -17.098 -90.974 11.000
W_1218 -5.155 -203.500 8.000
Q_1219 -18.409 -643.904 8.000
G_1220 0.000 -27.649 8.000
L_1221 0.000 679.918 10.000
S_1222 -11.867 -90.060 6.000
T_1223 -14.420 -90.974 8.000
A_1224 0.000 185.740 8.000
H_1225 -7.426 -583.484 5.000
G_1226 0.000 -27.649 2.000
