M_1 0.000 401.769 4.000
D_2 -7.878 -475.402 4.000
L_3 0.000 679.918 8.000
F_4 0.000 560.542 8.000
D_5 -7.878 -475.402 4.000
F_6 0.000 560.542 9.000
F_7 0.000 560.542 13.000
R_8 -25.574 -1015.709 10.000
D_9 -25.003 -475.402 14.000
W_10 -6.542 -203.500 14.000
D_11 -24.169 -475.402 13.000
L_12 0.000 679.918 13.000
E_13 -26.485 -605.239 16.000
Q_14 -23.258 -643.904 12.000
Q_15 -25.003 -643.904 14.000
C_16 0.000 322.480 12.000
H_17 -12.104 -583.484 12.000
Y_18 -12.104 -274.939 12.000
E_19 -26.485 -605.239 16.000
Q_20 -28.359 -643.904 19.000
D_21 -28.912 -475.402 20.000
R_22 -32.645 -1015.709 16.000
S_23 -17.811 -90.060 12.000
A_24 0.000 185.740 11.000
L_25 0.000 679.918 9.000
K_26 -17.098 -818.649 11.000
K_27 -19.613 -818.649 15.000
R_28 -32.645 -1015.709 16.000
E_29 -27.150 -605.239 17.000
W_30 -7.299 -203.500 19.000
E_31 -28.359 -605.239 19.000
R_32 -35.072 -1015.709 19.000
R_33 -37.098 -1015.709 22.000
N_34 -29.934 -507.047 22.000
Q_35 -27.150 -643.904 17.000
E_36 -26.485 -605.239 16.000
V_37 0.000 613.196 16.000
Q_38 -26.485 -643.904 16.000
Q_39 -26.485 -643.904 16.000
E_40 -28.912 -605.239 20.000
D_41 -26.485 -475.402 16.000
D_42 -23.258 -475.402 12.000
L_43 0.000 679.918 11.000
F_44 0.000 560.542 10.000
S_45 -11.867 -90.060 6.000
S_46 -11.867 -90.060 6.000
G_47 0.000 -27.649 10.000
F_48 0.000 560.542 7.000
D_49 -7.878 -475.402 4.000
L_50 0.000 679.918 4.000
F_51 0.000 560.542 8.000
G_52 0.000 -27.649 4.000
E_53 -14.591 -605.239 6.000
P_54 0.000 -195.996 9.000
Y_55 -10.601 -274.939 9.000
K_56 -10.149 -818.649 5.000
V_57 0.000 613.196 9.000
A_58 0.000 185.740 9.000
E_59 -19.866 -605.239 9.000
Y_60 -12.518 -274.939 13.000
T_61 -20.127 -90.974 16.000
N_62 -23.258 -507.047 12.000
K_63 -19.059 -818.649 14.000
G_64 0.000 -27.649 11.000
D_65 -16.691 -475.402 7.000
A_66 0.000 185.740 4.000
L_67 0.000 679.918 8.000
A_68 0.000 185.740 9.000
N_69 -19.866 -507.047 9.000
R_70 -29.616 -1015.709 13.000
V_71 0.000 613.196 17.000
Q_72 -26.485 -643.904 16.000
N_73 -22.253 -507.047 11.000
T_74 -17.098 -90.974 11.000
L_75 0.000 679.918 11.000
G_76 0.000 -27.649 9.000
N_77 -21.132 -507.047 10.000
Y_78 -12.900 -274.939 14.000
D_79 -25.003 -475.402 14.000
E_80 -24.169 -605.239 13.000
M_81 0.000 401.769 15.000
K_82 -17.098 -818.649 11.000
N_83 -16.691 -507.047 7.000
L_84 0.000 679.918 10.000
L_85 0.000 679.918 11.000
T_86 -15.425 -90.974 9.000
N_87 -23.258 -507.047 12.000
H_88 -13.586 -583.484 16.000
S_89 -20.609 -90.060 17.000
N_90 -27.150 -507.047 17.000
Q_91 -27.150 -643.904 17.000
N_92 -25.003 -507.047 14.000
H_93 -11.154 -583.484 10.000
L_94 0.000 679.918 6.000
V_95 0.000 613.196 2.000
G_96 0.000 -27.649 0.000
I_97 0.000 777.529 3.000
P_98 0.000 -195.996 7.000
K_99 -16.309 -818.649 10.000
N_100 -21.132 -507.047 10.000
S_101 -16.309 -90.060 10.000
V_102 0.000 613.196 11.000
P_103 0.000 -195.996 11.000
Q_104 -18.409 -643.904 8.000
N_105 -23.258 -507.047 12.000
P_106 0.000 -195.996 16.000
N_107 -25.772 -507.047 15.000
N_108 -25.772 -507.047 15.000
K_109 -21.486 -818.649 19.000
N_110 -25.772 -507.047 15.000
E_111 -25.003 -605.239 14.000
P_112 0.000 -195.996 11.000
S_113 -13.255 -90.060 7.000
F_114 0.000 560.542 3.000
F_115 0.000 560.542 7.000
P_116 0.000 -195.996 8.000
E_117 -22.253 -605.239 11.000
Q_118 -25.772 -643.904 15.000
K_119 -21.889 -818.649 20.000
N_120 -26.485 -507.047 16.000
R_121 -28.412 -1015.709 12.000
I_122 0.000 777.529 9.000
I_123 0.000 777.529 5.000
P_124 0.000 -195.996 2.000
P_125 0.000 -195.996 6.000
H_126 -11.154 -583.484 10.000
Q_127 -25.003 -643.904 14.000
D_128 -27.150 -475.402 17.000
N_129 -27.150 -507.047 17.000
T_130 -18.462 -90.974 13.000
H_131 -12.104 -583.484 12.000
P_132 0.000 -195.996 8.000
S_133 -10.149 -90.060 5.000
A_134 0.000 185.740 3.000
P_135 0.000 -195.996 3.000
M_136 0.000 401.769 0.000
P_137 0.000 -195.996 0.000
P_138 0.000 -195.996 3.000
P_139 0.000 -195.996 3.000
S_140 -4.441 -90.060 3.000
V_141 0.000 613.196 3.000
V_142 0.000 613.196 3.000
I_143 0.000 777.529 4.000
L_144 0.000 679.918 7.000
N_145 -21.132 -507.047 10.000
S_146 -16.309 -90.060 10.000
T_147 -16.309 -90.974 10.000
L_148 0.000 679.918 8.000
I_149 0.000 777.529 8.000
H_150 -10.601 -583.484 9.000
S_151 -19.059 -90.060 14.000
N_152 -27.150 -507.047 17.000
R_153 -34.315 -1015.709 18.000
K_154 -21.060 -818.649 18.000
S_155 -19.059 -90.060 14.000
K_156 -18.462 -818.649 13.000
P_157 0.000 -195.996 11.000
E_158 -22.253 -605.239 11.000
W_159 -6.358 -203.500 13.000
S_160 -20.609 -90.060 17.000
R_161 -32.645 -1015.709 16.000
D_162 -27.150 -475.402 17.000
S_163 -21.060 -90.060 18.000
H_164 -12.518 -583.484 13.000
N_165 -23.258 -507.047 12.000
P_166 0.000 -195.996 12.000
S_167 -16.309 -90.060 10.000
T_168 -11.867 -90.974 6.000
V_169 0.000 613.196 6.000
L_170 0.000 679.918 6.000
A_171 0.000 185.740 7.000
S_172 -13.255 -90.060 7.000
Q_173 -21.132 -643.904 10.000
A_174 0.000 185.740 10.000
S_175 -17.098 -90.060 11.000
G_176 0.000 -27.649 7.000
Q_177 -22.253 -643.904 11.000
P_178 0.000 -195.996 11.000
N_179 -22.253 -507.047 11.000
K_180 -17.098 -818.649 11.000
M_181 0.000 401.769 14.000
Q_182 -21.132 -643.904 10.000
T_183 -16.309 -90.974 10.000
L_184 0.000 679.918 14.000
T_185 -19.059 -90.974 14.000
Q_186 -25.772 -643.904 15.000
D_187 -27.773 -475.402 18.000
Q_188 -28.359 -643.904 19.000
S_189 -19.613 -90.060 15.000
Q_190 -25.003 -643.904 14.000
A_191 0.000 185.740 10.000
K_192 -17.098 -818.649 11.000
L_193 0.000 679.918 11.000
E_194 -22.253 -605.239 11.000
D_195 -18.409 -475.402 8.000
F_196 0.000 560.542 8.000
F_197 0.000 560.542 6.000
V_198 0.000 613.196 2.000
Y_199 -1.718 -274.939 2.000
P_200 0.000 -195.996 6.000
A_201 0.000 185.740 10.000
E_202 -18.409 -605.239 8.000
Q_203 -23.258 -643.904 12.000
P_204 0.000 -195.996 12.000
Q_205 -18.409 -643.904 8.000
I_206 0.000 777.529 8.000
G_207 0.000 -27.649 8.000
E_208 -18.409 -605.239 8.000
V_209 0.000 613.196 12.000
E_210 -25.772 -605.239 15.000
E_211 -25.772 -605.239 15.000
S_212 -19.613 -90.060 15.000
N_213 -25.003 -507.047 14.000
P_214 0.000 -195.996 10.000
S_215 -16.309 -90.060 10.000
A_216 0.000 185.740 10.000
K_217 -19.059 -818.649 14.000
E_218 -25.003 -605.239 14.000
D_219 -27.773 -475.402 18.000
S_220 -19.613 -90.060 15.000
N_221 -25.772 -507.047 15.000
P_222 0.000 -195.996 14.000
N_223 -25.003 -507.047 14.000
S_224 -16.309 -90.060 10.000
S_225 -19.059 -90.060 14.000
G_226 0.000 -27.649 14.000
E_227 -22.253 -605.239 11.000
D_228 -18.409 -475.402 8.000
A_229 0.000 185.740 11.000
F_230 0.000 560.542 11.000
K_231 -13.255 -818.649 7.000
E_232 -16.691 -605.239 7.000
I_233 0.000 777.529 11.000
F_234 0.000 560.542 11.000
Q_235 -22.253 -643.904 11.000
S_236 -19.059 -90.060 14.000
N_237 -25.003 -507.047 14.000
S_238 -19.059 -90.060 14.000
P_239 0.000 -195.996 15.000
E_240 -25.003 -605.239 14.000
E_241 -25.772 -605.239 15.000
S_242 -19.613 -90.060 15.000
E_243 -22.253 -605.239 11.000
F_244 0.000 560.542 7.000
A_245 0.000 185.740 8.000
V_246 0.000 613.196 4.000
Q_247 -7.878 -643.904 4.000
A_248 0.000 185.740 4.000
P_249 0.000 -195.996 7.000
G_250 0.000 -27.649 3.000
S_251 -4.441 -90.060 3.000
P_252 0.000 -195.996 3.000
L_253 0.000 679.918 3.000
V_254 0.000 613.196 3.000
A_255 0.000 185.740 6.000
S_256 -11.867 -90.060 6.000
S_257 -11.867 -90.060 6.000
L_258 0.000 679.918 6.000
L_259 0.000 679.918 3.000
A_260 0.000 185.740 3.000
P_261 0.000 -195.996 6.000
S_262 -11.867 -90.060 6.000
S_263 -11.867 -90.060 6.000
G_264 0.000 -27.649 9.000
L_265 0.000 679.918 6.000
S_266 -13.255 -90.060 7.000
V_267 0.000 613.196 11.000
Q_268 -22.253 -643.904 11.000
N_269 -18.409 -507.047 8.000
F_270 0.000 560.542 8.000
P_271 0.000 -195.996 4.000
P_272 0.000 -195.996 0.000
G_273 0.000 -27.649 2.000
L_274 0.000 679.918 2.000
Y_275 -7.426 -274.939 5.000
C_276 0.000 322.480 8.000
K_277 -17.098 -818.649 11.000
T_278 -15.425 -90.974 9.000
S_279 -15.425 -90.060 9.000
M_280 0.000 401.769 10.000
G_281 0.000 -27.649 11.000
Q_282 -22.253 -643.904 11.000
Q_283 -22.253 -643.904 11.000
K_284 -19.059 -818.649 14.000
P_285 0.000 -195.996 10.000
T_286 -14.420 -90.974 8.000
A_287 0.000 185.740 5.000
Y_288 -11.154 -274.939 10.000
V_289 0.000 613.196 7.000
R_290 -19.414 -1015.709 7.000
P_291 0.000 -195.996 9.000
M_292 0.000 401.769 9.000
D_293 -18.409 -475.402 8.000
G_294 0.000 -27.649 12.000
Q_295 -26.485 -643.904 16.000
D_296 -23.258 -475.402 12.000
Q_297 -23.258 -643.904 12.000
A_298 0.000 185.740 12.000
P_299 0.000 -195.996 8.000
D_300 -16.691 -475.402 7.000
I_301 0.000 777.529 7.000
S_302 -16.309 -90.060 10.000
P_303 0.000 -195.996 6.000
T_304 -15.425 -90.974 9.000
L_305 0.000 679.918 6.000
K_306 -15.425 -818.649 9.000
P_307 0.000 -195.996 6.000
S_308 -16.309 -90.060 10.000
I_309 0.000 777.529 7.000
E_310 -22.253 -605.239 11.000
F_311 0.000 560.542 12.000
E_312 -25.772 -605.239 15.000
N_313 -22.253 -507.047 11.000
S_314 -17.098 -90.060 11.000
F_315 0.000 560.542 11.000
G_316 0.000 -27.649 7.000
N_317 -16.691 -507.047 7.000
L_318 0.000 679.918 7.000
S_319 -13.255 -90.060 7.000
F_320 0.000 560.542 6.000
G_321 0.000 -27.649 6.000
T_322 -4.441 -90.974 3.000
L_323 0.000 679.918 7.000
L_324 0.000 679.918 7.000
D_325 -16.691 -475.402 7.000
G_326 0.000 -27.649 7.000
K_327 -16.309 -818.649 10.000
P_328 0.000 -195.996 6.000
S_329 -11.867 -90.060 6.000
A_330 0.000 185.740 6.000
A_331 0.000 185.740 9.000
S_332 -15.425 -90.060 9.000
S_333 -17.811 -90.060 12.000
K_334 -19.613 -818.649 15.000
T_335 -17.811 -90.974 12.000
K_336 -15.425 -818.649 9.000
L_337 0.000 679.918 9.000
P_338 0.000 -195.996 6.000
K_339 -11.867 -818.649 6.000
F_340 0.000 560.542 6.000
T_341 -11.867 -90.974 6.000
I_342 0.000 777.529 7.000
L_343 0.000 679.918 10.000
Q_344 -21.132 -643.904 10.000
T_345 -19.059 -90.974 14.000
S_346 -19.059 -90.060 14.000
E_347 -24.169 -605.239 13.000
V_348 0.000 613.196 10.000
S_349 -13.255 -90.060 7.000
L_350 0.000 679.918 6.000
P_351 0.000 -195.996 10.000
S_352 -13.255 -90.060 7.000
D_353 -21.132 -475.402 10.000
P_354 0.000 -195.996 10.000
S_355 -13.255 -90.060 7.000
C_356 0.000 322.480 7.000
V_357 0.000 613.196 11.000
E_358 -18.409 -605.239 8.000
E_359 -18.409 -605.239 8.000
I_360 0.000 777.529 13.000
L_361 0.000 679.918 13.000
R_362 -23.856 -1015.709 9.000
E_363 -23.258 -605.239 12.000
M_364 0.000 401.769 14.000
T_365 -17.811 -90.974 12.000
H_366 -10.601 -583.484 9.000
S_367 -15.425 -90.060 9.000
W_368 -5.447 -203.500 9.000
P_369 0.000 -195.996 7.000
T_370 -7.878 -90.974 4.000
P_371 0.000 -195.996 6.000
L_372 0.000 679.918 9.000
T_373 -11.867 -90.974 6.000
S_374 -14.420 -90.060 8.000
M_375 0.000 401.769 11.000
H_376 -9.978 -583.484 8.000
T_377 -10.149 -90.974 5.000
A_378 0.000 185.740 7.000
G_379 0.000 -27.649 8.000
H_380 -10.601 -583.484 9.000
S_381 -18.462 -90.060 13.000
E_382 -26.485 -605.239 16.000
Q_383 -27.150 -643.904 17.000
S_384 -19.059 -90.060 14.000
T_385 -18.462 -90.974 13.000
F_386 0.000 560.542 9.000
S_387 -11.867 -90.060 6.000
I_388 0.000 777.529 3.000
P_389 0.000 -195.996 7.000
G_390 0.000 -27.649 8.000
Q_391 -22.253 -643.904 11.000
E_392 -25.772 -605.239 15.000
S_393 -20.609 -90.060 17.000
Q_394 -24.169 -643.904 13.000
H_395 -12.104 -583.484 12.000
L_396 0.000 679.918 9.000
T_397 -10.149 -90.974 5.000
P_398 0.000 -195.996 3.000
G_399 0.000 -27.649 6.000
F_400 0.000 560.542 3.000
T_401 -13.255 -90.974 7.000
L_402 0.000 679.918 10.000
Q_403 -22.253 -643.904 11.000
K_404 -17.811 -818.649 12.000
W_405 -6.873 -203.500 16.000
N_406 -23.258 -507.047 12.000
D_407 -23.258 -475.402 12.000
P_408 0.000 -195.996 14.000
T_409 -19.613 -90.974 15.000
T_410 -17.098 -90.974 11.000
R_411 -30.711 -1015.709 14.000
A_412 0.000 185.740 14.000
S_413 -19.059 -90.060 14.000
T_414 -17.811 -90.974 12.000
K_415 -17.811 -818.649 12.000
S_416 -17.811 -90.060 12.000
V_417 0.000 613.196 9.000
S_418 -15.425 -90.060 9.000
F_419 0.000 560.542 9.000
K_420 -15.425 -818.649 9.000
S_421 -11.867 -90.060 6.000
M_422 0.000 401.769 10.000
L_423 0.000 679.918 11.000
E_424 -23.258 -605.239 12.000
D_425 -23.258 -475.402 12.000
D_426 -25.772 -475.402 15.000
L_427 0.000 679.918 11.000
K_428 -16.309 -818.649 10.000
L_429 0.000 679.918 9.000
S_430 -18.462 -90.060 13.000
S_431 -19.059 -90.060 14.000
D_432 -27.773 -475.402 18.000
E_433 -28.359 -605.239 19.000
D_434 -26.485 -475.402 16.000
D_435 -26.485 -475.402 16.000
L_436 0.000 679.918 12.000
E_437 -18.409 -605.239 8.000
P_438 0.000 -195.996 7.000
V_439 0.000 613.196 10.000
K_440 -11.867 -818.649 6.000
T_441 -15.425 -90.974 9.000
L_442 0.000 679.918 12.000
T_443 -18.462 -90.974 13.000
T_444 -16.309 -90.974 10.000
Q_445 -24.169 -643.904 13.000
C_446 0.000 322.480 10.000
T_447 -16.309 -90.974 10.000
A_448 0.000 185.740 10.000
T_449 -16.309 -90.974 10.000
E_450 -19.866 -605.239 9.000
L_451 0.000 679.918 13.000
Y_452 -11.154 -274.939 10.000
Q_453 -14.591 -643.904 6.000
A_454 0.000 185.740 10.000
V_455 0.000 613.196 11.000
E_456 -16.691 -605.239 7.000
K_457 -16.309 -818.649 10.000
A_458 0.000 185.740 10.000
K_459 -17.098 -818.649 11.000
P_460 0.000 -195.996 12.000
R_461 -32.645 -1015.709 16.000
N_462 -24.169 -507.047 13.000
N_463 -24.169 -507.047 13.000
P_464 0.000 -195.996 12.000
V_465 0.000 613.196 8.000
N_466 -7.878 -507.047 4.000
P_467 0.000 -195.996 4.000
P_468 0.000 -195.996 4.000
L_469 0.000 679.918 3.000
A_470 0.000 185.740 3.000
T_471 -13.255 -90.974 7.000
P_472 0.000 -195.996 7.000
Q_473 -16.691 -643.904 7.000
P_474 0.000 -195.996 4.000
P_475 0.000 -195.996 4.000
P_476 0.000 -195.996 0.000
A_477 0.000 185.740 4.000
V_478 0.000 613.196 4.000
Q_479 -16.691 -643.904 7.000
A_480 0.000 185.740 7.000
S_481 -13.255 -90.060 7.000
G_482 0.000 -27.649 6.000
G_483 0.000 -27.649 6.000
S_484 -11.867 -90.060 6.000
G_485 0.000 -27.649 9.000
S_486 -17.811 -90.060 12.000
S_487 -18.462 -90.060 13.000
S_488 -20.127 -90.060 16.000
E_489 -27.150 -605.239 17.000
S_490 -20.609 -90.060 17.000
E_491 -27.150 -605.239 17.000
S_492 -20.127 -90.060 16.000
S_493 -20.609 -90.060 17.000
S_494 -20.127 -90.060 16.000
E_495 -27.150 -605.239 17.000
S_496 -20.609 -90.060 17.000
D_497 -27.773 -475.402 18.000
S_498 -20.609 -90.060 17.000
D_499 -27.773 -475.402 18.000
T_500 -20.609 -90.974 17.000
E_501 -27.150 -605.239 17.000
S_502 -20.127 -90.060 16.000
S_503 -20.127 -90.060 16.000
T_504 -20.127 -90.974 16.000
T_505 -20.127 -90.974 16.000
D_506 -27.150 -475.402 17.000
S_507 -20.609 -90.060 17.000
E_508 -27.773 -605.239 18.000
S_509 -21.060 -90.060 18.000
N_510 -25.772 -507.047 15.000
E_511 -22.253 -605.239 11.000
A_512 0.000 185.740 13.000
P_513 0.000 -195.996 9.000
R_514 -11.867 -1015.709 5.000
V_515 0.000 613.196 8.000
A_516 0.000 185.740 8.000
T_517 -13.255 -90.974 7.000
P_518 0.000 -195.996 7.000
E_519 -22.253 -605.239 11.000
P_520 0.000 -195.996 8.000
E_521 -18.409 -605.239 8.000
P_522 0.000 -195.996 7.000
P_523 0.000 -195.996 10.000
S_524 -16.309 -90.060 10.000
T_525 -18.462 -90.974 13.000
N_526 -25.003 -507.047 14.000
K_527 -19.613 -818.649 15.000
W_528 -6.160 -203.500 12.000
Q_529 -23.258 -643.904 12.000
L_530 0.000 679.918 12.000
D_531 -23.258 -475.402 12.000
K_532 -14.420 -818.649 8.000
W_533 -6.160 -203.500 12.000
L_534 0.000 679.918 11.000
N_535 -18.409 -507.047 8.000
K_536 -16.309 -818.649 10.000
V_537 0.000 613.196 13.000
T_538 -18.462 -90.974 13.000
S_539 -19.059 -90.060 14.000
Q_540 -27.150 -643.904 17.000
N_541 -27.150 -507.047 17.000
K_542 -19.059 -818.649 14.000
S_543 -16.309 -90.060 10.000
F_544 0.000 560.542 6.000
I_545 0.000 777.529 3.000
C_546 0.000 322.480 4.000
G_547 0.000 -27.649 8.000
Q_548 -23.258 -643.904 12.000
N_549 -25.772 -507.047 15.000
E_550 -25.772 -605.239 15.000
T_551 -17.098 -90.974 11.000
P_552 0.000 -195.996 11.000
M_553 0.000 401.769 10.000
E_554 -16.691 -605.239 7.000
T_555 -16.309 -90.974 10.000
I_556 0.000 777.529 10.000
S_557 -11.867 -90.060 6.000
L_558 0.000 679.918 3.000
P_559 0.000 -195.996 3.000
P_560 0.000 -195.996 0.000
P_561 0.000 -195.996 0.000
I_562 0.000 777.529 4.000
I_563 0.000 777.529 4.000
Q_564 -7.878 -643.904 4.000
P_565 0.000 -195.996 8.000
M_566 0.000 401.769 8.000
E_567 -18.409 -605.239 8.000
V_568 0.000 613.196 8.000
Q_569 -22.253 -643.904 11.000
M_570 0.000 401.769 7.000
K_571 -16.309 -818.649 10.000
V_572 0.000 613.196 9.000
K_573 -18.462 -818.649 13.000
T_574 -16.309 -90.974 10.000
N_575 -24.169 -507.047 13.000
A_576 0.000 185.740 14.000
S_577 -17.098 -90.060 11.000
Q_578 -16.691 -643.904 7.000
V_579 0.000 613.196 7.000
P_580 0.000 -195.996 8.000
A_581 0.000 185.740 4.000
E_582 -16.691 -605.239 7.000
P_583 0.000 -195.996 11.000
K_584 -20.127 -818.649 16.000
E_585 -23.258 -605.239 12.000
R_586 -28.412 -1015.709 12.000
P_587 0.000 -195.996 9.000
L_588 0.000 679.918 8.000
L_589 0.000 679.918 3.000
S_590 -4.441 -90.060 3.000
L_591 0.000 679.918 8.000
I_592 0.000 777.529 12.000
R_593 -28.412 -1015.709 12.000
E_594 -23.258 -605.239 12.000
K_595 -20.609 -818.649 17.000
A_596 0.000 185.740 12.000
R_597 -29.616 -1015.709 13.000
P_598 0.000 -195.996 10.000
R_599 -29.616 -1015.709 13.000
P_600 0.000 -195.996 12.000
T_601 -19.613 -90.974 15.000
Q_602 -21.132 -643.904 10.000
K_603 -16.309 -818.649 10.000
I_604 0.000 777.529 11.000
P_605 0.000 -195.996 10.000
E_606 -21.132 -605.239 10.000
T_607 -16.309 -90.974 10.000
K_608 -16.309 -818.649 10.000
A_609 0.000 185.740 9.000
L_610 0.000 679.918 8.000
K_611 -14.420 -818.649 8.000
H_612 -9.978 -583.484 8.000
K_613 -17.098 -818.649 11.000
L_614 0.000 679.918 11.000
S_615 -17.811 -90.060 12.000
T_616 -17.811 -90.974 12.000
T_617 -20.127 -90.974 16.000
S_618 -20.127 -90.060 16.000
E_619 -24.169 -605.239 13.000
T_620 -18.462 -90.974 13.000
V_621 0.000 613.196 14.000
S_622 -19.613 -90.060 15.000
Q_623 -25.772 -643.904 15.000
R_624 -31.716 -1015.709 15.000
T_625 -17.811 -90.974 12.000
I_626 0.000 777.529 11.000
G_627 0.000 -27.649 9.000
K_628 -16.309 -818.649 10.000
K_629 -16.309 -818.649 10.000
Q_630 -24.169 -643.904 13.000
P_631 0.000 -195.996 13.000
K_632 -16.309 -818.649 10.000
K_633 -16.309 -818.649 10.000
V_634 0.000 613.196 13.000
E_635 -25.003 -605.239 14.000
K_636 -19.059 -818.649 14.000
N_637 -27.150 -507.047 17.000
T_638 -20.127 -90.974 16.000
S_639 -20.609 -90.060 17.000
T_640 -20.609 -90.974 17.000
D_641 -25.003 -475.402 14.000
E_642 -25.003 -605.239 14.000
F_643 0.000 560.542 12.000
T_644 -14.420 -90.974 8.000
W_645 -4.824 -203.500 7.000
P_646 0.000 -195.996 7.000
K_647 -14.420 -818.649 8.000
P_648 0.000 -195.996 7.000
N_649 -21.132 -507.047 10.000
I_650 0.000 777.529 10.000
T_651 -18.462 -90.974 13.000
S_652 -17.811 -90.060 12.000
S_653 -17.811 -90.060 12.000
T_654 -17.811 -90.974 12.000
P_655 0.000 -195.996 13.000
K_656 -18.462 -818.649 13.000
E_657 -25.003 -605.239 14.000
K_658 -20.609 -818.649 17.000
E_659 -25.003 -605.239 14.000
S_660 -19.059 -90.060 14.000
V_661 0.000 613.196 11.000
E_662 -19.866 -605.239 9.000
L_663 0.000 679.918 10.000
H_664 -11.154 -583.484 10.000
D_665 -14.591 -475.402 6.000
P_666 0.000 -195.996 11.000
P_667 0.000 -195.996 9.000
R_668 -25.574 -1015.709 10.000
G_669 0.000 -27.649 14.000
R_670 -33.508 -1015.709 17.000
N_671 -23.258 -507.047 12.000
K_672 -19.613 -818.649 15.000
A_673 0.000 185.740 10.000
T_674 -14.420 -90.974 8.000
A_675 0.000 185.740 8.000
H_676 -9.978 -583.484 8.000
K_677 -10.149 -818.649 5.000
P_678 0.000 -195.996 5.000
A_679 0.000 185.740 8.000
P_680 0.000 -195.996 8.000
R_681 -28.412 -1015.709 12.000
K_682 -17.811 -818.649 12.000
E_683 -27.150 -605.239 17.000
P_684 0.000 -195.996 12.000
R_685 -29.616 -1015.709 13.000
P_686 0.000 -195.996 9.000
N_687 -19.866 -507.047 9.000
I_688 0.000 777.529 4.000
P_689 0.000 -195.996 4.000
L_690 0.000 679.918 0.000
A_691 0.000 185.740 4.000
P_692 0.000 -195.996 7.000
E_693 -21.132 -605.239 10.000
K_694 -18.462 -818.649 13.000
K_695 -19.613 -818.649 15.000
K_696 -20.127 -818.649 16.000
Y_697 -12.518 -274.939 13.000
R_698 -25.574 -1015.709 10.000
G_699 0.000 -27.649 7.000
P_700 0.000 -195.996 8.000
G_701 0.000 -27.649 3.000
K_702 -4.441 -818.649 3.000
I_703 0.000 777.529 3.000
V_704 0.000 613.196 6.000
P_705 0.000 -195.996 6.000
K_706 -17.098 -818.649 11.000
S_707 -19.613 -90.060 15.000
R_708 -31.716 -1015.709 15.000
E_709 -23.258 -605.239 12.000
F_710 0.000 560.542 13.000
I_711 0.000 777.529 11.000
E_712 -22.253 -605.239 11.000
T_713 -19.059 -90.974 14.000
D_714 -27.150 -475.402 17.000
S_715 -20.127 -90.060 16.000
S_716 -20.127 -90.060 16.000
T_717 -20.127 -90.974 16.000
S_718 -20.127 -90.060 16.000
D_719 -27.150 -475.402 17.000
S_720 -20.609 -90.060 17.000
N_721 -27.773 -507.047 18.000
T_722 -21.060 -90.974 18.000
D_723 -28.359 -475.402 19.000
Q_724 -28.359 -643.904 19.000
E_725 -28.359 -605.239 19.000
E_726 -25.772 -605.239 15.000
T_727 -19.613 -90.974 15.000
L_728 0.000 679.918 11.000
Q_729 -21.132 -643.904 10.000
I_730 0.000 777.529 7.000
K_731 -13.255 -818.649 7.000
V_732 0.000 613.196 3.000
L_733 0.000 679.918 3.000
P_734 0.000 -195.996 0.000
P_735 0.000 -195.996 0.000
C_736 0.000 322.480 0.000
I_737 0.000 777.529 3.000
I_738 0.000 777.529 3.000
S_739 -4.441 -90.060 3.000
G_740 0.000 -27.649 7.000
G_741 0.000 -27.649 10.000
N_742 -16.691 -507.047 7.000
T_743 -16.309 -90.974 10.000
A_744 0.000 185.740 13.000
K_745 -17.811 -818.649 12.000
S_746 -18.462 -90.060 13.000
K_747 -18.462 -818.649 13.000
E_748 -21.132 -605.239 10.000
I_749 0.000 777.529 7.000
C_750 0.000 322.480 4.000
G_751 0.000 -27.649 3.000
A_752 0.000 185.740 3.000
S_753 -11.867 -90.060 6.000
L_754 0.000 679.918 6.000
T_755 -15.425 -90.974 9.000
L_756 0.000 679.918 9.000
S_757 -15.425 -90.060 9.000
T_758 -11.867 -90.974 6.000
L_759 0.000 679.918 9.000
M_760 0.000 401.769 9.000
S_761 -15.425 -90.060 9.000
S_762 -15.425 -90.060 9.000
S_763 -17.811 -90.060 12.000
G_764 0.000 -27.649 13.000
S_765 -19.059 -90.060 14.000
N_766 -25.772 -507.047 15.000
N_767 -25.772 -507.047 15.000
N_768 -25.772 -507.047 15.000
L_769 0.000 679.918 11.000
S_770 -16.309 -90.060 10.000
I_771 0.000 777.529 10.000
S_772 -19.059 -90.060 14.000
N_773 -25.772 -507.047 15.000
E_774 -25.772 -605.239 15.000
E_775 -25.772 -605.239 15.000
P_776 0.000 -195.996 11.000
T_777 -16.309 -90.974 10.000
F_778 0.000 560.542 6.000
S_779 -11.867 -90.060 6.000
P_780 0.000 -195.996 3.000
I_781 0.000 777.529 3.000
P_782 0.000 -195.996 0.000
V_783 0.000 613.196 4.000
M_784 0.000 401.769 7.000
Q_785 -22.253 -643.904 11.000
T_786 -17.098 -90.974 11.000
E_787 -22.253 -605.239 11.000
I_788 0.000 777.529 10.000
L_789 0.000 679.918 7.000
S_790 -4.441 -90.060 3.000
P_791 0.000 -195.996 8.000
L_792 0.000 679.918 12.000
R_793 -27.076 -1015.709 11.000
D_794 -25.772 -475.402 15.000
H_795 -14.463 -583.484 19.000
E_796 -25.003 -605.239 14.000
N_797 -24.169 -507.047 13.000
L_798 0.000 679.918 15.000
K_799 -17.098 -818.649 11.000
N_800 -18.409 -507.047 8.000
L_801 0.000 679.918 8.000
W_802 -5.155 -203.500 8.000
V_803 0.000 613.196 4.000
K_804 -14.420 -818.649 8.000
I_805 0.000 777.529 7.000
D_806 -22.253 -475.402 11.000
L_807 0.000 679.918 8.000
D_808 -18.409 -475.402 8.000
L_809 0.000 679.918 7.000
L_810 0.000 679.918 12.000
S_811 -14.420 -90.060 8.000
R_812 -21.845 -1015.709 8.000
V_813 0.000 613.196 8.000
P_814 0.000 -195.996 7.000
G_815 0.000 -27.649 5.000
H_816 -9.978 -583.484 8.000
S_817 -14.420 -90.060 8.000
S_818 -16.309 -90.060 10.000
L_819 0.000 679.918 8.000
H_820 -7.426 -583.484 5.000
A_821 0.000 185.740 2.000
A_822 0.000 185.740 2.000
P_823 0.000 -195.996 3.000
A_824 0.000 185.740 3.000
K_825 -13.255 -818.649 7.000
P_826 0.000 -195.996 9.000
D_827 -23.258 -475.402 12.000
H_828 -12.518 -583.484 13.000
K_829 -20.127 -818.649 16.000
E_830 -23.258 -605.239 12.000
T_831 -18.462 -90.974 13.000
A_832 0.000 185.740 13.000
T_833 -15.425 -90.974 9.000
K_834 -15.425 -818.649 9.000
P_835 0.000 -195.996 14.000
K_836 -19.613 -818.649 15.000
R_837 -31.716 -1015.709 15.000
Q_838 -25.772 -643.904 15.000
T_839 -17.811 -90.974 12.000
A_840 0.000 185.740 10.000
V_841 0.000 613.196 6.000
T_842 -4.441 -90.974 3.000
A_843 0.000 185.740 7.000
V_844 0.000 613.196 10.000
E_845 -16.691 -605.239 7.000
K_846 -13.255 -818.649 7.000
P_847 0.000 -195.996 7.000
A_848 0.000 185.740 6.000
P_849 0.000 -195.996 3.000
K_850 -11.867 -818.649 6.000
G_851 0.000 -27.649 11.000
K_852 -19.059 -818.649 14.000
R_853 -29.616 -1015.709 13.000
K_854 -20.127 -818.649 16.000
H_855 -12.518 -583.484 13.000
K_856 -14.420 -818.649 8.000
P_857 0.000 -195.996 9.000
I_858 0.000 777.529 7.000
E_859 -7.878 -605.239 4.000
V_860 0.000 613.196 8.000
A_861 0.000 185.740 11.000
E_862 -16.691 -605.239 7.000
K_863 -13.255 -818.649 7.000
I_864 0.000 777.529 11.000
P_865 0.000 -195.996 10.000
E_866 -21.132 -605.239 10.000
K_867 -19.059 -818.649 14.000
K_868 -21.486 -818.649 19.000
Q_869 -25.772 -643.904 15.000
R_870 -32.645 -1015.709 16.000
L_871 0.000 679.918 17.000
E_872 -24.169 -605.239 13.000
E_873 -22.253 -605.239 11.000
A_874 0.000 185.740 14.000
T_875 -16.309 -90.974 10.000
T_876 -11.867 -90.974 6.000
I_877 0.000 777.529 6.000
C_878 0.000 322.480 3.000
L_879 0.000 679.918 0.000
L_880 0.000 679.918 0.000
P_881 0.000 -195.996 0.000
P_882 0.000 -195.996 0.000
C_883 0.000 322.480 3.000
I_884 0.000 777.529 3.000
S_885 -4.441 -90.060 3.000
P_886 0.000 -195.996 3.000
A_887 0.000 185.740 3.000
P_888 0.000 -195.996 2.000
P_889 0.000 -195.996 5.000
H_890 -7.426 -583.484 5.000
K_891 -10.149 -818.649 5.000
P_892 0.000 -195.996 9.000
P_893 0.000 -195.996 10.000
N_894 -23.258 -507.047 12.000
T_895 -20.127 -90.974 16.000
R_896 -35.785 -1015.709 20.000
E_897 -28.912 -605.239 20.000
N_898 -28.912 -507.047 20.000
N_899 -27.773 -507.047 18.000
S_900 -21.486 -90.060 19.000
S_901 -21.889 -90.060 20.000
R_902 -32.645 -1015.709 16.000
R_903 -33.508 -1015.709 17.000
A_904 0.000 185.740 19.000
N_905 -28.359 -507.047 19.000
R_906 -33.508 -1015.709 17.000
R_907 -36.459 -1015.709 21.000
K_908 -22.271 -818.649 21.000
E_909 -28.359 -605.239 19.000
E_910 -25.003 -605.239 14.000
K_911 -17.098 -818.649 11.000
L_912 0.000 679.918 7.000
F_913 0.000 560.542 3.000
P_914 0.000 -195.996 0.000
P_915 0.000 -195.996 0.000
P_916 0.000 -195.996 3.000
L_917 0.000 679.918 3.000
S_918 -4.441 -90.060 3.000
P_919 0.000 -195.996 3.000
L_920 0.000 679.918 7.000
P_921 0.000 -195.996 8.000
E_922 -18.409 -605.239 8.000
D_923 -18.409 -475.402 8.000
P_924 0.000 -195.996 13.000
P_925 0.000 -195.996 14.000
R_926 -31.716 -1015.709 15.000
R_927 -35.072 -1015.709 19.000
R_928 -35.072 -1015.709 19.000
N_929 -27.150 -507.047 17.000
V_930 0.000 613.196 12.000
S_931 -17.098 -90.060 11.000
G_932 0.000 -27.649 11.000
N_933 -22.253 -507.047 11.000
N_934 -18.409 -507.047 8.000
G_935 0.000 -27.649 8.000
P_936 0.000 -195.996 4.000
F_937 0.000 560.542 4.000
G_938 0.000 -27.649 8.000
Q_939 -22.253 -643.904 11.000
D_940 -25.772 -475.402 15.000
K_941 -19.613 -818.649 15.000
N_942 -22.253 -507.047 11.000
I_943 0.000 777.529 7.000
A_944 0.000 185.740 7.000
M_945 0.000 401.769 3.000
T_946 -13.255 -90.974 7.000
G_947 0.000 -27.649 7.000
Q_948 -21.132 -643.904 10.000
I_949 0.000 777.529 10.000
T_950 -18.462 -90.974 13.000
S_951 -17.811 -90.060 12.000
T_952 -17.811 -90.974 12.000
K_953 -17.811 -818.649 12.000
P_954 0.000 -195.996 14.000
K_955 -19.059 -818.649 14.000
R_956 -31.716 -1015.709 15.000
T_957 -19.613 -90.974 15.000
E_958 -25.772 -605.239 15.000
G_959 0.000 -27.649 10.000
K_960 -13.255 -818.649 7.000
F_961 0.000 560.542 3.000
C_962 0.000 322.480 6.000
A_963 0.000 185.740 3.000
T_964 -11.867 -90.974 6.000
F_965 0.000 560.542 6.000
K_966 -11.867 -818.649 6.000
G_967 0.000 -27.649 6.000
I_968 0.000 777.529 6.000
S_969 -13.255 -90.060 7.000
V_970 0.000 613.196 11.000
N_971 -22.253 -507.047 11.000
E_972 -23.258 -605.239 12.000
G_973 0.000 -27.649 15.000
D_974 -22.253 -475.402 11.000
T_975 -16.309 -90.974 10.000
P_976 0.000 -195.996 13.000
K_977 -15.425 -818.649 9.000
K_978 -15.425 -818.649 9.000
A_979 0.000 185.740 12.000
S_980 -15.425 -90.060 9.000
S_981 -15.425 -90.060 9.000
A_982 0.000 185.740 9.000
T_983 -15.425 -90.974 9.000
I_984 0.000 777.529 6.000
T_985 -15.425 -90.974 9.000
V_986 0.000 613.196 10.000
T_987 -18.462 -90.974 13.000
N_988 -21.132 -507.047 10.000
T_989 -16.309 -90.974 10.000
A_990 0.000 185.740 7.000
I_991 0.000 777.529 6.000
A_992 0.000 185.740 3.000
T_993 -11.867 -90.974 6.000
A_994 0.000 185.740 6.000
T_995 -15.425 -90.974 9.000
V_996 0.000 613.196 6.000
T_997 -15.425 -90.974 9.000
A_998 0.000 185.740 6.000
T_999 -11.867 -90.974 6.000
A_1000 0.000 185.740 3.000
I_1001 0.000 777.529 6.000
V_1002 0.000 613.196 6.000
T_1003 -15.425 -90.974 9.000
T_1004 -15.425 -90.974 9.000
T_1005 -17.811 -90.974 12.000
V_1006 0.000 613.196 9.000
T_1007 -15.425 -90.974 9.000
A_1008 0.000 185.740 6.000
T_1009 -15.425 -90.974 9.000
A_1010 0.000 185.740 6.000
T_1011 -15.425 -90.974 9.000
A_1012 0.000 185.740 6.000
T_1013 -15.425 -90.974 9.000
A_1014 0.000 185.740 9.000
T_1015 -17.811 -90.974 12.000
T_1016 -17.811 -90.974 12.000
T_1017 -19.613 -90.974 15.000
T_1018 -19.613 -90.974 15.000
T_1019 -19.613 -90.974 15.000
T_1020 -19.613 -90.974 15.000
T_1021 -17.811 -90.974 12.000
T_1022 -17.811 -90.974 12.000
I_1023 0.000 777.529 12.000
S_1024 -15.425 -90.060 9.000
T_1025 -15.425 -90.974 9.000
I_1026 0.000 777.529 12.000
T_1027 -17.811 -90.974 12.000
S_1028 -15.425 -90.060 9.000
T_1029 -17.811 -90.974 12.000
I_1030 0.000 777.529 12.000
T_1031 -15.425 -90.974 9.000
T_1032 -11.867 -90.974 6.000
G_1033 0.000 -27.649 6.000
L_1034 0.000 679.918 7.000
M_1035 0.000 401.769 7.000
D_1036 -21.132 -475.402 10.000
S_1037 -17.811 -90.060 12.000
S_1038 -17.811 -90.060 12.000
H_1039 -12.104 -583.484 12.000
L_1040 0.000 679.918 9.000
E_1041 -19.866 -605.239 9.000
M_1042 0.000 401.769 10.000
T_1043 -17.098 -90.974 11.000
S_1044 -13.255 -90.060 7.000
W_1045 -4.824 -203.500 7.000
A_1046 0.000 185.740 4.000
A_1047 0.000 185.740 1.000
L_1048 0.000 679.918 0.000
P_1049 0.000 -195.996 0.000
L_1050 0.000 679.918 3.000
L_1051 0.000 679.918 6.000
S_1052 -15.425 -90.060 9.000
S_1053 -17.811 -90.060 12.000
S_1054 -19.613 -90.060 15.000
S_1055 -20.127 -90.060 16.000
T_1056 -18.462 -90.974 13.000
N_1057 -25.772 -507.047 15.000
V_1058 0.000 613.196 17.000
R_1059 -30.711 -1015.709 14.000
R_1060 -29.616 -1015.709 13.000
P_1061 0.000 -195.996 13.000
K_1062 -17.098 -818.649 11.000
L_1063 0.000 679.918 6.000
T_1064 -16.309 -90.974 10.000
F_1065 0.000 560.542 11.000
D_1066 -25.003 -475.402 14.000
D_1067 -22.253 -475.402 11.000
S_1068 -18.462 -90.060 13.000
V_1069 0.000 613.196 13.000
H_1070 -10.601 -583.484 9.000
N_1071 -21.132 -507.047 10.000
A_1072 0.000 185.740 12.000
D_1073 -23.258 -475.402 12.000
Y_1074 -9.978 -274.939 8.000
Y_1075 -12.104 -274.939 12.000
M_1076 0.000 401.769 12.000
Q_1077 -21.132 -643.904 10.000
E_1078 -22.253 -605.239 11.000
A_1079 0.000 185.740 14.000
K_1080 -16.309 -818.649 10.000
K_1081 -15.425 -818.649 9.000
L_1082 0.000 679.918 11.000
K_1083 -17.098 -818.649 11.000
H_1084 -9.978 -583.484 8.000
K_1085 -17.811 -818.649 12.000
A_1086 0.000 185.740 9.000
D_1087 -16.691 -475.402 7.000
A_1088 0.000 185.740 4.000
L_1089 0.000 679.918 8.000
F_1090 0.000 560.542 7.000
E_1091 -16.691 -605.239 7.000
K_1092 -13.255 -818.649 7.000
F_1093 0.000 560.542 10.000
G_1094 0.000 -27.649 6.000
K_1095 -4.441 -818.649 3.000
A_1096 0.000 185.740 7.000
V_1097 0.000 613.196 9.000
N_1098 -14.591 -507.047 6.000
Y_1099 -11.154 -274.939 10.000
A_1100 0.000 185.740 10.000
D_1101 -14.591 -475.402 6.000
A_1102 0.000 185.740 4.000
A_1103 0.000 185.740 7.000
L_1104 0.000 679.918 3.000
S_1105 -11.867 -90.060 6.000
F_1106 0.000 560.542 10.000
T_1107 -16.309 -90.974 10.000
E_1108 -16.691 -605.239 7.000
C_1109 0.000 322.480 11.000
G_1110 0.000 -27.649 8.000
N_1111 -7.878 -507.047 4.000
A_1112 0.000 185.740 8.000
M_1113 0.000 401.769 13.000
E_1114 -24.169 -605.239 13.000
R_1115 -29.616 -1015.709 13.000
D_1116 -24.169 -475.402 13.000
P_1117 0.000 -195.996 13.000
L_1118 0.000 679.918 8.000
E_1119 -16.691 -605.239 7.000
A_1120 0.000 185.740 10.000
K_1121 -16.309 -818.649 10.000
S_1122 -14.420 -90.060 8.000
P_1123 0.000 -195.996 11.000
Y_1124 -9.978 -274.939 8.000
T_1125 -13.255 -90.974 7.000
M_1126 0.000 401.769 10.000
Y_1127 -12.104 -274.939 12.000
S_1128 -17.811 -90.060 12.000
E_1129 -23.258 -605.239 12.000
T_1130 -19.059 -90.974 14.000
V_1131 0.000 613.196 11.000
E_1132 -16.691 -605.239 7.000
L_1133 0.000 679.918 9.000
L_1134 0.000 679.918 11.000
R_1135 -19.414 -1015.709 7.000
Y_1136 -9.265 -274.939 7.000
A_1137 0.000 185.740 12.000
M_1138 0.000 401.769 7.000
R_1139 -21.845 -1015.709 8.000
L_1140 0.000 679.918 12.000
K_1141 -17.811 -818.649 12.000
N_1142 -16.691 -507.047 7.000
F_1143 0.000 560.542 10.000
A_1144 0.000 185.740 7.000
S_1145 -4.441 -90.060 3.000
P_1146 0.000 -195.996 3.000
L_1147 0.000 679.918 6.000
A_1148 0.000 185.740 7.000
S_1149 -13.255 -90.060 7.000
D_1150 -22.253 -475.402 11.000
G_1151 0.000 -27.649 14.000
D_1152 -25.003 -475.402 14.000
K_1153 -16.309 -818.649 10.000
K_1154 -16.309 -818.649 10.000
L_1155 0.000 679.918 6.000
A_1156 0.000 185.740 3.000
V_1157 0.000 613.196 0.000
L_1158 0.000 679.918 2.000
C_1159 0.000 322.480 7.000
Y_1160 -9.265 -274.939 7.000
R_1161 -19.414 -1015.709 7.000
C_1162 0.000 322.480 10.000
L_1163 0.000 679.918 8.000
S_1164 -4.441 -90.060 3.000
L_1165 0.000 679.918 5.000
L_1166 0.000 679.918 5.000
Y_1167 -9.265 -274.939 7.000
L_1168 0.000 679.918 7.000
R_1169 -19.414 -1015.709 7.000
M_1170 0.000 401.769 8.000
F_1171 0.000 560.542 8.000
K_1172 -11.867 -818.649 6.000
L_1173 0.000 679.918 9.000
K_1174 -18.462 -818.649 13.000
K_1175 -17.811 -818.649 12.000
D_1176 -23.258 -475.402 12.000
H_1177 -10.601 -583.484 9.000
A_1178 0.000 185.740 9.000
M_1179 0.000 401.769 7.000
K_1180 -14.420 -818.649 8.000
Y_1181 -12.518 -274.939 13.000
S_1182 -20.127 -90.060 16.000
R_1183 -29.616 -1015.709 13.000
S_1184 -17.098 -90.060 11.000
L_1185 0.000 679.918 12.000
M_1186 0.000 401.769 9.000
E_1187 -14.591 -605.239 6.000
Y_1188 -10.601 -274.939 9.000
F_1189 0.000 560.542 13.000
K_1190 -18.462 -818.649 13.000
Q_1191 -22.253 -643.904 11.000
N_1192 -25.003 -507.047 14.000
A_1193 0.000 185.740 14.000
S_1194 -16.309 -90.060 10.000
K_1195 -11.867 -818.649 6.000
V_1196 0.000 613.196 10.000
A_1197 0.000 185.740 7.000
Q_1198 -7.878 -643.904 4.000
I_1199 0.000 777.529 7.000
P_1200 0.000 -195.996 7.000
S_1201 -7.878 -90.060 4.000
P_1202 0.000 -195.996 4.000
W_1203 -4.824 -203.500 7.000
V_1204 0.000 613.196 8.000
S_1205 -14.420 -90.060 8.000
N_1206 -21.132 -507.047 10.000
G_1207 0.000 -27.649 14.000
K_1208 -19.059 -818.649 14.000
N_1209 -21.132 -507.047 10.000
T_1210 -18.462 -90.974 13.000
P_1211 0.000 -195.996 10.000
S_1212 -11.867 -90.060 6.000
P_1213 0.000 -195.996 6.000
V_1214 0.000 613.196 6.000
S_1215 -13.255 -90.060 7.000
L_1216 0.000 679.918 11.000
N_1217 -22.253 -507.047 11.000
N_1218 -22.253 -507.047 11.000
V_1219 0.000 613.196 11.000
S_1220 -13.255 -90.060 7.000
P_1221 0.000 -195.996 7.000
I_1222 0.000 777.529 7.000
N_1223 -7.878 -507.047 4.000
A_1224 0.000 185.740 4.000
M_1225 0.000 401.769 8.000
G_1226 0.000 -27.649 4.000
N_1227 -18.409 -507.047 8.000
C_1228 0.000 322.480 12.000
N_1229 -23.258 -507.047 12.000
N_1230 -18.409 -507.047 8.000
G_1231 0.000 -27.649 8.000
P_1232 0.000 -195.996 7.000
V_1233 0.000 613.196 3.000
T_1234 -4.441 -90.974 3.000
I_1235 0.000 777.529 7.000
P_1236 0.000 -195.996 12.000
Q_1237 -19.866 -643.904 9.000
R_1238 -27.076 -1015.709 11.000
I_1239 0.000 777.529 13.000
H_1240 -10.601 -583.484 9.000
H_1241 -6.160 -583.484 4.000
M_1242 0.000 401.769 4.000
A_1243 0.000 185.740 5.000
A_1244 0.000 185.740 5.000
S_1245 -10.149 -90.060 5.000
H_1246 -10.601 -583.484 9.000
V_1247 0.000 613.196 9.000
N_1248 -19.866 -507.047 9.000
I_1249 0.000 777.529 10.000
T_1250 -19.059 -90.974 14.000
S_1251 -16.309 -90.060 10.000
N_1252 -21.132 -507.047 10.000
V_1253 0.000 613.196 12.000
L_1254 0.000 679.918 9.000
R_1255 -19.414 -1015.709 7.000
G_1256 0.000 -27.649 11.000
Y_1257 -12.518 -274.939 13.000
E_1258 -19.866 -605.239 9.000
H_1259 -12.518 -583.484 13.000
W_1260 -5.944 -203.500 11.000
D_1261 -16.691 -475.402 7.000
M_1262 0.000 401.769 9.000
A_1263 0.000 185.740 11.000
D_1264 -16.691 -475.402 7.000
K_1265 -16.309 -818.649 10.000
L_1266 0.000 679.918 15.000
T_1267 -19.613 -90.974 15.000
R_1268 -32.645 -1015.709 16.000
E_1269 -28.359 -605.239 19.000
N_1270 -28.912 -507.047 20.000
K_1271 -19.613 -818.649 15.000
E_1272 -22.253 -605.239 11.000
F_1273 0.000 560.542 7.000
F_1274 0.000 560.542 8.000
G_1275 0.000 -27.649 4.000
D_1276 -18.409 -475.402 8.000
L_1277 0.000 679.918 11.000
D_1278 -22.253 -475.402 11.000
T_1279 -13.255 -90.974 7.000
L_1280 0.000 679.918 7.000
M_1281 0.000 401.769 3.000
G_1282 0.000 -27.649 0.000
P_1283 0.000 -195.996 3.000
L_1284 0.000 679.918 7.000
T_1285 -15.425 -90.974 9.000
Q_1286 -23.258 -643.904 12.000
H_1287 -13.255 -583.484 15.000
S_1288 -17.811 -90.060 12.000
S_1289 -17.098 -90.060 11.000
M_1290 0.000 401.769 13.000
T_1291 -16.309 -90.974 10.000
N_1292 -16.691 -507.047 7.000
L_1293 0.000 679.918 12.000
V_1294 0.000 613.196 11.000
R_1295 -19.414 -1015.709 7.000
Y_1296 -12.104 -274.939 12.000
V_1297 0.000 613.196 16.000
R_1298 -27.076 -1015.709 11.000
Q_1299 -19.866 -643.904 9.000
G_1300 0.000 -27.649 9.000
L_1301 0.000 679.918 5.000
C_1302 0.000 322.480 1.000
W_1303 -4.441 -203.500 6.000
L_1304 0.000 679.918 6.000
R_1305 -25.574 -1015.709 10.000
I_1306 0.000 777.529 9.000
D_1307 -22.253 -475.402 11.000
A_1308 0.000 185.740 6.000
H_1309 -8.431 -583.484 6.000
L_1310 0.000 679.918 2.000
L_1311 0.000 679.918 2.000
