M_1 0.000 401.769 0.000
A_2 0.000 185.740 5.000
A_3 0.000 185.740 5.000
R_4 -11.867 -1015.709 5.000
V_5 0.000 613.196 10.000
L_6 0.000 679.918 10.000
R_7 -25.574 -1015.709 10.000
A_8 0.000 185.740 10.000
R_9 -25.574 -1015.709 10.000
G_10 0.000 -27.649 5.000
A_11 0.000 185.740 6.000
A_12 0.000 185.740 1.000
W_13 -0.000 -203.500 1.000
A_14 0.000 185.740 1.000
G_15 0.000 -27.649 1.000
G_16 0.000 -27.649 0.000
L_17 0.000 679.918 4.000
L_18 0.000 679.918 9.000
Q_19 -19.866 -643.904 9.000
R_20 -23.856 -1015.709 9.000
A_21 0.000 185.740 9.000
A_22 0.000 185.740 5.000
P_23 0.000 -195.996 3.000
C_24 0.000 322.480 3.000
S_25 -4.441 -90.060 3.000
L_26 0.000 679.918 3.000
L_27 0.000 679.918 8.000
P_28 0.000 -195.996 5.000
R_29 -25.574 -1015.709 10.000
L_30 0.000 679.918 13.000
R_31 -30.711 -1015.709 14.000
T_32 -17.811 -90.974 12.000
W_33 -6.713 -203.500 15.000
T_34 -18.462 -90.974 13.000
S_35 -18.462 -90.060 13.000
S_36 -20.127 -90.060 16.000
S_37 -21.060 -90.060 18.000
N_38 -27.773 -507.047 18.000
R_39 -35.785 -1015.709 20.000
S_40 -22.271 -90.060 21.000
R_41 -36.459 -1015.709 21.000
E_42 -28.359 -605.239 19.000
D_43 -27.150 -475.402 17.000
S_44 -17.811 -90.060 12.000
W_45 -5.944 -203.500 11.000
L_46 0.000 679.918 10.000
K_47 -13.255 -818.649 7.000
S_48 -11.867 -90.060 6.000
L_49 0.000 679.918 6.000
F_50 0.000 560.542 8.000
V_51 0.000 613.196 8.000
R_52 -21.845 -1015.709 8.000
K_53 -17.811 -818.649 12.000
V_54 0.000 613.196 12.000
D_55 -23.258 -475.402 12.000
P_56 0.000 -195.996 12.000
R_57 -32.645 -1015.709 16.000
K_58 -17.811 -818.649 12.000
D_59 -25.003 -475.402 14.000
A_60 0.000 185.740 12.000
H_61 -12.518 -583.484 13.000
S_62 -15.425 -90.060 9.000
N_63 -19.866 -507.047 9.000
L_64 0.000 679.918 7.000
L_65 0.000 679.918 7.000
A_66 0.000 185.740 6.000
K_67 -16.309 -818.649 10.000
K_68 -18.462 -818.649 13.000
E_69 -26.485 -605.239 16.000
T_70 -20.609 -90.974 17.000
S_71 -19.059 -90.060 14.000
N_72 -23.258 -507.047 12.000
L_73 0.000 679.918 12.000
Y_74 -10.601 -274.939 9.000
K_75 -15.425 -818.649 9.000
L_76 0.000 679.918 9.000
Q_77 -19.866 -643.904 9.000
F_78 0.000 560.542 10.000
H_79 -11.154 -583.484 10.000
N_80 -19.866 -507.047 9.000
V_81 0.000 613.196 9.000
K_82 -17.098 -818.649 11.000
P_83 0.000 -195.996 7.000
E_84 -16.691 -605.239 7.000
C_85 0.000 322.480 8.000
L_86 0.000 679.918 8.000
E_87 -14.591 -605.239 6.000
A_88 0.000 185.740 10.000
Y_89 -12.518 -274.939 13.000
N_90 -19.866 -507.047 9.000
K_91 -15.425 -818.649 9.000
I_92 0.000 777.529 11.000
C_93 0.000 322.480 11.000
Q_94 -18.409 -643.904 8.000
E_95 -18.409 -605.239 8.000
V_96 0.000 613.196 8.000
L_97 0.000 679.918 7.000
P_98 0.000 -195.996 3.000
K_99 -10.149 -818.649 5.000
I_100 0.000 777.529 9.000
H_101 -12.518 -583.484 13.000
E_102 -24.169 -605.239 13.000
D_103 -25.772 -475.402 15.000
K_104 -19.613 -818.649 15.000
H_105 -11.652 -583.484 11.000
Y_106 -9.265 -274.939 7.000
P_107 0.000 -195.996 7.000
C_108 0.000 322.480 5.000
T_109 -4.441 -90.974 3.000
L_110 0.000 679.918 3.000
V_111 0.000 613.196 6.000
G_112 0.000 -27.649 4.000
T_113 -14.420 -90.974 8.000
W_114 -5.944 -203.500 11.000
N_115 -23.258 -507.047 12.000
T_116 -17.098 -90.974 11.000
W_117 -5.708 -203.500 10.000
Y_118 -11.154 -274.939 10.000
G_119 0.000 -27.649 11.000
E_120 -25.003 -605.239 14.000
Q_121 -26.485 -643.904 16.000
D_122 -26.485 -475.402 16.000
Q_123 -23.258 -643.904 12.000
A_124 0.000 185.740 10.000
V_125 0.000 613.196 6.000
H_126 -4.441 -583.484 3.000
L_127 0.000 679.918 8.000
W_128 -5.708 -203.500 10.000
R_129 -28.412 -1015.709 12.000
Y_130 -12.104 -274.939 12.000
E_131 -22.253 -605.239 11.000
G_132 0.000 -27.649 8.000
G_133 0.000 -27.649 6.000
Y_134 -1.718 -274.939 2.000
P_135 0.000 -195.996 2.000
A_136 0.000 185.740 5.000
L_137 0.000 679.918 7.000
T_138 -13.255 -90.974 7.000
E_139 -16.691 -605.239 7.000
V_140 0.000 613.196 11.000
M_141 0.000 401.769 11.000
N_142 -16.691 -507.047 7.000
K_143 -17.811 -818.649 12.000
L_144 0.000 679.918 16.000
R_145 -32.645 -1015.709 16.000
E_146 -26.485 -605.239 16.000
N_147 -28.912 -507.047 20.000
K_148 -19.613 -818.649 15.000
E_149 -22.253 -605.239 11.000
F_150 0.000 560.542 11.000
L_151 0.000 679.918 8.000
E_152 -19.866 -605.239 9.000
F_153 0.000 560.542 12.000
R_154 -28.412 -1015.709 12.000
K_155 -18.462 -818.649 13.000
A_156 0.000 185.740 16.000
R_157 -31.716 -1015.709 15.000
S_158 -17.811 -90.060 12.000
D_159 -23.258 -475.402 12.000
M_160 0.000 401.769 7.000
L_161 0.000 679.918 7.000
L_162 0.000 679.918 8.000
S_163 -17.098 -90.060 11.000
R_164 -31.716 -1015.709 15.000
K_165 -21.486 -818.649 19.000
N_166 -26.485 -507.047 16.000
Q_167 -22.253 -643.904 11.000
L_168 0.000 679.918 8.000
L_169 0.000 679.918 8.000
L_170 0.000 679.918 4.000
E_171 -16.691 -605.239 7.000
F_172 0.000 560.542 7.000
S_173 -14.420 -90.060 8.000
F_174 0.000 560.542 8.000
W_175 -6.160 -203.500 12.000
N_176 -19.866 -507.047 9.000
E_177 -19.866 -605.239 9.000
P_178 0.000 -195.996 8.000
V_179 0.000 613.196 9.000
P_180 0.000 -195.996 8.000
R_181 -21.845 -1015.709 8.000
S_182 -14.420 -90.060 8.000
G_183 0.000 -27.649 12.000
P_184 0.000 -195.996 7.000
N_185 -14.591 -507.047 6.000
I_186 0.000 777.529 10.000
Y_187 -11.154 -274.939 10.000
E_188 -22.253 -605.239 11.000
L_189 0.000 679.918 14.000
R_190 -30.711 -1015.709 14.000
S_191 -19.059 -90.060 14.000
Y_192 -12.900 -274.939 14.000
Q_193 -25.003 -643.904 14.000
L_194 0.000 679.918 11.000
R_195 -23.856 -1015.709 9.000
P_196 0.000 -195.996 8.000
G_197 0.000 -27.649 8.000
T_198 -4.441 -90.974 3.000
M_199 0.000 401.769 7.000
I_200 0.000 777.529 8.000
E_201 -11.867 -605.239 5.000
W_202 -5.447 -203.500 9.000
G_203 0.000 -27.649 11.000
N_204 -18.409 -507.047 8.000
Y_205 -9.265 -274.939 7.000
W_206 -6.160 -203.500 12.000
A_207 0.000 185.740 8.000
R_208 -16.309 -1015.709 6.000
A_209 0.000 185.740 10.000
I_210 0.000 777.529 10.000
R_211 -25.574 -1015.709 10.000
F_212 0.000 560.542 14.000
R_213 -34.315 -1015.709 18.000
Q_214 -24.169 -643.904 13.000
D_215 -27.150 -475.402 17.000
G_216 0.000 -27.649 16.000
N_217 -23.258 -507.047 12.000
E_218 -18.409 -605.239 8.000
A_219 0.000 185.740 8.000
V_220 0.000 613.196 4.000
G_221 0.000 -27.649 0.000
G_222 0.000 -27.649 0.000
F_223 0.000 560.542 3.000
F_224 0.000 560.542 7.000
S_225 -13.255 -90.060 7.000
Q_226 -16.691 -643.904 7.000
I_227 0.000 777.529 11.000
G_228 0.000 -27.649 8.000
Q_229 -14.591 -643.904 6.000
L_230 0.000 679.918 6.000
Y_231 -8.431 -274.939 6.000
M_232 0.000 401.769 4.000
V_233 0.000 613.196 6.000
H_234 -6.160 -583.484 4.000
H_235 -7.426 -583.484 5.000
L_236 0.000 679.918 5.000
W_237 -3.990 -203.500 5.000
A_238 0.000 185.740 8.000
Y_239 -12.104 -274.939 12.000
R_240 -27.076 -1015.709 11.000
D_241 -25.772 -475.402 15.000
L_242 0.000 679.918 16.000
Q_243 -26.485 -643.904 16.000
T_244 -20.127 -90.974 16.000
R_245 -35.785 -1015.709 20.000
E_246 -26.485 -605.239 16.000
D_247 -27.773 -475.402 18.000
I_248 0.000 777.529 17.000
R_249 -29.616 -1015.709 13.000
N_250 -19.866 -507.047 9.000
A_251 0.000 185.740 10.000
A_252 0.000 185.740 7.000
W_253 -4.441 -203.500 6.000
H_254 -9.978 -583.484 8.000
K_255 -14.420 -818.649 8.000
H_256 -9.978 -583.484 8.000
G_257 0.000 -27.649 10.000
W_258 -5.944 -203.500 11.000
E_259 -19.866 -605.239 9.000
E_260 -19.866 -605.239 9.000
L_261 0.000 679.918 10.000
V_262 0.000 613.196 8.000
Y_263 -9.265 -274.939 7.000
Y_264 -9.265 -274.939 7.000
T_265 -13.255 -90.974 7.000
V_266 0.000 613.196 5.000
P_267 0.000 -195.996 3.000
L_268 0.000 679.918 4.000
I_269 0.000 777.529 8.000
Q_270 -18.409 -643.904 8.000
E_271 -23.258 -605.239 12.000
M_272 0.000 401.769 15.000
E_273 -26.485 -605.239 16.000
S_274 -17.811 -90.060 12.000
R_275 -28.412 -1015.709 12.000
I_276 0.000 777.529 8.000
M_277 0.000 401.769 5.000
I_278 0.000 777.529 0.000
P_279 0.000 -195.996 3.000
L_280 0.000 679.918 6.000
K_281 -15.425 -818.649 9.000
T_282 -15.425 -90.974 9.000
S_283 -15.425 -90.060 9.000
P_284 0.000 -195.996 10.000
L_285 0.000 679.918 7.000
Q_286 -7.878 -643.904 4.000
