M_1 0.000 401.769 4.000
M_2 0.000 401.769 8.000
N_3 -22.253 -507.047 11.000
N_4 -22.253 -507.047 11.000
S_5 -18.462 -90.060 13.000
G_6 0.000 -27.649 12.000
Y_7 -12.104 -274.939 12.000
S_8 -15.425 -90.060 9.000
D_9 -19.866 -475.402 9.000
A_10 0.000 185.740 7.000
G_11 0.000 -27.649 4.000
L_12 0.000 679.918 0.000
G_13 0.000 -27.649 0.000
L_14 0.000 679.918 4.000
G_15 0.000 -27.649 8.000
D_16 -22.253 -475.402 11.000
E_17 -25.772 -605.239 15.000
T_18 -21.486 -90.974 19.000
D_19 -25.772 -475.402 15.000
E_20 -22.253 -605.239 11.000
M_21 0.000 401.769 11.000
P_22 0.000 -195.996 10.000
S_23 -16.309 -90.060 10.000
T_24 -18.462 -90.974 13.000
E_25 -27.150 -605.239 17.000
K_26 -19.059 -818.649 14.000
D_27 -22.253 -475.402 11.000
L_28 0.000 679.918 11.000
A_29 0.000 185.740 12.000
E_30 -18.409 -605.239 8.000
D_31 -18.409 -475.402 8.000
A_32 0.000 185.740 9.000
P_33 0.000 -195.996 8.000
W_34 -4.824 -203.500 7.000
K_35 -13.255 -818.649 7.000
K_36 -17.098 -818.649 11.000
I_37 0.000 777.529 14.000
Q_38 -25.772 -643.904 15.000
Q_39 -25.772 -643.904 15.000
N_40 -25.772 -507.047 15.000
T_41 -19.059 -90.974 14.000
F_42 0.000 560.542 15.000
T_43 -17.811 -90.974 12.000
R_44 -23.856 -1015.709 9.000
W_45 -6.358 -203.500 13.000
C_46 0.000 322.480 14.000
N_47 -22.253 -507.047 11.000
E_48 -21.132 -605.239 10.000
H_49 -12.518 -583.484 13.000
L_50 0.000 679.918 9.000
K_51 -10.149 -818.649 5.000
C_52 0.000 322.480 3.000
V_53 0.000 613.196 6.000
G_54 0.000 -27.649 8.000
K_55 -14.420 -818.649 8.000
R_56 -27.076 -1015.709 11.000
L_57 0.000 679.918 15.000
T_58 -17.811 -90.974 12.000
D_59 -22.253 -475.402 11.000
L_60 0.000 679.918 16.000
Q_61 -27.150 -643.904 17.000
R_62 -29.616 -1015.709 13.000
D_63 -26.485 -475.402 16.000
L_64 0.000 679.918 16.000
S_65 -17.098 -90.060 11.000
D_66 -16.691 -475.402 7.000
G_67 0.000 -27.649 12.000
L_68 0.000 679.918 9.000
R_69 -11.867 -1015.709 5.000
L_70 0.000 679.918 5.000
I_71 0.000 777.529 5.000
A_72 0.000 185.740 0.000
L_73 0.000 679.918 4.000
L_74 0.000 679.918 4.000
E_75 -7.878 -605.239 4.000
V_76 0.000 613.196 7.000
L_77 0.000 679.918 11.000
S_78 -16.309 -90.060 10.000
Q_79 -25.772 -643.904 15.000
K_80 -19.613 -818.649 15.000
R_81 -30.711 -1015.709 14.000
M_82 0.000 401.769 15.000
Y_83 -13.255 -274.939 15.000
R_84 -25.574 -1015.709 10.000
K_85 -17.811 -818.649 12.000
F_86 0.000 560.542 10.000
H_87 -11.154 -583.484 10.000
P_88 0.000 -195.996 7.000
R_89 -27.076 -1015.709 11.000
P_90 0.000 -195.996 9.000
N_91 -25.003 -507.047 14.000
F_92 0.000 560.542 13.000
R_93 -29.616 -1015.709 13.000
Q_94 -23.258 -643.904 12.000
M_95 0.000 401.769 12.000
K_96 -17.098 -818.649 11.000
L_97 0.000 679.918 11.000
E_98 -22.253 -605.239 11.000
N_99 -22.253 -507.047 11.000
V_100 0.000 613.196 11.000
S_101 -13.255 -90.060 7.000
V_102 0.000 613.196 3.000
A_103 0.000 185.740 7.000
L_104 0.000 679.918 4.000
E_105 -7.878 -605.239 4.000
F_106 0.000 560.542 8.000
L_107 0.000 679.918 13.000
E_108 -24.169 -605.239 13.000
R_109 -31.716 -1015.709 15.000
E_110 -25.772 -605.239 15.000
H_111 -12.900 -583.484 14.000
I_112 0.000 777.529 9.000
K_113 -10.149 -818.649 5.000
L_114 0.000 679.918 6.000
V_115 0.000 613.196 6.000
S_116 -13.255 -90.060 7.000
I_117 0.000 777.529 10.000
D_118 -24.169 -475.402 13.000
S_119 -16.309 -90.060 10.000
K_120 -16.309 -818.649 10.000
A_121 0.000 185.740 6.000
I_122 0.000 777.529 7.000
V_123 0.000 613.196 4.000
D_124 -18.409 -475.402 8.000
G_125 0.000 -27.649 8.000
N_126 -22.253 -507.047 11.000
L_127 0.000 679.918 7.000
K_128 -13.255 -818.649 7.000
L_129 0.000 679.918 3.000
I_130 0.000 777.529 3.000
L_131 0.000 679.918 0.000
G_132 0.000 -27.649 0.000
L_133 0.000 679.918 1.000
I_134 0.000 777.529 4.000
W_135 -3.436 -203.500 4.000
T_136 -7.878 -90.974 4.000
L_137 0.000 679.918 4.000
I_138 0.000 777.529 5.000
L_139 0.000 679.918 4.000
H_140 -9.265 -583.484 7.000
Y_141 -9.265 -274.939 7.000
S_142 -16.309 -90.060 10.000
I_143 0.000 777.529 8.000
S_144 -11.867 -90.060 6.000
M_145 0.000 401.769 3.000
P_146 0.000 -195.996 4.000
M_147 0.000 401.769 5.000
W_148 -5.447 -203.500 9.000
E_149 -24.169 -605.239 13.000
D_150 -27.150 -475.402 17.000
E_151 -28.912 -605.239 20.000
D_152 -28.912 -475.402 20.000
D_153 -28.912 -475.402 20.000
E_154 -26.485 -605.239 16.000
D_155 -27.150 -475.402 17.000
A_156 0.000 185.740 16.000
R_157 -32.645 -1015.709 16.000
K_158 -19.613 -818.649 15.000
Q_159 -25.772 -643.904 15.000
T_160 -18.462 -90.974 13.000
P_161 0.000 -195.996 14.000
K_162 -19.613 -818.649 15.000
Q_163 -23.258 -643.904 12.000
R_164 -28.412 -1015.709 12.000
L_165 0.000 679.918 9.000
L_166 0.000 679.918 6.000
G_167 0.000 -27.649 1.000
W_168 -3.990 -203.500 5.000
I_169 0.000 777.529 9.000
Q_170 -23.258 -643.904 12.000
N_171 -22.253 -507.047 11.000
K_172 -17.098 -818.649 11.000
V_173 0.000 613.196 11.000
P_174 0.000 -195.996 7.000
Q_175 -7.878 -643.904 4.000
L_176 0.000 679.918 4.000
P_177 0.000 -195.996 7.000
I_178 0.000 777.529 7.000
T_179 -13.255 -90.974 7.000
N_180 -22.253 -507.047 11.000
F_181 0.000 560.542 16.000
N_182 -27.150 -507.047 17.000
R_183 -30.711 -1015.709 14.000
D_184 -27.773 -475.402 18.000
W_185 -7.165 -203.500 18.000
Q_186 -24.169 -643.904 13.000
D_187 -23.258 -475.402 12.000
G_188 0.000 -27.649 11.000
K_189 -13.255 -818.649 7.000
A_190 0.000 185.740 3.000
L_191 0.000 679.918 3.000
G_192 0.000 -27.649 0.000
A_193 0.000 185.740 0.000
L_194 0.000 679.918 4.000
V_195 0.000 613.196 8.000
D_196 -18.409 -475.402 8.000
N_197 -18.409 -507.047 8.000
C_198 0.000 322.480 8.000
A_199 0.000 185.740 4.000
P_200 0.000 -195.996 0.000
G_201 0.000 -27.649 0.000
L_202 0.000 679.918 0.000
C_203 0.000 322.480 4.000
P_204 0.000 -195.996 5.000
D_205 -19.866 -475.402 9.000
W_206 -5.447 -203.500 9.000
E_207 -21.132 -605.239 10.000
A_208 0.000 185.740 10.000
W_209 -5.447 -203.500 9.000
D_210 -19.866 -475.402 9.000
P_211 0.000 -195.996 13.000
N_212 -23.258 -507.047 12.000
Q_213 -18.409 -643.904 8.000
P_214 0.000 -195.996 12.000
V_215 0.000 613.196 12.000
E_216 -18.409 -605.239 8.000
N_217 -24.169 -507.047 13.000
A_218 0.000 185.740 17.000
R_219 -29.616 -1015.709 13.000
E_220 -19.866 -605.239 9.000
A_221 0.000 185.740 13.000
M_222 0.000 401.769 12.000
Q_223 -18.409 -643.904 8.000
Q_224 -23.258 -643.904 12.000
A_225 0.000 185.740 16.000
D_226 -24.169 -475.402 13.000
D_227 -19.866 -475.402 9.000
W_228 -5.447 -203.500 9.000
L_229 0.000 679.918 5.000
G_230 0.000 -27.649 1.000
V_231 0.000 613.196 4.000
P_232 0.000 -195.996 4.000
Q_233 -7.878 -643.904 4.000
V_234 0.000 613.196 4.000
I_235 0.000 777.529 4.000
A_236 0.000 185.740 4.000
P_237 0.000 -195.996 8.000
E_238 -18.409 -605.239 8.000
E_239 -18.409 -605.239 8.000
I_240 0.000 777.529 12.000
V_241 0.000 613.196 8.000
D_242 -18.409 -475.402 8.000
P_243 0.000 -195.996 8.000
N_244 -23.258 -507.047 12.000
V_245 0.000 613.196 12.000
D_246 -25.003 -475.402 14.000
E_247 -24.169 -605.239 13.000
H_248 -12.518 -583.484 13.000
S_249 -15.425 -90.060 9.000
V_250 0.000 613.196 8.000
M_251 0.000 401.769 8.000
T_252 -10.149 -90.974 5.000
Y_253 -9.978 -274.939 8.000
L_254 0.000 679.918 12.000
S_255 -15.425 -90.060 9.000
Q_256 -16.691 -643.904 7.000
F_257 0.000 560.542 10.000
P_258 0.000 -195.996 7.000
K_259 -11.867 -818.649 6.000
A_260 0.000 185.740 6.000
K_261 -15.425 -818.649 9.000
L_262 0.000 679.918 6.000
K_263 -11.867 -818.649 6.000
P_264 0.000 -195.996 3.000
G_265 0.000 -27.649 3.000
A_266 0.000 185.740 0.000
P_267 0.000 -195.996 5.000
V_268 0.000 613.196 8.000
R_269 -27.076 -1015.709 11.000
S_270 -19.613 -90.060 15.000
K_271 -19.613 -818.649 15.000
Q_272 -25.003 -643.904 14.000
L_273 0.000 679.918 11.000
N_274 -22.253 -507.047 11.000
P_275 0.000 -195.996 10.000
K_276 -16.309 -818.649 10.000
K_277 -11.867 -818.649 6.000
A_278 0.000 185.740 6.000
I_279 0.000 777.529 5.000
A_280 0.000 185.740 2.000
Y_281 -1.718 -274.939 2.000
G_282 0.000 -27.649 2.000
P_283 0.000 -195.996 2.000
G_284 0.000 -27.649 4.000
I_285 0.000 777.529 4.000
E_286 -18.409 -605.239 8.000
P_287 0.000 -195.996 8.000
Q_288 -23.258 -643.904 12.000
G_289 0.000 -27.649 11.000
N_290 -22.253 -507.047 11.000
T_291 -13.255 -90.974 7.000
V_292 0.000 613.196 11.000
L_293 0.000 679.918 7.000
Q_294 -7.878 -643.904 4.000
P_295 0.000 -195.996 6.000
A_296 0.000 185.740 6.000
H_297 -7.426 -583.484 5.000
F_298 0.000 560.542 5.000
T_299 -15.425 -90.974 9.000
V_300 0.000 613.196 10.000
Q_301 -21.132 -643.904 10.000
T_302 -17.098 -90.974 11.000
V_303 0.000 613.196 11.000
D_304 -16.691 -475.402 7.000
A_305 0.000 185.740 4.000
G_306 0.000 -27.649 4.000
V_307 0.000 613.196 4.000
G_308 0.000 -27.649 4.000
E_309 -7.878 -605.239 4.000
V_310 0.000 613.196 4.000
L_311 0.000 679.918 6.000
V_312 0.000 613.196 2.000
Y_313 -8.431 -274.939 6.000
I_314 0.000 777.529 10.000
E_315 -21.132 -605.239 10.000
D_316 -23.258 -475.402 12.000
P_317 0.000 -195.996 12.000
E_318 -21.132 -605.239 10.000
G_319 0.000 -27.649 9.000
H_320 -12.518 -583.484 13.000
T_321 -18.462 -90.974 13.000
E_322 -24.169 -605.239 13.000
E_323 -25.003 -605.239 14.000
A_324 0.000 185.740 11.000
K_325 -13.255 -818.649 7.000
V_326 0.000 613.196 3.000
V_327 0.000 613.196 7.000
P_328 0.000 -195.996 8.000
N_329 -23.258 -507.047 12.000
N_330 -25.772 -507.047 15.000
D_331 -28.359 -475.402 19.000
K_332 -21.889 -818.649 20.000
D_333 -28.359 -475.402 19.000
R_334 -33.508 -1015.709 17.000
T_335 -19.059 -90.974 14.000
Y_336 -11.154 -274.939 10.000
A_337 0.000 185.740 8.000
V_338 0.000 613.196 7.000
S_339 -10.149 -90.060 5.000
Y_340 -7.426 -274.939 5.000
V_341 0.000 613.196 8.000
P_342 0.000 -195.996 5.000
K_343 -4.441 -818.649 3.000
V_344 0.000 613.196 3.000
A_345 0.000 185.740 3.000
G_346 0.000 -27.649 2.000
L_347 0.000 679.918 5.000
H_348 -7.426 -583.484 5.000
K_349 -14.420 -818.649 8.000
V_350 0.000 613.196 8.000
T_351 -11.867 -90.974 6.000
V_352 0.000 613.196 3.000
L_353 0.000 679.918 3.000
F_354 0.000 560.542 0.000
A_355 0.000 185.740 4.000
G_356 0.000 -27.649 8.000
Q_357 -18.409 -643.904 8.000
N_358 -23.258 -507.047 12.000
I_359 0.000 777.529 17.000
E_360 -26.485 -605.239 16.000
R_361 -28.412 -1015.709 12.000
S_362 -17.811 -90.060 12.000
P_363 0.000 -195.996 12.000
F_364 0.000 560.542 7.000
E_365 -18.409 -605.239 8.000
V_366 0.000 613.196 8.000
N_367 -18.409 -507.047 8.000
V_368 0.000 613.196 4.000
G_369 0.000 -27.649 4.000
M_370 0.000 401.769 0.000
A_371 0.000 185.740 0.000
L_372 0.000 679.918 4.000
G_373 0.000 -27.649 4.000
D_374 -18.409 -475.402 8.000
A_375 0.000 185.740 11.000
N_376 -22.253 -507.047 11.000
K_377 -16.309 -818.649 10.000
V_378 0.000 613.196 10.000
S_379 -17.098 -90.060 11.000
A_380 0.000 185.740 8.000
R_381 -21.845 -1015.709 8.000
G_382 0.000 -27.649 5.000
P_383 0.000 -195.996 5.000
G_384 0.000 -27.649 4.000
L_385 0.000 679.918 4.000
E_386 -7.878 -605.239 4.000
P_387 0.000 -195.996 4.000
V_388 0.000 613.196 8.000
G_389 0.000 -27.649 4.000
N_390 -7.878 -507.047 4.000
V_391 0.000 613.196 8.000
A_392 0.000 185.740 11.000
N_393 -16.691 -507.047 7.000
K_394 -16.309 -818.649 10.000
P_395 0.000 -195.996 12.000
T_396 -14.420 -90.974 8.000
Y_397 -10.601 -274.939 9.000
F_398 0.000 560.542 9.000
D_399 -18.409 -475.402 8.000
I_400 0.000 777.529 9.000
Y_401 -10.601 -274.939 9.000
T_402 -10.149 -90.974 5.000
A_403 0.000 185.740 5.000
G_404 0.000 -27.649 3.000
A_405 0.000 185.740 3.000
G_406 0.000 -27.649 3.000
T_407 -13.255 -90.974 7.000
G_408 0.000 -27.649 7.000
D_409 -16.691 -475.402 7.000
V_410 0.000 613.196 4.000
A_411 0.000 185.740 4.000
V_412 0.000 613.196 0.000
V_413 0.000 613.196 0.000
I_414 0.000 777.529 4.000
V_415 0.000 613.196 4.000
D_416 -18.409 -475.402 8.000
P_417 0.000 -195.996 8.000
Q_418 -24.169 -643.904 13.000
G_419 0.000 -27.649 14.000
R_420 -34.315 -1015.709 18.000
R_421 -33.508 -1015.709 17.000
D_422 -27.150 -475.402 17.000
T_423 -20.127 -90.974 16.000
V_424 0.000 613.196 11.000
E_425 -16.691 -605.239 7.000
V_426 0.000 613.196 4.000
A_427 0.000 185.740 8.000
L_428 0.000 679.918 8.000
E_429 -22.253 -605.239 11.000
D_430 -22.253 -475.402 11.000
K_431 -19.613 -818.649 15.000
G_432 0.000 -27.649 14.000
D_433 -24.169 -475.402 13.000
S_434 -16.309 -90.060 10.000
T_435 -19.613 -90.974 15.000
F_436 0.000 560.542 11.000
R_437 -27.076 -1015.709 11.000
C_438 0.000 322.480 10.000
T_439 -19.613 -90.974 15.000
Y_440 -11.154 -274.939 10.000
R_441 -25.574 -1015.709 10.000
P_442 0.000 -195.996 7.000
A_443 0.000 185.740 9.000
M_444 0.000 401.769 4.000
E_445 -7.878 -605.239 4.000
G_446 0.000 -27.649 6.000
P_447 0.000 -195.996 9.000
H_448 -7.426 -583.484 5.000
T_449 -13.255 -90.974 7.000
V_450 0.000 613.196 7.000
H_451 -7.426 -583.484 5.000
V_452 0.000 613.196 2.000
A_453 0.000 185.740 2.000
F_454 0.000 560.542 0.000
A_455 0.000 185.740 0.000
G_456 0.000 -27.649 0.000
A_457 0.000 185.740 0.000
P_458 0.000 -195.996 3.000
I_459 0.000 777.529 8.000
T_460 -17.098 -90.974 11.000
R_461 -27.076 -1015.709 11.000
S_462 -17.098 -90.060 11.000
P_463 0.000 -195.996 8.000
F_464 0.000 560.542 3.000
P_465 0.000 -195.996 2.000
V_466 0.000 613.196 2.000
H_467 -7.426 -583.484 5.000
V_468 0.000 613.196 9.000
S_469 -15.425 -90.060 9.000
E_470 -16.691 -605.239 7.000
A_471 0.000 185.740 11.000
C_472 0.000 322.480 8.000
N_473 -18.409 -507.047 8.000
P_474 0.000 -195.996 8.000
N_475 -18.409 -507.047 8.000
A_476 0.000 185.740 9.000
C_477 0.000 322.480 9.000
R_478 -21.845 -1015.709 8.000
A_479 0.000 185.740 8.000
S_480 -18.462 -90.060 13.000
G_481 0.000 -27.649 8.000
R_482 -21.845 -1015.709 8.000
G_483 0.000 -27.649 9.000
L_484 0.000 679.918 9.000
Q_485 -16.691 -643.904 7.000
P_486 0.000 -195.996 7.000
K_487 -13.255 -818.649 7.000
G_488 0.000 -27.649 8.000
V_489 0.000 613.196 8.000
R_490 -21.845 -1015.709 8.000
V_491 0.000 613.196 12.000
K_492 -17.811 -818.649 12.000
E_493 -16.691 -605.239 7.000
V_494 0.000 613.196 11.000
A_495 0.000 185.740 8.000
D_496 -16.691 -475.402 7.000
F_497 0.000 560.542 7.000
K_498 -13.255 -818.649 7.000
V_499 0.000 613.196 6.000
F_500 0.000 560.542 9.000
T_501 -11.867 -90.974 6.000
K_502 -11.867 -818.649 6.000
G_503 0.000 -27.649 6.000
A_504 0.000 185.740 6.000
G_505 0.000 -27.649 3.000
S_506 -13.255 -90.060 7.000
G_507 0.000 -27.649 7.000
E_508 -21.132 -605.239 10.000
L_509 0.000 679.918 7.000
K_510 -16.309 -818.649 10.000
V_511 0.000 613.196 6.000
T_512 -15.425 -90.974 9.000
V_513 0.000 613.196 6.000
K_514 -11.867 -818.649 6.000
G_515 0.000 -27.649 6.000
P_516 0.000 -195.996 6.000
K_517 -11.867 -818.649 6.000
G_518 0.000 -27.649 10.000
T_519 -19.059 -90.974 14.000
E_520 -22.253 -605.239 11.000
E_521 -22.253 -605.239 11.000
P_522 0.000 -195.996 11.000
V_523 0.000 613.196 7.000
K_524 -14.420 -818.649 8.000
V_525 0.000 613.196 12.000
R_526 -28.412 -1015.709 12.000
E_527 -19.866 -605.239 9.000
A_528 0.000 185.740 13.000
G_529 0.000 -27.649 8.000
D_530 -7.878 -475.402 4.000
G_531 0.000 -27.649 4.000
V_532 0.000 613.196 8.000
F_533 0.000 560.542 4.000
E_534 -18.409 -605.239 8.000
C_535 0.000 322.480 10.000
E_536 -23.258 -605.239 12.000
Y_537 -9.978 -274.939 8.000
Y_538 -9.978 -274.939 8.000
P_539 0.000 -195.996 4.000
V_540 0.000 613.196 2.000
V_541 0.000 613.196 0.000
P_542 0.000 -195.996 3.000
G_543 0.000 -27.649 5.000
K_544 -10.149 -818.649 5.000
Y_545 -7.426 -274.939 5.000
V_546 0.000 613.196 8.000
V_547 0.000 613.196 5.000
T_548 -11.867 -90.974 6.000
I_549 0.000 777.529 7.000
T_550 -13.255 -90.974 7.000
W_551 -3.436 -203.500 4.000
G_552 0.000 -27.649 6.000
G_553 0.000 -27.649 3.000
Y_554 -1.718 -274.939 2.000
A_555 0.000 185.740 2.000
I_556 0.000 777.529 7.000
P_557 0.000 -195.996 8.000
R_558 -21.845 -1015.709 8.000
S_559 -14.420 -90.060 8.000
P_560 0.000 -195.996 12.000
F_561 0.000 560.542 7.000
E_562 -18.409 -605.239 8.000
V_563 0.000 613.196 8.000
Q_564 -22.253 -643.904 11.000
V_565 0.000 613.196 7.000
S_566 -17.098 -90.060 11.000
P_567 0.000 -195.996 7.000
E_568 -16.691 -605.239 7.000
A_569 0.000 185.740 4.000
G_570 0.000 -27.649 8.000
V_571 0.000 613.196 7.000
Q_572 -16.691 -643.904 7.000
K_573 -17.811 -818.649 12.000
V_574 0.000 613.196 12.000
R_575 -23.856 -1015.709 9.000
A_576 0.000 185.740 6.000
W_577 -4.441 -203.500 6.000
G_578 0.000 -27.649 1.000
P_579 0.000 -195.996 1.000
G_580 0.000 -27.649 4.000
L_581 0.000 679.918 7.000
E_582 -16.691 -605.239 7.000
T_583 -17.098 -90.974 11.000
G_584 0.000 -27.649 11.000
Q_585 -16.691 -643.904 7.000
V_586 0.000 613.196 7.000
G_587 0.000 -27.649 10.000
K_588 -11.867 -818.649 6.000
S_589 -16.309 -90.060 10.000
A_590 0.000 185.740 10.000
D_591 -16.691 -475.402 7.000
F_592 0.000 560.542 4.000
V_593 0.000 613.196 8.000
V_594 0.000 613.196 4.000
E_595 -7.878 -605.239 4.000
A_596 0.000 185.740 4.000
I_597 0.000 777.529 7.000
G_598 0.000 -27.649 7.000
T_599 -13.255 -90.974 7.000
E_600 -16.691 -605.239 7.000
V_601 0.000 613.196 10.000
G_602 0.000 -27.649 7.000
T_603 -4.441 -90.974 3.000
L_604 0.000 679.918 3.000
G_605 0.000 -27.649 6.000
F_606 0.000 560.542 3.000
S_607 -13.255 -90.060 7.000
I_608 0.000 777.529 7.000
E_609 -16.691 -605.239 7.000
G_610 0.000 -27.649 7.000
P_611 0.000 -195.996 11.000
S_612 -13.255 -90.060 7.000
Q_613 -21.132 -643.904 10.000
A_614 0.000 185.740 10.000
K_615 -17.098 -818.649 11.000
I_616 0.000 777.529 7.000
E_617 -22.253 -605.239 11.000
C_618 0.000 322.480 12.000
D_619 -25.772 -475.402 15.000
D_620 -22.253 -475.402 11.000
K_621 -19.613 -818.649 15.000
G_622 0.000 -27.649 11.000
D_623 -21.132 -475.402 10.000
G_624 0.000 -27.649 7.000
S_625 -17.098 -90.060 11.000
C_626 0.000 322.480 7.000
D_627 -23.258 -475.402 12.000
V_628 0.000 613.196 11.000
R_629 -28.412 -1015.709 12.000
Y_630 -9.978 -274.939 8.000
W_631 -5.944 -203.500 11.000
P_632 0.000 -195.996 10.000
T_633 -14.420 -90.974 8.000
E_634 -16.691 -605.239 7.000
P_635 0.000 -195.996 11.000
G_636 0.000 -27.649 10.000
E_637 -14.591 -605.239 6.000
Y_638 -8.431 -274.939 6.000
A_639 0.000 185.740 8.000
V_640 0.000 613.196 4.000
H_641 -1.718 -583.484 2.000
V_642 0.000 613.196 2.000
I_643 0.000 777.529 6.000
C_644 0.000 322.480 8.000
D_645 -23.258 -475.402 12.000
D_646 -26.485 -475.402 16.000
E_647 -26.485 -605.239 16.000
D_648 -27.150 -475.402 17.000
I_649 0.000 777.529 17.000
R_650 -32.645 -1015.709 16.000
D_651 -23.258 -475.402 12.000
S_652 -17.811 -90.060 12.000
P_653 0.000 -195.996 7.000
F_654 0.000 560.542 3.000
I_655 0.000 777.529 2.000
A_656 0.000 185.740 2.000
H_657 -1.718 -583.484 2.000
I_658 0.000 777.529 2.000
L_659 0.000 679.918 2.000
P_660 0.000 -195.996 0.000
A_661 0.000 185.740 0.000
P_662 0.000 -195.996 4.000
P_663 0.000 -195.996 4.000
D_664 -7.878 -475.402 4.000
C_665 0.000 322.480 4.000
F_666 0.000 560.542 8.000
P_667 0.000 -195.996 7.000
D_668 -16.691 -475.402 7.000
K_669 -16.309 -818.649 10.000
V_670 0.000 613.196 10.000
K_671 -11.867 -818.649 6.000
A_672 0.000 185.740 3.000
F_673 0.000 560.542 3.000
G_674 0.000 -27.649 0.000
P_675 0.000 -195.996 0.000
G_676 0.000 -27.649 4.000
L_677 0.000 679.918 4.000
E_678 -16.691 -605.239 7.000
P_679 0.000 -195.996 7.000
T_680 -13.255 -90.974 7.000
G_681 0.000 -27.649 3.000
C_682 0.000 322.480 3.000
I_683 0.000 777.529 4.000
V_684 0.000 613.196 7.000
D_685 -16.691 -475.402 7.000
K_686 -13.255 -818.649 7.000
P_687 0.000 -195.996 11.000
A_688 0.000 185.740 7.000
E_689 -16.691 -605.239 7.000
F_690 0.000 560.542 7.000
T_691 -17.098 -90.974 11.000
I_692 0.000 777.529 7.000
D_693 -23.258 -475.402 12.000
A_694 0.000 185.740 9.000
R_695 -23.856 -1015.709 9.000
A_696 0.000 185.740 5.000
A_697 0.000 185.740 8.000
G_698 0.000 -27.649 3.000
K_699 -13.255 -818.649 7.000
G_700 0.000 -27.649 7.000
D_701 -21.132 -475.402 10.000
L_702 0.000 679.918 7.000
K_703 -15.425 -818.649 9.000
L_704 0.000 679.918 5.000
Y_705 -10.601 -274.939 9.000
A_706 0.000 185.740 10.000
Q_707 -21.132 -643.904 10.000
D_708 -23.258 -475.402 12.000
A_709 0.000 185.740 12.000
D_710 -18.409 -475.402 8.000
G_711 0.000 -27.649 4.000
C_712 0.000 322.480 4.000
P_713 0.000 -195.996 4.000
I_714 0.000 777.529 4.000
D_715 -16.691 -475.402 7.000
I_716 0.000 777.529 7.000
K_717 -13.255 -818.649 7.000
V_718 0.000 613.196 3.000
I_719 0.000 777.529 7.000
P_720 0.000 -195.996 4.000
N_721 -18.409 -507.047 8.000
G_722 0.000 -27.649 8.000
D_723 -22.253 -475.402 11.000
G_724 0.000 -27.649 7.000
T_725 -17.811 -90.974 12.000
F_726 0.000 560.542 8.000
R_727 -27.076 -1015.709 11.000
C_728 0.000 322.480 10.000
S_729 -16.309 -90.060 10.000
Y_730 -7.426 -274.939 5.000
V_731 0.000 613.196 8.000
P_732 0.000 -195.996 8.000
T_733 -11.867 -90.974 6.000
K_734 -11.867 -818.649 6.000
P_735 0.000 -195.996 9.000
I_736 0.000 777.529 8.000
K_737 -14.420 -818.649 8.000
H_738 -9.978 -583.484 8.000
T_739 -14.420 -90.974 8.000
I_740 0.000 777.529 5.000
I_741 0.000 777.529 6.000
I_742 0.000 777.529 4.000
S_743 -7.878 -90.060 4.000
W_744 -3.436 -203.500 4.000
G_745 0.000 -27.649 4.000
G_746 0.000 -27.649 5.000
V_747 0.000 613.196 4.000
N_748 -7.878 -507.047 4.000
V_749 0.000 613.196 7.000
P_750 0.000 -195.996 10.000
K_751 -11.867 -818.649 6.000
S_752 -11.867 -90.060 6.000
P_753 0.000 -195.996 11.000
F_754 0.000 560.542 8.000
R_755 -23.856 -1015.709 9.000
V_756 0.000 613.196 9.000
N_757 -19.866 -507.047 9.000
V_758 0.000 613.196 8.000
G_759 0.000 -27.649 8.000
E_760 -16.691 -605.239 7.000
G_761 0.000 -27.649 9.000
S_762 -15.425 -90.060 9.000
H_763 -10.601 -583.484 9.000
P_764 0.000 -195.996 14.000
E_765 -22.253 -605.239 11.000
R_766 -28.412 -1015.709 12.000
V_767 0.000 613.196 12.000
K_768 -16.309 -818.649 10.000
V_769 0.000 613.196 5.000
Y_770 -7.426 -274.939 5.000
G_771 0.000 -27.649 2.000
P_772 0.000 -195.996 2.000
G_773 0.000 -27.649 4.000
V_774 0.000 613.196 7.000
E_775 -21.132 -605.239 10.000
K_776 -16.309 -818.649 10.000
T_777 -16.309 -90.974 10.000
G_778 0.000 -27.649 9.000
L_779 0.000 679.918 6.000
K_780 -13.255 -818.649 7.000
A_781 0.000 185.740 11.000
N_782 -22.253 -507.047 11.000
E_783 -22.253 -605.239 11.000
P_784 0.000 -195.996 13.000
T_785 -15.425 -90.974 9.000
Y_786 -9.978 -274.939 8.000
F_787 0.000 560.542 8.000
T_788 -15.425 -90.974 9.000
V_789 0.000 613.196 7.000
D_790 -21.132 -475.402 10.000
C_791 0.000 322.480 11.000
S_792 -17.098 -90.060 11.000
E_793 -16.691 -605.239 7.000
A_794 0.000 185.740 11.000
G_795 0.000 -27.649 8.000
Q_796 -18.409 -643.904 8.000
G_797 0.000 -27.649 8.000
D_798 -22.253 -475.402 11.000
V_799 0.000 613.196 7.000
S_800 -13.255 -90.060 7.000
I_801 0.000 777.529 3.000
G_802 0.000 -27.649 6.000
I_803 0.000 777.529 3.000
K_804 -4.441 -818.649 3.000
C_805 0.000 322.480 3.000
A_806 0.000 185.740 3.000
P_807 0.000 -195.996 0.000
G_808 0.000 -27.649 0.000
V_809 0.000 613.196 0.000
V_810 0.000 613.196 0.000
G_811 0.000 -27.649 0.000
P_812 0.000 -195.996 4.000
A_813 0.000 185.740 4.000
E_814 -18.409 -605.239 8.000
A_815 0.000 185.740 8.000
D_816 -23.258 -475.402 12.000
I_817 0.000 777.529 8.000
D_818 -23.258 -475.402 12.000
F_819 0.000 560.542 8.000
D_820 -18.409 -475.402 8.000
I_821 0.000 777.529 7.000
I_822 0.000 777.529 11.000
K_823 -17.098 -818.649 11.000
N_824 -25.772 -507.047 15.000
D_825 -28.359 -475.402 19.000
N_826 -28.359 -507.047 19.000
D_827 -25.772 -475.402 15.000
T_828 -19.059 -90.974 14.000
F_829 0.000 560.542 10.000
T_830 -15.425 -90.974 9.000
V_831 0.000 613.196 8.000
K_832 -17.098 -818.649 11.000
Y_833 -9.978 -274.939 8.000
T_834 -14.420 -90.974 8.000
P_835 0.000 -195.996 5.000
P_836 0.000 -195.996 3.000
G_837 0.000 -27.649 0.000
A_838 0.000 185.740 5.000
G_839 0.000 -27.649 7.000
R_840 -25.574 -1015.709 10.000
Y_841 -11.154 -274.939 10.000
T_842 -16.309 -90.974 10.000
I_843 0.000 777.529 5.000
M_844 0.000 401.769 3.000
V_845 0.000 613.196 0.000
L_846 0.000 679.918 0.000
F_847 0.000 560.542 4.000
A_848 0.000 185.740 8.000
N_849 -23.258 -507.047 12.000
Q_850 -23.258 -643.904 12.000
E_851 -23.258 -605.239 12.000
I_852 0.000 777.529 8.000
P_853 0.000 -195.996 7.000
A_854 0.000 185.740 3.000
S_855 -4.441 -90.060 3.000
P_856 0.000 -195.996 5.000
F_857 0.000 560.542 5.000
H_858 -7.426 -583.484 5.000
I_859 0.000 777.529 5.000
K_860 -15.425 -818.649 9.000
V_861 0.000 613.196 7.000
D_862 -21.132 -475.402 10.000
P_863 0.000 -195.996 9.000
S_864 -18.462 -90.060 13.000
H_865 -10.601 -583.484 9.000
D_866 -23.258 -475.402 12.000
A_867 0.000 185.740 12.000
S_868 -16.309 -90.060 10.000
K_869 -15.425 -818.649 9.000
V_870 0.000 613.196 9.000
K_871 -16.309 -818.649 10.000
A_872 0.000 185.740 7.000
E_873 -16.691 -605.239 7.000
G_874 0.000 -27.649 4.000
P_875 0.000 -195.996 4.000
G_876 0.000 -27.649 4.000
L_877 0.000 679.918 9.000
N_878 -23.258 -507.047 12.000
R_879 -28.412 -1015.709 12.000
T_880 -17.811 -90.974 12.000
G_881 0.000 -27.649 12.000
V_882 0.000 613.196 7.000
E_883 -7.878 -605.239 4.000
V_884 0.000 613.196 7.000
G_885 0.000 -27.649 7.000
K_886 -11.867 -818.649 6.000
P_887 0.000 -195.996 8.000
T_888 -14.420 -90.974 8.000
H_889 -9.978 -583.484 8.000
F_890 0.000 560.542 8.000
T_891 -10.149 -90.974 5.000
V_892 0.000 613.196 6.000
L_893 0.000 679.918 9.000
T_894 -11.867 -90.974 6.000
K_895 -11.867 -818.649 6.000
G_896 0.000 -27.649 6.000
A_897 0.000 185.740 6.000
G_898 0.000 -27.649 3.000
K_899 -11.867 -818.649 6.000
A_900 0.000 185.740 6.000
K_901 -16.309 -818.649 10.000
L_902 0.000 679.918 7.000
D_903 -22.253 -475.402 11.000
V_904 0.000 613.196 8.000
Q_905 -18.409 -643.904 8.000
F_906 0.000 560.542 4.000
A_907 0.000 185.740 7.000
G_908 0.000 -27.649 3.000
T_909 -11.867 -90.974 6.000
A_910 0.000 185.740 6.000
K_911 -16.309 -818.649 10.000
G_912 0.000 -27.649 7.000
E_913 -16.691 -605.239 7.000
V_914 0.000 613.196 9.000
V_915 0.000 613.196 13.000
R_916 -23.856 -1015.709 9.000
D_917 -24.169 -475.402 13.000
F_918 0.000 560.542 13.000
E_919 -18.409 -605.239 8.000
I_920 0.000 777.529 8.000
I_921 0.000 777.529 12.000
D_922 -21.132 -475.402 10.000
N_923 -25.003 -507.047 14.000
H_924 -13.586 -583.484 16.000
D_925 -25.772 -475.402 15.000
Y_926 -12.518 -274.939 13.000
S_927 -19.059 -90.060 14.000
Y_928 -11.154 -274.939 10.000
T_929 -17.098 -90.974 11.000
V_930 0.000 613.196 10.000
K_931 -17.098 -818.649 11.000
Y_932 -9.978 -274.939 8.000
T_933 -14.420 -90.974 8.000
A_934 0.000 185.740 9.000
V_935 0.000 613.196 11.000
Q_936 -18.409 -643.904 8.000
Q_937 -23.258 -643.904 12.000
G_938 0.000 -27.649 12.000
N_939 -18.409 -507.047 8.000
M_940 0.000 401.769 4.000
A_941 0.000 185.740 7.000
V_942 0.000 613.196 3.000
T_943 -11.867 -90.974 6.000
V_944 0.000 613.196 8.000
T_945 -14.420 -90.974 8.000
Y_946 -7.426 -274.939 5.000
G_947 0.000 -27.649 9.000
G_948 0.000 -27.649 6.000
D_949 -7.878 -475.402 4.000
P_950 0.000 -195.996 4.000
V_951 0.000 613.196 7.000
P_952 0.000 -195.996 6.000
K_953 -11.867 -818.649 6.000
S_954 -11.867 -90.060 6.000
P_955 0.000 -195.996 6.000
F_956 0.000 560.542 3.000
V_957 0.000 613.196 4.000
V_958 0.000 613.196 4.000
N_959 -7.878 -507.047 4.000
V_960 0.000 613.196 4.000
A_961 0.000 185.740 4.000
P_962 0.000 -195.996 0.000
P_963 0.000 -195.996 4.000
L_964 0.000 679.918 4.000
D_965 -16.691 -475.402 7.000
L_966 0.000 679.918 10.000
S_967 -16.309 -90.060 10.000
K_968 -15.425 -818.649 9.000
I_969 0.000 777.529 9.000
K_970 -16.309 -818.649 10.000
V_971 0.000 613.196 7.000
Q_972 -16.691 -643.904 7.000
G_973 0.000 -27.649 8.000
L_974 0.000 679.918 11.000
N_975 -21.132 -507.047 10.000
S_976 -16.309 -90.060 10.000
K_977 -16.309 -818.649 10.000
V_978 0.000 613.196 6.000
A_979 0.000 185.740 3.000
V_980 0.000 613.196 4.000
G_981 0.000 -27.649 8.000
Q_982 -23.258 -643.904 12.000
E_983 -23.258 -605.239 12.000
Q_984 -23.258 -643.904 12.000
A_985 0.000 185.740 11.000
F_986 0.000 560.542 7.000
S_987 -13.255 -90.060 7.000
V_988 0.000 613.196 10.000
N_989 -25.772 -507.047 15.000
T_990 -17.811 -90.974 12.000
R_991 -28.412 -1015.709 12.000
G_992 0.000 -27.649 8.000
A_993 0.000 185.740 5.000
G_994 0.000 -27.649 4.000
G_995 0.000 -27.649 4.000
Q_996 -18.409 -643.904 8.000
G_997 0.000 -27.649 8.000
Q_998 -23.258 -643.904 12.000
L_999 0.000 679.918 8.000
D_1000 -24.169 -475.402 13.000
V_1001 0.000 613.196 9.000
R_1002 -28.412 -1015.709 12.000
M_1003 0.000 401.769 11.000
T_1004 -17.098 -90.974 11.000
S_1005 -15.425 -90.060 9.000
P_1006 0.000 -195.996 14.000
S_1007 -20.127 -90.060 16.000
R_1008 -29.616 -1015.709 13.000
R_1009 -29.616 -1015.709 13.000
P_1010 0.000 -195.996 10.000
I_1011 0.000 777.529 5.000
P_1012 0.000 -195.996 3.000
C_1013 0.000 322.480 3.000
K_1014 -13.255 -818.649 7.000
L_1015 0.000 679.918 7.000
E_1016 -16.691 -605.239 7.000
P_1017 0.000 -195.996 4.000
G_1018 0.000 -27.649 4.000
G_1019 0.000 -27.649 0.000
G_1020 0.000 -27.649 4.000
A_1021 0.000 185.740 4.000
E_1022 -18.409 -605.239 8.000
A_1023 0.000 185.740 8.000
Q_1024 -18.409 -643.904 8.000
A_1025 0.000 185.740 9.000
V_1026 0.000 613.196 11.000
R_1027 -19.414 -1015.709 7.000
Y_1028 -9.265 -274.939 7.000
M_1029 0.000 401.769 7.000
P_1030 0.000 -195.996 6.000
P_1031 0.000 -195.996 8.000
E_1032 -18.409 -605.239 8.000
E_1033 -18.409 -605.239 8.000
G_1034 0.000 -27.649 10.000
P_1035 0.000 -195.996 9.000
Y_1036 -7.426 -274.939 5.000
K_1037 -15.425 -818.649 9.000
V_1038 0.000 613.196 9.000
D_1039 -21.132 -475.402 10.000
I_1040 0.000 777.529 9.000
T_1041 -18.462 -90.974 13.000
Y_1042 -10.601 -274.939 9.000
D_1043 -22.253 -475.402 11.000
G_1044 0.000 -27.649 8.000
H_1045 -8.431 -583.484 6.000
P_1046 0.000 -195.996 2.000
V_1047 0.000 613.196 2.000
P_1048 0.000 -195.996 3.000
G_1049 0.000 -27.649 3.000
S_1050 -4.441 -90.060 3.000
P_1051 0.000 -195.996 3.000
F_1052 0.000 560.542 3.000
A_1053 0.000 185.740 4.000
V_1054 0.000 613.196 4.000
E_1055 -7.878 -605.239 4.000
G_1056 0.000 -27.649 4.000
V_1057 0.000 613.196 4.000
L_1058 0.000 679.918 0.000
P_1059 0.000 -195.996 4.000
P_1060 0.000 -195.996 4.000
D_1061 -16.691 -475.402 7.000
P_1062 0.000 -195.996 10.000
S_1063 -16.309 -90.060 10.000
K_1064 -11.867 -818.649 6.000
V_1065 0.000 613.196 6.000
C_1066 0.000 322.480 5.000
A_1067 0.000 185.740 2.000
Y_1068 -1.718 -274.939 2.000
G_1069 0.000 -27.649 2.000
P_1070 0.000 -195.996 2.000
G_1071 0.000 -27.649 3.000
L_1072 0.000 679.918 3.000
K_1073 -4.441 -818.649 3.000
G_1074 0.000 -27.649 3.000
G_1075 0.000 -27.649 3.000
L_1076 0.000 679.918 0.000
V_1077 0.000 613.196 3.000
G_1078 0.000 -27.649 3.000
T_1079 -4.441 -90.974 3.000
P_1080 0.000 -195.996 3.000
A_1081 0.000 185.740 3.000
P_1082 0.000 -195.996 3.000
F_1083 0.000 560.542 3.000
S_1084 -13.255 -90.060 7.000
I_1085 0.000 777.529 10.000
D_1086 -24.169 -475.402 13.000
T_1087 -16.309 -90.974 10.000
K_1088 -16.309 -818.649 10.000
G_1089 0.000 -27.649 6.000
A_1090 0.000 185.740 6.000
G_1091 0.000 -27.649 3.000
T_1092 -4.441 -90.974 3.000
G_1093 0.000 -27.649 3.000
G_1094 0.000 -27.649 3.000
L_1095 0.000 679.918 0.000
G_1096 0.000 -27.649 3.000
L_1097 0.000 679.918 3.000
T_1098 -13.255 -90.974 7.000
V_1099 0.000 613.196 7.000
E_1100 -16.691 -605.239 7.000
G_1101 0.000 -27.649 4.000
P_1102 0.000 -195.996 8.000
C_1103 0.000 322.480 4.000
E_1104 -16.691 -605.239 7.000
A_1105 0.000 185.740 7.000
K_1106 -17.098 -818.649 11.000
I_1107 0.000 777.529 7.000
E_1108 -22.253 -605.239 11.000
C_1109 0.000 322.480 12.000
Q_1110 -26.485 -643.904 16.000
D_1111 -23.258 -475.402 12.000
N_1112 -26.485 -507.047 16.000
G_1113 0.000 -27.649 12.000
D_1114 -22.253 -475.402 11.000
G_1115 0.000 -27.649 7.000
S_1116 -13.255 -90.060 7.000
C_1117 0.000 322.480 3.000
A_1118 0.000 185.740 6.000
V_1119 0.000 613.196 5.000
S_1120 -10.149 -90.060 5.000
Y_1121 -7.426 -274.939 5.000
L_1122 0.000 679.918 8.000
P_1123 0.000 -195.996 9.000
T_1124 -13.255 -90.974 7.000
E_1125 -16.691 -605.239 7.000
P_1126 0.000 -195.996 11.000
G_1127 0.000 -27.649 10.000
E_1128 -19.866 -605.239 9.000
Y_1129 -10.601 -274.939 9.000
T_1130 -18.462 -90.974 13.000
I_1131 0.000 777.529 9.000
N_1132 -16.691 -507.047 7.000
I_1133 0.000 777.529 4.000
L_1134 0.000 679.918 4.000
F_1135 0.000 560.542 4.000
A_1136 0.000 185.740 4.000
E_1137 -14.591 -605.239 6.000
A_1138 0.000 185.740 6.000
H_1139 -8.431 -583.484 6.000
I_1140 0.000 777.529 2.000
P_1141 0.000 -195.996 5.000
G_1142 0.000 -27.649 3.000
S_1143 -4.441 -90.060 3.000
P_1144 0.000 -195.996 6.000
F_1145 0.000 560.542 6.000
K_1146 -11.867 -818.649 6.000
A_1147 0.000 185.740 6.000
T_1148 -17.098 -90.974 11.000
I_1149 0.000 777.529 8.000
R_1150 -21.845 -1015.709 8.000
P_1151 0.000 -195.996 5.000
V_1152 0.000 613.196 9.000
F_1153 0.000 560.542 4.000
D_1154 -16.691 -475.402 7.000
P_1155 0.000 -195.996 10.000
S_1156 -16.309 -90.060 10.000
K_1157 -17.098 -818.649 11.000
V_1158 0.000 613.196 11.000
R_1159 -27.076 -1015.709 11.000
A_1160 0.000 185.740 8.000
S_1161 -14.420 -90.060 8.000
G_1162 0.000 -27.649 3.000
P_1163 0.000 -195.996 3.000
G_1164 0.000 -27.649 4.000
L_1165 0.000 679.918 9.000
E_1166 -19.866 -605.239 9.000
R_1167 -28.412 -1015.709 12.000
G_1168 0.000 -27.649 12.000
K_1169 -14.420 -818.649 8.000
V_1170 0.000 613.196 7.000
G_1171 0.000 -27.649 7.000
E_1172 -7.878 -605.239 4.000
A_1173 0.000 185.740 7.000
A_1174 0.000 185.740 7.000
T_1175 -11.867 -90.974 6.000
F_1176 0.000 560.542 6.000
T_1177 -16.309 -90.974 10.000
V_1178 0.000 613.196 7.000
D_1179 -21.132 -475.402 10.000
C_1180 0.000 322.480 11.000
S_1181 -17.098 -90.060 11.000
E_1182 -16.691 -605.239 7.000
A_1183 0.000 185.740 11.000
G_1184 0.000 -27.649 8.000
E_1185 -18.409 -605.239 8.000
A_1186 0.000 185.740 8.000
E_1187 -22.253 -605.239 11.000
L_1188 0.000 679.918 7.000
T_1189 -17.098 -90.974 11.000
I_1190 0.000 777.529 7.000
E_1191 -16.691 -605.239 7.000
I_1192 0.000 777.529 7.000
L_1193 0.000 679.918 11.000
S_1194 -13.255 -90.060 7.000
D_1195 -16.691 -475.402 7.000
A_1196 0.000 185.740 7.000
G_1197 0.000 -27.649 7.000
V_1198 0.000 613.196 3.000
K_1199 -13.255 -818.649 7.000
A_1200 0.000 185.740 7.000
E_1201 -16.691 -605.239 7.000
V_1202 0.000 613.196 4.000
L_1203 0.000 679.918 6.000
I_1204 0.000 777.529 6.000
H_1205 -11.154 -583.484 10.000
N_1206 -21.132 -507.047 10.000
N_1207 -25.003 -507.047 14.000
A_1208 0.000 185.740 12.000
D_1209 -22.253 -475.402 11.000
G_1210 0.000 -27.649 9.000
T_1211 -17.098 -90.974 11.000
Y_1212 -9.265 -274.939 7.000
H_1213 -11.154 -583.484 10.000
I_1214 0.000 777.529 9.000
T_1215 -16.309 -90.974 10.000
Y_1216 -9.978 -274.939 8.000
S_1217 -14.420 -90.060 8.000
P_1218 0.000 -195.996 5.000
A_1219 0.000 185.740 3.000
F_1220 0.000 560.542 0.000
P_1221 0.000 -195.996 3.000
G_1222 0.000 -27.649 5.000
T_1223 -14.420 -90.974 8.000
Y_1224 -9.978 -274.939 8.000
T_1225 -17.098 -90.974 11.000
I_1226 0.000 777.529 8.000
T_1227 -15.425 -90.974 9.000
I_1228 0.000 777.529 8.000
K_1229 -14.420 -818.649 8.000
Y_1230 -7.426 -274.939 5.000
G_1231 0.000 -27.649 7.000
G_1232 0.000 -27.649 4.000
H_1233 -1.718 -583.484 2.000
P_1234 0.000 -195.996 2.000
V_1235 0.000 613.196 5.000
P_1236 0.000 -195.996 3.000
K_1237 -4.441 -818.649 3.000
F_1238 0.000 560.542 6.000
P_1239 0.000 -195.996 11.000
T_1240 -14.420 -90.974 8.000
R_1241 -25.574 -1015.709 10.000
V_1242 0.000 613.196 10.000
H_1243 -11.652 -583.484 11.000
V_1244 0.000 613.196 6.000
Q_1245 -14.591 -643.904 6.000
P_1246 0.000 -195.996 4.000
A_1247 0.000 185.740 8.000
V_1248 0.000 613.196 7.000
D_1249 -21.132 -475.402 10.000
T_1250 -16.309 -90.974 10.000
S_1251 -16.309 -90.060 10.000
G_1252 0.000 -27.649 9.000
V_1253 0.000 613.196 6.000
K_1254 -11.867 -818.649 6.000
V_1255 0.000 613.196 6.000
S_1256 -11.867 -90.060 6.000
G_1257 0.000 -27.649 3.000
P_1258 0.000 -195.996 3.000
G_1259 0.000 -27.649 4.000
V_1260 0.000 613.196 4.000
E_1261 -14.591 -605.239 6.000
P_1262 0.000 -195.996 6.000
H_1263 -8.431 -583.484 6.000
G_1264 0.000 -27.649 2.000
V_1265 0.000 613.196 7.000
L_1266 0.000 679.918 9.000
R_1267 -23.856 -1015.709 9.000
E_1268 -23.258 -605.239 12.000
V_1269 0.000 613.196 15.000
T_1270 -19.059 -90.974 14.000
T_1271 -16.309 -90.974 10.000
E_1272 -24.169 -605.239 13.000
F_1273 0.000 560.542 10.000
T_1274 -17.098 -90.974 11.000
V_1275 0.000 613.196 7.000
D_1276 -23.258 -475.402 12.000
A_1277 0.000 185.740 12.000
R_1278 -28.412 -1015.709 12.000
S_1279 -17.098 -90.060 11.000
L_1280 0.000 679.918 11.000
T_1281 -15.425 -90.974 9.000
A_1282 0.000 185.740 6.000
T_1283 -11.867 -90.974 6.000
G_1284 0.000 -27.649 7.000
G_1285 0.000 -27.649 9.000
N_1286 -14.591 -507.047 6.000
H_1287 -10.601 -583.484 9.000
V_1288 0.000 613.196 9.000
T_1289 -16.309 -90.974 10.000
A_1290 0.000 185.740 8.000
R_1291 -21.845 -1015.709 8.000
V_1292 0.000 613.196 9.000
L_1293 0.000 679.918 9.000
N_1294 -16.691 -507.047 7.000
P_1295 0.000 -195.996 7.000
S_1296 -13.255 -90.060 7.000
G_1297 0.000 -27.649 6.000
A_1298 0.000 185.740 9.000
K_1299 -16.309 -818.649 10.000
T_1300 -18.462 -90.974 13.000
D_1301 -25.772 -475.402 15.000
T_1302 -17.811 -90.974 12.000
Y_1303 -12.104 -274.939 12.000
V_1304 0.000 613.196 12.000
T_1305 -18.462 -90.974 13.000
D_1306 -22.253 -475.402 11.000
N_1307 -25.772 -507.047 15.000
G_1308 0.000 -27.649 12.000
D_1309 -22.253 -475.402 11.000
G_1310 0.000 -27.649 9.000
T_1311 -19.059 -90.974 14.000
Y_1312 -11.154 -274.939 10.000
R_1313 -30.711 -1015.709 14.000
V_1314 0.000 613.196 13.000
Q_1315 -25.003 -643.904 14.000
Y_1316 -10.601 -274.939 9.000
T_1317 -17.098 -90.974 11.000
A_1318 0.000 185.740 11.000
Y_1319 -12.518 -274.939 13.000
E_1320 -21.132 -605.239 10.000
E_1321 -21.132 -605.239 10.000
G_1322 0.000 -27.649 10.000
V_1323 0.000 613.196 6.000
H_1324 -1.718 -583.484 2.000
L_1325 0.000 679.918 6.000
V_1326 0.000 613.196 6.000
E_1327 -7.878 -605.239 4.000
V_1328 0.000 613.196 6.000
L_1329 0.000 679.918 10.000
Y_1330 -11.154 -274.939 10.000
D_1331 -21.132 -475.402 10.000
E_1332 -21.132 -605.239 10.000
V_1333 0.000 613.196 8.000
A_1334 0.000 185.740 4.000
V_1335 0.000 613.196 3.000
P_1336 0.000 -195.996 6.000
K_1337 -11.867 -818.649 6.000
S_1338 -11.867 -90.060 6.000
P_1339 0.000 -195.996 11.000
F_1340 0.000 560.542 8.000
R_1341 -11.867 -1015.709 5.000
V_1342 0.000 613.196 5.000
G_1343 0.000 -27.649 8.000
V_1344 0.000 613.196 7.000
T_1345 -13.255 -90.974 7.000
E_1346 -16.691 -605.239 7.000
G_1347 0.000 -27.649 11.000
C_1348 0.000 322.480 8.000
D_1349 -16.691 -475.402 7.000
P_1350 0.000 -195.996 12.000
T_1351 -17.811 -90.974 12.000
R_1352 -29.616 -1015.709 13.000
V_1353 0.000 613.196 13.000
R_1354 -25.574 -1015.709 10.000
A_1355 0.000 185.740 5.000
F_1356 0.000 560.542 5.000
G_1357 0.000 -27.649 0.000
P_1358 0.000 -195.996 0.000
G_1359 0.000 -27.649 4.000
L_1360 0.000 679.918 4.000
E_1361 -7.878 -605.239 4.000
G_1362 0.000 -27.649 4.000
G_1363 0.000 -27.649 4.000
L_1364 0.000 679.918 4.000
V_1365 0.000 613.196 7.000
N_1366 -16.691 -507.047 7.000
K_1367 -17.098 -818.649 11.000
A_1368 0.000 185.740 16.000
N_1369 -23.258 -507.047 12.000
R_1370 -28.412 -1015.709 12.000
F_1371 0.000 560.542 12.000
T_1372 -17.811 -90.974 12.000
V_1373 0.000 613.196 10.000
E_1374 -25.772 -605.239 15.000
T_1375 -17.811 -90.974 12.000
R_1376 -28.412 -1015.709 12.000
G_1377 0.000 -27.649 8.000
A_1378 0.000 185.740 8.000
G_1379 0.000 -27.649 3.000
T_1380 -4.441 -90.974 3.000
G_1381 0.000 -27.649 3.000
G_1382 0.000 -27.649 3.000
L_1383 0.000 679.918 0.000
G_1384 0.000 -27.649 0.000
L_1385 0.000 679.918 0.000
A_1386 0.000 185.740 4.000
I_1387 0.000 777.529 4.000
E_1388 -7.878 -605.239 4.000
G_1389 0.000 -27.649 7.000
P_1390 0.000 -195.996 11.000
S_1391 -13.255 -90.060 7.000
E_1392 -21.132 -605.239 10.000
A_1393 0.000 185.740 10.000
K_1394 -16.309 -818.649 10.000
M_1395 0.000 401.769 6.000
S_1396 -15.425 -90.060 9.000
C_1397 0.000 322.480 10.000
K_1398 -19.059 -818.649 14.000
D_1399 -25.003 -475.402 14.000
N_1400 -27.773 -507.047 18.000
K_1401 -19.613 -818.649 15.000
D_1402 -25.003 -475.402 14.000
G_1403 0.000 -27.649 10.000
S_1404 -16.309 -90.060 10.000
C_1405 0.000 322.480 6.000
T_1406 -16.309 -90.974 10.000
V_1407 0.000 613.196 9.000
E_1408 -19.866 -605.239 9.000
Y_1409 -8.431 -274.939 6.000
I_1410 0.000 777.529 6.000
P_1411 0.000 -195.996 5.000
F_1412 0.000 560.542 3.000
T_1413 -4.441 -90.974 3.000
P_1414 0.000 -195.996 7.000
G_1415 0.000 -27.649 9.000
D_1416 -21.132 -475.402 10.000
Y_1417 -11.154 -274.939 10.000
D_1418 -25.003 -475.402 14.000
V_1419 0.000 613.196 10.000
N_1420 -22.253 -507.047 11.000
I_1421 0.000 777.529 7.000
T_1422 -13.255 -90.974 7.000
F_1423 0.000 560.542 3.000
G_1424 0.000 -27.649 8.000
G_1425 0.000 -27.649 5.000
R_1426 -11.867 -1015.709 5.000
P_1427 0.000 -195.996 5.000
I_1428 0.000 777.529 5.000
P_1429 0.000 -195.996 3.000
G_1430 0.000 -27.649 3.000
S_1431 -4.441 -90.060 3.000
P_1432 0.000 -195.996 8.000
F_1433 0.000 560.542 8.000
R_1434 -11.867 -1015.709 5.000
V_1435 0.000 613.196 5.000
P_1436 0.000 -195.996 8.000
V_1437 0.000 613.196 7.000
K_1438 -13.255 -818.649 7.000
D_1439 -16.691 -475.402 7.000
V_1440 0.000 613.196 11.000
V_1441 0.000 613.196 8.000
D_1442 -7.878 -475.402 4.000
P_1443 0.000 -195.996 7.000
G_1444 0.000 -27.649 7.000
K_1445 -11.867 -818.649 6.000
V_1446 0.000 613.196 6.000
K_1447 -15.425 -818.649 9.000
C_1448 0.000 322.480 6.000
S_1449 -11.867 -90.060 6.000
G_1450 0.000 -27.649 3.000
P_1451 0.000 -195.996 3.000
G_1452 0.000 -27.649 0.000
L_1453 0.000 679.918 0.000
G_1454 0.000 -27.649 0.000
A_1455 0.000 185.740 0.000
G_1456 0.000 -27.649 5.000
V_1457 0.000 613.196 5.000
R_1458 -25.574 -1015.709 10.000
A_1459 0.000 185.740 10.000
R_1460 -25.574 -1015.709 10.000
V_1461 0.000 613.196 9.000
P_1462 0.000 -195.996 12.000
Q_1463 -16.691 -643.904 7.000
T_1464 -16.309 -90.974 10.000
F_1465 0.000 560.542 10.000
T_1466 -16.309 -90.974 10.000
V_1467 0.000 613.196 7.000
D_1468 -21.132 -475.402 10.000
C_1469 0.000 322.480 11.000
S_1470 -17.098 -90.060 11.000
Q_1471 -16.691 -643.904 7.000
A_1472 0.000 185.740 12.000
G_1473 0.000 -27.649 9.000
R_1474 -11.867 -1015.709 5.000
A_1475 0.000 185.740 5.000
P_1476 0.000 -195.996 9.000
L_1477 0.000 679.918 4.000
Q_1478 -7.878 -643.904 4.000
V_1479 0.000 613.196 4.000
A_1480 0.000 185.740 4.000
V_1481 0.000 613.196 0.000
L_1482 0.000 679.918 0.000
G_1483 0.000 -27.649 3.000
P_1484 0.000 -195.996 3.000
T_1485 -4.441 -90.974 3.000
G_1486 0.000 -27.649 3.000
V_1487 0.000 613.196 7.000
A_1488 0.000 185.740 4.000
E_1489 -7.878 -605.239 4.000
P_1490 0.000 -195.996 8.000
V_1491 0.000 613.196 8.000
E_1492 -19.866 -605.239 9.000
V_1493 0.000 613.196 13.000
R_1494 -33.508 -1015.709 17.000
D_1495 -24.169 -475.402 13.000
N_1496 -27.150 -507.047 17.000
G_1497 0.000 -27.649 12.000
D_1498 -22.253 -475.402 11.000
G_1499 0.000 -27.649 9.000
T_1500 -17.811 -90.974 12.000
H_1501 -9.978 -583.484 8.000
T_1502 -16.309 -90.974 10.000
V_1503 0.000 613.196 9.000
H_1504 -11.154 -583.484 10.000
Y_1505 -9.265 -274.939 7.000
T_1506 -13.255 -90.974 7.000
P_1507 0.000 -195.996 8.000
A_1508 0.000 185.740 10.000
T_1509 -13.255 -90.974 7.000
D_1510 -16.691 -475.402 7.000
G_1511 0.000 -27.649 9.000
P_1512 0.000 -195.996 9.000
Y_1513 -7.426 -274.939 5.000
T_1514 -10.149 -90.974 5.000
V_1515 0.000 613.196 5.000
A_1516 0.000 185.740 6.000
V_1517 0.000 613.196 5.000
K_1518 -10.149 -818.649 5.000
Y_1519 -10.601 -274.939 9.000
A_1520 0.000 185.740 13.000
D_1521 -25.003 -475.402 14.000
Q_1522 -23.258 -643.904 12.000
E_1523 -23.258 -605.239 12.000
V_1524 0.000 613.196 13.000
P_1525 0.000 -195.996 12.000
R_1526 -21.845 -1015.709 8.000
S_1527 -14.420 -90.060 8.000
P_1528 0.000 -195.996 11.000
F_1529 0.000 560.542 6.000
K_1530 -11.867 -818.649 6.000
I_1531 0.000 777.529 6.000
K_1532 -11.867 -818.649 6.000
V_1533 0.000 613.196 3.000
L_1534 0.000 679.918 3.000
P_1535 0.000 -195.996 2.000
A_1536 0.000 185.740 6.000
H_1537 -8.431 -583.484 6.000
D_1538 -19.866 -475.402 9.000
A_1539 0.000 185.740 12.000
S_1540 -16.309 -90.060 10.000
K_1541 -17.098 -818.649 11.000
V_1542 0.000 613.196 11.000
R_1543 -27.076 -1015.709 11.000
A_1544 0.000 185.740 8.000
S_1545 -14.420 -90.060 8.000
G_1546 0.000 -27.649 3.000
P_1547 0.000 -195.996 3.000
G_1548 0.000 -27.649 4.000
L_1549 0.000 679.918 4.000
N_1550 -16.691 -507.047 7.000
A_1551 0.000 185.740 7.000
S_1552 -13.255 -90.060 7.000
G_1553 0.000 -27.649 3.000
I_1554 0.000 777.529 3.000
P_1555 0.000 -195.996 3.000
A_1556 0.000 185.740 3.000
S_1557 -4.441 -90.060 3.000
L_1558 0.000 679.918 3.000
P_1559 0.000 -195.996 7.000
V_1560 0.000 613.196 4.000
E_1561 -16.691 -605.239 7.000
F_1562 0.000 560.542 7.000
T_1563 -17.098 -90.974 11.000
I_1564 0.000 777.529 7.000
D_1565 -23.258 -475.402 12.000
A_1566 0.000 185.740 13.000
R_1567 -29.616 -1015.709 13.000
D_1568 -19.866 -475.402 9.000
A_1569 0.000 185.740 13.000
G_1570 0.000 -27.649 8.000
E_1571 -7.878 -605.239 4.000
G_1572 0.000 -27.649 4.000
L_1573 0.000 679.918 7.000
L_1574 0.000 679.918 3.000
T_1575 -13.255 -90.974 7.000
V_1576 0.000 613.196 7.000
Q_1577 -16.691 -643.904 7.000
I_1578 0.000 777.529 8.000
L_1579 0.000 679.918 8.000
D_1580 -18.409 -475.402 8.000
P_1581 0.000 -195.996 8.000
E_1582 -22.253 -605.239 11.000
G_1583 0.000 -27.649 7.000
K_1584 -16.309 -818.649 10.000
P_1585 0.000 -195.996 9.000
K_1586 -15.425 -818.649 9.000
K_1587 -16.309 -818.649 10.000
A_1588 0.000 185.740 10.000
N_1589 -23.258 -507.047 12.000
I_1590 0.000 777.529 13.000
R_1591 -33.508 -1015.709 17.000
D_1592 -24.169 -475.402 13.000
N_1593 -27.150 -507.047 17.000
G_1594 0.000 -27.649 12.000
D_1595 -22.253 -475.402 11.000
G_1596 0.000 -27.649 9.000
T_1597 -17.811 -90.974 12.000
Y_1598 -9.978 -274.939 8.000
T_1599 -17.098 -90.974 11.000
V_1600 0.000 613.196 10.000
S_1601 -14.420 -90.060 8.000
Y_1602 -7.426 -274.939 5.000
L_1603 0.000 679.918 9.000
P_1604 0.000 -195.996 6.000
D_1605 -16.691 -475.402 7.000
M_1606 0.000 401.769 7.000
S_1607 -17.811 -90.060 12.000
G_1608 0.000 -27.649 10.000
R_1609 -29.616 -1015.709 13.000
Y_1610 -11.154 -274.939 10.000
T_1611 -18.462 -90.974 13.000
I_1612 0.000 777.529 8.000
T_1613 -15.425 -90.974 9.000
I_1614 0.000 777.529 8.000
K_1615 -14.420 -818.649 8.000
Y_1616 -7.426 -274.939 5.000
G_1617 0.000 -27.649 9.000
G_1618 0.000 -27.649 10.000
D_1619 -18.409 -475.402 8.000
E_1620 -18.409 -605.239 8.000
I_1621 0.000 777.529 10.000
P_1622 0.000 -195.996 9.000
Y_1623 -7.426 -274.939 5.000
S_1624 -10.149 -90.060 5.000
P_1625 0.000 -195.996 10.000
F_1626 0.000 560.542 8.000
R_1627 -19.414 -1015.709 7.000
I_1628 0.000 777.529 7.000
H_1629 -9.265 -583.484 7.000
A_1630 0.000 185.740 2.000
L_1631 0.000 679.918 5.000
P_1632 0.000 -195.996 3.000
T_1633 -13.255 -90.974 7.000
G_1634 0.000 -27.649 7.000
D_1635 -21.132 -475.402 10.000
A_1636 0.000 185.740 10.000
S_1637 -16.309 -90.060 10.000
K_1638 -11.867 -818.649 6.000
C_1639 0.000 322.480 6.000
L_1640 0.000 679.918 6.000
V_1641 0.000 613.196 3.000
T_1642 -11.867 -90.974 6.000
V_1643 0.000 613.196 6.000
S_1644 -11.867 -90.060 6.000
I_1645 0.000 777.529 3.000
G_1646 0.000 -27.649 5.000
G_1647 0.000 -27.649 2.000
H_1648 -1.718 -583.484 2.000
G_1649 0.000 -27.649 2.000
L_1650 0.000 679.918 2.000
G_1651 0.000 -27.649 0.000
A_1652 0.000 185.740 0.000
C_1653 0.000 322.480 0.000
L_1654 0.000 679.918 0.000
G_1655 0.000 -27.649 5.000
P_1656 0.000 -195.996 5.000
R_1657 -23.856 -1015.709 9.000
I_1658 0.000 777.529 9.000
Q_1659 -19.866 -643.904 9.000
I_1660 0.000 777.529 8.000
G_1661 0.000 -27.649 12.000
Q_1662 -22.253 -643.904 11.000
E_1663 -22.253 -605.239 11.000
T_1664 -17.098 -90.974 11.000
V_1665 0.000 613.196 10.000
I_1666 0.000 777.529 6.000
T_1667 -13.255 -90.974 7.000
V_1668 0.000 613.196 7.000
D_1669 -21.132 -475.402 10.000
A_1670 0.000 185.740 7.000
K_1671 -13.255 -818.649 7.000
A_1672 0.000 185.740 3.000
A_1673 0.000 185.740 7.000
G_1674 0.000 -27.649 4.000
E_1675 -16.691 -605.239 7.000
G_1676 0.000 -27.649 7.000
K_1677 -16.309 -818.649 10.000
V_1678 0.000 613.196 6.000
T_1679 -15.425 -90.974 9.000
C_1680 0.000 322.480 6.000
T_1681 -15.425 -90.974 9.000
V_1682 0.000 613.196 9.000
S_1683 -15.425 -90.060 9.000
T_1684 -16.309 -90.974 10.000
P_1685 0.000 -195.996 10.000
D_1686 -16.691 -475.402 7.000
G_1687 0.000 -27.649 8.000
A_1688 0.000 185.740 8.000
E_1689 -18.409 -605.239 8.000
L_1690 0.000 679.918 8.000
D_1691 -23.258 -475.402 12.000
V_1692 0.000 613.196 8.000
D_1693 -18.409 -475.402 8.000
V_1694 0.000 613.196 8.000
V_1695 0.000 613.196 12.000
E_1696 -21.132 -605.239 10.000
N_1697 -25.003 -507.047 14.000
H_1698 -12.900 -583.484 14.000
D_1699 -24.169 -475.402 13.000
G_1700 0.000 -27.649 9.000
T_1701 -17.098 -90.974 11.000
F_1702 0.000 560.542 7.000
D_1703 -19.866 -475.402 9.000
I_1704 0.000 777.529 8.000
Y_1705 -11.652 -274.939 11.000
Y_1706 -9.265 -274.939 7.000
T_1707 -13.255 -90.974 7.000
A_1708 0.000 185.740 9.000
P_1709 0.000 -195.996 7.000
E_1710 -7.878 -605.239 4.000
P_1711 0.000 -195.996 7.000
G_1712 0.000 -27.649 9.000
K_1713 -10.149 -818.649 5.000
Y_1714 -7.426 -274.939 5.000
V_1715 0.000 613.196 8.000
I_1716 0.000 777.529 5.000
T_1717 -14.420 -90.974 8.000
I_1718 0.000 777.529 8.000
R_1719 -21.845 -1015.709 8.000
F_1720 0.000 560.542 5.000
G_1721 0.000 -27.649 9.000
G_1722 0.000 -27.649 6.000
E_1723 -14.591 -605.239 6.000
H_1724 -8.431 -583.484 6.000
I_1725 0.000 777.529 10.000
P_1726 0.000 -195.996 9.000
N_1727 -16.691 -507.047 7.000
S_1728 -13.255 -90.060 7.000
P_1729 0.000 -195.996 9.000
F_1730 0.000 560.542 5.000
H_1731 -1.718 -583.484 2.000
V_1732 0.000 613.196 2.000
L_1733 0.000 679.918 2.000
A_1734 0.000 185.740 4.000
C_1735 0.000 322.480 4.000
D_1736 -7.878 -475.402 4.000
P_1737 0.000 -195.996 4.000
L_1738 0.000 679.918 6.000
P_1739 0.000 -195.996 6.000
H_1740 -11.154 -583.484 10.000
E_1741 -25.003 -605.239 14.000
E_1742 -25.003 -605.239 14.000
E_1743 -25.772 -605.239 15.000
P_1744 0.000 -195.996 15.000
S_1745 -17.098 -90.060 11.000
E_1746 -16.691 -605.239 7.000
V_1747 0.000 613.196 11.000
P_1748 0.000 -195.996 8.000
Q_1749 -19.866 -643.904 9.000
L_1750 0.000 679.918 13.000
R_1751 -29.616 -1015.709 13.000
Q_1752 -22.253 -643.904 11.000
P_1753 0.000 -195.996 11.000
Y_1754 -8.431 -274.939 6.000
A_1755 0.000 185.740 2.000
P_1756 0.000 -195.996 7.000
P_1757 0.000 -195.996 5.000
R_1758 -11.867 -1015.709 5.000
P_1759 0.000 -195.996 5.000
G_1760 0.000 -27.649 10.000
A_1761 0.000 185.740 5.000
R_1762 -21.845 -1015.709 8.000
P_1763 0.000 -195.996 10.000
T_1764 -17.098 -90.974 11.000
H_1765 -8.431 -583.484 6.000
W_1766 -5.447 -203.500 9.000
A_1767 0.000 185.740 10.000
T_1768 -17.811 -90.974 12.000
E_1769 -22.253 -605.239 11.000
E_1770 -22.253 -605.239 11.000
P_1771 0.000 -195.996 8.000
V_1772 0.000 613.196 4.000
V_1773 0.000 613.196 0.000
P_1774 0.000 -195.996 4.000
V_1775 0.000 613.196 4.000
E_1776 -7.878 -605.239 4.000
P_1777 0.000 -195.996 8.000
M_1778 0.000 401.769 11.000
E_1779 -16.691 -605.239 7.000
S_1780 -13.255 -90.060 7.000
M_1781 0.000 401.769 12.000
L_1782 0.000 679.918 8.000
R_1783 -11.867 -1015.709 5.000
P_1784 0.000 -195.996 9.000
F_1785 0.000 560.542 9.000
N_1786 -7.878 -507.047 4.000
L_1787 0.000 679.918 4.000
V_1788 0.000 613.196 4.000
I_1789 0.000 777.529 0.000
P_1790 0.000 -195.996 0.000
F_1791 0.000 560.542 0.000
A_1792 0.000 185.740 4.000
V_1793 0.000 613.196 7.000
Q_1794 -16.691 -643.904 7.000
K_1795 -17.098 -818.649 11.000
G_1796 0.000 -27.649 11.000
E_1797 -21.132 -605.239 10.000
L_1798 0.000 679.918 7.000
T_1799 -17.098 -90.974 11.000
G_1800 0.000 -27.649 7.000
E_1801 -23.258 -605.239 12.000
V_1802 0.000 613.196 9.000
R_1803 -23.856 -1015.709 9.000
M_1804 0.000 401.769 8.000
P_1805 0.000 -195.996 8.000
S_1806 -11.867 -90.060 6.000
G_1807 0.000 -27.649 9.000
K_1808 -15.425 -818.649 9.000
T_1809 -17.098 -90.974 11.000
A_1810 0.000 185.740 11.000
R_1811 -28.412 -1015.709 12.000
P_1812 0.000 -195.996 9.000
N_1813 -23.258 -507.047 12.000
I_1814 0.000 777.529 11.000
T_1815 -19.613 -90.974 15.000
D_1816 -25.003 -475.402 14.000
N_1817 -27.773 -507.047 18.000
K_1818 -19.613 -818.649 15.000
D_1819 -25.003 -475.402 14.000
G_1820 0.000 -27.649 10.000
T_1821 -16.309 -90.974 10.000
I_1822 0.000 777.529 6.000
T_1823 -17.098 -90.974 11.000
V_1824 0.000 613.196 10.000
R_1825 -25.574 -1015.709 10.000
Y_1826 -9.265 -274.939 7.000
A_1827 0.000 185.740 10.000
P_1828 0.000 -195.996 9.000
T_1829 -16.309 -90.974 10.000
E_1830 -21.132 -605.239 10.000
K_1831 -16.309 -818.649 10.000
G_1832 0.000 -27.649 9.000
L_1833 0.000 679.918 9.000
H_1834 -8.431 -583.484 6.000
Q_1835 -14.591 -643.904 6.000
M_1836 0.000 401.769 6.000
G_1837 0.000 -27.649 7.000
I_1838 0.000 777.529 5.000
K_1839 -15.425 -818.649 9.000
Y_1840 -10.601 -274.939 9.000
D_1841 -24.169 -475.402 13.000
G_1842 0.000 -27.649 12.000
N_1843 -21.132 -507.047 10.000
H_1844 -8.431 -583.484 6.000
I_1845 0.000 777.529 6.000
P_1846 0.000 -195.996 5.000
G_1847 0.000 -27.649 3.000
S_1848 -4.441 -90.060 3.000
P_1849 0.000 -195.996 7.000
L_1850 0.000 679.918 7.000
Q_1851 -14.591 -643.904 6.000
F_1852 0.000 560.542 6.000
Y_1853 -11.154 -274.939 10.000
V_1854 0.000 613.196 6.000
D_1855 -14.591 -475.402 6.000
A_1856 0.000 185.740 8.000
I_1857 0.000 777.529 11.000
N_1858 -23.258 -507.047 12.000
S_1859 -19.059 -90.060 14.000
R_1860 -30.711 -1015.709 14.000
H_1861 -12.518 -583.484 13.000
V_1862 0.000 613.196 10.000
S_1863 -13.255 -90.060 7.000
A_1864 0.000 185.740 5.000
Y_1865 -7.426 -274.939 5.000
G_1866 0.000 -27.649 2.000
P_1867 0.000 -195.996 2.000
G_1868 0.000 -27.649 3.000
L_1869 0.000 679.918 5.000
S_1870 -10.149 -90.060 5.000
H_1871 -7.426 -583.484 5.000
G_1872 0.000 -27.649 5.000
M_1873 0.000 401.769 6.000
V_1874 0.000 613.196 7.000
N_1875 -16.691 -507.047 7.000
K_1876 -13.255 -818.649 7.000
P_1877 0.000 -195.996 10.000
A_1878 0.000 185.740 6.000
T_1879 -11.867 -90.974 6.000
F_1880 0.000 560.542 6.000
T_1881 -11.867 -90.974 6.000
I_1882 0.000 777.529 6.000
V_1883 0.000 613.196 9.000
T_1884 -16.309 -90.974 10.000
K_1885 -16.309 -818.649 10.000
D_1886 -21.132 -475.402 10.000
A_1887 0.000 185.740 11.000
G_1888 0.000 -27.649 8.000
E_1889 -7.878 -605.239 4.000
G_1890 0.000 -27.649 4.000
G_1891 0.000 -27.649 7.000
L_1892 0.000 679.918 3.000
S_1893 -4.441 -90.060 3.000
L_1894 0.000 679.918 3.000
A_1895 0.000 185.740 7.000
V_1896 0.000 613.196 4.000
E_1897 -7.878 -605.239 4.000
G_1898 0.000 -27.649 7.000
P_1899 0.000 -195.996 10.000
S_1900 -11.867 -90.060 6.000
K_1901 -16.309 -818.649 10.000
A_1902 0.000 185.740 10.000
E_1903 -21.132 -605.239 10.000
I_1904 0.000 777.529 7.000
T_1905 -16.309 -90.974 10.000
C_1906 0.000 322.480 10.000
K_1907 -19.059 -818.649 14.000
D_1908 -25.003 -475.402 14.000
N_1909 -27.773 -507.047 18.000
K_1910 -19.613 -818.649 15.000
D_1911 -25.003 -475.402 14.000
G_1912 0.000 -27.649 10.000
T_1913 -16.309 -90.974 10.000
C_1914 0.000 322.480 6.000
T_1915 -15.425 -90.974 9.000
V_1916 0.000 613.196 8.000
S_1917 -14.420 -90.060 8.000
Y_1918 -7.426 -274.939 5.000
L_1919 0.000 679.918 8.000
P_1920 0.000 -195.996 5.000
T_1921 -4.441 -90.974 3.000
A_1922 0.000 185.740 3.000
P_1923 0.000 -195.996 7.000
G_1924 0.000 -27.649 6.000
D_1925 -19.866 -475.402 9.000
Y_1926 -10.601 -274.939 9.000
S_1927 -15.425 -90.060 9.000
I_1928 0.000 777.529 5.000
I_1929 0.000 777.529 8.000
V_1930 0.000 613.196 5.000
R_1931 -23.856 -1015.709 9.000
F_1932 0.000 560.542 13.000
D_1933 -26.485 -475.402 16.000
D_1934 -24.169 -475.402 13.000
K_1935 -18.462 -818.649 13.000
H_1936 -10.601 -583.484 9.000
I_1937 0.000 777.529 5.000
P_1938 0.000 -195.996 5.000
G_1939 0.000 -27.649 3.000
S_1940 -4.441 -90.060 3.000
P_1941 0.000 -195.996 6.000
F_1942 0.000 560.542 6.000
T_1943 -11.867 -90.974 6.000
A_1944 0.000 185.740 6.000
K_1945 -15.425 -818.649 9.000
I_1946 0.000 777.529 6.000
T_1947 -16.309 -90.974 10.000
G_1948 0.000 -27.649 11.000
D_1949 -25.003 -475.402 14.000
D_1950 -22.253 -475.402 11.000
S_1951 -20.127 -90.060 16.000
M_1952 0.000 401.769 15.000
R_1953 -30.711 -1015.709 14.000
T_1954 -19.613 -90.974 15.000
S_1955 -19.613 -90.060 15.000
Q_1956 -25.003 -643.904 14.000
L_1957 0.000 679.918 11.000
N_1958 -18.409 -507.047 8.000
V_1959 0.000 613.196 7.000
G_1960 0.000 -27.649 10.000
T_1961 -15.425 -90.974 9.000
S_1962 -18.462 -90.060 13.000
T_1963 -18.462 -90.974 13.000
D_1964 -24.169 -475.402 13.000
V_1965 0.000 613.196 10.000
S_1966 -16.309 -90.060 10.000
L_1967 0.000 679.918 6.000
K_1968 -15.425 -818.649 9.000
I_1969 0.000 777.529 10.000
T_1970 -18.462 -90.974 13.000
E_1971 -25.003 -605.239 14.000
S_1972 -19.059 -90.060 14.000
D_1973 -25.003 -475.402 14.000
L_1974 0.000 679.918 14.000
S_1975 -17.098 -90.060 11.000
Q_1976 -21.132 -643.904 10.000
L_1977 0.000 679.918 10.000
T_1978 -16.309 -90.974 10.000
A_1979 0.000 185.740 6.000
S_1980 -17.098 -90.060 11.000
I_1981 0.000 777.529 8.000
R_1982 -21.845 -1015.709 8.000
A_1983 0.000 185.740 8.000
P_1984 0.000 -195.996 8.000
S_1985 -13.255 -90.060 7.000
G_1986 0.000 -27.649 11.000
N_1987 -25.772 -507.047 15.000
E_1988 -23.258 -605.239 12.000
E_1989 -23.258 -605.239 12.000
P_1990 0.000 -195.996 8.000
C_1991 0.000 322.480 4.000
L_1992 0.000 679.918 3.000
L_1993 0.000 679.918 8.000
K_1994 -14.420 -818.649 8.000
R_1995 -21.845 -1015.709 8.000
L_1996 0.000 679.918 12.000
P_1997 0.000 -195.996 14.000
N_1998 -22.253 -507.047 11.000
R_1999 -27.076 -1015.709 11.000
H_2000 -11.652 -583.484 11.000
I_2001 0.000 777.529 7.000
G_2002 0.000 -27.649 5.000
I_2003 0.000 777.529 3.000
S_2004 -11.867 -90.060 6.000
F_2005 0.000 560.542 6.000
T_2006 -15.425 -90.974 9.000
P_2007 0.000 -195.996 10.000
K_2008 -16.309 -818.649 10.000
E_2009 -16.691 -605.239 7.000
V_2010 0.000 613.196 11.000
G_2011 0.000 -27.649 10.000
E_2012 -14.591 -605.239 6.000
H_2013 -8.431 -583.484 6.000
V_2014 0.000 613.196 9.000
V_2015 0.000 613.196 5.000
S_2016 -14.420 -90.060 8.000
V_2017 0.000 613.196 11.000
R_2018 -30.711 -1015.709 14.000
K_2019 -17.098 -818.649 11.000
S_2020 -19.059 -90.060 14.000
G_2021 0.000 -27.649 11.000
K_2022 -14.420 -818.649 8.000
H_2023 -9.978 -583.484 8.000
V_2024 0.000 613.196 12.000
T_2025 -17.811 -90.974 12.000
N_2026 -21.132 -507.047 10.000
S_2027 -16.309 -90.060 10.000
P_2028 0.000 -195.996 10.000
F_2029 0.000 560.542 6.000
K_2030 -4.441 -818.649 3.000
I_2031 0.000 777.529 3.000
L_2032 0.000 679.918 3.000
V_2033 0.000 613.196 0.000
G_2034 0.000 -27.649 3.000
P_2035 0.000 -195.996 7.000
S_2036 -13.255 -90.060 7.000
E_2037 -16.691 -605.239 7.000
I_2038 0.000 777.529 11.000
G_2039 0.000 -27.649 8.000
D_2040 -16.691 -475.402 7.000
A_2041 0.000 185.740 10.000
S_2042 -16.309 -90.060 10.000
K_2043 -17.098 -818.649 11.000
V_2044 0.000 613.196 11.000
R_2045 -23.856 -1015.709 9.000
V_2046 0.000 613.196 6.000
W_2047 -5.447 -203.500 9.000
G_2048 0.000 -27.649 4.000
K_2049 -7.878 -818.649 4.000
G_2050 0.000 -27.649 6.000
L_2051 0.000 679.918 10.000
S_2052 -13.255 -90.060 7.000
E_2053 -19.866 -605.239 9.000
G_2054 0.000 -27.649 12.000
H_2055 -10.601 -583.484 9.000
T_2056 -15.425 -90.974 9.000
F_2057 0.000 560.542 9.000
Q_2058 -16.691 -643.904 7.000
V_2059 0.000 613.196 8.000
A_2060 0.000 185.740 8.000
E_2061 -7.878 -605.239 4.000
F_2062 0.000 560.542 4.000
I_2063 0.000 777.529 8.000
V_2064 0.000 613.196 7.000
D_2065 -23.258 -475.402 12.000
T_2066 -20.127 -90.974 16.000
R_2067 -32.645 -1015.709 16.000
N_2068 -23.258 -507.047 12.000
A_2069 0.000 185.740 11.000
G_2070 0.000 -27.649 6.000
Y_2071 -1.718 -274.939 2.000
G_2072 0.000 -27.649 2.000
G_2073 0.000 -27.649 2.000
L_2074 0.000 679.918 0.000
G_2075 0.000 -27.649 3.000
L_2076 0.000 679.918 3.000
S_2077 -13.255 -90.060 7.000
I_2078 0.000 777.529 7.000
E_2079 -16.691 -605.239 7.000
G_2080 0.000 -27.649 7.000
P_2081 0.000 -195.996 10.000
S_2082 -11.867 -90.060 6.000
K_2083 -16.309 -818.649 10.000
V_2084 0.000 613.196 10.000
D_2085 -22.253 -475.402 11.000
I_2086 0.000 777.529 8.000
N_2087 -23.258 -507.047 12.000
C_2088 0.000 322.480 12.000
E_2089 -23.258 -605.239 12.000
D_2090 -23.258 -475.402 12.000
M_2091 0.000 401.769 16.000
E_2092 -23.258 -605.239 12.000
D_2093 -22.253 -475.402 11.000
G_2094 0.000 -27.649 11.000
T_2095 -16.309 -90.974 10.000
C_2096 0.000 322.480 6.000
K_2097 -15.425 -818.649 9.000
V_2098 0.000 613.196 8.000
T_2099 -14.420 -90.974 8.000
Y_2100 -7.426 -274.939 5.000
C_2101 0.000 322.480 8.000
P_2102 0.000 -195.996 9.000
T_2103 -13.255 -90.974 7.000
E_2104 -16.691 -605.239 7.000
P_2105 0.000 -195.996 10.000
G_2106 0.000 -27.649 9.000
T_2107 -10.149 -90.974 5.000
Y_2108 -7.426 -274.939 5.000
I_2109 0.000 777.529 9.000
I_2110 0.000 777.529 6.000
N_2111 -16.691 -507.047 7.000
I_2112 0.000 777.529 7.000
K_2113 -13.255 -818.649 7.000
F_2114 0.000 560.542 7.000
A_2115 0.000 185.740 10.000
D_2116 -19.866 -475.402 9.000
K_2117 -15.425 -818.649 9.000
H_2118 -10.601 -583.484 9.000
V_2119 0.000 613.196 5.000
P_2120 0.000 -195.996 5.000
G_2121 0.000 -27.649 3.000
S_2122 -4.441 -90.060 3.000
P_2123 0.000 -195.996 6.000
F_2124 0.000 560.542 6.000
T_2125 -11.867 -90.974 6.000
V_2126 0.000 613.196 6.000
K_2127 -15.425 -818.649 9.000
V_2128 0.000 613.196 6.000
T_2129 -16.309 -90.974 10.000
G_2130 0.000 -27.649 7.000
E_2131 -23.258 -605.239 12.000
G_2132 0.000 -27.649 9.000
R_2133 -28.412 -1015.709 12.000
M_2134 0.000 401.769 12.000
K_2135 -19.613 -818.649 15.000
E_2136 -21.132 -605.239 10.000
S_2137 -18.462 -90.060 13.000
I_2138 0.000 777.529 15.000
T_2139 -20.127 -90.974 16.000
R_2140 -34.315 -1015.709 18.000
R_2141 -37.098 -1015.709 22.000
R_2142 -35.072 -1015.709 19.000
Q_2143 -25.003 -643.904 14.000
A_2144 0.000 185.740 12.000
P_2145 0.000 -195.996 7.000
S_2146 -4.441 -90.060 3.000
I_2147 0.000 777.529 6.000
A_2148 0.000 185.740 6.000
T_2149 -4.441 -90.974 3.000
I_2150 0.000 777.529 6.000
G_2151 0.000 -27.649 9.000
S_2152 -11.867 -90.060 6.000
T_2153 -16.309 -90.974 10.000
C_2154 0.000 322.480 10.000
D_2155 -22.253 -475.402 11.000
L_2156 0.000 679.918 8.000
N_2157 -22.253 -507.047 11.000
L_2158 0.000 679.918 7.000
K_2159 -13.255 -818.649 7.000
I_2160 0.000 777.529 3.000
P_2161 0.000 -195.996 7.000
G_2162 0.000 -27.649 5.000
N_2163 -11.867 -507.047 5.000
W_2164 -5.447 -203.500 9.000
F_2165 0.000 560.542 9.000
Q_2166 -11.867 -643.904 5.000
M_2167 0.000 401.769 7.000
V_2168 0.000 613.196 7.000
S_2169 -13.255 -90.060 7.000
A_2170 0.000 185.740 11.000
Q_2171 -26.485 -643.904 16.000
E_2172 -24.169 -605.239 13.000
R_2173 -32.645 -1015.709 16.000
L_2174 0.000 679.918 17.000
T_2175 -20.127 -90.974 16.000
R_2176 -27.076 -1015.709 11.000
T_2177 -19.059 -90.974 14.000
F_2178 0.000 560.542 16.000
T_2179 -19.059 -90.974 14.000
R_2180 -30.711 -1015.709 14.000
S_2181 -20.127 -90.060 16.000
S_2182 -20.127 -90.060 16.000
H_2183 -12.518 -583.484 13.000
T_2184 -18.462 -90.974 13.000
Y_2185 -13.255 -274.939 15.000
T_2186 -20.127 -90.974 16.000
R_2187 -33.508 -1015.709 17.000
T_2188 -21.889 -90.974 20.000
E_2189 -28.912 -605.239 20.000
R_2190 -35.072 -1015.709 19.000
T_2191 -20.127 -90.974 16.000
E_2192 -25.772 -605.239 15.000
I_2193 0.000 777.529 13.000
S_2194 -18.462 -90.060 13.000
K_2195 -19.059 -818.649 14.000
T_2196 -19.059 -90.974 14.000
R_2197 -27.076 -1015.709 11.000
G_2198 0.000 -27.649 12.000
G_2199 0.000 -27.649 12.000
E_2200 -21.132 -605.239 10.000
T_2201 -19.613 -90.974 15.000
K_2202 -21.486 -818.649 19.000
R_2203 -31.716 -1015.709 15.000
E_2204 -27.150 -605.239 17.000
V_2205 0.000 613.196 14.000
R_2206 -29.616 -1015.709 13.000
V_2207 0.000 613.196 13.000
E_2208 -26.485 -605.239 16.000
E_2209 -25.003 -605.239 14.000
S_2210 -21.060 -90.060 18.000
T_2211 -19.059 -90.974 14.000
Q_2212 -21.132 -643.904 10.000
V_2213 0.000 613.196 7.000
G_2214 0.000 -27.649 8.000
G_2215 0.000 -27.649 4.000
D_2216 -7.878 -475.402 4.000
P_2217 0.000 -195.996 4.000
F_2218 0.000 560.542 4.000
P_2219 0.000 -195.996 0.000
A_2220 0.000 185.740 0.000
V_2221 0.000 613.196 0.000
F_2222 0.000 560.542 4.000
G_2223 0.000 -27.649 4.000
D_2224 -7.878 -475.402 4.000
F_2225 0.000 560.542 4.000
L_2226 0.000 679.918 9.000
G_2227 0.000 -27.649 9.000
R_2228 -30.711 -1015.709 14.000
E_2229 -25.003 -605.239 14.000
R_2230 -30.711 -1015.709 14.000
L_2231 0.000 679.918 12.000
G_2232 0.000 -27.649 8.000
S_2233 -4.441 -90.060 3.000
F_2234 0.000 560.542 6.000
G_2235 0.000 -27.649 6.000
S_2236 -11.867 -90.060 6.000
I_2237 0.000 777.529 11.000
T_2238 -19.613 -90.974 15.000
R_2239 -32.645 -1015.709 16.000
Q_2240 -28.912 -643.904 20.000
Q_2241 -27.150 -643.904 17.000
E_2242 -26.485 -605.239 16.000
G_2243 0.000 -27.649 12.000
E_2244 -22.253 -605.239 11.000
A_2245 0.000 185.740 10.000
S_2246 -19.059 -90.060 14.000
S_2247 -19.059 -90.060 14.000
Q_2248 -25.003 -643.904 14.000
D_2249 -25.003 -475.402 14.000
M_2250 0.000 401.769 11.000
T_2251 -17.098 -90.974 11.000
A_2252 0.000 185.740 7.000
Q_2253 -21.132 -643.904 10.000
V_2254 0.000 613.196 10.000
T_2255 -16.309 -90.974 10.000
S_2256 -15.425 -90.060 9.000
P_2257 0.000 -195.996 9.000
S_2258 -15.425 -90.060 9.000
G_2259 0.000 -27.649 6.000
K_2260 -16.309 -818.649 10.000
V_2261 0.000 613.196 7.000
E_2262 -16.691 -605.239 7.000
A_2263 0.000 185.740 8.000
A_2264 0.000 185.740 8.000
E_2265 -7.878 -605.239 4.000
I_2266 0.000 777.529 8.000
V_2267 0.000 613.196 8.000
E_2268 -18.409 -605.239 8.000
G_2269 0.000 -27.649 12.000
E_2270 -25.772 -605.239 15.000
D_2271 -22.253 -475.402 11.000
S_2272 -18.462 -90.060 13.000
A_2273 0.000 185.740 12.000
Y_2274 -9.978 -274.939 8.000
S_2275 -16.309 -90.060 10.000
V_2276 0.000 613.196 10.000
R_2277 -21.845 -1015.709 8.000
F_2278 0.000 560.542 5.000
V_2279 0.000 613.196 9.000
P_2280 0.000 -195.996 8.000
Q_2281 -18.409 -643.904 8.000
E_2282 -18.409 -605.239 8.000
M_2283 0.000 401.769 8.000
G_2284 0.000 -27.649 6.000
P_2285 0.000 -195.996 5.000
H_2286 -7.426 -583.484 5.000
T_2287 -10.149 -90.974 5.000
V_2288 0.000 613.196 5.000
A_2289 0.000 185.740 6.000
V_2290 0.000 613.196 5.000
K_2291 -16.309 -818.649 10.000
Y_2292 -11.154 -274.939 10.000
R_2293 -30.711 -1015.709 14.000
G_2294 0.000 -27.649 13.000
Q_2295 -22.253 -643.904 11.000
H_2296 -8.431 -583.484 6.000
V_2297 0.000 613.196 6.000
P_2298 0.000 -195.996 5.000
G_2299 0.000 -27.649 3.000
S_2300 -4.441 -90.060 3.000
P_2301 0.000 -195.996 7.000
F_2302 0.000 560.542 7.000
Q_2303 -16.691 -643.904 7.000
F_2304 0.000 560.542 7.000
T_2305 -13.255 -90.974 7.000
V_2306 0.000 613.196 3.000
G_2307 0.000 -27.649 3.000
P_2308 0.000 -195.996 0.000
L_2309 0.000 679.918 4.000
G_2310 0.000 -27.649 4.000
E_2311 -7.878 -605.239 4.000
G_2312 0.000 -27.649 4.000
G_2313 0.000 -27.649 6.000
A_2314 0.000 185.740 5.000
H_2315 -7.426 -583.484 5.000
K_2316 -16.309 -818.649 10.000
V_2317 0.000 613.196 10.000
R_2318 -21.845 -1015.709 8.000
A_2319 0.000 185.740 5.000
G_2320 0.000 -27.649 8.000
G_2321 0.000 -27.649 3.000
T_2322 -4.441 -90.974 3.000
G_2323 0.000 -27.649 7.000
L_2324 0.000 679.918 12.000
E_2325 -19.866 -605.239 9.000
R_2326 -23.856 -1015.709 9.000
G_2327 0.000 -27.649 9.000
V_2328 0.000 613.196 5.000
A_2329 0.000 185.740 0.000
G_2330 0.000 -27.649 0.000
V_2331 0.000 613.196 0.000
P_2332 0.000 -195.996 4.000
A_2333 0.000 185.740 4.000
E_2334 -16.691 -605.239 7.000
F_2335 0.000 560.542 7.000
S_2336 -14.420 -90.060 8.000
I_2337 0.000 777.529 7.000
W_2338 -6.160 -203.500 12.000
T_2339 -18.462 -90.974 13.000
R_2340 -29.616 -1015.709 13.000
E_2341 -23.258 -605.239 12.000
A_2342 0.000 185.740 9.000
G_2343 0.000 -27.649 4.000
A_2344 0.000 185.740 0.000
G_2345 0.000 -27.649 0.000
G_2346 0.000 -27.649 3.000
L_2347 0.000 679.918 3.000
S_2348 -4.441 -90.060 3.000
I_2349 0.000 777.529 3.000
A_2350 0.000 185.740 7.000
V_2351 0.000 613.196 4.000
E_2352 -7.878 -605.239 4.000
G_2353 0.000 -27.649 7.000
P_2354 0.000 -195.996 10.000
S_2355 -11.867 -90.060 6.000
K_2356 -16.309 -818.649 10.000
A_2357 0.000 185.740 10.000
E_2358 -16.691 -605.239 7.000
I_2359 0.000 777.529 4.000
A_2360 0.000 185.740 8.000
F_2361 0.000 560.542 8.000
E_2362 -24.169 -605.239 13.000
D_2363 -26.485 -475.402 16.000
R_2364 -35.785 -1015.709 20.000
K_2365 -20.127 -818.649 16.000
D_2366 -25.772 -475.402 15.000
G_2367 0.000 -27.649 10.000
S_2368 -13.255 -90.060 7.000
C_2369 0.000 322.480 3.000
G_2370 0.000 -27.649 6.000
V_2371 0.000 613.196 5.000
S_2372 -10.149 -90.060 5.000
Y_2373 -7.426 -274.939 5.000
V_2374 0.000 613.196 9.000
V_2375 0.000 613.196 10.000
Q_2376 -18.409 -643.904 8.000
E_2377 -18.409 -605.239 8.000
P_2378 0.000 -195.996 12.000
G_2379 0.000 -27.649 10.000
D_2380 -21.132 -475.402 10.000
Y_2381 -11.154 -274.939 10.000
E_2382 -24.169 -605.239 13.000
V_2383 0.000 613.196 9.000
S_2384 -16.309 -90.060 10.000
I_2385 0.000 777.529 6.000
K_2386 -16.309 -818.649 10.000
F_2387 0.000 560.542 11.000
N_2388 -25.772 -507.047 15.000
D_2389 -25.003 -475.402 14.000
E_2390 -25.003 -605.239 14.000
H_2391 -11.154 -583.484 10.000
I_2392 0.000 777.529 10.000
P_2393 0.000 -195.996 9.000
D_2394 -16.691 -475.402 7.000
S_2395 -13.255 -90.060 7.000
P_2396 0.000 -195.996 7.000
F_2397 0.000 560.542 3.000
V_2398 0.000 613.196 0.000
V_2399 0.000 613.196 0.000
P_2400 0.000 -195.996 0.000
V_2401 0.000 613.196 3.000
A_2402 0.000 185.740 3.000
S_2403 -11.867 -90.060 6.000
L_2404 0.000 679.918 10.000
S_2405 -19.059 -90.060 14.000
D_2406 -22.253 -475.402 11.000
D_2407 -26.485 -475.402 16.000
A_2408 0.000 185.740 18.000
R_2409 -30.711 -1015.709 14.000
R_2410 -29.616 -1015.709 13.000
L_2411 0.000 679.918 13.000
T_2412 -17.098 -90.974 11.000
V_2413 0.000 613.196 9.000
T_2414 -15.425 -90.974 9.000
S_2415 -16.309 -90.060 10.000
L_2416 0.000 679.918 14.000
Q_2417 -25.003 -643.904 14.000
E_2418 -22.253 -605.239 11.000
T_2419 -17.098 -90.974 11.000
G_2420 0.000 -27.649 10.000
L_2421 0.000 679.918 6.000
K_2422 -13.255 -818.649 7.000
V_2423 0.000 613.196 11.000
N_2424 -22.253 -507.047 11.000
Q_2425 -18.409 -643.904 8.000
P_2426 0.000 -195.996 11.000
A_2427 0.000 185.740 7.000
S_2428 -4.441 -90.060 3.000
F_2429 0.000 560.542 3.000
A_2430 0.000 185.740 7.000
V_2431 0.000 613.196 4.000
Q_2432 -18.409 -643.904 8.000
L_2433 0.000 679.918 8.000
N_2434 -18.409 -507.047 8.000
G_2435 0.000 -27.649 9.000
A_2436 0.000 185.740 9.000
R_2437 -11.867 -1015.709 5.000
G_2438 0.000 -27.649 5.000
V_2439 0.000 613.196 9.000
I_2440 0.000 777.529 4.000
D_2441 -19.866 -475.402 9.000
A_2442 0.000 185.740 9.000
R_2443 -27.076 -1015.709 11.000
V_2444 0.000 613.196 10.000
H_2445 -11.154 -583.484 10.000
T_2446 -14.420 -90.974 8.000
P_2447 0.000 -195.996 8.000
S_2448 -11.867 -90.060 6.000
G_2449 0.000 -27.649 3.000
A_2450 0.000 185.740 7.000
V_2451 0.000 613.196 8.000
E_2452 -18.409 -605.239 8.000
E_2453 -21.132 -605.239 10.000
C_2454 0.000 322.480 10.000
Y_2455 -10.601 -274.939 9.000
V_2456 0.000 613.196 9.000
S_2457 -15.425 -90.060 9.000
E_2458 -22.253 -605.239 11.000
L_2459 0.000 679.918 14.000
D_2460 -25.772 -475.402 15.000
S_2461 -19.059 -90.060 14.000
D_2462 -26.485 -475.402 16.000
K_2463 -19.613 -818.649 15.000
H_2464 -12.104 -583.484 12.000
T_2465 -18.462 -90.974 13.000
I_2466 0.000 777.529 10.000
R_2467 -21.845 -1015.709 8.000
F_2468 0.000 560.542 5.000
I_2469 0.000 777.529 7.000
P_2470 0.000 -195.996 6.000
H_2471 -11.154 -583.484 10.000
E_2472 -21.132 -605.239 10.000
N_2473 -21.132 -507.047 10.000
G_2474 0.000 -27.649 10.000
V_2475 0.000 613.196 9.000
H_2476 -7.426 -583.484 5.000
S_2477 -15.425 -90.060 9.000
I_2478 0.000 777.529 9.000
D_2479 -21.132 -475.402 10.000
V_2480 0.000 613.196 7.000
K_2481 -17.098 -818.649 11.000
F_2482 0.000 560.542 7.000
N_2483 -16.691 -507.047 7.000
G_2484 0.000 -27.649 6.000
A_2485 0.000 185.740 6.000
H_2486 -1.718 -583.484 2.000
I_2487 0.000 777.529 2.000
P_2488 0.000 -195.996 5.000
G_2489 0.000 -27.649 3.000
S_2490 -4.441 -90.060 3.000
P_2491 0.000 -195.996 6.000
F_2492 0.000 560.542 6.000
K_2493 -14.420 -818.649 8.000
I_2494 0.000 777.529 8.000
R_2495 -21.845 -1015.709 8.000
V_2496 0.000 613.196 9.000
G_2497 0.000 -27.649 13.000
E_2498 -22.253 -605.239 11.000
Q_2499 -25.772 -643.904 15.000
S_2500 -19.613 -90.060 15.000
Q_2501 -22.253 -643.904 11.000
A_2502 0.000 185.740 11.000
G_2503 0.000 -27.649 8.000
D_2504 -7.878 -475.402 4.000
P_2505 0.000 -195.996 4.000
G_2506 0.000 -27.649 4.000
L_2507 0.000 679.918 3.000
V_2508 0.000 613.196 3.000
S_2509 -10.149 -90.060 5.000
A_2510 0.000 185.740 5.000
Y_2511 -7.426 -274.939 5.000
G_2512 0.000 -27.649 2.000
P_2513 0.000 -195.996 2.000
G_2514 0.000 -27.649 4.000
L_2515 0.000 679.918 4.000
E_2516 -7.878 -605.239 4.000
G_2517 0.000 -27.649 7.000
G_2518 0.000 -27.649 10.000
T_2519 -11.867 -90.974 6.000
T_2520 -11.867 -90.974 6.000
G_2521 0.000 -27.649 9.000
V_2522 0.000 613.196 9.000
S_2523 -16.309 -90.060 10.000
S_2524 -16.309 -90.060 10.000
E_2525 -21.132 -605.239 10.000
F_2526 0.000 560.542 7.000
I_2527 0.000 777.529 8.000
V_2528 0.000 613.196 7.000
N_2529 -16.691 -507.047 7.000
T_2530 -17.098 -90.974 11.000
L_2531 0.000 679.918 11.000
N_2532 -16.691 -507.047 7.000
A_2533 0.000 185.740 7.000
G_2534 0.000 -27.649 7.000
S_2535 -4.441 -90.060 3.000
G_2536 0.000 -27.649 3.000
A_2537 0.000 185.740 6.000
L_2538 0.000 679.918 3.000
S_2539 -11.867 -90.060 6.000
V_2540 0.000 613.196 6.000
T_2541 -16.309 -90.974 10.000
I_2542 0.000 777.529 7.000
D_2543 -16.691 -475.402 7.000
G_2544 0.000 -27.649 7.000
P_2545 0.000 -195.996 10.000
S_2546 -11.867 -90.060 6.000
K_2547 -16.309 -818.649 10.000
V_2548 0.000 613.196 10.000
Q_2549 -22.253 -643.904 11.000
L_2550 0.000 679.918 8.000
D_2551 -24.169 -475.402 13.000
C_2552 0.000 322.480 13.000
R_2553 -29.616 -1015.709 13.000
E_2554 -19.866 -605.239 9.000
C_2555 0.000 322.480 13.000
P_2556 0.000 -195.996 8.000
E_2557 -14.591 -605.239 6.000
G_2558 0.000 -27.649 6.000
H_2559 -8.431 -583.484 6.000
V_2560 0.000 613.196 5.000
V_2561 0.000 613.196 7.000
T_2562 -14.420 -90.974 8.000
Y_2563 -9.978 -274.939 8.000
T_2564 -14.420 -90.974 8.000
P_2565 0.000 -195.996 5.000
M_2566 0.000 401.769 3.000
A_2567 0.000 185.740 0.000
P_2568 0.000 -195.996 4.000
G_2569 0.000 -27.649 6.000
N_2570 -14.591 -507.047 6.000
Y_2571 -8.431 -274.939 6.000
L_2572 0.000 679.918 6.000
I_2573 0.000 777.529 2.000
A_2574 0.000 185.740 3.000
I_2575 0.000 777.529 5.000
K_2576 -10.149 -818.649 5.000
Y_2577 -7.426 -274.939 5.000
G_2578 0.000 -27.649 5.000
G_2579 0.000 -27.649 6.000
P_2580 0.000 -195.996 6.000
Q_2581 -14.591 -643.904 6.000
H_2582 -8.431 -583.484 6.000
I_2583 0.000 777.529 6.000
V_2584 0.000 613.196 5.000
G_2585 0.000 -27.649 3.000
S_2586 -4.441 -90.060 3.000
P_2587 0.000 -195.996 6.000
F_2588 0.000 560.542 6.000
K_2589 -11.867 -818.649 6.000
A_2590 0.000 185.740 6.000
K_2591 -15.425 -818.649 9.000
V_2592 0.000 613.196 6.000
T_2593 -11.867 -90.974 6.000
G_2594 0.000 -27.649 8.000
P_2595 0.000 -195.996 8.000
R_2596 -21.845 -1015.709 8.000
L_2597 0.000 679.918 8.000
S_2598 -14.420 -90.060 8.000
G_2599 0.000 -27.649 5.000
G_2600 0.000 -27.649 8.000
H_2601 -7.426 -583.484 5.000
S_2602 -13.255 -90.060 7.000
L_2603 0.000 679.918 11.000
H_2604 -12.104 -583.484 12.000
E_2605 -23.258 -605.239 12.000
T_2606 -19.613 -90.974 15.000
S_2607 -18.462 -90.060 13.000
T_2608 -15.425 -90.974 9.000
V_2609 0.000 613.196 6.000
L_2610 0.000 679.918 7.000
V_2611 0.000 613.196 7.000
E_2612 -16.691 -605.239 7.000
T_2613 -16.309 -90.974 10.000
V_2614 0.000 613.196 13.000
T_2615 -17.811 -90.974 12.000
K_2616 -17.811 -818.649 12.000
S_2617 -19.613 -90.060 15.000
S_2618 -19.613 -90.060 15.000
S_2619 -20.609 -90.060 17.000
S_2620 -19.059 -90.060 14.000
R_2621 -30.711 -1015.709 14.000
G_2622 0.000 -27.649 14.000
S_2623 -18.462 -90.060 13.000
S_2624 -17.098 -90.060 11.000
Y_2625 -12.900 -274.939 14.000
S_2626 -17.098 -90.060 11.000
S_2627 -14.420 -90.060 8.000
I_2628 0.000 777.529 9.000
P_2629 0.000 -195.996 6.000
K_2630 -11.867 -818.649 6.000
F_2631 0.000 560.542 9.000
S_2632 -18.462 -90.060 13.000
S_2633 -16.309 -90.060 10.000
D_2634 -24.169 -475.402 13.000
A_2635 0.000 185.740 13.000
S_2636 -16.309 -90.060 10.000
K_2637 -11.867 -818.649 6.000
V_2638 0.000 613.196 9.000
V_2639 0.000 613.196 11.000
T_2640 -14.420 -90.974 8.000
R_2641 -21.845 -1015.709 8.000
G_2642 0.000 -27.649 8.000
P_2643 0.000 -195.996 5.000
G_2644 0.000 -27.649 3.000
L_2645 0.000 679.918 7.000
S_2646 -13.255 -90.060 7.000
Q_2647 -16.691 -643.904 7.000
A_2648 0.000 185.740 7.000
F_2649 0.000 560.542 4.000
V_2650 0.000 613.196 4.000
G_2651 0.000 -27.649 7.000
Q_2652 -22.253 -643.904 11.000
K_2653 -19.059 -818.649 14.000
N_2654 -25.003 -507.047 14.000
S_2655 -18.462 -90.060 13.000
F_2656 0.000 560.542 10.000
T_2657 -16.309 -90.974 10.000
V_2658 0.000 613.196 7.000
D_2659 -21.132 -475.402 10.000
C_2660 0.000 322.480 10.000
S_2661 -16.309 -90.060 10.000
K_2662 -11.867 -818.649 6.000
A_2663 0.000 185.740 9.000
G_2664 0.000 -27.649 10.000
T_2665 -13.255 -90.974 7.000
N_2666 -16.691 -507.047 7.000
M_2667 0.000 401.769 7.000
M_2668 0.000 401.769 4.000
M_2669 0.000 401.769 0.000
V_2670 0.000 613.196 0.000
G_2671 0.000 -27.649 2.000
V_2672 0.000 613.196 2.000
H_2673 -1.718 -583.484 2.000
G_2674 0.000 -27.649 5.000
P_2675 0.000 -195.996 8.000
K_2676 -11.867 -818.649 6.000
T_2677 -11.867 -90.974 6.000
P_2678 0.000 -195.996 10.000
C_2679 0.000 322.480 11.000
E_2680 -18.409 -605.239 8.000
E_2681 -21.132 -605.239 10.000
V_2682 0.000 613.196 10.000
Y_2683 -10.601 -274.939 9.000
V_2684 0.000 613.196 7.000
K_2685 -13.255 -818.649 7.000
H_2686 -7.426 -583.484 5.000
M_2687 0.000 401.769 9.000
G_2688 0.000 -27.649 11.000
N_2689 -19.866 -507.047 9.000
R_2690 -27.076 -1015.709 11.000
V_2691 0.000 613.196 15.000
Y_2692 -11.652 -274.939 11.000
N_2693 -19.866 -507.047 9.000
V_2694 0.000 613.196 11.000
T_2695 -17.811 -90.974 12.000
Y_2696 -9.978 -274.939 8.000
T_2697 -17.098 -90.974 11.000
V_2698 0.000 613.196 12.000
K_2699 -18.462 -818.649 13.000
E_2700 -21.132 -605.239 10.000
K_2701 -19.059 -818.649 14.000
G_2702 0.000 -27.649 13.000
D_2703 -19.866 -475.402 9.000
Y_2704 -8.431 -274.939 6.000
I_2705 0.000 777.529 6.000
L_2706 0.000 679.918 2.000
I_2707 0.000 777.529 3.000
V_2708 0.000 613.196 4.000
K_2709 -7.878 -818.649 4.000
W_2710 -5.155 -203.500 8.000
G_2711 0.000 -27.649 12.000
D_2712 -23.258 -475.402 12.000
E_2713 -22.253 -605.239 11.000
S_2714 -17.098 -90.060 11.000
V_2715 0.000 613.196 7.000
P_2716 0.000 -195.996 6.000
G_2717 0.000 -27.649 3.000
S_2718 -4.441 -90.060 3.000
P_2719 0.000 -195.996 6.000
F_2720 0.000 560.542 6.000
K_2721 -11.867 -818.649 6.000
V_2722 0.000 613.196 6.000
K_2723 -11.867 -818.649 6.000
V_2724 0.000 613.196 3.000
P_2725 0.000 -195.996 3.000
