M_1 0.000 401.769 3.000
A_2 0.000 185.740 3.000
K_3 -4.441 -818.649 3.000
V_4 0.000 613.196 6.000
F_5 0.000 560.542 6.000
S_6 -4.441 -90.060 3.000
F_7 0.000 560.542 3.000
I_8 0.000 777.529 3.000
L_9 0.000 679.918 3.000
V_10 0.000 613.196 6.000
T_11 -11.867 -90.974 6.000
T_12 -11.867 -90.974 6.000
A_13 0.000 185.740 9.000
L_14 0.000 679.918 6.000
T_15 -4.441 -90.974 3.000
M_16 0.000 401.769 8.000
G_17 0.000 -27.649 12.000
R_18 -23.856 -1015.709 9.000
E_19 -23.258 -605.239 12.000
I_20 0.000 777.529 12.000
S_21 -13.255 -90.060 7.000
A_22 0.000 185.740 7.000
L_23 0.000 679.918 11.000
E_24 -18.409 -605.239 8.000
D_25 -18.409 -475.402 8.000
C_26 0.000 322.480 12.000
A_27 0.000 185.740 12.000
Q_28 -23.258 -643.904 12.000
E_29 -23.258 -605.239 12.000
Q_30 -27.150 -643.904 17.000
M_31 0.000 401.769 13.000
R_32 -30.711 -1015.709 14.000
L_33 0.000 679.918 10.000
R_34 -30.711 -1015.709 14.000
A_35 0.000 185.740 9.000
Q_36 -25.003 -643.904 14.000
V_37 0.000 613.196 9.000
R_38 -23.856 -1015.709 9.000
L_39 0.000 679.918 9.000
L_40 0.000 679.918 12.000
E_41 -23.258 -605.239 12.000
T_42 -17.811 -90.974 12.000
R_43 -31.716 -1015.709 15.000
V_44 0.000 613.196 15.000
K_45 -20.127 -818.649 16.000
Q_46 -25.772 -643.904 15.000
Q_47 -25.772 -643.904 15.000
Q_48 -25.772 -643.904 15.000
V_49 0.000 613.196 11.000
K_50 -16.309 -818.649 10.000
I_51 0.000 777.529 10.000
K_52 -16.309 -818.649 10.000
Q_53 -16.691 -643.904 7.000
L_54 0.000 679.918 11.000
L_55 0.000 679.918 12.000
Q_56 -23.258 -643.904 12.000
E_57 -26.485 -605.239 16.000
N_58 -26.485 -507.047 16.000
E_59 -26.485 -605.239 16.000
V_60 0.000 613.196 12.000
Q_61 -18.409 -643.904 8.000
F_62 0.000 560.542 8.000
L_63 0.000 679.918 11.000
D_64 -16.691 -475.402 7.000
K_65 -17.098 -818.649 11.000
G_66 0.000 -27.649 15.000
D_67 -25.772 -475.402 15.000
E_68 -25.772 -605.239 15.000
N_69 -25.772 -507.047 15.000
T_70 -17.098 -90.974 11.000
V_71 0.000 613.196 11.000
I_72 0.000 777.529 7.000
D_73 -7.878 -475.402 4.000
L_74 0.000 679.918 7.000
G_75 0.000 -27.649 10.000
S_76 -17.098 -90.060 11.000
K_77 -19.613 -818.649 15.000
R_78 -33.508 -1015.709 17.000
Q_79 -25.003 -643.904 14.000
Y_80 -13.255 -274.939 15.000
A_81 0.000 185.740 10.000
D_82 -19.866 -475.402 9.000
C_83 0.000 322.480 11.000
S_84 -17.098 -90.060 11.000
E_85 -16.691 -605.239 7.000
I_86 0.000 777.529 11.000
F_87 0.000 560.542 12.000
N_88 -18.409 -507.047 8.000
D_89 -21.132 -475.402 10.000
G_90 0.000 -27.649 13.000
Y_91 -10.601 -274.939 9.000
K_92 -14.420 -818.649 8.000
L_93 0.000 679.918 8.000
S_94 -11.867 -90.060 6.000
G_95 0.000 -27.649 5.000
F_96 0.000 560.542 8.000
Y_97 -7.426 -274.939 5.000
K_98 -14.420 -818.649 8.000
I_99 0.000 777.529 8.000
K_100 -11.867 -818.649 6.000
P_101 0.000 -195.996 7.000
L_102 0.000 679.918 10.000
Q_103 -16.691 -643.904 7.000
S_104 -13.255 -90.060 7.000
P_105 0.000 -195.996 11.000
A_106 0.000 185.740 7.000
E_107 -16.691 -605.239 7.000
F_108 0.000 560.542 7.000
S_109 -15.425 -90.060 9.000
V_110 0.000 613.196 5.000
Y_111 -10.601 -274.939 9.000
C_112 0.000 322.480 6.000
D_113 -19.866 -475.402 9.000
M_114 0.000 401.769 11.000
S_115 -17.098 -90.060 11.000
D_116 -16.691 -475.402 7.000
G_117 0.000 -27.649 7.000
G_118 0.000 -27.649 5.000
G_119 0.000 -27.649 4.000
W_120 -3.436 -203.500 4.000
T_121 -7.878 -90.974 4.000
V_122 0.000 613.196 8.000
I_123 0.000 777.529 12.000
Q_124 -25.003 -643.904 14.000
R_125 -33.508 -1015.709 17.000
R_126 -36.459 -1015.709 21.000
S_127 -20.609 -90.060 17.000
D_128 -25.772 -475.402 15.000
G_129 0.000 -27.649 14.000
S_130 -19.613 -90.060 15.000
E_131 -22.253 -605.239 11.000
N_132 -25.772 -507.047 15.000
F_133 0.000 560.542 17.000
N_134 -24.169 -507.047 13.000
R_135 -25.574 -1015.709 10.000
G_136 0.000 -27.649 13.000
W_137 -6.358 -203.500 13.000
K_138 -16.309 -818.649 10.000
D_139 -25.003 -475.402 14.000
Y_140 -13.896 -274.939 17.000
E_141 -25.003 -605.239 14.000
N_142 -21.132 -507.047 10.000
G_143 0.000 -27.649 8.000
F_144 0.000 560.542 8.000
G_145 0.000 -27.649 4.000
N_146 -7.878 -507.047 4.000
F_147 0.000 560.542 8.000
V_148 0.000 613.196 11.000
Q_149 -19.866 -643.904 9.000
K_150 -15.425 -818.649 9.000
H_151 -12.518 -583.484 13.000
G_152 0.000 -27.649 11.000
E_153 -19.866 -605.239 9.000
Y_154 -9.265 -274.939 7.000
W_155 -4.824 -203.500 7.000
L_156 0.000 679.918 7.000
G_157 0.000 -27.649 8.000
N_158 -22.253 -507.047 11.000
K_159 -17.098 -818.649 11.000
N_160 -24.169 -507.047 13.000
L_161 0.000 679.918 9.000
H_162 -8.431 -583.484 6.000
F_163 0.000 560.542 5.000
L_164 0.000 679.918 8.000
T_165 -16.309 -90.974 10.000
T_166 -19.059 -90.974 14.000
Q_167 -27.773 -643.904 18.000
E_168 -27.150 -605.239 17.000
D_169 -27.150 -475.402 17.000
Y_170 -12.518 -274.939 13.000
T_171 -17.811 -90.974 12.000
L_172 0.000 679.918 8.000
K_173 -16.309 -818.649 10.000
I_174 0.000 777.529 7.000
D_175 -16.691 -475.402 7.000
L_176 0.000 679.918 8.000
A_177 0.000 185.740 8.000
D_178 -18.409 -475.402 8.000
F_179 0.000 560.542 11.000
E_180 -25.772 -605.239 15.000
K_181 -19.059 -818.649 14.000
N_182 -28.359 -507.047 19.000
S_183 -20.609 -90.060 17.000
R_184 -30.711 -1015.709 14.000
Y_185 -12.900 -274.939 14.000
A_186 0.000 185.740 13.000
Q_187 -22.253 -643.904 11.000
Y_188 -12.518 -274.939 13.000
K_189 -18.462 -818.649 13.000
N_190 -23.258 -507.047 12.000
F_191 0.000 560.542 10.000
K_192 -13.255 -818.649 7.000
V_193 0.000 613.196 7.000
G_194 0.000 -27.649 11.000
D_195 -22.253 -475.402 11.000
E_196 -25.772 -605.239 15.000
K_197 -19.613 -818.649 15.000
N_198 -24.169 -507.047 13.000
F_199 0.000 560.542 13.000
Y_200 -11.154 -274.939 10.000
E_201 -21.132 -605.239 10.000
L_202 0.000 679.918 10.000
N_203 -18.409 -507.047 8.000
I_204 0.000 777.529 8.000
G_205 0.000 -27.649 10.000
E_206 -19.866 -605.239 9.000
Y_207 -10.601 -274.939 9.000
S_208 -17.811 -90.060 12.000
G_209 0.000 -27.649 8.000
T_210 -11.867 -90.974 6.000
A_211 0.000 185.740 7.000
G_212 0.000 -27.649 10.000
D_213 -16.691 -475.402 7.000
S_214 -13.255 -90.060 7.000
L_215 0.000 679.918 7.000
A_216 0.000 185.740 7.000
G_217 0.000 -27.649 4.000
N_218 -14.591 -507.047 6.000
F_219 0.000 560.542 6.000
H_220 -11.154 -583.484 10.000
P_221 0.000 -195.996 6.000
E_222 -21.132 -605.239 10.000
V_223 0.000 613.196 9.000
Q_224 -21.132 -643.904 10.000
W_225 -4.441 -203.500 6.000
W_226 -5.447 -203.500 9.000
A_227 0.000 185.740 7.000
S_228 -16.309 -90.060 10.000
H_229 -12.900 -583.484 14.000
Q_230 -25.003 -643.904 14.000
R_231 -30.711 -1015.709 14.000
M_232 0.000 401.769 12.000
K_233 -17.098 -818.649 11.000
F_234 0.000 560.542 9.000
S_235 -16.309 -90.060 10.000
T_236 -17.098 -90.974 11.000
W_237 -6.873 -203.500 16.000
D_238 -27.150 -475.402 17.000
R_239 -32.645 -1015.709 16.000
D_240 -28.359 -475.402 19.000
H_241 -14.463 -583.484 19.000
D_242 -26.485 -475.402 16.000
N_243 -26.485 -507.047 16.000
Y_244 -12.900 -274.939 14.000
E_245 -25.003 -605.239 14.000
G_246 0.000 -27.649 10.000
N_247 -18.409 -507.047 8.000
C_248 0.000 322.480 8.000
A_249 0.000 185.740 12.000
E_250 -23.258 -605.239 12.000
E_251 -26.485 -605.239 16.000
D_252 -28.359 -475.402 19.000
Q_253 -25.772 -643.904 15.000
S_254 -17.811 -90.060 12.000
G_255 0.000 -27.649 9.000
W_256 -3.990 -203.500 5.000
W_257 -4.441 -203.500 6.000
F_258 0.000 560.542 11.000
N_259 -21.132 -507.047 10.000
R_260 -27.076 -1015.709 11.000
C_261 0.000 322.480 14.000
H_262 -11.154 -583.484 10.000
S_263 -15.425 -90.060 9.000
A_264 0.000 185.740 9.000
N_265 -22.253 -507.047 11.000
L_266 0.000 679.918 8.000
N_267 -18.409 -507.047 8.000
G_268 0.000 -27.649 6.000
V_269 0.000 613.196 8.000
Y_270 -9.265 -274.939 7.000
Y_271 -9.265 -274.939 7.000
S_272 -13.255 -90.060 7.000
G_273 0.000 -27.649 7.000
P_274 0.000 -195.996 8.000
Y_275 -7.426 -274.939 5.000
T_276 -14.420 -90.974 8.000
A_277 0.000 185.740 11.000
K_278 -18.462 -818.649 13.000
T_279 -19.059 -90.974 14.000
D_280 -25.003 -475.402 14.000
N_281 -22.253 -507.047 11.000
G_282 0.000 -27.649 8.000
I_283 0.000 777.529 5.000
V_284 0.000 613.196 3.000
W_285 -4.441 -203.500 6.000
Y_286 -9.265 -274.939 7.000
T_287 -15.425 -90.974 9.000
W_288 -5.155 -203.500 8.000
H_289 -9.265 -583.484 7.000
G_290 0.000 -27.649 5.000
W_291 -4.441 -203.500 6.000
W_292 -4.824 -203.500 7.000
Y_293 -9.265 -274.939 7.000
S_294 -15.425 -90.060 9.000
L_295 0.000 679.918 11.000
K_296 -15.425 -818.649 9.000
S_297 -11.867 -90.060 6.000
V_298 0.000 613.196 6.000
V_299 0.000 613.196 6.000
M_300 0.000 401.769 3.000
K_301 -14.420 -818.649 8.000
I_302 0.000 777.529 8.000
R_303 -28.412 -1015.709 12.000
P_304 0.000 -195.996 13.000
N_305 -24.169 -507.047 13.000
D_306 -18.409 -475.402 8.000
F_307 0.000 560.542 8.000
I_308 0.000 777.529 8.000
P_309 0.000 -195.996 4.000
N_310 -7.878 -507.047 4.000
V_311 0.000 613.196 4.000
I_312 0.000 777.529 4.000
