M_1 0.000 401.769 8.000
E_2 -18.409 -605.239 8.000
D_3 -18.409 -475.402 8.000
G_4 0.000 -27.649 8.000
L_5 0.000 679.918 8.000
L_6 0.000 679.918 4.000
E_7 -7.878 -605.239 4.000
I_8 0.000 777.529 7.000
M_9 0.000 401.769 10.000
T_10 -16.309 -90.974 10.000
K_11 -16.309 -818.649 10.000
D_12 -21.132 -475.402 10.000
G_13 0.000 -27.649 11.000
G_14 0.000 -27.649 8.000
D_15 -7.878 -475.402 4.000
M_16 0.000 401.769 4.000
P_17 0.000 -195.996 4.000
A_18 0.000 185.740 0.000
P_19 0.000 -195.996 4.000
L_20 0.000 679.918 4.000
E_21 -16.691 -605.239 7.000
V_22 0.000 613.196 10.000
S_23 -16.309 -90.060 10.000
T_24 -11.867 -90.974 6.000
V_25 0.000 613.196 6.000
P_26 0.000 -195.996 3.000
A_27 0.000 185.740 0.000
V_28 0.000 613.196 4.000
G_29 0.000 -27.649 4.000
D_30 -7.878 -475.402 4.000
V_31 0.000 613.196 7.000
I_32 0.000 777.529 7.000
S_33 -13.255 -90.060 7.000
G_34 0.000 -27.649 9.000
E_35 -24.169 -605.239 13.000
Y_36 -11.154 -274.939 10.000
N_37 -21.132 -507.047 10.000
G_38 0.000 -27.649 6.000
G_39 0.000 -27.649 7.000
M_40 0.000 401.769 7.000
K_41 -13.255 -818.649 7.000
E_42 -16.691 -605.239 7.000
L_43 0.000 679.918 11.000
M_44 0.000 401.769 10.000
E_45 -14.591 -605.239 6.000
H_46 -10.601 -583.484 9.000
L_47 0.000 679.918 9.000
K_48 -15.425 -818.649 9.000
A_49 0.000 185.740 7.000
Q_50 -22.253 -643.904 11.000
L_51 0.000 679.918 8.000
Q_52 -18.409 -643.904 8.000
A_53 0.000 185.740 4.000
L_54 0.000 679.918 8.000
F_55 0.000 560.542 8.000
E_56 -18.409 -605.239 8.000
D_57 -24.169 -475.402 13.000
V_58 0.000 613.196 13.000
R_59 -23.856 -1015.709 9.000
A_60 0.000 185.740 10.000
M_61 0.000 401.769 10.000
R_62 -11.867 -1015.709 5.000
G_63 0.000 -27.649 5.000
A_64 0.000 185.740 9.000
L_65 0.000 679.918 8.000
D_66 -23.258 -475.402 12.000
E_67 -23.258 -605.239 12.000
Q_68 -25.772 -643.904 15.000
A_69 0.000 185.740 13.000
S_70 -15.425 -90.060 9.000
H_71 -10.601 -583.484 9.000
I_72 0.000 777.529 9.000
Q_73 -14.591 -643.904 6.000
V_74 0.000 613.196 7.000
L_75 0.000 679.918 11.000
S_76 -17.098 -90.060 11.000
D_77 -22.253 -475.402 11.000
D_78 -22.253 -475.402 11.000
V_79 0.000 613.196 8.000
C_80 0.000 322.480 8.000
A_81 0.000 185.740 8.000
N_82 -24.169 -507.047 13.000
Q_83 -24.169 -643.904 13.000
R_84 -29.616 -1015.709 13.000
A_85 0.000 185.740 9.000
I_86 0.000 777.529 8.000
V_87 0.000 613.196 3.000
S_88 -4.441 -90.060 3.000
M_89 0.000 401.769 7.000
C_90 0.000 322.480 7.000
Q_91 -7.878 -643.904 4.000
I_92 0.000 777.529 7.000
M_93 0.000 401.769 10.000
T_94 -11.867 -90.974 6.000
T_95 -11.867 -90.974 6.000
A_96 0.000 185.740 11.000
P_97 0.000 -195.996 12.000
R_98 -23.856 -1015.709 9.000
Q_99 -19.866 -643.904 9.000
G_100 0.000 -27.649 9.000
G_101 0.000 -27.649 4.000
L_102 0.000 679.918 0.000
G_103 0.000 -27.649 0.000
V_104 0.000 613.196 0.000
V_105 0.000 613.196 0.000
G_106 0.000 -27.649 3.000
G_107 0.000 -27.649 3.000
K_108 -11.867 -818.649 6.000
G_109 0.000 -27.649 6.000
S_110 -16.309 -90.060 10.000
F_111 0.000 560.542 10.000
Q_112 -25.003 -643.904 14.000
S_113 -17.098 -90.060 11.000
D_114 -25.772 -475.402 15.000
P_115 0.000 -195.996 15.000
Q_116 -23.258 -643.904 12.000
E_117 -23.258 -605.239 12.000
P_118 0.000 -195.996 15.000
E_119 -22.253 -605.239 11.000
T_120 -16.309 -90.974 10.000
P_121 0.000 -195.996 10.000
S_122 -11.867 -90.060 6.000
P_123 0.000 -195.996 3.000
G_124 0.000 -27.649 3.000
I_125 0.000 777.529 4.000
G_126 0.000 -27.649 7.000
D_127 -16.691 -475.402 7.000
S_128 -13.255 -90.060 7.000
G_129 0.000 -27.649 7.000
L_130 0.000 679.918 3.000
L_131 0.000 679.918 5.000
G_132 0.000 -27.649 9.000
R_133 -23.856 -1015.709 9.000
D_134 -24.169 -475.402 13.000
P_135 0.000 -195.996 17.000
E_136 -26.485 -605.239 16.000
D_137 -26.485 -475.402 16.000
E_138 -28.912 -605.239 20.000
E_139 -28.912 -605.239 20.000
E_140 -28.912 -605.239 20.000
E_141 -28.912 -605.239 20.000
E_142 -28.912 -605.239 20.000
E_143 -28.359 -605.239 19.000
E_144 -28.359 -605.239 19.000
K_145 -19.613 -818.649 15.000
E_146 -22.253 -605.239 11.000
M_147 0.000 401.769 10.000
P_148 0.000 -195.996 7.000
S_149 -4.441 -90.060 3.000
P_150 0.000 -195.996 6.000
A_151 0.000 185.740 6.000
T_152 -11.867 -90.974 6.000
P_153 0.000 -195.996 9.000
S_154 -17.098 -90.060 11.000
S_155 -14.420 -90.060 8.000
H_156 -12.104 -583.484 12.000
C_157 0.000 322.480 14.000
E_158 -22.253 -605.239 11.000
R_159 -29.616 -1015.709 13.000
P_160 0.000 -195.996 16.000
E_161 -23.258 -605.239 12.000
S_162 -13.255 -90.060 7.000
P_163 0.000 -195.996 7.000
C_164 0.000 322.480 3.000
A_165 0.000 185.740 0.000
G_166 0.000 -27.649 0.000
L_167 0.000 679.918 0.000
L_168 0.000 679.918 0.000
G_169 0.000 -27.649 4.000
G_170 0.000 -27.649 4.000
D_171 -7.878 -475.402 4.000
G_172 0.000 -27.649 4.000
P_173 0.000 -195.996 4.000
L_174 0.000 679.918 4.000
V_175 0.000 613.196 4.000
E_176 -7.878 -605.239 4.000
P_177 0.000 -195.996 8.000
L_178 0.000 679.918 8.000
D_179 -7.878 -475.402 4.000
M_180 0.000 401.769 8.000
P_181 0.000 -195.996 8.000
D_182 -16.691 -475.402 7.000
I_183 0.000 777.529 7.000
T_184 -13.255 -90.974 7.000
L_185 0.000 679.918 7.000
L_186 0.000 679.918 7.000
Q_187 -18.409 -643.904 8.000
L_188 0.000 679.918 8.000
E_189 -23.258 -605.239 12.000
G_190 0.000 -27.649 8.000
E_191 -22.253 -605.239 11.000
A_192 0.000 185.740 7.000
S_193 -13.255 -90.060 7.000
L_194 0.000 679.918 3.000
