M_1 0.000 401.769 7.000
E_2 -21.132 -605.239 10.000
T_3 -18.462 -90.974 13.000
S_4 -18.462 -90.060 13.000
S_5 -19.059 -90.060 14.000
P_6 0.000 -195.996 11.000
R_7 -21.845 -1015.709 8.000
P_8 0.000 -195.996 10.000
P_9 0.000 -195.996 10.000
R_10 -21.845 -1015.709 8.000
P_11 0.000 -195.996 11.000
S_12 -19.613 -90.060 15.000
S_13 -16.309 -90.060 10.000
N_14 -21.132 -507.047 10.000
P_15 0.000 -195.996 7.000
G_16 0.000 -27.649 7.000
L_17 0.000 679.918 3.000
S_18 -13.255 -90.060 7.000
L_19 0.000 679.918 7.000
D_20 -23.258 -475.402 12.000
A_21 0.000 185.740 9.000
R_22 -23.856 -1015.709 9.000
L_23 0.000 679.918 5.000
G_24 0.000 -27.649 9.000
V_25 0.000 613.196 7.000
D_26 -23.258 -475.402 12.000
T_27 -17.811 -90.974 12.000
R_28 -29.616 -1015.709 13.000
L_29 0.000 679.918 9.000
W_30 -5.447 -203.500 9.000
A_31 0.000 185.740 4.000
K_32 -7.878 -818.649 4.000
V_33 0.000 613.196 3.000
L_34 0.000 679.918 6.000
F_35 0.000 560.542 3.000
T_36 -4.441 -90.974 3.000
A_37 0.000 185.740 5.000
L_38 0.000 679.918 5.000
Y_39 -1.718 -274.939 2.000
A_40 0.000 185.740 2.000
L_41 0.000 679.918 3.000
I_42 0.000 777.529 1.000
W_43 -0.000 -203.500 1.000
A_44 0.000 185.740 1.000
L_45 0.000 679.918 1.000
G_46 0.000 -27.649 0.000
A_47 0.000 185.740 0.000
A_48 0.000 185.740 4.000
G_49 0.000 -27.649 4.000
N_50 -7.878 -507.047 4.000
A_51 0.000 185.740 7.000
L_52 0.000 679.918 7.000
S_53 -10.149 -90.060 5.000
A_54 0.000 185.740 5.000
H_55 -7.426 -583.484 5.000
V_56 0.000 613.196 2.000
V_57 0.000 613.196 5.000
L_58 0.000 679.918 3.000
K_59 -14.420 -818.649 8.000
A_60 0.000 185.740 8.000
R_61 -21.845 -1015.709 8.000
A_62 0.000 185.740 10.000
G_63 0.000 -27.649 10.000
R_64 -11.867 -1015.709 5.000
A_65 0.000 185.740 10.000
G_66 0.000 -27.649 10.000
R_67 -25.574 -1015.709 10.000
L_68 0.000 679.918 12.000
R_69 -30.711 -1015.709 14.000
H_70 -10.601 -583.484 9.000
H_71 -10.601 -583.484 9.000
V_72 0.000 613.196 7.000
L_73 0.000 679.918 5.000
S_74 -4.441 -90.060 3.000
L_75 0.000 679.918 3.000
A_76 0.000 185.740 3.000
L_77 0.000 679.918 0.000
A_78 0.000 185.740 0.000
G_79 0.000 -27.649 0.000
L_80 0.000 679.918 0.000
L_81 0.000 679.918 0.000
L_82 0.000 679.918 0.000
L_83 0.000 679.918 0.000
L_84 0.000 679.918 0.000
V_85 0.000 613.196 0.000
G_86 0.000 -27.649 0.000
V_87 0.000 613.196 0.000
P_88 0.000 -195.996 4.000
V_89 0.000 613.196 4.000
E_90 -14.591 -605.239 6.000
L_91 0.000 679.918 9.000
Y_92 -10.601 -274.939 9.000
S_93 -10.149 -90.060 5.000
F_94 0.000 560.542 6.000
V_95 0.000 613.196 4.000
W_96 -2.723 -203.500 3.000
F_97 0.000 560.542 5.000
H_98 -7.426 -583.484 5.000
Y_99 -7.426 -274.939 5.000
P_100 0.000 -195.996 5.000
W_101 -2.723 -203.500 3.000
V_102 0.000 613.196 1.000
F_103 0.000 560.542 5.000
G_104 0.000 -27.649 4.000
D_105 -7.878 -475.402 4.000
L_106 0.000 679.918 4.000
G_107 0.000 -27.649 9.000
C_108 0.000 322.480 5.000
R_109 -19.414 -1015.709 7.000
G_110 0.000 -27.649 9.000
Y_111 -10.601 -274.939 9.000
Y_112 -6.160 -274.939 4.000
F_113 0.000 560.542 6.000
V_114 0.000 613.196 8.000
H_115 -8.431 -583.484 6.000
E_116 -14.591 -605.239 6.000
L_117 0.000 679.918 6.000
C_118 0.000 322.480 6.000
A_119 0.000 185.740 2.000
Y_120 -7.426 -274.939 5.000
A_121 0.000 185.740 5.000
T_122 -10.149 -90.974 5.000
V_123 0.000 613.196 6.000
L_124 0.000 679.918 6.000
S_125 -4.441 -90.060 3.000
V_126 0.000 613.196 3.000
A_127 0.000 185.740 3.000
G_128 0.000 -27.649 3.000
L_129 0.000 679.918 3.000
S_130 -13.255 -90.060 7.000
A_131 0.000 185.740 12.000
E_132 -23.258 -605.239 12.000
R_133 -23.856 -1015.709 9.000
C_134 0.000 322.480 9.000
L_135 0.000 679.918 5.000
A_136 0.000 185.740 0.000
V_137 0.000 613.196 4.000
C_138 0.000 322.480 4.000
Q_139 -7.878 -643.904 4.000
P_140 0.000 -195.996 9.000
L_141 0.000 679.918 9.000
R_142 -25.574 -1015.709 10.000
A_143 0.000 185.740 13.000
R_144 -29.616 -1015.709 13.000
S_145 -14.420 -90.060 8.000
L_146 0.000 679.918 11.000
L_147 0.000 679.918 6.000
T_148 -14.420 -90.974 8.000
P_149 0.000 -195.996 13.000
R_150 -32.645 -1015.709 16.000
R_151 -34.315 -1015.709 18.000
T_152 -21.486 -90.974 19.000
R_153 -30.711 -1015.709 14.000
W_154 -5.447 -203.500 9.000
L_155 0.000 679.918 6.000
V_156 0.000 613.196 1.000
A_157 0.000 185.740 3.000
L_158 0.000 679.918 4.000
S_159 -7.878 -90.060 4.000
W_160 -3.436 -203.500 4.000
A_161 0.000 185.740 7.000
A_162 0.000 185.740 4.000
S_163 -4.441 -90.060 3.000
L_164 0.000 679.918 3.000
G_165 0.000 -27.649 3.000
L_166 0.000 679.918 0.000
A_167 0.000 185.740 0.000
L_168 0.000 679.918 0.000
P_169 0.000 -195.996 0.000
M_170 0.000 401.769 0.000
A_171 0.000 185.740 0.000
V_172 0.000 613.196 0.000
I_173 0.000 777.529 0.000
M_174 0.000 401.769 4.000
G_175 0.000 -27.649 7.000
Q_176 -19.866 -643.904 9.000
K_177 -18.462 -818.649 13.000
H_178 -12.518 -583.484 13.000
E_179 -24.169 -605.239 13.000
L_180 0.000 679.918 13.000
E_181 -22.253 -605.239 11.000
T_182 -17.098 -90.974 11.000
A_183 0.000 185.740 11.000
D_184 -22.253 -475.402 11.000
G_185 0.000 -27.649 8.000
E_186 -23.258 -605.239 12.000
P_187 0.000 -195.996 8.000
E_188 -18.409 -605.239 8.000
P_189 0.000 -195.996 7.000
A_190 0.000 185.740 12.000
S_191 -14.420 -90.060 8.000
R_192 -21.845 -1015.709 8.000
V_193 0.000 613.196 11.000
C_194 0.000 322.480 8.000
T_195 -4.441 -90.974 3.000
V_196 0.000 613.196 3.000
L_197 0.000 679.918 6.000
V_198 0.000 613.196 8.000
S_199 -17.098 -90.060 11.000
R_200 -27.076 -1015.709 11.000
T_201 -17.098 -90.974 11.000
A_202 0.000 185.740 12.000
L_203 0.000 679.918 7.000
Q_204 -7.878 -643.904 4.000
V_205 0.000 613.196 4.000
F_206 0.000 560.542 8.000
I_207 0.000 777.529 4.000
Q_208 -18.409 -643.904 8.000
V_209 0.000 613.196 8.000
N_210 -18.409 -507.047 8.000
V_211 0.000 613.196 4.000
L_212 0.000 679.918 7.000
V_213 0.000 613.196 3.000
S_214 -4.441 -90.060 3.000
F_215 0.000 560.542 3.000
V_216 0.000 613.196 3.000
L_217 0.000 679.918 0.000
P_218 0.000 -195.996 0.000
L_219 0.000 679.918 0.000
A_220 0.000 185.740 3.000
L_221 0.000 679.918 3.000
T_222 -4.441 -90.974 3.000
A_223 0.000 185.740 3.000
F_224 0.000 560.542 7.000
L_225 0.000 679.918 4.000
N_226 -7.878 -507.047 4.000
G_227 0.000 -27.649 7.000
V_228 0.000 613.196 7.000
T_229 -11.867 -90.974 6.000
V_230 0.000 613.196 8.000
S_231 -14.420 -90.060 8.000
H_232 -7.426 -583.484 5.000
L_233 0.000 679.918 5.000
L_234 0.000 679.918 2.000
A_235 0.000 185.740 0.000
L_236 0.000 679.918 3.000
C_237 0.000 322.480 7.000
S_238 -13.255 -90.060 7.000
Q_239 -16.691 -643.904 7.000
V_240 0.000 613.196 10.000
P_241 0.000 -195.996 10.000
S_242 -15.425 -90.060 9.000
T_243 -17.811 -90.974 12.000
S_244 -17.811 -90.060 12.000
T_245 -15.425 -90.974 9.000
P_246 0.000 -195.996 9.000
G_247 0.000 -27.649 9.000
S_248 -15.425 -90.060 9.000
S_249 -15.425 -90.060 9.000
T_250 -17.811 -90.974 12.000
P_251 0.000 -195.996 14.000
S_252 -17.098 -90.060 11.000
R_253 -28.412 -1015.709 12.000
L_254 0.000 679.918 12.000
E_255 -19.866 -605.239 9.000
L_256 0.000 679.918 7.000
L_257 0.000 679.918 11.000
S_258 -17.098 -90.060 11.000
E_259 -22.253 -605.239 11.000
E_260 -22.253 -605.239 11.000
G_261 0.000 -27.649 8.000
L_262 0.000 679.918 7.000
L_263 0.000 679.918 3.000
S_264 -4.441 -90.060 3.000
F_265 0.000 560.542 3.000
I_266 0.000 777.529 4.000
V_267 0.000 613.196 4.000
W_268 -4.824 -203.500 7.000
K_269 -16.309 -818.649 10.000
K_270 -16.309 -818.649 10.000
T_271 -15.425 -90.974 9.000
F_272 0.000 560.542 10.000
I_273 0.000 777.529 7.000
Q_274 -7.878 -643.904 4.000
G_275 0.000 -27.649 8.000
G_276 0.000 -27.649 8.000
Q_277 -16.691 -643.904 7.000
V_278 0.000 613.196 7.000
S_279 -13.255 -90.060 7.000
L_280 0.000 679.918 8.000
V_281 0.000 613.196 10.000
R_282 -25.574 -1015.709 10.000
H_283 -12.900 -583.484 14.000
K_284 -19.059 -818.649 14.000
D_285 -25.003 -475.402 14.000
V_286 0.000 613.196 17.000
R_287 -30.711 -1015.709 14.000
R_288 -31.716 -1015.709 15.000
I_289 0.000 777.529 18.000
R_290 -29.616 -1015.709 13.000
S_291 -17.811 -90.060 12.000
L_292 0.000 679.918 17.000
Q_293 -25.772 -643.904 15.000
R_294 -28.412 -1015.709 12.000
S_295 -20.127 -90.060 16.000
V_296 0.000 613.196 12.000
Q_297 -16.691 -643.904 7.000
V_298 0.000 613.196 9.000
L_299 0.000 679.918 9.000
R_300 -11.867 -1015.709 5.000
A_301 0.000 185.740 5.000
I_302 0.000 777.529 5.000
V_303 0.000 613.196 0.000
V_304 0.000 613.196 2.000
M_305 0.000 401.769 2.000
Y_306 -1.718 -274.939 2.000
V_307 0.000 613.196 2.000
I_308 0.000 777.529 3.000
C_309 0.000 322.480 1.000
W_310 -0.000 -203.500 1.000
L_311 0.000 679.918 3.000
P_312 0.000 -195.996 5.000
Y_313 -6.160 -274.939 4.000
H_314 -10.601 -583.484 9.000
A_315 0.000 185.740 14.000
R_316 -28.412 -1015.709 12.000
R_317 -25.574 -1015.709 10.000
L_318 0.000 679.918 12.000
M_319 0.000 401.769 7.000
Y_320 -6.160 -274.939 4.000
C_321 0.000 322.480 4.000
Y_322 -6.160 -274.939 4.000
V_323 0.000 613.196 6.000
P_324 0.000 -195.996 10.000
D_325 -18.409 -475.402 8.000
D_326 -19.866 -475.402 9.000
A_327 0.000 185.740 12.000
W_328 -6.160 -203.500 12.000
T_329 -14.420 -90.974 8.000
D_330 -18.409 -475.402 8.000
P_331 0.000 -195.996 9.000
L_332 0.000 679.918 10.000
Y_333 -8.431 -274.939 6.000
N_334 -18.409 -507.047 8.000
F_335 0.000 560.542 10.000
Y_336 -11.154 -274.939 10.000
H_337 -8.431 -583.484 6.000
Y_338 -9.978 -274.939 8.000
F_339 0.000 560.542 6.000
Y_340 -6.160 -274.939 4.000
M_341 0.000 401.769 5.000
V_342 0.000 613.196 9.000
T_343 -16.309 -90.974 10.000
N_344 -21.132 -507.047 10.000
T_345 -16.309 -90.974 10.000
L_346 0.000 679.918 9.000
F_347 0.000 560.542 5.000
Y_348 -7.426 -274.939 5.000
V_349 0.000 613.196 8.000
S_350 -14.420 -90.060 8.000
S_351 -11.867 -90.060 6.000
A_352 0.000 185.740 9.000
V_353 0.000 613.196 6.000
T_354 -4.441 -90.974 3.000
P_355 0.000 -195.996 3.000
L_356 0.000 679.918 5.000
L_357 0.000 679.918 6.000
Y_358 -8.431 -274.939 6.000
N_359 -14.591 -507.047 6.000
A_360 0.000 185.740 9.000
V_361 0.000 613.196 10.000
S_362 -15.425 -90.060 9.000
S_363 -15.425 -90.060 9.000
S_364 -19.059 -90.060 14.000
F_365 0.000 560.542 14.000
R_366 -27.076 -1015.709 11.000
K_367 -14.420 -818.649 8.000
L_368 0.000 679.918 8.000
F_369 0.000 560.542 7.000
L_370 0.000 679.918 4.000
E_371 -7.878 -605.239 4.000
A_372 0.000 185.740 7.000
V_373 0.000 613.196 10.000
S_374 -11.867 -90.060 6.000
S_375 -11.867 -90.060 6.000
L_376 0.000 679.918 6.000
C_377 0.000 322.480 7.000
G_378 0.000 -27.649 6.000
E_379 -18.409 -605.239 8.000
H_380 -9.978 -583.484 8.000
H_381 -9.978 -583.484 8.000
P_382 0.000 -195.996 7.000
M_383 0.000 401.769 10.000
K_384 -14.420 -818.649 8.000
R_385 -21.845 -1015.709 8.000
L_386 0.000 679.918 8.000
P_387 0.000 -195.996 8.000
P_388 0.000 -195.996 3.000
K_389 -13.255 -818.649 7.000
P_390 0.000 -195.996 10.000
Q_391 -21.132 -643.904 10.000
S_392 -16.309 -90.060 10.000
P_393 0.000 -195.996 10.000
T_394 -11.867 -90.974 6.000
L_395 0.000 679.918 7.000
M_396 0.000 401.769 10.000
D_397 -16.691 -475.402 7.000
T_398 -16.309 -90.974 10.000
A_399 0.000 185.740 10.000
S_400 -11.867 -90.060 6.000
G_401 0.000 -27.649 3.000
F_402 0.000 560.542 7.000
G_403 0.000 -27.649 4.000
D_404 -7.878 -475.402 4.000
P_405 0.000 -195.996 8.000
P_406 0.000 -195.996 11.000
E_407 -23.258 -605.239 12.000
T_408 -19.613 -90.974 15.000
R_409 -31.716 -1015.709 15.000
T_410 -17.098 -90.974 11.000
