M_1 0.000 401.769 7.000
K_2 -13.255 -818.649 7.000
E_3 -16.691 -605.239 7.000
G_4 0.000 -27.649 10.000
M_5 0.000 401.769 11.000
S_6 -17.098 -90.060 11.000
N_7 -25.003 -507.047 14.000
N_8 -27.150 -507.047 17.000
S_9 -20.609 -90.060 17.000
T_10 -20.127 -90.974 16.000
T_11 -17.811 -90.974 12.000
S_12 -17.811 -90.060 12.000
I_13 0.000 777.529 13.000
S_14 -16.309 -90.060 10.000
Q_15 -23.258 -643.904 12.000
A_16 0.000 185.740 15.000
R_17 -28.412 -1015.709 12.000
K_18 -14.420 -818.649 8.000
A_19 0.000 185.740 12.000
V_20 0.000 613.196 11.000
E_21 -18.409 -605.239 8.000
Q_22 -22.253 -643.904 11.000
L_23 0.000 679.918 11.000
K_24 -17.098 -818.649 11.000
M_25 0.000 401.769 7.000
E_26 -16.691 -605.239 7.000
A_27 0.000 185.740 4.000
C_28 0.000 322.480 8.000
M_29 0.000 401.769 9.000
D_30 -19.866 -475.402 9.000
R_31 -28.412 -1015.709 12.000
V_32 0.000 613.196 12.000
K_33 -17.098 -818.649 11.000
V_34 0.000 613.196 10.000
S_35 -16.309 -90.060 10.000
Q_36 -16.691 -643.904 7.000
A_37 0.000 185.740 7.000
A_38 0.000 185.740 8.000
A_39 0.000 185.740 4.000
D_40 -7.878 -475.402 4.000
L_41 0.000 679.918 4.000
L_42 0.000 679.918 6.000
A_43 0.000 185.740 2.000
Y_44 -8.431 -274.939 6.000
C_45 0.000 322.480 6.000
E_46 -18.409 -605.239 8.000
A_47 0.000 185.740 6.000
H_48 -11.652 -583.484 11.000
V_49 0.000 613.196 11.000
R_50 -31.716 -1015.709 15.000
E_51 -24.169 -605.239 13.000
D_52 -24.169 -475.402 13.000
P_53 0.000 -195.996 8.000
L_54 0.000 679.918 4.000
I_55 0.000 777.529 0.000
I_56 0.000 777.529 0.000
P_57 0.000 -195.996 0.000
V_58 0.000 613.196 0.000
P_59 0.000 -195.996 3.000
A_60 0.000 185.740 7.000
S_61 -17.098 -90.060 11.000
E_62 -22.253 -605.239 11.000
N_63 -22.253 -507.047 11.000
P_64 0.000 -195.996 13.000
F_65 0.000 560.542 13.000
R_66 -28.412 -1015.709 12.000
E_67 -25.772 -605.239 15.000
K_68 -19.613 -818.649 15.000
K_69 -16.309 -818.649 10.000
F_70 0.000 560.542 6.000
F_71 0.000 560.542 6.000
C_72 0.000 322.480 3.000
T_73 -4.441 -90.974 3.000
I_74 0.000 777.529 3.000
L_75 0.000 679.918 3.000
