M_1 0.000 401.769 6.000
K_2 -17.098 -818.649 11.000
T_3 -17.098 -90.974 11.000
R_4 -27.076 -1015.709 11.000
G_5 0.000 -27.649 11.000
F_6 0.000 560.542 8.000
S_7 -4.441 -90.060 3.000
F_8 0.000 560.542 8.000
P_9 0.000 -195.996 12.000
R_10 -30.711 -1015.709 14.000
Q_11 -27.773 -643.904 18.000
R_12 -34.315 -1015.709 18.000
Q_13 -24.169 -643.904 13.000
V_14 0.000 613.196 9.000
L_15 0.000 679.918 4.000
F_16 0.000 560.542 0.000
L_17 0.000 679.918 0.000
F_18 0.000 560.542 0.000
L_19 0.000 679.918 1.000
F_20 0.000 560.542 1.000
W_21 -0.000 -203.500 1.000
G_22 0.000 -27.649 4.000
V_23 0.000 613.196 4.000
S_24 -4.441 -90.060 3.000
L_25 0.000 679.918 3.000
A_26 0.000 185.740 6.000
G_27 0.000 -27.649 3.000
S_28 -4.441 -90.060 3.000
G_29 0.000 -27.649 3.000
F_30 0.000 560.542 8.000
G_31 0.000 -27.649 7.000
R_32 -25.574 -1015.709 10.000
Y_33 -11.154 -274.939 10.000
S_34 -18.462 -90.060 13.000
V_35 0.000 613.196 12.000
T_36 -19.059 -90.974 14.000
E_37 -25.003 -605.239 14.000
E_38 -27.773 -605.239 18.000
T_39 -21.060 -90.974 18.000
E_40 -25.003 -605.239 14.000
K_41 -18.462 -818.649 13.000
G_42 0.000 -27.649 10.000
S_43 -11.867 -90.060 6.000
F_44 0.000 560.542 3.000
V_45 0.000 613.196 7.000
V_46 0.000 613.196 4.000
N_47 -7.878 -507.047 4.000
L_48 0.000 679.918 7.000
A_49 0.000 185.740 11.000
K_50 -13.255 -818.649 7.000
D_51 -16.691 -475.402 7.000
L_52 0.000 679.918 7.000
G_53 0.000 -27.649 4.000
L_54 0.000 679.918 4.000
A_55 0.000 185.740 4.000
E_56 -18.409 -605.239 8.000
G_57 0.000 -27.649 8.000
E_58 -18.409 -605.239 8.000
L_59 0.000 679.918 4.000
A_60 0.000 185.740 9.000
A_61 0.000 185.740 5.000
R_62 -21.845 -1015.709 8.000
G_63 0.000 -27.649 13.000
T_64 -18.462 -90.974 13.000
R_65 -21.845 -1015.709 8.000
V_66 0.000 613.196 11.000
V_67 0.000 613.196 12.000
S_68 -17.098 -90.060 11.000
D_69 -25.772 -475.402 15.000
D_70 -27.773 -475.402 18.000
N_71 -28.359 -507.047 19.000
K_72 -20.609 -818.649 17.000
Q_73 -24.169 -643.904 13.000
Y_74 -10.601 -274.939 9.000
L_75 0.000 679.918 6.000
L_76 0.000 679.918 6.000
L_77 0.000 679.918 7.000
D_78 -19.866 -475.402 9.000
S_79 -17.811 -90.060 12.000
H_80 -12.104 -583.484 12.000
T_81 -17.811 -90.974 12.000
G_82 0.000 -27.649 9.000
N_83 -16.691 -507.047 7.000
L_84 0.000 679.918 7.000
L_85 0.000 679.918 11.000
T_86 -17.098 -90.974 11.000
N_87 -25.003 -507.047 14.000
E_88 -25.003 -605.239 14.000
K_89 -19.613 -818.649 15.000
L_90 0.000 679.918 16.000
D_91 -26.485 -475.402 16.000
R_92 -32.645 -1015.709 16.000
E_93 -26.485 -605.239 16.000
K_94 -17.811 -818.649 12.000
L_95 0.000 679.918 7.000
C_96 0.000 322.480 3.000
G_97 0.000 -27.649 3.000
P_98 0.000 -195.996 7.000
K_99 -13.255 -818.649 7.000
E_100 -16.691 -605.239 7.000
P_101 0.000 -195.996 7.000
C_102 0.000 322.480 4.000
M_103 0.000 401.769 2.000
L_104 0.000 679.918 2.000
Y_105 -8.431 -274.939 6.000
F_106 0.000 560.542 6.000
Q_107 -14.591 -643.904 6.000
I_108 0.000 777.529 4.000
L_109 0.000 679.918 8.000
M_110 0.000 401.769 8.000
D_111 -18.409 -475.402 8.000
D_112 -18.409 -475.402 8.000
P_113 0.000 -195.996 12.000
F_114 0.000 560.542 8.000
Q_115 -14.591 -643.904 6.000
I_116 0.000 777.529 11.000
Y_117 -11.652 -274.939 11.000
R_118 -27.076 -1015.709 11.000
A_119 0.000 185.740 11.000
E_120 -25.003 -605.239 14.000
L_121 0.000 679.918 9.000
R_122 -30.711 -1015.709 14.000
V_123 0.000 613.196 14.000
R_124 -30.711 -1015.709 14.000
D_125 -24.169 -475.402 13.000
I_126 0.000 777.529 17.000
N_127 -25.003 -507.047 14.000
D_128 -24.169 -475.402 13.000
H_129 -12.518 -583.484 13.000
S_130 -15.425 -90.060 9.000
P_131 0.000 -195.996 5.000
V_132 0.000 613.196 8.000
F_133 0.000 560.542 7.000
R_134 -25.574 -1015.709 10.000
H_135 -12.900 -583.484 14.000
K_136 -19.059 -818.649 14.000
E_137 -19.866 -605.239 9.000
M_138 0.000 401.769 7.000
V_139 0.000 613.196 7.000
L_140 0.000 679.918 3.000
K_141 -11.867 -818.649 6.000
I_142 0.000 777.529 10.000
S_143 -19.059 -90.060 14.000
E_144 -25.003 -605.239 14.000
N_145 -25.003 -507.047 14.000
T_146 -19.613 -90.974 15.000
A_147 0.000 185.740 11.000
E_148 -21.132 -605.239 10.000
G_149 0.000 -27.649 7.000
T_150 -13.255 -90.974 7.000
A_151 0.000 185.740 8.000
F_152 0.000 560.542 8.000
R_153 -23.856 -1015.709 9.000
L_154 0.000 679.918 14.000
E_155 -25.003 -605.239 14.000
R_156 -29.616 -1015.709 13.000
A_157 0.000 185.740 17.000
Q_158 -24.169 -643.904 13.000
D_159 -23.258 -475.402 12.000
P_160 0.000 -195.996 16.000
D_161 -23.258 -475.402 12.000
E_162 -21.132 -605.239 10.000
G_163 0.000 -27.649 14.000
H_164 -12.518 -583.484 13.000
N_165 -19.866 -507.047 9.000
S_166 -18.462 -90.060 13.000
I_167 0.000 777.529 15.000
Q_168 -24.169 -643.904 13.000
N_169 -24.169 -507.047 13.000
Y_170 -12.518 -274.939 13.000
T_171 -17.811 -90.974 12.000
I_172 0.000 777.529 11.000
S_173 -18.462 -90.060 13.000
S_174 -18.462 -90.060 13.000
N_175 -24.169 -507.047 13.000
S_176 -16.309 -90.060 10.000
F_177 0.000 560.542 9.000
F_178 0.000 560.542 5.000
H_179 -7.426 -583.484 5.000
I_180 0.000 777.529 5.000
K_181 -14.420 -818.649 8.000
I_182 0.000 777.529 6.000
S_183 -15.425 -90.060 9.000
G_184 0.000 -27.649 10.000
S_185 -19.059 -90.060 14.000
D_186 -22.253 -475.402 11.000
E_187 -22.253 -605.239 11.000
G_188 0.000 -27.649 8.000
M_189 0.000 401.769 6.000
I_190 0.000 777.529 2.000
Y_191 -8.431 -274.939 6.000
P_192 0.000 -195.996 6.000
E_193 -14.591 -605.239 6.000
L_194 0.000 679.918 4.000
V_195 0.000 613.196 8.000
L_196 0.000 679.918 7.000
D_197 -16.691 -475.402 7.000
K_198 -13.255 -818.649 7.000
A_199 0.000 185.740 11.000
L_200 0.000 679.918 12.000
D_201 -24.169 -475.402 13.000
R_202 -33.508 -1015.709 17.000
E_203 -29.436 -605.239 21.000
E_204 -29.436 -605.239 21.000
Q_205 -28.912 -643.904 20.000
E_206 -26.485 -605.239 16.000
E_207 -25.772 -605.239 15.000
L_208 0.000 679.918 11.000
S_209 -16.309 -90.060 10.000
L_210 0.000 679.918 6.000
T_211 -15.425 -90.974 9.000
L_212 0.000 679.918 6.000
T_213 -11.867 -90.974 6.000
A_214 0.000 185.740 7.000
L_215 0.000 679.918 7.000
D_216 -7.878 -475.402 4.000
G_217 0.000 -27.649 7.000
G_218 0.000 -27.649 7.000
S_219 -11.867 -90.060 6.000
P_220 0.000 -195.996 11.000
S_221 -19.059 -90.060 14.000
R_222 -27.076 -1015.709 11.000
S_223 -19.059 -90.060 14.000
G_224 0.000 -27.649 14.000
T_225 -17.811 -90.974 12.000
S_226 -15.425 -90.060 9.000
T_227 -19.059 -90.974 14.000
I_228 0.000 777.529 11.000
R_229 -21.845 -1015.709 8.000
I_230 0.000 777.529 5.000
V_231 0.000 613.196 5.000
V_232 0.000 613.196 4.000
L_233 0.000 679.918 4.000
D_234 -18.409 -475.402 8.000
V_235 0.000 613.196 12.000
N_236 -26.485 -507.047 16.000
D_237 -23.258 -475.402 12.000
N_238 -23.258 -507.047 12.000
V_239 0.000 613.196 12.000
P_240 0.000 -195.996 8.000
Q_241 -7.878 -643.904 4.000
F_242 0.000 560.542 8.000
A_243 0.000 185.740 8.000
Q_244 -7.878 -643.904 4.000
A_245 0.000 185.740 6.000
L_246 0.000 679.918 10.000
Y_247 -10.601 -274.939 9.000
E_248 -24.169 -605.239 13.000
T_249 -18.462 -90.974 13.000
Q_250 -22.253 -643.904 11.000
A_251 0.000 185.740 11.000
P_252 0.000 -195.996 12.000
E_253 -22.253 -605.239 11.000
N_254 -22.253 -507.047 11.000
S_255 -17.098 -90.060 11.000
P_256 0.000 -195.996 7.000
V_257 0.000 613.196 6.000
G_258 0.000 -27.649 3.000
S_259 -4.441 -90.060 3.000
L_260 0.000 679.918 3.000
I_261 0.000 777.529 6.000
V_262 0.000 613.196 3.000
K_263 -11.867 -818.649 6.000
V_264 0.000 613.196 6.000
S_265 -11.867 -90.060 6.000
A_266 0.000 185.740 7.000
G_267 0.000 -27.649 7.000
D_268 -18.409 -475.402 8.000
A_269 0.000 185.740 11.000
D_270 -22.253 -475.402 11.000
S_271 -13.255 -90.060 7.000
G_272 0.000 -27.649 11.000
V_273 0.000 613.196 7.000
N_274 -18.409 -507.047 8.000
A_275 0.000 185.740 8.000
E_276 -22.253 -605.239 11.000
V_277 0.000 613.196 9.000
S_278 -17.811 -90.060 12.000
Y_279 -9.978 -274.939 8.000
S_280 -14.420 -90.060 8.000
F_281 0.000 560.542 9.000
F_282 0.000 560.542 7.000
D_283 -16.691 -475.402 7.000
A_284 0.000 185.740 11.000
S_285 -19.613 -90.060 15.000
E_286 -22.253 -605.239 11.000
D_287 -22.253 -475.402 11.000
I_288 0.000 777.529 11.000
L_289 0.000 679.918 10.000
T_290 -11.867 -90.974 6.000
T_291 -16.309 -90.974 10.000
F_292 0.000 560.542 10.000
Q_293 -22.253 -643.904 11.000
I_294 0.000 777.529 8.000
N_295 -18.409 -507.047 8.000
P_296 0.000 -195.996 7.000
F_297 0.000 560.542 7.000
S_298 -13.255 -90.060 7.000
G_299 0.000 -27.649 7.000
E_300 -16.691 -605.239 7.000
I_301 0.000 777.529 4.000
F_302 0.000 560.542 9.000
L_303 0.000 679.918 9.000
R_304 -23.856 -1015.709 9.000
E_305 -19.866 -605.239 9.000
L_306 0.000 679.918 13.000
L_307 0.000 679.918 10.000
D_308 -21.132 -475.402 10.000
Y_309 -11.154 -274.939 10.000
E_310 -21.132 -605.239 10.000
L_311 0.000 679.918 10.000
V_312 0.000 613.196 11.000
N_313 -19.866 -507.047 9.000
S_314 -17.811 -90.060 12.000
Y_315 -12.104 -274.939 12.000
K_316 -17.811 -818.649 12.000
I_317 0.000 777.529 9.000
N_318 -22.253 -507.047 11.000
I_319 0.000 777.529 8.000
Q_320 -18.409 -643.904 8.000
A_321 0.000 185.740 8.000
M_322 0.000 401.769 8.000
D_323 -7.878 -475.402 4.000
G_324 0.000 -27.649 4.000
G_325 0.000 -27.649 4.000
G_326 0.000 -27.649 3.000
L_327 0.000 679.918 3.000
S_328 -14.420 -90.060 8.000
A_329 0.000 185.740 8.000
R_330 -27.076 -1015.709 11.000
C_331 0.000 322.480 8.000
T_332 -14.420 -90.974 8.000
V_333 0.000 613.196 3.000
L_334 0.000 679.918 6.000
I_335 0.000 777.529 3.000
K_336 -4.441 -818.649 3.000
V_337 0.000 613.196 7.000
L_338 0.000 679.918 10.000
D_339 -22.253 -475.402 11.000
S_340 -19.613 -90.060 15.000
N_341 -28.359 -507.047 19.000
D_342 -25.772 -475.402 15.000
N_343 -23.258 -507.047 12.000
P_344 0.000 -195.996 12.000
P_345 0.000 -195.996 8.000
E_346 -7.878 -605.239 4.000
L_347 0.000 679.918 4.000
I_348 0.000 777.529 7.000
I_349 0.000 777.529 6.000
S_350 -11.867 -90.060 6.000
S_351 -15.425 -90.060 9.000
L_352 0.000 679.918 13.000
S_353 -18.462 -90.060 13.000
N_354 -21.132 -507.047 10.000
S_355 -16.309 -90.060 10.000
V_356 0.000 613.196 11.000
A_357 0.000 185.740 11.000
E_358 -22.253 -605.239 11.000
N_359 -22.253 -507.047 11.000
S_360 -17.098 -90.060 11.000
P_361 0.000 -195.996 7.000
G_362 0.000 -27.649 3.000
I_363 0.000 777.529 0.000
V_364 0.000 613.196 0.000
L_365 0.000 679.918 0.000
A_366 0.000 185.740 0.000
V_367 0.000 613.196 3.000
F_368 0.000 560.542 3.000
K_369 -11.867 -818.649 6.000
I_370 0.000 777.529 10.000
K_371 -19.613 -818.649 15.000
D_372 -26.485 -475.402 16.000
R_373 -35.072 -1015.709 19.000
D_374 -26.485 -475.402 16.000
S_375 -20.127 -90.060 16.000
G_376 0.000 -27.649 15.000
E_377 -22.253 -605.239 11.000
N_378 -22.253 -507.047 11.000
G_379 0.000 -27.649 14.000
K_380 -16.309 -818.649 10.000
T_381 -11.867 -90.974 6.000
I_382 0.000 777.529 8.000
C_383 0.000 322.480 5.000
Y_384 -8.431 -274.939 6.000
V_385 0.000 613.196 10.000
Q_386 -25.003 -643.904 14.000
D_387 -23.258 -475.402 12.000
N_388 -23.258 -507.047 12.000
L_389 0.000 679.918 8.000
P_390 0.000 -195.996 4.000
F_391 0.000 560.542 0.000
F_392 0.000 560.542 3.000
L_393 0.000 679.918 3.000
K_394 -11.867 -818.649 6.000
P_395 0.000 -195.996 6.000
S_396 -16.309 -90.060 10.000
V_397 0.000 613.196 11.000
D_398 -22.253 -475.402 11.000
N_399 -21.132 -507.047 10.000
F_400 0.000 560.542 10.000
Y_401 -8.431 -274.939 6.000
I_402 0.000 777.529 2.000
L_403 0.000 679.918 5.000
M_404 0.000 401.769 7.000
T_405 -13.255 -90.974 7.000
E_406 -16.691 -605.239 7.000
G_407 0.000 -27.649 7.000
A_408 0.000 185.740 8.000
L_409 0.000 679.918 9.000
D_410 -24.169 -475.402 13.000
R_411 -32.645 -1015.709 16.000
E_412 -28.359 -605.239 19.000
S_413 -19.613 -90.060 15.000
K_414 -19.059 -818.649 14.000
A_415 0.000 185.740 12.000
E_416 -24.169 -605.239 13.000
Y_417 -11.154 -274.939 10.000
N_418 -24.169 -507.047 13.000
I_419 0.000 777.529 9.000
T_420 -16.309 -90.974 10.000
I_421 0.000 777.529 6.000
T_422 -15.425 -90.974 9.000
V_423 0.000 613.196 10.000
T_424 -16.309 -90.974 10.000
D_425 -16.691 -475.402 7.000
L_426 0.000 679.918 10.000
G_427 0.000 -27.649 7.000
T_428 -14.420 -90.974 8.000
P_429 0.000 -195.996 8.000
R_430 -27.076 -1015.709 11.000
L_431 0.000 679.918 11.000
K_432 -19.613 -818.649 15.000
T_433 -17.811 -90.974 12.000
E_434 -25.772 -605.239 15.000
H_435 -12.104 -583.484 12.000
S_436 -17.811 -90.060 12.000
I_437 0.000 777.529 8.000
T_438 -16.309 -90.974 10.000
L_439 0.000 679.918 7.000
Q_440 -21.132 -643.904 10.000
V_441 0.000 613.196 11.000
S_442 -17.098 -90.060 11.000
D_443 -22.253 -475.402 11.000
V_444 0.000 613.196 15.000
N_445 -26.485 -507.047 16.000
D_446 -23.258 -475.402 12.000
N_447 -23.258 -507.047 12.000
A_448 0.000 185.740 8.000
P_449 0.000 -195.996 4.000
A_450 0.000 185.740 3.000
F_451 0.000 560.542 7.000
T_452 -16.309 -90.974 10.000
Q_453 -24.169 -643.904 13.000
T_454 -19.613 -90.974 15.000
S_455 -19.613 -90.060 15.000
Y_456 -11.652 -274.939 11.000
T_457 -14.420 -90.974 8.000
L_458 0.000 679.918 5.000
F_459 0.000 560.542 8.000
V_460 0.000 613.196 9.000
R_461 -29.616 -1015.709 13.000
E_462 -27.150 -605.239 17.000
N_463 -28.912 -507.047 20.000
N_464 -25.772 -507.047 15.000
S_465 -17.098 -90.060 11.000
P_466 0.000 -195.996 7.000
A_467 0.000 185.740 5.000
L_468 0.000 679.918 2.000
H_469 -1.718 -583.484 2.000
I_470 0.000 777.529 5.000
G_471 0.000 -27.649 5.000
S_472 -11.867 -90.060 6.000
V_473 0.000 613.196 6.000
S_474 -15.425 -90.060 9.000
A_475 0.000 185.740 10.000
T_476 -19.613 -90.974 15.000
D_477 -26.485 -475.402 16.000
R_478 -35.072 -1015.709 19.000
D_479 -26.485 -475.402 16.000
S_480 -19.613 -90.060 15.000
G_481 0.000 -27.649 14.000
T_482 -16.309 -90.974 10.000
N_483 -22.253 -507.047 11.000
A_484 0.000 185.740 11.000
Q_485 -22.253 -643.904 11.000
V_486 0.000 613.196 9.000
T_487 -17.811 -90.974 12.000
Y_488 -9.978 -274.939 8.000
S_489 -14.420 -90.060 8.000
L_490 0.000 679.918 5.000
L_491 0.000 679.918 3.000
P_492 0.000 -195.996 4.000
P_493 0.000 -195.996 8.000
Q_494 -18.409 -643.904 8.000
D_495 -21.132 -475.402 10.000
P_496 0.000 -195.996 10.000
H_497 -8.431 -583.484 6.000
L_498 0.000 679.918 2.000
P_499 0.000 -195.996 2.000
L_500 0.000 679.918 3.000
A_501 0.000 185.740 3.000
S_502 -4.441 -90.060 3.000
L_503 0.000 679.918 6.000
V_504 0.000 613.196 6.000
S_505 -13.255 -90.060 7.000
I_506 0.000 777.529 7.000
N_507 -22.253 -507.047 11.000
A_508 0.000 185.740 12.000
D_509 -23.258 -475.402 12.000
N_510 -21.132 -507.047 10.000
G_511 0.000 -27.649 10.000
H_512 -8.431 -583.484 6.000
L_513 0.000 679.918 2.000
F_514 0.000 560.542 2.000
A_515 0.000 185.740 5.000
L_516 0.000 679.918 8.000
R_517 -21.845 -1015.709 8.000
S_518 -17.811 -90.060 12.000
L_519 0.000 679.918 14.000
D_520 -24.169 -475.402 13.000
Y_521 -11.154 -274.939 10.000
E_522 -21.132 -605.239 10.000
A_523 0.000 185.740 10.000
L_524 0.000 679.918 8.000
Q_525 -7.878 -643.904 4.000
A_526 0.000 185.740 8.000
F_527 0.000 560.542 8.000
D_528 -19.866 -475.402 9.000
F_529 0.000 560.542 9.000
R_530 -23.856 -1015.709 9.000
V_531 0.000 613.196 5.000
G_532 0.000 -27.649 8.000
A_533 0.000 185.740 7.000
S_534 -17.811 -90.060 12.000
D_535 -23.258 -475.402 12.000
R_536 -31.716 -1015.709 15.000
G_537 0.000 -27.649 12.000
S_538 -14.420 -90.060 8.000
P_539 0.000 -195.996 3.000
A_540 0.000 185.740 6.000
L_541 0.000 679.918 6.000
S_542 -16.309 -90.060 10.000
S_543 -16.309 -90.060 10.000
E_544 -21.132 -605.239 10.000
A_545 0.000 185.740 7.000
L_546 0.000 679.918 9.000
V_547 0.000 613.196 5.000
R_548 -11.867 -1015.709 5.000
V_549 0.000 613.196 5.000
L_550 0.000 679.918 5.000
V_551 0.000 613.196 4.000
L_552 0.000 679.918 4.000
D_553 -18.409 -475.402 8.000
A_554 0.000 185.740 12.000
N_555 -26.485 -507.047 16.000
D_556 -25.772 -475.402 15.000
N_557 -25.772 -507.047 15.000
S_558 -17.098 -90.060 11.000
P_559 0.000 -195.996 7.000
F_560 0.000 560.542 3.000
V_561 0.000 613.196 2.000
L_562 0.000 679.918 2.000
Y_563 -1.718 -274.939 2.000
P_564 0.000 -195.996 6.000
L_565 0.000 679.918 10.000
Q_566 -18.409 -643.904 8.000
N_567 -22.253 -507.047 11.000
G_568 0.000 -27.649 11.000
S_569 -13.255 -90.060 7.000
A_570 0.000 185.740 3.000
P_571 0.000 -195.996 6.000
C_572 0.000 322.480 7.000
T_573 -13.255 -90.974 7.000
E_574 -16.691 -605.239 7.000
L_575 0.000 679.918 7.000
V_576 0.000 613.196 9.000
P_577 0.000 -195.996 5.000
R_578 -11.867 -1015.709 5.000
A_579 0.000 185.740 9.000
A_580 0.000 185.740 9.000
E_581 -7.878 -605.239 4.000
P_582 0.000 -195.996 6.000
G_583 0.000 -27.649 6.000
Y_584 -1.718 -274.939 2.000
L_585 0.000 679.918 5.000
V_586 0.000 613.196 8.000
T_587 -11.867 -90.974 6.000
K_588 -11.867 -818.649 6.000
V_589 0.000 613.196 6.000
V_590 0.000 613.196 3.000
A_591 0.000 185.740 4.000
V_592 0.000 613.196 4.000
D_593 -18.409 -475.402 8.000
G_594 0.000 -27.649 11.000
D_595 -22.253 -475.402 11.000
S_596 -17.098 -90.060 11.000
G_597 0.000 -27.649 15.000
Q_598 -22.253 -643.904 11.000
N_599 -19.866 -507.047 9.000
A_600 0.000 185.740 9.000
W_601 -5.155 -203.500 8.000
L_602 0.000 679.918 6.000
S_603 -16.309 -90.060 10.000
Y_604 -10.601 -274.939 9.000
Q_605 -19.866 -643.904 9.000
L_606 0.000 679.918 9.000
L_607 0.000 679.918 7.000
K_608 -11.867 -818.649 6.000
A_609 0.000 185.740 10.000
T_610 -16.309 -90.974 10.000
E_611 -16.691 -605.239 7.000
P_612 0.000 -195.996 7.000
G_613 0.000 -27.649 4.000
L_614 0.000 679.918 0.000
F_615 0.000 560.542 0.000
G_616 0.000 -27.649 1.000
V_617 0.000 613.196 1.000
W_618 -2.723 -203.500 3.000
A_619 0.000 185.740 7.000
H_620 -9.265 -583.484 7.000
N_621 -21.132 -507.047 10.000
G_622 0.000 -27.649 10.000
E_623 -24.169 -605.239 13.000
V_624 0.000 613.196 12.000
R_625 -28.412 -1015.709 12.000
T_626 -18.462 -90.974 13.000
A_627 0.000 185.740 13.000
R_628 -21.845 -1015.709 8.000
L_629 0.000 679.918 8.000
L_630 0.000 679.918 12.000
S_631 -17.811 -90.060 12.000
E_632 -26.485 -605.239 16.000
R_633 -32.645 -1015.709 16.000
D_634 -24.169 -475.402 13.000
A_635 0.000 185.740 12.000
A_636 0.000 185.740 9.000
K_637 -16.309 -818.649 10.000
H_638 -11.154 -583.484 10.000
R_639 -25.574 -1015.709 10.000
L_640 0.000 679.918 7.000
V_641 0.000 613.196 5.000
V_642 0.000 613.196 0.000
L_643 0.000 679.918 3.000
V_644 0.000 613.196 7.000
K_645 -17.098 -818.649 11.000
D_646 -22.253 -475.402 11.000
N_647 -25.772 -507.047 15.000
G_648 0.000 -27.649 12.000
E_649 -18.409 -605.239 8.000
P_650 0.000 -195.996 9.000
P_651 0.000 -195.996 12.000
R_652 -21.845 -1015.709 8.000
S_653 -17.098 -90.060 11.000
A_654 0.000 185.740 11.000
T_655 -15.425 -90.974 9.000
A_656 0.000 185.740 6.000
T_657 -14.420 -90.974 8.000
L_658 0.000 679.918 5.000
H_659 -7.426 -583.484 5.000
V_660 0.000 613.196 2.000
L_661 0.000 679.918 2.000
L_662 0.000 679.918 4.000
V_663 0.000 613.196 4.000
D_664 -7.878 -475.402 4.000
G_665 0.000 -27.649 7.000
F_666 0.000 560.542 11.000
S_667 -13.255 -90.060 7.000
Q_668 -19.866 -643.904 9.000
P_669 0.000 -195.996 9.000
Y_670 -8.431 -274.939 6.000
L_671 0.000 679.918 2.000
P_672 0.000 -195.996 2.000
L_673 0.000 679.918 4.000
P_674 0.000 -195.996 4.000
E_675 -7.878 -605.239 4.000
A_676 0.000 185.740 4.000
A_677 0.000 185.740 4.000
P_678 0.000 -195.996 4.000
A_679 0.000 185.740 4.000
Q_680 -18.409 -643.904 8.000
A_681 0.000 185.740 8.000
Q_682 -23.258 -643.904 12.000
A_683 0.000 185.740 8.000
D_684 -18.409 -475.402 8.000
L_685 0.000 679.918 7.000
L_686 0.000 679.918 7.000
T_687 -10.149 -90.974 5.000
V_688 0.000 613.196 5.000
Y_689 -7.426 -274.939 5.000
L_690 0.000 679.918 2.000
V_691 0.000 613.196 2.000
V_692 0.000 613.196 0.000
A_693 0.000 185.740 0.000
L_694 0.000 679.918 3.000
A_695 0.000 185.740 3.000
S_696 -11.867 -90.060 6.000
V_697 0.000 613.196 9.000
S_698 -15.425 -90.060 9.000
S_699 -11.867 -90.060 6.000
L_700 0.000 679.918 6.000
F_701 0.000 560.542 3.000
L_702 0.000 679.918 3.000
L_703 0.000 679.918 3.000
S_704 -4.441 -90.060 3.000
V_705 0.000 613.196 3.000
L_706 0.000 679.918 3.000
L_707 0.000 679.918 0.000
F_708 0.000 560.542 0.000
V_709 0.000 613.196 0.000
A_710 0.000 185.740 5.000
V_711 0.000 613.196 5.000
R_712 -11.867 -1015.709 5.000
L_713 0.000 679.918 10.000
C_714 0.000 322.480 15.000
R_715 -29.616 -1015.709 13.000
R_716 -34.315 -1015.709 18.000
S_717 -21.060 -90.060 18.000
R_718 -29.616 -1015.709 13.000
A_719 0.000 185.740 11.000
A_720 0.000 185.740 8.000
S_721 -4.441 -90.060 3.000
V_722 0.000 613.196 8.000
G_723 0.000 -27.649 8.000
R_724 -21.845 -1015.709 8.000
C_725 0.000 322.480 8.000
S_726 -14.420 -90.060 8.000
V_727 0.000 613.196 7.000
P_728 0.000 -195.996 7.000
E_729 -7.878 -605.239 4.000
G_730 0.000 -27.649 4.000
P_731 0.000 -195.996 4.000
F_732 0.000 560.542 0.000
P_733 0.000 -195.996 2.000
G_734 0.000 -27.649 2.000
H_735 -1.718 -583.484 2.000
L_736 0.000 679.918 6.000
V_737 0.000 613.196 6.000
D_738 -16.691 -475.402 7.000
V_739 0.000 613.196 7.000
S_740 -16.309 -90.060 10.000
G_741 0.000 -27.649 6.000
T_742 -15.425 -90.974 9.000
G_743 0.000 -27.649 6.000
T_744 -11.867 -90.974 6.000
L_745 0.000 679.918 7.000
F_746 0.000 560.542 10.000
Q_747 -19.866 -643.904 9.000
S_748 -18.462 -90.060 13.000
Y_749 -13.255 -274.939 15.000
Q_750 -25.772 -643.904 15.000
Y_751 -12.104 -274.939 12.000
E_752 -21.132 -605.239 10.000
V_753 0.000 613.196 6.000
C_754 0.000 322.480 7.000
L_755 0.000 679.918 3.000
T_756 -4.441 -90.974 3.000
G_757 0.000 -27.649 6.000
G_758 0.000 -27.649 10.000
S_759 -16.309 -90.060 10.000
E_760 -21.132 -605.239 10.000
T_761 -19.059 -90.974 14.000
G_762 0.000 -27.649 11.000
E_763 -21.132 -605.239 10.000
F_764 0.000 560.542 7.000
K_765 -13.255 -818.649 7.000
F_766 0.000 560.542 6.000
L_767 0.000 679.918 6.000
K_768 -4.441 -818.649 3.000
P_769 0.000 -195.996 6.000
I_770 0.000 777.529 6.000
T_771 -10.149 -90.974 5.000
P_772 0.000 -195.996 5.000
H_773 -7.426 -583.484 5.000
L_774 0.000 679.918 2.000
P_775 0.000 -195.996 4.000
P_776 0.000 -195.996 7.000
H_777 -9.265 -583.484 7.000
R_778 -19.414 -1015.709 7.000
G_779 0.000 -27.649 10.000
G_780 0.000 -27.649 12.000
K_781 -13.255 -818.649 7.000
E_782 -22.253 -605.239 11.000
I_783 0.000 777.529 15.000
E_784 -26.485 -605.239 16.000
E_785 -25.772 -605.239 15.000
N_786 -27.773 -507.047 18.000
S_787 -19.059 -90.060 14.000
T_788 -16.309 -90.974 10.000
L_789 0.000 679.918 10.000
P_790 0.000 -195.996 10.000
N_791 -16.691 -507.047 7.000
S_792 -13.255 -90.060 7.000
F_793 0.000 560.542 7.000
G_794 0.000 -27.649 7.000
F_795 0.000 560.542 6.000
N_796 -14.591 -507.047 6.000
Y_797 -8.431 -274.939 6.000
