M_1 0.000 401.769 4.000
D_2 -18.409 -475.402 8.000
P_3 0.000 -195.996 11.000
D_4 -25.772 -475.402 15.000
K_5 -19.613 -818.649 15.000
Q_6 -25.772 -643.904 15.000
D_7 -22.253 -475.402 11.000
A_8 0.000 185.740 12.000
L_9 0.000 679.918 11.000
N_10 -16.691 -507.047 7.000
S_11 -17.098 -90.060 11.000
I_12 0.000 777.529 15.000
E_13 -25.003 -605.239 14.000
N_14 -22.253 -507.047 11.000
S_15 -18.462 -90.060 13.000
I_16 0.000 777.529 14.000
Y_17 -12.518 -274.939 13.000
R_18 -25.574 -1015.709 10.000
T_19 -16.309 -90.974 10.000
A_20 0.000 185.740 11.000
F_21 0.000 560.542 6.000
K_22 -13.255 -818.649 7.000
L_23 0.000 679.918 10.000
Q_24 -21.132 -643.904 10.000
S_25 -17.098 -90.060 11.000
V_26 0.000 613.196 14.000
Q_27 -21.132 -643.904 10.000
T_28 -13.255 -90.974 7.000
L_29 0.000 679.918 11.000
C_30 0.000 322.480 7.000
Q_31 -18.409 -643.904 8.000
L_32 0.000 679.918 8.000
D_33 -18.409 -475.402 8.000
L_34 0.000 679.918 8.000
I_35 0.000 777.529 11.000
D_36 -21.132 -475.402 10.000
S_37 -16.309 -90.060 10.000
S_38 -16.309 -90.060 10.000
L_39 0.000 679.918 10.000
I_40 0.000 777.529 11.000
Q_41 -18.409 -643.904 8.000
Q_42 -18.409 -643.904 8.000
V_43 0.000 613.196 8.000
L_44 0.000 679.918 9.000
L_45 0.000 679.918 5.000
R_46 -21.845 -1015.709 8.000
P_47 0.000 -195.996 8.000
S_48 -15.425 -90.060 9.000
F_49 0.000 560.542 8.000
W_50 -5.155 -203.500 8.000
E_51 -21.132 -605.239 10.000
A_52 0.000 185.740 13.000
R_53 -30.711 -1015.709 14.000
K_54 -18.462 -818.649 13.000
H_55 -12.518 -583.484 13.000
S_56 -17.098 -90.060 11.000
L_57 0.000 679.918 8.000
S_58 -16.309 -90.060 10.000
V_59 0.000 613.196 11.000
Q_60 -22.253 -643.904 11.000
Q_61 -22.253 -643.904 11.000
L_62 0.000 679.918 15.000
S_63 -17.098 -90.060 11.000
Q_64 -16.691 -643.904 7.000
A_65 0.000 185.740 11.000
L_66 0.000 679.918 12.000
Q_67 -18.409 -643.904 8.000
E_68 -18.409 -605.239 8.000
L_69 0.000 679.918 12.000
F_70 0.000 560.542 11.000
Q_71 -16.691 -643.904 7.000
K_72 -17.811 -818.649 12.000
A_73 0.000 185.740 16.000
R_74 -32.645 -1015.709 16.000
E_75 -27.150 -605.239 17.000
E_76 -27.150 -605.239 17.000
N_77 -23.258 -507.047 12.000
P_78 0.000 -195.996 12.000
G_79 0.000 -27.649 8.000
Q_80 -14.591 -643.904 6.000
V_81 0.000 613.196 6.000
H_82 -11.652 -583.484 11.000
P_83 0.000 -195.996 7.000
R_84 -19.414 -1015.709 7.000
A_85 0.000 185.740 9.000
P_86 0.000 -195.996 9.000
E_87 -16.691 -605.239 7.000
L_88 0.000 679.918 7.000
T_89 -16.309 -90.974 10.000
L_90 0.000 679.918 6.000
S_91 -11.867 -90.060 6.000
L_92 0.000 679.918 6.000
L_93 0.000 679.918 9.000
T_94 -11.867 -90.974 6.000
T_95 -14.420 -90.974 8.000
M_96 0.000 401.769 12.000
Y_97 -12.104 -274.939 12.000
N_98 -23.258 -507.047 12.000
S_99 -17.811 -90.060 12.000
K_100 -18.462 -818.649 13.000
G_101 0.000 -27.649 9.000
T_102 -11.867 -90.974 6.000
G_103 0.000 -27.649 3.000
F_104 0.000 560.542 7.000
L_105 0.000 679.918 4.000
Q_106 -7.878 -643.904 4.000
L_107 0.000 679.918 4.000
M_108 0.000 401.769 4.000
P_109 0.000 -195.996 0.000
A_110 0.000 185.740 0.000
A_111 0.000 185.740 0.000
A_112 0.000 185.740 0.000
A_113 0.000 185.740 0.000
L_114 0.000 679.918 3.000
I_115 0.000 777.529 3.000
T_116 -11.867 -90.974 6.000
L_117 0.000 679.918 6.000
S_118 -16.309 -90.060 10.000
G_119 0.000 -27.649 10.000
D_120 -21.132 -475.402 10.000
S_121 -13.255 -90.060 7.000
P_122 0.000 -195.996 10.000
L_123 0.000 679.918 9.000
S_124 -14.420 -90.060 8.000
K_125 -18.462 -818.649 13.000
Y_126 -12.518 -274.939 13.000
R_127 -25.574 -1015.709 10.000
A_128 0.000 185.740 7.000
L_129 0.000 679.918 9.000
F_130 0.000 560.542 4.000
Q_131 -14.591 -643.904 6.000
L_132 0.000 679.918 6.000
Y_133 -11.154 -274.939 10.000
A_134 0.000 185.740 10.000
E_135 -24.169 -605.239 13.000
N_136 -26.485 -507.047 16.000
S_137 -20.127 -90.060 16.000
R_138 -28.412 -1015.709 12.000
G_139 0.000 -27.649 10.000
G_140 0.000 -27.649 11.000
Y_141 -10.601 -274.939 9.000
D_142 -19.866 -475.402 9.000
S_143 -15.425 -90.060 9.000
G_144 0.000 -27.649 12.000
P_145 0.000 -195.996 8.000
R_146 -21.845 -1015.709 8.000
M_147 0.000 401.769 13.000
T_148 -21.060 -90.974 18.000
R_149 -29.616 -1015.709 13.000
R_150 -29.616 -1015.709 13.000
V_151 0.000 613.196 15.000
L_152 0.000 679.918 13.000
R_153 -21.845 -1015.709 8.000
K_154 -14.420 -818.649 8.000
L_155 0.000 679.918 11.000
L_156 0.000 679.918 10.000
T_157 -13.255 -90.974 7.000
D_158 -22.253 -475.402 11.000
L_159 0.000 679.918 15.000
Q_160 -23.258 -643.904 12.000
Q_161 -18.409 -643.904 8.000
I_162 0.000 777.529 11.000
P_163 0.000 -195.996 7.000
T_164 -4.441 -90.974 3.000
F_165 0.000 560.542 3.000
V_166 0.000 613.196 7.000
G_167 0.000 -27.649 7.000
E_168 -23.258 -605.239 12.000
S_169 -17.811 -90.060 12.000
R_170 -28.412 -1015.709 12.000
A_171 0.000 185.740 8.000
L_172 0.000 679.918 5.000
C_173 0.000 322.480 0.000
P_174 0.000 -195.996 4.000
V_175 0.000 613.196 7.000
E_176 -16.691 -605.239 7.000
S_177 -16.309 -90.060 10.000
A_178 0.000 185.740 15.000
T_179 -19.059 -90.974 14.000
R_180 -27.076 -1015.709 11.000
S_181 -17.098 -90.060 11.000
C_182 0.000 322.480 12.000
F_183 0.000 560.542 7.000
Q_184 -7.878 -643.904 4.000
G_185 0.000 -27.649 4.000
V_186 0.000 613.196 7.000
L_187 0.000 679.918 3.000
S_188 -4.441 -90.060 3.000
P_189 0.000 -195.996 3.000
A_190 0.000 185.740 6.000
I_191 0.000 777.529 7.000
K_192 -17.098 -818.649 11.000
E_193 -25.003 -605.239 14.000
E_194 -25.003 -605.239 14.000
K_195 -17.098 -818.649 11.000
F_196 0.000 560.542 10.000
L_197 0.000 679.918 7.000
S_198 -7.878 -90.060 4.000
W_199 -5.155 -203.500 8.000
V_200 0.000 613.196 11.000
Q_201 -23.258 -643.904 12.000
S_202 -17.098 -90.060 11.000
E_203 -22.253 -605.239 11.000
P_204 0.000 -195.996 7.000
P_205 0.000 -195.996 4.000
I_206 0.000 777.529 0.000
L_207 0.000 679.918 1.000
L_208 0.000 679.918 1.000
W_209 -0.000 -203.500 1.000
L_210 0.000 679.918 4.000
P_211 0.000 -195.996 4.000
T_212 -10.149 -90.974 5.000
C_213 0.000 322.480 10.000
H_214 -11.154 -583.484 10.000
R_215 -25.574 -1015.709 10.000
L_216 0.000 679.918 10.000
S_217 -14.420 -90.060 8.000
A_218 0.000 185.740 7.000
A_219 0.000 185.740 12.000
E_220 -19.866 -605.239 9.000
R_221 -28.412 -1015.709 12.000
V_222 0.000 613.196 14.000
T_223 -16.309 -90.974 10.000
H_224 -7.426 -583.484 5.000
P_225 0.000 -195.996 10.000
A_226 0.000 185.740 7.000
R_227 -21.845 -1015.709 8.000
C_228 0.000 322.480 8.000
T_229 -14.420 -90.974 8.000
L_230 0.000 679.918 8.000
C_231 0.000 322.480 11.000
R_232 -21.845 -1015.709 8.000
T_233 -14.420 -90.974 8.000
F_234 0.000 560.542 8.000
P_235 0.000 -195.996 6.000
I_236 0.000 777.529 3.000
T_237 -4.441 -90.974 3.000
G_238 0.000 -27.649 8.000
L_239 0.000 679.918 10.000
R_240 -28.412 -1015.709 12.000
Y_241 -12.104 -274.939 12.000
R_242 -28.412 -1015.709 12.000
C_243 0.000 322.480 10.000
L_244 0.000 679.918 8.000
K_245 -4.441 -818.649 3.000
C_246 0.000 322.480 7.000
L_247 0.000 679.918 7.000
N_248 -18.409 -507.047 8.000
F_249 0.000 560.542 8.000
D_250 -18.409 -475.402 8.000
I_251 0.000 777.529 8.000
C_252 0.000 322.480 8.000
Q_253 -7.878 -643.904 4.000
M_254 0.000 401.769 4.000
C_255 0.000 322.480 4.000
F_256 0.000 560.542 3.000
L_257 0.000 679.918 3.000
S_258 -4.441 -90.060 3.000
G_259 0.000 -27.649 5.000
L_260 0.000 679.918 8.000
H_261 -9.978 -583.484 8.000
S_262 -17.098 -90.060 11.000
K_263 -18.462 -818.649 13.000
S_264 -19.613 -90.060 15.000
H_265 -13.255 -583.484 15.000
Q_266 -25.772 -643.904 15.000
K_267 -19.059 -818.649 14.000
S_268 -17.811 -90.060 12.000
H_269 -9.978 -583.484 8.000
P_270 0.000 -195.996 5.000
V_271 0.000 613.196 6.000
I_272 0.000 777.529 6.000
E_273 -14.591 -605.239 6.000
H_274 -8.431 -583.484 6.000
C_275 0.000 322.480 10.000
I_276 0.000 777.529 6.000
Q_277 -16.691 -643.904 7.000
M_278 0.000 401.769 7.000
S_279 -13.255 -90.060 7.000
A_280 0.000 185.740 7.000
M_281 0.000 401.769 11.000
Q_282 -22.253 -643.904 11.000
N_283 -25.003 -507.047 14.000
T_284 -19.059 -90.974 14.000
K_285 -16.309 -818.649 10.000
L_286 0.000 679.918 6.000
L_287 0.000 679.918 8.000
F_288 0.000 560.542 8.000
R_289 -21.845 -1015.709 8.000
T_290 -18.462 -90.974 13.000
L_291 0.000 679.918 17.000
R_292 -32.645 -1015.709 16.000
N_293 -24.169 -507.047 13.000
N_294 -24.169 -507.047 13.000
L_295 0.000 679.918 12.000
L_296 0.000 679.918 8.000
Q_297 -19.866 -643.904 9.000
G_298 0.000 -27.649 9.000
R_299 -30.711 -1015.709 14.000
C_300 0.000 322.480 13.000
R_301 -32.645 -1015.709 16.000
K_302 -19.613 -818.649 15.000
K_303 -19.613 -818.649 15.000
E_304 -21.132 -605.239 10.000
A_305 0.000 185.740 12.000
A_306 0.000 185.740 14.000
R_307 -30.711 -1015.709 14.000
R_308 -34.315 -1015.709 18.000
Q_309 -27.773 -643.904 18.000
Q_310 -24.169 -643.904 13.000
L_311 0.000 679.918 12.000
L_312 0.000 679.918 12.000
D_313 -18.409 -475.402 8.000
Q_314 -23.258 -643.904 12.000
V_315 0.000 613.196 12.000
N_316 -22.253 -507.047 11.000
P_317 0.000 -195.996 7.000
K_318 -13.255 -818.649 7.000
G_319 0.000 -27.649 3.000
V_320 0.000 613.196 5.000
P_321 0.000 -195.996 4.000
H_322 -6.160 -583.484 4.000
H_323 -9.978 -583.484 8.000
A_324 0.000 185.740 8.000
Q_325 -22.253 -643.904 11.000
A_326 0.000 185.740 9.000
R_327 -23.856 -1015.709 9.000
L_328 0.000 679.918 8.000
L_329 0.000 679.918 11.000
K_330 -16.309 -818.649 10.000
K_331 -16.309 -818.649 10.000
Q_332 -25.003 -643.904 14.000
L_333 0.000 679.918 15.000
N_334 -25.003 -507.047 14.000
Q_335 -24.169 -643.904 13.000
Y_336 -13.896 -274.939 17.000
K_337 -20.127 -818.649 16.000
D_338 -23.258 -475.402 12.000
K_339 -19.059 -818.649 14.000
L_340 0.000 679.918 11.000
Q_341 -16.691 -643.904 7.000
A_342 0.000 185.740 6.000
I_343 0.000 777.529 9.000
Y_344 -9.978 -274.939 8.000
T_345 -17.811 -90.974 12.000
S_346 -20.127 -90.060 16.000
Q_347 -27.773 -643.904 18.000
E_348 -28.912 -605.239 20.000
E_349 -27.150 -605.239 17.000
R_350 -29.616 -1015.709 13.000
I_351 0.000 777.529 14.000
C_352 0.000 322.480 10.000
R_353 -23.856 -1015.709 9.000
F_354 0.000 560.542 12.000
E_355 -27.150 -605.239 17.000
T_356 -17.811 -90.974 12.000
R_357 -30.711 -1015.709 14.000
I_358 0.000 777.529 13.000
H_359 -11.154 -583.484 10.000
K_360 -14.420 -818.649 8.000
L_361 0.000 679.918 11.000
K_362 -18.462 -818.649 13.000
T_363 -19.059 -90.974 14.000
N_364 -27.773 -507.047 18.000
Q_365 -27.773 -643.904 18.000
D_366 -25.772 -475.402 15.000
S_367 -17.811 -90.060 12.000
L_368 0.000 679.918 11.000
W_369 -5.708 -203.500 10.000
T_370 -13.255 -90.974 7.000
K_371 -17.098 -818.649 11.000
L_372 0.000 679.918 14.000
Q_373 -22.253 -643.904 11.000
Q_374 -24.169 -643.904 13.000
I_375 0.000 777.529 18.000
R_376 -34.315 -1015.709 18.000
R_377 -30.711 -1015.709 14.000
D_378 -27.773 -475.402 18.000
L_379 0.000 679.918 13.000
Q_380 -24.169 -643.904 13.000
A_381 0.000 185.740 9.000
R_382 -29.616 -1015.709 13.000
L_383 0.000 679.918 9.000
Q_384 -19.866 -643.904 9.000
P_385 0.000 -195.996 4.000
P_386 0.000 -195.996 4.000
G_387 0.000 -27.649 3.000
P_388 0.000 -195.996 6.000
S_389 -15.425 -90.060 9.000
S_390 -17.811 -90.060 12.000
S_391 -17.811 -90.060 12.000
S_392 -18.462 -90.060 13.000
F_393 0.000 560.542 14.000
Q_394 -22.253 -643.904 11.000
N_395 -18.409 -507.047 8.000
V_396 0.000 613.196 12.000
G_397 0.000 -27.649 11.000
N_398 -16.691 -507.047 7.000
K_399 -17.098 -818.649 11.000
V_400 0.000 613.196 13.000
D_401 -23.258 -475.402 12.000
H_402 -12.104 -583.484 12.000
S_403 -19.613 -90.060 15.000
S_404 -19.613 -90.060 15.000
T_405 -20.127 -90.974 16.000
E_406 -24.169 -605.239 13.000
K_407 -16.309 -818.649 10.000
V_408 0.000 613.196 10.000
P_409 0.000 -195.996 6.000
K_410 -4.441 -818.649 3.000
G_411 0.000 -27.649 7.000
G_412 0.000 -27.649 9.000
D_413 -14.591 -475.402 6.000
Y_414 -11.154 -274.939 10.000
L_415 0.000 679.918 10.000
Q_416 -19.866 -643.904 9.000
I_417 0.000 777.529 11.000
K_418 -17.098 -818.649 11.000
N_419 -21.132 -507.047 10.000
A_420 0.000 185.740 14.000
T_421 -19.613 -90.974 15.000
E_422 -22.253 -605.239 11.000
D_423 -25.003 -475.402 14.000
A_424 0.000 185.740 14.000
S_425 -16.309 -90.060 10.000
T_426 -16.309 -90.974 10.000
G_427 0.000 -27.649 10.000
E_428 -16.691 -605.239 7.000
P_429 0.000 -195.996 4.000
L_430 0.000 679.918 7.000
P_431 0.000 -195.996 3.000
K_432 -13.255 -818.649 7.000
L_433 0.000 679.918 11.000
D_434 -22.253 -475.402 11.000
E_435 -23.258 -605.239 12.000
V_436 0.000 613.196 17.000
D_437 -26.485 -475.402 16.000
R_438 -30.711 -1015.709 14.000
S_439 -21.486 -90.060 19.000
H_440 -14.188 -583.484 18.000
R_441 -31.716 -1015.709 15.000
S_442 -19.613 -90.060 15.000
H_443 -13.896 -583.484 17.000
T_444 -17.811 -90.974 12.000
N_445 -24.169 -507.047 13.000
A_446 0.000 185.740 13.000
E_447 -21.132 -605.239 10.000
H_448 -8.431 -583.484 6.000
A_449 0.000 185.740 11.000
L_450 0.000 679.918 11.000
R_451 -23.856 -1015.709 9.000
N_452 -24.169 -507.047 13.000
P_453 0.000 -195.996 16.000
E_454 -22.253 -605.239 11.000
S_455 -17.098 -90.060 11.000
P_456 0.000 -195.996 14.000
E_457 -24.169 -605.239 13.000
T_458 -16.309 -90.974 10.000
T_459 -17.811 -90.974 12.000
L_460 0.000 679.918 11.000
H_461 -11.652 -583.484 11.000
S_462 -18.462 -90.060 13.000
T_463 -18.462 -90.974 13.000
R_464 -31.716 -1015.709 15.000
A_465 0.000 185.740 15.000
Q_466 -26.485 -643.904 16.000
S_467 -19.059 -90.060 14.000
Q_468 -27.773 -643.904 18.000
T_469 -20.609 -90.974 17.000
Q_470 -25.003 -643.904 14.000
K_471 -16.309 -818.649 10.000
M_472 0.000 401.769 11.000
P_473 0.000 -195.996 10.000
Q_474 -16.691 -643.904 7.000
K_475 -13.255 -818.649 7.000
V_476 0.000 613.196 10.000
I_477 0.000 777.529 6.000
S_478 -4.441 -90.060 3.000
A_479 0.000 185.740 3.000
L_480 0.000 679.918 6.000
P_481 0.000 -195.996 5.000
S_482 -15.425 -90.060 9.000
Y_483 -12.518 -274.939 13.000
Q_484 -24.169 -643.904 13.000
E_485 -21.132 -605.239 10.000
G_486 0.000 -27.649 11.000
L_487 0.000 679.918 11.000
K_488 -17.098 -818.649 11.000
Q_489 -22.253 -643.904 11.000
D_490 -22.253 -475.402 11.000
I_491 0.000 777.529 11.000
P_492 0.000 -195.996 7.000
K_493 -4.441 -818.649 3.000
M_494 0.000 401.769 3.000
V_495 0.000 613.196 3.000
P_496 0.000 -195.996 4.000
A_497 0.000 185.740 4.000
E_498 -16.691 -605.239 7.000
M_499 0.000 401.769 10.000
S_500 -16.309 -90.060 10.000
S_501 -11.867 -90.060 6.000
P_502 0.000 -195.996 6.000
A_503 0.000 185.740 3.000
L_504 0.000 679.918 0.000
A_505 0.000 185.740 0.000
A_506 0.000 185.740 4.000
V_507 0.000 613.196 7.000
E_508 -21.132 -605.239 10.000
K_509 -19.059 -818.649 14.000
K_510 -19.059 -818.649 14.000
E_511 -21.132 -605.239 10.000
A_512 0.000 185.740 11.000
G_513 0.000 -27.649 8.000
N_514 -16.691 -507.047 7.000
I_515 0.000 777.529 11.000
K_516 -20.127 -818.649 16.000
E_517 -25.772 -605.239 15.000
R_518 -35.072 -1015.709 19.000
K_519 -21.889 -818.649 20.000
D_520 -26.485 -475.402 16.000
E_521 -25.772 -605.239 15.000
L_522 0.000 679.918 16.000
E_523 -26.485 -605.239 16.000
E_524 -26.485 -605.239 16.000
E_525 -26.485 -605.239 16.000
E_526 -26.485 -605.239 16.000
L_527 0.000 679.918 16.000
Q_528 -23.258 -643.904 12.000
E_529 -18.409 -605.239 8.000
L_530 0.000 679.918 11.000
L_531 0.000 679.918 10.000
S_532 -11.867 -90.060 6.000
K_533 -11.867 -818.649 6.000
L_534 0.000 679.918 10.000
M_535 0.000 401.769 7.000
D_536 -7.878 -475.402 4.000
A_537 0.000 185.740 8.000
F_538 0.000 560.542 8.000
N_539 -18.409 -507.047 8.000
L_540 0.000 679.918 11.000
E_541 -22.253 -605.239 11.000
T_542 -16.309 -90.974 10.000
P_543 0.000 -195.996 10.000
S_544 -11.867 -90.060 6.000
G_545 0.000 -27.649 7.000
P_546 0.000 -195.996 10.000
E_547 -21.132 -605.239 10.000
S_548 -16.309 -90.060 10.000
S_549 -19.059 -90.060 14.000
V_550 0.000 613.196 10.000
N_551 -22.253 -507.047 11.000
M_552 0.000 401.769 8.000
D_553 -21.132 -475.402 10.000
L_554 0.000 679.918 9.000
Y_555 -10.601 -274.939 9.000
S_556 -10.149 -90.060 5.000
G_557 0.000 -27.649 9.000
A_558 0.000 185.740 12.000
Q_559 -19.866 -643.904 9.000
R_560 -23.856 -1015.709 9.000
V_561 0.000 613.196 14.000
C_562 0.000 322.480 10.000
R_563 -11.867 -1015.709 5.000
A_564 0.000 185.740 8.000
F_565 0.000 560.542 8.000
S_566 -4.441 -90.060 3.000
A_567 0.000 185.740 3.000
L_568 0.000 679.918 7.000
V_569 0.000 613.196 8.000
D_570 -18.409 -475.402 8.000
Q_571 -18.409 -643.904 8.000
I_572 0.000 777.529 8.000
A_573 0.000 185.740 4.000
L_574 0.000 679.918 4.000
P_575 0.000 -195.996 4.000
N_576 -16.691 -507.047 7.000
L_577 0.000 679.918 7.000
K_578 -13.255 -818.649 7.000
