M_1 0.000 401.769 3.000
S_2 -4.441 -90.060 3.000
G_3 0.000 -27.649 3.000
P_4 0.000 -195.996 7.000
L_5 0.000 679.918 4.000
E_6 -7.878 -605.239 4.000
G_7 0.000 -27.649 8.000
A_8 0.000 185.740 8.000
D_9 -7.878 -475.402 4.000
G_10 0.000 -27.649 4.000
G_11 0.000 -27.649 8.000
G_12 0.000 -27.649 4.000
D_13 -19.866 -475.402 9.000
P_14 0.000 -195.996 9.000
R_15 -23.856 -1015.709 9.000
P_16 0.000 -195.996 9.000
G_17 0.000 -27.649 12.000
E_18 -16.691 -605.239 7.000
S_19 -13.255 -90.060 7.000
F_20 0.000 560.542 7.000
C_21 0.000 322.480 3.000
P_22 0.000 -195.996 0.000
G_23 0.000 -27.649 0.000
G_24 0.000 -27.649 0.000
V_25 0.000 613.196 3.000
P_26 0.000 -195.996 3.000
S_27 -4.441 -90.060 3.000
P_28 0.000 -195.996 3.000
G_29 0.000 -27.649 3.000
P_30 0.000 -195.996 4.000
P_31 0.000 -195.996 6.000
Q_32 -22.253 -643.904 11.000
H_33 -11.652 -583.484 11.000
R_34 -27.076 -1015.709 11.000
P_35 0.000 -195.996 7.000
C_36 0.000 322.480 5.000
P_37 0.000 -195.996 0.000
G_38 0.000 -27.649 3.000
P_39 0.000 -195.996 3.000
S_40 -4.441 -90.060 3.000
L_41 0.000 679.918 7.000
A_42 0.000 185.740 11.000
D_43 -22.253 -475.402 11.000
D_44 -25.772 -475.402 15.000
T_45 -19.613 -90.974 15.000
D_46 -25.772 -475.402 15.000
A_47 0.000 185.740 14.000
N_48 -25.772 -507.047 15.000
S_49 -17.098 -90.060 11.000
N_50 -25.003 -507.047 14.000
G_51 0.000 -27.649 13.000
S_52 -16.309 -90.060 10.000
S_53 -16.309 -90.060 10.000
G_54 0.000 -27.649 14.000
N_55 -25.003 -507.047 14.000
E_56 -25.772 -605.239 15.000
S_57 -19.613 -90.060 15.000
N_58 -24.169 -507.047 13.000
G_59 0.000 -27.649 13.000
H_60 -12.518 -583.484 13.000
E_61 -25.003 -605.239 14.000
S_62 -19.059 -90.060 14.000
R_63 -28.412 -1015.709 12.000
G_64 0.000 -27.649 11.000
A_65 0.000 185.740 12.000
S_66 -17.811 -90.060 12.000
Q_67 -25.772 -643.904 15.000
R_68 -34.315 -1015.709 18.000
S_69 -20.609 -90.060 17.000
S_70 -20.127 -90.060 16.000
H_71 -12.900 -583.484 14.000
S_72 -19.059 -90.060 14.000
S_73 -19.059 -90.060 14.000
S_74 -17.811 -90.060 12.000
S_75 -18.462 -90.060 13.000
G_76 0.000 -27.649 10.000
N_77 -21.132 -507.047 10.000
G_78 0.000 -27.649 11.000
K_79 -19.059 -818.649 14.000
D_80 -21.132 -475.402 10.000
S_81 -16.309 -90.060 10.000
A_82 0.000 185.740 7.000
L_83 0.000 679.918 7.000
L_84 0.000 679.918 7.000
E_85 -21.132 -605.239 10.000
T_86 -19.059 -90.974 14.000
T_87 -20.609 -90.974 17.000
E_88 -26.485 -605.239 16.000
S_89 -20.127 -90.060 16.000
S_90 -20.127 -90.060 16.000
K_91 -19.613 -818.649 15.000
S_92 -20.127 -90.060 16.000
T_93 -20.127 -90.974 16.000
N_94 -27.150 -507.047 17.000
S_95 -20.609 -90.060 17.000
Q_96 -25.003 -643.904 14.000
S_97 -18.462 -90.060 13.000
P_98 0.000 -195.996 10.000
S_99 -11.867 -90.060 6.000
P_100 0.000 -195.996 6.000
P_101 0.000 -195.996 9.000
S_102 -15.425 -90.060 9.000
S_103 -15.425 -90.060 9.000
S_104 -15.425 -90.060 9.000
I_105 0.000 777.529 8.000
A_106 0.000 185.740 8.000
Y_107 -7.426 -274.939 5.000
S_108 -10.149 -90.060 5.000
L_109 0.000 679.918 8.000
L_110 0.000 679.918 6.000
S_111 -11.867 -90.060 6.000
A_112 0.000 185.740 9.000
S_113 -18.462 -90.060 13.000
S_114 -19.059 -90.060 14.000
E_115 -27.773 -605.239 18.000
Q_116 -28.359 -643.904 19.000
D_117 -26.485 -475.402 16.000
N_118 -25.772 -507.047 15.000
P_119 0.000 -195.996 14.000
S_120 -18.462 -90.060 13.000
T_121 -15.425 -90.974 9.000
S_122 -15.425 -90.060 9.000
G_123 0.000 -27.649 9.000
C_124 0.000 322.480 9.000
S_125 -16.309 -90.060 10.000
S_126 -19.059 -90.060 14.000
E_127 -27.150 -605.239 17.000
Q_128 -25.003 -643.904 14.000
S_129 -20.127 -90.060 16.000
A_130 0.000 185.740 12.000
R_131 -29.616 -1015.709 13.000
A_132 0.000 185.740 13.000
R_133 -33.508 -1015.709 17.000
T_134 -19.613 -90.974 15.000
Q_135 -28.359 -643.904 19.000
K_136 -19.059 -818.649 14.000
E_137 -22.253 -605.239 11.000
L_138 0.000 679.918 10.000
M_139 0.000 401.769 7.000
T_140 -4.441 -90.974 3.000
A_141 0.000 185.740 8.000
L_142 0.000 679.918 12.000
R_143 -23.856 -1015.709 9.000
E_144 -23.258 -605.239 12.000
L_145 0.000 679.918 12.000
K_146 -17.811 -818.649 12.000
L_147 0.000 679.918 8.000
R_148 -21.845 -1015.709 8.000
L_149 0.000 679.918 5.000
P_150 0.000 -195.996 9.000
P_151 0.000 -195.996 9.000
E_152 -25.003 -605.239 14.000
R_153 -30.711 -1015.709 14.000
R_154 -33.508 -1015.709 17.000
G_155 0.000 -27.649 13.000
K_156 -18.462 -818.649 13.000
G_157 0.000 -27.649 11.000
R_158 -27.076 -1015.709 11.000
S_159 -17.098 -90.060 11.000
G_160 0.000 -27.649 11.000
T_161 -11.867 -90.974 6.000
L_162 0.000 679.918 6.000
A_163 0.000 185.740 6.000
T_164 -13.255 -90.974 7.000
L_165 0.000 679.918 9.000
Q_166 -19.866 -643.904 9.000
Y_167 -8.431 -274.939 6.000
A_168 0.000 185.740 6.000
L_169 0.000 679.918 2.000
A_170 0.000 185.740 0.000
C_171 0.000 322.480 3.000
V_172 0.000 613.196 7.000
K_173 -13.255 -818.649 7.000
Q_174 -22.253 -643.904 11.000
V_175 0.000 613.196 11.000
Q_176 -23.258 -643.904 12.000
A_177 0.000 185.740 12.000
N_178 -26.485 -507.047 16.000
Q_179 -25.003 -643.904 14.000
E_180 -26.485 -605.239 16.000
Y_181 -13.586 -274.939 16.000
Y_182 -13.586 -274.939 16.000
Q_183 -24.169 -643.904 13.000
Q_184 -25.003 -643.904 14.000
W_185 -6.160 -203.500 12.000
S_186 -17.811 -90.060 12.000
L_187 0.000 679.918 12.000
E_188 -22.253 -605.239 11.000
E_189 -23.258 -605.239 12.000
G_190 0.000 -27.649 12.000
E_191 -18.409 -605.239 8.000
P_192 0.000 -195.996 7.000
C_193 0.000 322.480 7.000
S_194 -13.255 -90.060 7.000
M_195 0.000 401.769 7.000
D_196 -21.132 -475.402 10.000
M_197 0.000 401.769 10.000
S_198 -17.811 -90.060 12.000
T_199 -17.098 -90.974 11.000
Y_200 -11.652 -274.939 11.000
T_201 -17.811 -90.974 12.000
L_202 0.000 679.918 13.000
E_203 -22.253 -605.239 11.000
E_204 -23.258 -605.239 12.000
L_205 0.000 679.918 14.000
E_206 -21.132 -605.239 10.000
H_207 -10.601 -583.484 9.000
I_208 0.000 777.529 12.000
T_209 -17.811 -90.974 12.000
S_210 -17.811 -90.060 12.000
E_211 -25.772 -605.239 15.000
Y_212 -12.104 -274.939 12.000
T_213 -18.462 -90.974 13.000
L_214 0.000 679.918 13.000
Q_215 -25.772 -643.904 15.000
N_216 -26.485 -507.047 16.000
Q_217 -28.359 -643.904 19.000
D_218 -25.772 -475.402 15.000
T_219 -19.059 -90.974 14.000
F_220 0.000 560.542 10.000
S_221 -11.867 -90.060 6.000
V_222 0.000 613.196 3.000
A_223 0.000 185.740 6.000
V_224 0.000 613.196 3.000
S_225 -4.441 -90.060 3.000
F_226 0.000 560.542 6.000
L_227 0.000 679.918 6.000
T_228 -14.420 -90.974 8.000
G_229 0.000 -27.649 8.000
R_230 -21.845 -1015.709 8.000
I_231 0.000 777.529 7.000
V_232 0.000 613.196 7.000
Y_233 -7.426 -274.939 5.000
I_234 0.000 777.529 9.000
S_235 -18.462 -90.060 13.000
E_236 -22.253 -605.239 11.000
Q_237 -22.253 -643.904 11.000
A_238 0.000 185.740 8.000
A_239 0.000 185.740 4.000
V_240 0.000 613.196 0.000
L_241 0.000 679.918 5.000
L_242 0.000 679.918 5.000
R_243 -21.845 -1015.709 8.000
C_244 0.000 322.480 13.000
K_245 -20.609 -818.649 17.000
R_246 -28.412 -1015.709 12.000
D_247 -23.258 -475.402 12.000
V_248 0.000 613.196 14.000
F_249 0.000 560.542 9.000
R_250 -21.845 -1015.709 8.000
G_251 0.000 -27.649 13.000
T_252 -18.462 -90.974 13.000
R_253 -27.076 -1015.709 11.000
F_254 0.000 560.542 15.000
S_255 -17.811 -90.060 12.000
E_256 -16.691 -605.239 7.000
L_257 0.000 679.918 7.000
L_258 0.000 679.918 4.000
A_259 0.000 185.740 4.000
P_260 0.000 -195.996 8.000
Q_261 -18.409 -643.904 8.000
D_262 -18.409 -475.402 8.000
V_263 0.000 613.196 8.000
G_264 0.000 -27.649 4.000
V_265 0.000 613.196 2.000
F_266 0.000 560.542 2.000
Y_267 -7.426 -274.939 5.000
G_268 0.000 -27.649 8.000
S_269 -14.420 -90.060 8.000
T_270 -11.867 -90.974 6.000
A_271 0.000 185.740 9.000
P_272 0.000 -195.996 11.000
S_273 -14.420 -90.060 8.000
R_274 -21.845 -1015.709 8.000
L_275 0.000 679.918 11.000
P_276 0.000 -195.996 9.000
T_277 -7.878 -90.974 4.000
W_278 -4.824 -203.500 7.000
G_279 0.000 -27.649 7.000
T_280 -7.878 -90.974 4.000
G_281 0.000 -27.649 6.000
A_282 0.000 185.740 6.000
S_283 -4.441 -90.060 3.000
A_284 0.000 185.740 6.000
G_285 0.000 -27.649 6.000
S_286 -4.441 -90.060 3.000
G_287 0.000 -27.649 8.000
L_288 0.000 679.918 12.000
R_289 -23.856 -1015.709 9.000
D_290 -23.258 -475.402 12.000
F_291 0.000 560.542 16.000
T_292 -19.613 -90.974 15.000
Q_293 -25.003 -643.904 14.000
E_294 -27.150 -605.239 17.000
K_295 -19.059 -818.649 14.000
S_296 -16.309 -90.060 10.000
V_297 0.000 613.196 6.000
F_298 0.000 560.542 8.000
C_299 0.000 322.480 5.000
R_300 -25.574 -1015.709 10.000
I_301 0.000 777.529 10.000
R_302 -25.574 -1015.709 10.000
G_303 0.000 -27.649 5.000
G_304 0.000 -27.649 9.000
P_305 0.000 -195.996 9.000
D_306 -24.169 -475.402 13.000
R_307 -29.616 -1015.709 13.000
D_308 -24.169 -475.402 13.000
P_309 0.000 -195.996 9.000
G_310 0.000 -27.649 9.000
P_311 0.000 -195.996 7.000
R_312 -27.076 -1015.709 11.000
Y_313 -11.652 -274.939 11.000
Q_314 -22.253 -643.904 11.000
P_315 0.000 -195.996 11.000
F_316 0.000 560.542 9.000
R_317 -21.845 -1015.709 8.000
L_318 0.000 679.918 8.000
T_319 -16.309 -90.974 10.000
P_320 0.000 -195.996 5.000
Y_321 -9.978 -274.939 8.000
V_322 0.000 613.196 8.000
T_323 -14.420 -90.974 8.000
K_324 -17.098 -818.649 11.000
I_325 0.000 777.529 11.000
R_326 -27.076 -1015.709 11.000
V_327 0.000 613.196 12.000
S_328 -17.811 -90.060 12.000
D_329 -16.691 -475.402 7.000
G_330 0.000 -27.649 7.000
A_331 0.000 185.740 4.000
P_332 0.000 -195.996 4.000
A_333 0.000 185.740 4.000
Q_334 -7.878 -643.904 4.000
P_335 0.000 -195.996 4.000
C_336 0.000 322.480 4.000
C_337 0.000 322.480 0.000
L_338 0.000 679.918 0.000
L_339 0.000 679.918 0.000
I_340 0.000 777.529 4.000
A_341 0.000 185.740 9.000
E_342 -19.866 -605.239 9.000
R_343 -27.076 -1015.709 11.000
I_344 0.000 777.529 14.000
H_345 -11.154 -583.484 10.000
S_346 -13.255 -90.060 7.000
G_347 0.000 -27.649 11.000
Y_348 -10.601 -274.939 9.000
E_349 -14.591 -605.239 6.000
A_350 0.000 185.740 11.000
P_351 0.000 -195.996 9.000
R_352 -11.867 -1015.709 5.000
I_353 0.000 777.529 5.000
P_354 0.000 -195.996 9.000
P_355 0.000 -195.996 7.000
D_356 -23.258 -475.402 12.000
K_357 -17.811 -818.649 12.000
R_358 -28.412 -1015.709 12.000
I_359 0.000 777.529 11.000
F_360 0.000 560.542 11.000
T_361 -17.098 -90.974 11.000
T_362 -18.462 -90.974 13.000
R_363 -32.645 -1015.709 16.000
H_364 -12.518 -583.484 13.000
T_365 -18.462 -90.974 13.000
P_366 0.000 -195.996 8.000
S_367 -11.867 -90.060 6.000
C_368 0.000 322.480 3.000
L_369 0.000 679.918 7.000
F_370 0.000 560.542 8.000
Q_371 -18.409 -643.904 8.000
D_372 -23.258 -475.402 12.000
V_373 0.000 613.196 16.000
D_374 -27.150 -475.402 17.000
E_375 -24.169 -605.239 13.000
R_376 -29.616 -1015.709 13.000
A_377 0.000 185.740 9.000
A_378 0.000 185.740 5.000
P_379 0.000 -195.996 0.000
L_380 0.000 679.918 0.000
L_381 0.000 679.918 2.000
G_382 0.000 -27.649 2.000
Y_383 -1.718 -274.939 2.000
L_384 0.000 679.918 6.000
P_385 0.000 -195.996 10.000
Q_386 -18.409 -643.904 8.000
D_387 -18.409 -475.402 8.000
L_388 0.000 679.918 8.000
L_389 0.000 679.918 4.000
G_390 0.000 -27.649 0.000
A_391 0.000 185.740 0.000
P_392 0.000 -195.996 0.000
V_393 0.000 613.196 0.000
L_394 0.000 679.918 0.000
L_395 0.000 679.918 0.000
F_396 0.000 560.542 2.000
L_397 0.000 679.918 2.000
H_398 -8.431 -583.484 6.000
P_399 0.000 -195.996 10.000
E_400 -25.772 -605.239 15.000
D_401 -24.169 -475.402 13.000
R_402 -29.616 -1015.709 13.000
P_403 0.000 -195.996 9.000
L_404 0.000 679.918 5.000
M_405 0.000 401.769 0.000
L_406 0.000 679.918 0.000
A_407 0.000 185.740 2.000
I_408 0.000 777.529 5.000
H_409 -9.978 -583.484 8.000
K_410 -14.420 -818.649 8.000
K_411 -14.420 -818.649 8.000
I_412 0.000 777.529 10.000
L_413 0.000 679.918 7.000
Q_414 -7.878 -643.904 4.000
L_415 0.000 679.918 4.000
A_416 0.000 185.740 8.000
G_417 0.000 -27.649 4.000
Q_418 -7.878 -643.904 4.000
P_419 0.000 -195.996 8.000
F_420 0.000 560.542 10.000
D_421 -19.866 -475.402 9.000
H_422 -10.601 -583.484 9.000
S_423 -15.425 -90.060 9.000
P_424 0.000 -195.996 10.000
I_425 0.000 777.529 8.000
R_426 -11.867 -1015.709 5.000
F_427 0.000 560.542 5.000
C_428 0.000 322.480 10.000
A_429 0.000 185.740 9.000
R_430 -23.856 -1015.709 9.000
N_431 -24.169 -507.047 13.000
G_432 0.000 -27.649 15.000
E_433 -21.132 -605.239 10.000
Y_434 -10.601 -274.939 9.000
V_435 0.000 613.196 9.000
T_436 -15.425 -90.974 9.000
M_437 0.000 401.769 10.000
D_438 -24.169 -475.402 13.000
T_439 -17.098 -90.974 11.000
S_440 -17.098 -90.060 11.000
W_441 -4.824 -203.500 7.000
A_442 0.000 185.740 4.000
G_443 0.000 -27.649 1.000
F_444 0.000 560.542 2.000
V_445 0.000 613.196 2.000
H_446 -4.441 -583.484 3.000
P_447 0.000 -195.996 6.000
W_448 -5.944 -203.500 11.000
S_449 -17.811 -90.060 12.000
R_450 -28.412 -1015.709 12.000
K_451 -17.098 -818.649 11.000
V_452 0.000 613.196 8.000
A_453 0.000 185.740 3.000
F_454 0.000 560.542 0.000
V_455 0.000 613.196 0.000
L_456 0.000 679.918 5.000
G_457 0.000 -27.649 7.000
R_458 -25.574 -1015.709 10.000
H_459 -11.154 -583.484 10.000
K_460 -19.613 -818.649 15.000
V_461 0.000 613.196 13.000
R_462 -27.076 -1015.709 11.000
T_463 -14.420 -90.974 8.000
A_464 0.000 185.740 8.000
P_465 0.000 -195.996 7.000
L_466 0.000 679.918 8.000
N_467 -23.258 -507.047 12.000
E_468 -23.258 -605.239 12.000
D_469 -23.258 -475.402 12.000
V_470 0.000 613.196 11.000
F_471 0.000 560.542 7.000
T_472 -4.441 -90.974 3.000
P_473 0.000 -195.996 3.000
P_474 0.000 -195.996 3.000
A_475 0.000 185.740 3.000
P_476 0.000 -195.996 3.000
S_477 -4.441 -90.060 3.000
P_478 0.000 -195.996 3.000
A_479 0.000 185.740 6.000
P_480 0.000 -195.996 3.000
S_481 -13.255 -90.060 7.000
L_482 0.000 679.918 10.000
D_483 -25.003 -475.402 14.000
T_484 -17.098 -90.974 11.000
D_485 -25.772 -475.402 15.000
I_486 0.000 777.529 15.000
Q_487 -23.258 -643.904 12.000
E_488 -22.253 -605.239 11.000
L_489 0.000 679.918 15.000
S_490 -19.613 -90.060 15.000
E_491 -22.253 -605.239 11.000
Q_492 -24.169 -643.904 13.000
I_493 0.000 777.529 15.000
H_494 -11.652 -583.484 11.000
R_495 -19.414 -1015.709 7.000
L_496 0.000 679.918 7.000
L_497 0.000 679.918 9.000
L_498 0.000 679.918 4.000
Q_499 -7.878 -643.904 4.000
P_500 0.000 -195.996 6.000
V_501 0.000 613.196 9.000
H_502 -7.426 -583.484 5.000
S_503 -14.420 -90.060 8.000
P_504 0.000 -195.996 8.000
S_505 -15.425 -90.060 9.000
P_506 0.000 -195.996 6.000
T_507 -11.867 -90.974 6.000
G_508 0.000 -27.649 3.000
L_509 0.000 679.918 3.000
C_510 0.000 322.480 0.000
G_511 0.000 -27.649 0.000
V_512 0.000 613.196 0.000
G_513 0.000 -27.649 0.000
A_514 0.000 185.740 3.000
V_515 0.000 613.196 6.000
T_516 -11.867 -90.974 6.000
S_517 -11.867 -90.060 6.000
P_518 0.000 -195.996 6.000
G_519 0.000 -27.649 3.000
P_520 0.000 -195.996 2.000
L_521 0.000 679.918 5.000
H_522 -7.426 -583.484 5.000
S_523 -10.149 -90.060 5.000
P_524 0.000 -195.996 8.000
G_525 0.000 -27.649 9.000
S_526 -15.425 -90.060 9.000
S_527 -18.462 -90.060 13.000
S_528 -20.127 -90.060 16.000
D_529 -27.150 -475.402 17.000
S_530 -19.059 -90.060 14.000
N_531 -22.253 -507.047 11.000
G_532 0.000 -27.649 11.000
G_533 0.000 -27.649 8.000
D_534 -18.409 -475.402 8.000
A_535 0.000 185.740 8.000
E_536 -18.409 -605.239 8.000
G_537 0.000 -27.649 4.000
P_538 0.000 -195.996 4.000
G_539 0.000 -27.649 0.000
P_540 0.000 -195.996 0.000
P_541 0.000 -195.996 0.000
A_542 0.000 185.740 0.000
P_543 0.000 -195.996 3.000
V_544 0.000 613.196 3.000
T_545 -13.255 -90.974 7.000
F_546 0.000 560.542 11.000
Q_547 -22.253 -643.904 11.000
Q_548 -18.409 -643.904 8.000
I_549 0.000 777.529 11.000
C_550 0.000 322.480 11.000
K_551 -13.255 -818.649 7.000
D_552 -19.866 -475.402 9.000
V_553 0.000 613.196 9.000
H_554 -8.431 -583.484 6.000
L_555 0.000 679.918 5.000
V_556 0.000 613.196 7.000
K_557 -15.425 -818.649 9.000
H_558 -10.601 -583.484 9.000
Q_559 -24.169 -643.904 13.000
G_560 0.000 -27.649 14.000
Q_561 -23.258 -643.904 12.000
Q_562 -18.409 -643.904 8.000
L_563 0.000 679.918 8.000
F_564 0.000 560.542 8.000
I_565 0.000 777.529 7.000
E_566 -23.258 -605.239 12.000
S_567 -17.811 -90.060 12.000
R_568 -33.508 -1015.709 17.000
A_569 0.000 185.740 13.000
R_570 -30.711 -1015.709 14.000
P_571 0.000 -195.996 12.000
Q_572 -27.150 -643.904 17.000
S_573 -17.811 -90.060 12.000
R_574 -33.508 -1015.709 17.000
P_575 0.000 -195.996 13.000
R_576 -25.574 -1015.709 10.000
L_577 0.000 679.918 5.000
P_578 0.000 -195.996 8.000
A_579 0.000 185.740 3.000
T_580 -11.867 -90.974 6.000
G_581 0.000 -27.649 6.000
T_582 -15.425 -90.974 9.000
F_583 0.000 560.542 6.000
K_584 -15.425 -818.649 9.000
A_585 0.000 185.740 6.000
K_586 -11.867 -818.649 6.000
A_587 0.000 185.740 3.000
L_588 0.000 679.918 3.000
P_589 0.000 -195.996 4.000
C_590 0.000 322.480 7.000
Q_591 -16.691 -643.904 7.000
S_592 -17.098 -90.060 11.000
P_593 0.000 -195.996 11.000
D_594 -22.253 -475.402 11.000
P_595 0.000 -195.996 8.000
E_596 -23.258 -605.239 12.000
L_597 0.000 679.918 8.000
E_598 -18.409 -605.239 8.000
A_599 0.000 185.740 7.000
G_600 0.000 -27.649 7.000
S_601 -4.441 -90.060 3.000
A_602 0.000 185.740 3.000
P_603 0.000 -195.996 7.000
V_604 0.000 613.196 4.000
Q_605 -7.878 -643.904 4.000
A_606 0.000 185.740 4.000
P_607 0.000 -195.996 4.000
L_608 0.000 679.918 0.000
A_609 0.000 185.740 0.000
L_610 0.000 679.918 0.000
V_611 0.000 613.196 4.000
P_612 0.000 -195.996 8.000
E_613 -18.409 -605.239 8.000
E_614 -23.258 -605.239 12.000
A_615 0.000 185.740 17.000
E_616 -26.485 -605.239 16.000
R_617 -32.645 -1015.709 16.000
K_618 -20.127 -818.649 16.000
E_619 -25.772 -605.239 15.000
A_620 0.000 185.740 13.000
S_621 -16.309 -90.060 10.000
S_622 -15.425 -90.060 9.000
C_623 0.000 322.480 11.000
S_624 -17.811 -90.060 12.000
Y_625 -12.518 -274.939 13.000
Q_626 -24.169 -643.904 13.000
Q_627 -25.003 -643.904 14.000
I_628 0.000 777.529 12.000
N_629 -18.409 -507.047 8.000
C_630 0.000 322.480 8.000
L_631 0.000 679.918 11.000
D_632 -16.691 -475.402 7.000
S_633 -13.255 -90.060 7.000
I_634 0.000 777.529 12.000
L_635 0.000 679.918 10.000
R_636 -19.414 -1015.709 7.000
Y_637 -11.652 -274.939 11.000
L_638 0.000 679.918 14.000
E_639 -19.866 -605.239 9.000
S_640 -17.098 -90.060 11.000
C_641 0.000 322.480 11.000
N_642 -16.691 -507.047 7.000
L_643 0.000 679.918 7.000
P_644 0.000 -195.996 10.000
S_645 -15.425 -90.060 9.000
T_646 -17.811 -90.974 12.000
T_647 -20.609 -90.974 17.000
K_648 -20.609 -818.649 17.000
R_649 -30.711 -1015.709 14.000
K_650 -17.098 -818.649 11.000
C_651 0.000 322.480 11.000
A_652 0.000 185.740 9.000
S_653 -15.425 -90.060 9.000
S_654 -17.811 -90.060 12.000
S_655 -19.059 -90.060 14.000
S_656 -19.059 -90.060 14.000
Y_657 -12.900 -274.939 14.000
T_658 -19.059 -90.974 14.000
T_659 -19.059 -90.974 14.000
S_660 -17.811 -90.060 12.000
S_661 -17.811 -90.060 12.000
A_662 0.000 185.740 13.000
S_663 -19.059 -90.060 14.000
D_664 -25.772 -475.402 15.000
D_665 -28.912 -475.402 20.000
D_666 -29.436 -475.402 21.000
R_667 -37.098 -1015.709 22.000
Q_668 -29.436 -643.904 21.000
R_669 -33.508 -1015.709 17.000
T_670 -17.811 -90.974 12.000
G_671 0.000 -27.649 8.000
P_672 0.000 -195.996 6.000
V_673 0.000 613.196 3.000
S_674 -4.441 -90.060 3.000
V_675 0.000 613.196 6.000
G_676 0.000 -27.649 9.000
T_677 -15.425 -90.974 9.000
K_678 -18.462 -818.649 13.000
K_679 -18.462 -818.649 13.000
D_680 -21.132 -475.402 10.000
P_681 0.000 -195.996 10.000
P_682 0.000 -195.996 7.000
S_683 -4.441 -90.060 3.000
A_684 0.000 185.740 3.000
A_685 0.000 185.740 6.000
L_686 0.000 679.918 3.000
S_687 -13.255 -90.060 7.000
G_688 0.000 -27.649 7.000
E_689 -16.691 -605.239 7.000
G_690 0.000 -27.649 7.000
A_691 0.000 185.740 7.000
T_692 -14.420 -90.974 8.000
P_693 0.000 -195.996 11.000
R_694 -31.716 -1015.709 15.000
K_695 -17.811 -818.649 12.000
E_696 -23.258 -605.239 12.000
P_697 0.000 -195.996 7.000
V_698 0.000 613.196 4.000
V_699 0.000 613.196 0.000
G_700 0.000 -27.649 3.000
G_701 0.000 -27.649 3.000
T_702 -11.867 -90.974 6.000
L_703 0.000 679.918 6.000
S_704 -11.867 -90.060 6.000
P_705 0.000 -195.996 3.000
L_706 0.000 679.918 3.000
A_707 0.000 185.740 0.000
L_708 0.000 679.918 4.000
A_709 0.000 185.740 7.000
N_710 -16.691 -507.047 7.000
K_711 -17.098 -818.649 11.000
A_712 0.000 185.740 14.000
E_713 -21.132 -605.239 10.000
S_714 -13.255 -90.060 7.000
V_715 0.000 613.196 10.000
V_716 0.000 613.196 6.000
S_717 -11.867 -90.060 6.000
V_718 0.000 613.196 9.000
T_719 -18.462 -90.974 13.000
S_720 -16.309 -90.060 10.000
Q_721 -24.169 -643.904 13.000
C_722 0.000 322.480 10.000
S_723 -16.309 -90.060 10.000
F_724 0.000 560.542 9.000
S_725 -17.811 -90.060 12.000
S_726 -15.425 -90.060 9.000
T_727 -15.425 -90.974 9.000
I_728 0.000 777.529 8.000
V_729 0.000 613.196 5.000
H_730 -1.718 -583.484 2.000
V_731 0.000 613.196 6.000
G_732 0.000 -27.649 9.000
D_733 -21.132 -475.402 10.000
K_734 -16.309 -818.649 10.000
K_735 -16.309 -818.649 10.000
P_736 0.000 -195.996 10.000
P_737 0.000 -195.996 10.000
E_738 -22.253 -605.239 11.000
S_739 -17.098 -90.060 11.000
D_740 -22.253 -475.402 11.000
I_741 0.000 777.529 7.000
I_742 0.000 777.529 4.000
M_743 0.000 401.769 4.000
M_744 0.000 401.769 8.000
E_745 -18.409 -605.239 8.000
D_746 -18.409 -475.402 8.000
L_747 0.000 679.918 8.000
P_748 0.000 -195.996 4.000
G_749 0.000 -27.649 0.000
L_750 0.000 679.918 0.000
A_751 0.000 185.740 0.000
P_752 0.000 -195.996 0.000
G_753 0.000 -27.649 0.000
P_754 0.000 -195.996 0.000
A_755 0.000 185.740 3.000
P_756 0.000 -195.996 3.000
S_757 -4.441 -90.060 3.000
P_758 0.000 -195.996 3.000
A_759 0.000 185.740 6.000
P_760 0.000 -195.996 3.000
S_761 -11.867 -90.060 6.000
P_762 0.000 -195.996 6.000
T_763 -11.867 -90.974 6.000
V_764 0.000 613.196 3.000
A_765 0.000 185.740 7.000
P_766 0.000 -195.996 4.000
D_767 -7.878 -475.402 4.000
P_768 0.000 -195.996 4.000
A_769 0.000 185.740 8.000
P_770 0.000 -195.996 4.000
D_771 -14.591 -475.402 6.000
A_772 0.000 185.740 11.000
Y_773 -11.652 -274.939 11.000
R_774 -19.414 -1015.709 7.000
P_775 0.000 -195.996 7.000
V_776 0.000 613.196 5.000
G_777 0.000 -27.649 3.000
L_778 0.000 679.918 6.000
T_779 -11.867 -90.974 6.000
K_780 -11.867 -818.649 6.000
A_781 0.000 185.740 6.000
V_782 0.000 613.196 6.000
L_783 0.000 679.918 3.000
S_784 -10.149 -90.060 5.000
L_785 0.000 679.918 8.000
H_786 -12.104 -583.484 12.000
T_787 -17.811 -90.974 12.000
Q_788 -26.485 -643.904 16.000
K_789 -21.060 -818.649 18.000
E_790 -28.359 -605.239 19.000
E_791 -25.772 -605.239 15.000
Q_792 -23.258 -643.904 12.000
A_793 0.000 185.740 8.000
F_794 0.000 560.542 7.000
L_795 0.000 679.918 8.000
S_796 -14.420 -90.060 8.000
R_797 -29.616 -1015.709 13.000
F_798 0.000 560.542 17.000
R_799 -30.711 -1015.709 14.000
D_800 -19.866 -475.402 9.000
L_801 0.000 679.918 14.000
G_802 0.000 -27.649 9.000
R_803 -25.574 -1015.709 10.000
L_804 0.000 679.918 10.000
R_805 -25.574 -1015.709 10.000
G_806 0.000 -27.649 9.000
L_807 0.000 679.918 12.000
D_808 -21.132 -475.402 10.000
S_809 -18.462 -90.060 13.000
S_810 -20.127 -90.060 16.000
S_811 -17.811 -90.060 12.000
T_812 -15.425 -90.974 9.000
A_813 0.000 185.740 9.000
P_814 0.000 -195.996 6.000
S_815 -4.441 -90.060 3.000
A_816 0.000 185.740 3.000
L_817 0.000 679.918 7.000
G_818 0.000 -27.649 9.000
E_819 -19.866 -605.239 9.000
R_820 -23.856 -1015.709 9.000
G_821 0.000 -27.649 11.000
C_822 0.000 322.480 9.000
H_823 -6.160 -583.484 4.000
H_824 -6.160 -583.484 4.000
G_825 0.000 -27.649 4.000
P_826 0.000 -195.996 2.000
A_827 0.000 185.740 0.000
P_828 0.000 -195.996 3.000
P_829 0.000 -195.996 8.000
S_830 -18.462 -90.060 13.000
R_831 -31.716 -1015.709 15.000
R_832 -33.508 -1015.709 17.000
H_833 -12.900 -583.484 14.000
H_834 -12.900 -583.484 14.000
C_835 0.000 322.480 12.000
R_836 -29.616 -1015.709 13.000
S_837 -17.098 -90.060 11.000
K_838 -19.059 -818.649 14.000
A_839 0.000 185.740 14.000
K_840 -19.059 -818.649 14.000
R_841 -32.645 -1015.709 16.000
S_842 -21.060 -90.060 18.000
R_843 -33.508 -1015.709 17.000
H_844 -13.586 -583.484 16.000
H_845 -13.896 -583.484 17.000
Q_846 -23.258 -643.904 12.000
N_847 -25.772 -507.047 15.000
P_848 0.000 -195.996 13.000
R_849 -29.616 -1015.709 13.000
A_850 0.000 185.740 9.000
E_851 -19.866 -605.239 9.000
A_852 0.000 185.740 4.000
P_853 0.000 -195.996 6.000
C_854 0.000 322.480 2.000
Y_855 -7.426 -274.939 5.000
V_856 0.000 613.196 7.000
S_857 -13.255 -90.060 7.000
H_858 -9.978 -583.484 8.000
P_859 0.000 -195.996 8.000
S_860 -10.149 -90.060 5.000
P_861 0.000 -195.996 3.000
V_862 0.000 613.196 3.000
P_863 0.000 -195.996 3.000
P_864 0.000 -195.996 6.000
S_865 -11.867 -90.060 6.000
T_866 -13.255 -90.974 7.000
P_867 0.000 -195.996 7.000
W_868 -4.824 -203.500 7.000
P_869 0.000 -195.996 4.000
T_870 -7.878 -90.974 4.000
P_871 0.000 -195.996 3.000
P_872 0.000 -195.996 6.000
A_873 0.000 185.740 6.000
T_874 -11.867 -90.974 6.000
T_875 -11.867 -90.974 6.000
P_876 0.000 -195.996 6.000
F_877 0.000 560.542 3.000
P_878 0.000 -195.996 0.000
A_879 0.000 185.740 0.000
V_880 0.000 613.196 4.000
V_881 0.000 613.196 4.000
Q_882 -14.591 -643.904 6.000
P_883 0.000 -195.996 6.000
Y_884 -8.431 -274.939 6.000
P_885 0.000 -195.996 2.000
L_886 0.000 679.918 2.000
P_887 0.000 -195.996 0.000
V_888 0.000 613.196 3.000
F_889 0.000 560.542 3.000
S_890 -14.420 -90.060 8.000
P_891 0.000 -195.996 8.000
R_892 -21.845 -1015.709 8.000
G_893 0.000 -27.649 5.000
G_894 0.000 -27.649 9.000
P_895 0.000 -195.996 4.000
Q_896 -7.878 -643.904 4.000
P_897 0.000 -195.996 4.000
L_898 0.000 679.918 4.000
P_899 0.000 -195.996 0.000
P_900 0.000 -195.996 0.000
A_901 0.000 185.740 3.000
P_902 0.000 -195.996 6.000
T_903 -11.867 -90.974 6.000
S_904 -11.867 -90.060 6.000
V_905 0.000 613.196 6.000
P_906 0.000 -195.996 3.000
P_907 0.000 -195.996 0.000
A_908 0.000 185.740 0.000
A_909 0.000 185.740 0.000
F_910 0.000 560.542 0.000
P_911 0.000 -195.996 0.000
A_912 0.000 185.740 0.000
P_913 0.000 -195.996 0.000
L_914 0.000 679.918 3.000
V_915 0.000 613.196 3.000
T_916 -4.441 -90.974 3.000
P_917 0.000 -195.996 3.000
M_918 0.000 401.769 3.000
V_919 0.000 613.196 0.000
A_920 0.000 185.740 0.000
L_921 0.000 679.918 0.000
V_922 0.000 613.196 0.000
L_923 0.000 679.918 4.000
P_924 0.000 -195.996 6.000
N_925 -14.591 -507.047 6.000
Y_926 -8.431 -274.939 6.000
L_927 0.000 679.918 6.000
F_928 0.000 560.542 5.000
P_929 0.000 -195.996 3.000
T_930 -11.867 -90.974 6.000
P_931 0.000 -195.996 9.000
S_932 -17.098 -90.060 11.000
S_933 -14.420 -90.060 8.000
Y_934 -11.154 -274.939 10.000
P_935 0.000 -195.996 7.000
Y_936 -6.160 -274.939 4.000
G_937 0.000 -27.649 2.000
A_938 0.000 185.740 6.000
L_939 0.000 679.918 7.000
Q_940 -16.691 -643.904 7.000
T_941 -13.255 -90.974 7.000
P_942 0.000 -195.996 11.000
A_943 0.000 185.740 7.000
E_944 -7.878 -605.239 4.000
G_945 0.000 -27.649 4.000
P_946 0.000 -195.996 7.000
P_947 0.000 -195.996 3.000
T_948 -4.441 -90.974 3.000
P_949 0.000 -195.996 6.000
A_950 0.000 185.740 8.000
S_951 -14.420 -90.060 8.000
H_952 -9.978 -583.484 8.000
S_953 -17.098 -90.060 11.000
P_954 0.000 -195.996 8.000
S_955 -15.425 -90.060 9.000
P_956 0.000 -195.996 6.000
S_957 -11.867 -90.060 6.000
L_958 0.000 679.918 3.000
P_959 0.000 -195.996 3.000
A_960 0.000 185.740 0.000
L_961 0.000 679.918 0.000
A_962 0.000 185.740 3.000
P_963 0.000 -195.996 3.000
S_964 -4.441 -90.060 3.000
P_965 0.000 -195.996 5.000
P_966 0.000 -195.996 10.000
H_967 -9.265 -583.484 7.000
R_968 -27.076 -1015.709 11.000
P_969 0.000 -195.996 14.000
D_970 -23.258 -475.402 12.000
S_971 -13.255 -90.060 7.000
P_972 0.000 -195.996 7.000
L_973 0.000 679.918 7.000
F_974 0.000 560.542 7.000
N_975 -23.258 -507.047 12.000
S_976 -17.811 -90.060 12.000
R_977 -31.716 -1015.709 15.000
C_978 0.000 322.480 14.000
S_979 -17.098 -90.060 11.000
S_980 -11.867 -90.060 6.000
P_981 0.000 -195.996 10.000
L_982 0.000 679.918 7.000
Q_983 -18.409 -643.904 8.000
L_984 0.000 679.918 8.000
N_985 -18.409 -507.047 8.000
L_986 0.000 679.918 8.000
L_987 0.000 679.918 8.000
Q_988 -18.409 -643.904 8.000
L_989 0.000 679.918 12.000
E_990 -23.258 -605.239 12.000
E_991 -18.409 -605.239 8.000
L_992 0.000 679.918 13.000
P_993 0.000 -195.996 9.000
R_994 -23.856 -1015.709 9.000
A_995 0.000 185.740 9.000
E_996 -19.866 -605.239 9.000
G_997 0.000 -27.649 4.000
A_998 0.000 185.740 4.000
A_999 0.000 185.740 0.000
V_1000 0.000 613.196 0.000
A_1001 0.000 185.740 0.000
G_1002 0.000 -27.649 0.000
G_1003 0.000 -27.649 0.000
P_1004 0.000 -195.996 3.000
G_1005 0.000 -27.649 6.000
S_1006 -11.867 -90.060 6.000
S_1007 -11.867 -90.060 6.000
A_1008 0.000 185.740 6.000
G_1009 0.000 -27.649 3.000
P_1010 0.000 -195.996 0.000
P_1011 0.000 -195.996 0.000
P_1012 0.000 -195.996 3.000
P_1013 0.000 -195.996 3.000
S_1014 -13.255 -90.060 7.000
A_1015 0.000 185.740 7.000
E_1016 -16.691 -605.239 7.000
A_1017 0.000 185.740 8.000
A_1018 0.000 185.740 8.000
E_1019 -18.409 -605.239 8.000
P_1020 0.000 -195.996 8.000
E_1021 -24.169 -605.239 13.000
A_1022 0.000 185.740 9.000
R_1023 -23.856 -1015.709 9.000
L_1024 0.000 679.918 9.000
A_1025 0.000 185.740 9.000
E_1026 -16.691 -605.239 7.000
V_1027 0.000 613.196 11.000
T_1028 -19.059 -90.974 14.000
E_1029 -24.169 -605.239 13.000
S_1030 -20.609 -90.060 17.000
S_1031 -21.060 -90.060 18.000
N_1032 -27.773 -507.047 18.000
Q_1033 -25.772 -643.904 15.000
D_1034 -23.258 -475.402 12.000
A_1035 0.000 185.740 11.000
L_1036 0.000 679.918 7.000
S_1037 -11.867 -90.060 6.000
G_1038 0.000 -27.649 9.000
S_1039 -18.462 -90.060 13.000
S_1040 -16.309 -90.060 10.000
D_1041 -21.132 -475.402 10.000
L_1042 0.000 679.918 11.000
L_1043 0.000 679.918 8.000
E_1044 -7.878 -605.239 4.000
L_1045 0.000 679.918 4.000
L_1046 0.000 679.918 8.000
L_1047 0.000 679.918 8.000
Q_1048 -23.258 -643.904 12.000
E_1049 -25.772 -605.239 15.000
D_1050 -28.912 -475.402 20.000
S_1051 -21.486 -90.060 19.000
R_1052 -31.716 -1015.709 15.000
S_1053 -19.059 -90.060 14.000
G_1054 0.000 -27.649 11.000
T_1055 -15.425 -90.974 9.000
G_1056 0.000 -27.649 6.000
S_1057 -11.867 -90.060 6.000
A_1058 0.000 185.740 6.000
A_1059 0.000 185.740 6.000
S_1060 -11.867 -90.060 6.000
G_1061 0.000 -27.649 6.000
S_1062 -11.867 -90.060 6.000
L_1063 0.000 679.918 6.000
G_1064 0.000 -27.649 6.000
S_1065 -4.441 -90.060 3.000
G_1066 0.000 -27.649 3.000
L_1067 0.000 679.918 6.000
G_1068 0.000 -27.649 3.000
S_1069 -11.867 -90.060 6.000
G_1070 0.000 -27.649 6.000
S_1071 -15.425 -90.060 9.000
G_1072 0.000 -27.649 6.000
S_1073 -15.425 -90.060 9.000
G_1074 0.000 -27.649 8.000
S_1075 -17.811 -90.060 12.000
H_1076 -10.601 -583.484 9.000
E_1077 -19.866 -605.239 9.000
G_1078 0.000 -27.649 9.000
G_1079 0.000 -27.649 10.000
S_1080 -15.425 -90.060 9.000
T_1081 -15.425 -90.974 9.000
S_1082 -17.811 -90.060 12.000
A_1083 0.000 185.740 9.000
S_1084 -15.425 -90.060 9.000
I_1085 0.000 777.529 11.000
T_1086 -19.059 -90.974 14.000
R_1087 -30.711 -1015.709 14.000
S_1088 -21.060 -90.060 18.000
S_1089 -21.060 -90.060 18.000
Q_1090 -26.485 -643.904 16.000
S_1091 -19.613 -90.060 15.000
S_1092 -19.613 -90.060 15.000
H_1093 -12.900 -583.484 14.000
T_1094 -19.059 -90.974 14.000
S_1095 -18.462 -90.060 13.000
K_1096 -17.098 -818.649 11.000
Y_1097 -9.978 -274.939 8.000
F_1098 0.000 560.542 8.000
G_1099 0.000 -27.649 5.000
S_1100 -13.255 -90.060 7.000
I_1101 0.000 777.529 10.000
D_1102 -24.169 -475.402 13.000
S_1103 -19.059 -90.060 14.000
S_1104 -19.059 -90.060 14.000
E_1105 -25.003 -605.239 14.000
A_1106 0.000 185.740 11.000
E_1107 -18.409 -605.239 8.000
A_1108 0.000 185.740 4.000
G_1109 0.000 -27.649 4.000
A_1110 0.000 185.740 5.000
A_1111 0.000 185.740 5.000
R_1112 -11.867 -1015.709 5.000
G_1113 0.000 -27.649 5.000
G_1114 0.000 -27.649 9.000
A_1115 0.000 185.740 4.000
E_1116 -7.878 -605.239 4.000
P_1117 0.000 -195.996 8.000
G_1118 0.000 -27.649 12.000
D_1119 -18.409 -475.402 8.000
Q_1120 -18.409 -643.904 8.000
V_1121 0.000 613.196 11.000
I_1122 0.000 777.529 9.000
K_1123 -10.149 -818.649 5.000
Y_1124 -7.426 -274.939 5.000
V_1125 0.000 613.196 9.000
L_1126 0.000 679.918 10.000
Q_1127 -18.409 -643.904 8.000
D_1128 -18.409 -475.402 8.000
P_1129 0.000 -195.996 9.000
I_1130 0.000 777.529 5.000
W_1131 -0.000 -203.500 1.000
L_1132 0.000 679.918 1.000
L_1133 0.000 679.918 1.000
M_1134 0.000 401.769 4.000
A_1135 0.000 185.740 4.000
N_1136 -18.409 -507.047 8.000
A_1137 0.000 185.740 12.000
D_1138 -27.150 -475.402 17.000
Q_1139 -24.169 -643.904 13.000
R_1140 -29.616 -1015.709 13.000
V_1141 0.000 613.196 9.000
M_1142 0.000 401.769 8.000
M_1143 0.000 401.769 5.000
T_1144 -15.425 -90.974 9.000
Y_1145 -10.601 -274.939 9.000
Q_1146 -19.866 -643.904 9.000
V_1147 0.000 613.196 9.000
P_1148 0.000 -195.996 12.000
S_1149 -17.811 -90.060 12.000
R_1150 -28.412 -1015.709 12.000
D_1151 -25.772 -475.402 15.000
M_1152 0.000 401.769 15.000
T_1153 -16.309 -90.974 10.000
S_1154 -11.867 -90.060 6.000
V_1155 0.000 613.196 9.000
L_1156 0.000 679.918 10.000
K_1157 -17.098 -818.649 11.000
Q_1158 -26.485 -643.904 16.000
D_1159 -28.912 -475.402 20.000
R_1160 -37.098 -1015.709 22.000
E_1161 -27.773 -605.239 18.000
R_1162 -35.072 -1015.709 19.000
L_1163 0.000 679.918 14.000
R_1164 -25.574 -1015.709 10.000
A_1165 0.000 185.740 9.000
M_1166 0.000 401.769 12.000
Q_1167 -22.253 -643.904 11.000
K_1168 -19.613 -818.649 15.000
Q_1169 -25.772 -643.904 15.000
Q_1170 -26.485 -643.904 16.000
P_1171 0.000 -195.996 13.000
R_1172 -28.412 -1015.709 12.000
F_1173 0.000 560.542 12.000
S_1174 -20.127 -90.060 16.000
E_1175 -25.772 -605.239 15.000
D_1176 -28.912 -475.402 20.000
Q_1177 -29.934 -643.904 22.000
R_1178 -37.098 -1015.709 22.000
R_1179 -34.315 -1015.709 18.000
E_1180 -25.003 -605.239 14.000
L_1181 0.000 679.918 9.000
G_1182 0.000 -27.649 4.000
A_1183 0.000 185.740 2.000
V_1184 0.000 613.196 5.000
H_1185 -8.431 -583.484 6.000
S_1186 -11.867 -90.060 6.000
W_1187 -5.944 -203.500 11.000
V_1188 0.000 613.196 12.000
R_1189 -23.856 -1015.709 9.000
K_1190 -17.811 -818.649 12.000
G_1191 0.000 -27.649 12.000
Q_1192 -16.691 -643.904 7.000
L_1193 0.000 679.918 9.000
P_1194 0.000 -195.996 9.000
R_1195 -11.867 -1015.709 5.000
A_1196 0.000 185.740 9.000
L_1197 0.000 679.918 9.000
D_1198 -7.878 -475.402 4.000
V_1199 0.000 613.196 4.000
M_1200 0.000 401.769 4.000
A_1201 0.000 185.740 0.000
C_1202 0.000 322.480 4.000
V_1203 0.000 613.196 4.000
D_1204 -7.878 -475.402 4.000
C_1205 0.000 322.480 7.000
G_1206 0.000 -27.649 10.000
S_1207 -15.425 -90.060 9.000
S_1208 -18.462 -90.060 13.000
T_1209 -20.609 -90.974 17.000
Q_1210 -25.003 -643.904 14.000
D_1211 -22.253 -475.402 11.000
P_1212 0.000 -195.996 10.000
G_1213 0.000 -27.649 6.000
H_1214 -8.431 -583.484 6.000
P_1215 0.000 -195.996 10.000
D_1216 -21.132 -475.402 10.000
D_1217 -18.409 -475.402 8.000
P_1218 0.000 -195.996 8.000
L_1219 0.000 679.918 7.000
F_1220 0.000 560.542 7.000
S_1221 -13.255 -90.060 7.000
E_1222 -22.253 -605.239 11.000
L_1223 0.000 679.918 11.000
D_1224 -18.409 -475.402 8.000
G_1225 0.000 -27.649 4.000
L_1226 0.000 679.918 4.000
G_1227 0.000 -27.649 4.000
L_1228 0.000 679.918 4.000
E_1229 -7.878 -605.239 4.000
P_1230 0.000 -195.996 8.000
M_1231 0.000 401.769 12.000
E_1232 -18.409 -605.239 8.000
E_1233 -18.409 -605.239 8.000
G_1234 0.000 -27.649 8.000
G_1235 0.000 -27.649 8.000
G_1236 0.000 -27.649 8.000
E_1237 -18.409 -605.239 8.000
Q_1238 -22.253 -643.904 11.000
G_1239 0.000 -27.649 14.000
S_1240 -16.309 -90.060 10.000
S_1241 -11.867 -90.060 6.000
G_1242 0.000 -27.649 6.000
G_1243 0.000 -27.649 6.000
G_1244 0.000 -27.649 3.000
S_1245 -13.255 -90.060 7.000
G_1246 0.000 -27.649 7.000
E_1247 -22.253 -605.239 11.000
G_1248 0.000 -27.649 8.000
E_1249 -18.409 -605.239 8.000
G_1250 0.000 -27.649 8.000
C_1251 0.000 322.480 12.000
E_1252 -18.409 -605.239 8.000
E_1253 -23.258 -605.239 12.000
A_1254 0.000 185.740 12.000
Q_1255 -18.409 -643.904 8.000
G_1256 0.000 -27.649 4.000
G_1257 0.000 -27.649 7.000
A_1258 0.000 185.740 3.000
K_1259 -11.867 -818.649 6.000
A_1260 0.000 185.740 9.000
S_1261 -17.811 -90.060 12.000
S_1262 -18.462 -90.060 13.000
S_1263 -20.609 -90.060 17.000
Q_1264 -25.003 -643.904 14.000
D_1265 -22.253 -475.402 11.000
L_1266 0.000 679.918 8.000
A_1267 0.000 185.740 8.000
M_1268 0.000 401.769 8.000
E_1269 -23.258 -605.239 12.000
E_1270 -26.485 -605.239 16.000
E_1271 -28.912 -605.239 20.000
E_1272 -26.485 -605.239 16.000
E_1273 -27.150 -605.239 17.000
G_1274 0.000 -27.649 16.000
R_1275 -31.716 -1015.709 15.000
S_1276 -19.059 -90.060 14.000
S_1277 -20.609 -90.060 17.000
S_1278 -17.811 -90.060 12.000
S_1279 -15.425 -90.060 9.000
P_1280 0.000 -195.996 6.000
A_1281 0.000 185.740 3.000
L_1282 0.000 679.918 3.000
P_1283 0.000 -195.996 3.000
T_1284 -4.441 -90.974 3.000
A_1285 0.000 185.740 7.000
G_1286 0.000 -27.649 7.000
N_1287 -16.691 -507.047 7.000
C_1288 0.000 322.480 10.000
T_1289 -16.309 -90.974 10.000
S_1290 -11.867 -90.060 6.000
