M_1 0.000 401.769 6.000
W_2 -4.441 -203.500 6.000
R_3 -16.309 -1015.709 6.000
A_4 0.000 185.740 9.000
G_5 0.000 -27.649 8.000
S_6 -11.867 -90.060 6.000
M_7 0.000 401.769 6.000
S_8 -16.309 -90.060 10.000
A_9 0.000 185.740 7.000
E_10 -16.691 -605.239 7.000
L_11 0.000 679.918 4.000
G_12 0.000 -27.649 4.000
V_13 0.000 613.196 0.000
G_14 0.000 -27.649 0.000
C_15 0.000 322.480 0.000
A_16 0.000 185.740 5.000
L_17 0.000 679.918 5.000
R_18 -11.867 -1015.709 5.000
A_19 0.000 185.740 9.000
V_20 0.000 613.196 13.000
N_21 -24.169 -507.047 13.000
E_22 -24.169 -605.239 13.000
R_23 -33.508 -1015.709 17.000
V_24 0.000 613.196 17.000
Q_25 -24.169 -643.904 13.000
Q_26 -18.409 -643.904 8.000
A_27 0.000 185.740 8.000
V_28 0.000 613.196 9.000
A_29 0.000 185.740 10.000
R_30 -25.574 -1015.709 10.000
R_31 -31.716 -1015.709 15.000
P_32 0.000 -195.996 19.000
R_33 -30.711 -1015.709 14.000
D_34 -19.866 -475.402 9.000
L_35 0.000 679.918 9.000
P_36 0.000 -195.996 4.000
A_37 0.000 185.740 4.000
I_38 0.000 777.529 4.000
Q_39 -19.866 -643.904 9.000
P_40 0.000 -195.996 9.000
R_41 -23.856 -1015.709 9.000
L_42 0.000 679.918 5.000
V_43 0.000 613.196 5.000
A_44 0.000 185.740 3.000
V_45 0.000 613.196 6.000
S_46 -15.425 -90.060 9.000
K_47 -17.811 -818.649 12.000
T_48 -17.811 -90.974 12.000
K_49 -15.425 -818.649 9.000
P_50 0.000 -195.996 10.000
A_51 0.000 185.740 7.000
D_52 -7.878 -475.402 4.000
M_53 0.000 401.769 4.000
V_54 0.000 613.196 8.000
I_55 0.000 777.529 4.000
E_56 -14.591 -605.239 6.000
A_57 0.000 185.740 6.000
Y_58 -9.978 -274.939 8.000
G_59 0.000 -27.649 4.000
H_60 -9.978 -583.484 8.000
G_61 0.000 -27.649 11.000
Q_62 -25.003 -643.904 14.000
R_63 -28.412 -1015.709 12.000
T_64 -17.811 -90.974 12.000
F_65 0.000 560.542 12.000
G_66 0.000 -27.649 11.000
E_67 -21.132 -605.239 10.000
N_68 -21.132 -507.047 10.000
Y_69 -12.900 -274.939 14.000
V_70 0.000 613.196 14.000
Q_71 -21.132 -643.904 10.000
E_72 -18.409 -605.239 8.000
L_73 0.000 679.918 12.000
L_74 0.000 679.918 11.000
E_75 -16.691 -605.239 7.000
K_76 -16.309 -818.649 10.000
A_77 0.000 185.740 14.000
S_78 -16.309 -90.060 10.000
N_79 -21.132 -507.047 10.000
P_80 0.000 -195.996 10.000
K_81 -13.255 -818.649 7.000
I_82 0.000 777.529 6.000
L_83 0.000 679.918 6.000
S_84 -4.441 -90.060 3.000
L_85 0.000 679.918 3.000
C_86 0.000 322.480 7.000
P_87 0.000 -195.996 4.000
E_88 -16.691 -605.239 7.000
I_89 0.000 777.529 8.000
K_90 -16.309 -818.649 10.000
W_91 -4.441 -203.500 6.000
H_92 -8.431 -583.484 6.000
F_93 0.000 560.542 3.000
I_94 0.000 777.529 4.000
G_95 0.000 -27.649 2.000
H_96 -8.431 -583.484 6.000
L_97 0.000 679.918 9.000
Q_98 -24.169 -643.904 13.000
K_99 -19.613 -818.649 15.000
Q_100 -25.772 -643.904 15.000
N_101 -25.772 -507.047 15.000
V_102 0.000 613.196 15.000
N_103 -22.253 -507.047 11.000
K_104 -13.255 -818.649 7.000
L_105 0.000 679.918 7.000
M_106 0.000 401.769 3.000
A_107 0.000 185.740 0.000
V_108 0.000 613.196 4.000
P_109 0.000 -195.996 4.000
N_110 -7.878 -507.047 4.000
L_111 0.000 679.918 4.000
F_112 0.000 560.542 4.000
M_113 0.000 401.769 4.000
L_114 0.000 679.918 7.000
E_115 -16.691 -605.239 7.000
T_116 -17.098 -90.974 11.000
V_117 0.000 613.196 14.000
D_118 -21.132 -475.402 10.000
S_119 -16.309 -90.060 10.000
V_120 0.000 613.196 10.000
K_121 -11.867 -818.649 6.000
L_122 0.000 679.918 7.000
A_123 0.000 185.740 10.000
D_124 -16.691 -475.402 7.000
K_125 -17.098 -818.649 11.000
V_126 0.000 613.196 14.000
N_127 -24.169 -507.047 13.000
S_128 -17.098 -90.060 11.000
S_129 -19.613 -90.060 15.000
W_130 -6.873 -203.500 16.000
Q_131 -26.485 -643.904 16.000
R_132 -29.616 -1015.709 13.000
K_133 -19.613 -818.649 15.000
G_134 0.000 -27.649 11.000
S_135 -16.309 -90.060 10.000
P_136 0.000 -195.996 12.000
E_137 -23.258 -605.239 12.000
R_138 -28.412 -1015.709 12.000
L_139 0.000 679.918 12.000
K_140 -14.420 -818.649 8.000
V_141 0.000 613.196 3.000
M_142 0.000 401.769 7.000
V_143 0.000 613.196 4.000
Q_144 -18.409 -643.904 8.000
I_145 0.000 777.529 11.000
N_146 -25.003 -507.047 14.000
T_147 -16.309 -90.974 10.000
S_148 -19.059 -90.060 14.000
G_149 0.000 -27.649 14.000
E_150 -25.003 -605.239 14.000
E_151 -25.003 -605.239 14.000
S_152 -20.127 -90.060 16.000
K_153 -17.811 -818.649 12.000
H_154 -9.978 -583.484 8.000
G_155 0.000 -27.649 5.000
L_156 0.000 679.918 2.000
P_157 0.000 -195.996 3.000
P_158 0.000 -195.996 7.000
S_159 -16.309 -90.060 10.000
E_160 -21.132 -605.239 10.000
T_161 -16.309 -90.974 10.000
I_162 0.000 777.529 7.000
A_163 0.000 185.740 3.000
I_164 0.000 777.529 4.000
V_165 0.000 613.196 6.000
E_166 -14.591 -605.239 6.000
H_167 -11.154 -583.484 10.000
I_168 0.000 777.529 10.000
N_169 -19.866 -507.047 9.000
A_170 0.000 185.740 7.000
K_171 -13.255 -818.649 7.000
C_172 0.000 322.480 7.000
P_173 0.000 -195.996 7.000
N_174 -18.409 -507.047 8.000
L_175 0.000 679.918 8.000
E_176 -18.409 -605.239 8.000
F_177 0.000 560.542 4.000
V_178 0.000 613.196 4.000
G_179 0.000 -27.649 0.000
L_180 0.000 679.918 3.000
M_181 0.000 401.769 3.000
T_182 -4.441 -90.974 3.000
I_183 0.000 777.529 6.000
G_184 0.000 -27.649 6.000
S_185 -4.441 -90.060 3.000
F_186 0.000 560.542 5.000
G_187 0.000 -27.649 9.000
H_188 -8.431 -583.484 6.000
D_189 -19.866 -475.402 9.000
L_190 0.000 679.918 13.000
S_191 -17.098 -90.060 11.000
Q_192 -16.691 -643.904 7.000
G_193 0.000 -27.649 11.000
P_194 0.000 -195.996 8.000
N_195 -18.409 -507.047 8.000
P_196 0.000 -195.996 8.000
D_197 -23.258 -475.402 12.000
F_198 0.000 560.542 8.000
Q_199 -18.409 -643.904 8.000
L_200 0.000 679.918 4.000
L_201 0.000 679.918 7.000
L_202 0.000 679.918 3.000
S_203 -14.420 -90.060 8.000
L_204 0.000 679.918 12.000
R_205 -32.645 -1015.709 16.000
E_206 -24.169 -605.239 13.000
E_207 -24.169 -605.239 13.000
L_208 0.000 679.918 11.000
C_209 0.000 322.480 10.000
K_210 -11.867 -818.649 6.000
K_211 -16.309 -818.649 10.000
L_212 0.000 679.918 10.000
N_213 -16.691 -507.047 7.000
I_214 0.000 777.529 4.000
P_215 0.000 -195.996 8.000
A_216 0.000 185.740 8.000
D_217 -18.409 -475.402 8.000
Q_218 -23.258 -643.904 12.000
V_219 0.000 613.196 12.000
E_220 -22.253 -605.239 11.000
L_221 0.000 679.918 7.000
S_222 -13.255 -90.060 7.000
M_223 0.000 401.769 3.000
G_224 0.000 -27.649 6.000
M_225 0.000 401.769 3.000
S_226 -13.255 -90.060 7.000
A_227 0.000 185.740 7.000
D_228 -22.253 -475.402 11.000
F_229 0.000 560.542 10.000
Q_230 -21.132 -643.904 10.000
H_231 -8.431 -583.484 6.000
A_232 0.000 185.740 10.000
V_233 0.000 613.196 6.000
E_234 -7.878 -605.239 4.000
V_235 0.000 613.196 7.000
G_236 0.000 -27.649 10.000
S_237 -16.309 -90.060 10.000
T_238 -16.309 -90.974 10.000
N_239 -25.772 -507.047 15.000
V_240 0.000 613.196 12.000
R_241 -23.856 -1015.709 9.000
I_242 0.000 777.529 8.000
G_243 0.000 -27.649 11.000
S_244 -11.867 -90.060 6.000
T_245 -11.867 -90.974 6.000
I_246 0.000 777.529 6.000
F_247 0.000 560.542 7.000
G_248 0.000 -27.649 9.000
E_249 -24.169 -605.239 13.000
R_250 -31.716 -1015.709 15.000
D_251 -27.773 -475.402 18.000
Y_252 -13.896 -274.939 17.000
S_253 -19.613 -90.060 15.000
K_254 -17.098 -818.649 11.000
K_255 -17.811 -818.649 12.000
P_256 0.000 -195.996 9.000
T_257 -16.309 -90.974 10.000
P_258 0.000 -195.996 10.000
D_259 -21.132 -475.402 10.000
K_260 -13.255 -818.649 7.000
C_261 0.000 322.480 7.000
A_262 0.000 185.740 7.000
A_263 0.000 185.740 4.000
D_264 -16.691 -475.402 7.000
V_265 0.000 613.196 7.000
K_266 -13.255 -818.649 7.000
A_267 0.000 185.740 3.000
P_268 0.000 -195.996 7.000
L_269 0.000 679.918 4.000
E_270 -7.878 -605.239 4.000
V_271 0.000 613.196 8.000
A_272 0.000 185.740 12.000
Q_273 -21.132 -643.904 10.000
E_274 -21.132 -605.239 10.000
H_275 -11.154 -583.484 10.000
