M_1 0.000 401.769 3.000
S_2 -13.255 -90.060 7.000
C_3 0.000 322.480 10.000
E_4 -24.169 -605.239 13.000
S_5 -16.309 -90.060 10.000
S_6 -16.309 -90.060 10.000
M_7 0.000 401.769 6.000
V_8 0.000 613.196 3.000
L_9 0.000 679.918 2.000
G_10 0.000 -27.649 3.000
Y_11 -9.265 -274.939 7.000
W_12 -4.824 -203.500 7.000
D_13 -23.258 -475.402 12.000
I_14 0.000 777.529 10.000
R_15 -23.856 -1015.709 9.000
G_16 0.000 -27.649 5.000
L_17 0.000 679.918 7.000
A_18 0.000 185.740 2.000
H_19 -1.718 -583.484 2.000
A_20 0.000 185.740 7.000
I_21 0.000 777.529 7.000
R_22 -11.867 -1015.709 5.000
L_23 0.000 679.918 5.000
L_24 0.000 679.918 9.000
L_25 0.000 679.918 4.000
E_26 -16.691 -605.239 7.000
F_27 0.000 560.542 11.000
T_28 -19.059 -90.974 14.000
D_29 -24.169 -475.402 13.000
T_30 -19.613 -90.974 15.000
S_31 -20.127 -90.060 16.000
Y_32 -13.586 -274.939 16.000
E_33 -26.485 -605.239 16.000
E_34 -27.773 -605.239 18.000
K_35 -21.060 -818.649 18.000
R_36 -33.508 -1015.709 17.000
Y_37 -12.518 -274.939 13.000
T_38 -16.309 -90.974 10.000
C_39 0.000 322.480 9.000
G_40 0.000 -27.649 7.000
E_41 -7.878 -605.239 4.000
A_42 0.000 185.740 8.000
P_43 0.000 -195.996 10.000
D_44 -21.132 -475.402 10.000
Y_45 -13.255 -274.939 15.000
D_46 -27.773 -475.402 18.000
R_47 -34.315 -1015.709 18.000
S_48 -20.609 -90.060 17.000
Q_49 -24.169 -643.904 13.000
W_50 -6.160 -203.500 12.000
L_51 0.000 679.918 9.000
D_52 -18.409 -475.402 8.000
V_53 0.000 613.196 7.000
K_54 -16.309 -818.649 10.000
F_55 0.000 560.542 6.000
K_56 -16.309 -818.649 10.000
L_57 0.000 679.918 7.000
D_58 -22.253 -475.402 11.000
L_59 0.000 679.918 8.000
D_60 -18.409 -475.402 8.000
F_61 0.000 560.542 8.000
P_62 0.000 -195.996 8.000
N_63 -7.878 -507.047 4.000
L_64 0.000 679.918 6.000
P_65 0.000 -195.996 6.000
Y_66 -1.718 -274.939 2.000
L_67 0.000 679.918 6.000
L_68 0.000 679.918 6.000
D_69 -16.691 -475.402 7.000
G_70 0.000 -27.649 11.000
K_71 -19.059 -818.649 14.000
N_72 -21.132 -507.047 10.000
K_73 -18.462 -818.649 13.000
I_74 0.000 777.529 14.000
T_75 -18.462 -90.974 13.000
Q_76 -25.003 -643.904 14.000
S_77 -19.059 -90.060 14.000
N_78 -22.253 -507.047 11.000
A_79 0.000 185.740 7.000
I_80 0.000 777.529 9.000
L_81 0.000 679.918 7.000
R_82 -19.414 -1015.709 7.000
Y_83 -9.265 -274.939 7.000
I_84 0.000 777.529 12.000
A_85 0.000 185.740 10.000
R_86 -25.574 -1015.709 10.000
K_87 -19.059 -818.649 14.000
H_88 -12.900 -583.484 14.000
N_89 -19.866 -507.047 9.000
M_90 0.000 401.769 6.000
C_91 0.000 322.480 8.000
G_92 0.000 -27.649 7.000
E_93 -22.253 -605.239 11.000
T_94 -19.613 -90.974 15.000
E_95 -28.359 -605.239 19.000
E_96 -27.773 -605.239 18.000
E_97 -25.772 -605.239 15.000
K_98 -20.127 -818.649 16.000
I_99 0.000 777.529 12.000
R_100 -28.412 -1015.709 12.000
V_101 0.000 613.196 9.000
D_102 -19.866 -475.402 9.000
I_103 0.000 777.529 8.000
I_104 0.000 777.529 12.000
E_105 -23.258 -605.239 12.000
N_106 -23.258 -507.047 12.000
Q_107 -23.258 -643.904 12.000
V_108 0.000 613.196 12.000
M_109 0.000 401.769 8.000
D_110 -19.866 -475.402 9.000
F_111 0.000 560.542 12.000
R_112 -32.645 -1015.709 16.000
T_113 -17.811 -90.974 12.000
Q_114 -23.258 -643.904 12.000
L_115 0.000 679.918 12.000
I_116 0.000 777.529 9.000
R_117 -11.867 -1015.709 5.000
L_118 0.000 679.918 7.000
C_119 0.000 322.480 10.000
Y_120 -9.978 -274.939 8.000
S_121 -17.811 -90.060 12.000
S_122 -19.059 -90.060 14.000
D_123 -26.485 -475.402 16.000
H_124 -13.586 -583.484 16.000
E_125 -24.169 -605.239 13.000
K_126 -17.811 -818.649 12.000
L_127 0.000 679.918 10.000
K_128 -16.309 -818.649 10.000
P_129 0.000 -195.996 9.000
Q_130 -19.866 -643.904 9.000
Y_131 -11.154 -274.939 10.000
L_132 0.000 679.918 14.000
E_133 -21.132 -605.239 10.000
E_134 -18.409 -605.239 8.000
L_135 0.000 679.918 8.000
P_136 0.000 -195.996 8.000
G_137 0.000 -27.649 4.000
Q_138 -16.691 -643.904 7.000
L_139 0.000 679.918 11.000
K_140 -17.098 -818.649 11.000
Q_141 -21.132 -643.904 10.000
F_142 0.000 560.542 10.000
S_143 -13.255 -90.060 7.000
M_144 0.000 401.769 3.000
F_145 0.000 560.542 3.000
L_146 0.000 679.918 3.000
G_147 0.000 -27.649 3.000
K_148 -11.867 -818.649 6.000
F_149 0.000 560.542 7.000
S_150 -13.255 -90.060 7.000
W_151 -3.436 -203.500 4.000
F_152 0.000 560.542 4.000
A_153 0.000 185.740 5.000
G_154 0.000 -27.649 7.000
E_155 -16.691 -605.239 7.000
K_156 -16.309 -818.649 10.000
L_157 0.000 679.918 10.000
T_158 -11.867 -90.974 6.000
F_159 0.000 560.542 7.000
V_160 0.000 613.196 7.000
D_161 -7.878 -475.402 4.000
F_162 0.000 560.542 7.000
L_163 0.000 679.918 9.000
T_164 -15.425 -90.974 9.000
Y_165 -10.601 -274.939 9.000
D_166 -19.866 -475.402 9.000
I_167 0.000 777.529 10.000
L_168 0.000 679.918 12.000
D_169 -23.258 -475.402 12.000
Q_170 -27.150 -643.904 17.000
N_171 -27.150 -507.047 17.000
R_172 -29.616 -1015.709 13.000
I_173 0.000 777.529 13.000
F_174 0.000 560.542 9.000
D_175 -16.691 -475.402 7.000
P_176 0.000 -195.996 7.000
K_177 -13.255 -818.649 7.000
C_178 0.000 322.480 7.000
L_179 0.000 679.918 11.000
D_180 -18.409 -475.402 8.000
E_181 -18.409 -605.239 8.000
F_182 0.000 560.542 12.000
P_183 0.000 -195.996 8.000
N_184 -16.691 -507.047 7.000
L_185 0.000 679.918 7.000
K_186 -13.255 -818.649 7.000
A_187 0.000 185.740 3.000
F_188 0.000 560.542 3.000
M_189 0.000 401.769 5.000
C_190 0.000 322.480 5.000
R_191 -23.856 -1015.709 9.000
F_192 0.000 560.542 9.000
E_193 -19.866 -605.239 9.000
A_194 0.000 185.740 8.000
L_195 0.000 679.918 11.000
E_196 -16.691 -605.239 7.000
K_197 -13.255 -818.649 7.000
I_198 0.000 777.529 7.000
A_199 0.000 185.740 5.000
A_200 0.000 185.740 2.000
Y_201 -8.431 -274.939 6.000
L_202 0.000 679.918 9.000
Q_203 -24.169 -643.904 13.000
S_204 -19.613 -90.060 15.000
D_205 -25.772 -475.402 15.000
Q_206 -22.253 -643.904 11.000
F_207 0.000 560.542 11.000
C_208 0.000 322.480 7.000
K_209 -4.441 -818.649 3.000
M_210 0.000 401.769 3.000
P_211 0.000 -195.996 7.000
I_212 0.000 777.529 8.000
N_213 -22.253 -507.047 11.000
N_214 -22.253 -507.047 11.000
K_215 -17.098 -818.649 11.000
M_216 0.000 401.769 11.000
A_217 0.000 185.740 8.000
Q_218 -11.867 -643.904 5.000
W_219 -5.447 -203.500 9.000
G_220 0.000 -27.649 12.000
N_221 -18.409 -507.047 8.000
K_222 -13.255 -818.649 7.000
P_223 0.000 -195.996 7.000
V_224 0.000 613.196 3.000
C_225 0.000 322.480 0.000
