M_1 0.000 401.769 1.000
V_2 0.000 613.196 5.000
W_3 -5.708 -203.500 10.000
D_4 -25.003 -475.402 14.000
R_5 -33.508 -1015.709 17.000
Q_6 -28.359 -643.904 19.000
T_7 -19.613 -90.974 15.000
K_8 -19.059 -818.649 14.000
M_9 0.000 401.769 12.000
E_10 -24.169 -605.239 13.000
Y_11 -11.652 -274.939 11.000
E_12 -25.003 -605.239 14.000
W_13 -5.708 -203.500 10.000
K_14 -17.811 -818.649 12.000
P_15 0.000 -195.996 12.000
D_16 -25.772 -475.402 15.000
E_17 -23.258 -605.239 12.000
Q_18 -23.258 -643.904 12.000
G_19 0.000 -27.649 12.000
L_20 0.000 679.918 12.000
Q_21 -18.409 -643.904 8.000
Q_22 -18.409 -643.904 8.000
I_23 0.000 777.529 12.000
L_24 0.000 679.918 8.000
Q_25 -7.878 -643.904 4.000
L_26 0.000 679.918 7.000
L_27 0.000 679.918 11.000
K_28 -16.309 -818.649 10.000
E_29 -25.003 -605.239 14.000
S_30 -20.609 -90.060 17.000
Q_31 -25.003 -643.904 14.000
S_32 -19.059 -90.060 14.000
P_33 0.000 -195.996 14.000
D_34 -24.169 -475.402 13.000
T_35 -16.309 -90.974 10.000
T_36 -19.059 -90.974 14.000
I_37 0.000 777.529 15.000
Q_38 -25.772 -643.904 15.000
R_39 -28.412 -1015.709 12.000
T_40 -20.127 -90.974 16.000
V_41 0.000 613.196 16.000
Q_42 -25.003 -643.904 14.000
Q_43 -22.253 -643.904 11.000
K_44 -19.613 -818.649 15.000
L_45 0.000 679.918 15.000
E_46 -22.253 -605.239 11.000
Q_47 -23.258 -643.904 12.000
L_48 0.000 679.918 16.000
N_49 -25.003 -507.047 14.000
Q_50 -21.132 -643.904 10.000
Y_51 -12.900 -274.939 14.000
P_52 0.000 -195.996 10.000
D_53 -21.132 -475.402 10.000
F_54 0.000 560.542 12.000
N_55 -25.003 -507.047 14.000
N_56 -21.132 -507.047 10.000
Y_57 -11.154 -274.939 10.000
L_58 0.000 679.918 6.000
I_59 0.000 777.529 2.000
F_60 0.000 560.542 0.000
V_61 0.000 613.196 3.000
L_62 0.000 679.918 6.000
T_63 -11.867 -90.974 6.000
K_64 -15.425 -818.649 9.000
L_65 0.000 679.918 12.000
K_66 -18.462 -818.649 13.000
S_67 -19.059 -90.060 14.000
E_68 -27.773 -605.239 18.000
D_69 -25.772 -475.402 15.000
E_70 -25.772 -605.239 15.000
P_71 0.000 -195.996 16.000
T_72 -19.613 -90.974 15.000
R_73 -27.076 -1015.709 11.000
S_74 -19.059 -90.060 14.000
L_75 0.000 679.918 11.000
S_76 -11.867 -90.060 6.000
G_77 0.000 -27.649 3.000
L_78 0.000 679.918 3.000
I_79 0.000 777.529 3.000
L_80 0.000 679.918 7.000
K_81 -17.098 -818.649 11.000
N_82 -22.253 -507.047 11.000
N_83 -25.003 -507.047 14.000
V_84 0.000 613.196 11.000
K_85 -15.425 -818.649 9.000
A_86 0.000 185.740 5.000
H_87 -10.601 -583.484 9.000
F_88 0.000 560.542 10.000
Q_89 -21.132 -643.904 10.000
N_90 -18.409 -507.047 8.000
F_91 0.000 560.542 12.000
P_92 0.000 -195.996 8.000
N_93 -7.878 -507.047 4.000
G_94 0.000 -27.649 7.000
V_95 0.000 613.196 11.000
T_96 -13.255 -90.974 7.000
D_97 -16.691 -475.402 7.000
F_98 0.000 560.542 10.000
I_99 0.000 777.529 10.000
K_100 -16.309 -818.649 10.000
S_101 -16.309 -90.060 10.000
E_102 -21.132 -605.239 10.000
C_103 0.000 322.480 11.000
L_104 0.000 679.918 12.000
N_105 -18.409 -507.047 8.000
N_106 -18.409 -507.047 8.000
I_107 0.000 777.529 12.000
G_108 0.000 -27.649 11.000
D_109 -21.132 -475.402 10.000
S_110 -16.309 -90.060 10.000
S_111 -16.309 -90.060 10.000
P_112 0.000 -195.996 6.000
L_113 0.000 679.918 8.000
I_114 0.000 777.529 5.000
R_115 -21.845 -1015.709 8.000
A_116 0.000 185.740 8.000
T_117 -14.420 -90.974 8.000
V_118 0.000 613.196 3.000
G_119 0.000 -27.649 3.000
I_120 0.000 777.529 0.000
L_121 0.000 679.918 3.000
I_122 0.000 777.529 6.000
T_123 -11.867 -90.974 6.000
T_124 -11.867 -90.974 6.000
I_125 0.000 777.529 9.000
A_126 0.000 185.740 9.000
S_127 -11.867 -90.060 6.000
K_128 -16.309 -818.649 10.000
G_129 0.000 -27.649 10.000
E_130 -22.253 -605.239 11.000
L_131 0.000 679.918 12.000
Q_132 -24.169 -643.904 13.000
N_133 -19.866 -507.047 9.000
W_134 -6.358 -203.500 13.000
P_135 0.000 -195.996 9.000
D_136 -11.867 -475.402 5.000
L_137 0.000 679.918 4.000
L_138 0.000 679.918 7.000
P_139 0.000 -195.996 3.000
K_140 -4.441 -818.649 3.000
L_141 0.000 679.918 6.000
C_142 0.000 322.480 6.000
S_143 -4.441 -90.060 3.000
L_144 0.000 679.918 7.000
L_145 0.000 679.918 10.000
D_146 -22.253 -475.402 11.000
S_147 -19.613 -90.060 15.000
E_148 -27.150 -605.239 17.000
D_149 -27.150 -475.402 17.000
Y_150 -13.896 -274.939 17.000
N_151 -24.169 -507.047 13.000
T_152 -18.462 -90.974 13.000
C_153 0.000 322.480 11.000
E_154 -16.691 -605.239 7.000
G_155 0.000 -27.649 4.000
A_156 0.000 185.740 4.000
F_157 0.000 560.542 0.000
G_158 0.000 -27.649 0.000
A_159 0.000 185.740 4.000
L_160 0.000 679.918 7.000
Q_161 -16.691 -643.904 7.000
K_162 -13.255 -818.649 7.000
I_163 0.000 777.529 11.000
C_164 0.000 322.480 11.000
E_165 -22.253 -605.239 11.000
D_166 -22.253 -475.402 11.000
S_167 -19.613 -90.060 15.000
A_168 0.000 185.740 11.000
E_169 -16.691 -605.239 7.000
I_170 0.000 777.529 8.000
L_171 0.000 679.918 11.000
D_172 -22.253 -475.402 11.000
S_173 -17.098 -90.060 11.000
D_174 -22.253 -475.402 11.000
V_175 0.000 613.196 11.000
L_176 0.000 679.918 13.000
D_177 -19.866 -475.402 9.000
R_178 -23.856 -1015.709 9.000
P_179 0.000 -195.996 13.000
L_180 0.000 679.918 9.000
N_181 -7.878 -507.047 4.000
I_182 0.000 777.529 4.000
M_183 0.000 401.769 4.000
I_184 0.000 777.529 3.000
P_185 0.000 -195.996 3.000
K_186 -4.441 -818.649 3.000
F_187 0.000 560.542 7.000
L_188 0.000 679.918 7.000
Q_189 -7.878 -643.904 4.000
F_190 0.000 560.542 7.000
F_191 0.000 560.542 9.000
K_192 -14.420 -818.649 8.000
H_193 -11.652 -583.484 11.000
S_194 -17.098 -90.060 11.000
S_195 -17.098 -90.060 11.000
P_196 0.000 -195.996 9.000
K_197 -17.098 -818.649 11.000
I_198 0.000 777.529 11.000
R_199 -29.616 -1015.709 13.000
S_200 -16.309 -90.060 10.000
H_201 -11.154 -583.484 10.000
A_202 0.000 185.740 5.000
V_203 0.000 613.196 2.000
A_204 0.000 185.740 0.000
C_205 0.000 322.480 4.000
V_206 0.000 613.196 8.000
N_207 -18.409 -507.047 8.000
Q_208 -18.409 -643.904 8.000
F_209 0.000 560.542 8.000
I_210 0.000 777.529 7.000
I_211 0.000 777.529 8.000
S_212 -17.098 -90.060 11.000
R_213 -31.716 -1015.709 15.000
T_214 -19.613 -90.974 15.000
Q_215 -23.258 -643.904 12.000
A_216 0.000 185.740 7.000
L_217 0.000 679.918 4.000
M_218 0.000 401.769 2.000
L_219 0.000 679.918 2.000
H_220 -8.431 -583.484 6.000
I_221 0.000 777.529 9.000
D_222 -19.866 -475.402 9.000
S_223 -13.255 -90.060 7.000
F_224 0.000 560.542 11.000
I_225 0.000 777.529 11.000
E_226 -18.409 -605.239 8.000
N_227 -18.409 -507.047 8.000
L_228 0.000 679.918 8.000
F_229 0.000 560.542 4.000
A_230 0.000 185.740 0.000
L_231 0.000 679.918 0.000
A_232 0.000 185.740 4.000
G_233 0.000 -27.649 8.000
D_234 -23.258 -475.402 12.000
E_235 -23.258 -605.239 12.000
E_236 -26.485 -605.239 16.000
P_237 0.000 -195.996 12.000
E_238 -24.169 -605.239 13.000
V_239 0.000 613.196 12.000
R_240 -32.645 -1015.709 16.000
K_241 -17.811 -818.649 12.000
N_242 -23.258 -507.047 12.000
V_243 0.000 613.196 12.000
C_244 0.000 322.480 9.000
R_245 -11.867 -1015.709 5.000
A_246 0.000 185.740 5.000
L_247 0.000 679.918 5.000
V_248 0.000 613.196 0.000
M_249 0.000 401.769 0.000
L_250 0.000 679.918 4.000
L_251 0.000 679.918 4.000
E_252 -19.866 -605.239 9.000
V_253 0.000 613.196 9.000
R_254 -29.616 -1015.709 13.000
M_255 0.000 401.769 14.000
D_256 -25.003 -475.402 14.000
R_257 -23.856 -1015.709 9.000
L_258 0.000 679.918 9.000
L_259 0.000 679.918 7.000
P_260 0.000 -195.996 2.000
H_261 -6.160 -583.484 4.000
M_262 0.000 401.769 8.000
H_263 -9.978 -583.484 8.000
N_264 -14.591 -507.047 6.000
I_265 0.000 777.529 10.000
V_266 0.000 613.196 10.000
E_267 -14.591 -605.239 6.000
Y_268 -8.431 -274.939 6.000
M_269 0.000 401.769 10.000
L_270 0.000 679.918 11.000
Q_271 -23.258 -643.904 12.000
R_272 -32.645 -1015.709 16.000
T_273 -21.889 -90.974 20.000
Q_274 -28.912 -643.904 20.000
D_275 -28.359 -475.402 19.000
Q_276 -28.912 -643.904 20.000
D_277 -28.912 -475.402 20.000
E_278 -26.485 -605.239 16.000
N_279 -23.258 -507.047 12.000
V_280 0.000 613.196 8.000
A_281 0.000 185.740 8.000
L_282 0.000 679.918 4.000
E_283 -7.878 -605.239 4.000
A_284 0.000 185.740 8.000
C_285 0.000 322.480 8.000
E_286 -11.867 -605.239 5.000
F_287 0.000 560.542 5.000
W_288 -5.155 -203.500 8.000
L_289 0.000 679.918 4.000
T_290 -7.878 -90.974 4.000
L_291 0.000 679.918 7.000
A_292 0.000 185.740 11.000
E_293 -18.409 -605.239 8.000
Q_294 -18.409 -643.904 8.000
P_295 0.000 -195.996 8.000
I_296 0.000 777.529 7.000
C_297 0.000 322.480 7.000
K_298 -13.255 -818.649 7.000
D_299 -16.691 -475.402 7.000
V_300 0.000 613.196 7.000
L_301 0.000 679.918 9.000
V_302 0.000 613.196 7.000
R_303 -19.414 -1015.709 7.000
H_304 -9.265 -583.484 7.000
L_305 0.000 679.918 10.000
P_306 0.000 -195.996 5.000
K_307 -4.441 -818.649 3.000
L_308 0.000 679.918 3.000
I_309 0.000 777.529 3.000
P_310 0.000 -195.996 0.000
V_311 0.000 613.196 0.000
L_312 0.000 679.918 4.000
V_313 0.000 613.196 4.000
N_314 -7.878 -507.047 4.000
G_315 0.000 -27.649 7.000
M_316 0.000 401.769 9.000
K_317 -14.420 -818.649 8.000
Y_318 -12.104 -274.939 12.000
S_319 -17.811 -90.060 12.000
D_320 -24.169 -475.402 13.000
I_321 0.000 777.529 11.000
D_322 -18.409 -475.402 8.000
I_323 0.000 777.529 4.000
I_324 0.000 777.529 4.000
L_325 0.000 679.918 3.000
L_326 0.000 679.918 3.000
K_327 -13.255 -818.649 7.000
G_328 0.000 -27.649 7.000
D_329 -22.253 -475.402 11.000
V_330 0.000 613.196 12.000
E_331 -26.485 -605.239 16.000
E_332 -26.485 -605.239 16.000
D_333 -28.359 -475.402 19.000
E_334 -25.772 -605.239 15.000
T_335 -17.098 -90.974 11.000
I_336 0.000 777.529 11.000
P_337 0.000 -195.996 10.000
D_338 -22.253 -475.402 11.000
S_339 -19.613 -90.060 15.000
E_340 -28.359 -605.239 19.000
Q_341 -25.772 -643.904 15.000
D_342 -27.150 -475.402 17.000
I_343 0.000 777.529 13.000
R_344 -30.711 -1015.709 14.000
P_345 0.000 -195.996 10.000
R_346 -28.412 -1015.709 12.000
F_347 0.000 560.542 12.000
H_348 -13.255 -583.484 15.000
R_349 -31.716 -1015.709 15.000
S_350 -21.060 -90.060 18.000
R_351 -32.645 -1015.709 16.000
T_352 -17.098 -90.974 11.000
V_353 0.000 613.196 12.000
A_354 0.000 185.740 11.000
Q_355 -21.132 -643.904 10.000
Q_356 -25.003 -643.904 14.000
H_357 -14.188 -583.484 18.000
D_358 -27.773 -475.402 18.000
E_359 -25.003 -605.239 14.000
D_360 -23.258 -475.402 12.000
G_361 0.000 -27.649 12.000
I_362 0.000 777.529 12.000
E_363 -23.258 -605.239 12.000
E_364 -26.485 -605.239 16.000
E_365 -28.912 -605.239 20.000
D_366 -28.912 -475.402 20.000
D_367 -28.912 -475.402 20.000
D_368 -28.912 -475.402 20.000
D_369 -28.912 -475.402 20.000
D_370 -26.485 -475.402 16.000
E_371 -26.485 -605.239 16.000
I_372 0.000 777.529 16.000
D_373 -26.485 -475.402 16.000
D_374 -26.485 -475.402 16.000
D_375 -28.359 -475.402 19.000
D_376 -25.772 -475.402 15.000
T_377 -19.059 -90.974 14.000
I_378 0.000 777.529 14.000
S_379 -17.098 -90.060 11.000
D_380 -23.258 -475.402 12.000
W_381 -6.160 -203.500 12.000
N_382 -25.003 -507.047 14.000
L_383 0.000 679.918 13.000
R_384 -28.412 -1015.709 12.000
K_385 -17.098 -818.649 11.000
C_386 0.000 322.480 11.000
S_387 -11.867 -90.060 6.000
A_388 0.000 185.740 3.000
A_389 0.000 185.740 3.000
A_390 0.000 185.740 4.000
L_391 0.000 679.918 4.000
D_392 -7.878 -475.402 4.000
V_393 0.000 613.196 4.000
L_394 0.000 679.918 8.000
A_395 0.000 185.740 4.000
N_396 -14.591 -507.047 6.000
V_397 0.000 613.196 11.000
Y_398 -13.255 -274.939 15.000
R_399 -31.716 -1015.709 15.000
D_400 -25.772 -475.402 15.000
E_401 -24.169 -605.239 13.000
L_402 0.000 679.918 8.000
L_403 0.000 679.918 6.000
P_404 0.000 -195.996 2.000
H_405 -1.718 -583.484 2.000
I_406 0.000 777.529 2.000
L_407 0.000 679.918 2.000
P_408 0.000 -195.996 0.000
L_409 0.000 679.918 3.000
L_410 0.000 679.918 7.000
K_411 -13.255 -818.649 7.000
E_412 -16.691 -605.239 7.000
L_413 0.000 679.918 7.000
L_414 0.000 679.918 6.000
F_415 0.000 560.542 4.000
H_416 -9.978 -583.484 8.000
H_417 -10.601 -583.484 9.000
E_418 -19.866 -605.239 9.000
W_419 -4.824 -203.500 7.000
V_420 0.000 613.196 8.000
V_421 0.000 613.196 8.000
K_422 -16.309 -818.649 10.000
E_423 -21.132 -605.239 10.000
S_424 -16.309 -90.060 10.000
G_425 0.000 -27.649 7.000
I_426 0.000 777.529 3.000
L_427 0.000 679.918 0.000
V_428 0.000 613.196 0.000
L_429 0.000 679.918 0.000
G_430 0.000 -27.649 0.000
A_431 0.000 185.740 0.000
I_432 0.000 777.529 4.000
A_433 0.000 185.740 4.000
E_434 -7.878 -605.239 4.000
G_435 0.000 -27.649 4.000
C_436 0.000 322.480 8.000
M_437 0.000 401.769 4.000
Q_438 -7.878 -643.904 4.000
G_439 0.000 -27.649 4.000
M_440 0.000 401.769 4.000
I_441 0.000 777.529 2.000
P_442 0.000 -195.996 2.000
Y_443 -1.718 -274.939 2.000
L_444 0.000 679.918 6.000
P_445 0.000 -195.996 6.000
E_446 -7.878 -605.239 4.000
L_447 0.000 679.918 4.000
I_448 0.000 777.529 6.000
P_449 0.000 -195.996 2.000
H_450 -1.718 -583.484 2.000
L_451 0.000 679.918 6.000
I_452 0.000 777.529 6.000
Q_453 -7.878 -643.904 4.000
C_454 0.000 322.480 7.000
L_455 0.000 679.918 11.000
S_456 -16.309 -90.060 10.000
D_457 -24.169 -475.402 13.000
K_458 -18.462 -818.649 13.000
K_459 -16.309 -818.649 10.000
A_460 0.000 185.740 6.000
L_461 0.000 679.918 8.000
V_462 0.000 613.196 8.000
R_463 -21.845 -1015.709 8.000
S_464 -17.098 -90.060 11.000
I_465 0.000 777.529 11.000
T_466 -13.255 -90.974 7.000
C_467 0.000 322.480 7.000
W_468 -4.824 -203.500 7.000
T_469 -13.255 -90.974 7.000
L_470 0.000 679.918 12.000
S_471 -18.462 -90.060 13.000
R_472 -25.574 -1015.709 10.000
Y_473 -12.104 -274.939 12.000
A_474 0.000 185.740 10.000
H_475 -7.426 -583.484 5.000
W_476 -2.723 -203.500 3.000
V_477 0.000 613.196 6.000
V_478 0.000 613.196 8.000
S_479 -13.255 -90.060 7.000
Q_480 -16.691 -643.904 7.000
P_481 0.000 -195.996 11.000
P_482 0.000 -195.996 11.000
D_483 -19.866 -475.402 9.000
T_484 -15.425 -90.974 9.000
Y_485 -12.104 -274.939 12.000
L_486 0.000 679.918 8.000
K_487 -10.149 -818.649 5.000
P_488 0.000 -195.996 3.000
L_489 0.000 679.918 6.000
M_490 0.000 401.769 7.000
T_491 -13.255 -90.974 7.000
E_492 -16.691 -605.239 7.000
L_493 0.000 679.918 10.000
L_494 0.000 679.918 12.000
K_495 -14.420 -818.649 8.000
R_496 -21.845 -1015.709 8.000
I_497 0.000 777.529 12.000
L_498 0.000 679.918 12.000
D_499 -22.253 -475.402 11.000
S_500 -19.059 -90.060 14.000
N_501 -28.359 -507.047 19.000
K_502 -19.613 -818.649 15.000
R_503 -32.645 -1015.709 16.000
V_504 0.000 613.196 16.000
Q_505 -24.169 -643.904 13.000
E_506 -18.409 -605.239 8.000
A_507 0.000 185.740 8.000
A_508 0.000 185.740 7.000
C_509 0.000 322.480 3.000
S_510 -4.441 -90.060 3.000
A_511 0.000 185.740 3.000
F_512 0.000 560.542 6.000
A_513 0.000 185.740 3.000
T_514 -13.255 -90.974 7.000
L_515 0.000 679.918 11.000
E_516 -25.772 -605.239 15.000
E_517 -23.258 -605.239 12.000
E_518 -23.258 -605.239 12.000
A_519 0.000 185.740 11.000
C_520 0.000 322.480 11.000
T_521 -13.255 -90.974 7.000
E_522 -16.691 -605.239 7.000
L_523 0.000 679.918 7.000
V_524 0.000 613.196 6.000
P_525 0.000 -195.996 2.000
Y_526 -1.718 -274.939 2.000
L_527 0.000 679.918 4.000
A_528 0.000 185.740 4.000
Y_529 -1.718 -274.939 2.000
I_530 0.000 777.529 6.000
L_531 0.000 679.918 9.000
D_532 -16.691 -475.402 7.000
T_533 -13.255 -90.974 7.000
L_534 0.000 679.918 7.000
V_535 0.000 613.196 3.000
F_536 0.000 560.542 0.000
A_537 0.000 185.740 3.000
F_538 0.000 560.542 6.000
S_539 -14.420 -90.060 8.000
K_540 -17.811 -818.649 12.000
Y_541 -12.900 -274.939 14.000
Q_542 -25.003 -643.904 14.000
H_543 -13.255 -583.484 15.000
K_544 -18.462 -818.649 13.000
N_545 -19.866 -507.047 9.000
L_546 0.000 679.918 7.000
L_547 0.000 679.918 4.000
I_548 0.000 777.529 2.000
L_549 0.000 679.918 6.000
Y_550 -8.431 -274.939 6.000
D_551 -14.591 -475.402 6.000
A_552 0.000 185.740 6.000
I_553 0.000 777.529 7.000
G_554 0.000 -27.649 3.000
T_555 -4.441 -90.974 3.000
L_556 0.000 679.918 7.000
A_557 0.000 185.740 10.000
D_558 -16.691 -475.402 7.000
S_559 -13.255 -90.060 7.000
V_560 0.000 613.196 9.000
G_561 0.000 -27.649 7.000
H_562 -6.160 -583.484 4.000
H_563 -9.978 -583.484 8.000
L_564 0.000 679.918 11.000
N_565 -19.866 -507.047 9.000
K_566 -17.098 -818.649 11.000
P_567 0.000 -195.996 13.000
E_568 -19.866 -605.239 9.000
Y_569 -11.154 -274.939 10.000
I_570 0.000 777.529 10.000
Q_571 -14.591 -643.904 6.000
M_572 0.000 401.769 4.000
L_573 0.000 679.918 4.000
M_574 0.000 401.769 0.000
P_575 0.000 -195.996 0.000
P_576 0.000 -195.996 0.000
L_577 0.000 679.918 4.000
I_578 0.000 777.529 7.000
Q_579 -18.409 -643.904 8.000
K_580 -17.811 -818.649 12.000
W_581 -6.160 -203.500 12.000
N_582 -18.409 -507.047 8.000
M_583 0.000 401.769 8.000
L_584 0.000 679.918 11.000
K_585 -17.098 -818.649 11.000
D_586 -25.772 -475.402 15.000
E_587 -27.773 -605.239 18.000
D_588 -28.359 -475.402 19.000
K_589 -19.613 -818.649 15.000
D_590 -22.253 -475.402 11.000
L_591 0.000 679.918 7.000
F_592 0.000 560.542 4.000
P_593 0.000 -195.996 0.000
L_594 0.000 679.918 4.000
L_595 0.000 679.918 4.000
E_596 -7.878 -605.239 4.000
C_597 0.000 322.480 7.000
L_598 0.000 679.918 10.000
S_599 -11.867 -90.060 6.000
S_600 -11.867 -90.060 6.000
V_601 0.000 613.196 9.000
A_602 0.000 185.740 6.000
T_603 -4.441 -90.974 3.000
A_604 0.000 185.740 7.000
L_605 0.000 679.918 10.000
Q_606 -16.691 -643.904 7.000
S_607 -13.255 -90.060 7.000
G_608 0.000 -27.649 7.000
F_609 0.000 560.542 3.000
L_610 0.000 679.918 2.000
P_611 0.000 -195.996 2.000
Y_612 -8.431 -274.939 6.000
C_613 0.000 322.480 6.000
E_614 -14.591 -605.239 6.000
P_615 0.000 -195.996 6.000
V_616 0.000 613.196 10.000
Y_617 -11.652 -274.939 11.000
Q_618 -22.253 -643.904 11.000
R_619 -27.076 -1015.709 11.000
C_620 0.000 322.480 13.000
V_621 0.000 613.196 9.000
N_622 -7.878 -507.047 4.000
L_623 0.000 679.918 8.000
V_624 0.000 613.196 11.000
Q_625 -21.132 -643.904 10.000
K_626 -16.309 -818.649 10.000
T_627 -16.309 -90.974 10.000
L_628 0.000 679.918 10.000
A_629 0.000 185.740 7.000
Q_630 -7.878 -643.904 4.000
A_631 0.000 185.740 4.000
M_632 0.000 401.769 8.000
L_633 0.000 679.918 8.000
N_634 -18.409 -507.047 8.000
N_635 -23.258 -507.047 12.000
A_636 0.000 185.740 12.000
Q_637 -23.258 -643.904 12.000
P_638 0.000 -195.996 12.000
D_639 -25.003 -475.402 14.000
Q_640 -25.003 -643.904 14.000
Y_641 -12.900 -274.939 14.000
E_642 -21.132 -605.239 10.000
A_643 0.000 185.740 10.000
P_644 0.000 -195.996 11.000
D_645 -22.253 -475.402 11.000
K_646 -17.098 -818.649 11.000
D_647 -22.253 -475.402 11.000
F_648 0.000 560.542 7.000
M_649 0.000 401.769 4.000
I_650 0.000 777.529 0.000
V_651 0.000 613.196 0.000
A_652 0.000 185.740 4.000
L_653 0.000 679.918 4.000
D_654 -7.878 -475.402 4.000
L_655 0.000 679.918 7.000
L_656 0.000 679.918 7.000
S_657 -4.441 -90.060 3.000
G_658 0.000 -27.649 3.000
L_659 0.000 679.918 7.000
A_660 0.000 185.740 4.000
E_661 -7.878 -605.239 4.000
G_662 0.000 -27.649 4.000
L_663 0.000 679.918 4.000
G_664 0.000 -27.649 4.000
G_665 0.000 -27.649 4.000
N_666 -18.409 -507.047 8.000
I_667 0.000 777.529 12.000
E_668 -23.258 -605.239 12.000
Q_669 -18.409 -643.904 8.000
L_670 0.000 679.918 8.000
V_671 0.000 613.196 9.000
A_672 0.000 185.740 8.000
R_673 -28.412 -1015.709 12.000
S_674 -17.811 -90.060 12.000
N_675 -23.258 -507.047 12.000
I_676 0.000 777.529 10.000
L_677 0.000 679.918 7.000
T_678 -4.441 -90.974 3.000
L_679 0.000 679.918 5.000
M_680 0.000 401.769 9.000
Y_681 -8.431 -274.939 6.000
Q_682 -14.591 -643.904 6.000
C_683 0.000 322.480 10.000
M_684 0.000 401.769 12.000
Q_685 -22.253 -643.904 11.000
D_686 -22.253 -475.402 11.000
K_687 -17.098 -818.649 11.000
M_688 0.000 401.769 11.000
P_689 0.000 -195.996 7.000
E_690 -19.866 -605.239 9.000
V_691 0.000 613.196 13.000
R_692 -32.645 -1015.709 16.000
Q_693 -25.772 -643.904 15.000
S_694 -19.613 -90.060 15.000
S_695 -16.309 -90.060 10.000
F_696 0.000 560.542 6.000
A_697 0.000 185.740 3.000
L_698 0.000 679.918 0.000
L_699 0.000 679.918 4.000
G_700 0.000 -27.649 4.000
D_701 -16.691 -475.402 7.000
L_702 0.000 679.918 10.000
T_703 -16.309 -90.974 10.000
K_704 -11.867 -818.649 6.000
A_705 0.000 185.740 6.000
C_706 0.000 322.480 7.000
F_707 0.000 560.542 6.000
Q_708 -14.591 -643.904 6.000
H_709 -10.601 -583.484 9.000
V_710 0.000 613.196 9.000
K_711 -10.149 -818.649 5.000
P_712 0.000 -195.996 3.000
C_713 0.000 322.480 3.000
I_714 0.000 777.529 4.000
A_715 0.000 185.740 4.000
D_716 -7.878 -475.402 4.000
F_717 0.000 560.542 4.000
M_718 0.000 401.769 4.000
P_719 0.000 -195.996 0.000
I_720 0.000 777.529 0.000
L_721 0.000 679.918 3.000
G_722 0.000 -27.649 7.000
T_723 -13.255 -90.974 7.000
N_724 -22.253 -507.047 11.000
L_725 0.000 679.918 11.000
N_726 -23.258 -507.047 12.000
P_727 0.000 -195.996 8.000
E_728 -18.409 -605.239 8.000
F_729 0.000 560.542 7.000
I_730 0.000 777.529 7.000
S_731 -4.441 -90.060 3.000
V_732 0.000 613.196 7.000
C_733 0.000 322.480 11.000
N_734 -18.409 -507.047 8.000
N_735 -22.253 -507.047 11.000
A_736 0.000 185.740 12.000
T_737 -14.420 -90.974 8.000
W_738 -3.436 -203.500 4.000
A_739 0.000 185.740 4.000
I_740 0.000 777.529 5.000
G_741 0.000 -27.649 4.000
E_742 -16.691 -605.239 7.000
I_743 0.000 777.529 7.000
S_744 -17.098 -90.060 11.000
I_745 0.000 777.529 7.000
Q_746 -16.691 -643.904 7.000
M_747 0.000 401.769 4.000
G_748 0.000 -27.649 8.000
I_749 0.000 777.529 4.000
E_750 -18.409 -605.239 8.000
M_751 0.000 401.769 8.000
Q_752 -21.132 -643.904 10.000
P_753 0.000 -195.996 6.000
Y_754 -8.431 -274.939 6.000
I_755 0.000 777.529 2.000
P_756 0.000 -195.996 2.000
M_757 0.000 401.769 0.000
V_758 0.000 613.196 2.000
L_759 0.000 679.918 6.000
H_760 -8.431 -583.484 6.000
Q_761 -14.591 -643.904 6.000
L_762 0.000 679.918 10.000
V_763 0.000 613.196 8.000
E_764 -7.878 -605.239 4.000
I_765 0.000 777.529 8.000
I_766 0.000 777.529 13.000
N_767 -19.866 -507.047 9.000
R_768 -29.616 -1015.709 13.000
P_769 0.000 -195.996 16.000
N_770 -23.258 -507.047 12.000
T_771 -16.309 -90.974 10.000
P_772 0.000 -195.996 13.000
K_773 -15.425 -818.649 9.000
T_774 -11.867 -90.974 6.000
L_775 0.000 679.918 10.000
L_776 0.000 679.918 11.000
E_777 -22.253 -605.239 11.000
N_778 -22.253 -507.047 11.000
T_779 -17.098 -90.974 11.000
A_780 0.000 185.740 10.000
I_781 0.000 777.529 6.000
T_782 -4.441 -90.974 3.000
I_783 0.000 777.529 8.000
G_784 0.000 -27.649 8.000
R_785 -11.867 -1015.709 5.000
L_786 0.000 679.918 7.000
G_787 0.000 -27.649 7.000
Y_788 -1.718 -274.939 2.000
V_789 0.000 613.196 2.000
C_790 0.000 322.480 6.000
P_791 0.000 -195.996 8.000
Q_792 -18.409 -643.904 8.000
E_793 -18.409 -605.239 8.000
V_794 0.000 613.196 8.000
A_795 0.000 185.740 4.000
P_796 0.000 -195.996 0.000
M_797 0.000 401.769 4.000
L_798 0.000 679.918 8.000
Q_799 -18.409 -643.904 8.000
Q_800 -18.409 -643.904 8.000
F_801 0.000 560.542 13.000
I_802 0.000 777.529 9.000
R_803 -16.309 -1015.709 6.000
P_804 0.000 -195.996 6.000
W_805 -5.447 -203.500 9.000
C_806 0.000 322.480 7.000
T_807 -13.255 -90.974 7.000
S_808 -17.098 -90.060 11.000
L_809 0.000 679.918 15.000
R_810 -28.412 -1015.709 12.000
N_811 -25.003 -507.047 14.000
I_812 0.000 777.529 18.000
R_813 -33.508 -1015.709 17.000
D_814 -27.150 -475.402 17.000
N_815 -29.436 -507.047 21.000
E_816 -28.359 -605.239 19.000
E_817 -28.359 -605.239 19.000
K_818 -21.060 -818.649 18.000
D_819 -25.003 -475.402 14.000
S_820 -16.309 -90.060 10.000
A_821 0.000 185.740 12.000
F_822 0.000 560.542 8.000
R_823 -11.867 -1015.709 5.000
G_824 0.000 -27.649 5.000
I_825 0.000 777.529 8.000
C_826 0.000 322.480 3.000
T_827 -4.441 -90.974 3.000
M_828 0.000 401.769 6.000
I_829 0.000 777.529 6.000
S_830 -13.255 -90.060 7.000
V_831 0.000 613.196 7.000
N_832 -21.132 -507.047 10.000
P_833 0.000 -195.996 7.000
S_834 -13.255 -90.060 7.000
G_835 0.000 -27.649 3.000
V_836 0.000 613.196 7.000
I_837 0.000 777.529 8.000
Q_838 -18.409 -643.904 8.000
D_839 -18.409 -475.402 8.000
F_840 0.000 560.542 8.000
I_841 0.000 777.529 4.000
F_842 0.000 560.542 0.000
F_843 0.000 560.542 4.000
C_844 0.000 322.480 4.000
D_845 -7.878 -475.402 4.000
A_846 0.000 185.740 4.000
V_847 0.000 613.196 7.000
A_848 0.000 185.740 4.000
S_849 -7.878 -90.060 4.000
W_850 -5.155 -203.500 8.000
I_851 0.000 777.529 8.000
N_852 -18.409 -507.047 8.000
P_853 0.000 -195.996 11.000
K_854 -19.613 -818.649 15.000
D_855 -22.253 -475.402 11.000
D_856 -26.485 -475.402 16.000
L_857 0.000 679.918 17.000
R_858 -29.616 -1015.709 13.000
D_859 -19.866 -475.402 9.000
M_860 0.000 401.769 9.000
F_861 0.000 560.542 7.000
C_862 0.000 322.480 3.000
K_863 -4.441 -818.649 3.000
I_864 0.000 777.529 5.000
L_865 0.000 679.918 5.000
H_866 -1.718 -583.484 2.000
G_867 0.000 -27.649 5.000
F_868 0.000 560.542 9.000
K_869 -17.098 -818.649 11.000
N_870 -22.253 -507.047 11.000
Q_871 -22.253 -643.904 11.000
V_872 0.000 613.196 12.000
G_873 0.000 -27.649 12.000
D_874 -23.258 -475.402 12.000
E_875 -24.169 -605.239 13.000
N_876 -27.773 -507.047 18.000
W_877 -7.299 -203.500 19.000
R_878 -31.716 -1015.709 15.000
R_879 -30.711 -1015.709 14.000
F_880 0.000 560.542 17.000
S_881 -20.127 -90.060 16.000
D_882 -22.253 -475.402 11.000
Q_883 -22.253 -643.904 11.000
F_884 0.000 560.542 8.000
P_885 0.000 -195.996 4.000
L_886 0.000 679.918 0.000
P_887 0.000 -195.996 3.000
L_888 0.000 679.918 7.000
K_889 -17.811 -818.649 12.000
E_890 -23.258 -605.239 12.000
R_891 -28.412 -1015.709 12.000
L_892 0.000 679.918 9.000
A_893 0.000 185.740 5.000
A_894 0.000 185.740 2.000
F_895 0.000 560.542 2.000
Y_896 -1.718 -274.939 2.000
G_897 0.000 -27.649 2.000
V_898 0.000 613.196 2.000
