M_1 0.000 401.769 2.000
H_2 -1.718 -583.484 2.000
P_3 0.000 -195.996 2.000
L_4 0.000 679.918 2.000
P_5 0.000 -195.996 2.000
G_6 0.000 -27.649 3.000
Y_7 -8.431 -274.939 6.000
W_8 -4.441 -203.500 6.000
S_9 -14.420 -90.060 8.000
C_10 0.000 322.480 6.000
Y_11 -7.426 -274.939 5.000
C_12 0.000 322.480 2.000
L_13 0.000 679.918 2.000
L_14 0.000 679.918 0.000
L_15 0.000 679.918 0.000
L_16 0.000 679.918 3.000
F_17 0.000 560.542 3.000
S_18 -4.441 -90.060 3.000
L_19 0.000 679.918 3.000
G_20 0.000 -27.649 7.000
V_21 0.000 613.196 4.000
Q_22 -16.691 -643.904 7.000
G_23 0.000 -27.649 7.000
S_24 -13.255 -90.060 7.000
L_25 0.000 679.918 3.000
G_26 0.000 -27.649 3.000
A_27 0.000 185.740 3.000
P_28 0.000 -195.996 3.000
S_29 -4.441 -90.060 3.000
A_30 0.000 185.740 3.000
A_31 0.000 185.740 7.000
P_32 0.000 -195.996 8.000
E_33 -18.409 -605.239 8.000
Q_34 -21.132 -643.904 10.000
V_35 0.000 613.196 10.000
H_36 -10.601 -583.484 9.000
L_37 0.000 679.918 7.000
S_38 -13.255 -90.060 7.000
Y_39 -7.426 -274.939 5.000
P_40 0.000 -195.996 9.000
G_41 0.000 -27.649 6.000
E_42 -7.878 -605.239 4.000
P_43 0.000 -195.996 7.000
G_44 0.000 -27.649 7.000
S_45 -11.867 -90.060 6.000
M_46 0.000 401.769 6.000
T_47 -15.425 -90.974 9.000
V_48 0.000 613.196 7.000
T_49 -16.309 -90.974 10.000
W_50 -5.708 -203.500 10.000
T_51 -17.098 -90.974 11.000
T_52 -14.420 -90.974 8.000
W_53 -4.824 -203.500 7.000
V_54 0.000 613.196 7.000
P_55 0.000 -195.996 9.000
T_56 -17.098 -90.974 11.000
R_57 -31.716 -1015.709 15.000
S_58 -19.613 -90.060 15.000
E_59 -26.485 -605.239 16.000
V_60 0.000 613.196 11.000
Q_61 -18.409 -643.904 8.000
F_62 0.000 560.542 4.000
G_63 0.000 -27.649 8.000
L_64 0.000 679.918 4.000
Q_65 -16.691 -643.904 7.000
P_66 0.000 -195.996 7.000
S_67 -13.255 -90.060 7.000
G_68 0.000 -27.649 3.000
P_69 0.000 -195.996 3.000
L_70 0.000 679.918 0.000
P_71 0.000 -195.996 5.000
L_72 0.000 679.918 5.000
R_73 -23.856 -1015.709 9.000
A_74 0.000 185.740 9.000
Q_75 -23.258 -643.904 12.000
G_76 0.000 -27.649 7.000
T_77 -13.255 -90.974 7.000
F_78 0.000 560.542 3.000
V_79 0.000 613.196 3.000
P_80 0.000 -195.996 0.000
F_81 0.000 560.542 4.000
V_82 0.000 613.196 4.000
D_83 -7.878 -475.402 4.000
G_84 0.000 -27.649 4.000
G_85 0.000 -27.649 4.000
I_86 0.000 777.529 5.000
L_87 0.000 679.918 10.000
R_88 -29.616 -1015.709 13.000
R_89 -29.616 -1015.709 13.000
K_90 -19.613 -818.649 15.000
L_91 0.000 679.918 10.000
Y_92 -9.265 -274.939 7.000
I_93 0.000 777.529 9.000
H_94 -10.601 -583.484 9.000
R_95 -25.574 -1015.709 10.000
V_96 0.000 613.196 10.000
T_97 -18.462 -90.974 13.000
L_98 0.000 679.918 11.000
R_99 -27.076 -1015.709 11.000
K_100 -14.420 -818.649 8.000
L_101 0.000 679.918 8.000
L_102 0.000 679.918 3.000
P_103 0.000 -195.996 0.000
G_104 0.000 -27.649 4.000
V_105 0.000 613.196 6.000
Q_106 -14.591 -643.904 6.000
Y_107 -9.978 -274.939 8.000
V_108 0.000 613.196 13.000
Y_109 -10.601 -274.939 9.000
R_110 -19.414 -1015.709 7.000
C_111 0.000 322.480 10.000
G_112 0.000 -27.649 8.000
S_113 -13.255 -90.060 7.000
A_114 0.000 185.740 7.000
Q_115 -18.409 -643.904 8.000
G_116 0.000 -27.649 8.000
W_117 -6.358 -203.500 13.000
S_118 -19.059 -90.060 14.000
R_119 -30.711 -1015.709 14.000
R_120 -34.315 -1015.709 18.000
F_121 0.000 560.542 15.000
R_122 -31.716 -1015.709 15.000
F_123 0.000 560.542 10.000
R_124 -25.574 -1015.709 10.000
A_125 0.000 185.740 8.000
L_126 0.000 679.918 12.000
K_127 -13.255 -818.649 7.000
N_128 -16.691 -507.047 7.000
G_129 0.000 -27.649 9.000
A_130 0.000 185.740 7.000
H_131 -8.431 -583.484 6.000
W_132 -4.441 -203.500 6.000
S_133 -17.098 -90.060 11.000
P_134 0.000 -195.996 9.000
R_135 -21.845 -1015.709 8.000
L_136 0.000 679.918 5.000
A_137 0.000 185.740 5.000
V_138 0.000 613.196 0.000
F_139 0.000 560.542 4.000
G_140 0.000 -27.649 4.000
D_141 -7.878 -475.402 4.000
L_142 0.000 679.918 4.000
G_143 0.000 -27.649 8.000
A_144 0.000 185.740 8.000
D_145 -18.409 -475.402 8.000
N_146 -22.253 -507.047 11.000
P_147 0.000 -195.996 11.000
K_148 -13.255 -818.649 7.000
A_149 0.000 185.740 3.000
V_150 0.000 613.196 8.000
P_151 0.000 -195.996 5.000
R_152 -25.574 -1015.709 10.000
L_153 0.000 679.918 15.000
R_154 -35.072 -1015.709 19.000
R_155 -33.508 -1015.709 17.000
D_156 -29.436 -475.402 21.000
T_157 -21.889 -90.974 20.000
Q_158 -25.772 -643.904 15.000
Q_159 -22.253 -643.904 11.000
G_160 0.000 -27.649 10.000
M_161 0.000 401.769 10.000
Y_162 -8.431 -274.939 6.000
D_163 -14.591 -475.402 6.000
A_164 0.000 185.740 6.000
V_165 0.000 613.196 6.000
L_166 0.000 679.918 2.000
H_167 -1.718 -583.484 2.000
V_168 0.000 613.196 6.000
G_169 0.000 -27.649 6.000
D_170 -7.878 -475.402 4.000
F_171 0.000 560.542 6.000
A_172 0.000 185.740 10.000
Y_173 -8.431 -274.939 6.000
N_174 -21.132 -507.047 10.000
L_175 0.000 679.918 14.000
D_176 -26.485 -475.402 16.000
Q_177 -26.485 -643.904 16.000
D_178 -26.485 -475.402 16.000
N_179 -27.150 -507.047 17.000
A_180 0.000 185.740 13.000
R_181 -23.856 -1015.709 9.000
V_182 0.000 613.196 9.000
G_183 0.000 -27.649 14.000
D_184 -19.866 -475.402 9.000
R_185 -23.856 -1015.709 9.000
F_186 0.000 560.542 14.000
M_187 0.000 401.769 10.000
R_188 -11.867 -1015.709 5.000
L_189 0.000 679.918 9.000
I_190 0.000 777.529 9.000
E_191 -7.878 -605.239 4.000
P_192 0.000 -195.996 4.000
V_193 0.000 613.196 4.000
A_194 0.000 185.740 3.000
A_195 0.000 185.740 3.000
S_196 -4.441 -90.060 3.000
L_197 0.000 679.918 5.000
P_198 0.000 -195.996 5.000
Y_199 -7.426 -274.939 5.000
M_200 0.000 401.769 5.000
T_201 -10.149 -90.974 5.000
C_202 0.000 322.480 3.000
P_203 0.000 -195.996 7.000
G_204 0.000 -27.649 6.000
N_205 -21.132 -507.047 10.000
H_206 -12.900 -583.484 14.000
E_207 -28.359 -605.239 19.000
E_208 -27.150 -605.239 17.000
R_209 -35.072 -1015.709 19.000
Y_210 -13.255 -274.939 15.000
N_211 -25.003 -507.047 14.000
F_212 0.000 560.542 13.000
S_213 -18.462 -90.060 13.000
N_214 -23.258 -507.047 12.000
Y_215 -12.104 -274.939 12.000
K_216 -19.059 -818.649 14.000
A_217 0.000 185.740 10.000
R_218 -27.076 -1015.709 11.000
F_219 0.000 560.542 8.000
S_220 -14.420 -90.060 8.000
M_221 0.000 401.769 3.000
P_222 0.000 -195.996 7.000
G_223 0.000 -27.649 8.000
D_224 -23.258 -475.402 12.000
N_225 -23.258 -507.047 12.000
E_226 -23.258 -605.239 12.000
G_227 0.000 -27.649 9.000
L_228 0.000 679.918 7.000
W_229 -4.441 -203.500 6.000
Y_230 -9.265 -274.939 7.000
S_231 -17.098 -90.060 11.000
W_232 -5.708 -203.500 10.000
D_233 -18.409 -475.402 8.000
L_234 0.000 679.918 5.000
G_235 0.000 -27.649 4.000
P_236 0.000 -195.996 2.000
A_237 0.000 185.740 2.000
H_238 -1.718 -583.484 2.000
I_239 0.000 777.529 5.000
I_240 0.000 777.529 5.000
S_241 -11.867 -90.060 6.000
F_242 0.000 560.542 9.000
S_243 -18.462 -90.060 13.000
T_244 -16.309 -90.974 10.000
E_245 -23.258 -605.239 12.000
V_246 0.000 613.196 9.000
Y_247 -8.431 -274.939 6.000
F_248 0.000 560.542 2.000
F_249 0.000 560.542 4.000
L_250 0.000 679.918 4.000
H_251 -6.160 -583.484 4.000
Y_252 -10.601 -274.939 9.000
G_253 0.000 -27.649 11.000
R_254 -23.856 -1015.709 9.000
H_255 -9.265 -583.484 7.000
L_256 0.000 679.918 11.000
V_257 0.000 613.196 11.000
Q_258 -24.169 -643.904 13.000
R_259 -29.616 -1015.709 13.000
Q_260 -27.773 -643.904 18.000
F_261 0.000 560.542 15.000
R_262 -25.574 -1015.709 10.000
W_263 -5.708 -203.500 10.000
L_264 0.000 679.918 13.000
E_265 -23.258 -605.239 12.000
S_266 -17.098 -90.060 11.000
D_267 -25.772 -475.402 15.000
L_268 0.000 679.918 14.000
Q_269 -22.253 -643.904 11.000
K_270 -17.098 -818.649 11.000
A_271 0.000 185.740 14.000
N_272 -25.003 -507.047 14.000
K_273 -20.127 -818.649 16.000
N_274 -26.485 -507.047 16.000
R_275 -28.412 -1015.709 12.000
A_276 0.000 185.740 14.000
A_277 0.000 185.740 10.000
R_278 -16.309 -1015.709 6.000
P_279 0.000 -195.996 6.000
W_280 -4.441 -203.500 6.000
I_281 0.000 777.529 4.000
I_282 0.000 777.529 4.000
T_283 -4.441 -90.974 3.000
M_284 0.000 401.769 5.000
G_285 0.000 -27.649 10.000
H_286 -9.265 -583.484 7.000
R_287 -19.414 -1015.709 7.000
P_288 0.000 -195.996 9.000
M_289 0.000 401.769 7.000
Y_290 -7.426 -274.939 5.000
C_291 0.000 322.480 9.000
S_292 -15.425 -90.060 9.000
N_293 -22.253 -507.047 11.000
A_294 0.000 185.740 11.000
D_295 -23.258 -475.402 12.000
L_296 0.000 679.918 12.000
D_297 -23.258 -475.402 12.000
D_298 -22.253 -475.402 11.000
C_299 0.000 322.480 16.000
T_300 -19.059 -90.974 14.000
R_301 -30.711 -1015.709 14.000
H_302 -13.896 -583.484 17.000
E_303 -27.150 -605.239 17.000
S_304 -17.811 -90.060 12.000
K_305 -19.613 -818.649 15.000
V_306 0.000 613.196 14.000
R_307 -27.076 -1015.709 11.000
K_308 -14.420 -818.649 8.000
G_309 0.000 -27.649 12.000
L_310 0.000 679.918 7.000
Q_311 -16.691 -643.904 7.000
G_312 0.000 -27.649 7.000
K_313 -15.425 -818.649 9.000
L_314 0.000 679.918 5.000
Y_315 -7.426 -274.939 5.000
G_316 0.000 -27.649 6.000
L_317 0.000 679.918 10.000
E_318 -18.409 -605.239 8.000
D_319 -18.409 -475.402 8.000
L_320 0.000 679.918 10.000
F_321 0.000 560.542 9.000
Y_322 -9.265 -274.939 7.000
K_323 -13.255 -818.649 7.000
Y_324 -9.265 -274.939 7.000
G_325 0.000 -27.649 9.000
V_326 0.000 613.196 6.000
D_327 -18.409 -475.402 8.000
L_328 0.000 679.918 8.000
Q_329 -19.866 -643.904 9.000
L_330 0.000 679.918 5.000
W_331 -4.824 -203.500 7.000
A_332 0.000 185.740 7.000
H_333 -10.601 -583.484 9.000
E_334 -22.253 -605.239 11.000
H_335 -12.518 -583.484 13.000
S_336 -19.613 -90.060 15.000
Y_337 -13.586 -274.939 16.000
E_338 -25.003 -605.239 14.000
R_339 -28.412 -1015.709 12.000
L_340 0.000 679.918 10.000
W_341 -4.441 -203.500 6.000
P_342 0.000 -195.996 3.000
I_343 0.000 777.529 7.000
Y_344 -9.978 -274.939 8.000
N_345 -23.258 -507.047 12.000
Y_346 -12.104 -274.939 12.000
Q_347 -21.132 -643.904 10.000
V_348 0.000 613.196 10.000
F_349 0.000 560.542 8.000
N_350 -16.691 -507.047 7.000
G_351 0.000 -27.649 12.000
S_352 -20.127 -90.060 16.000
R_353 -28.412 -1015.709 12.000
E_354 -23.258 -605.239 12.000
M_355 0.000 401.769 11.000
P_356 0.000 -195.996 9.000
Y_357 -10.601 -274.939 9.000
T_358 -15.425 -90.974 9.000
N_359 -25.003 -507.047 14.000
P_360 0.000 -195.996 12.000
R_361 -23.856 -1015.709 9.000
G_362 0.000 -27.649 5.000
P_363 0.000 -195.996 7.000
V_364 0.000 613.196 2.000
H_365 -1.718 -583.484 2.000
I_366 0.000 777.529 5.000
I_367 0.000 777.529 5.000
T_368 -11.867 -90.974 6.000
G_369 0.000 -27.649 6.000
S_370 -11.867 -90.060 6.000
A_371 0.000 185.740 3.000
G_372 0.000 -27.649 7.000
C_373 0.000 322.480 8.000
E_374 -24.169 -605.239 13.000
E_375 -24.169 -605.239 13.000
R_376 -32.645 -1015.709 16.000
L_377 0.000 679.918 12.000
T_378 -14.420 -90.974 8.000
P_379 0.000 -195.996 3.000
F_380 0.000 560.542 3.000
A_381 0.000 185.740 0.000
V_382 0.000 613.196 0.000
F_383 0.000 560.542 5.000
P_384 0.000 -195.996 5.000
R_385 -16.309 -1015.709 6.000
P_386 0.000 -195.996 9.000
W_387 -5.447 -203.500 9.000
S_388 -7.878 -90.060 4.000
A_389 0.000 185.740 9.000
V_390 0.000 613.196 8.000
R_391 -21.845 -1015.709 8.000
V_392 0.000 613.196 12.000
K_393 -19.059 -818.649 14.000
E_394 -19.866 -605.239 9.000
Y_395 -11.652 -274.939 11.000
G_396 0.000 -27.649 11.000
Y_397 -12.104 -274.939 12.000
T_398 -16.309 -90.974 10.000
R_399 -28.412 -1015.709 12.000
L_400 0.000 679.918 10.000
H_401 -9.265 -583.484 7.000
I_402 0.000 777.529 6.000
L_403 0.000 679.918 6.000
N_404 -16.691 -507.047 7.000
G_405 0.000 -27.649 9.000
T_406 -15.425 -90.974 9.000
H_407 -9.265 -583.484 7.000
I_408 0.000 777.529 7.000
H_409 -9.978 -583.484 8.000
I_410 0.000 777.529 10.000
Q_411 -21.132 -643.904 10.000
Q_412 -22.253 -643.904 11.000
V_413 0.000 613.196 15.000
S_414 -19.613 -90.060 15.000
D_415 -25.772 -475.402 15.000
D_416 -28.359 -475.402 19.000
Q_417 -26.485 -643.904 16.000
D_418 -25.772 -475.402 15.000
G_419 0.000 -27.649 11.000
K_420 -13.255 -818.649 7.000
I_421 0.000 777.529 7.000
V_422 0.000 613.196 11.000
D_423 -18.409 -475.402 8.000
D_424 -19.866 -475.402 9.000
V_425 0.000 613.196 9.000
W_426 -3.990 -203.500 5.000
V_427 0.000 613.196 6.000
V_428 0.000 613.196 6.000
R_429 -11.867 -1015.709 5.000
P_430 0.000 -195.996 5.000
L_431 0.000 679.918 5.000
F_432 0.000 560.542 5.000
G_433 0.000 -27.649 10.000
R_434 -25.574 -1015.709 10.000
R_435 -28.412 -1015.709 12.000
M_436 0.000 401.769 12.000
Y_437 -9.265 -274.939 7.000
L_438 0.000 679.918 2.000
