M_1 0.000 401.769 3.000
A_2 0.000 185.740 3.000
T_3 -4.441 -90.974 3.000
P_4 0.000 -195.996 3.000
V_5 0.000 613.196 6.000
V_6 0.000 613.196 6.000
T_7 -15.425 -90.974 9.000
K_8 -15.425 -818.649 9.000
T_9 -16.309 -90.974 10.000
A_10 0.000 185.740 10.000
W_11 -4.824 -203.500 7.000
K_12 -14.420 -818.649 8.000
L_13 0.000 679.918 12.000
Q_14 -22.253 -643.904 11.000
E_15 -18.409 -605.239 8.000
I_16 0.000 777.529 8.000
V_17 0.000 613.196 6.000
A_18 0.000 185.740 2.000
H_19 -7.426 -583.484 5.000
A_20 0.000 185.740 9.000
S_21 -15.425 -90.060 9.000
N_22 -21.132 -507.047 10.000
V_23 0.000 613.196 13.000
S_24 -16.309 -90.060 10.000
S_25 -11.867 -90.060 6.000
L_26 0.000 679.918 6.000
V_27 0.000 613.196 3.000
L_28 0.000 679.918 3.000
G_29 0.000 -27.649 3.000
K_30 -11.867 -818.649 6.000
A_31 0.000 185.740 6.000
S_32 -17.098 -90.060 11.000
G_33 0.000 -27.649 8.000
R_34 -21.845 -1015.709 8.000
L_35 0.000 679.918 5.000
L_36 0.000 679.918 8.000
A_37 0.000 185.740 3.000
T_38 -4.441 -90.974 3.000
G_39 0.000 -27.649 7.000
G_40 0.000 -27.649 11.000
D_41 -18.409 -475.402 8.000
D_42 -24.169 -475.402 13.000
C_43 0.000 322.480 13.000
R_44 -29.616 -1015.709 13.000
V_45 0.000 613.196 9.000
N_46 -21.132 -507.047 10.000
L_47 0.000 679.918 8.000
W_48 -5.155 -203.500 8.000
S_49 -14.420 -90.060 8.000
I_50 0.000 777.529 11.000
N_51 -21.132 -507.047 10.000
K_52 -17.098 -818.649 11.000
P_53 0.000 -195.996 11.000
N_54 -16.691 -507.047 7.000
C_55 0.000 322.480 4.000
I_56 0.000 777.529 7.000
M_57 0.000 401.769 3.000
S_58 -11.867 -90.060 6.000
L_59 0.000 679.918 6.000
T_60 -14.420 -90.974 8.000
G_61 0.000 -27.649 8.000
H_62 -11.652 -583.484 11.000
T_63 -14.420 -90.974 8.000
S_64 -14.420 -90.060 8.000
P_65 0.000 -195.996 10.000
V_66 0.000 613.196 10.000
E_67 -16.691 -605.239 7.000
S_68 -17.811 -90.060 12.000
V_69 0.000 613.196 12.000
R_70 -28.412 -1015.709 12.000
L_71 0.000 679.918 12.000
N_72 -23.258 -507.047 12.000
T_73 -17.098 -90.974 11.000
P_74 0.000 -195.996 15.000
E_75 -22.253 -605.239 11.000
E_76 -18.409 -605.239 8.000
L_77 0.000 679.918 8.000
I_78 0.000 777.529 4.000
V_79 0.000 613.196 0.000
A_80 0.000 185.740 3.000
G_81 0.000 -27.649 7.000
S_82 -16.309 -90.060 10.000
Q_83 -21.132 -643.904 10.000
S_84 -18.462 -90.060 13.000
G_85 0.000 -27.649 10.000
S_86 -17.098 -90.060 11.000
I_87 0.000 777.529 8.000
R_88 -23.856 -1015.709 9.000
V_89 0.000 613.196 10.000
W_90 -5.708 -203.500 10.000
D_91 -19.866 -475.402 9.000
L_92 0.000 679.918 9.000
E_93 -18.409 -605.239 8.000
A_94 0.000 185.740 7.000
A_95 0.000 185.740 7.000
K_96 -4.441 -818.649 3.000
I_97 0.000 777.529 8.000
L_98 0.000 679.918 11.000
R_99 -21.845 -1015.709 8.000
T_100 -14.420 -90.974 8.000
L_101 0.000 679.918 8.000
M_102 0.000 401.769 5.000
G_103 0.000 -27.649 5.000
H_104 -7.426 -583.484 5.000
K_105 -15.425 -818.649 9.000
A_106 0.000 185.740 9.000
N_107 -16.691 -507.047 7.000
I_108 0.000 777.529 7.000
C_109 0.000 322.480 7.000
S_110 -13.255 -90.060 7.000
L_111 0.000 679.918 7.000
D_112 -19.866 -475.402 9.000
F_113 0.000 560.542 6.000
H_114 -9.978 -583.484 8.000
P_115 0.000 -195.996 4.000
Y_116 -9.978 -274.939 8.000
G_117 0.000 -27.649 6.000
E_118 -14.591 -605.239 6.000
F_119 0.000 560.542 4.000
V_120 0.000 613.196 7.000
A_121 0.000 185.740 3.000
S_122 -11.867 -90.060 6.000
G_123 0.000 -27.649 10.000
S_124 -19.059 -90.060 14.000
Q_125 -25.003 -643.904 14.000
D_126 -27.773 -475.402 18.000
T_127 -19.613 -90.974 15.000
N_128 -25.003 -507.047 14.000
I_129 0.000 777.529 10.000
K_130 -14.420 -818.649 8.000
L_131 0.000 679.918 8.000
W_132 -5.155 -203.500 8.000
D_133 -21.132 -475.402 10.000
I_134 0.000 777.529 15.000
R_135 -33.508 -1015.709 17.000
R_136 -29.616 -1015.709 13.000
K_137 -18.462 -818.649 13.000
G_138 0.000 -27.649 8.000
C_139 0.000 322.480 3.000
V_140 0.000 613.196 5.000
F_141 0.000 560.542 7.000
R_142 -28.412 -1015.709 12.000
Y_143 -12.104 -274.939 12.000
R_144 -30.711 -1015.709 14.000
G_145 0.000 -27.649 12.000
H_146 -12.900 -583.484 14.000
S_147 -15.425 -90.060 9.000
Q_148 -19.866 -643.904 9.000
A_149 0.000 185.740 12.000
V_150 0.000 613.196 9.000
R_151 -11.867 -1015.709 5.000
C_152 0.000 322.480 10.000
L_153 0.000 679.918 10.000
R_154 -21.845 -1015.709 8.000
F_155 0.000 560.542 8.000
S_156 -17.811 -90.060 12.000
P_157 0.000 -195.996 7.000
D_158 -21.132 -475.402 10.000
G_159 0.000 -27.649 8.000
K_160 -14.420 -818.649 8.000
W_161 -3.436 -203.500 4.000
L_162 0.000 679.918 7.000
A_163 0.000 185.740 4.000
S_164 -4.441 -90.060 3.000
A_165 0.000 185.740 7.000
A_166 0.000 185.740 11.000
D_167 -21.132 -475.402 10.000
D_168 -24.169 -475.402 13.000
H_169 -12.518 -583.484 13.000
T_170 -17.811 -90.974 12.000
V_171 0.000 613.196 8.000
K_172 -13.255 -818.649 7.000
L_173 0.000 679.918 8.000
W_174 -5.155 -203.500 8.000
D_175 -18.409 -475.402 8.000
L_176 0.000 679.918 8.000
T_177 -13.255 -90.974 7.000
A_178 0.000 185.740 6.000
G_179 0.000 -27.649 6.000
K_180 -4.441 -818.649 3.000
M_181 0.000 401.769 6.000
M_182 0.000 401.769 10.000
S_183 -13.255 -90.060 7.000
E_184 -16.691 -605.239 7.000
F_185 0.000 560.542 7.000
P_186 0.000 -195.996 6.000
G_187 0.000 -27.649 5.000
H_188 -7.426 -583.484 5.000
T_189 -10.149 -90.974 5.000
G_190 0.000 -27.649 5.000
P_191 0.000 -195.996 7.000
V_192 0.000 613.196 4.000
N_193 -7.878 -507.047 4.000
V_194 0.000 613.196 8.000
V_195 0.000 613.196 8.000
E_196 -14.591 -605.239 6.000
F_197 0.000 560.542 6.000
H_198 -11.154 -583.484 10.000
P_199 0.000 -195.996 10.000
N_200 -23.258 -507.047 12.000
E_201 -21.132 -605.239 10.000
Y_202 -11.154 -274.939 10.000
L_203 0.000 679.918 6.000
L_204 0.000 679.918 5.000
A_205 0.000 185.740 3.000
S_206 -11.867 -90.060 6.000
G_207 0.000 -27.649 9.000
S_208 -18.462 -90.060 13.000
S_209 -19.613 -90.060 15.000
D_210 -27.773 -475.402 18.000
R_211 -31.716 -1015.709 15.000
T_212 -20.609 -90.974 17.000
I_213 0.000 777.529 13.000
R_214 -23.856 -1015.709 9.000
F_215 0.000 560.542 10.000
W_216 -5.708 -203.500 10.000
D_217 -19.866 -475.402 9.000
L_218 0.000 679.918 12.000
E_219 -22.253 -605.239 11.000
K_220 -17.098 -818.649 11.000
F_221 0.000 560.542 11.000
Q_222 -16.691 -643.904 7.000
V_223 0.000 613.196 7.000
V_224 0.000 613.196 7.000
S_225 -4.441 -90.060 3.000
C_226 0.000 322.480 7.000
I_227 0.000 777.529 7.000
E_228 -18.409 -605.239 8.000
G_229 0.000 -27.649 8.000
E_230 -18.409 -605.239 8.000
P_231 0.000 -195.996 4.000
G_232 0.000 -27.649 4.000
P_233 0.000 -195.996 5.000
V_234 0.000 613.196 8.000
R_235 -21.845 -1015.709 8.000
S_236 -14.420 -90.060 8.000
V_237 0.000 613.196 8.000
L_238 0.000 679.918 7.000
F_239 0.000 560.542 4.000
N_240 -18.409 -507.047 8.000
P_241 0.000 -195.996 8.000
D_242 -18.409 -475.402 8.000
G_243 0.000 -27.649 4.000
C_244 0.000 322.480 4.000
C_245 0.000 322.480 2.000
L_246 0.000 679.918 5.000
Y_247 -7.426 -274.939 5.000
S_248 -10.149 -90.060 5.000
G_249 0.000 -27.649 9.000
C_250 0.000 322.480 11.000
Q_251 -22.253 -643.904 11.000
D_252 -22.253 -475.402 11.000
S_253 -20.127 -90.060 16.000
L_254 0.000 679.918 12.000
R_255 -25.574 -1015.709 10.000
V_256 0.000 613.196 7.000
Y_257 -9.978 -274.939 8.000
G_258 0.000 -27.649 7.000
W_259 -4.824 -203.500 7.000
E_260 -19.866 -605.239 9.000
P_261 0.000 -195.996 14.000
E_262 -24.169 -605.239 13.000
R_263 -23.856 -1015.709 9.000
C_264 0.000 322.480 13.000
F_265 0.000 560.542 9.000
D_266 -7.878 -475.402 4.000
V_267 0.000 613.196 4.000
V_268 0.000 613.196 4.000
L_269 0.000 679.918 4.000
V_270 0.000 613.196 5.000
N_271 -11.867 -507.047 5.000
W_272 -5.155 -203.500 8.000
G_273 0.000 -27.649 8.000
K_274 -7.878 -818.649 4.000
V_275 0.000 613.196 7.000
A_276 0.000 185.740 7.000
D_277 -7.878 -475.402 4.000
L_278 0.000 679.918 4.000
A_279 0.000 185.740 4.000
I_280 0.000 777.529 4.000
C_281 0.000 322.480 8.000
N_282 -23.258 -507.047 12.000
D_283 -23.258 -475.402 12.000
Q_284 -23.258 -643.904 12.000
L_285 0.000 679.918 8.000
I_286 0.000 777.529 4.000
G_287 0.000 -27.649 0.000
V_288 0.000 613.196 0.000
A_289 0.000 185.740 3.000
F_290 0.000 560.542 7.000
S_291 -16.309 -90.060 10.000
Q_292 -25.003 -643.904 14.000
S_293 -19.059 -90.060 14.000
N_294 -25.003 -507.047 14.000
V_295 0.000 613.196 13.000
S_296 -17.811 -90.060 12.000
S_297 -14.420 -90.060 8.000
Y_298 -9.978 -274.939 8.000
V_299 0.000 613.196 9.000
V_300 0.000 613.196 6.000
D_301 -16.691 -475.402 7.000
L_302 0.000 679.918 12.000
T_303 -17.811 -90.974 12.000
R_304 -27.076 -1015.709 11.000
V_305 0.000 613.196 16.000
T_306 -20.127 -90.974 16.000
R_307 -27.076 -1015.709 11.000
T_308 -19.059 -90.974 14.000
G_309 0.000 -27.649 11.000
T_310 -11.867 -90.974 6.000
V_311 0.000 613.196 8.000
A_312 0.000 185.740 12.000
R_313 -23.856 -1015.709 9.000
D_314 -19.866 -475.402 9.000
P_315 0.000 -195.996 13.000
V_316 0.000 613.196 12.000
Q_317 -21.132 -643.904 10.000
D_318 -25.772 -475.402 15.000
H_319 -13.255 -583.484 15.000
R_320 -27.076 -1015.709 11.000
P_321 0.000 -195.996 7.000
L_322 0.000 679.918 9.000
A_323 0.000 185.740 4.000
Q_324 -7.878 -643.904 4.000
P_325 0.000 -195.996 4.000
L_326 0.000 679.918 8.000
P_327 0.000 -195.996 4.000
N_328 -16.691 -507.047 7.000
P_329 0.000 -195.996 7.000
S_330 -13.255 -90.060 7.000
A_331 0.000 185.740 3.000
P_332 0.000 -195.996 8.000
L_333 0.000 679.918 10.000
R_334 -25.574 -1015.709 10.000
R_335 -28.412 -1015.709 12.000
I_336 0.000 777.529 16.000
Y_337 -13.586 -274.939 16.000
E_338 -22.253 -605.239 11.000
R_339 -30.711 -1015.709 14.000
P_340 0.000 -195.996 15.000
S_341 -19.059 -90.060 14.000
T_342 -15.425 -90.974 9.000
T_343 -17.811 -90.974 12.000
C_344 0.000 322.480 12.000
S_345 -15.425 -90.060 9.000
K_346 -16.309 -818.649 10.000
P_347 0.000 -195.996 15.000
Q_348 -23.258 -643.904 12.000
R_349 -28.412 -1015.709 12.000
V_350 0.000 613.196 16.000
K_351 -20.127 -818.649 16.000
Q_352 -25.003 -643.904 14.000
N_353 -27.773 -507.047 18.000
S_354 -21.060 -90.060 18.000
E_355 -27.773 -605.239 18.000
S_356 -21.486 -90.060 19.000
E_357 -29.436 -605.239 21.000
R_358 -35.785 -1015.709 20.000
R_359 -33.508 -1015.709 17.000
S_360 -20.127 -90.060 16.000
P_361 0.000 -195.996 14.000
S_362 -18.462 -90.060 13.000
S_363 -19.059 -90.060 14.000
E_364 -27.773 -605.239 18.000
D_365 -28.912 -475.402 20.000
D_366 -29.436 -475.402 21.000
R_367 -36.459 -1015.709 21.000
D_368 -29.934 -475.402 22.000
E_369 -29.934 -605.239 22.000
R_370 -35.785 -1015.709 20.000
E_371 -29.436 -605.239 21.000
S_372 -20.609 -90.060 17.000
R_373 -32.645 -1015.709 16.000
A_374 0.000 185.740 12.000
E_375 -24.169 -605.239 13.000
I_376 0.000 777.529 12.000
Q_377 -23.258 -643.904 12.000
N_378 -23.258 -507.047 12.000
A_379 0.000 185.740 16.000
E_380 -25.003 -605.239 14.000
D_381 -25.003 -475.402 14.000
Y_382 -14.188 -274.939 18.000
N_383 -25.003 -507.047 14.000
E_384 -21.132 -605.239 10.000
I_385 0.000 777.529 12.000
F_386 0.000 560.542 8.000
Q_387 -16.691 -643.904 7.000
P_388 0.000 -195.996 11.000
K_389 -19.059 -818.649 14.000
N_390 -21.132 -507.047 10.000
S_391 -18.462 -90.060 13.000
I_392 0.000 777.529 15.000
S_393 -19.059 -90.060 14.000
R_394 -27.076 -1015.709 11.000
T_395 -17.098 -90.974 11.000
P_396 0.000 -195.996 13.000
P_397 0.000 -195.996 13.000
R_398 -29.616 -1015.709 13.000
R_399 -33.508 -1015.709 17.000
S_400 -20.609 -90.060 17.000
E_401 -23.258 -605.239 12.000
P_402 0.000 -195.996 7.000
F_403 0.000 560.542 4.000
P_404 0.000 -195.996 0.000
A_405 0.000 185.740 0.000
P_406 0.000 -195.996 4.000
P_407 0.000 -195.996 8.000
E_408 -23.258 -605.239 12.000
D_409 -23.258 -475.402 12.000
D_410 -23.258 -475.402 12.000
A_411 0.000 185.740 11.000
A_412 0.000 185.740 7.000
T_413 -11.867 -90.974 6.000
A_414 0.000 185.740 10.000
K_415 -16.309 -818.649 10.000
E_416 -16.691 -605.239 7.000
A_417 0.000 185.740 10.000
A_418 0.000 185.740 7.000
K_419 -11.867 -818.649 6.000
P_420 0.000 -195.996 6.000
S_421 -11.867 -90.060 6.000
P_422 0.000 -195.996 3.000
A_423 0.000 185.740 7.000
M_424 0.000 401.769 4.000
D_425 -18.409 -475.402 8.000
V_426 0.000 613.196 8.000
Q_427 -18.409 -643.904 8.000
F_428 0.000 560.542 4.000
P_429 0.000 -195.996 4.000
V_430 0.000 613.196 4.000
P_431 0.000 -195.996 4.000
N_432 -18.409 -507.047 8.000
L_433 0.000 679.918 8.000
E_434 -18.409 -605.239 8.000
V_435 0.000 613.196 4.000
L_436 0.000 679.918 9.000
P_437 0.000 -195.996 5.000
R_438 -11.867 -1015.709 5.000
P_439 0.000 -195.996 5.000
P_440 0.000 -195.996 5.000
V_441 0.000 613.196 0.000
V_442 0.000 613.196 3.000
A_443 0.000 185.740 6.000
S_444 -11.867 -90.060 6.000
T_445 -11.867 -90.974 6.000
P_446 0.000 -195.996 6.000
A_447 0.000 185.740 6.000
P_448 0.000 -195.996 3.000
K_449 -13.255 -818.649 7.000
A_450 0.000 185.740 7.000
E_451 -16.691 -605.239 7.000
P_452 0.000 -195.996 4.000
A_453 0.000 185.740 4.000
I_454 0.000 777.529 0.000
I_455 0.000 777.529 0.000
P_456 0.000 -195.996 3.000
A_457 0.000 185.740 8.000
T_458 -17.811 -90.974 12.000
R_459 -32.645 -1015.709 16.000
N_460 -26.485 -507.047 16.000
E_461 -24.169 -605.239 13.000
P_462 0.000 -195.996 8.000
I_463 0.000 777.529 4.000
G_464 0.000 -27.649 3.000
L_465 0.000 679.918 3.000
K_466 -11.867 -818.649 6.000
A_467 0.000 185.740 10.000
S_468 -16.309 -90.060 10.000
D_469 -16.691 -475.402 7.000
F_470 0.000 560.542 7.000
L_471 0.000 679.918 4.000
P_472 0.000 -195.996 0.000
A_473 0.000 185.740 3.000
V_474 0.000 613.196 3.000
K_475 -4.441 -818.649 3.000
I_476 0.000 777.529 7.000
P_477 0.000 -195.996 11.000
Q_478 -18.409 -643.904 8.000
Q_479 -23.258 -643.904 12.000
A_480 0.000 185.740 12.000
E_481 -18.409 -605.239 8.000
L_482 0.000 679.918 8.000
V_483 0.000 613.196 12.000
D_484 -23.258 -475.402 12.000
E_485 -23.258 -605.239 12.000
D_486 -23.258 -475.402 12.000
A_487 0.000 185.740 11.000
M_488 0.000 401.769 11.000
S_489 -13.255 -90.060 7.000
Q_490 -23.258 -643.904 12.000
I_491 0.000 777.529 15.000
R_492 -28.412 -1015.709 12.000
K_493 -16.309 -818.649 10.000
G_494 0.000 -27.649 14.000
H_495 -12.104 -583.484 12.000
D_496 -19.866 -475.402 9.000
T_497 -15.425 -90.974 9.000
M_498 0.000 401.769 7.000
C_499 0.000 322.480 3.000
V_500 0.000 613.196 0.000
V_501 0.000 613.196 3.000
L_502 0.000 679.918 6.000
T_503 -17.098 -90.974 11.000
S_504 -18.462 -90.060 13.000
R_505 -32.645 -1015.709 16.000
H_506 -13.896 -583.484 17.000
K_507 -19.059 -818.649 14.000
N_508 -24.169 -507.047 13.000
L_509 0.000 679.918 14.000
D_510 -22.253 -475.402 11.000
T_511 -17.811 -90.974 12.000
V_512 0.000 613.196 12.000
R_513 -21.845 -1015.709 8.000
A_514 0.000 185.740 6.000
V_515 0.000 613.196 9.000
W_516 -3.436 -203.500 4.000
T_517 -7.878 -90.974 4.000
M_518 0.000 401.769 8.000
G_519 0.000 -27.649 7.000
D_520 -16.691 -475.402 7.000
I_521 0.000 777.529 10.000
K_522 -18.462 -818.649 13.000
T_523 -15.425 -90.974 9.000
S_524 -18.462 -90.060 13.000
V_525 0.000 613.196 13.000
D_526 -21.132 -475.402 10.000
S_527 -13.255 -90.060 7.000
A_528 0.000 185.740 7.000
V_529 0.000 613.196 3.000
A_530 0.000 185.740 4.000
I_531 0.000 777.529 8.000
N_532 -18.409 -507.047 8.000
D_533 -22.253 -475.402 11.000
L_534 0.000 679.918 11.000
S_535 -13.255 -90.060 7.000
V_536 0.000 613.196 3.000
V_537 0.000 613.196 7.000
V_538 0.000 613.196 4.000
D_539 -7.878 -475.402 4.000
L_540 0.000 679.918 8.000
L_541 0.000 679.918 8.000
N_542 -7.878 -507.047 4.000
I_543 0.000 777.529 8.000
V_544 0.000 613.196 12.000
N_545 -22.253 -507.047 11.000
Q_546 -22.253 -643.904 11.000
K_547 -19.059 -818.649 14.000
A_548 0.000 185.740 10.000
S_549 -13.255 -90.060 7.000
L_550 0.000 679.918 7.000
W_551 -4.824 -203.500 7.000
K_552 -14.420 -818.649 8.000
L_553 0.000 679.918 8.000
D_554 -16.691 -475.402 7.000
L_555 0.000 679.918 7.000
C_556 0.000 322.480 10.000
T_557 -11.867 -90.974 6.000
T_558 -11.867 -90.974 6.000
V_559 0.000 613.196 6.000
L_560 0.000 679.918 7.000
P_561 0.000 -195.996 4.000
Q_562 -18.409 -643.904 8.000
I_563 0.000 777.529 11.000
E_564 -22.253 -605.239 11.000
K_565 -13.255 -818.649 7.000
L_566 0.000 679.918 11.000
L_567 0.000 679.918 10.000
Q_568 -21.132 -643.904 10.000
S_569 -17.811 -90.060 12.000
K_570 -20.127 -818.649 16.000
Y_571 -13.255 -274.939 15.000
E_572 -25.003 -605.239 14.000
S_573 -17.098 -90.060 11.000
Y_574 -12.518 -274.939 13.000
V_575 0.000 613.196 12.000
Q_576 -19.866 -643.904 9.000
T_577 -13.255 -90.974 7.000
G_578 0.000 -27.649 10.000
C_579 0.000 322.480 9.000
T_580 -11.867 -90.974 6.000
S_581 -15.425 -90.060 9.000
L_582 0.000 679.918 9.000
K_583 -11.867 -818.649 6.000
L_584 0.000 679.918 3.000
I_585 0.000 777.529 7.000
L_586 0.000 679.918 9.000
Q_587 -19.866 -643.904 9.000
R_588 -23.856 -1015.709 9.000
F_589 0.000 560.542 9.000
L_590 0.000 679.918 5.000
P_591 0.000 -195.996 0.000
L_592 0.000 679.918 3.000
I_593 0.000 777.529 7.000
T_594 -13.255 -90.974 7.000
D_595 -16.691 -475.402 7.000
M_596 0.000 401.769 7.000
L_597 0.000 679.918 4.000
A_598 0.000 185.740 0.000
A_599 0.000 185.740 0.000
P_600 0.000 -195.996 3.000
P_601 0.000 -195.996 3.000
S_602 -4.441 -90.060 3.000
V_603 0.000 613.196 3.000
G_604 0.000 -27.649 7.000
V_605 0.000 613.196 4.000
D_606 -16.691 -475.402 7.000
I_607 0.000 777.529 12.000
S_608 -20.127 -90.060 16.000
R_609 -32.645 -1015.709 16.000
E_610 -29.436 -605.239 21.000
E_611 -27.773 -605.239 18.000
R_612 -31.716 -1015.709 15.000
L_613 0.000 679.918 14.000
H_614 -11.154 -583.484 10.000
K_615 -16.309 -818.649 10.000
C_616 0.000 322.480 10.000
R_617 -21.845 -1015.709 8.000
L_618 0.000 679.918 7.000
C_619 0.000 322.480 10.000
Y_620 -10.601 -274.939 9.000
K_621 -15.425 -818.649 9.000
Q_622 -23.258 -643.904 12.000
L_623 0.000 679.918 13.000
K_624 -16.309 -818.649 10.000
S_625 -15.425 -90.060 9.000
I_626 0.000 777.529 9.000
S_627 -11.867 -90.060 6.000
G_628 0.000 -27.649 3.000
L_629 0.000 679.918 6.000
V_630 0.000 613.196 6.000
K_631 -15.425 -818.649 9.000
S_632 -17.811 -90.060 12.000
K_633 -17.811 -818.649 12.000
S_634 -15.425 -90.060 9.000
G_635 0.000 -27.649 9.000
L_636 0.000 679.918 6.000
S_637 -14.420 -90.060 8.000
G_638 0.000 -27.649 10.000
R_639 -25.574 -1015.709 10.000
H_640 -11.154 -583.484 10.000
G_641 0.000 -27.649 13.000
S_642 -14.420 -90.060 8.000
T_643 -17.098 -90.974 11.000
F_644 0.000 560.542 15.000
R_645 -28.412 -1015.709 12.000
E_646 -22.253 -605.239 11.000
L_647 0.000 679.918 11.000
H_648 -8.431 -583.484 6.000
L_649 0.000 679.918 2.000
L_650 0.000 679.918 2.000
M_651 0.000 401.769 3.000
A_652 0.000 185.740 3.000
S_653 -13.255 -90.060 7.000
L_654 0.000 679.918 7.000
D_655 -16.691 -475.402 7.000
