M_1 0.000 401.769 8.000
R_2 -21.845 -1015.709 8.000
T_3 -14.420 -90.974 8.000
A_4 0.000 185.740 8.000
L_5 0.000 679.918 3.000
L_6 0.000 679.918 0.000
L_7 0.000 679.918 0.000
L_8 0.000 679.918 0.000
A_9 0.000 185.740 0.000
A_10 0.000 185.740 0.000
L_11 0.000 679.918 0.000
A_12 0.000 185.740 0.000
V_13 0.000 613.196 3.000
A_14 0.000 185.740 3.000
T_15 -4.441 -90.974 3.000
G_16 0.000 -27.649 3.000
P_17 0.000 -195.996 3.000
A_18 0.000 185.740 3.000
L_19 0.000 679.918 3.000
T_20 -14.420 -90.974 8.000
L_21 0.000 679.918 8.000
R_22 -25.574 -1015.709 10.000
C_23 0.000 322.480 7.000
H_24 -9.265 -583.484 7.000
V_25 0.000 613.196 5.000
C_26 0.000 322.480 8.000
T_27 -15.425 -90.974 9.000
S_28 -17.811 -90.060 12.000
S_29 -20.127 -90.060 16.000
S_30 -18.462 -90.060 13.000
N_31 -24.169 -507.047 13.000
C_32 0.000 322.480 12.000
K_33 -17.811 -818.649 12.000
H_34 -9.978 -583.484 8.000
S_35 -14.420 -90.060 8.000
V_36 0.000 613.196 5.000
V_37 0.000 613.196 3.000
C_38 0.000 322.480 0.000
P_39 0.000 -195.996 3.000
A_40 0.000 185.740 6.000
S_41 -17.098 -90.060 11.000
S_42 -17.098 -90.060 11.000
R_43 -27.076 -1015.709 11.000
F_44 0.000 560.542 11.000
C_45 0.000 322.480 11.000
K_46 -15.425 -818.649 9.000
T_47 -18.462 -90.974 13.000
T_48 -20.127 -90.974 16.000
N_49 -24.169 -507.047 13.000
T_50 -19.059 -90.974 14.000
V_51 0.000 613.196 11.000
E_52 -16.691 -605.239 7.000
P_53 0.000 -195.996 9.000
L_54 0.000 679.918 9.000
R_55 -23.856 -1015.709 9.000
G_56 0.000 -27.649 9.000
N_57 -19.866 -507.047 9.000
L_58 0.000 679.918 7.000
V_59 0.000 613.196 10.000
K_60 -16.309 -818.649 10.000
K_61 -16.309 -818.649 10.000
D_62 -21.132 -475.402 10.000
C_63 0.000 322.480 11.000
A_64 0.000 185.740 11.000
E_65 -16.691 -605.239 7.000
S_66 -16.309 -90.060 10.000
C_67 0.000 322.480 10.000
T_68 -15.425 -90.974 9.000
P_69 0.000 -195.996 8.000
S_70 -17.098 -90.060 11.000
Y_71 -9.978 -274.939 8.000
T_72 -17.811 -90.974 12.000
L_73 0.000 679.918 9.000
Q_74 -22.253 -643.904 11.000
G_75 0.000 -27.649 8.000
Q_76 -22.253 -643.904 11.000
V_77 0.000 613.196 10.000
S_78 -16.309 -90.060 10.000
S_79 -15.425 -90.060 9.000
G_80 0.000 -27.649 12.000
T_81 -17.811 -90.974 12.000
S_82 -17.811 -90.060 12.000
S_83 -20.127 -90.060 16.000
T_84 -18.462 -90.974 13.000
Q_85 -21.132 -643.904 10.000
C_86 0.000 322.480 11.000
C_87 0.000 322.480 12.000
Q_88 -23.258 -643.904 12.000
E_89 -23.258 -605.239 12.000
D_90 -23.258 -475.402 12.000
L_91 0.000 679.918 12.000
C_92 0.000 322.480 12.000
N_93 -22.253 -507.047 11.000
E_94 -22.253 -605.239 11.000
K_95 -18.462 -818.649 13.000
L_96 0.000 679.918 13.000
H_97 -10.601 -583.484 9.000
N_98 -14.591 -507.047 6.000
A_99 0.000 185.740 6.000
A_100 0.000 185.740 7.000
P_101 0.000 -195.996 8.000
T_102 -17.098 -90.974 11.000
R_103 -27.076 -1015.709 11.000
T_104 -17.098 -90.974 11.000
A_105 0.000 185.740 8.000
L_106 0.000 679.918 5.000
A_107 0.000 185.740 5.000
H_108 -7.426 -583.484 5.000
S_109 -10.149 -90.060 5.000
A_110 0.000 185.740 8.000
L_111 0.000 679.918 6.000
S_112 -4.441 -90.060 3.000
L_113 0.000 679.918 3.000
G_114 0.000 -27.649 3.000
L_115 0.000 679.918 0.000
A_116 0.000 185.740 3.000
L_117 0.000 679.918 3.000
S_118 -4.441 -90.060 3.000
L_119 0.000 679.918 3.000
L_120 0.000 679.918 3.000
A_121 0.000 185.740 0.000
V_122 0.000 613.196 0.000
I_123 0.000 777.529 0.000
L_124 0.000 679.918 0.000
A_125 0.000 185.740 3.000
P_126 0.000 -195.996 3.000
S_127 -4.441 -90.060 3.000
L_128 0.000 679.918 3.000
