M_1 0.000 401.769 4.000
M_2 0.000 401.769 9.000
N_3 -19.866 -507.047 9.000
R_4 -30.711 -1015.709 14.000
F_5 0.000 560.542 17.000
R_6 -30.711 -1015.709 14.000
K_7 -15.425 -818.649 9.000
W_8 -5.944 -203.500 11.000
L_9 0.000 679.918 9.000
Y_10 -8.431 -274.939 6.000
K_11 -14.420 -818.649 8.000
P_12 0.000 -195.996 13.000
K_13 -19.059 -818.649 14.000
R_14 -31.716 -1015.709 15.000
S_15 -19.613 -90.060 15.000
D_16 -26.485 -475.402 16.000
P_17 0.000 -195.996 11.000
Q_18 -18.409 -643.904 8.000
L_19 0.000 679.918 4.000
L_20 0.000 679.918 9.000
A_21 0.000 185.740 5.000
R_22 -19.414 -1015.709 7.000
F_23 0.000 560.542 9.000
Y_24 -10.601 -274.939 9.000
Y_25 -9.978 -274.939 8.000
A_26 0.000 185.740 12.000
D_27 -25.003 -475.402 14.000
E_28 -23.258 -605.239 12.000
E_29 -26.485 -605.239 16.000
L_30 0.000 679.918 16.000
N_31 -23.258 -507.047 12.000
Q_32 -18.409 -643.904 8.000
V_33 0.000 613.196 8.000
A_34 0.000 185.740 8.000
A_35 0.000 185.740 4.000
E_36 -18.409 -605.239 8.000
L_37 0.000 679.918 11.000
D_38 -22.253 -475.402 11.000
S_39 -17.098 -90.060 11.000
L_40 0.000 679.918 11.000
D_41 -23.258 -475.402 12.000
G_42 0.000 -27.649 12.000
R_43 -32.645 -1015.709 16.000
K_44 -17.811 -818.649 12.000
D_45 -26.485 -475.402 16.000
P_46 0.000 -195.996 16.000
Q_47 -24.169 -643.904 13.000
R_48 -28.412 -1015.709 12.000
C_49 0.000 322.480 12.000
T_50 -14.420 -90.974 8.000
L_51 0.000 679.918 3.000
L_52 0.000 679.918 6.000
V_53 0.000 613.196 7.000
S_54 -13.255 -90.060 7.000
Q_55 -23.258 -643.904 12.000
F_56 0.000 560.542 15.000
R_57 -28.412 -1015.709 12.000
S_58 -17.811 -90.060 12.000
C_59 0.000 322.480 16.000
Q_60 -25.772 -643.904 15.000
D_61 -23.258 -475.402 12.000
N_62 -23.258 -507.047 12.000
V_63 0.000 613.196 12.000
L_64 0.000 679.918 8.000
N_65 -7.878 -507.047 4.000
I_66 0.000 777.529 8.000
I_67 0.000 777.529 12.000
N_68 -18.409 -507.047 8.000
Q_69 -18.409 -643.904 8.000
I_70 0.000 777.529 12.000
M_71 0.000 401.769 12.000
D_72 -18.409 -475.402 8.000
E_73 -18.409 -605.239 8.000
C_74 0.000 322.480 8.000
I_75 0.000 777.529 8.000
P_76 0.000 -195.996 8.000
Q_77 -24.169 -643.904 13.000
D_78 -24.169 -475.402 13.000
R_79 -29.616 -1015.709 13.000
A_80 0.000 185.740 14.000
P_81 0.000 -195.996 14.000
R_82 -23.856 -1015.709 9.000
D_83 -19.866 -475.402 9.000
F_84 0.000 560.542 9.000
C_85 0.000 322.480 7.000
V_86 0.000 613.196 3.000
K_87 -4.441 -818.649 3.000
F_88 0.000 560.542 7.000
P_89 0.000 -195.996 11.000
E_90 -18.409 -605.239 8.000
E_91 -24.169 -605.239 13.000
I_92 0.000 777.529 15.000
R_93 -31.716 -1015.709 15.000
H_94 -13.255 -583.484 15.000
D_95 -25.772 -475.402 15.000
N_96 -21.132 -507.047 10.000
L_97 0.000 679.918 8.000
A_98 0.000 185.740 8.000
G_99 0.000 -27.649 4.000
Q_100 -11.867 -643.904 5.000
L_101 0.000 679.918 5.000
W_102 -3.990 -203.500 5.000
F_103 0.000 560.542 1.000
G_104 0.000 -27.649 5.000
A_105 0.000 185.740 4.000
E_106 -7.878 -605.239 4.000
C_107 0.000 322.480 4.000
L_108 0.000 679.918 4.000
A_109 0.000 185.740 0.000
A_110 0.000 185.740 3.000
G_111 0.000 -27.649 3.000
S_112 -4.441 -90.060 3.000
I_113 0.000 777.529 3.000
I_114 0.000 777.529 7.000
M_115 0.000 401.769 9.000
N_116 -24.169 -507.047 13.000
R_117 -29.616 -1015.709 13.000
E_118 -27.150 -605.239 17.000
L_119 0.000 679.918 16.000
E_120 -22.253 -605.239 11.000
S_121 -13.255 -90.060 7.000
M_122 0.000 401.769 7.000
A_123 0.000 185.740 8.000
M_124 0.000 401.769 5.000
R_125 -11.867 -1015.709 5.000
P_126 0.000 -195.996 5.000
L_127 0.000 679.918 8.000
A_128 0.000 185.740 7.000
K_129 -13.255 -818.649 7.000
E_130 -21.132 -605.239 10.000
L_131 0.000 679.918 15.000
T_132 -19.613 -90.974 15.000
R_133 -27.076 -1015.709 11.000
S_134 -19.613 -90.060 15.000
L_135 0.000 679.918 16.000
E_136 -22.253 -605.239 11.000
D_137 -24.169 -475.402 13.000
V_138 0.000 613.196 13.000
R_139 -23.856 -1015.709 9.000
G_140 0.000 -27.649 5.000
A_141 0.000 185.740 10.000
L_142 0.000 679.918 9.000
R_143 -29.616 -1015.709 13.000
D_144 -24.169 -475.402 13.000
Q_145 -24.169 -643.904 13.000
A_146 0.000 185.740 13.000
L_147 0.000 679.918 13.000
R_148 -23.856 -1015.709 9.000
D_149 -24.169 -475.402 13.000
L_150 0.000 679.918 16.000
N_151 -24.169 -507.047 13.000
T_152 -17.811 -90.974 12.000
Y_153 -13.586 -274.939 16.000
T_154 -19.613 -90.974 15.000
E_155 -23.258 -605.239 12.000
K_156 -19.613 -818.649 15.000
M_157 0.000 401.769 16.000
R_158 -28.412 -1015.709 12.000
E_159 -19.866 -605.239 9.000
A_160 0.000 185.740 14.000
L_161 0.000 679.918 11.000
R_162 -19.414 -1015.709 7.000
H_163 -11.652 -583.484 11.000
F_164 0.000 560.542 11.000
D_165 -14.591 -475.402 6.000
V_166 0.000 613.196 4.000
L_167 0.000 679.918 4.000
F_168 0.000 560.542 4.000
A_169 0.000 185.740 4.000
E_170 -18.409 -605.239 8.000
F_171 0.000 560.542 8.000
E_172 -22.253 -605.239 11.000
L_173 0.000 679.918 9.000
S_174 -15.425 -90.060 9.000
Y_175 -9.978 -274.939 8.000
V_176 0.000 613.196 8.000
S_177 -10.149 -90.060 5.000
A_178 0.000 185.740 3.000
M_179 0.000 401.769 3.000
V_180 0.000 613.196 0.000
P_181 0.000 -195.996 3.000
V_182 0.000 613.196 6.000
K_183 -11.867 -818.649 6.000
S_184 -17.098 -90.060 11.000
P_185 0.000 -195.996 15.000
R_186 -30.711 -1015.709 14.000
E_187 -24.169 -605.239 13.000
Y_188 -12.518 -274.939 13.000
Y_189 -12.104 -274.939 12.000
V_190 0.000 613.196 12.000
Q_191 -25.003 -643.904 14.000
Q_192 -23.258 -643.904 12.000
E_193 -23.258 -605.239 12.000
V_194 0.000 613.196 8.000
I_195 0.000 777.529 4.000
V_196 0.000 613.196 0.000
L_197 0.000 679.918 0.000
F_198 0.000 560.542 4.000
C_199 0.000 322.480 7.000
E_200 -16.691 -605.239 7.000
T_201 -17.098 -90.974 11.000
V_202 0.000 613.196 16.000
E_203 -23.258 -605.239 12.000
R_204 -23.856 -1015.709 9.000
A_205 0.000 185.740 13.000
L_206 0.000 679.918 9.000
D_207 -7.878 -475.402 4.000
F_208 0.000 560.542 6.000
G_209 0.000 -27.649 6.000
Y_210 -7.426 -274.939 5.000
L_211 0.000 679.918 9.000
T_212 -18.462 -90.974 13.000
Q_213 -22.253 -643.904 11.000
D_214 -22.253 -475.402 11.000
M_215 0.000 401.769 12.000
I_216 0.000 777.529 12.000
D_217 -21.132 -475.402 10.000
D_218 -25.003 -475.402 14.000
Y_219 -12.900 -274.939 14.000
E_220 -21.132 -605.239 10.000
P_221 0.000 -195.996 6.000
A_222 0.000 185.740 4.000
L_223 0.000 679.918 0.000
M_224 0.000 401.769 3.000
F_225 0.000 560.542 3.000
S_226 -4.441 -90.060 3.000
I_227 0.000 777.529 8.000
P_228 0.000 -195.996 8.000
R_229 -11.867 -1015.709 5.000
L_230 0.000 679.918 5.000
A_231 0.000 185.740 5.000
I_232 0.000 777.529 0.000
V_233 0.000 613.196 0.000
C_234 0.000 322.480 0.000
G_235 0.000 -27.649 0.000
L_236 0.000 679.918 0.000
V_237 0.000 613.196 2.000
V_238 0.000 613.196 2.000
Y_239 -8.431 -274.939 6.000
A_240 0.000 185.740 6.000
D_241 -14.591 -475.402 6.000
G_242 0.000 -27.649 4.000
P_243 0.000 -195.996 8.000
L_244 0.000 679.918 4.000
N_245 -18.409 -507.047 8.000
L_246 0.000 679.918 13.000
D_247 -26.485 -475.402 16.000
R_248 -28.412 -1015.709 12.000
K_249 -20.127 -818.649 16.000
V_250 0.000 613.196 16.000
E_251 -22.253 -605.239 11.000
D_252 -22.253 -475.402 11.000
M_253 0.000 401.769 15.000
S_254 -17.098 -90.060 11.000
E_255 -16.691 -605.239 7.000
L_256 0.000 679.918 12.000
F_257 0.000 560.542 9.000
R_258 -11.867 -1015.709 5.000
P_259 0.000 -195.996 7.000
F_260 0.000 560.542 10.000
H_261 -7.426 -583.484 5.000
T_262 -10.149 -90.974 5.000
L_263 0.000 679.918 10.000
L_264 0.000 679.918 11.000
R_265 -21.845 -1015.709 8.000
K_266 -18.462 -818.649 13.000
I_267 0.000 777.529 17.000
R_268 -28.412 -1015.709 12.000
D_269 -19.866 -475.402 9.000
L_270 0.000 679.918 13.000
L_271 0.000 679.918 11.000
Q_272 -16.691 -643.904 7.000
T_273 -16.309 -90.974 10.000
L_274 0.000 679.918 14.000
T_275 -19.059 -90.974 14.000
E_276 -25.772 -605.239 15.000
E_277 -25.772 -605.239 15.000
E_278 -25.003 -605.239 14.000
L_279 0.000 679.918 13.000
H_280 -10.601 -583.484 9.000
T_281 -15.425 -90.974 9.000
L_282 0.000 679.918 14.000
E_283 -26.485 -605.239 16.000
R_284 -29.616 -1015.709 13.000
N_285 -24.169 -507.047 13.000
L_286 0.000 679.918 9.000
C_287 0.000 322.480 7.000
I_288 0.000 777.529 7.000
S_289 -17.098 -90.060 11.000
Q_290 -22.253 -643.904 11.000
D_291 -25.772 -475.402 15.000
V_292 0.000 613.196 12.000
E_293 -18.409 -605.239 8.000
F_294 0.000 560.542 4.000
P_295 0.000 -195.996 9.000
I_296 0.000 777.529 5.000
R_297 -23.856 -1015.709 9.000
A_298 0.000 185.740 9.000
D_299 -24.169 -475.402 13.000
V_300 0.000 613.196 8.000
Q_301 -18.409 -643.904 8.000
G_302 0.000 -27.649 4.000
P_303 0.000 -195.996 4.000
A_304 0.000 185.740 0.000
A_305 0.000 185.740 0.000
L_306 0.000 679.918 0.000
A_307 0.000 185.740 0.000
P_308 0.000 -195.996 0.000
A_309 0.000 185.740 3.000
L_310 0.000 679.918 3.000
S_311 -4.441 -90.060 3.000
A_312 0.000 185.740 3.000
P_313 0.000 -195.996 3.000
L_314 0.000 679.918 0.000
P_315 0.000 -195.996 4.000
P_316 0.000 -195.996 4.000
E_317 -7.878 -605.239 4.000
G_318 0.000 -27.649 4.000
P_319 0.000 -195.996 7.000
L_320 0.000 679.918 3.000
S_321 -11.867 -90.060 6.000
A_322 0.000 185.740 6.000
K_323 -15.425 -818.649 9.000
A_324 0.000 185.740 10.000
K_325 -16.309 -818.649 10.000
D_326 -22.253 -475.402 11.000
P_327 0.000 -195.996 11.000
D_328 -23.258 -475.402 12.000
A_329 0.000 185.740 8.000
E_330 -18.409 -605.239 8.000
L_331 0.000 679.918 4.000
A_332 0.000 185.740 7.000
C_333 0.000 322.480 3.000
S_334 -13.255 -90.060 7.000
M_335 0.000 401.769 9.000
Q_336 -24.169 -643.904 13.000
Y_337 -12.900 -274.939 14.000
D_338 -27.773 -475.402 18.000
D_339 -27.773 -475.402 18.000
Q_340 -26.485 -643.904 16.000
E_341 -26.485 -605.239 16.000
L_342 0.000 679.918 16.000
E_343 -23.258 -605.239 12.000
Q_344 -22.253 -643.904 11.000
L_345 0.000 679.918 16.000
S_346 -17.811 -90.060 12.000
R_347 -21.845 -1015.709 8.000
M_348 0.000 401.769 10.000
V_349 0.000 613.196 12.000
H_350 -9.265 -583.484 7.000
R_351 -19.414 -1015.709 7.000
A_352 0.000 185.740 11.000
G_353 0.000 -27.649 13.000
D_354 -18.409 -475.402 8.000
E_355 -22.253 -605.239 11.000
M_356 0.000 401.769 14.000
S_357 -16.309 -90.060 10.000
S_358 -11.867 -90.060 6.000
L_359 0.000 679.918 9.000
L_360 0.000 679.918 6.000
S_361 -4.441 -90.060 3.000
P_362 0.000 -195.996 3.000
P_363 0.000 -195.996 3.000
I_364 0.000 777.529 0.000
A_365 0.000 185.740 4.000
C_366 0.000 322.480 7.000
Q_367 -16.691 -643.904 7.000
S_368 -13.255 -90.060 7.000
P_369 0.000 -195.996 9.000
A_370 0.000 185.740 10.000
H_371 -9.265 -583.484 7.000
R_372 -19.414 -1015.709 7.000
P_373 0.000 -195.996 7.000
G_374 0.000 -27.649 9.000
A_375 0.000 185.740 4.000
E_376 -16.691 -605.239 7.000
G_377 0.000 -27.649 7.000
S_378 -13.255 -90.060 7.000
P_379 0.000 -195.996 3.000
G_380 0.000 -27.649 7.000
G_381 0.000 -27.649 4.000
E_382 -16.691 -605.239 7.000
A_383 0.000 185.740 7.000
S_384 -13.255 -90.060 7.000
P_385 0.000 -195.996 8.000
G_386 0.000 -27.649 8.000
R_387 -25.574 -1015.709 10.000
P_388 0.000 -195.996 10.000
R_389 -31.716 -1015.709 15.000
L_390 0.000 679.918 13.000
R_391 -29.616 -1015.709 13.000
S_392 -17.098 -90.060 11.000
G_393 0.000 -27.649 15.000
S_394 -19.059 -90.060 14.000
D_395 -25.772 -475.402 15.000
E_396 -28.359 -605.239 19.000
E_397 -29.436 -605.239 21.000
E_398 -27.150 -605.239 17.000
R_399 -29.616 -1015.709 13.000
V_400 0.000 613.196 9.000
F_401 0.000 560.542 5.000
F_402 0.000 560.542 4.000
M_403 0.000 401.769 8.000
D_404 -18.409 -475.402 8.000
D_405 -23.258 -475.402 12.000
V_406 0.000 613.196 12.000
E_407 -22.253 -605.239 11.000
G_408 0.000 -27.649 7.000
T_409 -17.098 -90.974 11.000
A_410 0.000 185.740 7.000
E_411 -16.691 -605.239 7.000
A_412 0.000 185.740 4.000
L_413 0.000 679.918 9.000
A_414 0.000 185.740 5.000
R_415 -23.856 -1015.709 9.000
P_416 0.000 -195.996 12.000
E_417 -23.258 -605.239 12.000
S_418 -13.255 -90.060 7.000
P_419 0.000 -195.996 7.000
A_420 0.000 185.740 3.000
G_421 0.000 -27.649 0.000
P_422 0.000 -195.996 0.000
F_423 0.000 560.542 1.000
G_424 0.000 -27.649 1.000
W_425 -0.000 -203.500 1.000
A_426 0.000 185.740 4.000
G_427 0.000 -27.649 7.000
S_428 -13.255 -90.060 7.000
T_429 -13.255 -90.974 7.000
W_430 -5.944 -203.500 11.000
A_431 0.000 185.740 8.000
D_432 -19.866 -475.402 9.000
P_433 0.000 -195.996 12.000
Q_434 -25.772 -643.904 15.000
E_435 -22.253 -605.239 11.000
K_436 -19.613 -818.649 15.000
G_437 0.000 -27.649 11.000
Q_438 -16.691 -643.904 7.000
G_439 0.000 -27.649 4.000
G_440 0.000 -27.649 4.000
P_441 0.000 -195.996 0.000
G_442 0.000 -27.649 0.000
G_443 0.000 -27.649 0.000
A_444 0.000 185.740 0.000
A_445 0.000 185.740 0.000
G_446 0.000 -27.649 3.000
I_447 0.000 777.529 3.000
S_448 -4.441 -90.060 3.000
L_449 0.000 679.918 3.000
P_450 0.000 -195.996 6.000
A_451 0.000 185.740 7.000
S_452 -16.309 -90.060 10.000
E_453 -25.003 -605.239 14.000
K_454 -21.060 -818.649 18.000
E_455 -28.359 -605.239 19.000
E_456 -25.772 -605.239 15.000
D_457 -25.772 -475.402 15.000
L_458 0.000 679.918 15.000
S_459 -19.613 -90.060 15.000
N_460 -25.772 -507.047 15.000
N_461 -25.772 -507.047 15.000
N_462 -26.485 -507.047 16.000
L_463 0.000 679.918 12.000
E_464 -23.258 -605.239 12.000
A_465 0.000 185.740 8.000
E_466 -22.253 -605.239 11.000
G_467 0.000 -27.649 11.000
T_468 -17.098 -90.974 11.000
D_469 -16.691 -475.402 7.000
G_470 0.000 -27.649 10.000
A_471 0.000 185.740 7.000
S_472 -4.441 -90.060 3.000
L_473 0.000 679.918 3.000
A_474 0.000 185.740 6.000
G_475 0.000 -27.649 6.000
T_476 -15.425 -90.974 9.000
S_477 -15.425 -90.060 9.000
S_478 -17.811 -90.060 12.000
C_479 0.000 322.480 9.000
S_480 -11.867 -90.060 6.000
C_481 0.000 322.480 7.000
L_482 0.000 679.918 10.000
D_483 -23.258 -475.402 12.000
S_484 -17.811 -90.060 12.000
R_485 -30.711 -1015.709 14.000
L_486 0.000 679.918 10.000
H_487 -11.652 -583.484 11.000
L_488 0.000 679.918 6.000
D_489 -16.691 -475.402 7.000
G_490 0.000 -27.649 9.000
W_491 -5.447 -203.500 9.000
E_492 -11.867 -605.239 5.000
V_493 0.000 613.196 5.000
G_494 0.000 -27.649 8.000
A_495 0.000 185.740 8.000
D_496 -18.409 -475.402 8.000
D_497 -23.258 -475.402 12.000
A_498 0.000 185.740 15.000
E_499 -22.253 -605.239 11.000
T_500 -17.098 -90.974 11.000
A_501 0.000 185.740 11.000
E_502 -16.691 -605.239 7.000
M_503 0.000 401.769 4.000
I_504 0.000 777.529 6.000
A_505 0.000 185.740 7.000
H_506 -11.154 -583.484 10.000
R_507 -25.574 -1015.709 10.000
T_508 -16.309 -90.974 10.000
G_509 0.000 -27.649 8.000
G_510 0.000 -27.649 6.000
M_511 0.000 401.769 3.000
K_512 -11.867 -818.649 6.000
L_513 0.000 679.918 6.000
S_514 -15.425 -90.060 9.000
A_515 0.000 185.740 6.000
T_516 -11.867 -90.974 6.000
V_517 0.000 613.196 3.000
I_518 0.000 777.529 7.000
F_519 0.000 560.542 4.000
N_520 -16.691 -507.047 7.000
P_521 0.000 -195.996 10.000
K_522 -16.309 -818.649 10.000
S_523 -15.425 -90.060 9.000
P_524 0.000 -195.996 12.000
T_525 -15.425 -90.974 9.000
S_526 -16.309 -90.060 10.000
L_527 0.000 679.918 13.000
D_528 -21.132 -475.402 10.000
S_529 -13.255 -90.060 7.000
A_530 0.000 185.740 7.000
V_531 0.000 613.196 6.000
A_532 0.000 185.740 7.000
T_533 -17.098 -90.974 11.000
Q_534 -22.253 -643.904 11.000
E_535 -22.253 -605.239 11.000
A_536 0.000 185.740 11.000
A_537 0.000 185.740 11.000
S_538 -13.255 -90.060 7.000
E_539 -16.691 -605.239 7.000
P_540 0.000 -195.996 7.000
V_541 0.000 613.196 8.000
A_542 0.000 185.740 4.000
E_543 -7.878 -605.239 4.000
G_544 0.000 -27.649 8.000
M_545 0.000 401.769 8.000
D_546 -7.878 -475.402 4.000
G_547 0.000 -27.649 4.000
G_548 0.000 -27.649 6.000
P_549 0.000 -195.996 5.000
H_550 -7.426 -583.484 5.000
K_551 -14.420 -818.649 8.000
L_552 0.000 679.918 11.000
S_553 -15.425 -90.060 9.000
T_554 -11.867 -90.974 6.000
G_555 0.000 -27.649 9.000
A_556 0.000 185.740 10.000
T_557 -13.255 -90.974 7.000
N_558 -16.691 -507.047 7.000
C_559 0.000 322.480 7.000
L_560 0.000 679.918 6.000
L_561 0.000 679.918 5.000
H_562 -7.426 -583.484 5.000
S_563 -10.149 -90.060 5.000
C_564 0.000 322.480 5.000
V_565 0.000 613.196 3.000
C_566 0.000 322.480 0.000
C_567 0.000 322.480 3.000
G_568 0.000 -27.649 3.000
S_569 -4.441 -90.060 3.000
C_570 0.000 322.480 7.000
G_571 0.000 -27.649 10.000
D_572 -23.258 -475.402 12.000
S_573 -20.127 -90.060 16.000
R_574 -35.785 -1015.709 20.000
E_575 -26.485 -605.239 16.000
D_576 -24.169 -475.402 13.000
V_577 0.000 613.196 12.000
V_578 0.000 613.196 13.000
E_579 -19.866 -605.239 9.000
R_580 -30.711 -1015.709 14.000
L_581 0.000 679.918 18.000
R_582 -33.508 -1015.709 17.000
E_583 -23.258 -605.239 12.000
K_584 -19.613 -818.649 15.000
C_585 0.000 322.480 10.000
S_586 -11.867 -90.060 6.000
P_587 0.000 -195.996 3.000
G_588 0.000 -27.649 3.000
G_589 0.000 -27.649 0.000
V_590 0.000 613.196 0.000
I_591 0.000 777.529 0.000
G_592 0.000 -27.649 3.000
A_593 0.000 185.740 5.000
S_594 -10.149 -90.060 5.000
Y_595 -7.426 -274.939 5.000
A_596 0.000 185.740 5.000
A_597 0.000 185.740 2.000
G_598 0.000 -27.649 0.000
L_599 0.000 679.918 3.000
A_600 0.000 185.740 3.000
K_601 -11.867 -818.649 6.000
A_602 0.000 185.740 10.000
S_603 -19.613 -90.060 15.000
D_604 -23.258 -475.402 12.000
R_605 -28.412 -1015.709 12.000
A_606 0.000 185.740 13.000
P_607 0.000 -195.996 14.000
E_608 -24.169 -605.239 13.000
R_609 -33.508 -1015.709 17.000
Q_610 -29.436 -643.904 21.000
E_611 -27.150 -605.239 17.000
E_612 -23.258 -605.239 12.000
A_613 0.000 185.740 8.000
P_614 0.000 -195.996 4.000
P_615 0.000 -195.996 3.000
P_616 0.000 -195.996 7.000
S_617 -17.098 -90.060 11.000
E_618 -22.253 -605.239 11.000
D_619 -25.003 -475.402 14.000
A_620 0.000 185.740 15.000
S_621 -17.098 -90.060 11.000
N_622 -23.258 -507.047 12.000
G_623 0.000 -27.649 16.000
R_624 -29.616 -1015.709 13.000
E_625 -23.258 -605.239 12.000
P_626 0.000 -195.996 12.000
K_627 -13.255 -818.649 7.000
A_628 0.000 185.740 6.000
P_629 0.000 -195.996 9.000
T_630 -16.309 -90.974 10.000
S_631 -18.462 -90.060 13.000
D_632 -24.169 -475.402 13.000
K_633 -16.309 -818.649 10.000
C_634 0.000 322.480 7.000
L_635 0.000 679.918 5.000
P_636 0.000 -195.996 5.000
H_637 -9.978 -583.484 8.000
T_638 -14.420 -90.974 8.000
S_639 -17.098 -90.060 11.000
G_640 0.000 -27.649 13.000
S_641 -16.309 -90.060 10.000
Q_642 -22.253 -643.904 11.000
V_643 0.000 613.196 14.000
D_644 -22.253 -475.402 11.000
T_645 -16.309 -90.974 10.000
A_646 0.000 185.740 10.000
S_647 -11.867 -90.060 6.000
G_648 0.000 -27.649 7.000
L_649 0.000 679.918 7.000
Q_650 -18.409 -643.904 8.000
G_651 0.000 -27.649 8.000
E_652 -18.409 -605.239 8.000
A_653 0.000 185.740 4.000
G_654 0.000 -27.649 4.000
V_655 0.000 613.196 0.000
A_656 0.000 185.740 4.000
G_657 0.000 -27.649 8.000
Q_658 -23.258 -643.904 12.000
Q_659 -23.258 -643.904 12.000
E_660 -26.485 -605.239 16.000
P_661 0.000 -195.996 12.000
E_662 -24.169 -605.239 13.000
A_663 0.000 185.740 13.000
R_664 -29.616 -1015.709 13.000
E_665 -22.253 -605.239 11.000
L_666 0.000 679.918 11.000
H_667 -8.431 -583.484 6.000
A_668 0.000 185.740 5.000
G_669 0.000 -27.649 5.000
S_670 -11.867 -90.060 6.000
P_671 0.000 -195.996 6.000
S_672 -14.420 -90.060 8.000
A_673 0.000 185.740 9.000
H_674 -10.601 -583.484 9.000
E_675 -14.591 -605.239 6.000
A_676 0.000 185.740 10.000
P_677 0.000 -195.996 8.000
Q_678 -7.878 -643.904 4.000
A_679 0.000 185.740 7.000
L_680 0.000 679.918 7.000
S_681 -11.867 -90.060 6.000
G_682 0.000 -27.649 9.000
S_683 -17.811 -90.060 12.000
S_684 -17.811 -90.060 12.000
S_685 -19.613 -90.060 15.000
S_686 -17.811 -90.060 12.000
T_687 -15.425 -90.974 9.000
A_688 0.000 185.740 9.000
G_689 0.000 -27.649 6.000
S_690 -11.867 -90.060 6.000
C_691 0.000 322.480 9.000
S_692 -18.462 -90.060 13.000
S_693 -18.462 -90.060 13.000
D_694 -24.169 -475.402 13.000
K_695 -16.309 -818.649 10.000
M_696 0.000 401.769 7.000
G_697 0.000 -27.649 7.000
P_698 0.000 -195.996 4.000
E_699 -7.878 -605.239 4.000
A_700 0.000 185.740 4.000
A_701 0.000 185.740 4.000
P_702 0.000 -195.996 0.000
A_703 0.000 185.740 3.000
A_704 0.000 185.740 5.000
T_705 -10.149 -90.974 5.000
H_706 -7.426 -583.484 5.000
A_707 0.000 185.740 5.000
A_708 0.000 185.740 6.000
P_709 0.000 -195.996 4.000
Q_710 -16.691 -643.904 7.000
A_711 0.000 185.740 12.000
T_712 -20.127 -90.974 16.000
R_713 -31.716 -1015.709 15.000
E_714 -25.772 -605.239 15.000
K_715 -20.609 -818.649 17.000
I_716 0.000 777.529 15.000
R_717 -32.645 -1015.709 16.000
S_718 -18.462 -90.060 13.000
R_719 -31.716 -1015.709 15.000
F_720 0.000 560.542 10.000
H_721 -11.154 -583.484 10.000
G_722 0.000 -27.649 7.000
S_723 -17.098 -90.060 11.000
H_724 -10.601 -583.484 9.000
D_725 -19.866 -475.402 9.000
L_726 0.000 679.918 8.000
I_727 0.000 777.529 11.000
H_728 -9.265 -583.484 7.000
R_729 -19.414 -1015.709 7.000
L_730 0.000 679.918 7.000
F_731 0.000 560.542 5.000
V_732 0.000 613.196 0.000
C_733 0.000 322.480 3.000
I_734 0.000 777.529 3.000
S_735 -4.441 -90.060 3.000
G_736 0.000 -27.649 3.000
V_737 0.000 613.196 7.000
A_738 0.000 185.740 8.000
D_739 -18.409 -475.402 8.000
Q_740 -23.258 -643.904 12.000
L_741 0.000 679.918 15.000
Q_742 -25.772 -643.904 15.000
T_743 -18.462 -90.974 13.000
N_744 -24.169 -507.047 13.000
Y_745 -12.104 -274.939 12.000
A_746 0.000 185.740 13.000
S_747 -15.425 -90.060 9.000
D_748 -23.258 -475.402 12.000
L_749 0.000 679.918 15.000
R_750 -28.412 -1015.709 12.000
S_751 -14.420 -90.060 8.000
I_752 0.000 777.529 11.000
L_753 0.000 679.918 9.000
K_754 -11.867 -818.649 6.000
T_755 -11.867 -90.974 6.000
L_756 0.000 679.918 10.000
F_757 0.000 560.542 7.000
E_758 -7.878 -605.239 4.000
V_759 0.000 613.196 4.000
M_760 0.000 401.769 7.000
A_761 0.000 185.740 6.000
T_762 -11.867 -90.974 6.000
K_763 -16.309 -818.649 10.000
P_764 0.000 -195.996 13.000
E_765 -25.003 -605.239 14.000
T_766 -19.613 -90.974 15.000
D_767 -27.773 -475.402 18.000
D_768 -27.773 -475.402 18.000
K_769 -21.060 -818.649 18.000
E_770 -25.003 -605.239 14.000
K_771 -19.613 -818.649 15.000
L_772 0.000 679.918 15.000
R_773 -27.076 -1015.709 11.000
K_774 -17.098 -818.649 11.000
V_775 0.000 613.196 15.000
T_776 -18.462 -90.974 13.000
Q_777 -21.132 -643.904 10.000
T_778 -19.613 -90.974 15.000
L_779 0.000 679.918 15.000
R_780 -27.076 -1015.709 11.000
S_781 -14.420 -90.060 8.000
A_782 0.000 185.740 8.000
A_783 0.000 185.740 7.000
L_784 0.000 679.918 8.000
E_785 -18.409 -605.239 8.000
D_786 -18.409 -475.402 8.000
C_787 0.000 322.480 8.000
A_788 0.000 185.740 4.000
L_789 0.000 679.918 4.000
C_790 0.000 322.480 8.000
Q_791 -22.253 -643.904 11.000
E_792 -22.253 -605.239 11.000
T_793 -19.059 -90.974 14.000
L_794 0.000 679.918 13.000
S_795 -17.811 -90.060 12.000
S_796 -18.462 -90.060 13.000
S_797 -18.462 -90.060 13.000
E_798 -21.132 -605.239 10.000
L_799 0.000 679.918 7.000
A_800 0.000 185.740 7.000
A_801 0.000 185.740 6.000
K_802 -17.098 -818.649 11.000
T_803 -19.613 -90.974 15.000
R_804 -31.716 -1015.709 15.000
D_805 -26.485 -475.402 16.000
G_806 0.000 -27.649 13.000
D_807 -23.258 -475.402 12.000
F_808 0.000 560.542 12.000
E_809 -23.258 -605.239 12.000
D_810 -18.409 -475.402 8.000
P_811 0.000 -195.996 12.000
P_812 0.000 -195.996 9.000
E_813 -11.867 -605.239 5.000
W_814 -3.990 -203.500 5.000
V_815 0.000 613.196 9.000
P_816 0.000 -195.996 9.000
D_817 -18.409 -475.402 8.000
E_818 -18.409 -605.239 8.000
A_819 0.000 185.740 8.000
C_820 0.000 322.480 4.000
G_821 0.000 -27.649 0.000
F_822 0.000 560.542 3.000
C_823 0.000 322.480 3.000
T_824 -4.441 -90.974 3.000
A_825 0.000 185.740 6.000
C_826 0.000 322.480 6.000
K_827 -4.441 -818.649 3.000
A_828 0.000 185.740 3.000
P_829 0.000 -195.996 6.000
F_830 0.000 560.542 3.000
T_831 -4.441 -90.974 3.000
V_832 0.000 613.196 8.000
I_833 0.000 777.529 13.000
R_834 -29.616 -1015.709 13.000
R_835 -31.716 -1015.709 15.000
K_836 -20.609 -818.649 17.000
H_837 -12.104 -583.484 12.000
H_838 -12.104 -583.484 12.000
C_839 0.000 322.480 12.000
R_840 -25.574 -1015.709 10.000
S_841 -14.420 -90.060 8.000
C_842 0.000 322.480 11.000
G_843 0.000 -27.649 6.000
K_844 -4.441 -818.649 3.000
I_845 0.000 777.529 3.000
F_846 0.000 560.542 6.000
C_847 0.000 322.480 8.000
S_848 -14.420 -90.060 8.000
R_849 -27.076 -1015.709 11.000
C_850 0.000 322.480 14.000
S_851 -18.462 -90.060 13.000
S_852 -17.098 -90.060 11.000
H_853 -11.652 -583.484 11.000
S_854 -14.420 -90.060 8.000
A_855 0.000 185.740 5.000
P_856 0.000 -195.996 3.000
L_857 0.000 679.918 5.000
P_858 0.000 -195.996 7.000
R_859 -19.414 -1015.709 7.000
Y_860 -11.652 -274.939 11.000
G_861 0.000 -27.649 11.000
Q_862 -19.866 -643.904 9.000
V_863 0.000 613.196 7.000
K_864 -13.255 -818.649 7.000
P_865 0.000 -195.996 8.000
V_866 0.000 613.196 8.000
R_867 -11.867 -1015.709 5.000
V_868 0.000 613.196 8.000
C_869 0.000 322.480 10.000
T_870 -10.149 -90.974 5.000
H_871 -9.265 -583.484 7.000
C_872 0.000 322.480 7.000
Y_873 -6.160 -274.939 4.000
M_874 0.000 401.769 4.000
F_875 0.000 560.542 4.000
H_876 -7.426 -583.484 5.000
V_877 0.000 613.196 5.000
T_878 -10.149 -90.974 5.000
P_879 0.000 -195.996 5.000
F_880 0.000 560.542 8.000
Y_881 -10.601 -274.939 9.000
S_882 -17.811 -90.060 12.000
D_883 -23.258 -475.402 12.000
K_884 -16.309 -818.649 10.000
A_885 0.000 185.740 7.000
G_886 0.000 -27.649 3.000
L_887 0.000 679.918 0.000
