M_1 0.000 401.769 4.000
A_2 0.000 185.740 4.000
Q_3 -7.878 -643.904 4.000
P_4 0.000 -195.996 4.000
L_5 0.000 679.918 4.000
A_6 0.000 185.740 0.000
F_7 0.000 560.542 0.000
I_8 0.000 777.529 4.000
L_9 0.000 679.918 4.000
D_10 -7.878 -475.402 4.000
V_11 0.000 613.196 8.000
P_12 0.000 -195.996 11.000
E_13 -16.691 -605.239 7.000
T_14 -13.255 -90.974 7.000
P_15 0.000 -195.996 11.000
G_16 0.000 -27.649 11.000
D_17 -18.409 -475.402 8.000
Q_18 -23.258 -643.904 12.000
G_19 0.000 -27.649 12.000
Q_20 -18.409 -643.904 8.000
G_21 0.000 -27.649 7.000
P_22 0.000 -195.996 7.000
S_23 -10.149 -90.060 5.000
P_24 0.000 -195.996 9.000
Y_25 -12.518 -274.939 13.000
D_26 -24.169 -475.402 13.000
E_27 -27.150 -605.239 17.000
S_28 -19.613 -90.060 15.000
E_29 -24.169 -605.239 13.000
V_30 0.000 613.196 13.000
H_31 -12.518 -583.484 13.000
D_32 -19.866 -475.402 9.000
S_33 -18.462 -90.060 13.000
F_34 0.000 560.542 15.000
Q_35 -22.253 -643.904 11.000
Q_36 -18.409 -643.904 8.000
L_37 0.000 679.918 12.000
I_38 0.000 777.529 12.000
Q_39 -23.258 -643.904 12.000
E_40 -25.772 -605.239 15.000
Q_41 -28.359 -643.904 19.000
S_42 -19.613 -90.060 15.000
Q_43 -25.003 -643.904 14.000
C_44 0.000 322.480 10.000
T_45 -17.098 -90.974 11.000
A_46 0.000 185.740 11.000
Q_47 -22.253 -643.904 11.000
E_48 -18.409 -605.239 8.000
G_49 0.000 -27.649 12.000
L_50 0.000 679.918 8.000
E_51 -18.409 -605.239 8.000
L_52 0.000 679.918 12.000
Q_53 -27.150 -643.904 17.000
Q_54 -27.150 -643.904 17.000
R_55 -37.098 -1015.709 22.000
E_56 -29.934 -605.239 22.000
R_57 -34.315 -1015.709 18.000
E_58 -26.485 -605.239 16.000
V_59 0.000 613.196 12.000
T_60 -16.309 -90.974 10.000
G_61 0.000 -27.649 9.000
S_62 -18.462 -90.060 13.000
S_63 -19.059 -90.060 14.000
Q_64 -27.150 -643.904 17.000
Q_65 -25.003 -643.904 14.000
T_66 -17.811 -90.974 12.000
L_67 0.000 679.918 13.000
W_68 -5.447 -203.500 9.000
R_69 -25.574 -1015.709 10.000
P_70 0.000 -195.996 10.000
E_71 -23.258 -605.239 12.000
G_72 0.000 -27.649 11.000
T_73 -19.059 -90.974 14.000
Q_74 -24.169 -643.904 13.000
S_75 -18.462 -90.060 13.000
T_76 -18.462 -90.974 13.000
A_77 0.000 185.740 9.000
T_78 -17.098 -90.974 11.000
L_79 0.000 679.918 8.000
R_80 -21.845 -1015.709 8.000
I_81 0.000 777.529 5.000
L_82 0.000 679.918 8.000
A_83 0.000 185.740 3.000
S_84 -4.441 -90.060 3.000
M_85 0.000 401.769 6.000
P_86 0.000 -195.996 11.000
S_87 -17.098 -90.060 11.000
R_88 -27.076 -1015.709 11.000
T_89 -17.098 -90.974 11.000
I_90 0.000 777.529 13.000
G_91 0.000 -27.649 11.000
R_92 -29.616 -1015.709 13.000
S_93 -18.462 -90.060 13.000
R_94 -29.616 -1015.709 13.000
G_95 0.000 -27.649 8.000
A_96 0.000 185.740 5.000
I_97 0.000 777.529 3.000
I_98 0.000 777.529 7.000
S_99 -15.425 -90.060 9.000
Q_100 -22.253 -643.904 11.000
Y_101 -13.255 -274.939 15.000
Y_102 -13.896 -274.939 17.000
N_103 -26.485 -507.047 16.000
R_104 -30.711 -1015.709 14.000
T_105 -20.127 -90.974 16.000
V_106 0.000 613.196 12.000
Q_107 -23.258 -643.904 12.000
L_108 0.000 679.918 9.000
R_109 -30.711 -1015.709 14.000
C_110 0.000 322.480 13.000
R_111 -32.645 -1015.709 16.000
S_112 -20.127 -90.060 16.000
S_113 -20.127 -90.060 16.000
R_114 -27.076 -1015.709 11.000
P_115 0.000 -195.996 8.000
L_116 0.000 679.918 5.000
L_117 0.000 679.918 4.000
G_118 0.000 -27.649 4.000
N_119 -7.878 -507.047 4.000
F_120 0.000 560.542 9.000
V_121 0.000 613.196 12.000
R_122 -21.845 -1015.709 8.000
S_123 -15.425 -90.060 9.000
A_124 0.000 185.740 9.000
W_125 -4.824 -203.500 7.000
P_126 0.000 -195.996 4.000
S_127 -15.425 -90.060 9.000
L_128 0.000 679.918 8.000
R_129 -25.574 -1015.709 10.000
L_130 0.000 679.918 11.000
Y_131 -11.652 -274.939 11.000
D_132 -21.132 -475.402 10.000
L_133 0.000 679.918 10.000
E_134 -23.258 -605.239 12.000
L_135 0.000 679.918 8.000
D_136 -22.253 -475.402 11.000
P_137 0.000 -195.996 7.000
T_138 -13.255 -90.974 7.000
A_139 0.000 185.740 7.000
L_140 0.000 679.918 11.000
E_141 -23.258 -605.239 12.000
E_142 -26.485 -605.239 16.000
E_143 -28.359 -605.239 19.000
E_144 -28.359 -605.239 19.000
K_145 -21.060 -818.649 18.000
Q_146 -25.003 -643.904 14.000
S_147 -16.309 -90.060 10.000
L_148 0.000 679.918 7.000
L_149 0.000 679.918 6.000
V_150 0.000 613.196 7.000
K_151 -13.255 -818.649 7.000
E_152 -22.253 -605.239 11.000
L_153 0.000 679.918 14.000
Q_154 -22.253 -643.904 11.000
S_155 -13.255 -90.060 7.000
L_156 0.000 679.918 7.000
A_157 0.000 185.740 3.000
V_158 0.000 613.196 4.000
A_159 0.000 185.740 9.000
Q_160 -24.169 -643.904 13.000
R_161 -31.716 -1015.709 15.000
D_162 -25.772 -475.402 15.000
H_163 -11.652 -583.484 11.000
M_164 0.000 401.769 11.000
L_165 0.000 679.918 7.000
R_166 -11.867 -1015.709 5.000
G_167 0.000 -27.649 5.000
M_168 0.000 401.769 5.000
P_169 0.000 -195.996 3.000
L_170 0.000 679.918 3.000
S_171 -4.441 -90.060 3.000
L_172 0.000 679.918 7.000
A_173 0.000 185.740 10.000
E_174 -23.258 -605.239 12.000
K_175 -19.613 -818.649 15.000
R_176 -31.716 -1015.709 15.000
S_177 -20.127 -90.060 16.000
L_178 0.000 679.918 17.000
R_179 -31.716 -1015.709 15.000
E_180 -25.772 -605.239 15.000
K_181 -21.889 -818.649 20.000
S_182 -21.060 -90.060 18.000
R_183 -30.711 -1015.709 14.000
T_184 -20.127 -90.974 16.000
P_185 0.000 -195.996 13.000
R_186 -27.076 -1015.709 11.000
G_187 0.000 -27.649 9.000
K_188 -19.059 -818.649 14.000
W_189 -5.447 -203.500 9.000
R_190 -29.616 -1015.709 13.000
G_191 0.000 -27.649 10.000
Q_192 -19.866 -643.904 9.000
P_193 0.000 -195.996 7.000
G_194 0.000 -27.649 7.000
S_195 -4.441 -90.060 3.000
G_196 0.000 -27.649 3.000
G_197 0.000 -27.649 3.000
V_198 0.000 613.196 3.000
C_199 0.000 322.480 3.000
S_200 -4.441 -90.060 3.000
C_201 0.000 322.480 3.000
C_202 0.000 322.480 8.000
G_203 0.000 -27.649 5.000
R_204 -25.574 -1015.709 10.000
L_205 0.000 679.918 12.000
R_206 -28.412 -1015.709 12.000
Y_207 -9.265 -274.939 7.000
A_208 0.000 185.740 7.000
C_209 0.000 322.480 2.000
V_210 0.000 613.196 0.000
L_211 0.000 679.918 0.000
A_212 0.000 185.740 2.000
L_213 0.000 679.918 5.000
H_214 -7.426 -583.484 5.000
S_215 -10.149 -90.060 5.000
L_216 0.000 679.918 5.000
G_217 0.000 -27.649 3.000
L_218 0.000 679.918 0.000
A_219 0.000 185.740 0.000
L_220 0.000 679.918 3.000
L_221 0.000 679.918 3.000
S_222 -4.441 -90.060 3.000
A_223 0.000 185.740 7.000
L_224 0.000 679.918 7.000
Q_225 -7.878 -643.904 4.000
A_226 0.000 185.740 4.000
L_227 0.000 679.918 4.000
M_228 0.000 401.769 1.000
P_229 0.000 -195.996 6.000
W_230 -5.155 -203.500 8.000
R_231 -21.845 -1015.709 8.000
Y_232 -9.978 -274.939 8.000
A_233 0.000 185.740 10.000
L_234 0.000 679.918 10.000
K_235 -14.420 -818.649 8.000
R_236 -21.845 -1015.709 8.000
I_237 0.000 777.529 8.000
G_238 0.000 -27.649 9.000
G_239 0.000 -27.649 4.000
Q_240 -7.878 -643.904 4.000
F_241 0.000 560.542 7.000
G_242 0.000 -27.649 10.000
S_243 -11.867 -90.060 6.000
S_244 -11.867 -90.060 6.000
V_245 0.000 613.196 9.000
L_246 0.000 679.918 8.000
S_247 -10.149 -90.060 5.000
Y_248 -7.426 -274.939 5.000
F_249 0.000 560.542 5.000
L_250 0.000 679.918 2.000
F_251 0.000 560.542 3.000
L_252 0.000 679.918 6.000
K_253 -11.867 -818.649 6.000
T_254 -11.867 -90.974 6.000
L_255 0.000 679.918 6.000
L_256 0.000 679.918 3.000
A_257 0.000 185.740 4.000
F_258 0.000 560.542 4.000
N_259 -7.878 -507.047 4.000
A_260 0.000 185.740 4.000
L_261 0.000 679.918 4.000
L_262 0.000 679.918 0.000
L_263 0.000 679.918 0.000
L_264 0.000 679.918 0.000
L_265 0.000 679.918 0.000
L_266 0.000 679.918 0.000
V_267 0.000 613.196 0.000
A_268 0.000 185.740 0.000
F_269 0.000 560.542 0.000
I_270 0.000 777.529 0.000
M_271 0.000 401.769 0.000
G_272 0.000 -27.649 4.000
P_273 0.000 -195.996 4.000
Q_274 -7.878 -643.904 4.000
V_275 0.000 613.196 4.000
A_276 0.000 185.740 4.000
F_277 0.000 560.542 0.000
P_278 0.000 -195.996 0.000
P_279 0.000 -195.996 0.000
A_280 0.000 185.740 0.000
L_281 0.000 679.918 0.000
P_282 0.000 -195.996 0.000
G_283 0.000 -27.649 0.000
P_284 0.000 -195.996 0.000
A_285 0.000 185.740 0.000
P_286 0.000 -195.996 0.000
V_287 0.000 613.196 3.000
C_288 0.000 322.480 3.000
T_289 -4.441 -90.974 3.000
G_290 0.000 -27.649 7.000
L_291 0.000 679.918 7.000
E_292 -7.878 -605.239 4.000
L_293 0.000 679.918 7.000
L_294 0.000 679.918 7.000
T_295 -4.441 -90.974 3.000
G_296 0.000 -27.649 3.000
A_297 0.000 185.740 3.000
G_298 0.000 -27.649 0.000
C_299 0.000 322.480 3.000
F_300 0.000 560.542 5.000
T_301 -14.420 -90.974 8.000
H_302 -9.978 -583.484 8.000
T_303 -14.420 -90.974 8.000
V_304 0.000 613.196 7.000
M_305 0.000 401.769 7.000
Y_306 -6.160 -274.939 4.000
Y_307 -8.431 -274.939 6.000
G_308 0.000 -27.649 8.000
H_309 -10.601 -583.484 9.000
Y_310 -11.652 -274.939 11.000
S_311 -17.098 -90.060 11.000
N_312 -23.258 -507.047 12.000
A_313 0.000 185.740 10.000
T_314 -17.098 -90.974 11.000
L_315 0.000 679.918 11.000
N_316 -22.253 -507.047 11.000
Q_317 -18.409 -643.904 8.000
P_318 0.000 -195.996 8.000
C_319 0.000 322.480 7.000
G_320 0.000 -27.649 3.000
S_321 -4.441 -90.060 3.000
P_322 0.000 -195.996 7.000
L_323 0.000 679.918 7.000
D_324 -16.691 -475.402 7.000
G_325 0.000 -27.649 11.000
S_326 -17.098 -90.060 11.000
Q_327 -21.132 -643.904 10.000
C_328 0.000 322.480 10.000
T_329 -17.811 -90.974 12.000
P_330 0.000 -195.996 8.000
R_331 -21.845 -1015.709 8.000
V_332 0.000 613.196 5.000
G_333 0.000 -27.649 5.000
G_334 0.000 -27.649 0.000
L_335 0.000 679.918 2.000
P_336 0.000 -195.996 6.000
Y_337 -8.431 -274.939 6.000
N_338 -14.591 -507.047 6.000
M_339 0.000 401.769 6.000
P_340 0.000 -195.996 4.000
L_341 0.000 679.918 2.000
A_342 0.000 185.740 2.000
Y_343 -7.426 -274.939 5.000
L_344 0.000 679.918 8.000
S_345 -14.420 -90.060 8.000
T_346 -11.867 -90.974 6.000
V_347 0.000 613.196 6.000
G_348 0.000 -27.649 6.000
V_349 0.000 613.196 3.000
S_350 -4.441 -90.060 3.000
F_351 0.000 560.542 3.000
F_352 0.000 560.542 6.000
I_353 0.000 777.529 3.000
T_354 -4.441 -90.974 3.000
C_355 0.000 322.480 6.000
I_356 0.000 777.529 6.000
T_357 -4.441 -90.974 3.000
L_358 0.000 679.918 5.000
V_359 0.000 613.196 8.000
Y_360 -7.426 -274.939 5.000
S_361 -10.149 -90.060 5.000
M_362 0.000 401.769 7.000
A_363 0.000 185.740 8.000
H_364 -7.426 -583.484 5.000
S_365 -10.149 -90.060 5.000
F_366 0.000 560.542 9.000
G_367 0.000 -27.649 10.000
E_368 -19.866 -605.239 9.000
S_369 -19.059 -90.060 14.000
Y_370 -12.900 -274.939 14.000
R_371 -25.574 -1015.709 10.000
V_372 0.000 613.196 10.000
G_373 0.000 -27.649 11.000
S_374 -15.425 -90.060 9.000
T_375 -15.425 -90.974 9.000
S_376 -15.425 -90.060 9.000
G_377 0.000 -27.649 8.000
I_378 0.000 777.529 5.000
H_379 -1.718 -583.484 2.000
A_380 0.000 185.740 5.000
I_381 0.000 777.529 5.000
T_382 -4.441 -90.974 3.000
V_383 0.000 613.196 3.000
F_384 0.000 560.542 6.000
C_385 0.000 322.480 4.000
S_386 -14.420 -90.060 8.000
W_387 -5.708 -203.500 10.000
D_388 -24.169 -475.402 13.000
Y_389 -11.154 -274.939 10.000
K_390 -17.811 -818.649 12.000
V_391 0.000 613.196 12.000
T_392 -18.462 -90.974 13.000
Q_393 -25.772 -643.904 15.000
K_394 -19.613 -818.649 15.000
R_395 -31.716 -1015.709 15.000
A_396 0.000 185.740 16.000
S_397 -18.462 -90.060 13.000
R_398 -28.412 -1015.709 12.000
L_399 0.000 679.918 16.000
Q_400 -27.150 -643.904 17.000
Q_401 -26.485 -643.904 16.000
D_402 -26.485 -475.402 16.000
N_403 -27.150 -507.047 17.000
I_404 0.000 777.529 16.000
R_405 -33.508 -1015.709 17.000
T_406 -18.462 -90.974 13.000
R_407 -32.645 -1015.709 16.000
L_408 0.000 679.918 15.000
K_409 -17.811 -818.649 12.000
E_410 -16.691 -605.239 7.000
L_411 0.000 679.918 7.000
L_412 0.000 679.918 8.000
A_413 0.000 185.740 5.000
E_414 -19.866 -605.239 9.000
W_415 -5.447 -203.500 9.000
Q_416 -25.003 -643.904 14.000
L_417 0.000 679.918 12.000
R_418 -30.711 -1015.709 14.000
H_419 -11.154 -583.484 10.000
S_420 -19.613 -90.060 15.000
P_421 0.000 -195.996 13.000
R_422 -27.076 -1015.709 11.000
S_423 -14.420 -90.060 8.000
V_424 0.000 613.196 8.000
C_425 0.000 322.480 8.000
G_426 0.000 -27.649 5.000
R_427 -25.574 -1015.709 10.000
L_428 0.000 679.918 14.000
R_429 -30.711 -1015.709 14.000
Q_430 -19.866 -643.904 9.000
A_431 0.000 185.740 9.000
A_432 0.000 185.740 4.000
V_433 0.000 613.196 0.000
L_434 0.000 679.918 0.000
G_435 0.000 -27.649 0.000
L_436 0.000 679.918 1.000
V_437 0.000 613.196 1.000
W_438 -0.000 -203.500 1.000
L_439 0.000 679.918 1.000
L_440 0.000 679.918 1.000
C_441 0.000 322.480 0.000
L_442 0.000 679.918 3.000
G_443 0.000 -27.649 3.000
T_444 -4.441 -90.974 3.000
A_445 0.000 185.740 3.000
L_446 0.000 679.918 3.000
G_447 0.000 -27.649 0.000
C_448 0.000 322.480 0.000
A_449 0.000 185.740 0.000
V_450 0.000 613.196 0.000
A_451 0.000 185.740 2.000
V_452 0.000 613.196 2.000
H_453 -1.718 -583.484 2.000
V_454 0.000 613.196 5.000
F_455 0.000 560.542 9.000
S_456 -13.255 -90.060 7.000
E_457 -16.691 -605.239 7.000
F_458 0.000 560.542 7.000
M_459 0.000 401.769 8.000
I_460 0.000 777.529 7.000
Q_461 -16.691 -643.904 7.000
S_462 -17.098 -90.060 11.000
P_463 0.000 -195.996 11.000
E_464 -16.691 -605.239 7.000
A_465 0.000 185.740 4.000
A_466 0.000 185.740 8.000
G_467 0.000 -27.649 8.000
Q_468 -18.409 -643.904 8.000
E_469 -18.409 -605.239 8.000
A_470 0.000 185.740 8.000
V_471 0.000 613.196 4.000
L_472 0.000 679.918 0.000
L_473 0.000 679.918 0.000
V_474 0.000 613.196 0.000
L_475 0.000 679.918 0.000
P_476 0.000 -195.996 0.000
L_477 0.000 679.918 0.000
V_478 0.000 613.196 0.000
V_479 0.000 613.196 0.000
G_480 0.000 -27.649 0.000
L_481 0.000 679.918 4.000
L_482 0.000 679.918 4.000
N_483 -7.878 -507.047 4.000
L_484 0.000 679.918 4.000
G_485 0.000 -27.649 4.000
A_486 0.000 185.740 2.000
P_487 0.000 -195.996 2.000
Y_488 -1.718 -274.939 2.000
L_489 0.000 679.918 7.000
C_490 0.000 322.480 7.000
R_491 -11.867 -1015.709 5.000
V_492 0.000 613.196 5.000
L_493 0.000 679.918 5.000
A_494 0.000 185.740 0.000
A_495 0.000 185.740 4.000
L_496 0.000 679.918 4.000
E_497 -14.591 -605.239 6.000
P_498 0.000 -195.996 10.000
H_499 -12.518 -583.484 13.000
D_500 -19.866 -475.402 9.000
S_501 -15.425 -90.060 9.000
P_502 0.000 -195.996 7.000
V_503 0.000 613.196 7.000
L_504 0.000 679.918 4.000
E_505 -14.591 -605.239 6.000
V_506 0.000 613.196 6.000
Y_507 -8.431 -274.939 6.000
V_508 0.000 613.196 2.000
A_509 0.000 185.740 2.000
I_510 0.000 777.529 5.000
C_511 0.000 322.480 9.000
R_512 -23.856 -1015.709 9.000
N_513 -19.866 -507.047 9.000
L_514 0.000 679.918 9.000
I_515 0.000 777.529 7.000
L_516 0.000 679.918 3.000
K_517 -4.441 -818.649 3.000
L_518 0.000 679.918 3.000
A_519 0.000 185.740 3.000
I_520 0.000 777.529 0.000
L_521 0.000 679.918 3.000
G_522 0.000 -27.649 3.000
T_523 -4.441 -90.974 3.000
L_524 0.000 679.918 5.000
C_525 0.000 322.480 7.000
Y_526 -7.426 -274.939 5.000
H_527 -7.426 -583.484 5.000
W_528 -3.990 -203.500 5.000
L_529 0.000 679.918 8.000
G_530 0.000 -27.649 11.000
R_531 -25.574 -1015.709 10.000
R_532 -25.574 -1015.709 10.000
V_533 0.000 613.196 10.000
G_534 0.000 -27.649 5.000
V_535 0.000 613.196 4.000
L_536 0.000 679.918 4.000
Q_537 -18.409 -643.904 8.000
G_538 0.000 -27.649 8.000
Q_539 -19.866 -643.904 9.000
C_540 0.000 322.480 9.000
W_541 -6.358 -203.500 13.000
E_542 -19.866 -605.239 9.000
D_543 -19.866 -475.402 9.000
F_544 0.000 560.542 8.000
V_545 0.000 613.196 8.000
G_546 0.000 -27.649 8.000
Q_547 -18.409 -643.904 8.000
E_548 -21.132 -605.239 10.000
L_549 0.000 679.918 15.000
Y_550 -11.652 -274.939 11.000
R_551 -19.414 -1015.709 7.000
F_552 0.000 560.542 7.000
L_553 0.000 679.918 5.000
V_554 0.000 613.196 4.000
M_555 0.000 401.769 4.000
D_556 -7.878 -475.402 4.000
F_557 0.000 560.542 4.000
V_558 0.000 613.196 4.000
L_559 0.000 679.918 0.000
M_560 0.000 401.769 0.000
L_561 0.000 679.918 4.000
L_562 0.000 679.918 7.000
D_563 -16.691 -475.402 7.000
T_564 -13.255 -90.974 7.000
L_565 0.000 679.918 7.000
F_566 0.000 560.542 7.000
G_567 0.000 -27.649 4.000
E_568 -7.878 -605.239 4.000
L_569 0.000 679.918 5.000
V_570 0.000 613.196 10.000
W_571 -4.441 -203.500 6.000
R_572 -16.309 -1015.709 6.000
I_573 0.000 777.529 9.000
I_574 0.000 777.529 12.000
S_575 -16.309 -90.060 10.000
E_576 -24.169 -605.239 13.000
K_577 -18.462 -818.649 13.000
K_578 -18.462 -818.649 13.000
L_579 0.000 679.918 14.000
K_580 -20.127 -818.649 16.000
R_581 -34.315 -1015.709 18.000
R_582 -36.459 -1015.709 21.000
R_583 -34.315 -1015.709 18.000
K_584 -20.609 -818.649 17.000
P_585 0.000 -195.996 12.000
E_586 -22.253 -605.239 11.000
F_587 0.000 560.542 8.000
D_588 -18.409 -475.402 8.000
I_589 0.000 777.529 9.000
A_590 0.000 185.740 13.000
R_591 -23.856 -1015.709 9.000
N_592 -19.866 -507.047 9.000
V_593 0.000 613.196 13.000
L_594 0.000 679.918 8.000
E_595 -7.878 -605.239 4.000
L_596 0.000 679.918 6.000
I_597 0.000 777.529 6.000
Y_598 -8.431 -274.939 6.000
G_599 0.000 -27.649 9.000
Q_600 -19.866 -643.904 9.000
T_601 -16.309 -90.974 10.000
L_602 0.000 679.918 11.000
T_603 -13.255 -90.974 7.000
W_604 -3.436 -203.500 4.000
L_605 0.000 679.918 4.000
G_606 0.000 -27.649 1.000
V_607 0.000 613.196 0.000
L_608 0.000 679.918 3.000
F_609 0.000 560.542 3.000
S_610 -4.441 -90.060 3.000
P_611 0.000 -195.996 3.000
L_612 0.000 679.918 3.000
L_613 0.000 679.918 0.000
P_614 0.000 -195.996 0.000
A_615 0.000 185.740 4.000
V_616 0.000 613.196 4.000
Q_617 -7.878 -643.904 4.000
I_618 0.000 777.529 7.000
I_619 0.000 777.529 7.000
K_620 -4.441 -818.649 3.000
L_621 0.000 679.918 3.000
L_622 0.000 679.918 3.000
L_623 0.000 679.918 0.000
V_624 0.000 613.196 2.000
F_625 0.000 560.542 2.000
Y_626 -7.426 -274.939 5.000
V_627 0.000 613.196 8.000
K_628 -17.098 -818.649 11.000
K_629 -17.811 -818.649 12.000
T_630 -17.811 -90.974 12.000
S_631 -15.425 -90.060 9.000
L_632 0.000 679.918 6.000
L_633 0.000 679.918 7.000
A_634 0.000 185.740 4.000
N_635 -18.409 -507.047 8.000
C_636 0.000 322.480 8.000
Q_637 -18.409 -643.904 8.000
A_638 0.000 185.740 9.000
P_639 0.000 -195.996 14.000
R_640 -25.574 -1015.709 10.000
R_641 -27.076 -1015.709 11.000
P_642 0.000 -195.996 11.000
W_643 -4.441 -203.500 6.000
L_644 0.000 679.918 4.000
A_645 0.000 185.740 6.000
S_646 -10.149 -90.060 5.000
H_647 -9.978 -583.484 8.000
M_648 0.000 401.769 11.000
S_649 -14.420 -90.060 8.000
T_650 -11.867 -90.974 6.000
V_651 0.000 613.196 6.000
F_652 0.000 560.542 6.000
L_653 0.000 679.918 3.000
T_654 -4.441 -90.974 3.000
L_655 0.000 679.918 3.000
L_656 0.000 679.918 3.000
C_657 0.000 322.480 0.000
F_658 0.000 560.542 0.000
P_659 0.000 -195.996 0.000
A_660 0.000 185.740 0.000
F_661 0.000 560.542 0.000
L_662 0.000 679.918 0.000
G_663 0.000 -27.649 0.000
A_664 0.000 185.740 0.000
A_665 0.000 185.740 0.000
V_666 0.000 613.196 0.000
F_667 0.000 560.542 0.000
L_668 0.000 679.918 2.000
C_669 0.000 322.480 2.000
Y_670 -1.718 -274.939 2.000
A_671 0.000 185.740 3.000
V_672 0.000 613.196 7.000
W_673 -3.990 -203.500 5.000
Q_674 -18.409 -643.904 8.000
V_675 0.000 613.196 8.000
K_676 -16.309 -818.649 10.000
P_677 0.000 -195.996 9.000
S_678 -17.811 -90.060 12.000
S_679 -15.425 -90.060 9.000
T_680 -15.425 -90.974 9.000
C_681 0.000 322.480 6.000
G_682 0.000 -27.649 3.000
P_683 0.000 -195.996 5.000
F_684 0.000 560.542 8.000
R_685 -21.845 -1015.709 8.000
T_686 -17.811 -90.974 12.000
L_687 0.000 679.918 15.000
D_688 -21.132 -475.402 10.000
T_689 -15.425 -90.974 9.000
M_690 0.000 401.769 13.000
Y_691 -10.601 -274.939 9.000
E_692 -14.591 -605.239 6.000
A_693 0.000 185.740 11.000
G_694 0.000 -27.649 9.000
R_695 -16.309 -1015.709 6.000
V_696 0.000 613.196 6.000
W_697 -5.944 -203.500 11.000
V_698 0.000 613.196 8.000
R_699 -21.845 -1015.709 8.000
H_700 -11.652 -583.484 11.000
L_701 0.000 679.918 11.000
E_702 -14.591 -605.239 6.000
A_703 0.000 185.740 4.000
A_704 0.000 185.740 4.000
G_705 0.000 -27.649 5.000
P_706 0.000 -195.996 5.000
R_707 -21.845 -1015.709 8.000
V_708 0.000 613.196 9.000
S_709 -15.425 -90.060 9.000
W_710 -3.436 -203.500 4.000
L_711 0.000 679.918 5.000
P_712 0.000 -195.996 2.000
W_713 -2.723 -203.500 3.000
V_714 0.000 613.196 8.000
H_715 -11.154 -583.484 10.000
R_716 -23.856 -1015.709 9.000
Y_717 -10.601 -274.939 9.000
L_718 0.000 679.918 11.000
M_719 0.000 401.769 10.000
E_720 -22.253 -605.239 11.000
N_721 -22.253 -507.047 11.000
T_722 -17.098 -90.974 11.000
F_723 0.000 560.542 7.000
F_724 0.000 560.542 3.000
V_725 0.000 613.196 0.000
F_726 0.000 560.542 0.000
L_727 0.000 679.918 3.000
V_728 0.000 613.196 3.000
S_729 -4.441 -90.060 3.000
A_730 0.000 185.740 3.000
L_731 0.000 679.918 3.000
L_732 0.000 679.918 0.000
L_733 0.000 679.918 0.000
A_734 0.000 185.740 0.000
V_735 0.000 613.196 2.000
I_736 0.000 777.529 2.000
Y_737 -8.431 -274.939 6.000
L_738 0.000 679.918 6.000
N_739 -21.132 -507.047 10.000
I_740 0.000 777.529 8.000
Q_741 -18.409 -643.904 8.000
V_742 0.000 613.196 9.000
V_743 0.000 613.196 9.000
R_744 -23.856 -1015.709 9.000
G_745 0.000 -27.649 14.000
Q_746 -27.150 -643.904 17.000
R_747 -28.412 -1015.709 12.000
K_748 -17.811 -818.649 12.000
V_749 0.000 613.196 8.000
I_750 0.000 777.529 3.000
C_751 0.000 322.480 0.000
L_752 0.000 679.918 3.000
L_753 0.000 679.918 7.000
K_754 -17.098 -818.649 11.000
E_755 -22.253 -605.239 11.000
Q_756 -25.003 -643.904 14.000
I_757 0.000 777.529 15.000
S_758 -19.613 -90.060 15.000
N_759 -22.253 -507.047 11.000
E_760 -25.772 -605.239 15.000
G_761 0.000 -27.649 16.000
E_762 -25.772 -605.239 15.000
D_763 -22.253 -475.402 11.000
K_764 -17.098 -818.649 11.000
I_765 0.000 777.529 7.000
F_766 0.000 560.542 3.000
L_767 0.000 679.918 4.000
I_768 0.000 777.529 7.000
N_769 -16.691 -507.047 7.000
K_770 -15.425 -818.649 9.000
L_771 0.000 679.918 12.000
H_772 -9.978 -583.484 8.000
S_773 -13.255 -90.060 7.000
I_774 0.000 777.529 11.000
Y_775 -12.900 -274.939 14.000
E_776 -25.003 -605.239 14.000
R_777 -34.315 -1015.709 18.000
K_778 -22.271 -818.649 21.000
E_779 -29.436 -605.239 21.000
R_780 -35.785 -1015.709 20.000
E_781 -29.934 -605.239 22.000
E_782 -29.436 -605.239 21.000
R_783 -36.459 -1015.709 21.000
S_784 -20.609 -90.060 17.000
R_785 -29.616 -1015.709 13.000
V_786 0.000 613.196 11.000
G_787 0.000 -27.649 11.000
T_788 -16.309 -90.974 10.000
T_789 -19.059 -90.974 14.000
E_790 -25.003 -605.239 14.000
E_791 -22.253 -605.239 11.000
A_792 0.000 185.740 8.000
A_793 0.000 185.740 4.000
A_794 0.000 185.740 0.000
P_795 0.000 -195.996 0.000
P_796 0.000 -195.996 0.000
A_797 0.000 185.740 0.000
L_798 0.000 679.918 3.000
L_799 0.000 679.918 7.000
T_800 -17.098 -90.974 11.000
D_801 -25.772 -475.402 15.000
E_802 -28.359 -605.239 19.000
Q_803 -26.485 -643.904 16.000
D_804 -23.258 -475.402 12.000
A_805 0.000 185.740 8.000
