M_1 0.000 401.769 5.000
A_2 0.000 185.740 5.000
R_3 -11.867 -1015.709 5.000
P_4 0.000 -195.996 9.000
L_5 0.000 679.918 13.000
E_6 -18.409 -605.239 8.000
Q_7 -18.409 -643.904 8.000
A_8 0.000 185.740 8.000
V_9 0.000 613.196 4.000
A_10 0.000 185.740 0.000
A_11 0.000 185.740 0.000
I_12 0.000 777.529 0.000
V_13 0.000 613.196 3.000
C_14 0.000 322.480 3.000
T_15 -13.255 -90.974 7.000
F_16 0.000 560.542 11.000
Q_17 -24.169 -643.904 13.000
E_18 -21.132 -605.239 10.000
Y_19 -11.154 -274.939 10.000
A_20 0.000 185.740 11.000
G_21 0.000 -27.649 7.000
R_22 -11.867 -1015.709 5.000
C_23 0.000 322.480 9.000
G_24 0.000 -27.649 12.000
D_25 -19.866 -475.402 9.000
K_26 -17.811 -818.649 12.000
Y_27 -12.104 -274.939 12.000
K_28 -14.420 -818.649 8.000
L_29 0.000 679.918 9.000
C_30 0.000 322.480 7.000
Q_31 -18.409 -643.904 8.000
A_32 0.000 185.740 8.000
E_33 -22.253 -605.239 11.000
L_34 0.000 679.918 11.000
K_35 -17.098 -818.649 11.000
E_36 -16.691 -605.239 7.000
L_37 0.000 679.918 11.000
L_38 0.000 679.918 11.000
Q_39 -22.253 -643.904 11.000
K_40 -17.098 -818.649 11.000
E_41 -22.253 -605.239 11.000
L_42 0.000 679.918 10.000
A_43 0.000 185.740 8.000
T_44 -13.255 -90.974 7.000
W_45 -4.824 -203.500 7.000
T_46 -16.309 -90.974 10.000
P_47 0.000 -195.996 11.000
T_48 -16.309 -90.974 10.000
E_49 -23.258 -605.239 12.000
F_50 0.000 560.542 16.000
R_51 -29.616 -1015.709 13.000
E_52 -24.169 -605.239 13.000
C_53 0.000 322.480 15.000
D_54 -25.003 -475.402 14.000
Y_55 -12.518 -274.939 13.000
N_56 -24.169 -507.047 13.000
K_57 -15.425 -818.649 9.000
F_58 0.000 560.542 10.000
M_59 0.000 401.769 6.000
S_60 -4.441 -90.060 3.000
V_61 0.000 613.196 7.000
L_62 0.000 679.918 10.000
D_63 -22.253 -475.402 11.000
T_64 -19.059 -90.974 14.000
N_65 -27.773 -507.047 18.000
K_66 -19.059 -818.649 14.000
D_67 -25.772 -475.402 15.000
C_68 0.000 322.480 11.000
E_69 -23.258 -605.239 12.000
V_70 0.000 613.196 8.000
D_71 -18.409 -475.402 8.000
F_72 0.000 560.542 8.000
V_73 0.000 613.196 10.000
E_74 -14.591 -605.239 6.000
Y_75 -11.652 -274.939 11.000
V_76 0.000 613.196 14.000
R_77 -25.574 -1015.709 10.000
S_78 -14.420 -90.060 8.000
L_79 0.000 679.918 8.000
A_80 0.000 185.740 3.000
C_81 0.000 322.480 0.000
L_82 0.000 679.918 0.000
C_83 0.000 322.480 2.000
L_84 0.000 679.918 2.000
Y_85 -6.160 -274.939 4.000
C_86 0.000 322.480 8.000
H_87 -11.154 -583.484 10.000
E_88 -18.409 -605.239 8.000
Y_89 -11.652 -274.939 11.000
F_90 0.000 560.542 13.000
K_91 -15.425 -818.649 9.000
D_92 -16.691 -475.402 7.000
C_93 0.000 322.480 10.000
P_94 0.000 -195.996 11.000
S_95 -13.255 -90.060 7.000
E_96 -16.691 -605.239 7.000
P_97 0.000 -195.996 7.000
P_98 0.000 -195.996 7.000
C_99 0.000 322.480 7.000
S_100 -13.255 -90.060 7.000
Q_101 -16.691 -643.904 7.000
