M_1 0.000 401.769 0.000
A_2 0.000 185.740 0.000
A_3 0.000 185.740 4.000
A_4 0.000 185.740 4.000
D_5 -7.878 -475.402 4.000
G_6 0.000 -27.649 4.000
G_7 0.000 -27.649 4.000
G_8 0.000 -27.649 0.000
P_9 0.000 -195.996 0.000
G_10 0.000 -27.649 0.000
G_11 0.000 -27.649 3.000
A_12 0.000 185.740 3.000
S_13 -4.441 -90.060 3.000
V_14 0.000 613.196 6.000
G_15 0.000 -27.649 10.000
T_16 -17.098 -90.974 11.000
E_17 -25.772 -605.239 15.000
E_18 -25.772 -605.239 15.000
D_19 -23.258 -475.402 12.000
G_20 0.000 -27.649 8.000
G_21 0.000 -27.649 4.000
G_22 0.000 -27.649 0.000
V_23 0.000 613.196 2.000
G_24 0.000 -27.649 7.000
H_25 -11.154 -583.484 10.000
R_26 -25.574 -1015.709 10.000
T_27 -17.811 -90.974 12.000
V_28 0.000 613.196 10.000
Y_29 -7.426 -274.939 5.000
L_30 0.000 679.918 6.000
F_31 0.000 560.542 11.000
D_32 -25.003 -475.402 14.000
R_33 -34.315 -1015.709 18.000
R_34 -36.459 -1015.709 21.000
E_35 -29.436 -605.239 21.000
K_36 -21.486 -818.649 19.000
E_37 -27.773 -605.239 18.000
S_38 -19.059 -90.060 14.000
E_39 -22.253 -605.239 11.000
L_40 0.000 679.918 11.000
G_41 0.000 -27.649 13.000
D_42 -19.866 -475.402 9.000
R_43 -23.856 -1015.709 9.000
P_44 0.000 -195.996 13.000
L_45 0.000 679.918 9.000
Q_46 -7.878 -643.904 4.000
V_47 0.000 613.196 8.000
G_48 0.000 -27.649 13.000
E_49 -23.258 -605.239 12.000
R_50 -32.645 -1015.709 16.000
S_51 -21.060 -90.060 18.000
D_52 -25.003 -475.402 14.000
Y_53 -10.601 -274.939 9.000
A_54 0.000 185.740 6.000
G_55 0.000 -27.649 7.000
F_56 0.000 560.542 5.000
R_57 -11.867 -1015.709 5.000
A_58 0.000 185.740 5.000
C_59 0.000 322.480 5.000
V_60 0.000 613.196 4.000
C_61 0.000 322.480 7.000
Q_62 -16.691 -643.904 7.000
T_63 -13.255 -90.974 7.000
L_64 0.000 679.918 7.000
G_65 0.000 -27.649 6.000
I_66 0.000 777.529 3.000
S_67 -13.255 -90.060 7.000
P_68 0.000 -195.996 11.000
E_69 -25.003 -605.239 14.000
E_70 -22.253 -605.239 11.000
K_71 -17.098 -818.649 11.000
F_72 0.000 560.542 7.000
V_73 0.000 613.196 6.000
I_74 0.000 777.529 6.000
T_75 -15.425 -90.974 9.000
T_76 -17.811 -90.974 12.000
T_77 -20.609 -90.974 17.000
S_78 -20.609 -90.060 17.000
R_79 -34.315 -1015.709 18.000
K_80 -19.613 -818.649 15.000
E_81 -25.772 -605.239 15.000
I_82 0.000 777.529 10.000
T_83 -17.098 -90.974 11.000
C_84 0.000 322.480 11.000
D_85 -22.253 -475.402 11.000
N_86 -23.258 -507.047 12.000
F_87 0.000 560.542 16.000
D_88 -25.772 -475.402 15.000
E_89 -22.253 -605.239 11.000
T_90 -19.059 -90.974 14.000
V_91 0.000 613.196 14.000
K_92 -16.309 -818.649 10.000
D_93 -16.691 -475.402 7.000
G_94 0.000 -27.649 10.000
V_95 0.000 613.196 7.000
T_96 -10.149 -90.974 5.000
L_97 0.000 679.918 5.000
Y_98 -7.426 -274.939 5.000
L_99 0.000 679.918 6.000
L_100 0.000 679.918 9.000
Q_101 -16.691 -643.904 7.000
S_102 -17.098 -90.060 11.000
V_103 0.000 613.196 15.000
N_104 -22.253 -507.047 11.000
Q_105 -18.409 -643.904 8.000
L_106 0.000 679.918 8.000
L_107 0.000 679.918 7.000
L_108 0.000 679.918 3.000
T_109 -11.867 -90.974 6.000
A_110 0.000 185.740 9.000
T_111 -18.462 -90.974 13.000
K_112 -19.613 -818.649 15.000
E_113 -25.772 -605.239 15.000
R_114 -32.645 -1015.709 16.000
I_115 0.000 777.529 13.000
D_116 -19.866 -475.402 9.000
F_117 0.000 560.542 4.000
L_118 0.000 679.918 6.000
P_119 0.000 -195.996 4.000
H_120 -9.978 -583.484 8.000
Y_121 -11.652 -274.939 11.000
D_122 -22.253 -475.402 11.000
T_123 -15.425 -90.974 9.000
L_124 0.000 679.918 10.000
V_125 0.000 613.196 9.000
K_126 -11.867 -818.649 6.000
S_127 -11.867 -90.060 6.000
G_128 0.000 -27.649 8.000
M_129 0.000 401.769 9.000
Y_130 -9.978 -274.939 8.000
E_131 -21.132 -605.239 10.000
Y_132 -11.154 -274.939 10.000
Y_133 -11.652 -274.939 11.000
A_134 0.000 185.740 11.000
S_135 -15.425 -90.060 9.000
E_136 -22.253 -605.239 11.000
G_137 0.000 -27.649 15.000
Q_138 -23.258 -643.904 12.000
N_139 -18.409 -507.047 8.000
P_140 0.000 -195.996 8.000
L_141 0.000 679.918 4.000
P_142 0.000 -195.996 0.000
F_143 0.000 560.542 0.000
A_144 0.000 185.740 0.000
L_145 0.000 679.918 4.000
A_146 0.000 185.740 4.000
E_147 -7.878 -605.239 4.000
L_148 0.000 679.918 8.000
I_149 0.000 777.529 12.000
D_150 -22.253 -475.402 11.000
N_151 -22.253 -507.047 11.000
S_152 -19.059 -90.060 14.000
L_153 0.000 679.918 10.000
S_154 -15.425 -90.060 9.000
A_155 0.000 185.740 9.000
T_156 -19.059 -90.974 14.000
S_157 -19.613 -90.060 15.000
R_158 -31.716 -1015.709 15.000
N_159 -23.258 -507.047 12.000
I_160 0.000 777.529 9.000
G_161 0.000 -27.649 9.000
V_162 0.000 613.196 10.000
R_163 -25.574 -1015.709 10.000
R_164 -30.711 -1015.709 14.000
I_165 0.000 777.529 14.000
Q_166 -23.258 -643.904 12.000
I_167 0.000 777.529 7.000
K_168 -13.255 -818.649 7.000
L_169 0.000 679.918 3.000
L_170 0.000 679.918 7.000
F_171 0.000 560.542 8.000
D_172 -22.253 -475.402 11.000
E_173 -25.772 -605.239 15.000
T_174 -19.613 -90.974 15.000
Q_175 -25.003 -643.904 14.000
G_176 0.000 -27.649 10.000
K_177 -13.255 -818.649 7.000
P_178 0.000 -195.996 3.000
A_179 0.000 185.740 3.000
V_180 0.000 613.196 0.000
A_181 0.000 185.740 0.000
V_182 0.000 613.196 4.000
I_183 0.000 777.529 8.000
D_184 -18.409 -475.402 8.000
N_185 -24.169 -507.047 13.000
G_186 0.000 -27.649 13.000
R_187 -23.856 -1015.709 9.000
G_188 0.000 -27.649 8.000
M_189 0.000 401.769 11.000
T_190 -15.425 -90.974 9.000
S_191 -18.462 -90.060 13.000
K_192 -18.462 -818.649 13.000
Q_193 -25.003 -643.904 14.000
L_194 0.000 679.918 15.000
N_195 -24.169 -507.047 13.000
N_196 -19.866 -507.047 9.000
W_197 -5.447 -203.500 9.000
A_198 0.000 185.740 7.000
V_199 0.000 613.196 8.000
Y_200 -9.265 -274.939 7.000
R_201 -25.574 -1015.709 10.000
L_202 0.000 679.918 13.000
S_203 -17.098 -90.060 11.000
K_204 -15.425 -818.649 9.000
F_205 0.000 560.542 14.000
T_206 -19.613 -90.974 15.000
R_207 -28.412 -1015.709 12.000
Q_208 -26.485 -643.904 16.000
G_209 0.000 -27.649 13.000
D_210 -23.258 -475.402 12.000
F_211 0.000 560.542 11.000
E_212 -25.772 -605.239 15.000
S_213 -18.462 -90.060 13.000
D_214 -26.485 -475.402 16.000
H_215 -12.104 -583.484 12.000
S_216 -17.098 -90.060 11.000
G_217 0.000 -27.649 7.000
Y_218 -11.154 -274.939 10.000
V_219 0.000 613.196 7.000
R_220 -19.414 -1015.709 7.000
P_221 0.000 -195.996 5.000
V_222 0.000 613.196 5.000
P_223 0.000 -195.996 0.000
V_224 0.000 613.196 5.000
P_225 0.000 -195.996 8.000
R_226 -21.845 -1015.709 8.000
S_227 -17.811 -90.060 12.000
L_228 0.000 679.918 15.000
N_229 -25.003 -507.047 14.000
S_230 -17.098 -90.060 11.000
D_231 -25.003 -475.402 14.000
I_232 0.000 777.529 12.000
S_233 -15.425 -90.060 9.000
Y_234 -7.426 -274.939 5.000
F_235 0.000 560.542 5.000
G_236 0.000 -27.649 2.000
V_237 0.000 613.196 0.000
G_238 0.000 -27.649 3.000
G_239 0.000 -27.649 7.000
K_240 -13.255 -818.649 7.000
Q_241 -16.691 -643.904 7.000
A_242 0.000 185.740 7.000
V_243 0.000 613.196 4.000
F_244 0.000 560.542 0.000
F_245 0.000 560.542 0.000
V_246 0.000 613.196 4.000
G_247 0.000 -27.649 7.000
Q_248 -16.691 -643.904 7.000
S_249 -17.811 -90.060 12.000
A_250 0.000 185.740 12.000
R_251 -21.845 -1015.709 8.000
M_252 0.000 401.769 8.000
I_253 0.000 777.529 11.000
S_254 -11.867 -90.060 6.000
K_255 -11.867 -818.649 6.000
P_256 0.000 -195.996 10.000
A_257 0.000 185.740 10.000
D_258 -22.253 -475.402 11.000
S_259 -19.613 -90.060 15.000
Q_260 -25.772 -643.904 15.000
D_261 -24.169 -475.402 13.000
V_262 0.000 613.196 14.000
H_263 -11.154 -583.484 10.000
E_264 -14.591 -605.239 6.000
L_265 0.000 679.918 6.000
V_266 0.000 613.196 7.000
L_267 0.000 679.918 6.000
S_268 -16.309 -90.060 10.000
K_269 -19.059 -818.649 14.000
E_270 -25.003 -605.239 14.000
D_271 -25.772 -475.402 15.000
F_272 0.000 560.542 15.000
E_273 -25.003 -605.239 14.000
K_274 -19.059 -818.649 14.000
K_275 -20.609 -818.649 17.000
E_276 -27.150 -605.239 17.000
K_277 -20.609 -818.649 17.000
N_278 -27.773 -507.047 18.000
K_279 -19.059 -818.649 14.000
E_280 -22.253 -605.239 11.000
A_281 0.000 185.740 9.000
I_282 0.000 777.529 9.000
Y_283 -7.426 -274.939 5.000
S_284 -13.255 -90.060 7.000
G_285 0.000 -27.649 7.000
Y_286 -11.154 -274.939 10.000
I_287 0.000 777.529 11.000
R_288 -32.645 -1015.709 16.000
N_289 -27.150 -507.047 17.000
R_290 -33.508 -1015.709 17.000
K_291 -19.613 -818.649 15.000
P_292 0.000 -195.996 15.000
S_293 -18.462 -90.060 13.000
D_294 -21.132 -475.402 10.000
S_295 -17.811 -90.060 12.000
V_296 0.000 613.196 9.000
H_297 -9.978 -583.484 8.000
I_298 0.000 777.529 9.000
T_299 -18.462 -90.974 13.000
N_300 -25.772 -507.047 15.000
D_301 -28.359 -475.402 19.000
D_302 -29.436 -475.402 21.000
E_303 -27.150 -605.239 17.000
R_304 -29.616 -1015.709 13.000
F_305 0.000 560.542 11.000
L_306 0.000 679.918 9.000
H_307 -6.160 -583.484 4.000
H_308 -6.160 -583.484 4.000
L_309 0.000 679.918 4.000
I_310 0.000 777.529 6.000
I_311 0.000 777.529 8.000
E_312 -22.253 -605.239 11.000
E_313 -25.772 -605.239 15.000
K_314 -21.060 -818.649 18.000
E_315 -27.773 -605.239 18.000
K_316 -20.609 -818.649 17.000
D_317 -25.003 -475.402 14.000
S_318 -18.462 -90.060 13.000
F_319 0.000 560.542 10.000
T_320 -11.867 -90.974 6.000
A_321 0.000 185.740 3.000
V_322 0.000 613.196 3.000
V_323 0.000 613.196 3.000
I_324 0.000 777.529 3.000
T_325 -4.441 -90.974 3.000
G_326 0.000 -27.649 7.000
V_327 0.000 613.196 7.000
Q_328 -18.409 -643.904 8.000
P_329 0.000 -195.996 10.000
E_330 -21.132 -605.239 10.000
H_331 -11.154 -583.484 10.000
I_332 0.000 777.529 12.000
Q_333 -18.409 -643.904 8.000
Y_334 -10.601 -274.939 9.000
L_335 0.000 679.918 13.000
K_336 -17.098 -818.649 11.000
N_337 -19.866 -507.047 9.000
Y_338 -11.652 -274.939 11.000
F_339 0.000 560.542 8.000
H_340 -7.426 -583.484 5.000
L_341 0.000 679.918 6.000
W_342 -5.944 -203.500 11.000
T_343 -18.462 -90.974 13.000
R_344 -29.616 -1015.709 13.000
Q_345 -23.258 -643.904 12.000
L_346 0.000 679.918 11.000
A_347 0.000 185.740 6.000
H_348 -6.160 -583.484 4.000
I_349 0.000 777.529 6.000
Y_350 -9.978 -274.939 8.000
H_351 -9.978 -583.484 8.000
Y_352 -9.978 -274.939 8.000
Y_353 -9.978 -274.939 8.000
I_354 0.000 777.529 6.000
H_355 -6.160 -583.484 4.000
G_356 0.000 -27.649 5.000
P_357 0.000 -195.996 5.000
K_358 -13.255 -818.649 7.000
G_359 0.000 -27.649 11.000
N_360 -22.253 -507.047 11.000
E_361 -24.169 -605.239 13.000
I_362 0.000 777.529 16.000
R_363 -31.716 -1015.709 15.000
T_364 -19.059 -90.974 14.000
S_365 -21.060 -90.060 18.000
K_366 -18.462 -818.649 13.000
E_367 -25.003 -605.239 14.000
V_368 0.000 613.196 11.000
E_369 -18.409 -605.239 8.000
P_370 0.000 -195.996 8.000
F_371 0.000 560.542 12.000
N_372 -18.409 -507.047 8.000
N_373 -23.258 -507.047 12.000
I_374 0.000 777.529 12.000
D_375 -23.258 -475.402 12.000
I_376 0.000 777.529 8.000
E_377 -22.253 -605.239 11.000
I_378 0.000 777.529 7.000
S_379 -13.255 -90.060 7.000
M_380 0.000 401.769 7.000
F_381 0.000 560.542 10.000
E_382 -16.691 -605.239 7.000
K_383 -16.309 -818.649 10.000
G_384 0.000 -27.649 10.000
K_385 -11.867 -818.649 6.000
V_386 0.000 613.196 6.000
P_387 0.000 -195.996 6.000
K_388 -4.441 -818.649 3.000
I_389 0.000 777.529 7.000
V_390 0.000 613.196 7.000
N_391 -19.866 -507.047 9.000
L_392 0.000 679.918 13.000
R_393 -29.616 -1015.709 13.000
E_394 -24.169 -605.239 13.000
I_395 0.000 777.529 17.000
Q_396 -26.485 -643.904 16.000
D_397 -23.258 -475.402 12.000
D_398 -26.485 -475.402 16.000
M_399 0.000 401.769 15.000
Q_400 -22.253 -643.904 11.000
T_401 -15.425 -90.974 9.000
L_402 0.000 679.918 9.000
Y_403 -10.601 -274.939 9.000
V_404 0.000 613.196 9.000
N_405 -19.866 -507.047 9.000
T_406 -13.255 -90.974 7.000
A_407 0.000 185.740 11.000
A_408 0.000 185.740 10.000
D_409 -16.691 -475.402 7.000
S_410 -17.098 -90.060 11.000
F_411 0.000 560.542 11.000
E_412 -21.132 -605.239 10.000
F_413 0.000 560.542 7.000
K_414 -15.425 -818.649 9.000
A_415 0.000 185.740 5.000
H_416 -10.601 -583.484 9.000
V_417 0.000 613.196 6.000
E_418 -21.132 -605.239 10.000
G_419 0.000 -27.649 8.000
D_420 -18.409 -475.402 8.000
G_421 0.000 -27.649 4.000
V_422 0.000 613.196 8.000
V_423 0.000 613.196 4.000
E_424 -7.878 -605.239 4.000
G_425 0.000 -27.649 4.000
I_426 0.000 777.529 9.000
I_427 0.000 777.529 7.000
R_428 -23.856 -1015.709 9.000
Y_429 -10.601 -274.939 9.000
H_430 -10.601 -583.484 9.000
P_431 0.000 -195.996 4.000
F_432 0.000 560.542 4.000
L_433 0.000 679.918 6.000
Y_434 -11.652 -274.939 11.000
D_435 -25.772 -475.402 15.000
R_436 -34.315 -1015.709 18.000
E_437 -27.773 -605.239 18.000
T_438 -19.059 -90.974 14.000
Y_439 -12.518 -274.939 13.000
P_440 0.000 -195.996 13.000
D_441 -21.132 -475.402 10.000
D_442 -18.409 -475.402 8.000
P_443 0.000 -195.996 8.000
C_444 0.000 322.480 4.000
F_445 0.000 560.542 3.000
P_446 0.000 -195.996 6.000
S_447 -11.867 -90.060 6.000
K_448 -15.425 -818.649 9.000
L_449 0.000 679.918 13.000
K_450 -19.059 -818.649 14.000
D_451 -25.772 -475.402 15.000
E_452 -28.359 -605.239 19.000
D_453 -28.912 -475.402 20.000
D_454 -28.912 -475.402 20.000
E_455 -28.912 -605.239 20.000
D_456 -26.485 -475.402 16.000
D_457 -23.258 -475.402 12.000
C_458 0.000 322.480 8.000
F_459 0.000 560.542 4.000
I_460 0.000 777.529 4.000
L_461 0.000 679.918 7.000
E_462 -16.691 -605.239 7.000
K_463 -13.255 -818.649 7.000
A_464 0.000 185.740 12.000
A_465 0.000 185.740 8.000
R_466 -21.845 -1015.709 8.000
G_467 0.000 -27.649 13.000
K_468 -18.462 -818.649 13.000
R_469 -21.845 -1015.709 8.000
P_470 0.000 -195.996 8.000
I_471 0.000 777.529 9.000
F_472 0.000 560.542 4.000
E_473 -7.878 -605.239 4.000
C_474 0.000 322.480 5.000
F_475 0.000 560.542 9.000
W_476 -3.990 -203.500 5.000
N_477 -21.132 -507.047 10.000
G_478 0.000 -27.649 10.000
R_479 -23.856 -1015.709 9.000
L_480 0.000 679.918 5.000
I_481 0.000 777.529 7.000
P_482 0.000 -195.996 5.000
Y_483 -9.978 -274.939 8.000
T_484 -14.420 -90.974 8.000
S_485 -17.811 -90.060 12.000
V_486 0.000 613.196 14.000
E_487 -22.253 -605.239 11.000
D_488 -23.258 -475.402 12.000
F_489 0.000 560.542 13.000
D_490 -19.866 -475.402 9.000
W_491 -5.155 -203.500 8.000
C_492 0.000 322.480 8.000
T_493 -7.878 -90.974 4.000
P_494 0.000 -195.996 6.000
P_495 0.000 -195.996 9.000
K_496 -17.098 -818.649 11.000
K_497 -17.098 -818.649 11.000
R_498 -27.076 -1015.709 11.000
G_499 0.000 -27.649 8.000
L_500 0.000 679.918 5.000
A_501 0.000 185.740 0.000
P_502 0.000 -195.996 4.000
I_503 0.000 777.529 4.000
E_504 -14.591 -605.239 6.000
C_505 0.000 322.480 10.000
Y_506 -13.255 -274.939 15.000
N_507 -22.253 -507.047 11.000
R_508 -30.711 -1015.709 14.000
I_509 0.000 777.529 12.000
S_510 -14.420 -90.060 8.000
G_511 0.000 -27.649 3.000
A_512 0.000 185.740 3.000
L_513 0.000 679.918 3.000
F_514 0.000 560.542 7.000
T_515 -17.098 -90.974 11.000
N_516 -25.003 -507.047 14.000
D_517 -25.003 -475.402 14.000
K_518 -19.613 -818.649 15.000
F_519 0.000 560.542 11.000
Q_520 -21.132 -643.904 10.000
V_521 0.000 613.196 10.000
S_522 -19.059 -90.060 14.000
T_523 -18.462 -90.974 13.000
N_524 -24.169 -507.047 13.000
K_525 -18.462 -818.649 13.000
L_526 0.000 679.918 10.000
T_527 -11.867 -90.974 6.000
F_528 0.000 560.542 7.000
M_529 0.000 401.769 7.000
D_530 -18.409 -475.402 8.000
L_531 0.000 679.918 8.000
E_532 -22.253 -605.239 11.000
L_533 0.000 679.918 7.000
K_534 -16.309 -818.649 10.000
L_535 0.000 679.918 10.000
K_536 -18.462 -818.649 13.000
D_537 -25.003 -475.402 14.000
K_538 -20.609 -818.649 17.000
N_539 -25.003 -507.047 14.000
T_540 -16.309 -90.974 10.000
L_541 0.000 679.918 10.000
F_542 0.000 560.542 11.000
T_543 -14.420 -90.974 8.000
R_544 -21.845 -1015.709 8.000
I_545 0.000 777.529 12.000
L_546 0.000 679.918 9.000
N_547 -18.409 -507.047 8.000
G_548 0.000 -27.649 12.000
Q_549 -26.485 -643.904 16.000
E_550 -27.150 -605.239 17.000
Q_551 -27.150 -643.904 17.000
R_552 -32.645 -1015.709 16.000
M_553 0.000 401.769 12.000
K_554 -17.811 -818.649 12.000
I_555 0.000 777.529 12.000
D_556 -26.485 -475.402 16.000
R_557 -29.616 -1015.709 13.000
E_558 -24.169 -605.239 13.000
F_559 0.000 560.542 9.000
A_560 0.000 185.740 5.000
L_561 0.000 679.918 1.000
W_562 -3.436 -203.500 4.000
L_563 0.000 679.918 8.000
K_564 -14.420 -818.649 8.000
D_565 -19.866 -475.402 9.000
C_566 0.000 322.480 13.000
H_567 -12.518 -583.484 13.000
E_568 -22.253 -605.239 11.000
K_569 -19.613 -818.649 15.000
Y_570 -13.586 -274.939 16.000
D_571 -26.485 -475.402 16.000
K_572 -18.462 -818.649 13.000
Q_573 -25.003 -643.904 14.000
I_574 0.000 777.529 10.000
K_575 -16.309 -818.649 10.000
F_576 0.000 560.542 6.000
T_577 -11.867 -90.974 6.000
L_578 0.000 679.918 6.000
F_579 0.000 560.542 6.000
K_580 -4.441 -818.649 3.000
G_581 0.000 -27.649 3.000
V_582 0.000 613.196 6.000
I_583 0.000 777.529 8.000
T_584 -14.420 -90.974 8.000
R_585 -28.412 -1015.709 12.000
P_586 0.000 -195.996 12.000
D_587 -19.866 -475.402 9.000
L_588 0.000 679.918 7.000
P_589 0.000 -195.996 10.000
S_590 -15.425 -90.060 9.000
K_591 -18.462 -818.649 13.000
K_592 -18.462 -818.649 13.000
Q_593 -21.132 -643.904 10.000
G_594 0.000 -27.649 8.000
P_595 0.000 -195.996 5.000
W_596 -3.436 -203.500 4.000
A_597 0.000 185.740 6.000
T_598 -11.867 -90.974 6.000
Y_599 -7.426 -274.939 5.000
A_600 0.000 185.740 5.000
A_601 0.000 185.740 6.000
I_602 0.000 777.529 5.000
E_603 -19.866 -605.239 9.000
W_604 -5.447 -203.500 9.000
D_605 -23.258 -475.402 12.000
G_606 0.000 -27.649 8.000
K_607 -15.425 -818.649 9.000
I_608 0.000 777.529 8.000
Y_609 -9.978 -274.939 8.000
K_610 -10.149 -818.649 5.000
A_611 0.000 185.740 9.000
G_612 0.000 -27.649 7.000
Q_613 -7.878 -643.904 4.000
L_614 0.000 679.918 7.000
V_615 0.000 613.196 10.000
K_616 -11.867 -818.649 6.000
T_617 -15.425 -90.974 9.000
I_618 0.000 777.529 12.000
K_619 -15.425 -818.649 9.000
T_620 -11.867 -90.974 6.000
L_621 0.000 679.918 6.000
P_622 0.000 -195.996 3.000
L_623 0.000 679.918 2.000
F_624 0.000 560.542 2.000
Y_625 -7.426 -274.939 5.000
G_626 0.000 -27.649 5.000
S_627 -10.149 -90.060 5.000
I_628 0.000 777.529 8.000
V_629 0.000 613.196 8.000
R_630 -11.867 -1015.709 5.000
F_631 0.000 560.542 5.000
F_632 0.000 560.542 7.000
L_633 0.000 679.918 2.000
Y_634 -8.431 -274.939 6.000
G_635 0.000 -27.649 8.000
D_636 -23.258 -475.402 12.000
H_637 -11.154 -583.484 10.000
D_638 -25.003 -475.402 14.000
G_639 0.000 -27.649 10.000
E_640 -21.132 -605.239 10.000
V_641 0.000 613.196 6.000
Y_642 -10.601 -274.939 9.000
A_643 0.000 185.740 5.000
T_644 -10.149 -90.974 5.000
G_645 0.000 -27.649 7.000
G_646 0.000 -27.649 7.000
E_647 -18.409 -605.239 8.000
V_648 0.000 613.196 8.000
Q_649 -18.409 -643.904 8.000
I_650 0.000 777.529 4.000
A_651 0.000 185.740 8.000
M_652 0.000 401.769 4.000
E_653 -18.409 -605.239 8.000
P_654 0.000 -195.996 8.000
Q_655 -18.409 -643.904 8.000
A_656 0.000 185.740 6.000
L_657 0.000 679.918 10.000
Y_658 -11.154 -274.939 10.000
D_659 -21.132 -475.402 10.000
E_660 -25.772 -605.239 15.000
V_661 0.000 613.196 16.000
R_662 -28.412 -1015.709 12.000
T_663 -14.420 -90.974 8.000
V_664 0.000 613.196 8.000
P_665 0.000 -195.996 3.000
I_666 0.000 777.529 3.000
A_667 0.000 185.740 3.000
K_668 -13.255 -818.649 7.000
L_669 0.000 679.918 12.000
D_670 -25.772 -475.402 15.000
R_671 -28.412 -1015.709 12.000
T_672 -17.811 -90.974 12.000
V_673 0.000 613.196 12.000
A_674 0.000 185.740 10.000
E_675 -16.691 -605.239 7.000
K_676 -13.255 -818.649 7.000
A_677 0.000 185.740 10.000
V_678 0.000 613.196 9.000
K_679 -14.420 -818.649 8.000
K_680 -14.420 -818.649 8.000
Y_681 -12.104 -274.939 12.000
V_682 0.000 613.196 13.000
E_683 -25.003 -605.239 14.000
D_684 -23.258 -475.402 12.000
E_685 -23.258 -605.239 12.000
M_686 0.000 401.769 13.000
A_687 0.000 185.740 9.000
R_688 -11.867 -1015.709 5.000
L_689 0.000 679.918 9.000
P_690 0.000 -195.996 14.000
D_691 -19.866 -475.402 9.000
R_692 -28.412 -1015.709 12.000
L_693 0.000 679.918 12.000
S_694 -17.098 -90.060 11.000
V_695 0.000 613.196 7.000
T_696 -13.255 -90.974 7.000
W_697 -5.155 -203.500 8.000
P_698 0.000 -195.996 8.000
E_699 -19.866 -605.239 9.000
G_700 0.000 -27.649 12.000
D_701 -23.258 -475.402 12.000
E_702 -18.409 -605.239 8.000
L_703 0.000 679.918 8.000
L_704 0.000 679.918 8.000
P_705 0.000 -195.996 8.000
N_706 -18.409 -507.047 8.000
E_707 -24.169 -605.239 13.000
V_708 0.000 613.196 13.000
R_709 -23.856 -1015.709 9.000
P_710 0.000 -195.996 5.000
A_711 0.000 185.740 8.000
G_712 0.000 -27.649 3.000
T_713 -4.441 -90.974 3.000
P_714 0.000 -195.996 3.000
I_715 0.000 777.529 3.000
G_716 0.000 -27.649 0.000
A_717 0.000 185.740 5.000
L_718 0.000 679.918 5.000
R_719 -23.856 -1015.709 9.000
I_720 0.000 777.529 9.000
E_721 -19.866 -605.239 9.000
I_722 0.000 777.529 8.000
L_723 0.000 679.918 11.000
N_724 -21.132 -507.047 10.000
K_725 -16.309 -818.649 10.000
K_726 -19.059 -818.649 14.000
G_727 0.000 -27.649 10.000
E_728 -16.691 -605.239 7.000
A_729 0.000 185.740 8.000
M_730 0.000 401.769 11.000
Q_731 -16.691 -643.904 7.000
K_732 -13.255 -818.649 7.000
L_733 0.000 679.918 7.000
P_734 0.000 -195.996 6.000
G_735 0.000 -27.649 6.000
T_736 -14.420 -90.974 8.000
S_737 -14.420 -90.060 8.000
H_738 -9.978 -583.484 8.000
G_739 0.000 -27.649 8.000
G_740 0.000 -27.649 8.000
S_741 -15.425 -90.060 9.000
K_742 -15.425 -818.649 9.000
K_743 -15.425 -818.649 9.000
L_744 0.000 679.918 6.000
L_745 0.000 679.918 7.000
V_746 0.000 613.196 4.000
E_747 -16.691 -605.239 7.000
L_748 0.000 679.918 7.000
K_749 -13.255 -818.649 7.000
V_750 0.000 613.196 3.000
I_751 0.000 777.529 5.000
L_752 0.000 679.918 5.000
H_753 -9.978 -583.484 8.000
S_754 -17.098 -90.060 11.000
S_755 -17.098 -90.060 11.000
S_756 -18.462 -90.060 13.000
G_757 0.000 -27.649 13.000
N_758 -25.003 -507.047 14.000
K_759 -17.098 -818.649 11.000
E_760 -22.253 -605.239 11.000
I_761 0.000 777.529 10.000
I_762 0.000 777.529 9.000
S_763 -10.149 -90.060 5.000
H_764 -9.978 -583.484 8.000
I_765 0.000 777.529 12.000
S_766 -17.098 -90.060 11.000
Q_767 -19.866 -643.904 9.000
H_768 -10.601 -583.484 9.000
G_769 0.000 -27.649 9.000
G_770 0.000 -27.649 6.000
K_771 -7.878 -818.649 4.000
W_772 -4.441 -203.500 6.000
P_773 0.000 -195.996 7.000
Y_774 -6.160 -274.939 4.000
W_775 -4.441 -203.500 6.000
F_776 0.000 560.542 9.000
K_777 -13.255 -818.649 7.000
K_778 -16.309 -818.649 10.000
M_779 0.000 401.769 14.000
E_780 -22.253 -605.239 11.000
N_781 -23.258 -507.047 12.000
I_782 0.000 777.529 15.000
Q_783 -22.253 -643.904 11.000
K_784 -13.255 -818.649 7.000
L_785 0.000 679.918 11.000
G_786 0.000 -27.649 9.000
N_787 -19.866 -507.047 9.000
Y_788 -10.601 -274.939 9.000
T_789 -17.811 -90.974 12.000
L_790 0.000 679.918 8.000
K_791 -16.309 -818.649 10.000
L_792 0.000 679.918 7.000
Q_793 -16.691 -643.904 7.000
V_794 0.000 613.196 4.000
V_795 0.000 613.196 8.000
L_796 0.000 679.918 8.000
N_797 -22.253 -507.047 11.000
E_798 -25.772 -605.239 15.000
S_799 -19.613 -90.060 15.000
N_800 -25.772 -507.047 15.000
A_801 0.000 185.740 14.000
D_802 -24.169 -475.402 13.000
T_803 -15.425 -90.974 9.000
Y_804 -10.601 -274.939 9.000
A_805 0.000 185.740 10.000
G_806 0.000 -27.649 7.000
R_807 -11.867 -1015.709 5.000
P_808 0.000 -195.996 5.000
L_809 0.000 679.918 8.000
P_810 0.000 -195.996 6.000
S_811 -11.867 -90.060 6.000
K_812 -11.867 -818.649 6.000
A_813 0.000 185.740 9.000
I_814 0.000 777.529 6.000
K_815 -11.867 -818.649 6.000
F_816 0.000 560.542 6.000
S_817 -15.425 -90.060 9.000
V_818 0.000 613.196 10.000
K_819 -16.309 -818.649 10.000
E_820 -21.132 -605.239 10.000
G_821 0.000 -27.649 10.000
K_822 -17.098 -818.649 11.000
P_823 0.000 -195.996 10.000
E_824 -21.132 -605.239 10.000
K_825 -16.309 -818.649 10.000
F_826 0.000 560.542 10.000
S_827 -11.867 -90.060 6.000
F_828 0.000 560.542 3.000
G_829 0.000 -27.649 3.000
L_830 0.000 679.918 4.000
L_831 0.000 679.918 4.000
D_832 -7.878 -475.402 4.000
L_833 0.000 679.918 4.000
P_834 0.000 -195.996 9.000
F_835 0.000 560.542 5.000
R_836 -11.867 -1015.709 5.000
V_837 0.000 613.196 5.000
G_838 0.000 -27.649 5.000
V_839 0.000 613.196 0.000
P_840 0.000 -195.996 4.000
F_841 0.000 560.542 4.000
N_842 -7.878 -507.047 4.000
I_843 0.000 777.529 4.000
P_844 0.000 -195.996 8.000
L_845 0.000 679.918 4.000
E_846 -18.409 -605.239 8.000
F_847 0.000 560.542 12.000
Q_848 -26.485 -643.904 16.000
D_849 -23.258 -475.402 12.000
E_850 -23.258 -605.239 12.000
F_851 0.000 560.542 10.000
G_852 0.000 -27.649 9.000
H_853 -9.978 -583.484 8.000
T_854 -17.811 -90.974 12.000
S_855 -17.811 -90.060 12.000
Q_856 -21.132 -643.904 10.000
L_857 0.000 679.918 10.000
V_858 0.000 613.196 11.000
T_859 -13.255 -90.974 7.000
D_860 -22.253 -475.402 11.000
I_861 0.000 777.529 11.000
Q_862 -18.409 -643.904 8.000
P_863 0.000 -195.996 4.000
V_864 0.000 613.196 8.000
L_865 0.000 679.918 4.000
E_866 -16.691 -605.239 7.000
A_867 0.000 185.740 7.000
S_868 -13.255 -90.060 7.000
G_869 0.000 -27.649 6.000
L_870 0.000 679.918 6.000
S_871 -10.149 -90.060 5.000
L_872 0.000 679.918 7.000
H_873 -11.652 -583.484 11.000
Y_874 -12.104 -274.939 12.000
E_875 -23.258 -605.239 12.000
E_876 -24.169 -605.239 13.000
I_877 0.000 777.529 14.000
T_878 -16.309 -90.974 10.000
K_879 -11.867 -818.649 6.000
G_880 0.000 -27.649 10.000
P_881 0.000 -195.996 7.000
N_882 -7.878 -507.047 4.000
C_883 0.000 322.480 4.000
V_884 0.000 613.196 9.000
I_885 0.000 777.529 5.000
R_886 -11.867 -1015.709 5.000
G_887 0.000 -27.649 8.000
V_888 0.000 613.196 8.000
T_889 -11.867 -90.974 6.000
A_890 0.000 185.740 6.000
K_891 -11.867 -818.649 6.000
G_892 0.000 -27.649 3.000
P_893 0.000 -195.996 7.000
V_894 0.000 613.196 7.000
N_895 -16.691 -507.047 7.000
S_896 -17.098 -90.060 11.000
C_897 0.000 322.480 11.000
Q_898 -21.132 -643.904 10.000
G_899 0.000 -27.649 11.000
K_900 -18.462 -818.649 13.000
N_901 -24.169 -507.047 13.000
Y_902 -12.518 -274.939 13.000
N_903 -24.169 -507.047 13.000
L_904 0.000 679.918 9.000
K_905 -16.309 -818.649 10.000
V_906 0.000 613.196 6.000
T_907 -11.867 -90.974 6.000
L_908 0.000 679.918 3.000
P_909 0.000 -195.996 3.000
G_910 0.000 -27.649 3.000
L_911 0.000 679.918 7.000
K_912 -17.098 -818.649 11.000
E_913 -25.003 -605.239 14.000
D_914 -27.773 -475.402 18.000
S_915 -19.613 -90.060 15.000
Q_916 -22.253 -643.904 11.000
I_917 0.000 777.529 10.000
L_918 0.000 679.918 7.000
K_919 -14.420 -818.649 8.000
I_920 0.000 777.529 8.000
R_921 -21.845 -1015.709 8.000
L_922 0.000 679.918 5.000
L_923 0.000 679.918 5.000
P_924 0.000 -195.996 2.000
G_925 0.000 -27.649 2.000
H_926 -9.265 -583.484 7.000
P_927 0.000 -195.996 12.000
R_928 -28.412 -1015.709 12.000
R_929 -29.616 -1015.709 13.000
L_930 0.000 679.918 13.000
K_931 -17.098 -818.649 11.000
V_932 0.000 613.196 6.000
K_933 -16.309 -818.649 10.000
P_934 0.000 -195.996 10.000
D_935 -25.003 -475.402 14.000
S_936 -17.098 -90.060 11.000
E_937 -22.253 -605.239 11.000
I_938 0.000 777.529 7.000
L_939 0.000 679.918 4.000
V_940 0.000 613.196 4.000
I_941 0.000 777.529 8.000
E_942 -18.409 -605.239 8.000
N_943 -22.253 -507.047 11.000
G_944 0.000 -27.649 11.000
T_945 -13.255 -90.974 7.000
A_946 0.000 185.740 3.000
F_947 0.000 560.542 3.000
P_948 0.000 -195.996 4.000
F_949 0.000 560.542 4.000
Q_950 -18.409 -643.904 8.000
V_951 0.000 613.196 8.000
E_952 -18.409 -605.239 8.000
V_953 0.000 613.196 8.000
L_954 0.000 679.918 12.000
D_955 -22.253 -475.402 11.000
E_956 -25.772 -605.239 15.000
S_957 -21.486 -90.060 19.000
D_958 -25.772 -475.402 15.000
N_959 -25.003 -507.047 14.000
I_960 0.000 777.529 11.000
T_961 -17.098 -90.974 11.000
A_962 0.000 185.740 7.000
Q_963 -21.132 -643.904 10.000
P_964 0.000 -195.996 7.000
K_965 -13.255 -818.649 7.000
L_966 0.000 679.918 3.000
I_967 0.000 777.529 5.000
V_968 0.000 613.196 2.000
H_969 -7.426 -583.484 5.000
C_970 0.000 322.480 5.000
K_971 -14.420 -818.649 8.000
F_972 0.000 560.542 6.000
S_973 -11.867 -90.060 6.000
G_974 0.000 -27.649 3.000
A_975 0.000 185.740 7.000
P_976 0.000 -195.996 4.000
N_977 -7.878 -507.047 4.000
L_978 0.000 679.918 4.000
P_979 0.000 -195.996 6.000
V_980 0.000 613.196 2.000
Y_981 -1.718 -274.939 2.000
V_982 0.000 613.196 6.000
V_983 0.000 613.196 6.000
D_984 -16.691 -475.402 7.000
C_985 0.000 322.480 10.000
S_986 -18.462 -90.060 13.000
S_987 -15.425 -90.060 9.000
S_988 -17.811 -90.060 12.000
G_989 0.000 -27.649 12.000
T_990 -15.425 -90.974 9.000
S_991 -11.867 -90.060 6.000
I_992 0.000 777.529 9.000
L_993 0.000 679.918 6.000
T_994 -11.867 -90.974 6.000
G_995 0.000 -27.649 6.000
S_996 -11.867 -90.060 6.000
A_997 0.000 185.740 7.000
I_998 0.000 777.529 7.000
Q_999 -18.409 -643.904 8.000
V_1000 0.000 613.196 12.000
Q_1001 -23.258 -643.904 12.000
N_1002 -22.253 -507.047 11.000
I_1003 0.000 777.529 14.000
K_1004 -19.059 -818.649 14.000
K_1005 -19.059 -818.649 14.000
D_1006 -27.150 -475.402 17.000
Q_1007 -25.003 -643.904 14.000
T_1008 -19.059 -90.974 14.000
L_1009 0.000 679.918 10.000
K_1010 -17.098 -818.649 11.000
A_1011 0.000 185.740 8.000
R_1012 -28.412 -1015.709 12.000
I_1013 0.000 777.529 9.000
E_1014 -19.866 -605.239 9.000
I_1015 0.000 777.529 7.000
P_1016 0.000 -195.996 7.000
S_1017 -11.867 -90.060 6.000
C_1018 0.000 322.480 10.000
K_1019 -16.309 -818.649 10.000
D_1020 -16.691 -475.402 7.000
V_1021 0.000 613.196 7.000
A_1022 0.000 185.740 4.000
P_1023 0.000 -195.996 4.000
V_1024 0.000 613.196 7.000
E_1025 -21.132 -605.239 10.000
K_1026 -16.309 -818.649 10.000
T_1027 -18.462 -90.974 13.000
I_1028 0.000 777.529 9.000
K_1029 -11.867 -818.649 6.000
L_1030 0.000 679.918 3.000
L_1031 0.000 679.918 6.000
P_1032 0.000 -195.996 6.000
S_1033 -14.420 -90.060 8.000
S_1034 -14.420 -90.060 8.000
H_1035 -9.978 -583.484 8.000
V_1036 0.000 613.196 10.000
A_1037 0.000 185.740 7.000
R_1038 -23.856 -1015.709 9.000
L_1039 0.000 679.918 9.000
Q_1040 -19.866 -643.904 9.000
I_1041 0.000 777.529 7.000
F_1042 0.000 560.542 7.000
S_1043 -13.255 -90.060 7.000
V_1044 0.000 613.196 7.000
E_1045 -22.253 -605.239 11.000
G_1046 0.000 -27.649 11.000
Q_1047 -22.253 -643.904 11.000
K_1048 -13.255 -818.649 7.000
A_1049 0.000 185.740 11.000
I_1050 0.000 777.529 7.000
Q_1051 -16.691 -643.904 7.000
I_1052 0.000 777.529 9.000
K_1053 -18.462 -818.649 13.000
H_1054 -12.518 -583.484 13.000
Q_1055 -27.150 -643.904 17.000
D_1056 -25.003 -475.402 14.000
E_1057 -26.485 -605.239 16.000
V_1058 0.000 613.196 13.000
N_1059 -19.866 -507.047 9.000
W_1060 -3.990 -203.500 5.000
I_1061 0.000 777.529 5.000
A_1062 0.000 185.740 5.000
G_1063 0.000 -27.649 4.000
D_1064 -7.878 -475.402 4.000
I_1065 0.000 777.529 6.000
M_1066 0.000 401.769 10.000
H_1067 -8.431 -583.484 6.000
N_1068 -14.591 -507.047 6.000
L_1069 0.000 679.918 6.000
I_1070 0.000 777.529 8.000
F_1071 0.000 560.542 4.000
Q_1072 -14.591 -643.904 6.000
M_1073 0.000 401.769 10.000
Y_1074 -12.900 -274.939 14.000
D_1075 -21.132 -475.402 10.000
E_1076 -25.003 -605.239 14.000
G_1077 0.000 -27.649 17.000
E_1078 -27.150 -605.239 17.000
R_1079 -29.616 -1015.709 13.000
E_1080 -27.150 -605.239 17.000
I_1081 0.000 777.529 13.000
N_1082 -22.253 -507.047 11.000
I_1083 0.000 777.529 10.000
T_1084 -16.309 -90.974 10.000
S_1085 -11.867 -90.060 6.000
A_1086 0.000 185.740 6.000
L_1087 0.000 679.918 7.000
A_1088 0.000 185.740 7.000
E_1089 -16.691 -605.239 7.000
K_1090 -16.309 -818.649 10.000
I_1091 0.000 777.529 10.000
K_1092 -16.309 -818.649 10.000
V_1093 0.000 613.196 8.000
N_1094 -22.253 -507.047 11.000
W_1095 -5.155 -203.500 8.000
T_1096 -17.811 -90.974 12.000
P_1097 0.000 -195.996 8.000
E_1098 -22.253 -605.239 11.000
I_1099 0.000 777.529 11.000
N_1100 -25.772 -507.047 15.000
K_1101 -18.462 -818.649 13.000
E_1102 -24.169 -605.239 13.000
H_1103 -10.601 -583.484 9.000
L_1104 0.000 679.918 10.000
L_1105 0.000 679.918 6.000
Q_1106 -7.878 -643.904 4.000
G_1107 0.000 -27.649 4.000
L_1108 0.000 679.918 4.000
L_1109 0.000 679.918 4.000
P_1110 0.000 -195.996 4.000
D_1111 -18.409 -475.402 8.000
V_1112 0.000 613.196 8.000
Q_1113 -18.409 -643.904 8.000
V_1114 0.000 613.196 7.000
P_1115 0.000 -195.996 10.000
T_1116 -11.867 -90.974 6.000
S_1117 -15.425 -90.060 9.000
V_1118 0.000 613.196 13.000
K_1119 -16.309 -818.649 10.000
D_1120 -23.258 -475.402 12.000
M_1121 0.000 401.769 14.000
R_1122 -27.076 -1015.709 11.000
Y_1123 -11.652 -274.939 11.000
C_1124 0.000 322.480 11.000
Q_1125 -19.866 -643.904 9.000
V_1126 0.000 613.196 7.000
S_1127 -17.098 -90.060 11.000
F_1128 0.000 560.542 11.000
Q_1129 -25.772 -643.904 15.000
D_1130 -25.003 -475.402 14.000
D_1131 -25.003 -475.402 14.000
H_1132 -12.518 -583.484 13.000
V_1133 0.000 613.196 9.000
S_1134 -15.425 -90.060 9.000
L_1135 0.000 679.918 10.000
E_1136 -21.132 -605.239 10.000
S_1137 -13.255 -90.060 7.000
A_1138 0.000 185.740 10.000
F_1139 0.000 560.542 6.000
T_1140 -14.420 -90.974 8.000
V_1141 0.000 613.196 8.000
R_1142 -21.845 -1015.709 8.000
P_1143 0.000 -195.996 5.000
L_1144 0.000 679.918 9.000
P_1145 0.000 -195.996 8.000
D_1146 -18.409 -475.402 8.000
E_1147 -22.253 -605.239 11.000
P_1148 0.000 -195.996 13.000
K_1149 -15.425 -818.649 9.000
H_1150 -9.978 -583.484 8.000
L_1151 0.000 679.918 8.000
K_1152 -15.425 -818.649 9.000
C_1153 0.000 322.480 7.000
E_1154 -21.132 -605.239 10.000
M_1155 0.000 401.769 7.000
K_1156 -13.255 -818.649 7.000
G_1157 0.000 -27.649 6.000
G_1158 0.000 -27.649 9.000
K_1159 -11.867 -818.649 6.000
T_1160 -16.309 -90.974 10.000
V_1161 0.000 613.196 10.000
Q_1162 -16.691 -643.904 7.000
M_1163 0.000 401.769 8.000
G_1164 0.000 -27.649 12.000
Q_1165 -18.409 -643.904 8.000
E_1166 -23.258 -605.239 12.000
L_1167 0.000 679.918 12.000
Q_1168 -23.258 -643.904 12.000
G_1169 0.000 -27.649 8.000
E_1170 -18.409 -605.239 8.000
V_1171 0.000 613.196 4.000
V_1172 0.000 613.196 4.000
I_1173 0.000 777.529 0.000
I_1174 0.000 777.529 3.000
I_1175 0.000 777.529 7.000
T_1176 -17.098 -90.974 11.000
D_1177 -24.169 -475.402 13.000
Q_1178 -24.169 -643.904 13.000
Y_1179 -12.900 -274.939 14.000
G_1180 0.000 -27.649 14.000
N_1181 -21.132 -507.047 10.000
Q_1182 -23.258 -643.904 12.000
I_1183 0.000 777.529 12.000
Q_1184 -18.409 -643.904 8.000
A_1185 0.000 185.740 7.000
F_1186 0.000 560.542 7.000
S_1187 -11.867 -90.060 6.000
P_1188 0.000 -195.996 9.000
S_1189 -15.425 -90.060 9.000
S_1190 -15.425 -90.060 9.000
L_1191 0.000 679.918 12.000
S_1192 -15.425 -90.060 9.000
S_1193 -15.425 -90.060 9.000
L_1194 0.000 679.918 9.000
S_1195 -11.867 -90.060 6.000
I_1196 0.000 777.529 3.000
A_1197 0.000 185.740 3.000
G_1198 0.000 -27.649 0.000
V_1199 0.000 613.196 0.000
G_1200 0.000 -27.649 4.000
L_1201 0.000 679.918 7.000
D_1202 -21.132 -475.402 10.000
S_1203 -19.059 -90.060 14.000
S_1204 -19.059 -90.060 14.000
N_1205 -24.169 -507.047 13.000
L_1206 0.000 679.918 13.000
K_1207 -18.462 -818.649 13.000
T_1208 -15.425 -90.974 9.000
T_1209 -18.462 -90.974 13.000
F_1210 0.000 560.542 14.000
Q_1211 -25.772 -643.904 15.000
E_1212 -25.772 -605.239 15.000
N_1213 -28.359 -507.047 19.000
T_1214 -21.060 -90.974 18.000
Q_1215 -25.003 -643.904 14.000
S_1216 -18.462 -90.060 13.000
I_1217 0.000 777.529 10.000
S_1218 -17.098 -90.060 11.000
V_1219 0.000 613.196 8.000
R_1220 -21.845 -1015.709 8.000
G_1221 0.000 -27.649 8.000
I_1222 0.000 777.529 8.000
K_1223 -4.441 -818.649 3.000
F_1224 0.000 560.542 3.000
I_1225 0.000 777.529 3.000
P_1226 0.000 -195.996 0.000
G_1227 0.000 -27.649 0.000
P_1228 0.000 -195.996 0.000
P_1229 0.000 -195.996 4.000
G_1230 0.000 -27.649 7.000
N_1231 -22.253 -507.047 11.000
K_1232 -17.098 -818.649 11.000
D_1233 -22.253 -475.402 11.000
L_1234 0.000 679.918 7.000
C_1235 0.000 322.480 7.000
F_1236 0.000 560.542 4.000
T_1237 -15.425 -90.974 9.000
W_1238 -6.358 -203.500 13.000
R_1239 -29.616 -1015.709 13.000
E_1240 -24.169 -605.239 13.000
F_1241 0.000 560.542 16.000
S_1242 -17.098 -90.060 11.000
D_1243 -16.691 -475.402 7.000
F_1244 0.000 560.542 12.000
I_1245 0.000 777.529 9.000
R_1246 -23.856 -1015.709 9.000
V_1247 0.000 613.196 9.000
Q_1248 -19.866 -643.904 9.000
L_1249 0.000 679.918 7.000
I_1250 0.000 777.529 7.000
S_1251 -4.441 -90.060 3.000
G_1252 0.000 -27.649 3.000
P_1253 0.000 -195.996 3.000
P_1254 0.000 -195.996 3.000
A_1255 0.000 185.740 3.000
K_1256 -4.441 -818.649 3.000
L_1257 0.000 679.918 3.000
L_1258 0.000 679.918 3.000
L_1259 0.000 679.918 4.000
I_1260 0.000 777.529 5.000
D_1261 -11.867 -475.402 5.000
W_1262 -5.447 -203.500 9.000
P_1263 0.000 -195.996 9.000
E_1264 -18.409 -605.239 8.000
L_1265 0.000 679.918 11.000
K_1266 -19.059 -818.649 14.000
E_1267 -21.132 -605.239 10.000
S_1268 -16.309 -90.060 10.000
I_1269 0.000 777.529 7.000
P_1270 0.000 -195.996 3.000
V_1271 0.000 613.196 4.000
I_1272 0.000 777.529 4.000
N_1273 -19.866 -507.047 9.000
G_1274 0.000 -27.649 13.000
R_1275 -29.616 -1015.709 13.000
D_1276 -24.169 -475.402 13.000
L_1277 0.000 679.918 17.000
Q_1278 -23.258 -643.904 12.000
N_1279 -18.409 -507.047 8.000
P_1280 0.000 -195.996 8.000
I_1281 0.000 777.529 4.000
I_1282 0.000 777.529 4.000
V_1283 0.000 613.196 4.000
Q_1284 -7.878 -643.904 4.000
L_1285 0.000 679.918 8.000
C_1286 0.000 322.480 12.000
D_1287 -19.866 -475.402 9.000
Q_1288 -24.169 -643.904 13.000
W_1289 -7.023 -203.500 17.000
D_1290 -24.169 -475.402 13.000
N_1291 -19.866 -507.047 9.000
P_1292 0.000 -195.996 8.000
A_1293 0.000 185.740 4.000
P_1294 0.000 -195.996 4.000
V_1295 0.000 613.196 6.000
Q_1296 -14.591 -643.904 6.000
H_1297 -10.601 -583.484 9.000
V_1298 0.000 613.196 9.000
K_1299 -14.420 -818.649 8.000
I_1300 0.000 777.529 6.000
S_1301 -15.425 -90.060 9.000
L_1302 0.000 679.918 9.000
T_1303 -15.425 -90.974 9.000
K_1304 -15.425 -818.649 9.000
A_1305 0.000 185.740 13.000
S_1306 -16.309 -90.060 10.000
N_1307 -21.132 -507.047 10.000
L_1308 0.000 679.918 10.000
K_1309 -13.255 -818.649 7.000
L_1310 0.000 679.918 3.000
M_1311 0.000 401.769 6.000
P_1312 0.000 -195.996 7.000
S_1313 -17.098 -90.060 11.000
N_1314 -25.772 -507.047 15.000
Q_1315 -27.150 -643.904 17.000
Q_1316 -27.150 -643.904 17.000
H_1317 -13.586 -583.484 16.000
K_1318 -20.127 -818.649 16.000
T_1319 -20.127 -90.974 16.000
D_1320 -27.150 -475.402 17.000
E_1321 -25.003 -605.239 14.000
K_1322 -20.127 -818.649 16.000
G_1323 0.000 -27.649 12.000
R_1324 -28.412 -1015.709 12.000
A_1325 0.000 185.740 9.000
N_1326 -19.866 -507.047 9.000
L_1327 0.000 679.918 4.000
G_1328 0.000 -27.649 4.000
V_1329 0.000 613.196 3.000
F_1330 0.000 560.542 3.000
S_1331 -4.441 -90.060 3.000
V_1332 0.000 613.196 3.000
F_1333 0.000 560.542 3.000
A_1334 0.000 185.740 5.000
P_1335 0.000 -195.996 5.000
R_1336 -23.856 -1015.709 9.000
G_1337 0.000 -27.649 11.000
E_1338 -25.003 -605.239 14.000
H_1339 -10.601 -583.484 9.000
T_1340 -18.462 -90.974 13.000
L_1341 0.000 679.918 9.000
Q_1342 -21.132 -643.904 10.000
V_1343 0.000 613.196 7.000
K_1344 -13.255 -818.649 7.000
A_1345 0.000 185.740 5.000
I_1346 0.000 777.529 9.000
Y_1347 -10.601 -274.939 9.000
N_1348 -23.258 -507.047 12.000
K_1349 -17.811 -818.649 12.000
S_1350 -16.309 -90.060 10.000
I_1351 0.000 777.529 10.000
I_1352 0.000 777.529 7.000
E_1353 -7.878 -605.239 4.000
G_1354 0.000 -27.649 4.000
P_1355 0.000 -195.996 4.000
I_1356 0.000 777.529 3.000
I_1357 0.000 777.529 3.000
K_1358 -4.441 -818.649 3.000
L_1359 0.000 679.918 3.000
M_1360 0.000 401.769 3.000
I_1361 0.000 777.529 0.000
L_1362 0.000 679.918 4.000
P_1363 0.000 -195.996 4.000
D_1364 -18.409 -475.402 8.000
P_1365 0.000 -195.996 11.000
E_1366 -22.253 -605.239 11.000
K_1367 -13.255 -818.649 7.000
P_1368 0.000 -195.996 12.000
V_1369 0.000 613.196 8.000
R_1370 -23.856 -1015.709 9.000
L_1371 0.000 679.918 9.000
N_1372 -23.258 -507.047 12.000
V_1373 0.000 613.196 9.000
K_1374 -18.462 -818.649 13.000
Y_1375 -12.104 -274.939 12.000
D_1376 -26.485 -475.402 16.000
K_1377 -18.462 -818.649 13.000
D_1378 -25.003 -475.402 14.000
A_1379 0.000 185.740 10.000
S_1380 -13.255 -90.060 7.000
F_1381 0.000 560.542 3.000
L_1382 0.000 679.918 3.000
A_1383 0.000 185.740 0.000
G_1384 0.000 -27.649 0.000
G_1385 0.000 -27.649 0.000
L_1386 0.000 679.918 3.000
F_1387 0.000 560.542 7.000
T_1388 -13.255 -90.974 7.000
D_1389 -16.691 -475.402 7.000
F_1390 0.000 560.542 7.000
M_1391 0.000 401.769 7.000
I_1392 0.000 777.529 3.000
S_1393 -4.441 -90.060 3.000
V_1394 0.000 613.196 6.000
I_1395 0.000 777.529 10.000
S_1396 -17.098 -90.060 11.000
E_1397 -25.772 -605.239 15.000
D_1398 -27.773 -475.402 18.000
D_1399 -25.772 -475.402 15.000
S_1400 -17.098 -90.060 11.000
I_1401 0.000 777.529 10.000
I_1402 0.000 777.529 10.000
K_1403 -13.255 -818.649 7.000
N_1404 -22.253 -507.047 11.000
I_1405 0.000 777.529 11.000
N_1406 -18.409 -507.047 8.000
P_1407 0.000 -195.996 9.000
A_1408 0.000 185.740 9.000
R_1409 -21.845 -1015.709 8.000
I_1410 0.000 777.529 8.000
S_1411 -17.098 -90.060 11.000
M_1412 0.000 401.769 6.000
K_1413 -13.255 -818.649 7.000
M_1414 0.000 401.769 7.000
W_1415 -4.824 -203.500 7.000
K_1416 -13.255 -818.649 7.000
L_1417 0.000 679.918 10.000
S_1418 -17.811 -90.060 12.000
T_1419 -15.425 -90.974 9.000
S_1420 -18.462 -90.060 13.000
G_1421 0.000 -27.649 15.000
N_1422 -23.258 -507.047 12.000
R_1423 -23.856 -1015.709 9.000
P_1424 0.000 -195.996 9.000
P_1425 0.000 -195.996 9.000
A_1426 0.000 185.740 4.000
N_1427 -18.409 -507.047 8.000
A_1428 0.000 185.740 11.000
E_1429 -22.253 -605.239 11.000
T_1430 -16.309 -90.974 10.000
F_1431 0.000 560.542 10.000
S_1432 -16.309 -90.060 10.000
C_1433 0.000 322.480 10.000
N_1434 -21.132 -507.047 10.000
K_1435 -16.309 -818.649 10.000
I_1436 0.000 777.529 14.000
K_1437 -19.059 -818.649 14.000
D_1438 -25.772 -475.402 15.000
N_1439 -27.773 -507.047 18.000
D_1440 -28.359 -475.402 19.000
K_1441 -21.486 -818.649 19.000
E_1442 -25.772 -605.239 15.000
D_1443 -22.253 -475.402 11.000
G_1444 0.000 -27.649 8.000
C_1445 0.000 322.480 6.000
F_1446 0.000 560.542 2.000
Y_1447 -9.265 -274.939 7.000
F_1448 0.000 560.542 11.000
R_1449 -30.711 -1015.709 14.000
D_1450 -23.258 -475.402 12.000
K_1451 -17.811 -818.649 12.000
V_1452 0.000 613.196 7.000
I_1453 0.000 777.529 7.000
P_1454 0.000 -195.996 7.000
N_1455 -16.691 -507.047 7.000
K_1456 -13.255 -818.649 7.000
V_1457 0.000 613.196 10.000
G_1458 0.000 -27.649 8.000
T_1459 -10.149 -90.974 5.000
Y_1460 -7.426 -274.939 5.000
C_1461 0.000 322.480 9.000
I_1462 0.000 777.529 6.000
Q_1463 -7.878 -643.904 4.000
F_1464 0.000 560.542 4.000
G_1465 0.000 -27.649 4.000
F_1466 0.000 560.542 0.000
M_1467 0.000 401.769 4.000
M_1468 0.000 401.769 7.000
D_1469 -21.132 -475.402 10.000
K_1470 -19.059 -818.649 14.000
T_1471 -19.059 -90.974 14.000
N_1472 -21.132 -507.047 10.000
I_1473 0.000 777.529 11.000
L_1474 0.000 679.918 11.000
N_1475 -22.253 -507.047 11.000
S_1476 -19.613 -90.060 15.000
E_1477 -25.772 -605.239 15.000
Q_1478 -22.253 -643.904 11.000
V_1479 0.000 613.196 8.000
I_1480 0.000 777.529 8.000
V_1481 0.000 613.196 4.000
E_1482 -7.878 -605.239 4.000
V_1483 0.000 613.196 4.000
L_1484 0.000 679.918 8.000
P_1485 0.000 -195.996 8.000
N_1486 -18.409 -507.047 8.000
Q_1487 -18.409 -643.904 8.000
P_1488 0.000 -195.996 11.000
V_1489 0.000 613.196 7.000
K_1490 -4.441 -818.649 3.000
L_1491 0.000 679.918 3.000
V_1492 0.000 613.196 6.000
P_1493 0.000 -195.996 3.000
K_1494 -11.867 -818.649 6.000
I_1495 0.000 777.529 6.000
K_1496 -11.867 -818.649 6.000
P_1497 0.000 -195.996 6.000
P_1498 0.000 -195.996 6.000
T_1499 -4.441 -90.974 3.000
P_1500 0.000 -195.996 3.000
A_1501 0.000 185.740 6.000
V_1502 0.000 613.196 7.000
S_1503 -13.255 -90.060 7.000
N_1504 -23.258 -507.047 12.000
V_1505 0.000 613.196 15.000
R_1506 -28.412 -1015.709 12.000
S_1507 -14.420 -90.060 8.000
V_1508 0.000 613.196 11.000
A_1509 0.000 185.740 11.000
S_1510 -17.098 -90.060 11.000
R_1511 -27.076 -1015.709 11.000
T_1512 -17.098 -90.974 11.000
L_1513 0.000 679.918 13.000
V_1514 0.000 613.196 12.000
R_1515 -23.856 -1015.709 9.000
D_1516 -22.253 -475.402 11.000
L_1517 0.000 679.918 11.000
H_1518 -10.601 -583.484 9.000
L_1519 0.000 679.918 5.000
S_1520 -14.420 -90.060 8.000
I_1521 0.000 777.529 10.000
T_1522 -19.059 -90.974 14.000
D_1523 -24.169 -475.402 13.000
D_1524 -27.150 -475.402 17.000
Y_1525 -14.188 -274.939 18.000
D_1526 -26.485 -475.402 16.000
N_1527 -25.772 -507.047 15.000
H_1528 -12.518 -583.484 13.000
T_1529 -15.425 -90.974 9.000
G_1530 0.000 -27.649 9.000
I_1531 0.000 777.529 7.000
D_1532 -7.878 -475.402 4.000
L_1533 0.000 679.918 4.000
V_1534 0.000 613.196 7.000
G_1535 0.000 -27.649 3.000
T_1536 -4.441 -90.974 3.000
I_1537 0.000 777.529 3.000
I_1538 0.000 777.529 6.000
A_1539 0.000 185.740 3.000
T_1540 -11.867 -90.974 6.000
I_1541 0.000 777.529 6.000
K_1542 -15.425 -818.649 9.000
G_1543 0.000 -27.649 10.000
S_1544 -19.059 -90.060 14.000
N_1545 -25.772 -507.047 15.000
E_1546 -28.359 -605.239 19.000
E_1547 -28.359 -605.239 19.000
D_1548 -28.359 -475.402 19.000
T_1549 -21.060 -90.974 18.000
D_1550 -25.003 -475.402 14.000
T_1551 -16.309 -90.974 10.000
P_1552 0.000 -195.996 7.000
L_1553 0.000 679.918 3.000
F_1554 0.000 560.542 0.000
I_1555 0.000 777.529 3.000
G_1556 0.000 -27.649 3.000
K_1557 -14.420 -818.649 8.000
V_1558 0.000 613.196 11.000
R_1559 -27.076 -1015.709 11.000
T_1560 -17.811 -90.974 12.000
L_1561 0.000 679.918 12.000
E_1562 -16.691 -605.239 7.000
F_1563 0.000 560.542 4.000
P_1564 0.000 -195.996 4.000
F_1565 0.000 560.542 4.000
V_1566 0.000 613.196 4.000
N_1567 -16.691 -507.047 7.000
G_1568 0.000 -27.649 7.000
S_1569 -17.098 -90.060 11.000
A_1570 0.000 185.740 7.000
E_1571 -16.691 -605.239 7.000
I_1572 0.000 777.529 7.000
M_1573 0.000 401.769 7.000
S_1574 -4.441 -90.060 3.000
L_1575 0.000 679.918 3.000
V_1576 0.000 613.196 3.000
L_1577 0.000 679.918 4.000
A_1578 0.000 185.740 7.000
E_1579 -21.132 -605.239 10.000
S_1580 -16.309 -90.060 10.000
S_1581 -16.309 -90.060 10.000
P_1582 0.000 -195.996 11.000
G_1583 0.000 -27.649 12.000
R_1584 -28.412 -1015.709 12.000
D_1585 -25.772 -475.402 15.000
S_1586 -21.486 -90.060 19.000
T_1587 -20.127 -90.974 16.000
E_1588 -23.258 -605.239 12.000
Y_1589 -10.601 -274.939 9.000
F_1590 0.000 560.542 6.000
I_1591 0.000 777.529 2.000
V_1592 0.000 613.196 4.000
F_1593 0.000 560.542 4.000
E_1594 -19.866 -605.239 9.000
P_1595 0.000 -195.996 9.000
R_1596 -23.856 -1015.709 9.000
L_1597 0.000 679.918 5.000
P_1598 0.000 -195.996 5.000
L_1599 0.000 679.918 3.000
L_1600 0.000 679.918 8.000
S_1601 -17.098 -90.060 11.000
R_1602 -27.076 -1015.709 11.000
T_1603 -19.613 -90.974 15.000
L_1604 0.000 679.918 12.000
E_1605 -19.866 -605.239 9.000
P_1606 0.000 -195.996 6.000
Y_1607 -8.431 -274.939 6.000
I_1608 0.000 777.529 2.000
L_1609 0.000 679.918 2.000
P_1610 0.000 -195.996 0.000
F_1611 0.000 560.542 0.000
M_1612 0.000 401.769 2.000
F_1613 0.000 560.542 6.000
Y_1614 -11.154 -274.939 10.000
N_1615 -21.132 -507.047 10.000
D_1616 -24.169 -475.402 13.000
V_1617 0.000 613.196 14.000
K_1618 -19.059 -818.649 14.000
K_1619 -19.059 -818.649 14.000
Q_1620 -27.773 -643.904 18.000
Q_1621 -25.772 -643.904 15.000
Q_1622 -23.258 -643.904 12.000
M_1623 0.000 401.769 8.000
A_1624 0.000 185.740 4.000
A_1625 0.000 185.740 3.000
L_1626 0.000 679.918 6.000
T_1627 -16.309 -90.974 10.000
K_1628 -18.462 -818.649 13.000
E_1629 -27.150 -605.239 17.000
K_1630 -21.060 -818.649 18.000
D_1631 -25.772 -475.402 15.000
Q_1632 -25.003 -643.904 14.000
L_1633 0.000 679.918 15.000
S_1634 -19.059 -90.060 14.000
Q_1635 -21.132 -643.904 10.000
S_1636 -16.309 -90.060 10.000
I_1637 0.000 777.529 7.000
V_1638 0.000 613.196 5.000
M_1639 0.000 401.769 5.000
Y_1640 -9.978 -274.939 8.000
K_1641 -14.420 -818.649 8.000
S_1642 -14.420 -90.060 8.000
L_1643 0.000 679.918 10.000
F_1644 0.000 560.542 7.000
E_1645 -16.691 -605.239 7.000
A_1646 0.000 185.740 11.000
S_1647 -19.613 -90.060 15.000
Q_1648 -22.253 -643.904 11.000
Q_1649 -22.253 -643.904 11.000
L_1650 0.000 679.918 12.000
L_1651 0.000 679.918 12.000
N_1652 -18.409 -507.047 8.000
E_1653 -22.253 -605.239 11.000
M_1654 0.000 401.769 11.000
K_1655 -17.098 -818.649 11.000
C_1656 0.000 322.480 7.000
Q_1657 -22.253 -643.904 11.000
V_1658 0.000 613.196 12.000
E_1659 -23.258 -605.239 12.000
E_1660 -24.169 -605.239 13.000
A_1661 0.000 185.740 13.000
R_1662 -28.412 -1015.709 12.000
L_1663 0.000 679.918 12.000
K_1664 -17.811 -818.649 12.000
E_1665 -22.253 -605.239 11.000
A_1666 0.000 185.740 11.000
Q_1667 -24.169 -643.904 13.000
L_1668 0.000 679.918 13.000
R_1669 -33.508 -1015.709 17.000
N_1670 -24.169 -507.047 13.000
E_1671 -26.485 -605.239 16.000
L_1672 0.000 679.918 11.000
K_1673 -15.425 -818.649 9.000
I_1674 0.000 777.529 9.000
H_1675 -10.601 -583.484 9.000
N_1676 -21.132 -507.047 10.000
I_1677 0.000 777.529 10.000
D_1678 -18.409 -475.402 8.000
I_1679 0.000 777.529 7.000
P_1680 0.000 -195.996 10.000
T_1681 -16.309 -90.974 10.000
T_1682 -19.059 -90.974 14.000
Q_1683 -25.003 -643.904 14.000
Q_1684 -22.253 -643.904 11.000
V_1685 0.000 613.196 10.000
P_1686 0.000 -195.996 6.000
H_1687 -8.431 -583.484 6.000
I_1688 0.000 777.529 6.000
E_1689 -14.591 -605.239 6.000
A_1690 0.000 185.740 4.000
L_1691 0.000 679.918 7.000
L_1692 0.000 679.918 8.000
K_1693 -17.098 -818.649 11.000
R_1694 -27.076 -1015.709 11.000
K_1695 -19.059 -818.649 14.000
L_1696 0.000 679.918 15.000
S_1697 -19.059 -90.060 14.000
E_1698 -25.772 -605.239 15.000
Q_1699 -28.359 -643.904 19.000
E_1700 -26.485 -605.239 16.000
E_1701 -25.772 -605.239 15.000
L_1702 0.000 679.918 14.000
K_1703 -18.462 -818.649 13.000
K_1704 -15.425 -818.649 9.000
K_1705 -19.059 -818.649 14.000
P_1706 0.000 -195.996 16.000
R_1707 -32.645 -1015.709 16.000
R_1708 -29.616 -1015.709 13.000
S_1709 -20.127 -90.060 16.000
C_1710 0.000 322.480 11.000
T_1711 -11.867 -90.974 6.000
L_1712 0.000 679.918 7.000
P_1713 0.000 -195.996 9.000
N_1714 -19.866 -507.047 9.000
Y_1715 -12.104 -274.939 12.000
T_1716 -17.811 -90.974 12.000
K_1717 -17.098 -818.649 11.000
G_1718 0.000 -27.649 9.000
S_1719 -16.309 -90.060 10.000
G_1720 0.000 -27.649 7.000
D_1721 -16.691 -475.402 7.000
V_1722 0.000 613.196 4.000
L_1723 0.000 679.918 7.000
G_1724 0.000 -27.649 3.000
K_1725 -4.441 -818.649 3.000
I_1726 0.000 777.529 5.000
A_1727 0.000 185.740 5.000
H_1728 -1.718 -583.484 2.000
L_1729 0.000 679.918 6.000
A_1730 0.000 185.740 6.000
Q_1731 -18.409 -643.904 8.000
I_1732 0.000 777.529 12.000
E_1733 -26.485 -605.239 16.000
D_1734 -27.150 -475.402 17.000
D_1735 -27.150 -475.402 17.000
R_1736 -29.616 -1015.709 13.000
A_1737 0.000 185.740 9.000
A_1738 0.000 185.740 5.000
M_1739 0.000 401.769 0.000
V_1740 0.000 613.196 3.000
I_1741 0.000 777.529 4.000
S_1742 -11.867 -90.060 6.000
W_1743 -4.441 -203.500 6.000
H_1744 -8.431 -583.484 6.000
L_1745 0.000 679.918 6.000
A_1746 0.000 185.740 9.000
S_1747 -13.255 -90.060 7.000
D_1748 -22.253 -475.402 11.000
M_1749 0.000 401.769 11.000
D_1750 -18.409 -475.402 8.000
C_1751 0.000 322.480 4.000
V_1752 0.000 613.196 7.000
V_1753 0.000 613.196 3.000
T_1754 -11.867 -90.974 6.000
L_1755 0.000 679.918 9.000
T_1756 -18.462 -90.974 13.000
T_1757 -16.309 -90.974 10.000
D_1758 -21.132 -475.402 10.000
A_1759 0.000 185.740 12.000
A_1760 0.000 185.740 14.000
R_1761 -25.574 -1015.709 10.000
R_1762 -28.412 -1015.709 12.000
I_1763 0.000 777.529 16.000
Y_1764 -13.255 -274.939 15.000
D_1765 -24.169 -475.402 13.000
E_1766 -27.150 -605.239 17.000
T_1767 -19.613 -90.974 15.000
Q_1768 -26.485 -643.904 16.000
G_1769 0.000 -27.649 16.000
R_1770 -33.508 -1015.709 17.000
Q_1771 -24.169 -643.904 13.000
Q_1772 -24.169 -643.904 13.000
V_1773 0.000 613.196 8.000
L_1774 0.000 679.918 4.000
P_1775 0.000 -195.996 4.000
L_1776 0.000 679.918 7.000
D_1777 -16.691 -475.402 7.000
S_1778 -15.425 -90.060 9.000
I_1779 0.000 777.529 12.000
Y_1780 -11.652 -274.939 11.000
K_1781 -17.098 -818.649 11.000
K_1782 -17.098 -818.649 11.000
T_1783 -15.425 -90.974 9.000
L_1784 0.000 679.918 10.000
P_1785 0.000 -195.996 8.000
D_1786 -18.409 -475.402 8.000
W_1787 -6.358 -203.500 13.000
K_1788 -20.127 -818.649 16.000
R_1789 -28.412 -1015.709 12.000
S_1790 -17.098 -90.060 11.000
L_1791 0.000 679.918 10.000
P_1792 0.000 -195.996 5.000
H_1793 -9.265 -583.484 7.000
F_1794 0.000 560.542 11.000
R_1795 -27.076 -1015.709 11.000
N_1796 -23.258 -507.047 12.000
G_1797 0.000 -27.649 12.000
K_1798 -15.425 -818.649 9.000
L_1799 0.000 679.918 5.000
Y_1800 -9.978 -274.939 8.000
F_1801 0.000 560.542 5.000
K_1802 -10.149 -818.649 5.000
P_1803 0.000 -195.996 3.000
I_1804 0.000 777.529 7.000
G_1805 0.000 -27.649 4.000
D_1806 -7.878 -475.402 4.000
P_1807 0.000 -195.996 4.000
V_1808 0.000 613.196 4.000
F_1809 0.000 560.542 5.000
A_1810 0.000 185.740 9.000
R_1811 -23.856 -1015.709 9.000
D_1812 -19.866 -475.402 9.000
L_1813 0.000 679.918 12.000
L_1814 0.000 679.918 7.000
T_1815 -4.441 -90.974 3.000
F_1816 0.000 560.542 7.000
P_1817 0.000 -195.996 11.000
D_1818 -18.409 -475.402 8.000
N_1819 -23.258 -507.047 12.000
V_1820 0.000 613.196 14.000
E_1821 -21.132 -605.239 10.000
H_1822 -11.154 -583.484 10.000
C_1823 0.000 322.480 13.000
E_1824 -19.866 -605.239 9.000
T_1825 -13.255 -90.974 7.000
V_1826 0.000 613.196 7.000
F_1827 0.000 560.542 3.000
G_1828 0.000 -27.649 0.000
M_1829 0.000 401.769 0.000
L_1830 0.000 679.918 0.000
L_1831 0.000 679.918 4.000
G_1832 0.000 -27.649 7.000
D_1833 -16.691 -475.402 7.000
T_1834 -13.255 -90.974 7.000
I_1835 0.000 777.529 7.000
I_1836 0.000 777.529 7.000
L_1837 0.000 679.918 8.000
D_1838 -18.409 -475.402 8.000
N_1839 -23.258 -507.047 12.000
L_1840 0.000 679.918 12.000
D_1841 -18.409 -475.402 8.000
A_1842 0.000 185.740 8.000
A_1843 0.000 185.740 10.000
N_1844 -18.409 -507.047 8.000
H_1845 -12.518 -583.484 13.000
Y_1846 -13.586 -274.939 16.000
R_1847 -32.645 -1015.709 16.000
K_1848 -19.059 -818.649 14.000
E_1849 -23.258 -605.239 12.000
V_1850 0.000 613.196 10.000
V_1851 0.000 613.196 7.000
K_1852 -11.867 -818.649 6.000
I_1853 0.000 777.529 8.000
T_1854 -14.420 -90.974 8.000
H_1855 -7.426 -583.484 5.000
C_1856 0.000 322.480 8.000
P_1857 0.000 -195.996 5.000
T_1858 -4.441 -90.974 3.000
L_1859 0.000 679.918 6.000
L_1860 0.000 679.918 11.000
T_1861 -17.811 -90.974 12.000
R_1862 -28.412 -1015.709 12.000
D_1863 -26.485 -475.402 16.000
G_1864 0.000 -27.649 18.000
D_1865 -24.169 -475.402 13.000
R_1866 -30.711 -1015.709 14.000
I_1867 0.000 777.529 17.000
R_1868 -33.508 -1015.709 17.000
S_1869 -17.811 -90.060 12.000
N_1870 -25.772 -507.047 15.000
G_1871 0.000 -27.649 10.000
K_1872 -13.255 -818.649 7.000
F_1873 0.000 560.542 3.000
G_1874 0.000 -27.649 3.000
G_1875 0.000 -27.649 4.000
L_1876 0.000 679.918 8.000
Q_1877 -22.253 -643.904 11.000
N_1878 -22.253 -507.047 11.000
K_1879 -17.098 -818.649 11.000
A_1880 0.000 185.740 7.000
P_1881 0.000 -195.996 3.000
P_1882 0.000 -195.996 4.000
M_1883 0.000 401.769 7.000
D_1884 -16.691 -475.402 7.000
K_1885 -17.811 -818.649 12.000
L_1886 0.000 679.918 12.000
R_1887 -21.845 -1015.709 8.000
G_1888 0.000 -27.649 5.000
M_1889 0.000 401.769 5.000
V_1890 0.000 613.196 0.000
F_1891 0.000 560.542 0.000
G_1892 0.000 -27.649 0.000
A_1893 0.000 185.740 0.000
P_1894 0.000 -195.996 0.000
V_1895 0.000 613.196 3.000
P_1896 0.000 -195.996 7.000
K_1897 -13.255 -818.649 7.000
Q_1898 -16.691 -643.904 7.000
C_1899 0.000 322.480 7.000
L_1900 0.000 679.918 4.000
I_1901 0.000 777.529 0.000
L_1902 0.000 679.918 4.000
G_1903 0.000 -27.649 8.000
E_1904 -18.409 -605.239 8.000
Q_1905 -23.258 -643.904 12.000
I_1906 0.000 777.529 12.000
D_1907 -18.409 -475.402 8.000
L_1908 0.000 679.918 8.000
L_1909 0.000 679.918 12.000
Q_1910 -21.132 -643.904 10.000
Q_1911 -25.772 -643.904 15.000
Y_1912 -14.188 -274.939 18.000
R_1913 -30.711 -1015.709 14.000
S_1914 -16.309 -90.060 10.000
A_1915 0.000 185.740 8.000
V_1916 0.000 613.196 6.000
C_1917 0.000 322.480 3.000
K_1918 -13.255 -818.649 7.000
L_1919 0.000 679.918 10.000
D_1920 -21.132 -475.402 10.000
S_1921 -17.098 -90.060 11.000
V_1922 0.000 613.196 14.000
N_1923 -25.003 -507.047 14.000
K_1924 -17.098 -818.649 11.000
D_1925 -25.772 -475.402 15.000
L_1926 0.000 679.918 14.000
N_1927 -25.772 -507.047 15.000
S_1928 -17.098 -90.060 11.000
Q_1929 -25.772 -643.904 15.000
L_1930 0.000 679.918 13.000
E_1931 -21.132 -605.239 10.000
Y_1932 -11.652 -274.939 11.000
L_1933 0.000 679.918 14.000
R_1934 -25.574 -1015.709 10.000
T_1935 -17.811 -90.974 12.000
P_1936 0.000 -195.996 12.000
D_1937 -23.258 -475.402 12.000
M_1938 0.000 401.769 12.000
R_1939 -31.716 -1015.709 15.000
K_1940 -19.059 -818.649 14.000
K_1941 -21.060 -818.649 18.000
K_1942 -20.609 -818.649 17.000
Q_1943 -25.003 -643.904 14.000
E_1944 -25.772 -605.239 15.000
L_1945 0.000 679.918 16.000
D_1946 -25.003 -475.402 14.000
E_1947 -25.003 -605.239 14.000
H_1948 -13.896 -583.484 17.000
E_1949 -27.150 -605.239 17.000
K_1950 -18.462 -818.649 13.000
N_1951 -25.003 -507.047 14.000
L_1952 0.000 679.918 10.000
K_1953 -13.255 -818.649 7.000
L_1954 0.000 679.918 7.000
I_1955 0.000 777.529 11.000
E_1956 -22.253 -605.239 11.000
E_1957 -22.253 -605.239 11.000
K_1958 -17.098 -818.649 11.000
L_1959 0.000 679.918 7.000
G_1960 0.000 -27.649 6.000
M_1961 0.000 401.769 3.000
T_1962 -4.441 -90.974 3.000
P_1963 0.000 -195.996 8.000
I_1964 0.000 777.529 11.000
R_1965 -21.845 -1015.709 8.000
K_1966 -17.811 -818.649 12.000
C_1967 0.000 322.480 16.000
N_1968 -25.003 -507.047 14.000
D_1969 -22.253 -475.402 11.000
S_1970 -20.127 -90.060 16.000
L_1971 0.000 679.918 14.000
R_1972 -29.616 -1015.709 13.000
H_1973 -11.154 -583.484 10.000
S_1974 -18.462 -90.060 13.000
P_1975 0.000 -195.996 8.000
K_1976 -16.309 -818.649 10.000
V_1977 0.000 613.196 10.000
E_1978 -24.169 -605.239 13.000
T_1979 -19.059 -90.974 14.000
T_1980 -19.059 -90.974 14.000
D_1981 -21.132 -475.402 10.000
C_1982 0.000 322.480 7.000
P_1983 0.000 -195.996 4.000
V_1984 0.000 613.196 0.000
P_1985 0.000 -195.996 3.000
P_1986 0.000 -195.996 8.000
K_1987 -14.420 -818.649 8.000
R_1988 -29.616 -1015.709 13.000
M_1989 0.000 401.769 18.000
R_1990 -35.072 -1015.709 19.000
R_1991 -30.711 -1015.709 14.000
E_1992 -27.150 -605.239 17.000
A_1993 0.000 185.740 17.000
T_1994 -20.127 -90.974 16.000
R_1995 -32.645 -1015.709 16.000
Q_1996 -29.436 -643.904 21.000
N_1997 -27.773 -507.047 18.000
R_1998 -29.616 -1015.709 13.000
I_1999 0.000 777.529 12.000
I_2000 0.000 777.529 11.000
T_2001 -15.425 -90.974 9.000
K_2002 -18.462 -818.649 13.000
T_2003 -18.462 -90.974 13.000
D_2004 -21.132 -475.402 10.000
V_2005 0.000 613.196 7.000
