M_1 0.000 401.769 4.000
E_2 -18.409 -605.239 8.000
L_3 0.000 679.918 8.000
Q_4 -18.409 -643.904 8.000
A_5 0.000 185.740 9.000
A_6 0.000 185.740 9.000
R_7 -11.867 -1015.709 5.000
A_8 0.000 185.740 5.000
C_9 0.000 322.480 5.000
F_10 0.000 560.542 0.000
A_11 0.000 185.740 0.000
L_12 0.000 679.918 1.000
L_13 0.000 679.918 1.000
W_14 -0.000 -203.500 1.000
G_15 0.000 -27.649 1.000
C_16 0.000 322.480 1.000
A_17 0.000 185.740 0.000
L_18 0.000 679.918 0.000
A_19 0.000 185.740 0.000
A_20 0.000 185.740 0.000
A_21 0.000 185.740 0.000
A_22 0.000 185.740 0.000
A_23 0.000 185.740 4.000
A_24 0.000 185.740 4.000
Q_25 -16.691 -643.904 7.000
G_26 0.000 -27.649 11.000
K_27 -17.098 -818.649 11.000
E_28 -16.691 -605.239 7.000
V_29 0.000 613.196 7.000
V_30 0.000 613.196 4.000
L_31 0.000 679.918 4.000
L_32 0.000 679.918 4.000
D_33 -7.878 -475.402 4.000
F_34 0.000 560.542 4.000
A_35 0.000 185.740 4.000
A_36 0.000 185.740 0.000
A_37 0.000 185.740 0.000
G_38 0.000 -27.649 4.000
G_39 0.000 -27.649 4.000
E_40 -7.878 -605.239 4.000
L_41 0.000 679.918 5.000
G_42 0.000 -27.649 5.000
W_43 -3.436 -203.500 4.000
L_44 0.000 679.918 6.000
T_45 -11.867 -90.974 6.000
H_46 -9.265 -583.484 7.000
P_47 0.000 -195.996 7.000
Y_48 -9.265 -274.939 7.000
G_49 0.000 -27.649 5.000
K_50 -11.867 -818.649 6.000
G_51 0.000 -27.649 8.000
W_52 -5.155 -203.500 8.000
D_53 -11.867 -475.402 5.000
L_54 0.000 679.918 9.000
M_55 0.000 401.769 12.000
Q_56 -18.409 -643.904 8.000
N_57 -18.409 -507.047 8.000
I_58 0.000 777.529 12.000
M_59 0.000 401.769 12.000
N_60 -18.409 -507.047 8.000
D_61 -18.409 -475.402 8.000
M_62 0.000 401.769 8.000
P_63 0.000 -195.996 6.000
I_64 0.000 777.529 2.000
Y_65 -6.160 -274.939 4.000
M_66 0.000 401.769 7.000
Y_67 -9.265 -274.939 7.000
S_68 -10.149 -90.060 5.000
V_69 0.000 613.196 9.000
C_70 0.000 322.480 7.000
N_71 -7.878 -507.047 4.000
V_72 0.000 613.196 7.000
M_73 0.000 401.769 7.000
S_74 -13.255 -90.060 7.000
G_75 0.000 -27.649 11.000
D_76 -25.772 -475.402 15.000
Q_77 -26.485 -643.904 16.000
D_78 -27.150 -475.402 17.000
N_79 -24.169 -507.047 13.000
W_80 -6.542 -203.500 14.000
L_81 0.000 679.918 13.000
R_82 -29.616 -1015.709 13.000
T_83 -18.462 -90.974 13.000
N_84 -24.169 -507.047 13.000
W_85 -5.708 -203.500 10.000
V_86 0.000 613.196 12.000
Y_87 -9.978 -274.939 8.000
R_88 -27.076 -1015.709 11.000
G_89 0.000 -27.649 11.000
E_90 -24.169 -605.239 13.000
A_91 0.000 185.740 13.000
E_92 -24.169 -605.239 13.000
R_93 -23.856 -1015.709 9.000
I_94 0.000 777.529 9.000
F_95 0.000 560.542 9.000
I_96 0.000 777.529 4.000
E_97 -16.691 -605.239 7.000
L_98 0.000 679.918 7.000
K_99 -16.309 -818.649 10.000
F_100 0.000 560.542 6.000
T_101 -17.098 -90.974 11.000
V_102 0.000 613.196 12.000
R_103 -28.412 -1015.709 12.000
D_104 -24.169 -475.402 13.000
C_105 0.000 322.480 16.000
N_106 -22.253 -507.047 11.000
S_107 -13.255 -90.060 7.000
F_108 0.000 560.542 7.000
P_109 0.000 -195.996 3.000
G_110 0.000 -27.649 0.000
G_111 0.000 -27.649 3.000
A_112 0.000 185.740 6.000
S_113 -11.867 -90.060 6.000
S_114 -15.425 -90.060 9.000
C_115 0.000 322.480 13.000
K_116 -18.462 -818.649 13.000
E_117 -21.132 -605.239 10.000
T_118 -19.059 -90.974 14.000
F_119 0.000 560.542 11.000
N_120 -19.866 -507.047 9.000
L_121 0.000 679.918 8.000
Y_122 -9.978 -274.939 8.000
Y_123 -9.978 -274.939 8.000
A_124 0.000 185.740 11.000
E_125 -24.169 -605.239 13.000
S_126 -17.098 -90.060 11.000
D_127 -25.772 -475.402 15.000
L_128 0.000 679.918 13.000
D_129 -21.132 -475.402 10.000
Y_130 -10.601 -274.939 9.000
G_131 0.000 -27.649 13.000
T_132 -15.425 -90.974 9.000
N_133 -22.253 -507.047 11.000
F_134 0.000 560.542 14.000
Q_135 -26.485 -643.904 16.000
K_136 -17.811 -818.649 12.000
R_137 -28.412 -1015.709 12.000
L_138 0.000 679.918 11.000
F_139 0.000 560.542 11.000
T_140 -11.867 -90.974 6.000
K_141 -16.309 -818.649 10.000
I_142 0.000 777.529 13.000
D_143 -21.132 -475.402 10.000
T_144 -13.255 -90.974 7.000
I_145 0.000 777.529 7.000
A_146 0.000 185.740 7.000
P_147 0.000 -195.996 8.000
D_148 -18.409 -475.402 8.000
E_149 -22.253 -605.239 11.000
I_150 0.000 777.529 11.000
T_151 -16.309 -90.974 10.000
V_152 0.000 613.196 9.000
S_153 -18.462 -90.060 13.000
S_154 -16.309 -90.060 10.000
D_155 -25.003 -475.402 14.000
F_156 0.000 560.542 11.000
E_157 -24.169 -605.239 13.000
A_158 0.000 185.740 11.000
R_159 -27.076 -1015.709 11.000
H_160 -11.154 -583.484 10.000
V_161 0.000 613.196 10.000
K_162 -15.425 -818.649 9.000
L_163 0.000 679.918 7.000
N_164 -22.253 -507.047 11.000
V_165 0.000 613.196 12.000
E_166 -27.150 -605.239 17.000
E_167 -26.485 -605.239 16.000
R_168 -32.645 -1015.709 16.000
S_169 -17.811 -90.060 12.000
V_170 0.000 613.196 8.000
G_171 0.000 -27.649 3.000
P_172 0.000 -195.996 3.000
L_173 0.000 679.918 8.000
T_174 -17.098 -90.974 11.000
R_175 -27.076 -1015.709 11.000
K_176 -17.098 -818.649 11.000
G_177 0.000 -27.649 10.000
F_178 0.000 560.542 5.000
Y_179 -1.718 -274.939 2.000
L_180 0.000 679.918 2.000
A_181 0.000 185.740 6.000
F_182 0.000 560.542 8.000
Q_183 -18.409 -643.904 8.000
D_184 -18.409 -475.402 8.000
I_185 0.000 777.529 8.000
G_186 0.000 -27.649 4.000
A_187 0.000 185.740 0.000
C_188 0.000 322.480 0.000
V_189 0.000 613.196 0.000
A_190 0.000 185.740 0.000
L_191 0.000 679.918 3.000
L_192 0.000 679.918 3.000
S_193 -14.420 -90.060 8.000
V_194 0.000 613.196 8.000
R_195 -25.574 -1015.709 10.000
V_196 0.000 613.196 9.000
Y_197 -12.104 -274.939 12.000
Y_198 -11.154 -274.939 10.000
K_199 -16.309 -818.649 10.000
K_200 -14.420 -818.649 8.000
C_201 0.000 322.480 10.000
P_202 0.000 -195.996 7.000
E_203 -7.878 -605.239 4.000
L_204 0.000 679.918 8.000
L_205 0.000 679.918 8.000
Q_206 -7.878 -643.904 4.000
G_207 0.000 -27.649 4.000
L_208 0.000 679.918 6.000
A_209 0.000 185.740 2.000
H_210 -1.718 -583.484 2.000
F_211 0.000 560.542 6.000
P_212 0.000 -195.996 9.000
E_213 -16.691 -605.239 7.000
T_214 -13.255 -90.974 7.000
I_215 0.000 777.529 7.000
A_216 0.000 185.740 6.000
G_217 0.000 -27.649 7.000
S_218 -13.255 -90.060 7.000
D_219 -16.691 -475.402 7.000
A_220 0.000 185.740 10.000
P_221 0.000 -195.996 7.000
S_222 -4.441 -90.060 3.000
L_223 0.000 679.918 6.000
A_224 0.000 185.740 6.000
T_225 -4.441 -90.974 3.000
V_226 0.000 613.196 3.000
A_227 0.000 185.740 6.000
G_228 0.000 -27.649 3.000
T_229 -4.441 -90.974 3.000
C_230 0.000 322.480 7.000
V_231 0.000 613.196 9.000
D_232 -14.591 -475.402 6.000
H_233 -8.431 -583.484 6.000
A_234 0.000 185.740 6.000
V_235 0.000 613.196 2.000
V_236 0.000 613.196 0.000
P_237 0.000 -195.996 0.000
P_238 0.000 -195.996 0.000
G_239 0.000 -27.649 4.000
G_240 0.000 -27.649 8.000
E_241 -18.409 -605.239 8.000
E_242 -24.169 -605.239 13.000
P_243 0.000 -195.996 13.000
R_244 -27.076 -1015.709 11.000
M_245 0.000 401.769 7.000
H_246 -9.265 -583.484 7.000
C_247 0.000 322.480 2.000
A_248 0.000 185.740 6.000
V_249 0.000 613.196 4.000
D_250 -18.409 -475.402 8.000
G_251 0.000 -27.649 9.000
E_252 -19.866 -605.239 9.000
W_253 -3.990 -203.500 5.000
L_254 0.000 679.918 5.000
V_255 0.000 613.196 1.000
P_256 0.000 -195.996 0.000
I_257 0.000 777.529 4.000
G_258 0.000 -27.649 4.000
Q_259 -7.878 -643.904 4.000
C_260 0.000 322.480 4.000
L_261 0.000 679.918 8.000
C_262 0.000 322.480 4.000
Q_263 -7.878 -643.904 4.000
A_264 0.000 185.740 6.000
G_265 0.000 -27.649 10.000
Y_266 -10.601 -274.939 9.000
E_267 -19.866 -605.239 9.000
K_268 -18.462 -818.649 13.000
V_269 0.000 613.196 15.000
E_270 -22.253 -605.239 11.000
D_271 -18.409 -475.402 8.000
A_272 0.000 185.740 12.000
C_273 0.000 322.480 8.000
Q_274 -7.878 -643.904 4.000
A_275 0.000 185.740 7.000
C_276 0.000 322.480 7.000
S_277 -4.441 -90.060 3.000
P_278 0.000 -195.996 3.000
G_279 0.000 -27.649 3.000
F_280 0.000 560.542 3.000
F_281 0.000 560.542 3.000
K_282 -13.255 -818.649 7.000
F_283 0.000 560.542 7.000
E_284 -21.132 -605.239 10.000
A_285 0.000 185.740 11.000
S_286 -19.059 -90.060 14.000
E_287 -21.132 -605.239 10.000
S_288 -16.309 -90.060 10.000
P_289 0.000 -195.996 7.000
C_290 0.000 322.480 7.000
L_291 0.000 679.918 4.000
E_292 -7.878 -605.239 4.000
C_293 0.000 322.480 8.000
P_294 0.000 -195.996 10.000
E_295 -19.866 -605.239 9.000
H_296 -10.601 -583.484 9.000
T_297 -15.425 -90.974 9.000
L_298 0.000 679.918 8.000
P_299 0.000 -195.996 6.000
S_300 -13.255 -90.060 7.000
P_301 0.000 -195.996 7.000
E_302 -16.691 -605.239 7.000
G_303 0.000 -27.649 7.000
A_304 0.000 185.740 10.000
T_305 -11.867 -90.974 6.000
S_306 -16.309 -90.060 10.000
C_307 0.000 322.480 10.000
E_308 -22.253 -605.239 11.000
C_309 0.000 322.480 12.000
E_310 -23.258 -605.239 12.000
E_311 -18.409 -605.239 8.000
G_312 0.000 -27.649 8.000
F_313 0.000 560.542 9.000
F_314 0.000 560.542 5.000
R_315 -11.867 -1015.709 5.000
A_316 0.000 185.740 9.000
P_317 0.000 -195.996 13.000
Q_318 -18.409 -643.904 8.000
D_319 -18.409 -475.402 8.000
P_320 0.000 -195.996 11.000
A_321 0.000 185.740 7.000
S_322 -4.441 -90.060 3.000
M_323 0.000 401.769 3.000
P_324 0.000 -195.996 6.000
C_325 0.000 322.480 8.000
T_326 -14.420 -90.974 8.000
R_327 -21.845 -1015.709 8.000
P_328 0.000 -195.996 11.000
P_329 0.000 -195.996 8.000
S_330 -4.441 -90.060 3.000
A_331 0.000 185.740 5.000
P_332 0.000 -195.996 7.000
H_333 -6.160 -583.484 4.000
Y_334 -9.265 -274.939 7.000
L_335 0.000 679.918 7.000
T_336 -10.149 -90.974 5.000
A_337 0.000 185.740 3.000
V_338 0.000 613.196 3.000
G_339 0.000 -27.649 0.000
M_340 0.000 401.769 0.000
G_341 0.000 -27.649 3.000
A_342 0.000 185.740 3.000
K_343 -13.255 -818.649 7.000
V_344 0.000 613.196 7.000
E_345 -23.258 -605.239 12.000
L_346 0.000 679.918 10.000
R_347 -29.616 -1015.709 13.000
W_348 -5.447 -203.500 9.000
T_349 -15.425 -90.974 9.000
P_350 0.000 -195.996 8.000
P_351 0.000 -195.996 11.000
Q_352 -22.253 -643.904 11.000
D_353 -22.253 -475.402 11.000
S_354 -17.098 -90.060 11.000
G_355 0.000 -27.649 12.000
G_356 0.000 -27.649 12.000
R_357 -29.616 -1015.709 13.000
E_358 -24.169 -605.239 13.000
D_359 -24.169 -475.402 13.000
I_360 0.000 777.529 10.000
V_361 0.000 613.196 9.000
Y_362 -7.426 -274.939 5.000
S_363 -14.420 -90.060 8.000
V_364 0.000 613.196 8.000
T_365 -16.309 -90.974 10.000
C_366 0.000 322.480 11.000
E_367 -22.253 -605.239 11.000
Q_368 -19.866 -643.904 9.000
C_369 0.000 322.480 9.000
W_370 -5.447 -203.500 9.000
P_371 0.000 -195.996 8.000
E_372 -18.409 -605.239 8.000
S_373 -17.098 -90.060 11.000
G_374 0.000 -27.649 11.000
E_375 -16.691 -605.239 7.000
C_376 0.000 322.480 4.000
G_377 0.000 -27.649 4.000
P_378 0.000 -195.996 4.000
C_379 0.000 322.480 4.000
E_380 -16.691 -605.239 7.000
A_381 0.000 185.740 7.000
S_382 -17.811 -90.060 12.000
V_383 0.000 613.196 10.000
R_384 -29.616 -1015.709 13.000
Y_385 -12.900 -274.939 14.000
S_386 -19.059 -90.060 14.000
E_387 -19.866 -605.239 9.000
P_388 0.000 -195.996 9.000
P_389 0.000 -195.996 6.000
H_390 -1.718 -583.484 2.000
G_391 0.000 -27.649 5.000
L_392 0.000 679.918 10.000
T_393 -17.098 -90.974 11.000
R_394 -30.711 -1015.709 14.000
T_395 -19.059 -90.974 14.000
S_396 -19.059 -90.060 14.000
V_397 0.000 613.196 9.000
T_398 -15.425 -90.974 9.000
V_399 0.000 613.196 10.000
S_400 -16.309 -90.060 10.000
D_401 -22.253 -475.402 11.000
L_402 0.000 679.918 11.000
E_403 -21.132 -605.239 10.000
P_404 0.000 -195.996 6.000
H_405 -11.154 -583.484 10.000
M_406 0.000 401.769 8.000
N_407 -22.253 -507.047 11.000
Y_408 -10.601 -274.939 9.000
T_409 -17.811 -90.974 12.000
F_410 0.000 560.542 8.000
T_411 -16.309 -90.974 10.000
V_412 0.000 613.196 7.000
E_413 -23.258 -605.239 12.000
A_414 0.000 185.740 13.000
R_415 -29.616 -1015.709 13.000
N_416 -19.866 -507.047 9.000
G_417 0.000 -27.649 12.000
V_418 0.000 613.196 7.000
S_419 -4.441 -90.060 3.000
G_420 0.000 -27.649 3.000
L_421 0.000 679.918 6.000
V_422 0.000 613.196 6.000
T_423 -17.098 -90.974 11.000
S_424 -19.059 -90.060 14.000
R_425 -30.711 -1015.709 14.000
S_426 -20.127 -90.060 16.000
F_427 0.000 560.542 16.000
R_428 -27.076 -1015.709 11.000
T_429 -17.098 -90.974 11.000
A_430 0.000 185.740 11.000
S_431 -15.425 -90.060 9.000
V_432 0.000 613.196 6.000
S_433 -16.309 -90.060 10.000
I_434 0.000 777.529 11.000
N_435 -25.003 -507.047 14.000
Q_436 -25.772 -643.904 15.000
T_437 -19.613 -90.974 15.000
E_438 -22.253 -605.239 11.000
P_439 0.000 -195.996 10.000
P_440 0.000 -195.996 7.000
K_441 -14.420 -818.649 8.000
V_442 0.000 613.196 8.000
R_443 -28.412 -1015.709 12.000
L_444 0.000 679.918 9.000
E_445 -25.003 -605.239 14.000
G_446 0.000 -27.649 12.000
R_447 -31.716 -1015.709 15.000
S_448 -19.059 -90.060 14.000
T_449 -20.609 -90.974 17.000
T_450 -17.811 -90.974 12.000
S_451 -17.811 -90.060 12.000
L_452 0.000 679.918 9.000
S_453 -15.425 -90.060 9.000
V_454 0.000 613.196 7.000
S_455 -16.309 -90.060 10.000
W_456 -4.824 -203.500 7.000
S_457 -13.255 -90.060 7.000
I_458 0.000 777.529 4.000
P_459 0.000 -195.996 3.000
P_460 0.000 -195.996 4.000
P_461 0.000 -195.996 8.000
Q_462 -22.253 -643.904 11.000
Q_463 -26.485 -643.904 16.000
S_464 -20.127 -90.060 16.000
R_465 -29.616 -1015.709 13.000
V_466 0.000 613.196 12.000
W_467 -5.944 -203.500 11.000
K_468 -16.309 -818.649 10.000
Y_469 -11.154 -274.939 10.000
E_470 -23.258 -605.239 12.000
V_471 0.000 613.196 11.000
T_472 -19.059 -90.974 14.000
Y_473 -12.518 -274.939 13.000
R_474 -32.645 -1015.709 16.000
K_475 -18.462 -818.649 13.000
K_476 -19.613 -818.649 15.000
G_477 0.000 -27.649 13.000
D_478 -25.003 -475.402 14.000
S_479 -19.059 -90.060 14.000
N_480 -26.485 -507.047 16.000
S_481 -20.127 -90.060 16.000
Y_482 -12.518 -274.939 13.000
N_483 -25.003 -507.047 14.000
V_484 0.000 613.196 16.000
R_485 -33.508 -1015.709 17.000
R_486 -33.508 -1015.709 17.000
T_487 -20.609 -90.974 17.000
E_488 -23.258 -605.239 12.000
G_489 0.000 -27.649 10.000
F_490 0.000 560.542 7.000
S_491 -11.867 -90.060 6.000
V_492 0.000 613.196 6.000
T_493 -16.309 -90.974 10.000
L_494 0.000 679.918 11.000
D_495 -22.253 -475.402 11.000
D_496 -18.409 -475.402 8.000
L_497 0.000 679.918 8.000
A_498 0.000 185.740 8.000
P_499 0.000 -195.996 7.000
D_500 -21.132 -475.402 10.000
T_501 -17.811 -90.974 12.000
T_502 -17.811 -90.974 12.000
Y_503 -9.978 -274.939 8.000
L_504 0.000 679.918 9.000
V_505 0.000 613.196 6.000
Q_506 -18.409 -643.904 8.000
V_507 0.000 613.196 8.000
Q_508 -18.409 -643.904 8.000
A_509 0.000 185.740 7.000
L_510 0.000 679.918 11.000
T_511 -17.098 -90.974 11.000
Q_512 -22.253 -643.904 11.000
E_513 -25.772 -605.239 15.000
G_514 0.000 -27.649 12.000
Q_515 -18.409 -643.904 8.000
G_516 0.000 -27.649 4.000
A_517 0.000 185.740 7.000
G_518 0.000 -27.649 6.000
S_519 -11.867 -90.060 6.000
K_520 -14.420 -818.649 8.000
V_521 0.000 613.196 12.000
H_522 -10.601 -583.484 9.000
E_523 -21.132 -605.239 10.000
F_524 0.000 560.542 13.000
Q_525 -22.253 -643.904 11.000
T_526 -16.309 -90.974 10.000
L_527 0.000 679.918 10.000
S_528 -16.309 -90.060 10.000
P_529 0.000 -195.996 7.000
E_530 -21.132 -605.239 10.000
G_531 0.000 -27.649 7.000
S_532 -17.098 -90.060 11.000
G_533 0.000 -27.649 7.000
N_534 -16.691 -507.047 7.000
L_535 0.000 679.918 4.000
A_536 0.000 185.740 4.000
V_537 0.000 613.196 0.000
I_538 0.000 777.529 0.000
G_539 0.000 -27.649 0.000
G_540 0.000 -27.649 0.000
V_541 0.000 613.196 0.000
A_542 0.000 185.740 0.000
V_543 0.000 613.196 0.000
G_544 0.000 -27.649 0.000
V_545 0.000 613.196 0.000
V_546 0.000 613.196 0.000
L_547 0.000 679.918 0.000
L_548 0.000 679.918 0.000
L_549 0.000 679.918 0.000
V_550 0.000 613.196 0.000
L_551 0.000 679.918 0.000
A_552 0.000 185.740 0.000
G_553 0.000 -27.649 0.000
V_554 0.000 613.196 0.000
G_555 0.000 -27.649 0.000
F_556 0.000 560.542 0.000
F_557 0.000 560.542 2.000
I_558 0.000 777.529 7.000
H_559 -12.104 -583.484 12.000
R_560 -33.508 -1015.709 17.000
R_561 -35.785 -1015.709 20.000
R_562 -37.098 -1015.709 22.000
K_563 -22.271 -818.649 21.000
N_564 -29.436 -507.047 21.000
Q_565 -26.485 -643.904 16.000
R_566 -34.315 -1015.709 18.000
A_567 0.000 185.740 18.000
R_568 -33.508 -1015.709 17.000
Q_569 -23.258 -643.904 12.000
S_570 -20.127 -90.060 16.000
P_571 0.000 -195.996 15.000
E_572 -22.253 -605.239 11.000
D_573 -21.132 -475.402 10.000
V_574 0.000 613.196 10.000
Y_575 -10.601 -274.939 9.000
F_576 0.000 560.542 8.000
S_577 -17.098 -90.060 11.000
K_578 -18.462 -818.649 13.000
S_579 -20.609 -90.060 17.000
E_580 -25.003 -605.239 14.000
Q_581 -25.003 -643.904 14.000
L_582 0.000 679.918 11.000
K_583 -13.255 -818.649 7.000
P_584 0.000 -195.996 6.000
L_585 0.000 679.918 9.000
K_586 -14.420 -818.649 8.000
T_587 -14.420 -90.974 8.000
Y_588 -12.104 -274.939 12.000
V_589 0.000 613.196 9.000
D_590 -18.409 -475.402 8.000
P_591 0.000 -195.996 9.000
H_592 -11.652 -583.484 11.000
T_593 -17.098 -90.974 11.000
Y_594 -13.255 -274.939 15.000
E_595 -24.169 -605.239 13.000
D_596 -25.003 -475.402 14.000
P_597 0.000 -195.996 16.000
N_598 -23.258 -507.047 12.000
Q_599 -18.409 -643.904 8.000
A_600 0.000 185.740 8.000
V_601 0.000 613.196 7.000
L_602 0.000 679.918 3.000
K_603 -11.867 -818.649 6.000
F_604 0.000 560.542 9.000
T_605 -18.462 -90.974 13.000
T_606 -16.309 -90.974 10.000
E_607 -23.258 -605.239 12.000
I_608 0.000 777.529 9.000
H_609 -10.601 -583.484 9.000
P_610 0.000 -195.996 5.000
S_611 -10.149 -90.060 5.000
C_612 0.000 322.480 6.000
V_613 0.000 613.196 11.000
T_614 -17.811 -90.974 12.000
R_615 -31.716 -1015.709 15.000
Q_616 -25.772 -643.904 15.000
K_617 -17.811 -818.649 12.000
V_618 0.000 613.196 7.000
I_619 0.000 777.529 3.000
G_620 0.000 -27.649 0.000
A_621 0.000 185.740 4.000
G_622 0.000 -27.649 4.000
E_623 -7.878 -605.239 4.000
F_624 0.000 560.542 8.000
G_625 0.000 -27.649 8.000
E_626 -14.591 -605.239 6.000
V_627 0.000 613.196 9.000
Y_628 -10.601 -274.939 9.000
K_629 -10.149 -818.649 5.000
G_630 0.000 -27.649 5.000
M_631 0.000 401.769 6.000
L_632 0.000 679.918 6.000
K_633 -15.425 -818.649 9.000
T_634 -17.811 -90.974 12.000
S_635 -17.811 -90.060 12.000
S_636 -17.811 -90.060 12.000
G_637 0.000 -27.649 12.000
K_638 -18.462 -818.649 13.000
K_639 -16.309 -818.649 10.000
E_640 -21.132 -605.239 10.000
V_641 0.000 613.196 7.000
P_642 0.000 -195.996 4.000
V_643 0.000 613.196 0.000
A_644 0.000 185.740 3.000
I_645 0.000 777.529 6.000
K_646 -11.867 -818.649 6.000
T_647 -15.425 -90.974 9.000
L_648 0.000 679.918 9.000
K_649 -11.867 -818.649 6.000
A_650 0.000 185.740 5.000
G_651 0.000 -27.649 8.000
Y_652 -10.601 -274.939 9.000
T_653 -17.811 -90.974 12.000
E_654 -26.485 -605.239 16.000
K_655 -21.486 -818.649 19.000
Q_656 -26.485 -643.904 16.000
R_657 -32.645 -1015.709 16.000
V_658 0.000 613.196 13.000
D_659 -19.866 -475.402 9.000
F_660 0.000 560.542 4.000
L_661 0.000 679.918 8.000
G_662 0.000 -27.649 4.000
E_663 -7.878 -605.239 4.000
A_664 0.000 185.740 4.000
G_665 0.000 -27.649 4.000
I_666 0.000 777.529 0.000
M_667 0.000 401.769 4.000
G_668 0.000 -27.649 4.000
Q_669 -16.691 -643.904 7.000
F_670 0.000 560.542 9.000
S_671 -17.098 -90.060 11.000
H_672 -11.652 -583.484 11.000
H_673 -11.652 -583.484 11.000
N_674 -18.409 -507.047 8.000
I_675 0.000 777.529 11.000
I_676 0.000 777.529 9.000
R_677 -23.856 -1015.709 9.000
L_678 0.000 679.918 9.000
E_679 -19.866 -605.239 9.000
G_680 0.000 -27.649 4.000
V_681 0.000 613.196 7.000
I_682 0.000 777.529 6.000
S_683 -14.420 -90.060 8.000
K_684 -17.098 -818.649 11.000
Y_685 -11.652 -274.939 11.000
K_686 -14.420 -818.649 8.000
P_687 0.000 -195.996 5.000
M_688 0.000 401.769 3.000
M_689 0.000 401.769 0.000
I_690 0.000 777.529 3.000
I_691 0.000 777.529 7.000
T_692 -15.425 -90.974 9.000
E_693 -19.866 -605.239 9.000
Y_694 -12.518 -274.939 13.000
M_695 0.000 401.769 14.000
E_696 -21.132 -605.239 10.000
N_697 -18.409 -507.047 8.000
G_698 0.000 -27.649 8.000
A_699 0.000 185.740 8.000
L_700 0.000 679.918 7.000
D_701 -16.691 -475.402 7.000
K_702 -13.255 -818.649 7.000
F_703 0.000 560.542 12.000
L_704 0.000 679.918 12.000
R_705 -28.412 -1015.709 12.000
E_706 -26.485 -605.239 16.000
K_707 -20.127 -818.649 16.000
D_708 -25.772 -475.402 15.000
G_709 0.000 -27.649 11.000
E_710 -22.253 -605.239 11.000
F_711 0.000 560.542 7.000
S_712 -13.255 -90.060 7.000
V_713 0.000 613.196 7.000
L_714 0.000 679.918 7.000
Q_715 -7.878 -643.904 4.000
L_716 0.000 679.918 4.000
V_717 0.000 613.196 4.000
G_718 0.000 -27.649 0.000
M_719 0.000 401.769 5.000
L_720 0.000 679.918 5.000
R_721 -11.867 -1015.709 5.000
G_722 0.000 -27.649 5.000
I_723 0.000 777.529 5.000
A_724 0.000 185.740 0.000
A_725 0.000 185.740 0.000
G_726 0.000 -27.649 3.000
M_727 0.000 401.769 5.000
K_728 -10.149 -818.649 5.000
Y_729 -7.426 -274.939 5.000
L_730 0.000 679.918 9.000
A_731 0.000 185.740 6.000
N_732 -18.409 -507.047 8.000
M_733 0.000 401.769 10.000
N_734 -21.132 -507.047 10.000
Y_735 -9.978 -274.939 8.000
V_736 0.000 613.196 13.000
H_737 -12.518 -583.484 13.000
R_738 -27.076 -1015.709 11.000
D_739 -22.253 -475.402 11.000
L_740 0.000 679.918 9.000
A_741 0.000 185.740 9.000
A_742 0.000 185.740 9.000
R_743 -23.856 -1015.709 9.000
N_744 -19.866 -507.047 9.000
I_745 0.000 777.529 9.000
L_746 0.000 679.918 8.000
V_747 0.000 613.196 7.000
N_748 -22.253 -507.047 11.000
S_749 -17.098 -90.060 11.000
N_750 -22.253 -507.047 11.000
L_751 0.000 679.918 7.000
V_752 0.000 613.196 7.000
C_753 0.000 322.480 3.000
K_754 -11.867 -818.649 6.000
V_755 0.000 613.196 10.000
S_756 -16.309 -90.060 10.000
D_757 -16.691 -475.402 7.000
F_758 0.000 560.542 7.000
G_759 0.000 -27.649 7.000
L_760 0.000 679.918 8.000
S_761 -14.420 -90.060 8.000
R_762 -21.845 -1015.709 8.000
V_763 0.000 613.196 12.000
L_764 0.000 679.918 13.000
E_765 -23.258 -605.239 12.000
D_766 -23.258 -475.402 12.000
D_767 -26.485 -475.402 16.000
P_768 0.000 -195.996 12.000
E_769 -22.253 -605.239 11.000
A_770 0.000 185.740 9.000
T_771 -17.811 -90.974 12.000
Y_772 -11.652 -274.939 11.000
T_773 -19.059 -90.974 14.000
T_774 -17.098 -90.974 11.000
S_775 -15.425 -90.060 9.000
G_776 0.000 -27.649 9.000
G_777 0.000 -27.649 6.000
K_778 -4.441 -818.649 3.000
I_779 0.000 777.529 3.000
P_780 0.000 -195.996 8.000
I_781 0.000 777.529 6.000
R_782 -23.856 -1015.709 9.000
W_783 -5.447 -203.500 9.000
T_784 -15.425 -90.974 9.000
A_785 0.000 185.740 8.000
P_786 0.000 -195.996 7.000
E_787 -7.878 -605.239 4.000
A_788 0.000 185.740 7.000
I_789 0.000 777.529 9.000
S_790 -16.309 -90.060 10.000
Y_791 -12.518 -274.939 13.000
R_792 -29.616 -1015.709 13.000
K_793 -18.462 -818.649 13.000
F_794 0.000 560.542 14.000
T_795 -15.425 -90.974 9.000
S_796 -15.425 -90.060 9.000
A_797 0.000 185.740 13.000
S_798 -16.309 -90.060 10.000
D_799 -18.409 -475.402 8.000
V_800 0.000 613.196 11.000
W_801 -5.155 -203.500 8.000
S_802 -7.878 -90.060 4.000
F_803 0.000 560.542 4.000
G_804 0.000 -27.649 3.000
I_805 0.000 777.529 0.000
V_806 0.000 613.196 1.000
M_807 0.000 401.769 5.000
W_808 -3.990 -203.500 5.000
E_809 -11.867 -605.239 5.000
V_810 0.000 613.196 8.000
M_811 0.000 401.769 9.000
T_812 -10.149 -90.974 5.000
Y_813 -10.601 -274.939 9.000
G_814 0.000 -27.649 14.000
E_815 -22.253 -605.239 11.000
R_816 -27.076 -1015.709 11.000
P_817 0.000 -195.996 12.000
Y_818 -12.104 -274.939 12.000
W_819 -4.824 -203.500 7.000
E_820 -21.132 -605.239 10.000
L_821 0.000 679.918 12.000
S_822 -18.462 -90.060 13.000
N_823 -24.169 -507.047 13.000
H_824 -12.518 -583.484 13.000
E_825 -21.132 -605.239 10.000
V_826 0.000 613.196 9.000
M_827 0.000 401.769 7.000
K_828 -4.441 -818.649 3.000
A_829 0.000 185.740 7.000
I_830 0.000 777.529 11.000
N_831 -18.409 -507.047 8.000
D_832 -18.409 -475.402 8.000
G_833 0.000 -27.649 13.000
F_834 0.000 560.542 9.000
R_835 -11.867 -1015.709 5.000
L_836 0.000 679.918 8.000
P_837 0.000 -195.996 8.000
T_838 -4.441 -90.974 3.000
P_839 0.000 -195.996 7.000
M_840 0.000 401.769 7.000
D_841 -7.878 -475.402 4.000
C_842 0.000 322.480 7.000
P_843 0.000 -195.996 7.000
S_844 -4.441 -90.060 3.000
A_845 0.000 185.740 5.000
I_846 0.000 777.529 9.000
Y_847 -8.431 -274.939 6.000
Q_848 -14.591 -643.904 6.000
L_849 0.000 679.918 6.000
M_850 0.000 401.769 8.000
M_851 0.000 401.769 4.000
Q_852 -11.867 -643.904 5.000
C_853 0.000 322.480 9.000
W_854 -6.358 -203.500 13.000
Q_855 -24.169 -643.904 13.000
Q_856 -27.773 -643.904 18.000
E_857 -27.150 -605.239 17.000
R_858 -34.315 -1015.709 18.000
A_859 0.000 185.740 19.000
R_860 -31.716 -1015.709 15.000
R_861 -29.616 -1015.709 13.000
P_862 0.000 -195.996 13.000
K_863 -14.420 -818.649 8.000
F_864 0.000 560.542 7.000
A_865 0.000 185.740 7.000
D_866 -7.878 -475.402 4.000
I_867 0.000 777.529 7.000
V_868 0.000 613.196 7.000
S_869 -4.441 -90.060 3.000
I_870 0.000 777.529 7.000
L_871 0.000 679.918 10.000
D_872 -16.691 -475.402 7.000
K_873 -13.255 -818.649 7.000
L_874 0.000 679.918 12.000
I_875 0.000 777.529 8.000
R_876 -11.867 -1015.709 5.000
A_877 0.000 185.740 9.000
P_878 0.000 -195.996 12.000
D_879 -16.691 -475.402 7.000
S_880 -16.309 -90.060 10.000
L_881 0.000 679.918 13.000
K_882 -15.425 -818.649 9.000
T_883 -11.867 -90.974 6.000
L_884 0.000 679.918 10.000
A_885 0.000 185.740 7.000
D_886 -18.409 -475.402 8.000
F_887 0.000 560.542 8.000
D_888 -24.169 -475.402 13.000
P_889 0.000 -195.996 9.000
R_890 -28.412 -1015.709 12.000
V_891 0.000 613.196 8.000
S_892 -18.462 -90.060 13.000
I_893 0.000 777.529 8.000
R_894 -21.845 -1015.709 8.000
L_895 0.000 679.918 8.000
P_896 0.000 -195.996 11.000
S_897 -15.425 -90.060 9.000
T_898 -15.425 -90.974 9.000
S_899 -17.811 -90.060 12.000
G_900 0.000 -27.649 13.000
S_901 -16.309 -90.060 10.000
E_902 -16.691 -605.239 7.000
G_903 0.000 -27.649 7.000
V_904 0.000 613.196 4.000
P_905 0.000 -195.996 5.000
F_906 0.000 560.542 8.000
R_907 -21.845 -1015.709 8.000
T_908 -17.098 -90.974 11.000
V_909 0.000 613.196 15.000
S_910 -17.098 -90.060 11.000
E_911 -18.409 -605.239 8.000
W_912 -6.160 -203.500 12.000
L_913 0.000 679.918 12.000
E_914 -18.409 -605.239 8.000
S_915 -16.309 -90.060 10.000
I_916 0.000 777.529 10.000
K_917 -16.309 -818.649 10.000
M_918 0.000 401.769 11.000
Q_919 -24.169 -643.904 13.000
Q_920 -24.169 -643.904 13.000
Y_921 -13.896 -274.939 17.000
T_922 -19.613 -90.974 15.000
E_923 -22.253 -605.239 11.000
H_924 -10.601 -583.484 9.000
F_925 0.000 560.542 6.000
M_926 0.000 401.769 2.000
A_927 0.000 185.740 0.000
A_928 0.000 185.740 2.000
G_929 0.000 -27.649 5.000
Y_930 -7.426 -274.939 5.000
T_931 -10.149 -90.974 5.000
A_932 0.000 185.740 9.000
I_933 0.000 777.529 10.000
E_934 -16.691 -605.239 7.000
K_935 -13.255 -818.649 7.000
V_936 0.000 613.196 11.000
V_937 0.000 613.196 7.000
Q_938 -16.691 -643.904 7.000
M_939 0.000 401.769 11.000
T_940 -19.613 -90.974 15.000
N_941 -25.772 -507.047 15.000
D_942 -25.772 -475.402 15.000
D_943 -25.772 -475.402 15.000
I_944 0.000 777.529 16.000
K_945 -17.811 -818.649 12.000
R_946 -21.845 -1015.709 8.000
I_947 0.000 777.529 8.000
G_948 0.000 -27.649 10.000
V_949 0.000 613.196 5.000
R_950 -11.867 -1015.709 5.000
L_951 0.000 679.918 5.000
P_952 0.000 -195.996 7.000
G_953 0.000 -27.649 6.000
H_954 -10.601 -583.484 9.000
Q_955 -25.003 -643.904 14.000
K_956 -19.059 -818.649 14.000
R_957 -28.412 -1015.709 12.000
I_958 0.000 777.529 10.000
A_959 0.000 185.740 10.000
Y_960 -7.426 -274.939 5.000
S_961 -10.149 -90.060 5.000
L_962 0.000 679.918 5.000
L_963 0.000 679.918 3.000
G_964 0.000 -27.649 3.000
L_965 0.000 679.918 7.000
K_966 -17.098 -818.649 11.000
D_967 -22.253 -475.402 11.000
Q_968 -25.772 -643.904 15.000
V_969 0.000 613.196 15.000
N_970 -22.253 -507.047 11.000
T_971 -13.255 -90.974 7.000
V_972 0.000 613.196 7.000
G_973 0.000 -27.649 3.000
I_974 0.000 777.529 0.000
P_975 0.000 -195.996 0.000
I_976 0.000 777.529 0.000
