M_1 0.000 401.769 3.000
V_2 0.000 613.196 3.000
S_3 -11.867 -90.060 6.000
A_4 0.000 185.740 9.000
K_5 -15.425 -818.649 9.000
K_6 -11.867 -818.649 6.000
V_7 0.000 613.196 6.000
P_8 0.000 -195.996 3.000
A_9 0.000 185.740 0.000
I_10 0.000 777.529 0.000
A_11 0.000 185.740 3.000
L_12 0.000 679.918 3.000
S_13 -4.441 -90.060 3.000
A_14 0.000 185.740 3.000
G_15 0.000 -27.649 6.000
V_16 0.000 613.196 3.000
S_17 -4.441 -90.060 3.000
F_18 0.000 560.542 3.000
A_19 0.000 185.740 3.000
L_20 0.000 679.918 5.000
L_21 0.000 679.918 5.000
R_22 -11.867 -1015.709 5.000
F_23 0.000 560.542 5.000
L_24 0.000 679.918 5.000
C_25 0.000 322.480 0.000
L_26 0.000 679.918 0.000
A_27 0.000 185.740 0.000
V_28 0.000 613.196 0.000
C_29 0.000 322.480 4.000
L_30 0.000 679.918 8.000
N_31 -22.253 -507.047 11.000
E_32 -22.253 -605.239 11.000
S_33 -17.098 -90.060 11.000
P_34 0.000 -195.996 11.000
G_35 0.000 -27.649 11.000
Q_36 -23.258 -643.904 12.000
N_37 -25.772 -507.047 15.000
Q_38 -28.359 -643.904 19.000
K_39 -21.486 -818.649 19.000
E_40 -27.773 -605.239 18.000
E_41 -25.003 -605.239 14.000
K_42 -17.098 -818.649 11.000
L_43 0.000 679.918 10.000
C_44 0.000 322.480 10.000
T_45 -17.098 -90.974 11.000
E_46 -22.253 -605.239 11.000
N_47 -25.003 -507.047 14.000
F_48 0.000 560.542 16.000
T_49 -17.811 -90.974 12.000
R_50 -21.845 -1015.709 8.000
I_51 0.000 777.529 12.000
L_52 0.000 679.918 12.000
D_53 -16.691 -475.402 7.000
S_54 -13.255 -90.060 7.000
L_55 0.000 679.918 11.000
L_56 0.000 679.918 7.000
D_57 -14.591 -475.402 6.000
G_58 0.000 -27.649 10.000
Y_59 -12.900 -274.939 14.000
D_60 -25.772 -475.402 15.000
N_61 -25.772 -507.047 15.000
R_62 -34.315 -1015.709 18.000
L_63 0.000 679.918 14.000
R_64 -25.574 -1015.709 10.000
P_65 0.000 -195.996 5.000
G_66 0.000 -27.649 5.000
F_67 0.000 560.542 0.000
G_68 0.000 -27.649 0.000
G_69 0.000 -27.649 0.000
P_70 0.000 -195.996 3.000
V_71 0.000 613.196 7.000
T_72 -13.255 -90.974 7.000
E_73 -21.132 -605.239 10.000
V_74 0.000 613.196 13.000
K_75 -19.059 -818.649 14.000
T_76 -16.309 -90.974 10.000
D_77 -23.258 -475.402 12.000
I_78 0.000 777.529 9.000
Y_79 -10.601 -274.939 9.000
V_80 0.000 613.196 8.000
T_81 -14.420 -90.974 8.000
S_82 -11.867 -90.060 6.000
F_83 0.000 560.542 6.000
G_84 0.000 -27.649 3.000
P_85 0.000 -195.996 3.000
V_86 0.000 613.196 7.000
S_87 -13.255 -90.060 7.000
D_88 -22.253 -475.402 11.000
V_89 0.000 613.196 11.000
E_90 -23.258 -605.239 12.000
M_91 0.000 401.769 10.000
E_92 -24.169 -605.239 13.000
Y_93 -10.601 -274.939 9.000
T_94 -18.462 -90.974 13.000
M_95 0.000 401.769 9.000
D_96 -16.691 -475.402 7.000
V_97 0.000 613.196 4.000
F_98 0.000 560.542 9.000
F_99 0.000 560.542 9.000
R_100 -28.412 -1015.709 12.000
Q_101 -24.169 -643.904 13.000
T_102 -18.462 -90.974 13.000
W_103 -6.160 -203.500 12.000
I_104 0.000 777.529 11.000
D_105 -24.169 -475.402 13.000
K_106 -17.811 -818.649 12.000
R_107 -31.716 -1015.709 15.000
L_108 0.000 679.918 13.000
K_109 -19.059 -818.649 14.000
Y_110 -10.601 -274.939 9.000
D_111 -19.866 -475.402 9.000
G_112 0.000 -27.649 6.000
P_113 0.000 -195.996 8.000
I_114 0.000 777.529 4.000
E_115 -7.878 -605.239 4.000
I_116 0.000 777.529 9.000
L_117 0.000 679.918 9.000
R_118 -23.856 -1015.709 9.000
L_119 0.000 679.918 13.000
N_120 -24.169 -507.047 13.000
N_121 -18.409 -507.047 8.000
M_122 0.000 401.769 8.000
M_123 0.000 401.769 7.000
V_124 0.000 613.196 6.000
T_125 -11.867 -90.974 6.000
K_126 -13.255 -818.649 7.000
V_127 0.000 613.196 10.000
W_128 -4.824 -203.500 7.000
T_129 -14.420 -90.974 8.000
P_130 0.000 -195.996 11.000
D_131 -21.132 -475.402 10.000
T_132 -13.255 -90.974 7.000
F_133 0.000 560.542 12.000
F_134 0.000 560.542 12.000
R_135 -23.856 -1015.709 9.000
N_136 -23.258 -507.047 12.000
G_137 0.000 -27.649 15.000
K_138 -18.462 -818.649 13.000
K_139 -15.425 -818.649 9.000
S_140 -17.811 -90.060 12.000
V_141 0.000 613.196 11.000
S_142 -17.811 -90.060 12.000
H_143 -10.601 -583.484 9.000
N_144 -23.258 -507.047 12.000
M_145 0.000 401.769 9.000
T_146 -13.255 -90.974 7.000
A_147 0.000 185.740 7.000
P_148 0.000 -195.996 10.000
N_149 -16.691 -507.047 7.000
K_150 -13.255 -818.649 7.000
L_151 0.000 679.918 12.000
F_152 0.000 560.542 8.000
R_153 -11.867 -1015.709 5.000
I_154 0.000 777.529 10.000
M_155 0.000 401.769 14.000
R_156 -23.856 -1015.709 9.000
N_157 -23.258 -507.047 12.000
G_158 0.000 -27.649 12.000
T_159 -13.255 -90.974 7.000
I_160 0.000 777.529 5.000
L_161 0.000 679.918 8.000
Y_162 -7.426 -274.939 5.000
T_163 -16.309 -90.974 10.000
M_164 0.000 401.769 10.000
R_165 -27.076 -1015.709 11.000
L_166 0.000 679.918 8.000
T_167 -17.098 -90.974 11.000
I_168 0.000 777.529 6.000
S_169 -16.309 -90.060 10.000
A_170 0.000 185.740 7.000
E_171 -16.691 -605.239 7.000
C_172 0.000 322.480 4.000
P_173 0.000 -195.996 9.000
M_174 0.000 401.769 5.000
R_175 -11.867 -1015.709 5.000
L_176 0.000 679.918 9.000
V_177 0.000 613.196 9.000
D_178 -7.878 -475.402 4.000
F_179 0.000 560.542 4.000
P_180 0.000 -195.996 8.000
M_181 0.000 401.769 4.000
D_182 -14.591 -475.402 6.000
G_183 0.000 -27.649 6.000
H_184 -8.431 -583.484 6.000
A_185 0.000 185.740 2.000
C_186 0.000 322.480 2.000
P_187 0.000 -195.996 3.000
L_188 0.000 679.918 3.000
K_189 -4.441 -818.649 3.000
F_190 0.000 560.542 6.000
G_191 0.000 -27.649 8.000
S_192 -10.149 -90.060 5.000
Y_193 -9.265 -274.939 7.000
A_194 0.000 185.740 7.000
Y_195 -9.265 -274.939 7.000
P_196 0.000 -195.996 8.000
K_197 -17.811 -818.649 12.000
S_198 -16.309 -90.060 10.000
E_199 -21.132 -605.239 10.000
M_200 0.000 401.769 9.000
I_201 0.000 777.529 9.000
Y_202 -8.431 -274.939 6.000
T_203 -15.425 -90.974 9.000
W_204 -6.160 -203.500 12.000
T_205 -16.309 -90.974 10.000
K_206 -13.255 -818.649 7.000
G_207 0.000 -27.649 10.000
P_208 0.000 -195.996 10.000
E_209 -21.132 -605.239 10.000
K_210 -16.309 -818.649 10.000
S_211 -19.059 -90.060 14.000
V_212 0.000 613.196 10.000
E_213 -16.691 -605.239 7.000
V_214 0.000 613.196 7.000
P_215 0.000 -195.996 11.000
K_216 -16.309 -818.649 10.000
E_217 -24.169 -605.239 13.000
S_218 -20.127 -90.060 16.000
S_219 -18.462 -90.060 13.000
S_220 -15.425 -90.060 9.000
L_221 0.000 679.918 10.000
V_222 0.000 613.196 9.000
Q_223 -21.132 -643.904 10.000
Y_224 -11.154 -274.939 10.000
D_225 -21.132 -475.402 10.000
L_226 0.000 679.918 6.000
I_227 0.000 777.529 8.000
G_228 0.000 -27.649 7.000
Q_229 -16.691 -643.904 7.000
T_230 -16.309 -90.974 10.000
V_231 0.000 613.196 13.000
S_232 -18.462 -90.060 13.000
S_233 -18.462 -90.060 13.000
E_234 -24.169 -605.239 13.000
T_235 -18.462 -90.974 13.000
I_236 0.000 777.529 13.000
K_237 -15.425 -818.649 9.000
S_238 -15.425 -90.060 9.000
I_239 0.000 777.529 9.000
T_240 -16.309 -90.974 10.000
G_241 0.000 -27.649 9.000
E_242 -19.866 -605.239 9.000
Y_243 -8.431 -274.939 6.000
I_244 0.000 777.529 6.000
V_245 0.000 613.196 5.000
M_246 0.000 401.769 3.000
T_247 -10.149 -90.974 5.000
V_248 0.000 613.196 5.000
Y_249 -9.265 -274.939 7.000
F_250 0.000 560.542 4.000
H_251 -10.601 -583.484 9.000
L_252 0.000 679.918 12.000
R_253 -31.716 -1015.709 15.000
R_254 -29.616 -1015.709 13.000
K_255 -18.462 -818.649 13.000
M_256 0.000 401.769 10.000
G_257 0.000 -27.649 5.000
Y_258 -1.718 -274.939 2.000
F_259 0.000 560.542 2.000
M_260 0.000 401.769 6.000
I_261 0.000 777.529 7.000
Q_262 -19.866 -643.904 9.000
T_263 -15.425 -90.974 9.000
Y_264 -10.601 -274.939 9.000
I_265 0.000 777.529 5.000
P_266 0.000 -195.996 2.000
C_267 0.000 322.480 0.000
I_268 0.000 777.529 3.000
M_269 0.000 401.769 3.000
T_270 -4.441 -90.974 3.000
V_271 0.000 613.196 3.000
I_272 0.000 777.529 6.000
L_273 0.000 679.918 7.000
S_274 -13.255 -90.060 7.000
Q_275 -21.132 -643.904 10.000
V_276 0.000 613.196 10.000
S_277 -14.420 -90.060 8.000
F_278 0.000 560.542 4.000
W_279 -5.155 -203.500 8.000
I_280 0.000 777.529 8.000
N_281 -23.258 -507.047 12.000
K_282 -19.059 -818.649 14.000
E_283 -25.003 -605.239 14.000
S_284 -16.309 -90.060 10.000
V_285 0.000 613.196 7.000
P_286 0.000 -195.996 8.000
A_287 0.000 185.740 8.000
R_288 -21.845 -1015.709 8.000
T_289 -14.420 -90.974 8.000
V_290 0.000 613.196 8.000
F_291 0.000 560.542 3.000
G_292 0.000 -27.649 3.000
I_293 0.000 777.529 6.000
T_294 -11.867 -90.974 6.000
T_295 -11.867 -90.974 6.000
V_296 0.000 613.196 9.000
L_297 0.000 679.918 6.000
T_298 -11.867 -90.974 6.000
M_299 0.000 401.769 9.000
T_300 -15.425 -90.974 9.000
T_301 -15.425 -90.974 9.000
L_302 0.000 679.918 9.000
S_303 -15.425 -90.060 9.000
I_304 0.000 777.529 6.000
S_305 -17.098 -90.060 11.000
A_306 0.000 185.740 10.000
R_307 -29.616 -1015.709 13.000
H_308 -11.154 -583.484 10.000
S_309 -16.309 -90.060 10.000
L_310 0.000 679.918 8.000
P_311 0.000 -195.996 6.000
K_312 -11.867 -818.649 6.000
V_313 0.000 613.196 8.000
S_314 -14.420 -90.060 8.000
Y_315 -9.978 -274.939 8.000
A_316 0.000 185.740 8.000
T_317 -10.149 -90.974 5.000
A_318 0.000 185.740 7.000
M_319 0.000 401.769 8.000
D_320 -11.867 -475.402 5.000
W_321 -3.990 -203.500 5.000
F_322 0.000 560.542 5.000
I_323 0.000 777.529 1.000
A_324 0.000 185.740 0.000
V_325 0.000 613.196 0.000
C_326 0.000 322.480 0.000
F_327 0.000 560.542 0.000
A_328 0.000 185.740 0.000
F_329 0.000 560.542 0.000
V_330 0.000 613.196 3.000
F_331 0.000 560.542 3.000
S_332 -4.441 -90.060 3.000
A_333 0.000 185.740 3.000
L_334 0.000 679.918 7.000
I_335 0.000 777.529 4.000
E_336 -7.878 -605.239 4.000
F_337 0.000 560.542 4.000
A_338 0.000 185.740 4.000
A_339 0.000 185.740 4.000
V_340 0.000 613.196 6.000
N_341 -14.591 -507.047 6.000
Y_342 -10.601 -274.939 9.000
F_343 0.000 560.542 13.000
T_344 -15.425 -90.974 9.000
N_345 -22.253 -507.047 11.000
I_346 0.000 777.529 11.000
Q_347 -23.258 -643.904 12.000
M_348 0.000 401.769 11.000
E_349 -22.253 -605.239 11.000
K_350 -16.309 -818.649 10.000
A_351 0.000 185.740 15.000
K_352 -19.059 -818.649 14.000
R_353 -30.711 -1015.709 14.000
K_354 -20.609 -818.649 17.000
T_355 -20.609 -90.974 17.000
S_356 -17.811 -90.060 12.000
K_357 -15.425 -818.649 9.000
P_358 0.000 -195.996 10.000
P_359 0.000 -195.996 11.000
Q_360 -18.409 -643.904 8.000
E_361 -18.409 -605.239 8.000
V_362 0.000 613.196 8.000
P_363 0.000 -195.996 4.000
A_364 0.000 185.740 0.000
A_365 0.000 185.740 0.000
P_366 0.000 -195.996 4.000
V_367 0.000 613.196 9.000
Q_368 -24.169 -643.904 13.000
R_369 -32.645 -1015.709 16.000
E_370 -27.773 -605.239 18.000
K_371 -19.059 -818.649 14.000
H_372 -12.518 -583.484 13.000
P_373 0.000 -195.996 9.000
E_374 -14.591 -605.239 6.000
A_375 0.000 185.740 4.000
P_376 0.000 -195.996 8.000
L_377 0.000 679.918 8.000
Q_378 -22.253 -643.904 11.000
N_379 -25.772 -507.047 15.000
T_380 -19.613 -90.974 15.000
N_381 -25.772 -507.047 15.000
A_382 0.000 185.740 11.000
N_383 -23.258 -507.047 12.000
L_384 0.000 679.918 8.000
N_385 -24.169 -507.047 13.000
M_386 0.000 401.769 12.000
R_387 -33.508 -1015.709 17.000
K_388 -20.127 -818.649 16.000
R_389 -35.785 -1015.709 20.000
T_390 -19.613 -90.974 15.000
N_391 -23.258 -507.047 12.000
A_392 0.000 185.740 7.000
L_393 0.000 679.918 6.000
V_394 0.000 613.196 5.000
H_395 -10.601 -583.484 9.000
S_396 -17.811 -90.060 12.000
E_397 -26.485 -605.239 16.000
S_398 -19.059 -90.060 14.000
D_399 -22.253 -475.402 11.000
V_400 0.000 613.196 11.000
G_401 0.000 -27.649 13.000
N_402 -23.258 -507.047 12.000
R_403 -32.645 -1015.709 16.000
T_404 -20.127 -90.974 16.000
E_405 -23.258 -605.239 12.000
V_406 0.000 613.196 11.000
G_407 0.000 -27.649 10.000
N_408 -19.866 -507.047 9.000
H_409 -12.104 -583.484 12.000
S_410 -19.613 -90.060 15.000
S_411 -19.059 -90.060 14.000
K_412 -19.613 -818.649 15.000
S_413 -19.613 -90.060 15.000
S_414 -17.811 -90.060 12.000
T_415 -15.425 -90.974 9.000
V_416 0.000 613.196 10.000
V_417 0.000 613.196 11.000
Q_418 -22.253 -643.904 11.000
E_419 -25.003 -605.239 14.000
S_420 -20.609 -90.060 17.000
S_421 -18.462 -90.060 13.000
K_422 -17.811 -818.649 12.000
G_423 0.000 -27.649 9.000
T_424 -17.098 -90.974 11.000
P_425 0.000 -195.996 11.000
R_426 -29.616 -1015.709 13.000
S_427 -16.309 -90.060 10.000
Y_428 -11.154 -274.939 10.000
L_429 0.000 679.918 8.000
A_430 0.000 185.740 8.000
S_431 -11.867 -90.060 6.000
S_432 -16.309 -90.060 10.000
P_433 0.000 -195.996 10.000
N_434 -16.691 -507.047 7.000
P_435 0.000 -195.996 7.000
F_436 0.000 560.542 12.000
S_437 -14.420 -90.060 8.000
R_438 -28.412 -1015.709 12.000
A_439 0.000 185.740 12.000
N_440 -19.866 -507.047 9.000
A_441 0.000 185.740 8.000
A_442 0.000 185.740 11.000
E_443 -16.691 -605.239 7.000
T_444 -16.309 -90.974 10.000
I_445 0.000 777.529 10.000
S_446 -11.867 -90.060 6.000
A_447 0.000 185.740 8.000
A_448 0.000 185.740 8.000
R_449 -11.867 -1015.709 5.000
A_450 0.000 185.740 5.000
L_451 0.000 679.918 8.000
P_452 0.000 -195.996 3.000
S_453 -11.867 -90.060 6.000
A_454 0.000 185.740 6.000
S_455 -15.425 -90.060 9.000
P_456 0.000 -195.996 9.000
T_457 -15.425 -90.974 9.000
S_458 -17.098 -90.060 11.000
I_459 0.000 777.529 14.000
R_460 -27.076 -1015.709 11.000
T_461 -16.309 -90.974 10.000
G_462 0.000 -27.649 10.000
Y_463 -7.426 -274.939 5.000
M_464 0.000 401.769 7.000
P_465 0.000 -195.996 10.000
R_466 -21.845 -1015.709 8.000
K_467 -17.098 -818.649 11.000
A_468 0.000 185.740 11.000
S_469 -11.867 -90.060 6.000
V_470 0.000 613.196 6.000
G_471 0.000 -27.649 6.000
S_472 -11.867 -90.060 6.000
A_473 0.000 185.740 9.000
S_474 -19.059 -90.060 14.000
T_475 -18.462 -90.974 13.000
R_476 -29.616 -1015.709 13.000
H_477 -11.154 -583.484 10.000
V_478 0.000 613.196 7.000
F_479 0.000 560.542 5.000
G_480 0.000 -27.649 8.000
S_481 -14.420 -90.060 8.000
R_482 -28.412 -1015.709 12.000
L_483 0.000 679.918 17.000
Q_484 -25.003 -643.904 14.000
R_485 -28.412 -1015.709 12.000
I_486 0.000 777.529 15.000
K_487 -19.059 -818.649 14.000
T_488 -15.425 -90.974 9.000
T_489 -18.462 -90.974 13.000
V_490 0.000 613.196 13.000
N_491 -21.132 -507.047 10.000
T_492 -13.255 -90.974 7.000
I_493 0.000 777.529 7.000
G_494 0.000 -27.649 6.000
A_495 0.000 185.740 3.000
T_496 -11.867 -90.974 6.000
G_497 0.000 -27.649 6.000
K_498 -15.425 -818.649 9.000
L_499 0.000 679.918 6.000
S_500 -15.425 -90.060 9.000
A_501 0.000 185.740 6.000
T_502 -11.867 -90.974 6.000
P_503 0.000 -195.996 3.000
P_504 0.000 -195.996 6.000
P_505 0.000 -195.996 3.000
S_506 -4.441 -90.060 3.000
A_507 0.000 185.740 3.000
P_508 0.000 -195.996 3.000
P_509 0.000 -195.996 3.000
P_510 0.000 -195.996 3.000
S_511 -11.867 -90.060 6.000
G_512 0.000 -27.649 6.000
S_513 -15.425 -90.060 9.000
G_514 0.000 -27.649 9.000
T_515 -17.811 -90.974 12.000
S_516 -15.425 -90.060 9.000
K_517 -18.462 -818.649 13.000
I_518 0.000 777.529 13.000
D_519 -23.258 -475.402 12.000
K_520 -15.425 -818.649 9.000
Y_521 -12.900 -274.939 14.000
A_522 0.000 185.740 10.000
R_523 -19.414 -1015.709 7.000
I_524 0.000 777.529 5.000
L_525 0.000 679.918 5.000
F_526 0.000 560.542 0.000
P_527 0.000 -195.996 3.000
V_528 0.000 613.196 3.000
T_529 -4.441 -90.974 3.000
F_530 0.000 560.542 3.000
G_531 0.000 -27.649 3.000
A_532 0.000 185.740 4.000
F_533 0.000 560.542 4.000
N_534 -7.878 -507.047 4.000
M_535 0.000 401.769 6.000
V_536 0.000 613.196 7.000
Y_537 -4.441 -274.939 3.000
W_538 -2.723 -203.500 3.000
V_539 0.000 613.196 5.000
V_540 0.000 613.196 3.000
Y_541 -7.426 -274.939 5.000
L_542 0.000 679.918 8.000
S_543 -17.811 -90.060 12.000
K_544 -18.462 -818.649 13.000
D_545 -24.169 -475.402 13.000
T_546 -19.059 -90.974 14.000
M_547 0.000 401.769 14.000
E_548 -24.169 -605.239 13.000
K_549 -19.059 -818.649 14.000
S_550 -20.609 -90.060 17.000
E_551 -24.169 -605.239 13.000
S_552 -16.309 -90.060 10.000
L_553 0.000 679.918 7.000
M_554 0.000 401.769 3.000
