M_1 0.000 401.769 8.000
E_2 -22.253 -605.239 11.000
N_3 -25.003 -507.047 14.000
S_4 -19.059 -90.060 14.000
S_5 -16.309 -90.060 10.000
A_6 0.000 185.740 9.000
A_7 0.000 185.740 6.000
S_8 -11.867 -90.060 6.000
A_9 0.000 185.740 9.000
S_10 -18.462 -90.060 13.000
S_11 -16.309 -90.060 10.000
E_12 -21.132 -605.239 10.000
A_13 0.000 185.740 10.000
G_14 0.000 -27.649 10.000
S_15 -17.098 -90.060 11.000
S_16 -19.059 -90.060 14.000
R_17 -34.315 -1015.709 18.000
S_18 -21.486 -90.060 19.000
Q_19 -26.485 -643.904 16.000
E_20 -25.772 -605.239 15.000
I_21 0.000 777.529 16.000
E_22 -23.258 -605.239 12.000
E_23 -23.258 -605.239 12.000
L_24 0.000 679.918 17.000
E_25 -24.169 -605.239 13.000
R_26 -23.856 -1015.709 9.000
F_27 0.000 560.542 13.000
I_28 0.000 777.529 12.000
D_29 -19.866 -475.402 9.000
S_30 -15.425 -90.060 9.000
Y_31 -10.601 -274.939 9.000
V_32 0.000 613.196 9.000
L_33 0.000 679.918 8.000
E_34 -21.132 -605.239 10.000
Y_35 -11.154 -274.939 10.000
Q_36 -25.003 -643.904 14.000
V_37 0.000 613.196 10.000
Q_38 -18.409 -643.904 8.000
G_39 0.000 -27.649 4.000
L_40 0.000 679.918 4.000
L_41 0.000 679.918 4.000
A_42 0.000 185.740 7.000
D_43 -21.132 -475.402 10.000
K_44 -19.059 -818.649 14.000
T_45 -19.059 -90.974 14.000
E_46 -25.003 -605.239 14.000
G_47 0.000 -27.649 11.000
D_48 -23.258 -475.402 12.000
G_49 0.000 -27.649 11.000
E_50 -25.772 -605.239 15.000
S_51 -20.127 -90.060 16.000
E_52 -28.359 -605.239 19.000
R_53 -35.072 -1015.709 19.000
T_54 -21.486 -90.974 19.000
Q_55 -27.150 -643.904 17.000
S_56 -17.811 -90.060 12.000
H_57 -12.104 -583.484 12.000
I_58 0.000 777.529 12.000
S_59 -16.309 -90.060 10.000
Q_60 -22.253 -643.904 11.000
W_61 -5.944 -203.500 11.000
T_62 -17.811 -90.974 12.000
A_63 0.000 185.740 8.000
D_64 -21.132 -475.402 10.000
C_65 0.000 322.480 11.000
S_66 -17.098 -90.060 11.000
E_67 -16.691 -605.239 7.000
P_68 0.000 -195.996 11.000
L_69 0.000 679.918 11.000
D_70 -21.132 -475.402 10.000
S_71 -16.309 -90.060 10.000
S_72 -18.462 -90.060 13.000
C_73 0.000 322.480 9.000
S_74 -15.425 -90.060 9.000
F_75 0.000 560.542 11.000
S_76 -17.098 -90.060 11.000
R_77 -29.616 -1015.709 13.000
G_78 0.000 -27.649 13.000
R_79 -25.574 -1015.709 10.000
A_80 0.000 185.740 5.000
P_81 0.000 -195.996 9.000
P_82 0.000 -195.996 8.000
Q_83 -23.258 -643.904 12.000
Q_84 -23.258 -643.904 12.000
N_85 -25.772 -507.047 15.000
G_86 0.000 -27.649 14.000
S_87 -19.059 -90.060 14.000
K_88 -19.059 -818.649 14.000
D_89 -27.150 -475.402 17.000
N_90 -25.003 -507.047 14.000
S_91 -19.613 -90.060 15.000
L_92 0.000 679.918 11.000
D_93 -16.691 -475.402 7.000
M_94 0.000 401.769 4.000
L_95 0.000 679.918 7.000
G_96 0.000 -27.649 7.000
T_97 -13.255 -90.974 7.000
D_98 -18.409 -475.402 8.000
I_99 0.000 777.529 8.000
W_100 -3.990 -203.500 5.000
A_101 0.000 185.740 5.000
A_102 0.000 185.740 8.000
N_103 -16.691 -507.047 7.000
T_104 -17.098 -90.974 11.000
F_105 0.000 560.542 14.000
D_106 -21.132 -475.402 10.000
S_107 -16.309 -90.060 10.000
F_108 0.000 560.542 10.000
S_109 -11.867 -90.060 6.000
G_110 0.000 -27.649 6.000
A_111 0.000 185.740 7.000
T_112 -14.420 -90.974 8.000
W_113 -5.155 -203.500 8.000
D_114 -23.258 -475.402 12.000
L_115 0.000 679.918 9.000
Q_116 -23.258 -643.904 12.000
P_117 0.000 -195.996 11.000
E_118 -22.253 -605.239 11.000
K_119 -17.098 -818.649 11.000
L_120 0.000 679.918 11.000
D_121 -21.132 -475.402 10.000
F_122 0.000 560.542 11.000
T_123 -17.098 -90.974 11.000
Q_124 -19.866 -643.904 9.000
F_125 0.000 560.542 14.000
H_126 -12.900 -583.484 14.000
R_127 -25.574 -1015.709 10.000
K_128 -19.613 -818.649 15.000
V_129 0.000 613.196 15.000
R_130 -29.616 -1015.709 13.000
H_131 -11.154 -583.484 10.000
T_132 -18.462 -90.974 13.000
P_133 0.000 -195.996 12.000
K_134 -16.309 -818.649 10.000
Q_135 -16.691 -643.904 7.000
P_136 0.000 -195.996 7.000
L_137 0.000 679.918 6.000
P_138 0.000 -195.996 2.000
H_139 -8.431 -583.484 6.000
I_140 0.000 777.529 11.000
D_141 -25.772 -475.402 15.000
R_142 -29.616 -1015.709 13.000
E_143 -24.169 -605.239 13.000
G_144 0.000 -27.649 9.000
C_145 0.000 322.480 7.000
G_146 0.000 -27.649 3.000
K_147 -11.867 -818.649 6.000
G_148 0.000 -27.649 6.000
K_149 -16.309 -818.649 10.000
L_150 0.000 679.918 11.000
E_151 -22.253 -605.239 11.000
D_152 -23.258 -475.402 12.000
G_153 0.000 -27.649 12.000
D_154 -18.409 -475.402 8.000
G_155 0.000 -27.649 8.000
I_156 0.000 777.529 8.000
N_157 -18.409 -507.047 8.000
L_158 0.000 679.918 12.000
N_159 -23.258 -507.047 12.000
D_160 -23.258 -475.402 12.000
I_161 0.000 777.529 15.000
E_162 -22.253 -605.239 11.000
K_163 -13.255 -818.649 7.000
V_164 0.000 613.196 7.000
L_165 0.000 679.918 3.000
P_166 0.000 -195.996 1.000
A_167 0.000 185.740 5.000
W_168 -3.990 -203.500 5.000
Q_169 -16.691 -643.904 7.000
G_170 0.000 -27.649 9.000
Y_171 -9.978 -274.939 8.000
H_172 -6.160 -583.484 4.000
P_173 0.000 -195.996 4.000
M_174 0.000 401.769 4.000
P_175 0.000 -195.996 6.000
H_176 -8.431 -583.484 6.000
E_177 -21.132 -605.239 10.000
V_178 0.000 613.196 10.000
E_179 -18.409 -605.239 8.000
I_180 0.000 777.529 6.000
A_181 0.000 185.740 9.000
H_182 -9.978 -583.484 8.000
T_183 -17.098 -90.974 11.000
K_184 -17.098 -818.649 11.000
K_185 -15.425 -818.649 9.000
L_186 0.000 679.918 11.000
F_187 0.000 560.542 13.000
R_188 -31.716 -1015.709 15.000
R_189 -35.785 -1015.709 20.000
R_190 -38.285 -1015.709 24.000
R_191 -37.706 -1015.709 23.000
N_192 -30.407 -507.047 23.000
D_193 -30.407 -475.402 23.000
R_194 -37.706 -1015.709 23.000
R_195 -37.706 -1015.709 23.000
R_196 -37.706 -1015.709 23.000
Q_197 -30.407 -643.904 23.000
Q_198 -27.773 -643.904 18.000
R_199 -29.616 -1015.709 13.000
P_200 0.000 -195.996 9.000
P_201 0.000 -195.996 5.000
G_202 0.000 -27.649 4.000
G_203 0.000 -27.649 7.000
N_204 -16.691 -507.047 7.000
K_205 -17.098 -818.649 11.000
P_206 0.000 -195.996 15.000
Q_207 -24.169 -643.904 13.000
Q_208 -21.132 -643.904 10.000
H_209 -12.900 -583.484 14.000
G_210 0.000 -27.649 12.000
D_211 -23.258 -475.402 12.000
H_212 -11.154 -583.484 10.000
Q_213 -21.132 -643.904 10.000
P_214 0.000 -195.996 9.000
G_215 0.000 -27.649 7.000
S_216 -11.867 -90.060 6.000
A_217 0.000 185.740 8.000
K_218 -17.811 -818.649 12.000
H_219 -12.900 -583.484 14.000
N_220 -27.773 -507.047 18.000
R_221 -33.508 -1015.709 17.000
D_222 -28.359 -475.402 19.000
H_223 -14.188 -583.484 18.000
Q_224 -26.485 -643.904 16.000
K_225 -19.059 -818.649 14.000
S_226 -20.127 -90.060 16.000
Y_227 -12.104 -274.939 12.000
Q_228 -19.866 -643.904 9.000
G_229 0.000 -27.649 9.000
G_230 0.000 -27.649 7.000
S_231 -4.441 -90.060 3.000
A_232 0.000 185.740 5.000
P_233 0.000 -195.996 5.000
H_234 -7.426 -583.484 5.000
P_235 0.000 -195.996 5.000
S_236 -16.309 -90.060 10.000
G_237 0.000 -27.649 8.000
R_238 -27.076 -1015.709 11.000
P_239 0.000 -195.996 10.000
T_240 -17.811 -90.974 12.000
H_241 -9.265 -583.484 7.000
H_242 -10.601 -583.484 9.000
G_243 0.000 -27.649 9.000
Y_244 -11.652 -274.939 11.000
S_245 -18.462 -90.060 13.000
Q_246 -27.773 -643.904 18.000
N_247 -29.436 -507.047 21.000
R_248 -35.072 -1015.709 19.000
R_249 -33.508 -1015.709 17.000
W_250 -6.713 -203.500 15.000
H_251 -11.154 -583.484 10.000
H_252 -10.601 -583.484 9.000
G_253 0.000 -27.649 8.000
N_254 -19.866 -507.047 9.000
M_255 0.000 401.769 9.000
K_256 -15.425 -818.649 9.000
H_257 -7.426 -583.484 5.000
P_258 0.000 -195.996 5.000
P_259 0.000 -195.996 6.000
G_260 0.000 -27.649 7.000
D_261 -16.691 -475.402 7.000
K_262 -17.098 -818.649 11.000
G_263 0.000 -27.649 11.000
E_264 -16.691 -605.239 7.000
A_265 0.000 185.740 4.000
G_266 0.000 -27.649 6.000
A_267 0.000 185.740 7.000
H_268 -11.652 -583.484 11.000
R_269 -27.076 -1015.709 11.000
N_270 -25.003 -507.047 14.000
A_271 0.000 185.740 16.000
K_272 -19.059 -818.649 14.000
E_273 -21.132 -605.239 10.000
T_274 -18.462 -90.974 13.000
M_275 0.000 401.769 10.000
T_276 -16.309 -90.974 10.000
I_277 0.000 777.529 11.000
E_278 -22.253 -605.239 11.000
N_279 -22.253 -507.047 11.000
P_280 0.000 -195.996 11.000
K_281 -17.098 -818.649 11.000
L_282 0.000 679.918 11.000
E_283 -25.003 -605.239 14.000
D_284 -22.253 -475.402 11.000
T_285 -17.098 -90.974 11.000
A_286 0.000 185.740 11.000
G_287 0.000 -27.649 10.000
D_288 -16.691 -475.402 7.000
T_289 -15.425 -90.974 9.000
G_290 0.000 -27.649 12.000
H_291 -11.652 -583.484 11.000
S_292 -14.420 -90.060 8.000
S_293 -17.811 -90.060 12.000
L_294 0.000 679.918 10.000
E_295 -16.691 -605.239 7.000
A_296 0.000 185.740 9.000
P_297 0.000 -195.996 12.000
R_298 -21.845 -1015.709 8.000
S_299 -17.811 -90.060 12.000
P_300 0.000 -195.996 15.000
D_301 -21.132 -475.402 10.000
T_302 -13.255 -90.974 7.000
L_303 0.000 679.918 7.000
A_304 0.000 185.740 3.000
P_305 0.000 -195.996 0.000
V_306 0.000 613.196 3.000
A_307 0.000 185.740 7.000
S_308 -17.811 -90.060 12.000
E_309 -23.258 -605.239 12.000
R_310 -28.412 -1015.709 12.000
L_311 0.000 679.918 9.000
P_312 0.000 -195.996 9.000
P_313 0.000 -195.996 8.000
Q_314 -22.253 -643.904 11.000
Q_315 -22.253 -643.904 11.000
S_316 -17.098 -90.060 11.000
G_317 0.000 -27.649 7.000
G_318 0.000 -27.649 7.000
P_319 0.000 -195.996 4.000
E_320 -18.409 -605.239 8.000
V_321 0.000 613.196 11.000
E_322 -25.003 -605.239 14.000
T_323 -19.613 -90.974 15.000
K_324 -21.060 -818.649 18.000
R_325 -34.315 -1015.709 18.000
K_326 -21.060 -818.649 18.000
D_327 -25.772 -475.402 15.000
S_328 -16.309 -90.060 10.000
I_329 0.000 777.529 7.000
L_330 0.000 679.918 7.000
P_331 0.000 -195.996 9.000
E_332 -19.866 -605.239 9.000
R_333 -23.856 -1015.709 9.000
I_334 0.000 777.529 13.000
G_335 0.000 -27.649 14.000
E_336 -19.866 -605.239 9.000
R_337 -28.412 -1015.709 12.000
P_338 0.000 -195.996 12.000
K_339 -17.098 -818.649 11.000
I_340 0.000 777.529 6.000
T_341 -11.867 -90.974 6.000
L_342 0.000 679.918 7.000
L_343 0.000 679.918 10.000
Q_344 -21.132 -643.904 10.000
S_345 -18.462 -90.060 13.000
S_346 -20.609 -90.060 17.000
K_347 -21.060 -818.649 18.000
D_348 -25.772 -475.402 15.000
R_349 -33.508 -1015.709 17.000
L_350 0.000 679.918 19.000
R_351 -35.785 -1015.709 20.000
R_352 -31.716 -1015.709 15.000
R_353 -34.315 -1015.709 18.000
L_354 0.000 679.918 17.000
K_355 -19.613 -818.649 15.000
E_356 -25.003 -605.239 14.000
K_357 -21.060 -818.649 18.000
D_358 -25.772 -475.402 15.000
E_359 -22.253 -605.239 11.000
V_360 0.000 613.196 8.000
A_361 0.000 185.740 8.000
V_362 0.000 613.196 7.000
E_363 -21.132 -605.239 10.000
T_364 -18.462 -90.974 13.000
T_365 -18.462 -90.974 13.000
T_366 -18.462 -90.974 13.000
P_367 0.000 -195.996 14.000
Q_368 -25.772 -643.904 15.000
Q_369 -25.772 -643.904 15.000
N_370 -25.772 -507.047 15.000
K_371 -19.613 -818.649 15.000
M_372 0.000 401.769 14.000
D_373 -21.132 -475.402 10.000
K_374 -13.255 -818.649 7.000
L_375 0.000 679.918 11.000
I_376 0.000 777.529 7.000
E_377 -7.878 -605.239 4.000
I_378 0.000 777.529 8.000
L_379 0.000 679.918 11.000
N_380 -16.691 -507.047 7.000
S_381 -17.811 -90.060 12.000
M_382 0.000 401.769 16.000
R_383 -32.645 -1015.709 16.000
N_384 -26.485 -507.047 16.000
N_385 -28.359 -507.047 19.000
S_386 -21.060 -90.060 18.000
S_387 -19.059 -90.060 14.000
D_388 -25.003 -475.402 14.000
V_389 0.000 613.196 14.000
D_390 -25.003 -475.402 14.000
T_391 -16.309 -90.974 10.000
K_392 -18.462 -818.649 13.000
L_393 0.000 679.918 12.000
T_394 -15.425 -90.974 9.000
T_395 -11.867 -90.974 6.000
F_396 0.000 560.542 10.000
M_397 0.000 401.769 11.000
E_398 -18.409 -605.239 8.000
E_399 -23.258 -605.239 12.000
A_400 0.000 185.740 16.000
Q_401 -25.772 -643.904 15.000
N_402 -25.003 -507.047 14.000
S_403 -21.060 -90.060 18.000
T_404 -20.609 -90.974 17.000
N_405 -27.150 -507.047 17.000
S_406 -21.060 -90.060 18.000
E_407 -25.772 -605.239 15.000
E_408 -22.253 -605.239 11.000
M_409 0.000 401.769 8.000
L_410 0.000 679.918 8.000
G_411 0.000 -27.649 4.000
E_412 -7.878 -605.239 4.000
I_413 0.000 777.529 9.000
V_414 0.000 613.196 12.000
R_415 -21.845 -1015.709 8.000
T_416 -16.309 -90.974 10.000
I_417 0.000 777.529 14.000
Y_418 -12.104 -274.939 12.000
Q_419 -19.866 -643.904 9.000
K_420 -15.425 -818.649 9.000
A_421 0.000 185.740 10.000
V_422 0.000 613.196 10.000
S_423 -17.811 -90.060 12.000
D_424 -25.772 -475.402 15.000
R_425 -31.716 -1015.709 15.000
S_426 -17.811 -90.060 12.000
F_427 0.000 560.542 8.000
A_428 0.000 185.740 6.000
F_429 0.000 560.542 3.000
T_430 -4.441 -90.974 3.000
A_431 0.000 185.740 6.000
A_432 0.000 185.740 6.000
K_433 -4.441 -818.649 3.000
L_434 0.000 679.918 7.000
C_435 0.000 322.480 10.000
D_436 -16.691 -475.402 7.000
K_437 -13.255 -818.649 7.000
M_438 0.000 401.769 7.000
A_439 0.000 185.740 3.000
L_440 0.000 679.918 0.000
F_441 0.000 560.542 0.000
M_442 0.000 401.769 4.000
V_443 0.000 613.196 4.000
E_444 -16.691 -605.239 7.000
G_445 0.000 -27.649 10.000
T_446 -16.309 -90.974 10.000
K_447 -17.098 -818.649 11.000
F_448 0.000 560.542 14.000
R_449 -27.076 -1015.709 11.000
S_450 -14.420 -90.060 8.000
L_451 0.000 679.918 8.000
L_452 0.000 679.918 7.000
L_453 0.000 679.918 4.000
N_454 -7.878 -507.047 4.000
M_455 0.000 401.769 8.000
L_456 0.000 679.918 11.000
Q_457 -22.253 -643.904 11.000
K_458 -17.098 -818.649 11.000
D_459 -25.003 -475.402 14.000
F_460 0.000 560.542 10.000
T_461 -17.811 -90.974 12.000
V_462 0.000 613.196 12.000
R_463 -32.645 -1015.709 16.000
E_464 -24.169 -605.239 13.000
E_465 -27.150 -605.239 17.000
L_466 0.000 679.918 16.000
Q_467 -26.485 -643.904 16.000
Q_468 -26.485 -643.904 16.000
Q_469 -26.485 -643.904 16.000
D_470 -26.485 -475.402 16.000
V_471 0.000 613.196 17.000
E_472 -25.003 -605.239 14.000
R_473 -25.574 -1015.709 10.000
W_474 -5.708 -203.500 10.000
L_475 0.000 679.918 6.000
G_476 0.000 -27.649 1.000
F_477 0.000 560.542 3.000
I_478 0.000 777.529 3.000
T_479 -4.441 -90.974 3.000
F_480 0.000 560.542 3.000
L_481 0.000 679.918 7.000
C_482 0.000 322.480 4.000
E_483 -7.878 -605.239 4.000
V_484 0.000 613.196 4.000
F_485 0.000 560.542 7.000
G_486 0.000 -27.649 3.000
T_487 -14.420 -90.974 8.000
M_488 0.000 401.769 11.000
R_489 -30.711 -1015.709 14.000
S_490 -19.059 -90.060 14.000
S_491 -19.059 -90.060 14.000
T_492 -18.462 -90.974 13.000
G_493 0.000 -27.649 10.000
E_494 -16.691 -605.239 7.000
P_495 0.000 -195.996 9.000
F_496 0.000 560.542 9.000
R_497 -11.867 -1015.709 5.000
V_498 0.000 613.196 5.000
L_499 0.000 679.918 5.000
V_500 0.000 613.196 0.000
C_501 0.000 322.480 0.000
P_502 0.000 -195.996 2.000
I_503 0.000 777.529 5.000
Y_504 -7.426 -274.939 5.000
T_505 -10.149 -90.974 5.000
C_506 0.000 322.480 10.000
L_507 0.000 679.918 12.000
R_508 -23.856 -1015.709 9.000
E_509 -19.866 -605.239 9.000
L_510 0.000 679.918 13.000
L_511 0.000 679.918 11.000
Q_512 -22.253 -643.904 11.000
S_513 -19.613 -90.060 15.000
Q_514 -25.772 -643.904 15.000
D_515 -25.003 -475.402 14.000
V_516 0.000 613.196 15.000
K_517 -19.613 -818.649 15.000
E_518 -22.253 -605.239 11.000
D_519 -22.253 -475.402 11.000
A_520 0.000 185.740 8.000
V_521 0.000 613.196 4.000
L_522 0.000 679.918 0.000
C_523 0.000 322.480 3.000
C_524 0.000 322.480 3.000
S_525 -13.255 -90.060 7.000
M_526 0.000 401.769 7.000
E_527 -22.253 -605.239 11.000
L_528 0.000 679.918 11.000
Q_529 -25.003 -643.904 14.000
S_530 -16.309 -90.060 10.000
T_531 -19.613 -90.974 15.000
G_532 0.000 -27.649 11.000
R_533 -21.845 -1015.709 8.000
L_534 0.000 679.918 9.000
L_535 0.000 679.918 13.000
E_536 -23.258 -605.239 12.000
E_537 -23.258 -605.239 12.000
Q_538 -23.258 -643.904 12.000
L_539 0.000 679.918 12.000
P_540 0.000 -195.996 8.000
E_541 -7.878 -605.239 4.000
M_542 0.000 401.769 7.000
M_543 0.000 401.769 11.000
T_544 -13.255 -90.974 7.000
E_545 -16.691 -605.239 7.000
L_546 0.000 679.918 7.000
L_547 0.000 679.918 7.000
A_548 0.000 185.740 3.000
S_549 -14.420 -90.060 8.000
A_550 0.000 185.740 12.000
R_551 -31.716 -1015.709 15.000
D_552 -23.258 -475.402 12.000
K_553 -17.811 -818.649 12.000
M_554 0.000 401.769 7.000
L_555 0.000 679.918 3.000
C_556 0.000 322.480 3.000
P_557 0.000 -195.996 7.000
S_558 -16.309 -90.060 10.000
E_559 -21.132 -605.239 10.000
S_560 -16.309 -90.060 10.000
M_561 0.000 401.769 10.000
L_562 0.000 679.918 11.000
T_563 -17.098 -90.974 11.000
R_564 -27.076 -1015.709 11.000
S_565 -17.098 -90.060 11.000
L_566 0.000 679.918 8.000
L_567 0.000 679.918 7.000
L_568 0.000 679.918 4.000
E_569 -7.878 -605.239 4.000
V_570 0.000 613.196 8.000
I_571 0.000 777.529 8.000
E_572 -14.591 -605.239 6.000
L_573 0.000 679.918 6.000
H_574 -11.154 -583.484 10.000
A_575 0.000 185.740 9.000
N_576 -21.132 -507.047 10.000
S_577 -17.811 -90.060 12.000
W_578 -6.160 -203.500 12.000
N_579 -18.409 -507.047 8.000
P_580 0.000 -195.996 8.000
L_581 0.000 679.918 7.000
T_582 -4.441 -90.974 3.000
P_583 0.000 -195.996 3.000
P_584 0.000 -195.996 6.000
I_585 0.000 777.529 7.000
T_586 -15.425 -90.974 9.000
Q_587 -22.253 -643.904 11.000
Y_588 -13.255 -274.939 15.000
Y_589 -13.896 -274.939 17.000
N_590 -26.485 -507.047 16.000
R_591 -30.711 -1015.709 14.000
T_592 -20.127 -90.974 16.000
I_593 0.000 777.529 15.000
Q_594 -21.132 -643.904 10.000
K_595 -16.309 -818.649 10.000
L_596 0.000 679.918 10.000
T_597 -11.867 -90.974 6.000
A_598 0.000 185.740 3.000
