M_1 0.000 401.769 3.000
A_2 0.000 185.740 3.000
S_3 -13.255 -90.060 7.000
G_4 0.000 -27.649 7.000
D_5 -16.691 -475.402 7.000
F_6 0.000 560.542 7.000
C_7 0.000 322.480 7.000
S_8 -4.441 -90.060 3.000
P_9 0.000 -195.996 7.000
G_10 0.000 -27.649 7.000
E_11 -7.878 -605.239 4.000
G_12 0.000 -27.649 8.000
M_13 0.000 401.769 8.000
E_14 -7.878 -605.239 4.000
I_15 0.000 777.529 8.000
L_16 0.000 679.918 12.000
Q_17 -18.409 -643.904 8.000
Q_18 -18.409 -643.904 8.000
V_19 0.000 613.196 11.000
C_20 0.000 322.480 10.000
S_21 -16.309 -90.060 10.000
K_22 -16.309 -818.649 10.000
Q_23 -21.132 -643.904 10.000
L_24 0.000 679.918 7.000
P_25 0.000 -195.996 4.000
P_26 0.000 -195.996 4.000
C_27 0.000 322.480 4.000
N_28 -16.691 -507.047 7.000
L_29 0.000 679.918 10.000
S_30 -19.059 -90.060 14.000
K_31 -19.059 -818.649 14.000
E_32 -25.003 -605.239 14.000
D_33 -22.253 -475.402 11.000
L_34 0.000 679.918 12.000
L_35 0.000 679.918 12.000
Q_36 -18.409 -643.904 8.000
N_37 -21.132 -507.047 10.000
P_38 0.000 -195.996 10.000
Y_39 -10.601 -274.939 9.000
F_40 0.000 560.542 8.000
S_41 -14.420 -90.060 8.000
K_42 -11.867 -818.649 6.000
L_43 0.000 679.918 6.000
L_44 0.000 679.918 7.000
L_45 0.000 679.918 4.000
N_46 -16.691 -507.047 7.000
L_47 0.000 679.918 11.000
S_48 -18.462 -90.060 13.000
Q_49 -19.866 -643.904 9.000
H_50 -12.518 -583.484 13.000
V_51 0.000 613.196 14.000
D_52 -24.169 -475.402 13.000
E_53 -22.253 -605.239 11.000
S_54 -17.098 -90.060 11.000
G_55 0.000 -27.649 10.000
L_56 0.000 679.918 6.000
S_57 -11.867 -90.060 6.000
L_58 0.000 679.918 6.000
T_59 -11.867 -90.974 6.000
L_60 0.000 679.918 6.000
A_61 0.000 185.740 10.000
K_62 -17.098 -818.649 11.000
E_63 -22.253 -605.239 11.000
Q_64 -25.772 -643.904 15.000
A_65 0.000 185.740 12.000
Q_66 -19.866 -643.904 9.000
A_67 0.000 185.740 8.000
W_68 -6.160 -203.500 12.000
K_69 -14.420 -818.649 8.000
E_70 -24.169 -605.239 13.000
V_71 0.000 613.196 12.000
R_72 -27.076 -1015.709 11.000
L_73 0.000 679.918 10.000
H_74 -12.518 -583.484 13.000
K_75 -17.098 -818.649 11.000
T_76 -17.811 -90.974 12.000
T_77 -16.309 -90.974 10.000
W_78 -6.160 -203.500 12.000
L_79 0.000 679.918 12.000
R_80 -29.616 -1015.709 13.000
S_81 -17.811 -90.060 12.000
E_82 -23.258 -605.239 12.000
I_83 0.000 777.529 9.000
L_84 0.000 679.918 11.000
H_85 -9.265 -583.484 7.000
R_86 -19.414 -1015.709 7.000
V_87 0.000 613.196 11.000
I_88 0.000 777.529 13.000
Q_89 -18.409 -643.904 8.000
E_90 -18.409 -605.239 8.000
L_91 0.000 679.918 8.000
L_92 0.000 679.918 8.000
V_93 0.000 613.196 6.000
D_94 -18.409 -475.402 8.000
Y_95 -9.978 -274.939 8.000
Y_96 -11.652 -274.939 11.000
V_97 0.000 613.196 7.000
K_98 -15.425 -818.649 9.000
I_99 0.000 777.529 11.000
Q_100 -25.003 -643.904 14.000
D_101 -25.772 -475.402 15.000
T_102 -19.613 -90.974 15.000
N_103 -25.003 -507.047 14.000
V_104 0.000 613.196 13.000
T_105 -19.059 -90.974 14.000
S_106 -19.059 -90.060 14.000
E_107 -27.150 -605.239 17.000
D_108 -27.150 -475.402 17.000
K_109 -19.059 -818.649 14.000
K_110 -17.811 -818.649 12.000
F_111 0.000 560.542 12.000
H_112 -12.104 -583.484 12.000
E_113 -19.866 -605.239 9.000
T_114 -18.462 -90.974 13.000
L_115 0.000 679.918 15.000
E_116 -26.485 -605.239 16.000
Q_117 -24.169 -643.904 13.000
R_118 -29.616 -1015.709 13.000
L_119 0.000 679.918 9.000
L_120 0.000 679.918 8.000
V_121 0.000 613.196 7.000
T_122 -13.255 -90.974 7.000
E_123 -16.691 -605.239 7.000
L_124 0.000 679.918 12.000
M_125 0.000 401.769 9.000
R_126 -11.867 -1015.709 5.000
L_127 0.000 679.918 5.000
L_128 0.000 679.918 5.000
G_129 0.000 -27.649 3.000
P_130 0.000 -195.996 7.000
S_131 -17.098 -90.060 11.000
Q_132 -26.485 -643.904 16.000
E_133 -28.912 -605.239 20.000
R_134 -33.508 -1015.709 17.000
E_135 -24.169 -605.239 13.000
I_136 0.000 777.529 9.000
P_137 0.000 -195.996 4.000
P_138 0.000 -195.996 0.000
L_139 0.000 679.918 0.000
L_140 0.000 679.918 0.000
G_141 0.000 -27.649 4.000
L_142 0.000 679.918 7.000
E_143 -16.691 -605.239 7.000
K_144 -17.098 -818.649 11.000
A_145 0.000 185.740 11.000
D_146 -16.691 -475.402 7.000
L_147 0.000 679.918 8.000
L_148 0.000 679.918 8.000
E_149 -7.878 -605.239 4.000
L_150 0.000 679.918 4.000
M_151 0.000 401.769 4.000
P_152 0.000 -195.996 3.000
L_153 0.000 679.918 7.000
S_154 -17.098 -90.060 11.000
E_155 -22.253 -605.239 11.000
D_156 -22.253 -475.402 11.000
F_157 0.000 560.542 9.000
V_158 0.000 613.196 5.000
W_159 -4.441 -203.500 6.000
M_160 0.000 401.769 6.000
R_161 -27.076 -1015.709 11.000
A_162 0.000 185.740 10.000
R_163 -30.711 -1015.709 14.000
L_164 0.000 679.918 13.000
Q_165 -27.150 -643.904 17.000
Q_166 -23.258 -643.904 12.000
E_167 -26.485 -605.239 16.000
V_168 0.000 613.196 16.000
E_169 -26.485 -605.239 16.000
E_170 -23.258 -605.239 12.000
Q_171 -25.772 -643.904 15.000
L_172 0.000 679.918 14.000
K_173 -18.462 -818.649 13.000
K_174 -15.425 -818.649 9.000
K_175 -15.425 -818.649 9.000
C_176 0.000 322.480 9.000
F_177 0.000 560.542 6.000
T_178 -4.441 -90.974 3.000
L_179 0.000 679.918 3.000
L_180 0.000 679.918 5.000
C_181 0.000 322.480 4.000
Y_182 -9.978 -274.939 8.000
Y_183 -9.978 -274.939 8.000
D_184 -23.258 -475.402 12.000
P_185 0.000 -195.996 13.000
N_186 -25.772 -507.047 15.000
S_187 -17.098 -90.060 11.000
D_188 -25.772 -475.402 15.000
A_189 0.000 185.740 14.000
D_190 -25.772 -475.402 15.000
S_191 -19.059 -90.060 14.000
E_192 -25.003 -605.239 14.000
T_193 -18.462 -90.974 13.000
V_194 0.000 613.196 10.000
K_195 -11.867 -818.649 6.000
A_196 0.000 185.740 6.000
A_197 0.000 185.740 6.000
K_198 -7.878 -818.649 4.000
V_199 0.000 613.196 7.000
W_200 -4.824 -203.500 7.000
K_201 -7.878 -818.649 4.000
L_202 0.000 679.918 8.000
A_203 0.000 185.740 7.000
E_204 -7.878 -605.239 4.000
V_205 0.000 613.196 4.000
L_206 0.000 679.918 4.000
V_207 0.000 613.196 4.000
G_208 0.000 -27.649 8.000
E_209 -23.258 -605.239 12.000
Q_210 -26.485 -643.904 16.000
Q_211 -26.485 -643.904 16.000
Q_212 -26.485 -643.904 16.000
C_213 0.000 322.480 16.000
Q_214 -23.258 -643.904 12.000
D_215 -22.253 -475.402 11.000
A_216 0.000 185.740 14.000
K_217 -19.059 -818.649 14.000
S_218 -19.059 -90.060 14.000
Q_219 -27.150 -643.904 17.000
Q_220 -27.773 -643.904 18.000
K_221 -21.486 -818.649 19.000
E_222 -25.772 -605.239 15.000
Q_223 -22.253 -643.904 11.000
M_224 0.000 401.769 8.000
L_225 0.000 679.918 4.000
L_226 0.000 679.918 4.000
L_227 0.000 679.918 7.000
E_228 -21.132 -605.239 10.000
K_229 -18.462 -818.649 13.000
K_230 -18.462 -818.649 13.000
S_231 -15.425 -90.060 9.000
A_232 0.000 185.740 8.000
A_233 0.000 185.740 8.000
Y_234 -10.601 -274.939 9.000
S_235 -15.425 -90.060 9.000
Q_236 -19.866 -643.904 9.000
V_237 0.000 613.196 7.000
L_238 0.000 679.918 9.000
L_239 0.000 679.918 5.000
R_240 -11.867 -1015.709 5.000
C_241 0.000 322.480 8.000
L_242 0.000 679.918 8.000
T_243 -4.441 -90.974 3.000
L_244 0.000 679.918 7.000
L_245 0.000 679.918 12.000
Q_246 -19.866 -643.904 9.000
R_247 -23.856 -1015.709 9.000
L_248 0.000 679.918 13.000
L_249 0.000 679.918 13.000
Q_250 -21.132 -643.904 10.000
E_251 -25.772 -605.239 15.000
H_252 -13.255 -583.484 15.000
R_253 -30.711 -1015.709 14.000
L_254 0.000 679.918 13.000
K_255 -19.613 -818.649 15.000
T_256 -18.462 -90.974 13.000
Q_257 -27.150 -643.904 17.000
S_258 -19.059 -90.060 14.000
E_259 -25.772 -605.239 15.000
L_260 0.000 679.918 16.000
D_261 -24.169 -475.402 13.000
R_262 -29.616 -1015.709 13.000
I_263 0.000 777.529 13.000
N_264 -24.169 -507.047 13.000
A_265 0.000 185.740 10.000
Q_266 -21.132 -643.904 10.000
Y_267 -11.154 -274.939 10.000
L_268 0.000 679.918 10.000
E_269 -19.866 -605.239 9.000
V_270 0.000 613.196 7.000
K_271 -13.255 -818.649 7.000
C_272 0.000 322.480 3.000
G_273 0.000 -27.649 3.000
A_274 0.000 185.740 0.000
M_275 0.000 401.769 0.000
I_276 0.000 777.529 3.000
L_277 0.000 679.918 3.000
K_278 -14.420 -818.649 8.000
L_279 0.000 679.918 8.000
R_280 -28.412 -1015.709 12.000
M_281 0.000 401.769 13.000
E_282 -24.169 -605.239 13.000
E_283 -22.253 -605.239 11.000
L_284 0.000 679.918 11.000
K_285 -13.255 -818.649 7.000
I_286 0.000 777.529 6.000
L_287 0.000 679.918 10.000
S_288 -16.309 -90.060 10.000
D_289 -23.258 -475.402 12.000
T_290 -19.613 -90.974 15.000
Y_291 -12.104 -274.939 12.000
T_292 -17.811 -90.974 12.000
V_293 0.000 613.196 12.000
E_294 -21.132 -605.239 10.000
K_295 -17.098 -818.649 11.000
V_296 0.000 613.196 11.000
E_297 -19.866 -605.239 9.000
V_298 0.000 613.196 11.000
H_299 -11.652 -583.484 11.000
R_300 -19.414 -1015.709 7.000
L_301 0.000 679.918 12.000
I_302 0.000 777.529 14.000
R_303 -30.711 -1015.709 14.000
D_304 -25.003 -475.402 14.000
R_305 -34.315 -1015.709 18.000
L_306 0.000 679.918 13.000
E_307 -19.866 -605.239 9.000
G_308 0.000 -27.649 4.000
A_309 0.000 185.740 6.000
I_310 0.000 777.529 2.000
H_311 -8.431 -583.484 6.000
L_312 0.000 679.918 10.000
Q_313 -25.003 -643.904 14.000
E_314 -26.485 -605.239 16.000
Q_315 -26.485 -643.904 16.000
D_316 -26.485 -475.402 16.000
M_317 0.000 401.769 16.000
E_318 -25.772 -605.239 15.000
N_319 -26.485 -507.047 16.000
S_320 -21.889 -90.060 20.000
R_321 -32.645 -1015.709 16.000
Q_322 -23.258 -643.904 12.000
V_323 0.000 613.196 13.000
L_324 0.000 679.918 11.000
N_325 -19.866 -507.047 9.000
S_326 -18.462 -90.060 13.000
Y_327 -12.518 -274.939 13.000
E_328 -19.866 -605.239 9.000
V_329 0.000 613.196 6.000
L_330 0.000 679.918 8.000
G_331 0.000 -27.649 8.000
E_332 -18.409 -605.239 8.000
E_333 -23.258 -605.239 12.000
F_334 0.000 560.542 17.000
D_335 -24.169 -475.402 13.000
R_336 -23.856 -1015.709 9.000
L_337 0.000 679.918 12.000
V_338 0.000 613.196 12.000
K_339 -15.425 -818.649 9.000
E_340 -23.258 -605.239 12.000
Y_341 -12.104 -274.939 12.000
T_342 -15.425 -90.974 9.000
V_343 0.000 613.196 8.000
L_344 0.000 679.918 10.000
K_345 -13.255 -818.649 7.000
Q_346 -21.132 -643.904 10.000
A_347 0.000 185.740 14.000
T_348 -19.613 -90.974 15.000
E_349 -25.003 -605.239 14.000
N_350 -28.359 -507.047 19.000
K_351 -20.609 -818.649 17.000
R_352 -29.616 -1015.709 13.000
W_353 -5.447 -203.500 9.000
A_354 0.000 185.740 10.000
L_355 0.000 679.918 9.000
Q_356 -18.409 -643.904 8.000
E_357 -22.253 -605.239 11.000
F_358 0.000 560.542 14.000
S_359 -16.309 -90.060 10.000
K_360 -14.420 -818.649 8.000
V_361 0.000 613.196 13.000
Y_362 -11.154 -274.939 10.000
R_363 -19.414 -1015.709 7.000
