M_1 0.000 401.769 6.000
S_2 -11.867 -90.060 6.000
S_3 -11.867 -90.060 6.000
V_4 0.000 613.196 6.000
F_5 0.000 560.542 6.000
G_6 0.000 -27.649 3.000
K_7 -14.420 -818.649 8.000
P_8 0.000 -195.996 8.000
R_9 -21.845 -1015.709 8.000
A_10 0.000 185.740 8.000
G_11 0.000 -27.649 8.000
S_12 -4.441 -90.060 3.000
G_13 0.000 -27.649 7.000
P_14 0.000 -195.996 10.000
Q_15 -16.691 -643.904 7.000
S_16 -13.255 -90.060 7.000
A_17 0.000 185.740 7.000
P_18 0.000 -195.996 7.000
L_19 0.000 679.918 4.000
E_20 -18.409 -605.239 8.000
V_21 0.000 613.196 8.000
N_22 -18.409 -507.047 8.000
L_23 0.000 679.918 4.000
A_24 0.000 185.740 4.000
I_25 0.000 777.529 0.000
L_26 0.000 679.918 5.000
G_27 0.000 -27.649 10.000
R_28 -25.574 -1015.709 10.000
R_29 -25.574 -1015.709 10.000
G_30 0.000 -27.649 10.000
A_31 0.000 185.740 8.000
G_32 0.000 -27.649 6.000
K_33 -11.867 -818.649 6.000
S_34 -11.867 -90.060 6.000
A_35 0.000 185.740 9.000
L_36 0.000 679.918 6.000
T_37 -11.867 -90.974 6.000
V_38 0.000 613.196 6.000
K_39 -11.867 -818.649 6.000
F_40 0.000 560.542 6.000
L_41 0.000 679.918 9.000
T_42 -17.098 -90.974 11.000
K_43 -17.098 -818.649 11.000
R_44 -27.076 -1015.709 11.000
F_45 0.000 560.542 11.000
I_46 0.000 777.529 12.000
S_47 -15.425 -90.060 9.000
E_48 -24.169 -605.239 13.000
Y_49 -12.518 -274.939 13.000
D_50 -25.003 -475.402 14.000
P_51 0.000 -195.996 10.000
N_52 -23.258 -507.047 12.000
L_53 0.000 679.918 12.000
E_54 -25.772 -605.239 15.000
D_55 -24.169 -475.402 13.000
T_56 -20.127 -90.974 16.000
Y_57 -13.255 -274.939 15.000
S_58 -19.613 -90.060 15.000
S_59 -20.127 -90.060 16.000
E_60 -27.150 -605.239 17.000
E_61 -25.003 -605.239 14.000
T_62 -19.613 -90.974 15.000
V_63 0.000 613.196 13.000
D_64 -24.169 -475.402 13.000
H_65 -11.154 -583.484 10.000
Q_66 -21.132 -643.904 10.000
P_67 0.000 -195.996 8.000
V_68 0.000 613.196 6.000
H_69 -9.265 -583.484 7.000
L_70 0.000 679.918 7.000
R_71 -19.414 -1015.709 7.000
V_72 0.000 613.196 9.000
M_73 0.000 401.769 12.000
D_74 -16.691 -475.402 7.000
T_75 -17.098 -90.974 11.000
A_76 0.000 185.740 11.000
D_77 -22.253 -475.402 11.000
L_78 0.000 679.918 11.000
D_79 -22.253 -475.402 11.000
T_80 -17.811 -90.974 12.000
P_81 0.000 -195.996 16.000
R_82 -28.412 -1015.709 12.000
N_83 -24.169 -507.047 13.000
C_84 0.000 322.480 18.000
E_85 -25.772 -605.239 15.000
R_86 -27.076 -1015.709 11.000
Y_87 -13.255 -274.939 15.000
L_88 0.000 679.918 12.000
N_89 -16.691 -507.047 7.000
W_90 -4.824 -203.500 7.000
A_91 0.000 185.740 7.000
H_92 -4.441 -583.484 3.000
A_93 0.000 185.740 2.000
F_94 0.000 560.542 2.000
L_95 0.000 679.918 0.000
V_96 0.000 613.196 2.000
V_97 0.000 613.196 5.000
Y_98 -7.426 -274.939 5.000
S_99 -15.425 -90.060 9.000
V_100 0.000 613.196 12.000
D_101 -25.772 -475.402 15.000
S_102 -20.127 -90.060 16.000
R_103 -35.072 -1015.709 19.000
Q_104 -25.772 -643.904 15.000
S_105 -20.127 -90.060 16.000
F_106 0.000 560.542 14.000
D_107 -24.169 -475.402 13.000
S_108 -18.462 -90.060 13.000
S_109 -20.127 -90.060 16.000
S_110 -19.059 -90.060 14.000
S_111 -17.098 -90.060 11.000
Y_112 -12.104 -274.939 12.000
L_113 0.000 679.918 9.000
E_114 -14.591 -605.239 6.000
L_115 0.000 679.918 4.000
L_116 0.000 679.918 4.000
A_117 0.000 185.740 2.000
L_118 0.000 679.918 2.000
H_119 -7.426 -583.484 5.000
A_120 0.000 185.740 9.000
K_121 -17.811 -818.649 12.000
E_122 -25.003 -605.239 14.000
T_123 -21.486 -90.974 19.000
Q_124 -28.359 -643.904 19.000
R_125 -31.716 -1015.709 15.000
S_126 -17.811 -90.060 12.000
I_127 0.000 777.529 8.000
P_128 0.000 -195.996 3.000
A_129 0.000 185.740 0.000
L_130 0.000 679.918 0.000
L_131 0.000 679.918 0.000
L_132 0.000 679.918 4.000
G_133 0.000 -27.649 7.000
N_134 -16.691 -507.047 7.000
K_135 -17.098 -818.649 11.000
L_136 0.000 679.918 11.000
D_137 -16.691 -475.402 7.000
M_138 0.000 401.769 8.000
A_139 0.000 185.740 10.000
Q_140 -22.253 -643.904 11.000
Y_141 -13.255 -274.939 15.000
R_142 -31.716 -1015.709 15.000
Q_143 -25.003 -643.904 14.000
V_144 0.000 613.196 15.000
T_145 -16.309 -90.974 10.000
K_146 -16.309 -818.649 10.000
A_147 0.000 185.740 10.000
E_148 -16.691 -605.239 7.000
G_149 0.000 -27.649 4.000
V_150 0.000 613.196 4.000
A_151 0.000 185.740 0.000
L_152 0.000 679.918 0.000
A_153 0.000 185.740 5.000
G_154 0.000 -27.649 5.000
R_155 -11.867 -1015.709 5.000
F_156 0.000 560.542 5.000
G_157 0.000 -27.649 5.000
C_158 0.000 322.480 0.000
L_159 0.000 679.918 0.000
F_160 0.000 560.542 4.000
F_161 0.000 560.542 4.000
E_162 -16.691 -605.239 7.000
V_163 0.000 613.196 7.000
S_164 -13.255 -90.060 7.000
A_165 0.000 185.740 3.000
C_166 0.000 322.480 7.000
L_167 0.000 679.918 4.000
D_168 -18.409 -475.402 8.000
F_169 0.000 560.542 10.000
E_170 -21.132 -605.239 10.000
H_171 -11.154 -583.484 10.000
V_172 0.000 613.196 12.000
Q_173 -18.409 -643.904 8.000
H_174 -8.431 -583.484 6.000
V_175 0.000 613.196 8.000
F_176 0.000 560.542 8.000
H_177 -8.431 -583.484 6.000
E_178 -14.591 -605.239 6.000
A_179 0.000 185.740 11.000
V_180 0.000 613.196 13.000
R_181 -23.856 -1015.709 9.000
E_182 -25.003 -605.239 14.000
A_183 0.000 185.740 19.000
R_184 -34.315 -1015.709 18.000
R_185 -30.711 -1015.709 14.000
E_186 -27.773 -605.239 18.000
L_187 0.000 679.918 16.000
E_188 -25.003 -605.239 14.000
K_189 -16.309 -818.649 10.000
S_190 -16.309 -90.060 10.000
P_191 0.000 -195.996 9.000
L_192 0.000 679.918 11.000
T_193 -14.420 -90.974 8.000
R_194 -21.845 -1015.709 8.000
P_195 0.000 -195.996 8.000
L_196 0.000 679.918 5.000
F_197 0.000 560.542 3.000
I_198 0.000 777.529 7.000
S_199 -17.098 -90.060 11.000
E_200 -26.485 -605.239 16.000
E_201 -26.485 -605.239 16.000
R_202 -29.616 -1015.709 13.000
A_203 0.000 185.740 9.000
L_204 0.000 679.918 7.000
P_205 0.000 -195.996 6.000
H_206 -8.431 -583.484 6.000
Q_207 -14.591 -643.904 6.000
A_208 0.000 185.740 6.000
P_209 0.000 -195.996 7.000
L_210 0.000 679.918 3.000
T_211 -14.420 -90.974 8.000
A_212 0.000 185.740 10.000
R_213 -25.574 -1015.709 10.000
H_214 -9.265 -583.484 7.000
G_215 0.000 -27.649 7.000
L_216 0.000 679.918 5.000
A_217 0.000 185.740 3.000
S_218 -11.867 -90.060 6.000
C_219 0.000 322.480 6.000
T_220 -16.309 -90.974 10.000
F_221 0.000 560.542 10.000
N_222 -21.132 -507.047 10.000
T_223 -16.309 -90.974 10.000
L_224 0.000 679.918 13.000
S_225 -15.425 -90.060 9.000
T_226 -16.309 -90.974 10.000
I_227 0.000 777.529 10.000
N_228 -21.132 -507.047 10.000
L_229 0.000 679.918 11.000
K_230 -17.098 -818.649 11.000
E_231 -16.691 -605.239 7.000
M_232 0.000 401.769 10.000
P_233 0.000 -195.996 7.000
T_234 -4.441 -90.974 3.000
V_235 0.000 613.196 7.000
A_236 0.000 185.740 7.000
Q_237 -16.691 -643.904 7.000
A_238 0.000 185.740 7.000
K_239 -13.255 -818.649 7.000
L_240 0.000 679.918 6.000
V_241 0.000 613.196 6.000
T_242 -11.867 -90.974 6.000
V_243 0.000 613.196 9.000
K_244 -17.811 -818.649 12.000
S_245 -19.059 -90.060 14.000
S_246 -19.059 -90.060 14.000
R_247 -31.716 -1015.709 15.000
A_248 0.000 185.740 15.000
Q_249 -25.772 -643.904 15.000
S_250 -19.613 -90.060 15.000
K_251 -21.060 -818.649 18.000
R_252 -30.711 -1015.709 14.000
K_253 -17.098 -818.649 11.000
A_254 0.000 185.740 11.000
P_255 0.000 -195.996 6.000
T_256 -11.867 -90.974 6.000
L_257 0.000 679.918 6.000
T_258 -11.867 -90.974 6.000
L_259 0.000 679.918 6.000
L_260 0.000 679.918 6.000
K_261 -4.441 -818.649 3.000
G_262 0.000 -27.649 6.000
F_263 0.000 560.542 6.000
K_264 -4.441 -818.649 3.000
I_265 0.000 777.529 3.000
F_266 0.000 560.542 3.000
