M_1 0.000 401.769 2.000
A_2 0.000 185.740 2.000
H_3 -1.718 -583.484 2.000
A_4 0.000 185.740 2.000
G_5 0.000 -27.649 2.000
G_6 0.000 -27.649 3.000
G_7 0.000 -27.649 3.000
S_8 -4.441 -90.060 3.000
G_9 0.000 -27.649 6.000
G_10 0.000 -27.649 6.000
S_11 -4.441 -90.060 3.000
G_12 0.000 -27.649 3.000
A_13 0.000 185.740 3.000
G_14 0.000 -27.649 0.000
G_15 0.000 -27.649 0.000
P_16 0.000 -195.996 0.000
A_17 0.000 185.740 5.000
G_18 0.000 -27.649 5.000
R_19 -11.867 -1015.709 5.000
G_20 0.000 -27.649 8.000
L_21 0.000 679.918 8.000
S_22 -4.441 -90.060 3.000
G_23 0.000 -27.649 8.000
A_24 0.000 185.740 9.000
R_25 -16.309 -1015.709 6.000
W_26 -5.944 -203.500 11.000
G_27 0.000 -27.649 14.000
R_28 -23.856 -1015.709 9.000
S_29 -17.098 -90.060 11.000
G_30 0.000 -27.649 11.000
S_31 -11.867 -90.060 6.000
A_32 0.000 185.740 5.000
G_33 0.000 -27.649 9.000
H_34 -10.601 -583.484 9.000
E_35 -19.866 -605.239 9.000
K_36 -15.425 -818.649 9.000
L_37 0.000 679.918 7.000
P_38 0.000 -195.996 5.000
V_39 0.000 613.196 2.000
H_40 -8.431 -583.484 6.000
V_41 0.000 613.196 10.000
E_42 -21.132 -605.239 10.000
D_43 -18.409 -475.402 8.000
A_44 0.000 185.740 11.000
L_45 0.000 679.918 9.000
T_46 -10.149 -90.974 5.000
Y_47 -10.601 -274.939 9.000
L_48 0.000 679.918 13.000
D_49 -21.132 -475.402 10.000
Q_50 -22.253 -643.904 11.000
V_51 0.000 613.196 11.000
K_52 -17.811 -818.649 12.000
I_53 0.000 777.529 8.000
R_54 -21.845 -1015.709 8.000
F_55 0.000 560.542 8.000
G_56 0.000 -27.649 12.000
S_57 -13.255 -90.060 7.000
D_58 -16.691 -475.402 7.000
P_59 0.000 -195.996 10.000
A_60 0.000 185.740 9.000
T_61 -15.425 -90.974 9.000
Y_62 -10.601 -274.939 9.000
N_63 -19.866 -507.047 9.000
G_64 0.000 -27.649 6.000
F_65 0.000 560.542 8.000
L_66 0.000 679.918 4.000
E_67 -7.878 -605.239 4.000
I_68 0.000 777.529 7.000
M_69 0.000 401.769 11.000
K_70 -13.255 -818.649 7.000
E_71 -21.132 -605.239 10.000
F_72 0.000 560.542 13.000
K_73 -19.059 -818.649 14.000
S_74 -18.462 -90.060 13.000
Q_75 -24.169 -643.904 13.000
S_76 -19.059 -90.060 14.000
I_77 0.000 777.529 14.000
D_78 -21.132 -475.402 10.000
T_79 -13.255 -90.974 7.000
P_80 0.000 -195.996 7.000
G_81 0.000 -27.649 3.000
V_82 0.000 613.196 5.000
I_83 0.000 777.529 10.000
R_84 -25.574 -1015.709 10.000
R_85 -29.616 -1015.709 13.000
V_86 0.000 613.196 17.000
S_87 -17.811 -90.060 12.000
Q_88 -16.691 -643.904 7.000
L_89 0.000 679.918 9.000
F_90 0.000 560.542 10.000
H_91 -9.978 -583.484 8.000
E_92 -18.409 -605.239 8.000
H_93 -12.104 -583.484 12.000
P_94 0.000 -195.996 10.000
D_95 -14.591 -475.402 6.000
L_96 0.000 679.918 4.000
I_97 0.000 777.529 4.000
V_98 0.000 613.196 0.000
G_99 0.000 -27.649 4.000
F_100 0.000 560.542 4.000
N_101 -7.878 -507.047 4.000
A_102 0.000 185.740 4.000
F_103 0.000 560.542 4.000
L_104 0.000 679.918 0.000
P_105 0.000 -195.996 0.000
L_106 0.000 679.918 2.000
G_107 0.000 -27.649 7.000
Y_108 -9.265 -274.939 7.000
R_109 -27.076 -1015.709 11.000
I_110 0.000 777.529 11.000
D_111 -19.866 -475.402 9.000
I_112 0.000 777.529 7.000
P_113 0.000 -195.996 11.000
K_114 -13.255 -818.649 7.000
N_115 -21.132 -507.047 10.000
G_116 0.000 -27.649 10.000
K_117 -17.098 -818.649 11.000
L_118 0.000 679.918 7.000
N_119 -22.253 -507.047 11.000
I_120 0.000 777.529 11.000
Q_121 -22.253 -643.904 11.000
S_122 -13.255 -90.060 7.000
P_123 0.000 -195.996 10.000
L_124 0.000 679.918 9.000
T_125 -16.309 -90.974 10.000
S_126 -19.059 -90.060 14.000
Q_127 -27.773 -643.904 18.000
E_128 -27.773 -605.239 18.000
N_129 -27.150 -507.047 17.000
S_130 -20.609 -90.060 17.000
H_131 -13.255 -583.484 15.000
N_132 -22.253 -507.047 11.000
H_133 -12.104 -583.484 12.000
G_134 0.000 -27.649 10.000
D_135 -14.591 -475.402 6.000
G_136 0.000 -27.649 8.000
A_137 0.000 185.740 12.000
E_138 -18.409 -605.239 8.000
D_139 -22.253 -475.402 11.000
F_140 0.000 560.542 15.000
K_141 -19.613 -818.649 15.000
Q_142 -22.253 -643.904 11.000
Q_143 -22.253 -643.904 11.000
V_144 0.000 613.196 10.000
P_145 0.000 -195.996 9.000
Y_146 -10.601 -274.939 9.000
K_147 -18.462 -818.649 13.000
E_148 -26.485 -605.239 16.000
D_149 -25.003 -475.402 14.000
K_150 -19.613 -818.649 15.000
P_151 0.000 -195.996 11.000
Q_152 -16.691 -643.904 7.000
V_153 0.000 613.196 4.000
P_154 0.000 -195.996 8.000
L_155 0.000 679.918 7.000
E_156 -22.253 -605.239 11.000
S_157 -19.059 -90.060 14.000
D_158 -25.003 -475.402 14.000
S_159 -19.059 -90.060 14.000
V_160 0.000 613.196 11.000
E_161 -22.253 -605.239 11.000
F_162 0.000 560.542 12.000
N_163 -23.258 -507.047 12.000
N_164 -18.409 -507.047 8.000
A_165 0.000 185.740 11.000
I_166 0.000 777.529 9.000
S_167 -10.149 -90.060 5.000
Y_168 -10.601 -274.939 9.000
V_169 0.000 613.196 12.000
N_170 -19.866 -507.047 9.000
K_171 -16.309 -818.649 10.000
I_172 0.000 777.529 13.000
K_173 -19.059 -818.649 14.000
T_174 -17.098 -90.974 11.000
R_175 -27.076 -1015.709 11.000
F_176 0.000 560.542 12.000
L_177 0.000 679.918 11.000
D_178 -14.591 -475.402 6.000
H_179 -11.154 -583.484 10.000
P_180 0.000 -195.996 10.000
E_181 -18.409 -605.239 8.000
I_182 0.000 777.529 11.000
Y_183 -12.900 -274.939 14.000
R_184 -25.574 -1015.709 10.000
S_185 -16.309 -90.060 10.000
F_186 0.000 560.542 12.000
L_187 0.000 679.918 7.000
E_188 -7.878 -605.239 4.000
I_189 0.000 777.529 6.000
L_190 0.000 679.918 9.000
H_191 -9.265 -583.484 7.000
T_192 -17.098 -90.974 11.000
Y_193 -12.900 -274.939 14.000
Q_194 -26.485 -643.904 16.000
K_195 -20.609 -818.649 17.000
E_196 -25.772 -605.239 15.000
Q_197 -25.772 -643.904 15.000
L_198 0.000 679.918 15.000
N_199 -26.485 -507.047 16.000
T_200 -17.811 -90.974 12.000
R_201 -33.508 -1015.709 17.000
G_202 0.000 -27.649 13.000
R_203 -25.574 -1015.709 10.000
P_204 0.000 -195.996 10.000
F_205 0.000 560.542 10.000
R_206 -11.867 -1015.709 5.000
G_207 0.000 -27.649 8.000
M_208 0.000 401.769 12.000
S_209 -17.098 -90.060 11.000
E_210 -25.772 -605.239 15.000
E_211 -25.772 -605.239 15.000
E_212 -23.258 -605.239 12.000
V_213 0.000 613.196 11.000
F_214 0.000 560.542 11.000
T_215 -13.255 -90.974 7.000
E_216 -16.691 -605.239 7.000
V_217 0.000 613.196 11.000
A_218 0.000 185.740 8.000
N_219 -7.878 -507.047 4.000
L_220 0.000 679.918 9.000
F_221 0.000 560.542 9.000
R_222 -23.856 -1015.709 9.000
G_223 0.000 -27.649 13.000
Q_224 -27.150 -643.904 17.000
E_225 -23.258 -605.239 12.000
D_226 -23.258 -475.402 12.000
L_227 0.000 679.918 11.000
L_228 0.000 679.918 11.000
S_229 -13.255 -90.060 7.000
E_230 -16.691 -605.239 7.000
F_231 0.000 560.542 11.000
G_232 0.000 -27.649 8.000
Q_233 -7.878 -643.904 4.000
F_234 0.000 560.542 4.000
L_235 0.000 679.918 8.000
P_236 0.000 -195.996 4.000
E_237 -16.691 -605.239 7.000
A_238 0.000 185.740 12.000
K_239 -19.613 -818.649 15.000
R_240 -27.076 -1015.709 11.000
S_241 -17.098 -90.060 11.000
L_242 0.000 679.918 11.000
F_243 0.000 560.542 6.000
T_244 -13.255 -90.974 7.000
G_245 0.000 -27.649 7.000
N_246 -16.691 -507.047 7.000
G_247 0.000 -27.649 4.000
P_248 0.000 -195.996 8.000
C_249 0.000 322.480 4.000
E_250 -14.591 -605.239 6.000
M_251 0.000 401.769 9.000
H_252 -10.601 -583.484 9.000
S_253 -15.425 -90.060 9.000
V_254 0.000 613.196 12.000
Q_255 -25.003 -643.904 14.000
K_256 -19.613 -818.649 15.000
N_257 -27.150 -507.047 17.000
E_258 -27.150 -605.239 17.000
H_259 -13.896 -583.484 17.000
D_260 -26.485 -475.402 16.000
K_261 -17.811 -818.649 12.000
T_262 -19.059 -90.974 14.000
P_263 0.000 -195.996 12.000
E_264 -23.258 -605.239 12.000
H_265 -12.900 -583.484 14.000
S_266 -20.609 -90.060 17.000
R_267 -34.315 -1015.709 18.000
K_268 -21.486 -818.649 19.000
R_269 -36.459 -1015.709 21.000
S_270 -20.127 -90.060 16.000
R_271 -32.645 -1015.709 16.000
P_272 0.000 -195.996 11.000
S_273 -14.420 -90.060 8.000
L_274 0.000 679.918 8.000
L_275 0.000 679.918 8.000
R_276 -11.867 -1015.709 5.000
P_277 0.000 -195.996 8.000
V_278 0.000 613.196 8.000
S_279 -4.441 -90.060 3.000
A_280 0.000 185.740 3.000
P_281 0.000 -195.996 6.000
A_282 0.000 185.740 6.000
K_283 -15.425 -818.649 9.000
K_284 -15.425 -818.649 9.000
K_285 -17.811 -818.649 12.000
M_286 0.000 401.769 9.000
K_287 -17.098 -818.649 11.000
L_288 0.000 679.918 8.000
R_289 -27.076 -1015.709 11.000
G_290 0.000 -27.649 11.000
T_291 -19.613 -90.974 15.000
K_292 -16.309 -818.649 10.000
D_293 -24.169 -475.402 13.000
L_294 0.000 679.918 10.000
S_295 -13.255 -90.060 7.000
I_296 0.000 777.529 3.000
A_297 0.000 185.740 3.000
A_298 0.000 185.740 0.000
V_299 0.000 613.196 3.000
G_300 0.000 -27.649 5.000
K_301 -10.149 -818.649 5.000
Y_302 -9.978 -274.939 8.000
G_303 0.000 -27.649 8.000
T_304 -15.425 -90.974 9.000
L_305 0.000 679.918 11.000
Q_306 -22.253 -643.904 11.000
E_307 -22.253 -605.239 11.000
F_308 0.000 560.542 11.000
S_309 -13.255 -90.060 7.000
F_310 0.000 560.542 7.000
F_311 0.000 560.542 10.000
D_312 -16.691 -475.402 7.000
K_313 -17.811 -818.649 12.000
V_314 0.000 613.196 17.000
R_315 -29.616 -1015.709 13.000
R_316 -25.574 -1015.709 10.000
V_317 0.000 613.196 13.000
L_318 0.000 679.918 11.000
K_319 -16.309 -818.649 10.000
S_320 -19.059 -90.060 14.000
Q_321 -25.003 -643.904 14.000
E_322 -24.169 -605.239 13.000
V_323 0.000 613.196 14.000
Y_324 -12.900 -274.939 14.000
E_325 -21.132 -605.239 10.000
N_326 -21.132 -507.047 10.000
F_327 0.000 560.542 13.000
L_328 0.000 679.918 9.000
R_329 -11.867 -1015.709 5.000
C_330 0.000 322.480 5.000
I_331 0.000 777.529 5.000
A_332 0.000 185.740 0.000
L_333 0.000 679.918 4.000
F_334 0.000 560.542 8.000
N_335 -23.258 -507.047 12.000
Q_336 -23.258 -643.904 12.000
E_337 -23.258 -605.239 12.000
L_338 0.000 679.918 11.000
V_339 0.000 613.196 7.000
S_340 -11.867 -90.060 6.000
G_341 0.000 -27.649 10.000
S_342 -16.309 -90.060 10.000
E_343 -16.691 -605.239 7.000
L_344 0.000 679.918 11.000
L_345 0.000 679.918 8.000
Q_346 -7.878 -643.904 4.000
L_347 0.000 679.918 7.000
V_348 0.000 613.196 7.000
S_349 -4.441 -90.060 3.000
P_350 0.000 -195.996 3.000
F_351 0.000 560.542 3.000
L_352 0.000 679.918 3.000
G_353 0.000 -27.649 3.000
K_354 -4.441 -818.649 3.000
F_355 0.000 560.542 7.000
P_356 0.000 -195.996 7.000
E_357 -7.878 -605.239 4.000
L_358 0.000 679.918 4.000
F_359 0.000 560.542 8.000
A_360 0.000 185.740 4.000
Q_361 -16.691 -643.904 7.000
F_362 0.000 560.542 10.000
K_363 -16.309 -818.649 10.000
S_364 -11.867 -90.060 6.000
F_365 0.000 560.542 6.000
L_366 0.000 679.918 3.000
G_367 0.000 -27.649 3.000
V_368 0.000 613.196 7.000
K_369 -13.255 -818.649 7.000
E_370 -21.132 -605.239 10.000
L_371 0.000 679.918 10.000
S_372 -13.255 -90.060 7.000
F_373 0.000 560.542 3.000
A_374 0.000 185.740 3.000
P_375 0.000 -195.996 0.000
P_376 0.000 -195.996 3.000
M_377 0.000 401.769 7.000
S_378 -17.811 -90.060 12.000
D_379 -25.772 -475.402 15.000
R_380 -31.716 -1015.709 15.000
S_381 -20.127 -90.060 16.000
G_382 0.000 -27.649 12.000
D_383 -16.691 -475.402 7.000
G_384 0.000 -27.649 7.000
I_385 0.000 777.529 12.000
S_386 -17.811 -90.060 12.000
R_387 -28.412 -1015.709 12.000
E_388 -26.485 -605.239 16.000
I_389 0.000 777.529 15.000
D_390 -21.132 -475.402 10.000
Y_391 -10.601 -274.939 9.000
A_392 0.000 185.740 9.000
S_393 -14.420 -90.060 8.000
C_394 0.000 322.480 11.000
K_395 -17.098 -818.649 11.000
R_396 -21.845 -1015.709 8.000
I_397 0.000 777.529 11.000
G_398 0.000 -27.649 11.000
S_399 -14.420 -90.060 8.000
S_400 -18.462 -90.060 13.000
Y_401 -12.518 -274.939 13.000
R_402 -25.574 -1015.709 10.000
A_403 0.000 185.740 7.000
L_404 0.000 679.918 8.000
P_405 0.000 -195.996 6.000
K_406 -14.420 -818.649 8.000
T_407 -17.811 -90.974 12.000
Y_408 -13.586 -274.939 16.000
Q_409 -24.169 -643.904 13.000
Q_410 -24.169 -643.904 13.000
P_411 0.000 -195.996 11.000
K_412 -16.309 -818.649 10.000
C_413 0.000 322.480 6.000
S_414 -17.098 -90.060 11.000
G_415 0.000 -27.649 11.000
R_416 -27.076 -1015.709 11.000
T_417 -14.420 -90.974 8.000
A_418 0.000 185.740 8.000
I_419 0.000 777.529 6.000
C_420 0.000 322.480 7.000
K_421 -13.255 -818.649 7.000
E_422 -16.691 -605.239 7.000
V_423 0.000 613.196 11.000
L_424 0.000 679.918 12.000
N_425 -22.253 -507.047 11.000
D_426 -23.258 -475.402 12.000
T_427 -17.811 -90.974 12.000
W_428 -5.944 -203.500 11.000
V_429 0.000 613.196 7.000
S_430 -7.878 -90.060 4.000
F_431 0.000 560.542 6.000
P_432 0.000 -195.996 7.000
S_433 -13.255 -90.060 7.000
W_434 -5.944 -203.500 11.000
S_435 -19.613 -90.060 15.000
E_436 -25.772 -605.239 15.000
D_437 -27.150 -475.402 17.000
S_438 -19.059 -90.060 14.000
T_439 -16.309 -90.974 10.000
F_440 0.000 560.542 9.000
V_441 0.000 613.196 9.000
S_442 -15.425 -90.060 9.000
S_443 -17.811 -90.060 12.000
K_444 -19.613 -818.649 15.000
K_445 -17.811 -818.649 12.000
T_446 -17.098 -90.974 11.000
P_447 0.000 -195.996 12.000
Y_448 -12.518 -274.939 13.000
E_449 -25.003 -605.239 14.000
E_450 -25.003 -605.239 14.000
Q_451 -25.003 -643.904 14.000
L_452 0.000 679.918 15.000
H_453 -11.652 -583.484 11.000
R_454 -27.076 -1015.709 11.000
C_455 0.000 322.480 15.000
E_456 -27.150 -605.239 17.000
D_457 -27.150 -475.402 17.000
E_458 -27.150 -605.239 17.000
R_459 -33.508 -1015.709 17.000
F_460 0.000 560.542 13.000
E_461 -24.169 -605.239 13.000
L_462 0.000 679.918 8.000
D_463 -18.409 -475.402 8.000
V_464 0.000 613.196 4.000
V_465 0.000 613.196 8.000
L_466 0.000 679.918 7.000
E_467 -22.253 -605.239 11.000
T_468 -17.098 -90.974 11.000
N_469 -22.253 -507.047 11.000
L_470 0.000 679.918 10.000
A_471 0.000 185.740 7.000
T_472 -14.420 -90.974 8.000
I_473 0.000 777.529 8.000
R_474 -21.845 -1015.709 8.000
V_475 0.000 613.196 9.000
L_476 0.000 679.918 12.000
E_477 -16.691 -605.239 7.000
S_478 -17.098 -90.060 11.000
V_479 0.000 613.196 14.000
Q_480 -24.169 -643.904 13.000
K_481 -16.309 -818.649 10.000
K_482 -18.462 -818.649 13.000
L_483 0.000 679.918 14.000
S_484 -17.098 -90.060 11.000
R_485 -21.845 -1015.709 8.000
M_486 0.000 401.769 8.000
A_487 0.000 185.740 9.000
P_488 0.000 -195.996 8.000
E_489 -23.258 -605.239 12.000
D_490 -26.485 -475.402 16.000
Q_491 -28.359 -643.904 19.000
E_492 -25.772 -605.239 15.000
K_493 -20.127 -818.649 16.000
F_494 0.000 560.542 12.000
R_495 -28.412 -1015.709 12.000
L_496 0.000 679.918 13.000
D_497 -26.485 -475.402 16.000
D_498 -22.253 -475.402 11.000
S_499 -17.098 -90.060 11.000
L_500 0.000 679.918 7.000
G_501 0.000 -27.649 6.000
G_502 0.000 -27.649 6.000
T_503 -16.309 -90.974 10.000
S_504 -16.309 -90.060 10.000
E_505 -21.132 -605.239 10.000
V_506 0.000 613.196 11.000
I_507 0.000 777.529 13.000
Q_508 -25.003 -643.904 14.000
R_509 -30.711 -1015.709 14.000
R_510 -30.711 -1015.709 14.000
A_511 0.000 185.740 12.000
I_512 0.000 777.529 12.000
Y_513 -9.265 -274.939 7.000
R_514 -23.856 -1015.709 9.000
I_515 0.000 777.529 9.000
Y_516 -11.652 -274.939 11.000
G_517 0.000 -27.649 9.000
D_518 -19.866 -475.402 9.000
K_519 -13.255 -818.649 7.000
A_520 0.000 185.740 11.000
P_521 0.000 -195.996 7.000
E_522 -7.878 -605.239 4.000
I_523 0.000 777.529 8.000
I_524 0.000 777.529 11.000
E_525 -16.691 -605.239 7.000
S_526 -16.309 -90.060 10.000
L_527 0.000 679.918 13.000
K_528 -18.462 -818.649 13.000
K_529 -16.309 -818.649 10.000
N_530 -21.132 -507.047 10.000
P_531 0.000 -195.996 10.000
V_532 0.000 613.196 7.000
T_533 -4.441 -90.974 3.000
A_534 0.000 185.740 3.000
V_535 0.000 613.196 3.000
P_536 0.000 -195.996 0.000
V_537 0.000 613.196 0.000
V_538 0.000 613.196 3.000
L_539 0.000 679.918 8.000
K_540 -14.420 -818.649 8.000
R_541 -27.076 -1015.709 11.000
L_542 0.000 679.918 11.000
K_543 -17.098 -818.649 11.000
A_544 0.000 185.740 10.000
K_545 -19.059 -818.649 14.000
E_546 -25.772 -605.239 15.000
E_547 -26.485 -605.239 16.000
E_548 -27.773 -605.239 18.000
W_549 -7.165 -203.500 18.000
R_550 -30.711 -1015.709 14.000
E_551 -25.003 -605.239 14.000
A_552 0.000 185.740 17.000
Q_553 -23.258 -643.904 12.000
Q_554 -18.409 -643.904 8.000
G_555 0.000 -27.649 12.000
F_556 0.000 560.542 11.000
N_557 -16.691 -507.047 7.000
K_558 -14.420 -818.649 8.000
I_559 0.000 777.529 13.000
W_560 -6.358 -203.500 13.000
R_561 -30.711 -1015.709 14.000
E_562 -26.485 -605.239 16.000
Q_563 -28.359 -643.904 19.000
Y_564 -13.896 -274.939 17.000
E_565 -24.169 -605.239 13.000
K_566 -17.098 -818.649 11.000
A_567 0.000 185.740 9.000
Y_568 -9.978 -274.939 8.000
L_569 0.000 679.918 8.000
K_570 -14.420 -818.649 8.000
S_571 -16.309 -90.060 10.000
L_572 0.000 679.918 12.000
D_573 -24.169 -475.402 13.000
H_574 -11.154 -583.484 10.000
Q_575 -21.132 -643.904 10.000
A_576 0.000 185.740 10.000
V_577 0.000 613.196 8.000
N_578 -16.691 -507.047 7.000
F_579 0.000 560.542 11.000
K_580 -19.613 -818.649 15.000
Q_581 -25.772 -643.904 15.000
N_582 -27.773 -507.047 18.000
D_583 -27.773 -475.402 18.000
T_584 -19.059 -90.974 14.000
K_585 -16.309 -818.649 10.000
A_586 0.000 185.740 11.000
L_587 0.000 679.918 11.000
R_588 -27.076 -1015.709 11.000
S_589 -19.059 -90.060 14.000
K_590 -19.059 -818.649 14.000
S_591 -15.425 -90.060 9.000
L_592 0.000 679.918 10.000
L_593 0.000 679.918 11.000
N_594 -18.409 -507.047 8.000
E_595 -23.258 -605.239 12.000
I_596 0.000 777.529 15.000
E_597 -22.253 -605.239 11.000
S_598 -15.425 -90.060 9.000
V_599 0.000 613.196 13.000
Y_600 -12.518 -274.939 13.000
D_601 -23.258 -475.402 12.000
E_602 -26.485 -605.239 16.000
H_603 -14.188 -583.484 18.000
Q_604 -27.773 -643.904 18.000
E_605 -26.485 -605.239 16.000
Q_606 -27.150 -643.904 17.000
H_607 -13.896 -583.484 17.000
S_608 -18.462 -90.060 13.000
E_609 -25.003 -605.239 14.000
G_610 0.000 -27.649 15.000
R_611 -28.412 -1015.709 12.000
S_612 -14.420 -90.060 8.000
A_613 0.000 185.740 11.000
P_614 0.000 -195.996 9.000
S_615 -16.309 -90.060 10.000
S_616 -16.309 -90.060 10.000
E_617 -23.258 -605.239 12.000
P_618 0.000 -195.996 9.000
H_619 -8.431 -583.484 6.000
L_620 0.000 679.918 2.000
I_621 0.000 777.529 2.000
F_622 0.000 560.542 2.000
V_623 0.000 613.196 6.000
Y_624 -11.154 -274.939 10.000
E_625 -25.772 -605.239 15.000
D_626 -28.359 -475.402 19.000
R_627 -33.508 -1015.709 17.000
Q_628 -24.169 -643.904 13.000
I_629 0.000 777.529 13.000
L_630 0.000 679.918 12.000
E_631 -18.409 -605.239 8.000
D_632 -18.409 -475.402 8.000
A_633 0.000 185.740 8.000
A_634 0.000 185.740 4.000
A_635 0.000 185.740 0.000
L_636 0.000 679.918 3.000
I_637 0.000 777.529 5.000
S_638 -13.255 -90.060 7.000
Y_639 -9.265 -274.939 7.000
Y_640 -11.154 -274.939 10.000
V_641 0.000 613.196 12.000
K_642 -19.059 -818.649 14.000
R_643 -28.412 -1015.709 12.000
Q_644 -23.258 -643.904 12.000
P_645 0.000 -195.996 9.000
A_646 0.000 185.740 8.000
I_647 0.000 777.529 7.000
Q_648 -22.253 -643.904 11.000
K_649 -19.613 -818.649 15.000
E_650 -28.359 -605.239 19.000
D_651 -25.772 -475.402 15.000
Q_652 -25.772 -643.904 15.000
G_653 0.000 -27.649 11.000
T_654 -15.425 -90.974 9.000
I_655 0.000 777.529 9.000
H_656 -10.601 -583.484 9.000
Q_657 -14.591 -643.904 6.000
L_658 0.000 679.918 8.000
L_659 0.000 679.918 10.000
H_660 -8.431 -583.484 6.000
Q_661 -14.591 -643.904 6.000
F_662 0.000 560.542 6.000
V_663 0.000 613.196 7.000
P_664 0.000 -195.996 3.000
S_665 -4.441 -90.060 3.000
L_666 0.000 679.918 3.000
F_667 0.000 560.542 6.000
F_668 0.000 560.542 7.000
S_669 -17.098 -90.060 11.000
Q_670 -22.253 -643.904 11.000
Q_671 -25.772 -643.904 15.000
L_672 0.000 679.918 12.000
D_673 -18.409 -475.402 8.000
L_674 0.000 679.918 4.000
G_675 0.000 -27.649 7.000
A_676 0.000 185.740 7.000
S_677 -17.098 -90.060 11.000
E_678 -25.003 -605.239 14.000
E_679 -25.003 -605.239 14.000
S_680 -19.613 -90.060 15.000
A_681 0.000 185.740 15.000
D_682 -25.772 -475.402 15.000
E_683 -27.150 -605.239 17.000
D_684 -29.436 -475.402 21.000
R_685 -35.785 -1015.709 20.000
D_686 -26.485 -475.402 16.000
S_687 -20.127 -90.060 16.000
P_688 0.000 -195.996 11.000
Q_689 -22.253 -643.904 11.000
G_690 0.000 -27.649 11.000
Q_691 -25.003 -643.904 14.000
T_692 -19.059 -90.974 14.000
T_693 -19.059 -90.974 14.000
D_694 -24.169 -475.402 13.000
P_695 0.000 -195.996 14.000
S_696 -20.127 -90.060 16.000
E_697 -25.772 -605.239 15.000
R_698 -34.315 -1015.709 18.000
K_699 -19.613 -818.649 15.000
K_700 -17.098 -818.649 11.000
P_701 0.000 -195.996 6.000
A_702 0.000 185.740 3.000
P_703 0.000 -195.996 0.000
G_704 0.000 -27.649 2.000
P_705 0.000 -195.996 5.000
H_706 -9.978 -583.484 8.000
S_707 -14.420 -90.060 8.000
S_708 -14.420 -90.060 8.000
P_709 0.000 -195.996 10.000
P_710 0.000 -195.996 11.000
E_711 -22.253 -605.239 11.000
E_712 -22.253 -605.239 11.000
K_713 -17.098 -818.649 11.000
G_714 0.000 -27.649 7.000
A_715 0.000 185.740 3.000
F_716 0.000 560.542 4.000
G_717 0.000 -27.649 4.000
D_718 -7.878 -475.402 4.000
A_719 0.000 185.740 4.000
P_720 0.000 -195.996 7.000
A_721 0.000 185.740 7.000
T_722 -17.098 -90.974 11.000
E_723 -22.253 -605.239 11.000
Q_724 -22.253 -643.904 11.000
P_725 0.000 -195.996 8.000
P_726 0.000 -195.996 4.000
L_727 0.000 679.918 0.000
P_728 0.000 -195.996 0.000
P_729 0.000 -195.996 0.000
P_730 0.000 -195.996 0.000
A_731 0.000 185.740 2.000
P_732 0.000 -195.996 5.000
H_733 -7.426 -583.484 5.000
K_734 -10.149 -818.649 5.000
P_735 0.000 -195.996 9.000
L_736 0.000 679.918 11.000
D_737 -18.409 -475.402 8.000
D_738 -21.132 -475.402 10.000
V_739 0.000 613.196 13.000
Y_740 -10.601 -274.939 9.000
S_741 -10.149 -90.060 5.000
L_742 0.000 679.918 5.000
F_743 0.000 560.542 3.000
F_744 0.000 560.542 4.000
A_745 0.000 185.740 8.000
N_746 -23.258 -507.047 12.000
N_747 -24.169 -507.047 13.000
N_748 -25.772 -507.047 15.000
W_749 -5.944 -203.500 11.000
Y_750 -9.265 -274.939 7.000
F_751 0.000 560.542 3.000
F_752 0.000 560.542 7.000
L_753 0.000 679.918 5.000
R_754 -19.414 -1015.709 7.000
L_755 0.000 679.918 11.000
H_756 -12.900 -583.484 14.000
Q_757 -19.866 -643.904 9.000
T_758 -15.425 -90.974 9.000
L_759 0.000 679.918 10.000
C_760 0.000 322.480 11.000
S_761 -14.420 -90.060 8.000
R_762 -21.845 -1015.709 8.000
L_763 0.000 679.918 11.000
L_764 0.000 679.918 8.000
K_765 -10.149 -818.649 5.000
I_766 0.000 777.529 10.000
Y_767 -12.900 -274.939 14.000
R_768 -27.076 -1015.709 11.000
Q_769 -25.772 -643.904 15.000
A_770 0.000 185.740 16.000
Q_771 -25.772 -643.904 15.000
K_772 -17.098 -818.649 11.000
Q_773 -22.253 -643.904 11.000
L_774 0.000 679.918 11.000
L_775 0.000 679.918 10.000
E_776 -22.253 -605.239 11.000
Y_777 -12.900 -274.939 14.000
R_778 -34.315 -1015.709 18.000
T_779 -20.609 -90.974 17.000
E_780 -28.359 -605.239 19.000
K_781 -21.486 -818.649 19.000
E_782 -28.912 -605.239 20.000
R_783 -35.072 -1015.709 19.000
E_784 -26.485 -605.239 16.000
K_785 -17.811 -818.649 12.000
L_786 0.000 679.918 7.000
L_787 0.000 679.918 7.000
C_788 0.000 322.480 4.000
E_789 -19.866 -605.239 9.000
G_790 0.000 -27.649 14.000
R_791 -34.315 -1015.709 18.000
R_792 -33.508 -1015.709 17.000
E_793 -27.150 -605.239 17.000
K_794 -19.613 -818.649 15.000
G_795 0.000 -27.649 14.000
S_796 -16.309 -90.060 10.000
D_797 -16.691 -475.402 7.000
P_798 0.000 -195.996 7.000
A_799 0.000 185.740 8.000
M_800 0.000 401.769 4.000
E_801 -19.866 -605.239 9.000
L_802 0.000 679.918 9.000
R_803 -28.412 -1015.709 12.000
L_804 0.000 679.918 12.000
K_805 -17.811 -818.649 12.000
Q_806 -21.132 -643.904 10.000
P_807 0.000 -195.996 14.000
S_808 -17.098 -90.060 11.000
E_809 -22.253 -605.239 11.000
V_810 0.000 613.196 11.000
E_811 -23.258 -605.239 12.000
L_812 0.000 679.918 12.000
E_813 -25.003 -605.239 14.000
E_814 -23.258 -605.239 12.000
Y_815 -12.104 -274.939 12.000
Y_816 -9.978 -274.939 8.000
P_817 0.000 -195.996 4.000
A_818 0.000 185.740 2.000
F_819 0.000 560.542 4.000
L_820 0.000 679.918 4.000
D_821 -7.878 -475.402 4.000
M_822 0.000 401.769 9.000
V_823 0.000 613.196 12.000
R_824 -21.845 -1015.709 8.000
S_825 -14.420 -90.060 8.000
L_826 0.000 679.918 12.000
L_827 0.000 679.918 7.000
E_828 -16.691 -605.239 7.000
G_829 0.000 -27.649 7.000
S_830 -17.098 -90.060 11.000
I_831 0.000 777.529 7.000
D_832 -21.132 -475.402 10.000
P_833 0.000 -195.996 11.000
T_834 -18.462 -90.974 13.000
Q_835 -24.169 -643.904 13.000
Y_836 -13.896 -274.939 17.000
E_837 -27.150 -605.239 17.000
D_838 -24.169 -475.402 13.000
T_839 -20.127 -90.974 16.000
L_840 0.000 679.918 16.000
R_841 -28.412 -1015.709 12.000
E_842 -19.866 -605.239 9.000
M_843 0.000 401.769 12.000
F_844 0.000 560.542 7.000
T_845 -10.149 -90.974 5.000
I_846 0.000 777.529 5.000
H_847 -9.265 -583.484 7.000
A_848 0.000 185.740 4.000
Y_849 -6.160 -274.939 4.000
V_850 0.000 613.196 2.000
G_851 0.000 -27.649 5.000
F_852 0.000 560.542 3.000
T_853 -13.255 -90.974 7.000
M_854 0.000 401.769 10.000
D_855 -21.132 -475.402 10.000
K_856 -13.255 -818.649 7.000
L_857 0.000 679.918 11.000
V_858 0.000 613.196 11.000
Q_859 -18.409 -643.904 8.000
N_860 -18.409 -507.047 8.000
I_861 0.000 777.529 13.000
A_862 0.000 185.740 13.000
R_863 -23.856 -1015.709 9.000
Q_864 -22.253 -643.904 11.000
L_865 0.000 679.918 13.000
H_866 -9.978 -583.484 8.000
H_867 -6.160 -583.484 4.000
L_868 0.000 679.918 7.000
V_869 0.000 613.196 9.000
S_870 -17.098 -90.060 11.000
D_871 -22.253 -475.402 11.000
D_872 -22.253 -475.402 11.000
V_873 0.000 613.196 8.000
C_874 0.000 322.480 7.000
L_875 0.000 679.918 3.000
K_876 -4.441 -818.649 3.000
V_877 0.000 613.196 7.000
V_878 0.000 613.196 7.000
E_879 -14.591 -605.239 6.000
L_880 0.000 679.918 6.000
Y_881 -11.154 -274.939 10.000
L_882 0.000 679.918 10.000
N_883 -24.169 -507.047 13.000
E_884 -25.003 -605.239 14.000
K_885 -21.486 -818.649 19.000
K_886 -19.613 -818.649 15.000
R_887 -27.076 -1015.709 11.000
G_888 0.000 -27.649 8.000
A_889 0.000 185.740 5.000
A_890 0.000 185.740 0.000
G_891 0.000 -27.649 4.000
G_892 0.000 -27.649 4.000
N_893 -16.691 -507.047 7.000
L_894 0.000 679.918 10.000
S_895 -19.613 -90.060 15.000
S_896 -17.098 -90.060 11.000
R_897 -27.076 -1015.709 11.000
C_898 0.000 322.480 13.000
V_899 0.000 613.196 10.000
R_900 -11.867 -1015.709 5.000
A_901 0.000 185.740 10.000
A_902 0.000 185.740 14.000
R_903 -28.412 -1015.709 12.000
E_904 -25.772 -605.239 15.000
T_905 -20.609 -90.974 17.000
S_906 -20.127 -90.060 16.000
Y_907 -12.518 -274.939 13.000
Q_908 -24.169 -643.904 13.000
W_909 -5.708 -203.500 10.000
K_910 -17.811 -818.649 12.000
A_911 0.000 185.740 13.000
E_912 -23.258 -605.239 12.000
R_913 -23.856 -1015.709 9.000
C_914 0.000 322.480 9.000
M_915 0.000 401.769 9.000
A_916 0.000 185.740 8.000
D_917 -23.258 -475.402 12.000
E_918 -23.258 -605.239 12.000
N_919 -23.258 -507.047 12.000
C_920 0.000 322.480 11.000
F_921 0.000 560.542 7.000
K_922 -4.441 -818.649 3.000
V_923 0.000 613.196 3.000
M_924 0.000 401.769 3.000
F_925 0.000 560.542 4.000
L_926 0.000 679.918 9.000
Q_927 -23.258 -643.904 12.000
R_928 -28.412 -1015.709 12.000
K_929 -20.127 -818.649 16.000
G_930 0.000 -27.649 12.000
Q_931 -16.691 -643.904 7.000
V_932 0.000 613.196 4.000
I_933 0.000 777.529 7.000
M_934 0.000 401.769 3.000
T_935 -13.255 -90.974 7.000
I_936 0.000 777.529 7.000
E_937 -16.691 -605.239 7.000
L_938 0.000 679.918 8.000
L_939 0.000 679.918 11.000
D_940 -22.253 -475.402 11.000
T_941 -19.613 -90.974 15.000
E_942 -25.772 -605.239 15.000
E_943 -25.772 -605.239 15.000
A_944 0.000 185.740 15.000
Q_945 -25.772 -643.904 15.000
T_946 -19.613 -90.974 15.000
E_947 -25.772 -605.239 15.000
D_948 -22.253 -475.402 11.000
P_949 0.000 -195.996 12.000
V_950 0.000 613.196 8.000
E_951 -18.409 -605.239 8.000
V_952 0.000 613.196 10.000
Q_953 -21.132 -643.904 10.000
H_954 -8.431 -583.484 6.000
L_955 0.000 679.918 11.000
A_956 0.000 185.740 9.000
R_957 -19.414 -1015.709 7.000
Y_958 -11.652 -274.939 11.000
V_959 0.000 613.196 15.000
E_960 -23.258 -605.239 12.000
Q_961 -21.132 -643.904 10.000
Y_962 -11.154 -274.939 10.000
V_963 0.000 613.196 9.000
G_964 0.000 -27.649 9.000
T_965 -13.255 -90.974 7.000
E_966 -16.691 -605.239 7.000
G_967 0.000 -27.649 10.000
A_968 0.000 185.740 10.000
S_969 -15.425 -90.060 9.000
S_970 -15.425 -90.060 9.000
S_971 -17.811 -90.060 12.000
P_972 0.000 -195.996 13.000
T_973 -16.309 -90.974 10.000
E_974 -16.691 -605.239 7.000
G_975 0.000 -27.649 7.000
F_976 0.000 560.542 4.000
L_977 0.000 679.918 3.000
L_978 0.000 679.918 3.000
K_979 -4.441 -818.649 3.000
P_980 0.000 -195.996 3.000
V_981 0.000 613.196 3.000
F_982 0.000 560.542 4.000
L_983 0.000 679.918 9.000
Q_984 -24.169 -643.904 13.000
R_985 -29.616 -1015.709 13.000
N_986 -26.485 -507.047 16.000
L_987 0.000 679.918 15.000
K_988 -16.309 -818.649 10.000
K_989 -17.098 -818.649 11.000
F_990 0.000 560.542 16.000
R_991 -34.315 -1015.709 18.000
R_992 -32.645 -1015.709 16.000
R_993 -35.785 -1015.709 20.000
W_994 -7.165 -203.500 18.000
Q_995 -27.150 -643.904 17.000
S_996 -20.127 -90.060 16.000
E_997 -25.772 -605.239 15.000
Q_998 -26.485 -643.904 16.000
A_999 0.000 185.740 13.000
R_1000 -23.856 -1015.709 9.000
A_1001 0.000 185.740 10.000
L_1002 0.000 679.918 10.000
R_1003 -23.856 -1015.709 9.000
G_1004 0.000 -27.649 9.000
E_1005 -25.003 -605.239 14.000
A_1006 0.000 185.740 12.000
R_1007 -31.716 -1015.709 15.000
S_1008 -17.811 -90.060 12.000
S_1009 -19.613 -90.060 15.000
W_1010 -6.713 -203.500 15.000
K_1011 -17.811 -818.649 12.000
R_1012 -23.856 -1015.709 9.000
L_1013 0.000 679.918 8.000
V_1014 0.000 613.196 5.000
G_1015 0.000 -27.649 4.000
V_1016 0.000 613.196 7.000
E_1017 -16.691 -605.239 7.000
S_1018 -13.255 -90.060 7.000
A_1019 0.000 185.740 11.000
C_1020 0.000 322.480 7.000
D_1021 -18.409 -475.402 8.000
V_1022 0.000 613.196 8.000
D_1023 -24.169 -475.402 13.000
C_1024 0.000 322.480 9.000
R_1025 -28.412 -1015.709 12.000
F_1026 0.000 560.542 8.000
K_1027 -17.098 -818.649 11.000
L_1028 0.000 679.918 9.000
S_1029 -17.098 -90.060 11.000
T_1030 -17.098 -90.974 11.000
H_1031 -11.652 -583.484 11.000
K_1032 -14.420 -818.649 8.000
M_1033 0.000 401.769 5.000
V_1034 0.000 613.196 3.000
F_1035 0.000 560.542 0.000
I_1036 0.000 777.529 4.000
V_1037 0.000 613.196 7.000
N_1038 -22.253 -507.047 11.000
S_1039 -19.613 -90.060 15.000
E_1040 -27.150 -605.239 17.000
D_1041 -24.169 -475.402 13.000
Y_1042 -12.104 -274.939 12.000
M_1043 0.000 401.769 13.000
Y_1044 -12.900 -274.939 14.000
R_1045 -28.412 -1015.709 12.000
R_1046 -31.716 -1015.709 15.000
G_1047 0.000 -27.649 13.000
T_1048 -14.420 -90.974 8.000
L_1049 0.000 679.918 8.000
C_1050 0.000 322.480 8.000
R_1051 -21.845 -1015.709 8.000
A_1052 0.000 185.740 12.000
K_1053 -17.811 -818.649 12.000
Q_1054 -22.253 -643.904 11.000
V_1055 0.000 613.196 11.000
Q_1056 -18.409 -643.904 8.000
P_1057 0.000 -195.996 4.000
L_1058 0.000 679.918 4.000
V_1059 0.000 613.196 0.000
L_1060 0.000 679.918 5.000
L_1061 0.000 679.918 7.000
R_1062 -23.856 -1015.709 9.000
H_1063 -12.518 -583.484 13.000
H_1064 -13.255 -583.484 15.000
Q_1065 -21.132 -643.904 10.000
H_1066 -12.104 -583.484 12.000
F_1067 0.000 560.542 14.000
E_1068 -22.253 -605.239 11.000
E_1069 -22.253 -605.239 11.000
W_1070 -6.542 -203.500 14.000
H_1071 -13.255 -583.484 15.000
S_1072 -17.811 -90.060 12.000
R_1073 -27.076 -1015.709 11.000
W_1074 -6.358 -203.500 13.000
L_1075 0.000 679.918 14.000
E_1076 -24.169 -605.239 13.000
D_1077 -23.258 -475.402 12.000
N_1078 -25.772 -507.047 15.000
V_1079 0.000 613.196 11.000
T_1080 -17.098 -90.974 11.000
V_1081 0.000 613.196 7.000
E_1082 -16.691 -605.239 7.000
A_1083 0.000 185.740 7.000
A_1084 0.000 185.740 7.000
S_1085 -4.441 -90.060 3.000
L_1086 0.000 679.918 7.000
V_1087 0.000 613.196 11.000
Q_1088 -19.866 -643.904 9.000
D_1089 -19.866 -475.402 9.000
W_1090 -5.447 -203.500 9.000
L_1091 0.000 679.918 5.000
M_1092 0.000 401.769 5.000
G_1093 0.000 -27.649 8.000
E_1094 -23.258 -605.239 12.000
E_1095 -26.485 -605.239 16.000
D_1096 -28.912 -475.402 20.000
E_1097 -26.485 -605.239 16.000
D_1098 -23.258 -475.402 12.000
M_1099 0.000 401.769 8.000
V_1100 0.000 613.196 4.000
P_1101 0.000 -195.996 3.000
C_1102 0.000 322.480 6.000
K_1103 -11.867 -818.649 6.000
T_1104 -11.867 -90.974 6.000
L_1105 0.000 679.918 10.000
C_1106 0.000 322.480 10.000
E_1107 -16.691 -605.239 7.000
T_1108 -15.425 -90.974 9.000
V_1109 0.000 613.196 9.000
H_1110 -9.265 -583.484 7.000
V_1111 0.000 613.196 4.000
H_1112 -6.160 -583.484 4.000
G_1113 0.000 -27.649 2.000
L_1114 0.000 679.918 2.000
P_1115 0.000 -195.996 3.000
V_1116 0.000 613.196 8.000
T_1117 -16.309 -90.974 10.000
R_1118 -31.716 -1015.709 15.000
Y_1119 -13.255 -274.939 15.000
R_1120 -32.645 -1015.709 16.000
V_1121 0.000 613.196 13.000
Q_1122 -25.003 -643.904 14.000
Y_1123 -12.900 -274.939 14.000
S_1124 -21.486 -90.060 19.000
R_1125 -31.716 -1015.709 15.000
R_1126 -29.616 -1015.709 13.000
P_1127 0.000 -195.996 13.000
A_1128 0.000 185.740 8.000
S_1129 -4.441 -90.060 3.000
P_1130 0.000 -195.996 3.000
