M_1 0.000 401.769 0.000
G_2 0.000 -27.649 0.000
A_3 0.000 185.740 0.000
I_4 0.000 777.529 0.000
G_5 0.000 -27.649 0.000
L_6 0.000 679.918 1.000
L_7 0.000 679.918 1.000
W_8 -0.000 -203.500 1.000
L_9 0.000 679.918 1.000
L_10 0.000 679.918 1.000
P_11 0.000 -195.996 0.000
L_12 0.000 679.918 0.000
L_13 0.000 679.918 3.000
L_14 0.000 679.918 6.000
S_15 -11.867 -90.060 6.000
T_16 -11.867 -90.974 6.000
A_17 0.000 185.740 6.000
A_18 0.000 185.740 3.000
V_19 0.000 613.196 3.000
G_20 0.000 -27.649 3.000
S_21 -4.441 -90.060 3.000
G_22 0.000 -27.649 3.000
M_23 0.000 401.769 6.000
G_24 0.000 -27.649 3.000
T_25 -13.255 -90.974 7.000
G_26 0.000 -27.649 12.000
Q_27 -23.258 -643.904 12.000
R_28 -23.856 -1015.709 9.000
A_29 0.000 185.740 12.000
G_30 0.000 -27.649 8.000
S_31 -4.441 -90.060 3.000
P_32 0.000 -195.996 3.000
A_33 0.000 185.740 3.000
A_34 0.000 185.740 0.000
G_35 0.000 -27.649 0.000
P_36 0.000 -195.996 0.000
P_37 0.000 -195.996 4.000
L_38 0.000 679.918 4.000
Q_39 -19.866 -643.904 9.000
P_40 0.000 -195.996 13.000
R_41 -29.616 -1015.709 13.000
E_42 -19.866 -605.239 9.000
P_43 0.000 -195.996 12.000
L_44 0.000 679.918 9.000
S_45 -14.420 -90.060 8.000
Y_46 -12.518 -274.939 13.000
S_47 -18.462 -90.060 13.000
R_48 -30.711 -1015.709 14.000
L_49 0.000 679.918 17.000
Q_50 -27.150 -643.904 17.000
R_51 -31.716 -1015.709 15.000
K_52 -19.613 -818.649 15.000
S_53 -17.098 -90.060 11.000
L_54 0.000 679.918 6.000
A_55 0.000 185.740 7.000
V_56 0.000 613.196 4.000
D_57 -7.878 -475.402 4.000
F_58 0.000 560.542 4.000
V_59 0.000 613.196 4.000
V_60 0.000 613.196 3.000
P_61 0.000 -195.996 3.000
S_62 -4.441 -90.060 3.000
L_63 0.000 679.918 8.000
F_64 0.000 560.542 8.000
R_65 -19.414 -1015.709 7.000
V_66 0.000 613.196 7.000
Y_67 -12.104 -274.939 12.000
A_68 0.000 185.740 11.000
R_69 -27.076 -1015.709 11.000
D_70 -19.866 -475.402 9.000
L_71 0.000 679.918 9.000
L_72 0.000 679.918 4.000
L_73 0.000 679.918 0.000
P_74 0.000 -195.996 3.000
P_75 0.000 -195.996 6.000
S_76 -15.425 -90.060 9.000
S_77 -18.462 -90.060 13.000
S_78 -18.462 -90.060 13.000
E_79 -24.169 -605.239 13.000
L_80 0.000 679.918 10.000
K_81 -13.255 -818.649 7.000
A_82 0.000 185.740 8.000
G_83 0.000 -27.649 8.000
R_84 -23.856 -1015.709 9.000
P_85 0.000 -195.996 9.000
E_86 -25.003 -605.239 14.000
A_87 0.000 185.740 9.000
R_88 -28.412 -1015.709 12.000
G_89 0.000 -27.649 8.000
S_90 -14.420 -90.060 8.000
L_91 0.000 679.918 3.000
A_92 0.000 185.740 7.000
L_93 0.000 679.918 4.000
D_94 -7.878 -475.402 4.000
C_95 0.000 322.480 4.000
A_96 0.000 185.740 4.000
P_97 0.000 -195.996 0.000
L_98 0.000 679.918 5.000
L_99 0.000 679.918 5.000
R_100 -11.867 -1015.709 5.000
L_101 0.000 679.918 5.000
L_102 0.000 679.918 5.000
G_103 0.000 -27.649 0.000
P_104 0.000 -195.996 0.000
A_105 0.000 185.740 0.000
P_106 0.000 -195.996 0.000
G_107 0.000 -27.649 3.000
V_108 0.000 613.196 4.000
S_109 -13.255 -90.060 7.000
W_110 -4.824 -203.500 7.000
T_111 -13.255 -90.974 7.000
A_112 0.000 185.740 7.000
G_113 0.000 -27.649 6.000
S_114 -4.441 -90.060 3.000
P_115 0.000 -195.996 3.000
A_116 0.000 185.740 3.000
P_117 0.000 -195.996 4.000
A_118 0.000 185.740 4.000
E_119 -19.866 -605.239 9.000
A_120 0.000 185.740 12.000
R_121 -28.412 -1015.709 12.000
T_122 -17.098 -90.974 11.000
L_123 0.000 679.918 16.000
S_124 -17.098 -90.060 11.000
R_125 -21.845 -1015.709 8.000
V_126 0.000 613.196 11.000
L_127 0.000 679.918 8.000
K_128 -4.441 -818.649 3.000
G_129 0.000 -27.649 6.000
G_130 0.000 -27.649 6.000
S_131 -14.420 -90.060 8.000
V_132 0.000 613.196 11.000
R_133 -27.076 -1015.709 11.000
K_134 -18.462 -818.649 13.000
L_135 0.000 679.918 18.000
R_136 -29.616 -1015.709 13.000
R_137 -29.616 -1015.709 13.000
A_138 0.000 185.740 17.000
K_139 -17.811 -818.649 12.000
Q_140 -16.691 -643.904 7.000
L_141 0.000 679.918 7.000
V_142 0.000 613.196 8.000
L_143 0.000 679.918 4.000
E_144 -7.878 -605.239 4.000
L_145 0.000 679.918 8.000
G_146 0.000 -27.649 12.000
E_147 -18.409 -605.239 8.000
E_148 -18.409 -605.239 8.000
A_149 0.000 185.740 8.000
I_150 0.000 777.529 8.000
L_151 0.000 679.918 4.000
E_152 -7.878 -605.239 4.000
G_153 0.000 -27.649 4.000
C_154 0.000 322.480 4.000
V_155 0.000 613.196 0.000
G_156 0.000 -27.649 0.000
P_157 0.000 -195.996 0.000
P_158 0.000 -195.996 4.000
G_159 0.000 -27.649 4.000
E_160 -7.878 -605.239 4.000
A_161 0.000 185.740 4.000
A_162 0.000 185.740 4.000
V_163 0.000 613.196 0.000
G_164 0.000 -27.649 0.000
L_165 0.000 679.918 4.000
L_166 0.000 679.918 4.000
Q_167 -18.409 -643.904 8.000
F_168 0.000 560.542 8.000
N_169 -22.253 -507.047 11.000
L_170 0.000 679.918 11.000
S_171 -17.098 -90.060 11.000
E_172 -16.691 -605.239 7.000
L_173 0.000 679.918 10.000
F_174 0.000 560.542 8.000
S_175 -10.149 -90.060 5.000
W_176 -3.990 -203.500 5.000
W_177 -5.708 -203.500 10.000
I_178 0.000 777.529 11.000
R_179 -25.574 -1015.709 10.000
Q_180 -24.169 -643.904 13.000
G_181 0.000 -27.649 13.000
E_182 -24.169 -605.239 13.000
G_183 0.000 -27.649 9.000
R_184 -30.711 -1015.709 14.000
L_185 0.000 679.918 10.000
R_186 -31.716 -1015.709 15.000
I_187 0.000 777.529 10.000
R_188 -25.574 -1015.709 10.000
L_189 0.000 679.918 5.000
M_190 0.000 401.769 9.000
P_191 0.000 -195.996 7.000
E_192 -21.132 -605.239 10.000
K_193 -16.309 -818.649 10.000
K_194 -18.462 -818.649 13.000
A_195 0.000 185.740 13.000
S_196 -16.309 -90.060 10.000
E_197 -16.691 -605.239 7.000
V_198 0.000 613.196 12.000
G_199 0.000 -27.649 13.000
R_200 -23.856 -1015.709 9.000
E_201 -25.003 -605.239 14.000
G_202 0.000 -27.649 14.000
R_203 -28.412 -1015.709 12.000
L_204 0.000 679.918 8.000
S_205 -14.420 -90.060 8.000
A_206 0.000 185.740 3.000
A_207 0.000 185.740 8.000
I_208 0.000 777.529 5.000
R_209 -21.845 -1015.709 8.000
A_210 0.000 185.740 12.000
S_211 -17.811 -90.060 12.000
Q_212 -23.258 -643.904 12.000
P_213 0.000 -195.996 12.000
R_214 -23.856 -1015.709 9.000
L_215 0.000 679.918 5.000
L_216 0.000 679.918 9.000
F_217 0.000 560.542 4.000
Q_218 -7.878 -643.904 4.000
I_219 0.000 777.529 4.000
F_220 0.000 560.542 7.000
G_221 0.000 -27.649 3.000
T_222 -10.149 -90.974 5.000
G_223 0.000 -27.649 8.000
H_224 -11.652 -583.484 11.000
S_225 -14.420 -90.060 8.000
S_226 -17.811 -90.060 12.000
L_227 0.000 679.918 13.000
E_228 -21.132 -605.239 10.000
S_229 -16.309 -90.060 10.000
P_230 0.000 -195.996 14.000
T_231 -16.309 -90.974 10.000
N_232 -16.691 -507.047 7.000
M_233 0.000 401.769 10.000
P_234 0.000 -195.996 7.000
S_235 -11.867 -90.060 6.000
P_236 0.000 -195.996 6.000
S_237 -16.309 -90.060 10.000
P_238 0.000 -195.996 9.000
D_239 -19.866 -475.402 9.000
Y_240 -10.601 -274.939 9.000
F_241 0.000 560.542 10.000
T_242 -16.309 -90.974 10.000
W_243 -5.155 -203.500 8.000
N_244 -22.253 -507.047 11.000
L_245 0.000 679.918 9.000
T_246 -14.420 -90.974 8.000
W_247 -3.436 -203.500 4.000
I_248 0.000 777.529 7.000
M_249 0.000 401.769 8.000
K_250 -16.309 -818.649 10.000
D_251 -21.132 -475.402 10.000
S_252 -16.309 -90.060 10.000
F_253 0.000 560.542 7.000
P_254 0.000 -195.996 3.000
F_255 0.000 560.542 3.000
L_256 0.000 679.918 5.000
S_257 -16.309 -90.060 10.000
H_258 -12.518 -583.484 13.000
R_259 -34.315 -1015.709 18.000
S_260 -20.609 -90.060 17.000
R_261 -31.716 -1015.709 15.000
Y_262 -11.154 -274.939 10.000
G_263 0.000 -27.649 11.000
L_264 0.000 679.918 6.000
E_265 -16.691 -605.239 7.000
C_266 0.000 322.480 7.000
S_267 -17.098 -90.060 11.000
F_268 0.000 560.542 7.000
D_269 -16.691 -475.402 7.000
F_270 0.000 560.542 4.000
P_271 0.000 -195.996 8.000
C_272 0.000 322.480 4.000
E_273 -18.409 -605.239 8.000
L_274 0.000 679.918 10.000
E_275 -24.169 -605.239 13.000
Y_276 -10.601 -274.939 9.000
S_277 -15.425 -90.060 9.000
P_278 0.000 -195.996 5.000
P_279 0.000 -195.996 5.000
L_280 0.000 679.918 6.000
H_281 -8.431 -583.484 6.000
D_282 -22.253 -475.402 11.000
L_283 0.000 679.918 15.000
R_284 -33.508 -1015.709 17.000
N_285 -26.485 -507.047 16.000
Q_286 -27.150 -643.904 17.000
S_287 -19.613 -90.060 15.000
W_288 -6.160 -203.500 12.000
S_289 -18.462 -90.060 13.000
W_290 -6.713 -203.500 15.000
R_291 -30.711 -1015.709 14.000
R_292 -27.076 -1015.709 11.000
I_293 0.000 777.529 13.000
P_294 0.000 -195.996 12.000
S_295 -17.098 -90.060 11.000
E_296 -22.253 -605.239 11.000
E_297 -25.003 -605.239 14.000
A_298 0.000 185.740 15.000
S_299 -17.098 -90.060 11.000
Q_300 -22.253 -643.904 11.000
M_301 0.000 401.769 11.000
D_302 -18.409 -475.402 8.000
L_303 0.000 679.918 8.000
L_304 0.000 679.918 8.000
D_305 -7.878 -475.402 4.000
G_306 0.000 -27.649 4.000
P_307 0.000 -195.996 4.000
G_308 0.000 -27.649 4.000
A_309 0.000 185.740 9.000
E_310 -23.258 -605.239 12.000
R_311 -31.716 -1015.709 15.000
S_312 -21.486 -90.060 19.000
K_313 -19.613 -818.649 15.000
E_314 -21.132 -605.239 10.000
M_315 0.000 401.769 12.000
P_316 0.000 -195.996 9.000
R_317 -21.845 -1015.709 8.000
G_318 0.000 -27.649 8.000
S_319 -14.420 -90.060 8.000
F_320 0.000 560.542 3.000
L_321 0.000 679.918 3.000
L_322 0.000 679.918 4.000
L_323 0.000 679.918 7.000
N_324 -21.132 -507.047 10.000
T_325 -16.309 -90.974 10.000
S_326 -19.059 -90.060 14.000
A_327 0.000 185.740 13.000
D_328 -24.169 -475.402 13.000
S_329 -17.811 -90.060 12.000
K_330 -19.613 -818.649 15.000
H_331 -11.652 -583.484 11.000
T_332 -14.420 -90.974 8.000
I_333 0.000 777.529 8.000
L_334 0.000 679.918 6.000
S_335 -7.878 -90.060 4.000
P_336 0.000 -195.996 4.000
W_337 -5.447 -203.500 9.000
M_338 0.000 401.769 9.000
R_339 -28.412 -1015.709 12.000
S_340 -19.059 -90.060 14.000
S_341 -21.060 -90.060 18.000
S_342 -19.613 -90.060 15.000
E_343 -23.258 -605.239 12.000
H_344 -12.104 -583.484 12.000
C_345 0.000 322.480 9.000
T_346 -10.149 -90.974 5.000
L_347 0.000 679.918 3.000
A_348 0.000 185.740 6.000
V_349 0.000 613.196 3.000
S_350 -10.149 -90.060 5.000
V_351 0.000 613.196 10.000
H_352 -12.104 -583.484 12.000
R_353 -23.856 -1015.709 9.000
H_354 -12.518 -583.484 13.000
L_355 0.000 679.918 11.000
Q_356 -19.866 -643.904 9.000
P_357 0.000 -195.996 7.000
S_358 -17.811 -90.060 12.000
G_359 0.000 -27.649 10.000
R_360 -25.574 -1015.709 10.000
Y_361 -9.265 -274.939 7.000
I_362 0.000 777.529 11.000
A_363 0.000 185.740 6.000
Q_364 -7.878 -643.904 4.000
L_365 0.000 679.918 4.000
L_366 0.000 679.918 6.000
P_367 0.000 -195.996 6.000
H_368 -11.154 -583.484 10.000
N_369 -21.132 -507.047 10.000
E_370 -21.132 -605.239 10.000
A_371 0.000 185.740 13.000
A_372 0.000 185.740 13.000
R_373 -23.856 -1015.709 9.000
E_374 -19.866 -605.239 9.000
I_375 0.000 777.529 9.000
L_376 0.000 679.918 4.000
L_377 0.000 679.918 0.000
M_378 0.000 401.769 3.000
P_379 0.000 -195.996 3.000
T_380 -4.441 -90.974 3.000
P_381 0.000 -195.996 6.000
G_382 0.000 -27.649 8.000
K_383 -10.149 -818.649 5.000
H_384 -8.431 -583.484 6.000
G_385 0.000 -27.649 9.000
W_386 -4.441 -203.500 6.000
T_387 -7.878 -90.974 4.000
V_388 0.000 613.196 8.000
L_389 0.000 679.918 7.000
Q_390 -19.866 -643.904 9.000
G_391 0.000 -27.649 9.000
R_392 -23.856 -1015.709 9.000
I_393 0.000 777.529 10.000
G_394 0.000 -27.649 10.000
R_395 -23.856 -1015.709 9.000
P_396 0.000 -195.996 13.000
D_397 -24.169 -475.402 13.000
N_398 -18.409 -507.047 8.000
P_399 0.000 -195.996 13.000
F_400 0.000 560.542 9.000
R_401 -11.867 -1015.709 5.000
V_402 0.000 613.196 5.000
A_403 0.000 185.740 9.000
L_404 0.000 679.918 6.000
E_405 -14.591 -605.239 6.000
Y_406 -10.601 -274.939 9.000
I_407 0.000 777.529 12.000
S_408 -14.420 -90.060 8.000
S_409 -16.309 -90.060 10.000
G_410 0.000 -27.649 15.000
N_411 -25.772 -507.047 15.000
R_412 -28.412 -1015.709 12.000
S_413 -19.613 -90.060 15.000
L_414 0.000 679.918 11.000
S_415 -11.867 -90.060 6.000
A_416 0.000 185.740 7.000
V_417 0.000 613.196 7.000
D_418 -7.878 -475.402 4.000
F_419 0.000 560.542 4.000
F_420 0.000 560.542 4.000
A_421 0.000 185.740 3.000
L_422 0.000 679.918 7.000
K_423 -13.255 -818.649 7.000
N_424 -21.132 -507.047 10.000
C_425 0.000 322.480 14.000
S_426 -17.098 -90.060 11.000
E_427 -21.132 -605.239 10.000
G_428 0.000 -27.649 13.000
T_429 -16.309 -90.974 10.000
S_430 -11.867 -90.060 6.000
P_431 0.000 -195.996 9.000
G_432 0.000 -27.649 9.000
S_433 -11.867 -90.060 6.000
K_434 -11.867 -818.649 6.000
M_435 0.000 401.769 6.000
A_436 0.000 185.740 7.000
L_437 0.000 679.918 7.000
Q_438 -21.132 -643.904 10.000
S_439 -16.309 -90.060 10.000
S_440 -18.462 -90.060 13.000
F_441 0.000 560.542 9.000
T_442 -13.255 -90.974 7.000
C_443 0.000 322.480 8.000
W_444 -5.155 -203.500 8.000
N_445 -18.409 -507.047 8.000
G_446 0.000 -27.649 8.000
T_447 -13.255 -90.974 7.000
V_448 0.000 613.196 7.000
L_449 0.000 679.918 7.000
Q_450 -7.878 -643.904 4.000
L_451 0.000 679.918 8.000
G_452 0.000 -27.649 8.000
Q_453 -7.878 -643.904 4.000
A_454 0.000 185.740 8.000
C_455 0.000 322.480 8.000
D_456 -14.591 -475.402 6.000
F_457 0.000 560.542 10.000
H_458 -12.900 -583.484 14.000
Q_459 -21.132 -643.904 10.000
D_460 -21.132 -475.402 10.000
C_461 0.000 322.480 12.000
A_462 0.000 185.740 8.000
Q_463 -18.409 -643.904 8.000
G_464 0.000 -27.649 12.000
E_465 -26.485 -605.239 16.000
D_466 -25.772 -475.402 15.000
E_467 -28.359 -605.239 19.000
S_468 -19.613 -90.060 15.000
Q_469 -22.253 -643.904 11.000
M_470 0.000 401.769 12.000
C_471 0.000 322.480 12.000
R_472 -21.845 -1015.709 8.000
K_473 -14.420 -818.649 8.000
L_474 0.000 679.918 8.000
P_475 0.000 -195.996 3.000
V_476 0.000 613.196 0.000
G_477 0.000 -27.649 2.000
F_478 0.000 560.542 2.000
Y_479 -8.431 -274.939 6.000
C_480 0.000 322.480 6.000
N_481 -21.132 -507.047 10.000
F_482 0.000 560.542 12.000
E_483 -23.258 -605.239 12.000
D_484 -18.409 -475.402 8.000
G_485 0.000 -27.649 8.000
F_486 0.000 560.542 4.000
C_487 0.000 322.480 1.000
G_488 0.000 -27.649 4.000
W_489 -5.155 -203.500 8.000
T_490 -14.420 -90.974 8.000
Q_491 -22.253 -643.904 11.000
G_492 0.000 -27.649 10.000
T_493 -16.309 -90.974 10.000
L_494 0.000 679.918 6.000
S_495 -14.420 -90.060 8.000
P_496 0.000 -195.996 8.000
H_497 -9.978 -583.484 8.000
T_498 -15.425 -90.974 9.000
P_499 0.000 -195.996 10.000
Q_500 -23.258 -643.904 12.000
W_501 -5.447 -203.500 9.000
Q_502 -25.003 -643.904 14.000
V_503 0.000 613.196 13.000
R_504 -28.412 -1015.709 12.000
T_505 -17.098 -90.974 11.000
L_506 0.000 679.918 15.000
K_507 -16.309 -818.649 10.000
D_508 -23.258 -475.402 12.000
A_509 0.000 185.740 12.000
R_510 -29.616 -1015.709 13.000
F_511 0.000 560.542 13.000
Q_512 -25.772 -643.904 15.000
D_513 -25.003 -475.402 14.000
H_514 -14.188 -583.484 18.000
Q_515 -26.485 -643.904 16.000
D_516 -23.258 -475.402 12.000
H_517 -11.154 -583.484 10.000
A_518 0.000 185.740 6.000
L_519 0.000 679.918 2.000
L_520 0.000 679.918 3.000
L_521 0.000 679.918 6.000
S_522 -15.425 -90.060 9.000
T_523 -18.462 -90.974 13.000
T_524 -18.462 -90.974 13.000
D_525 -21.132 -475.402 10.000
V_526 0.000 613.196 7.000
P_527 0.000 -195.996 7.000
A_528 0.000 185.740 7.000
S_529 -16.309 -90.060 10.000
E_530 -21.132 -605.239 10.000
S_531 -18.462 -90.060 13.000
A_532 0.000 185.740 10.000
T_533 -15.425 -90.974 9.000
V_534 0.000 613.196 9.000
T_535 -15.425 -90.974 9.000
S_536 -15.425 -90.060 9.000
A_537 0.000 185.740 9.000
T_538 -11.867 -90.974 6.000
F_539 0.000 560.542 3.000
P_540 0.000 -195.996 3.000
A_541 0.000 185.740 0.000
P_542 0.000 -195.996 3.000
I_543 0.000 777.529 6.000
K_544 -15.425 -818.649 9.000
S_545 -15.425 -90.060 9.000
S_546 -15.425 -90.060 9.000
P_547 0.000 -195.996 10.000
C_548 0.000 322.480 7.000
E_549 -19.866 -605.239 9.000
L_550 0.000 679.918 9.000
R_551 -28.412 -1015.709 12.000
M_552 0.000 401.769 9.000
S_553 -15.425 -90.060 9.000
W_554 -3.436 -203.500 4.000
L_555 0.000 679.918 9.000
I_556 0.000 777.529 6.000
R_557 -11.867 -1015.709 5.000
G_558 0.000 -27.649 5.000
V_559 0.000 613.196 10.000
L_560 0.000 679.918 5.000
R_561 -23.856 -1015.709 9.000
G_562 0.000 -27.649 9.000
N_563 -23.258 -507.047 12.000
V_564 0.000 613.196 7.000
S_565 -13.255 -90.060 7.000
L_566 0.000 679.918 3.000
V_567 0.000 613.196 3.000
L_568 0.000 679.918 4.000
V_569 0.000 613.196 8.000
E_570 -22.253 -605.239 11.000
N_571 -25.003 -507.047 14.000
K_572 -19.059 -818.649 14.000
T_573 -18.462 -90.974 13.000
G_574 0.000 -27.649 13.000
K_575 -19.059 -818.649 14.000
E_576 -22.253 -605.239 11.000
Q_577 -26.485 -643.904 16.000
G_578 0.000 -27.649 13.000
R_579 -23.856 -1015.709 9.000
M_580 0.000 401.769 6.000
V_581 0.000 613.196 8.000
W_582 -2.723 -203.500 3.000
H_583 -4.441 -583.484 3.000
V_584 0.000 613.196 3.000
A_585 0.000 185.740 4.000
A_586 0.000 185.740 6.000
Y_587 -8.431 -274.939 6.000
E_588 -14.591 -605.239 6.000
G_589 0.000 -27.649 9.000
L_590 0.000 679.918 7.000
S_591 -7.878 -90.060 4.000
L_592 0.000 679.918 8.000
W_593 -5.447 -203.500 9.000
Q_594 -14.591 -643.904 6.000
W_595 -4.441 -203.500 6.000
M_596 0.000 401.769 5.000
V_597 0.000 613.196 1.000
L_598 0.000 679.918 0.000
P_599 0.000 -195.996 0.000
L_600 0.000 679.918 4.000
L_601 0.000 679.918 4.000
D_602 -16.691 -475.402 7.000
V_603 0.000 613.196 11.000
S_604 -20.127 -90.060 16.000
D_605 -23.258 -475.402 12.000
R_606 -29.616 -1015.709 13.000
F_607 0.000 560.542 10.000
W_608 -5.708 -203.500 10.000
L_609 0.000 679.918 5.000
Q_610 -11.867 -643.904 5.000
M_611 0.000 401.769 4.000
V_612 0.000 613.196 5.000
A_613 0.000 185.740 2.000
W_614 -1.718 -203.500 2.000
W_615 -4.441 -203.500 6.000
G_616 0.000 -27.649 6.000
Q_617 -18.409 -643.904 8.000
G_618 0.000 -27.649 12.000
S_619 -17.811 -90.060 12.000
R_620 -21.845 -1015.709 8.000
A_621 0.000 185.740 8.000
I_622 0.000 777.529 5.000
V_623 0.000 613.196 0.000
A_624 0.000 185.740 4.000
F_625 0.000 560.542 8.000
D_626 -18.409 -475.402 8.000
N_627 -22.253 -507.047 11.000
I_628 0.000 777.529 11.000
S_629 -16.309 -90.060 10.000
I_630 0.000 777.529 6.000
S_631 -16.309 -90.060 10.000
L_632 0.000 679.918 7.000
D_633 -19.866 -475.402 9.000
C_634 0.000 322.480 6.000
Y_635 -10.601 -274.939 9.000
L_636 0.000 679.918 5.000
T_637 -14.420 -90.974 8.000
I_638 0.000 777.529 6.000
S_639 -16.309 -90.060 10.000
G_640 0.000 -27.649 11.000
E_641 -25.003 -605.239 14.000
D_642 -22.253 -475.402 11.000
K_643 -17.098 -818.649 11.000
I_644 0.000 777.529 11.000
L_645 0.000 679.918 11.000
Q_646 -22.253 -643.904 11.000
N_647 -22.253 -507.047 11.000
T_648 -17.098 -90.974 11.000
A_649 0.000 185.740 10.000
P_650 0.000 -195.996 9.000
K_651 -17.098 -818.649 11.000
S_652 -19.613 -90.060 15.000
R_653 -31.716 -1015.709 15.000
N_654 -23.258 -507.047 12.000
L_655 0.000 679.918 13.000
F_656 0.000 560.542 13.000
E_657 -24.169 -605.239 13.000
R_658 -29.616 -1015.709 13.000
N_659 -27.150 -507.047 17.000
P_660 0.000 -195.996 16.000
N_661 -25.772 -507.047 15.000
K_662 -17.098 -818.649 11.000
E_663 -25.003 -605.239 14.000
L_664 0.000 679.918 10.000
K_665 -13.255 -818.649 7.000
P_666 0.000 -195.996 7.000
G_667 0.000 -27.649 11.000
E_668 -22.253 -605.239 11.000
N_669 -22.253 -507.047 11.000
S_670 -20.127 -90.060 16.000
P_671 0.000 -195.996 16.000
R_672 -31.716 -1015.709 15.000
Q_673 -23.258 -643.904 12.000
T_674 -17.811 -90.974 12.000
P_675 0.000 -195.996 7.000
I_676 0.000 777.529 7.000
F_677 0.000 560.542 4.000
D_678 -16.691 -475.402 7.000
P_679 0.000 -195.996 7.000
T_680 -15.425 -90.974 9.000
V_681 0.000 613.196 6.000
H_682 -8.431 -583.484 6.000
W_683 -2.723 -203.500 3.000
L_684 0.000 679.918 6.000
F_685 0.000 560.542 7.000
T_686 -11.867 -90.974 6.000
T_687 -11.867 -90.974 6.000
C_688 0.000 322.480 6.000
G_689 0.000 -27.649 6.000
A_690 0.000 185.740 3.000
S_691 -4.441 -90.060 3.000
G_692 0.000 -27.649 5.000
P_693 0.000 -195.996 5.000
H_694 -1.718 -583.484 2.000
G_695 0.000 -27.649 5.000
P_696 0.000 -195.996 9.000
T_697 -13.255 -90.974 7.000
Q_698 -22.253 -643.904 11.000
A_699 0.000 185.740 11.000
Q_700 -23.258 -643.904 12.000
C_701 0.000 322.480 12.000
N_702 -23.258 -507.047 12.000
N_703 -21.132 -507.047 10.000
A_704 0.000 185.740 14.000
Y_705 -12.900 -274.939 14.000
Q_706 -24.169 -643.904 13.000
N_707 -27.150 -507.047 17.000
S_708 -19.613 -90.060 15.000
N_709 -25.003 -507.047 14.000
L_710 0.000 679.918 10.000
S_711 -17.098 -90.060 11.000
V_712 0.000 613.196 7.000
E_713 -16.691 -605.239 7.000
V_714 0.000 613.196 7.000
G_715 0.000 -27.649 11.000
S_716 -13.255 -90.060 7.000
E_717 -16.691 -605.239 7.000
G_718 0.000 -27.649 7.000
P_719 0.000 -195.996 7.000
L_720 0.000 679.918 3.000
K_721 -4.441 -818.649 3.000
G_722 0.000 -27.649 7.000
I_723 0.000 777.529 7.000
Q_724 -11.867 -643.904 5.000
I_725 0.000 777.529 8.000
W_726 -5.155 -203.500 8.000
K_727 -7.878 -818.649 4.000
V_728 0.000 613.196 4.000
P_729 0.000 -195.996 6.000
A_730 0.000 185.740 7.000
T_731 -16.309 -90.974 10.000
D_732 -23.258 -475.402 12.000
T_733 -19.613 -90.974 15.000
Y_734 -12.104 -274.939 12.000
S_735 -17.098 -90.060 11.000
I_736 0.000 777.529 8.000
S_737 -14.420 -90.060 8.000
G_738 0.000 -27.649 5.000
Y_739 -7.426 -274.939 5.000
G_740 0.000 -27.649 2.000
A_741 0.000 185.740 2.000
A_742 0.000 185.740 0.000
G_743 0.000 -27.649 3.000
G_744 0.000 -27.649 3.000
K_745 -4.441 -818.649 3.000
G_746 0.000 -27.649 6.000
G_747 0.000 -27.649 10.000
K_748 -16.309 -818.649 10.000
N_749 -21.132 -507.047 10.000
T_750 -16.309 -90.974 10.000
M_751 0.000 401.769 12.000
M_752 0.000 401.769 11.000
R_753 -25.574 -1015.709 10.000
S_754 -16.309 -90.060 10.000
H_755 -11.154 -583.484 10.000
G_756 0.000 -27.649 8.000
V_757 0.000 613.196 5.000
S_758 -4.441 -90.060 3.000
V_759 0.000 613.196 3.000
L_760 0.000 679.918 3.000
G_761 0.000 -27.649 0.000
I_762 0.000 777.529 4.000
F_763 0.000 560.542 4.000
N_764 -18.409 -507.047 8.000
L_765 0.000 679.918 11.000
E_766 -25.772 -605.239 15.000
K_767 -19.613 -818.649 15.000
D_768 -25.772 -475.402 15.000
D_769 -22.253 -475.402 11.000
M_770 0.000 401.769 10.000
L_771 0.000 679.918 6.000
Y_772 -1.718 -274.939 2.000
I_773 0.000 777.529 2.000
L_774 0.000 679.918 2.000
V_775 0.000 613.196 4.000
G_776 0.000 -27.649 8.000
Q_777 -18.409 -643.904 8.000
Q_778 -23.258 -643.904 12.000
G_779 0.000 -27.649 16.000
E_780 -23.258 -605.239 12.000
D_781 -18.409 -475.402 8.000
A_782 0.000 185.740 8.000
C_783 0.000 322.480 7.000
P_784 0.000 -195.996 6.000
S_785 -16.309 -90.060 10.000
T_786 -19.059 -90.974 14.000
N_787 -25.003 -507.047 14.000
Q_788 -22.253 -643.904 11.000
L_789 0.000 679.918 12.000
I_790 0.000 777.529 11.000
Q_791 -16.691 -643.904 7.000
K_792 -13.255 -818.649 7.000
V_793 0.000 613.196 7.000
C_794 0.000 322.480 3.000
I_795 0.000 777.529 4.000
G_796 0.000 -27.649 8.000
E_797 -23.258 -605.239 12.000
N_798 -23.258 -507.047 12.000
N_799 -23.258 -507.047 12.000
V_800 0.000 613.196 12.000
I_801 0.000 777.529 12.000
E_802 -23.258 -605.239 12.000
E_803 -23.258 -605.239 12.000
E_804 -27.150 -605.239 17.000
I_805 0.000 777.529 13.000
R_806 -29.616 -1015.709 13.000
V_807 0.000 613.196 14.000
N_808 -27.150 -507.047 17.000
R_809 -28.412 -1015.709 12.000
S_810 -19.059 -90.060 14.000
V_811 0.000 613.196 14.000
H_812 -11.154 -583.484 10.000
E_813 -16.691 -605.239 7.000
W_814 -4.824 -203.500 7.000
A_815 0.000 185.740 5.000
G_816 0.000 -27.649 1.000
G_817 0.000 -27.649 0.000
G_818 0.000 -27.649 0.000
G_819 0.000 -27.649 0.000
G_820 0.000 -27.649 0.000
G_821 0.000 -27.649 0.000
G_822 0.000 -27.649 0.000
G_823 0.000 -27.649 3.000
A_824 0.000 185.740 5.000
T_825 -10.149 -90.974 5.000
Y_826 -7.426 -274.939 5.000
V_827 0.000 613.196 8.000
F_828 0.000 560.542 5.000
K_829 -11.867 -818.649 6.000
M_830 0.000 401.769 10.000
K_831 -16.309 -818.649 10.000
D_832 -16.691 -475.402 7.000
G_833 0.000 -27.649 7.000
V_834 0.000 613.196 4.000
P_835 0.000 -195.996 0.000
V_836 0.000 613.196 0.000
P_837 0.000 -195.996 0.000
L_838 0.000 679.918 0.000
I_839 0.000 777.529 0.000
I_840 0.000 777.529 0.000
A_841 0.000 185.740 0.000
A_842 0.000 185.740 0.000
G_843 0.000 -27.649 0.000
G_844 0.000 -27.649 0.000
G_845 0.000 -27.649 5.000
G_846 0.000 -27.649 5.000
R_847 -19.414 -1015.709 7.000
A_848 0.000 185.740 7.000
Y_849 -9.265 -274.939 7.000
G_850 0.000 -27.649 5.000
A_851 0.000 185.740 8.000
K_852 -16.309 -818.649 10.000
T_853 -18.462 -90.974 13.000
D_854 -24.169 -475.402 13.000
T_855 -17.811 -90.974 12.000
F_856 0.000 560.542 9.000
H_857 -10.601 -583.484 9.000
P_858 0.000 -195.996 11.000
E_859 -22.253 -605.239 11.000
R_860 -29.616 -1015.709 13.000
L_861 0.000 679.918 17.000
E_862 -27.150 -605.239 17.000
N_863 -25.772 -507.047 15.000
N_864 -27.773 -507.047 18.000
S_865 -19.059 -90.060 14.000
S_866 -16.309 -90.060 10.000
V_867 0.000 613.196 6.000
L_868 0.000 679.918 3.000
G_869 0.000 -27.649 4.000
L_870 0.000 679.918 4.000
N_871 -18.409 -507.047 8.000
G_872 0.000 -27.649 11.000
N_873 -22.253 -507.047 11.000
S_874 -13.255 -90.060 7.000
G_875 0.000 -27.649 7.000
A_876 0.000 185.740 3.000
A_877 0.000 185.740 0.000
G_878 0.000 -27.649 0.000
G_879 0.000 -27.649 0.000
G_880 0.000 -27.649 0.000
G_881 0.000 -27.649 1.000
G_882 0.000 -27.649 5.000
W_883 -5.447 -203.500 9.000
N_884 -24.169 -507.047 13.000
D_885 -26.485 -475.402 16.000
N_886 -27.773 -507.047 18.000
T_887 -19.059 -90.974 14.000
S_888 -16.309 -90.060 10.000
L_889 0.000 679.918 7.000
L_890 0.000 679.918 4.000
W_891 -0.000 -203.500 1.000
A_892 0.000 185.740 4.000
G_893 0.000 -27.649 7.000
K_894 -11.867 -818.649 6.000
S_895 -16.309 -90.060 10.000
L_896 0.000 679.918 14.000
Q_897 -22.253 -643.904 11.000
E_898 -18.409 -605.239 8.000
G_899 0.000 -27.649 11.000
A_900 0.000 185.740 7.000
T_901 -4.441 -90.974 3.000
G_902 0.000 -27.649 5.000
G_903 0.000 -27.649 8.000
H_904 -7.426 -583.484 5.000
S_905 -10.149 -90.060 5.000
C_906 0.000 322.480 9.000
P_907 0.000 -195.996 7.000
Q_908 -7.878 -643.904 4.000
A_909 0.000 185.740 7.000
M_910 0.000 401.769 10.000
K_911 -13.255 -818.649 7.000
K_912 -13.255 -818.649 7.000
W_913 -5.155 -203.500 8.000
G_914 0.000 -27.649 9.000
W_915 -5.447 -203.500 9.000
E_916 -24.169 -605.239 13.000
T_917 -18.462 -90.974 13.000
R_918 -28.412 -1015.709 12.000
G_919 0.000 -27.649 8.000
G_920 0.000 -27.649 5.000
F_921 0.000 560.542 0.000
G_922 0.000 -27.649 0.000
G_923 0.000 -27.649 0.000
G_924 0.000 -27.649 0.000
G_925 0.000 -27.649 0.000
G_926 0.000 -27.649 0.000
G_927 0.000 -27.649 3.000
C_928 0.000 322.480 6.000
S_929 -11.867 -90.060 6.000
S_930 -11.867 -90.060 6.000
G_931 0.000 -27.649 6.000
G_932 0.000 -27.649 3.000
G_933 0.000 -27.649 0.000
G_934 0.000 -27.649 0.000
G_935 0.000 -27.649 2.000
G_936 0.000 -27.649 2.000
Y_937 -1.718 -274.939 2.000
I_938 0.000 777.529 2.000
G_939 0.000 -27.649 6.000
G_940 0.000 -27.649 4.000
N_941 -7.878 -507.047 4.000
A_942 0.000 185.740 7.000
A_943 0.000 185.740 11.000
S_944 -17.098 -90.060 11.000
N_945 -25.772 -507.047 15.000
N_946 -25.772 -507.047 15.000
D_947 -26.485 -475.402 16.000
P_948 0.000 -195.996 12.000
E_949 -23.258 -605.239 12.000
M_950 0.000 401.769 8.000
D_951 -23.258 -475.402 12.000
G_952 0.000 -27.649 12.000
E_953 -23.258 -605.239 12.000
D_954 -18.409 -475.402 8.000
G_955 0.000 -27.649 11.000
V_956 0.000 613.196 7.000
S_957 -4.441 -90.060 3.000
F_958 0.000 560.542 6.000
I_959 0.000 777.529 6.000
S_960 -4.441 -90.060 3.000
P_961 0.000 -195.996 3.000
L_962 0.000 679.918 3.000
G_963 0.000 -27.649 0.000
I_964 0.000 777.529 2.000
L_965 0.000 679.918 5.000
Y_966 -7.426 -274.939 5.000
T_967 -10.149 -90.974 5.000
P_968 0.000 -195.996 5.000
A_969 0.000 185.740 6.000
L_970 0.000 679.918 3.000
K_971 -4.441 -818.649 3.000
V_972 0.000 613.196 7.000
M_973 0.000 401.769 7.000
E_974 -14.591 -605.239 6.000
G_975 0.000 -27.649 6.000
H_976 -11.154 -583.484 10.000
G_977 0.000 -27.649 6.000
E_978 -21.132 -605.239 10.000
V_979 0.000 613.196 8.000
N_980 -22.253 -507.047 11.000
I_981 0.000 777.529 9.000
K_982 -17.098 -818.649 11.000
H_983 -9.265 -583.484 7.000
Y_984 -11.652 -274.939 11.000
L_985 0.000 679.918 8.000
N_986 -19.866 -507.047 9.000
C_987 0.000 322.480 9.000
S_988 -15.425 -90.060 9.000
H_989 -10.601 -583.484 9.000
C_990 0.000 322.480 9.000
E_991 -21.132 -605.239 10.000
V_992 0.000 613.196 12.000
D_993 -23.258 -475.402 12.000
E_994 -21.132 -605.239 10.000
C_995 0.000 322.480 10.000
H_996 -11.154 -583.484 10.000
M_997 0.000 401.769 6.000
D_998 -21.132 -475.402 10.000
P_999 0.000 -195.996 11.000
E_1000 -24.169 -605.239 13.000
S_1001 -17.811 -90.060 12.000
H_1002 -12.104 -583.484 12.000
K_1003 -14.420 -818.649 8.000
V_1004 0.000 613.196 5.000
I_1005 0.000 777.529 3.000
C_1006 0.000 322.480 0.000
F_1007 0.000 560.542 4.000
C_1008 0.000 322.480 6.000
D_1009 -14.591 -475.402 6.000
H_1010 -10.601 -583.484 9.000
G_1011 0.000 -27.649 9.000
T_1012 -10.149 -90.974 5.000
V_1013 0.000 613.196 3.000
L_1014 0.000 679.918 7.000
A_1015 0.000 185.740 8.000
E_1016 -18.409 -605.239 8.000
D_1017 -18.409 -475.402 8.000
G_1018 0.000 -27.649 11.000
V_1019 0.000 613.196 7.000
S_1020 -4.441 -90.060 3.000
C_1021 0.000 322.480 3.000
I_1022 0.000 777.529 6.000
V_1023 0.000 613.196 3.000
S_1024 -11.867 -90.060 6.000
P_1025 0.000 -195.996 6.000
T_1026 -16.309 -90.974 10.000
P_1027 0.000 -195.996 7.000
E_1028 -19.866 -605.239 9.000
P_1029 0.000 -195.996 6.000
H_1030 -8.431 -583.484 6.000
L_1031 0.000 679.918 2.000
P_1032 0.000 -195.996 5.000
L_1033 0.000 679.918 3.000
S_1034 -4.441 -90.060 3.000
L_1035 0.000 679.918 3.000
I_1036 0.000 777.529 6.000
L_1037 0.000 679.918 3.000
S_1038 -4.441 -90.060 3.000
V_1039 0.000 613.196 6.000
V_1040 0.000 613.196 9.000
T_1041 -11.867 -90.974 6.000
S_1042 -11.867 -90.060 6.000
A_1043 0.000 185.740 6.000
L_1044 0.000 679.918 3.000
V_1045 0.000 613.196 0.000
A_1046 0.000 185.740 0.000
A_1047 0.000 185.740 0.000
L_1048 0.000 679.918 0.000
V_1049 0.000 613.196 0.000
L_1050 0.000 679.918 0.000
A_1051 0.000 185.740 3.000
F_1052 0.000 560.542 3.000
S_1053 -4.441 -90.060 3.000
G_1054 0.000 -27.649 3.000
I_1055 0.000 777.529 3.000
M_1056 0.000 401.769 0.000
I_1057 0.000 777.529 2.000
V_1058 0.000 613.196 7.000
Y_1059 -12.104 -274.939 12.000
R_1060 -31.716 -1015.709 15.000
R_1061 -33.508 -1015.709 17.000
K_1062 -21.486 -818.649 19.000
H_1063 -14.188 -583.484 18.000
Q_1064 -24.169 -643.904 13.000
E_1065 -25.003 -605.239 14.000
L_1066 0.000 679.918 12.000
Q_1067 -18.409 -643.904 8.000
A_1068 0.000 185.740 8.000
M_1069 0.000 401.769 8.000
Q_1070 -18.409 -643.904 8.000
M_1071 0.000 401.769 8.000
E_1072 -23.258 -605.239 12.000
L_1073 0.000 679.918 11.000
Q_1074 -22.253 -643.904 11.000
S_1075 -17.098 -90.060 11.000
P_1076 0.000 -195.996 13.000
E_1077 -23.258 -605.239 12.000
Y_1078 -10.601 -274.939 9.000
K_1079 -17.811 -818.649 12.000
L_1080 0.000 679.918 11.000
S_1081 -15.425 -90.060 9.000
K_1082 -17.098 -818.649 11.000
L_1083 0.000 679.918 14.000
R_1084 -30.711 -1015.709 14.000
T_1085 -19.059 -90.974 14.000
S_1086 -19.059 -90.060 14.000
T_1087 -15.425 -90.974 9.000
I_1088 0.000 777.529 9.000
M_1089 0.000 401.769 10.000
T_1090 -15.425 -90.974 9.000
D_1091 -24.169 -475.402 13.000
Y_1092 -12.518 -274.939 13.000
N_1093 -25.003 -507.047 14.000
P_1094 0.000 -195.996 12.000
N_1095 -21.132 -507.047 10.000
Y_1096 -8.431 -274.939 6.000
C_1097 0.000 322.480 6.000
F_1098 0.000 560.542 2.000
A_1099 0.000 185.740 3.000
G_1100 0.000 -27.649 6.000
K_1101 -15.425 -818.649 9.000
T_1102 -17.811 -90.974 12.000
S_1103 -17.811 -90.060 12.000
S_1104 -17.811 -90.060 12.000
I_1105 0.000 777.529 13.000
S_1106 -16.309 -90.060 10.000
D_1107 -21.132 -475.402 10.000
L_1108 0.000 679.918 14.000
K_1109 -17.098 -818.649 11.000
E_1110 -16.691 -605.239 7.000
V_1111 0.000 613.196 12.000
P_1112 0.000 -195.996 12.000
R_1113 -28.412 -1015.709 12.000
K_1114 -17.811 -818.649 12.000
N_1115 -25.772 -507.047 15.000
I_1116 0.000 777.529 10.000
T_1117 -13.255 -90.974 7.000
L_1118 0.000 679.918 8.000
I_1119 0.000 777.529 8.000
R_1120 -11.867 -1015.709 5.000
G_1121 0.000 -27.649 5.000
L_1122 0.000 679.918 7.000
G_1123 0.000 -27.649 2.000
H_1124 -1.718 -583.484 2.000
G_1125 0.000 -27.649 2.000
A_1126 0.000 185.740 2.000
F_1127 0.000 560.542 4.000
G_1128 0.000 -27.649 4.000
E_1129 -14.591 -605.239 6.000
V_1130 0.000 613.196 10.000
Y_1131 -11.154 -274.939 10.000
E_1132 -21.132 -605.239 10.000
G_1133 0.000 -27.649 10.000
Q_1134 -22.253 -643.904 11.000
V_1135 0.000 613.196 7.000
S_1136 -13.255 -90.060 7.000
G_1137 0.000 -27.649 3.000
M_1138 0.000 401.769 7.000
P_1139 0.000 -195.996 8.000
N_1140 -18.409 -507.047 8.000
D_1141 -22.253 -475.402 11.000
P_1142 0.000 -195.996 11.000
S_1143 -13.255 -90.060 7.000
P_1144 0.000 -195.996 7.000
L_1145 0.000 679.918 7.000
Q_1146 -7.878 -643.904 4.000
V_1147 0.000 613.196 4.000
A_1148 0.000 185.740 7.000
V_1149 0.000 613.196 6.000
K_1150 -11.867 -818.649 6.000
T_1151 -11.867 -90.974 6.000
L_1152 0.000 679.918 10.000
P_1153 0.000 -195.996 7.000
E_1154 -7.878 -605.239 4.000
V_1155 0.000 613.196 7.000
C_1156 0.000 322.480 11.000
S_1157 -17.098 -90.060 11.000
E_1158 -25.772 -605.239 15.000
Q_1159 -28.359 -643.904 19.000
D_1160 -26.485 -475.402 16.000
E_1161 -26.485 -605.239 16.000
L_1162 0.000 679.918 12.000
D_1163 -18.409 -475.402 8.000
F_1164 0.000 560.542 4.000
L_1165 0.000 679.918 8.000
M_1166 0.000 401.769 4.000
E_1167 -7.878 -605.239 4.000
A_1168 0.000 185.740 4.000
L_1169 0.000 679.918 4.000
I_1170 0.000 777.529 3.000
I_1171 0.000 777.529 6.000
S_1172 -11.867 -90.060 6.000
K_1173 -16.309 -818.649 10.000
F_1174 0.000 560.542 12.000
N_1175 -24.169 -507.047 13.000
H_1176 -12.900 -583.484 14.000
Q_1177 -25.003 -643.904 14.000
N_1178 -21.132 -507.047 10.000
I_1179 0.000 777.529 13.000
V_1180 0.000 613.196 9.000
R_1181 -11.867 -1015.709 5.000
C_1182 0.000 322.480 5.000
I_1183 0.000 777.529 5.000
G_1184 0.000 -27.649 3.000
V_1185 0.000 613.196 3.000
S_1186 -13.255 -90.060 7.000
L_1187 0.000 679.918 10.000
Q_1188 -21.132 -643.904 10.000
S_1189 -13.255 -90.060 7.000
L_1190 0.000 679.918 12.000
P_1191 0.000 -195.996 8.000
R_1192 -11.867 -1015.709 5.000
F_1193 0.000 560.542 5.000
I_1194 0.000 777.529 5.000
L_1195 0.000 679.918 4.000
L_1196 0.000 679.918 4.000
E_1197 -7.878 -605.239 4.000
L_1198 0.000 679.918 4.000
M_1199 0.000 401.769 4.000
A_1200 0.000 185.740 0.000
G_1201 0.000 -27.649 4.000
G_1202 0.000 -27.649 4.000
D_1203 -16.691 -475.402 7.000
L_1204 0.000 679.918 10.000
K_1205 -16.309 -818.649 10.000
S_1206 -11.867 -90.060 6.000
F_1207 0.000 560.542 11.000
L_1208 0.000 679.918 12.000
R_1209 -28.412 -1015.709 12.000
E_1210 -27.150 -605.239 17.000
T_1211 -20.609 -90.974 17.000
R_1212 -33.508 -1015.709 17.000
P_1213 0.000 -195.996 13.000
R_1214 -29.616 -1015.709 13.000
P_1215 0.000 -195.996 12.000
S_1216 -17.811 -90.060 12.000
Q_1217 -21.132 -643.904 10.000
P_1218 0.000 -195.996 13.000
S_1219 -16.309 -90.060 10.000
S_1220 -11.867 -90.060 6.000
L_1221 0.000 679.918 6.000
A_1222 0.000 185.740 3.000
M_1223 0.000 401.769 4.000
L_1224 0.000 679.918 4.000
D_1225 -7.878 -475.402 4.000
L_1226 0.000 679.918 6.000
L_1227 0.000 679.918 6.000
H_1228 -1.718 -583.484 2.000
V_1229 0.000 613.196 7.000
A_1230 0.000 185.740 11.000
R_1231 -23.856 -1015.709 9.000
D_1232 -19.866 -475.402 9.000
I_1233 0.000 777.529 9.000
A_1234 0.000 185.740 4.000
C_1235 0.000 322.480 0.000
G_1236 0.000 -27.649 4.000
C_1237 0.000 322.480 6.000
Q_1238 -14.591 -643.904 6.000
Y_1239 -11.154 -274.939 10.000
L_1240 0.000 679.918 14.000
E_1241 -25.003 -605.239 14.000
E_1242 -25.003 -605.239 14.000
N_1243 -25.003 -507.047 14.000
H_1244 -11.154 -583.484 10.000
F_1245 0.000 560.542 8.000
I_1246 0.000 777.529 9.000
H_1247 -11.652 -583.484 11.000
R_1248 -27.076 -1015.709 11.000
D_1249 -22.253 -475.402 11.000
I_1250 0.000 777.529 9.000
A_1251 0.000 185.740 9.000
A_1252 0.000 185.740 9.000
R_1253 -23.856 -1015.709 9.000
N_1254 -19.866 -507.047 9.000
C_1255 0.000 322.480 9.000
L_1256 0.000 679.918 7.000
L_1257 0.000 679.918 3.000
T_1258 -4.441 -90.974 3.000
C_1259 0.000 322.480 3.000
P_1260 0.000 -195.996 3.000
G_1261 0.000 -27.649 0.000
P_1262 0.000 -195.996 5.000
G_1263 0.000 -27.649 5.000
R_1264 -11.867 -1015.709 5.000
V_1265 0.000 613.196 8.000
A_1266 0.000 185.740 8.000
K_1267 -4.441 -818.649 3.000
I_1268 0.000 777.529 7.000
G_1269 0.000 -27.649 7.000
D_1270 -7.878 -475.402 4.000
F_1271 0.000 560.542 4.000
G_1272 0.000 -27.649 4.000
M_1273 0.000 401.769 5.000
A_1274 0.000 185.740 9.000
R_1275 -23.856 -1015.709 9.000
D_1276 -22.253 -475.402 11.000
I_1277 0.000 777.529 16.000
Y_1278 -11.652 -274.939 11.000
R_1279 -25.574 -1015.709 10.000
A_1280 0.000 185.740 12.000
S_1281 -17.811 -90.060 12.000
Y_1282 -12.104 -274.939 12.000
Y_1283 -13.255 -274.939 15.000
R_1284 -28.412 -1015.709 12.000
K_1285 -16.309 -818.649 10.000
G_1286 0.000 -27.649 8.000
G_1287 0.000 -27.649 3.000
C_1288 0.000 322.480 0.000
A_1289 0.000 185.740 0.000
M_1290 0.000 401.769 0.000
L_1291 0.000 679.918 0.000
P_1292 0.000 -195.996 3.000
V_1293 0.000 613.196 4.000
K_1294 -7.878 -818.649 4.000
W_1295 -3.436 -203.500 4.000
M_1296 0.000 401.769 4.000
P_1297 0.000 -195.996 5.000
P_1298 0.000 -195.996 4.000
E_1299 -7.878 -605.239 4.000
A_1300 0.000 185.740 4.000
F_1301 0.000 560.542 8.000
M_1302 0.000 401.769 4.000
E_1303 -7.878 -605.239 4.000
G_1304 0.000 -27.649 4.000
I_1305 0.000 777.529 7.000
F_1306 0.000 560.542 6.000
T_1307 -15.425 -90.974 9.000
S_1308 -17.811 -90.060 12.000
K_1309 -20.127 -818.649 16.000
T_1310 -20.127 -90.974 16.000
D_1311 -25.003 -475.402 14.000
T_1312 -19.059 -90.974 14.000
W_1313 -5.944 -203.500 11.000
S_1314 -13.255 -90.060 7.000
F_1315 0.000 560.542 4.000
G_1316 0.000 -27.649 3.000
V_1317 0.000 613.196 0.000
L_1318 0.000 679.918 1.000
L_1319 0.000 679.918 5.000
W_1320 -3.990 -203.500 5.000
E_1321 -11.867 -605.239 5.000
I_1322 0.000 777.529 8.000
F_1323 0.000 560.542 7.000
S_1324 -4.441 -90.060 3.000
L_1325 0.000 679.918 5.000
G_1326 0.000 -27.649 5.000
Y_1327 -1.718 -274.939 2.000
M_1328 0.000 401.769 4.000
P_1329 0.000 -195.996 4.000
Y_1330 -7.426 -274.939 5.000
P_1331 0.000 -195.996 8.000
S_1332 -17.098 -90.060 11.000
K_1333 -18.462 -818.649 13.000
S_1334 -20.609 -90.060 17.000
N_1335 -27.773 -507.047 18.000
Q_1336 -25.772 -643.904 15.000
E_1337 -23.258 -605.239 12.000
V_1338 0.000 613.196 12.000
L_1339 0.000 679.918 8.000
E_1340 -7.878 -605.239 4.000
F_1341 0.000 560.542 7.000
V_1342 0.000 613.196 10.000
T_1343 -11.867 -90.974 6.000
S_1344 -11.867 -90.060 6.000
G_1345 0.000 -27.649 11.000
G_1346 0.000 -27.649 8.000
R_1347 -23.856 -1015.709 9.000
M_1348 0.000 401.769 9.000
D_1349 -19.866 -475.402 9.000
P_1350 0.000 -195.996 7.000
P_1351 0.000 -195.996 11.000
K_1352 -13.255 -818.649 7.000
N_1353 -16.691 -507.047 7.000
C_1354 0.000 322.480 7.000
P_1355 0.000 -195.996 4.000
G_1356 0.000 -27.649 0.000
P_1357 0.000 -195.996 2.000
V_1358 0.000 613.196 7.000
Y_1359 -9.265 -274.939 7.000
R_1360 -19.414 -1015.709 7.000
I_1361 0.000 777.529 10.000
M_1362 0.000 401.769 12.000
T_1363 -13.255 -90.974 7.000
Q_1364 -18.409 -643.904 8.000
C_1365 0.000 322.480 12.000
W_1366 -5.944 -203.500 11.000
Q_1367 -22.253 -643.904 11.000
H_1368 -11.652 -583.484 11.000
Q_1369 -25.003 -643.904 14.000
P_1370 0.000 -195.996 14.000
E_1371 -27.150 -605.239 17.000
D_1372 -24.169 -475.402 13.000
R_1373 -33.508 -1015.709 17.000
P_1374 0.000 -195.996 13.000
N_1375 -19.866 -507.047 9.000
F_1376 0.000 560.542 4.000
A_1377 0.000 185.740 4.000
I_1378 0.000 777.529 0.000
I_1379 0.000 777.529 4.000
L_1380 0.000 679.918 9.000
E_1381 -19.866 -605.239 9.000
R_1382 -29.616 -1015.709 13.000
I_1383 0.000 777.529 15.000
E_1384 -22.253 -605.239 11.000
Y_1385 -10.601 -274.939 9.000
C_1386 0.000 322.480 13.000
T_1387 -18.462 -90.974 13.000
Q_1388 -22.253 -643.904 11.000
D_1389 -25.772 -475.402 15.000
P_1390 0.000 -195.996 12.000
D_1391 -18.409 -475.402 8.000
V_1392 0.000 613.196 8.000
I_1393 0.000 777.529 11.000
N_1394 -16.691 -507.047 7.000
T_1395 -13.255 -90.974 7.000
A_1396 0.000 185.740 7.000
L_1397 0.000 679.918 3.000
P_1398 0.000 -195.996 4.000
I_1399 0.000 777.529 6.000
E_1400 -14.591 -605.239 6.000
Y_1401 -8.431 -274.939 6.000
G_1402 0.000 -27.649 6.000
P_1403 0.000 -195.996 2.000
L_1404 0.000 679.918 4.000
V_1405 0.000 613.196 8.000
E_1406 -23.258 -605.239 12.000
E_1407 -26.485 -605.239 16.000
E_1408 -28.359 -605.239 19.000
E_1409 -25.772 -605.239 15.000
K_1410 -17.098 -818.649 11.000
V_1411 0.000 613.196 7.000
P_1412 0.000 -195.996 8.000
V_1413 0.000 613.196 5.000
R_1414 -21.845 -1015.709 8.000
P_1415 0.000 -195.996 12.000
K_1416 -17.811 -818.649 12.000
D_1417 -22.253 -475.402 11.000
P_1418 0.000 -195.996 11.000
E_1419 -18.409 -605.239 8.000
G_1420 0.000 -27.649 4.000
V_1421 0.000 613.196 4.000
P_1422 0.000 -195.996 0.000
P_1423 0.000 -195.996 0.000
L_1424 0.000 679.918 0.000
L_1425 0.000 679.918 3.000
V_1426 0.000 613.196 7.000
S_1427 -17.098 -90.060 11.000
Q_1428 -22.253 -643.904 11.000
Q_1429 -25.003 -643.904 14.000
A_1430 0.000 185.740 16.000
K_1431 -20.127 -818.649 16.000
R_1432 -32.645 -1015.709 16.000
E_1433 -28.912 -605.239 20.000
E_1434 -29.934 -605.239 22.000
E_1435 -28.912 -605.239 20.000
R_1436 -32.645 -1015.709 16.000
S_1437 -17.811 -90.060 12.000
P_1438 0.000 -195.996 8.000
A_1439 0.000 185.740 3.000
A_1440 0.000 185.740 0.000
P_1441 0.000 -195.996 0.000
P_1442 0.000 -195.996 0.000
P_1443 0.000 -195.996 0.000
L_1444 0.000 679.918 3.000
P_1445 0.000 -195.996 6.000
T_1446 -15.425 -90.974 9.000
T_1447 -17.811 -90.974 12.000
S_1448 -17.811 -90.060 12.000
S_1449 -17.811 -90.060 12.000
G_1450 0.000 -27.649 9.000
K_1451 -11.867 -818.649 6.000
A_1452 0.000 185.740 6.000
A_1453 0.000 185.740 9.000
K_1454 -11.867 -818.649 6.000
K_1455 -15.425 -818.649 9.000
P_1456 0.000 -195.996 9.000
T_1457 -11.867 -90.974 6.000
A_1458 0.000 185.740 7.000
A_1459 0.000 185.740 7.000
E_1460 -16.691 -605.239 7.000
I_1461 0.000 777.529 7.000
S_1462 -17.811 -90.060 12.000
V_1463 0.000 613.196 8.000
R_1464 -21.845 -1015.709 8.000
V_1465 0.000 613.196 10.000
P_1466 0.000 -195.996 10.000
R_1467 -11.867 -1015.709 5.000
G_1468 0.000 -27.649 5.000
P_1469 0.000 -195.996 5.000
A_1470 0.000 185.740 4.000
V_1471 0.000 613.196 4.000
E_1472 -7.878 -605.239 4.000
G_1473 0.000 -27.649 6.000
G_1474 0.000 -27.649 6.000
H_1475 -8.431 -583.484 6.000
V_1476 0.000 613.196 6.000
N_1477 -14.591 -507.047 6.000
M_1478 0.000 401.769 4.000
A_1479 0.000 185.740 7.000
F_1480 0.000 560.542 7.000
S_1481 -16.309 -90.060 10.000
Q_1482 -25.003 -643.904 14.000
S_1483 -19.059 -90.060 14.000
N_1484 -22.253 -507.047 11.000
P_1485 0.000 -195.996 10.000
P_1486 0.000 -195.996 11.000
S_1487 -13.255 -90.060 7.000
E_1488 -19.866 -605.239 9.000
L_1489 0.000 679.918 12.000
H_1490 -10.601 -583.484 9.000
K_1491 -13.255 -818.649 7.000
V_1492 0.000 613.196 7.000
H_1493 -9.978 -583.484 8.000
G_1494 0.000 -27.649 10.000
S_1495 -19.059 -90.060 14.000
R_1496 -31.716 -1015.709 15.000
N_1497 -25.772 -507.047 15.000
K_1498 -19.613 -818.649 15.000
P_1499 0.000 -195.996 13.000
T_1500 -15.425 -90.974 9.000
S_1501 -13.255 -90.060 7.000
L_1502 0.000 679.918 11.000
W_1503 -5.155 -203.500 8.000
N_1504 -18.409 -507.047 8.000
P_1505 0.000 -195.996 10.000
T_1506 -15.425 -90.974 9.000
Y_1507 -9.978 -274.939 8.000
G_1508 0.000 -27.649 9.000
S_1509 -11.867 -90.060 6.000
W_1510 -4.824 -203.500 7.000
F_1511 0.000 560.542 11.000
T_1512 -17.098 -90.974 11.000
E_1513 -21.132 -605.239 10.000
K_1514 -18.462 -818.649 13.000
P_1515 0.000 -195.996 13.000
T_1516 -17.811 -90.974 12.000
K_1517 -18.462 -818.649 13.000
K_1518 -20.609 -818.649 17.000
N_1519 -25.003 -507.047 14.000
N_1520 -22.253 -507.047 11.000
P_1521 0.000 -195.996 8.000
I_1522 0.000 777.529 7.000
A_1523 0.000 185.740 6.000
K_1524 -16.309 -818.649 10.000
K_1525 -16.309 -818.649 10.000
E_1526 -23.258 -605.239 12.000
P_1527 0.000 -195.996 13.000
H_1528 -13.255 -583.484 15.000
D_1529 -22.253 -475.402 11.000
R_1530 -31.716 -1015.709 15.000
G_1531 0.000 -27.649 13.000
N_1532 -19.866 -507.047 9.000
L_1533 0.000 679.918 4.000
G_1534 0.000 -27.649 8.000
L_1535 0.000 679.918 4.000
E_1536 -16.691 -605.239 7.000
G_1537 0.000 -27.649 7.000
S_1538 -16.309 -90.060 10.000
C_1539 0.000 322.480 6.000
T_1540 -11.867 -90.974 6.000
V_1541 0.000 613.196 3.000
P_1542 0.000 -195.996 7.000
P_1543 0.000 -195.996 4.000
N_1544 -7.878 -507.047 4.000
V_1545 0.000 613.196 7.000
A_1546 0.000 185.740 7.000
T_1547 -14.420 -90.974 8.000
G_1548 0.000 -27.649 8.000
R_1549 -21.845 -1015.709 8.000
L_1550 0.000 679.918 5.000
P_1551 0.000 -195.996 5.000
G_1552 0.000 -27.649 3.000
A_1553 0.000 185.740 3.000
S_1554 -4.441 -90.060 3.000
L_1555 0.000 679.918 3.000
L_1556 0.000 679.918 7.000
L_1557 0.000 679.918 4.000
E_1558 -16.691 -605.239 7.000
P_1559 0.000 -195.996 10.000
S_1560 -16.309 -90.060 10.000
S_1561 -15.425 -90.060 9.000
L_1562 0.000 679.918 9.000
T_1563 -16.309 -90.974 10.000
A_1564 0.000 185.740 7.000
N_1565 -21.132 -507.047 10.000
M_1566 0.000 401.769 11.000
K_1567 -17.098 -818.649 11.000
E_1568 -16.691 -605.239 7.000
V_1569 0.000 613.196 7.000
P_1570 0.000 -195.996 4.000
L_1571 0.000 679.918 5.000
F_1572 0.000 560.542 5.000
R_1573 -25.574 -1015.709 10.000
L_1574 0.000 679.918 12.000
R_1575 -28.412 -1015.709 12.000
H_1576 -9.265 -583.484 7.000
F_1577 0.000 560.542 7.000
P_1578 0.000 -195.996 2.000
C_1579 0.000 322.480 4.000
G_1580 0.000 -27.649 4.000
N_1581 -18.409 -507.047 8.000
V_1582 0.000 613.196 10.000
N_1583 -21.132 -507.047 10.000
Y_1584 -9.978 -274.939 8.000
G_1585 0.000 -27.649 12.000
Y_1586 -12.104 -274.939 12.000
Q_1587 -25.003 -643.904 14.000
Q_1588 -25.003 -643.904 14.000
Q_1589 -23.258 -643.904 12.000
G_1590 0.000 -27.649 8.000
L_1591 0.000 679.918 4.000
P_1592 0.000 -195.996 4.000
L_1593 0.000 679.918 4.000
E_1594 -7.878 -605.239 4.000
A_1595 0.000 185.740 7.000
A_1596 0.000 185.740 7.000
T_1597 -4.441 -90.974 3.000
A_1598 0.000 185.740 3.000
P_1599 0.000 -195.996 3.000
G_1600 0.000 -27.649 0.000
A_1601 0.000 185.740 2.000
G_1602 0.000 -27.649 4.000
H_1603 -9.978 -583.484 8.000
Y_1604 -12.104 -274.939 12.000
E_1605 -25.772 -605.239 15.000
D_1606 -24.169 -475.402 13.000
T_1607 -17.098 -90.974 11.000
I_1608 0.000 777.529 10.000
L_1609 0.000 679.918 9.000
K_1610 -15.425 -818.649 9.000
S_1611 -18.462 -90.060 13.000
K_1612 -20.127 -818.649 16.000
N_1613 -24.169 -507.047 13.000
S_1614 -19.059 -90.060 14.000
M_1615 0.000 401.769 15.000
N_1616 -22.253 -507.047 11.000
Q_1617 -18.409 -643.904 8.000
P_1618 0.000 -195.996 8.000
G_1619 0.000 -27.649 4.000
P_1620 0.000 -195.996 0.000
