M_1 0.000 401.769 4.000
G_2 0.000 -27.649 4.000
D_3 -7.878 -475.402 4.000
I_4 0.000 777.529 4.000
L_5 0.000 679.918 6.000
A_6 0.000 185.740 6.000
H_7 -10.601 -583.484 9.000
E_8 -24.169 -605.239 13.000
S_9 -18.462 -90.060 13.000
E_10 -22.253 -605.239 11.000
L_11 0.000 679.918 7.000
L_12 0.000 679.918 4.000
G_13 0.000 -27.649 0.000
L_14 0.000 679.918 3.000
V_15 0.000 613.196 7.000
K_16 -15.425 -818.649 9.000
E_17 -19.866 -605.239 9.000
Y_18 -12.518 -274.939 13.000
L_19 0.000 679.918 10.000
D_20 -14.591 -475.402 6.000
F_21 0.000 560.542 8.000
A_22 0.000 185.740 8.000
E_23 -18.409 -605.239 8.000
F_24 0.000 560.542 12.000
E_25 -25.772 -605.239 15.000
D_26 -22.253 -475.402 11.000
T_27 -19.059 -90.974 14.000
L_28 0.000 679.918 13.000
K_29 -15.425 -818.649 9.000
T_30 -15.425 -90.974 9.000
F_31 0.000 560.542 12.000
S_32 -18.462 -90.060 13.000
K_33 -16.309 -818.649 10.000
E_34 -24.169 -605.239 13.000
C_35 0.000 322.480 10.000
K_36 -16.309 -818.649 10.000
I_37 0.000 777.529 6.000
K_38 -15.425 -818.649 9.000
G_39 0.000 -27.649 6.000
K_40 -11.867 -818.649 6.000
P_41 0.000 -195.996 3.000
L_42 0.000 679.918 6.000
C_43 0.000 322.480 6.000
K_44 -11.867 -818.649 6.000
T_45 -11.867 -90.974 6.000
V_46 0.000 613.196 6.000
G_47 0.000 -27.649 6.000
G_48 0.000 -27.649 3.000
S_49 -14.420 -90.060 8.000
F_50 0.000 560.542 12.000
R_51 -31.716 -1015.709 15.000
D_52 -25.772 -475.402 15.000
S_53 -21.060 -90.060 18.000
K_54 -18.462 -818.649 13.000
S_55 -17.811 -90.060 12.000
L_56 0.000 679.918 9.000
T_57 -16.309 -90.974 10.000
I_58 0.000 777.529 10.000
Q_59 -25.003 -643.904 14.000
K_60 -17.098 -818.649 11.000
D_61 -22.253 -475.402 11.000
L_62 0.000 679.918 7.000
V_63 0.000 613.196 4.000
A_64 0.000 185.740 0.000
A_65 0.000 185.740 4.000
F_66 0.000 560.542 8.000
D_67 -18.409 -475.402 8.000
N_68 -23.258 -507.047 12.000
G_69 0.000 -27.649 16.000
D_70 -25.772 -475.402 15.000
Q_71 -22.253 -643.904 11.000
K_72 -17.098 -818.649 11.000
V_73 0.000 613.196 7.000
F_74 0.000 560.542 7.000
F_75 0.000 560.542 4.000
D_76 -11.867 -475.402 5.000
L_77 0.000 679.918 9.000
W_78 -6.358 -203.500 13.000
E_79 -22.253 -605.239 11.000
E_80 -22.253 -605.239 11.000
H_81 -12.518 -583.484 13.000
I_82 0.000 777.529 12.000
S_83 -17.098 -90.060 11.000
S_84 -15.425 -90.060 9.000
S_85 -19.059 -90.060 14.000
I_86 0.000 777.529 15.000
R_87 -28.412 -1015.709 12.000
D_88 -24.169 -475.402 13.000
G_89 0.000 -27.649 16.000
D_90 -22.253 -475.402 11.000
S_91 -13.255 -90.060 7.000
F_92 0.000 560.542 11.000
A_93 0.000 185.740 10.000
Q_94 -16.691 -643.904 7.000
K_95 -17.098 -818.649 11.000
L_96 0.000 679.918 11.000
E_97 -19.866 -605.239 9.000
F_98 0.000 560.542 6.000
Y_99 -9.978 -274.939 8.000
L_100 0.000 679.918 4.000
H_101 -8.431 -583.484 6.000
I_102 0.000 777.529 4.000
H_103 -6.160 -583.484 4.000
F_104 0.000 560.542 2.000
A_105 0.000 185.740 4.000
I_106 0.000 777.529 2.000
Y_107 -1.718 -274.939 2.000
L_108 0.000 679.918 5.000
L_109 0.000 679.918 7.000
K_110 -14.420 -818.649 8.000
Y_111 -9.978 -274.939 8.000
S_112 -14.420 -90.060 8.000
V_113 0.000 613.196 10.000
G_114 0.000 -27.649 8.000
R_115 -23.856 -1015.709 9.000
P_116 0.000 -195.996 12.000
D_117 -26.485 -475.402 16.000
K_118 -19.613 -818.649 15.000
E_119 -25.772 -605.239 15.000
E_120 -25.772 -605.239 15.000
L_121 0.000 679.918 16.000
D_122 -25.772 -475.402 15.000
E_123 -22.253 -605.239 11.000
K_124 -19.059 -818.649 14.000
I_125 0.000 777.529 12.000
S_126 -14.420 -90.060 8.000
Y_127 -9.978 -274.939 8.000
F_128 0.000 560.542 11.000
K_129 -16.309 -818.649 10.000
T_130 -14.420 -90.974 8.000
Y_131 -12.104 -274.939 12.000
L_132 0.000 679.918 12.000
E_133 -23.258 -605.239 12.000
T_134 -16.309 -90.974 10.000
K_135 -16.309 -818.649 10.000
G_136 0.000 -27.649 6.000
A_137 0.000 185.740 3.000
A_138 0.000 185.740 3.000
L_139 0.000 679.918 7.000
S_140 -16.309 -90.060 10.000
Q_141 -24.169 -643.904 13.000
T_142 -20.609 -90.974 17.000
T_143 -19.059 -90.974 14.000
E_144 -21.132 -605.239 10.000
F_145 0.000 560.542 7.000
L_146 0.000 679.918 4.000
P_147 0.000 -195.996 2.000
F_148 0.000 560.542 2.000
Y_149 -1.718 -274.939 2.000
A_150 0.000 185.740 2.000
L_151 0.000 679.918 2.000
P_152 0.000 -195.996 0.000
F_153 0.000 560.542 0.000
V_154 0.000 613.196 4.000
P_155 0.000 -195.996 4.000
N_156 -7.878 -507.047 4.000
P_157 0.000 -195.996 4.000
M_158 0.000 401.769 6.000
V_159 0.000 613.196 2.000
H_160 -7.426 -583.484 5.000
P_161 0.000 -195.996 5.000
S_162 -14.420 -90.060 8.000
F_163 0.000 560.542 10.000
K_164 -16.309 -818.649 10.000
E_165 -16.691 -605.239 7.000
L_166 0.000 679.918 11.000
F_167 0.000 560.542 12.000
Q_168 -22.253 -643.904 11.000
D_169 -23.258 -475.402 12.000
S_170 -19.613 -90.060 15.000
W_171 -5.944 -203.500 11.000
T_172 -17.098 -90.974 11.000
P_173 0.000 -195.996 8.000
E_174 -21.132 -605.239 10.000
L_175 0.000 679.918 7.000
K_176 -16.309 -818.649 10.000
L_177 0.000 679.918 6.000
K_178 -11.867 -818.649 6.000
L_179 0.000 679.918 6.000
I_180 0.000 777.529 6.000
K_181 -4.441 -818.649 3.000
F_182 0.000 560.542 3.000
L_183 0.000 679.918 3.000
A_184 0.000 185.740 0.000
L_185 0.000 679.918 3.000
I_186 0.000 777.529 6.000
S_187 -11.867 -90.060 6.000
K_188 -15.425 -818.649 9.000
A_189 0.000 185.740 13.000
S_190 -18.462 -90.060 13.000
N_191 -21.132 -507.047 10.000
T_192 -18.462 -90.974 13.000
P_193 0.000 -195.996 10.000
K_194 -11.867 -818.649 6.000
L_195 0.000 679.918 6.000
L_196 0.000 679.918 6.000
T_197 -10.149 -90.974 5.000
I_198 0.000 777.529 8.000
Y_199 -12.104 -274.939 12.000
K_200 -18.462 -818.649 13.000
E_201 -24.169 -605.239 13.000
N_202 -25.772 -507.047 15.000
G_203 0.000 -27.649 15.000
Q_204 -25.772 -643.904 15.000
S_205 -19.059 -90.060 14.000
N_206 -27.773 -507.047 18.000
K_207 -19.059 -818.649 14.000
E_208 -22.253 -605.239 11.000
I_209 0.000 777.529 11.000
L_210 0.000 679.918 12.000
Q_211 -18.409 -643.904 8.000
Q_212 -21.132 -643.904 10.000
L_213 0.000 679.918 14.000
H_214 -12.900 -583.484 14.000
Q_215 -21.132 -643.904 10.000
Q_216 -21.132 -643.904 10.000
L_217 0.000 679.918 12.000
V_218 0.000 613.196 8.000
E_219 -18.409 -605.239 8.000
A_220 0.000 185.740 13.000
E_221 -27.773 -605.239 18.000
R_222 -33.508 -1015.709 17.000
R_223 -33.508 -1015.709 17.000
S_224 -20.127 -90.060 16.000
V_225 0.000 613.196 13.000
T_226 -14.420 -90.974 8.000
Y_227 -9.978 -274.939 8.000
L_228 0.000 679.918 13.000
K_229 -17.811 -818.649 12.000
R_230 -30.711 -1015.709 14.000
Y_231 -13.896 -274.939 17.000
N_232 -25.003 -507.047 14.000
K_233 -18.462 -818.649 13.000
I_234 0.000 777.529 11.000
Q_235 -22.253 -643.904 11.000
A_236 0.000 185.740 10.000
D_237 -23.258 -475.402 12.000
Y_238 -12.104 -274.939 12.000
H_239 -12.104 -583.484 12.000
N_240 -18.409 -507.047 8.000
L_241 0.000 679.918 6.000
I_242 0.000 777.529 4.000
G_243 0.000 -27.649 3.000
V_244 0.000 613.196 3.000
T_245 -13.255 -90.974 7.000
A_246 0.000 185.740 7.000
E_247 -16.691 -605.239 7.000
L_248 0.000 679.918 8.000
V_249 0.000 613.196 11.000
D_250 -16.691 -475.402 7.000
S_251 -17.098 -90.060 11.000
L_252 0.000 679.918 11.000
E_253 -21.132 -605.239 10.000
A_254 0.000 185.740 7.000
T_255 -16.309 -90.974 10.000
V_256 0.000 613.196 6.000
S_257 -15.425 -90.060 9.000
G_258 0.000 -27.649 6.000
K_259 -11.867 -818.649 6.000
M_260 0.000 401.769 6.000
I_261 0.000 777.529 6.000
T_262 -13.255 -90.974 7.000
P_263 0.000 -195.996 9.000
E_264 -19.866 -605.239 9.000
Y_265 -11.154 -274.939 10.000
L_266 0.000 679.918 13.000
Q_267 -19.866 -643.904 9.000
S_268 -13.255 -90.060 7.000
V_269 0.000 613.196 7.000
C_270 0.000 322.480 8.000
V_271 0.000 613.196 5.000
R_272 -11.867 -1015.709 5.000
L_273 0.000 679.918 8.000
F_274 0.000 560.542 12.000
S_275 -17.098 -90.060 11.000
N_276 -22.253 -507.047 11.000
Q_277 -26.485 -643.904 16.000
M_278 0.000 401.769 17.000
R_279 -32.645 -1015.709 16.000
Q_280 -23.258 -643.904 12.000
S_281 -17.811 -90.060 12.000
L_282 0.000 679.918 9.000
A_283 0.000 185.740 8.000
H_284 -7.426 -583.484 5.000
S_285 -15.425 -90.060 9.000
V_286 0.000 613.196 9.000
D_287 -21.132 -475.402 10.000
F_288 0.000 560.542 12.000
T_289 -17.811 -90.974 12.000
R_290 -21.845 -1015.709 8.000
P_291 0.000 -195.996 11.000
G_292 0.000 -27.649 8.000
T_293 -11.867 -90.974 6.000
A_294 0.000 185.740 9.000
S_295 -15.425 -90.060 9.000
T_296 -11.867 -90.974 6.000
M_297 0.000 401.769 11.000
L_298 0.000 679.918 8.000
R_299 -21.845 -1015.709 8.000
A_300 0.000 185.740 8.000
S_301 -14.420 -90.060 8.000
L_302 0.000 679.918 3.000
A_303 0.000 185.740 3.000
P_304 0.000 -195.996 3.000
V_305 0.000 613.196 3.000
K_306 -11.867 -818.649 6.000
L_307 0.000 679.918 10.000
K_308 -16.309 -818.649 10.000
D_309 -16.691 -475.402 7.000
V_310 0.000 613.196 7.000
P_311 0.000 -195.996 4.000
L_312 0.000 679.918 0.000
L_313 0.000 679.918 3.000
P_314 0.000 -195.996 3.000
S_315 -13.255 -90.060 7.000
L_316 0.000 679.918 9.000
D_317 -24.169 -475.402 13.000
Y_318 -12.518 -274.939 13.000
E_319 -24.169 -605.239 13.000
K_320 -17.811 -818.649 12.000
L_321 0.000 679.918 13.000
K_322 -18.462 -818.649 13.000
K_323 -16.309 -818.649 10.000
D_324 -21.132 -475.402 10.000
L_325 0.000 679.918 7.000
I_326 0.000 777.529 4.000
L_327 0.000 679.918 3.000
G_328 0.000 -27.649 7.000
S_329 -17.811 -90.060 12.000
D_330 -23.258 -475.402 12.000
R_331 -31.716 -1015.709 15.000
L_332 0.000 679.918 12.000
K_333 -14.420 -818.649 8.000
A_334 0.000 185.740 3.000
F_335 0.000 560.542 3.000
L_336 0.000 679.918 4.000
L_337 0.000 679.918 4.000
Q_338 -7.878 -643.904 4.000
A_339 0.000 185.740 9.000
L_340 0.000 679.918 10.000
R_341 -27.076 -1015.709 11.000
W_342 -5.944 -203.500 11.000
R_343 -30.711 -1015.709 14.000
L_344 0.000 679.918 12.000
T_345 -19.059 -90.974 14.000
T_346 -17.098 -90.974 11.000
S_347 -17.098 -90.060 11.000
H_348 -9.978 -583.484 8.000
P_349 0.000 -195.996 9.000
G_350 0.000 -27.649 10.000
E_351 -24.169 -605.239 13.000
Q_352 -27.150 -643.904 17.000
R_353 -35.785 -1015.709 20.000
E_354 -26.485 -605.239 16.000
T_355 -17.811 -90.974 12.000
V_356 0.000 613.196 11.000
L_357 0.000 679.918 7.000
Q_358 -14.591 -643.904 6.000
A_359 0.000 185.740 6.000
Y_360 -10.601 -274.939 9.000
I_361 0.000 777.529 9.000
S_362 -18.462 -90.060 13.000
N_363 -22.253 -507.047 11.000
D_364 -22.253 -475.402 11.000
L_365 0.000 679.918 12.000
L_366 0.000 679.918 8.000
D_367 -14.591 -475.402 6.000
C_368 0.000 322.480 9.000
Y_369 -11.652 -274.939 11.000
S_370 -17.098 -90.060 11.000
H_371 -13.255 -583.484 15.000
N_372 -27.773 -507.047 18.000
Q_373 -27.773 -643.904 18.000
R_374 -32.645 -1015.709 16.000
S_375 -17.811 -90.060 12.000
V_376 0.000 613.196 12.000
L_377 0.000 679.918 7.000
Q_378 -7.878 -643.904 4.000
L_379 0.000 679.918 6.000
L_380 0.000 679.918 9.000
H_381 -9.978 -583.484 8.000
S_382 -17.098 -90.060 11.000
T_383 -19.613 -90.974 15.000
S_384 -18.462 -90.060 13.000
D_385 -21.132 -475.402 10.000
V_386 0.000 613.196 12.000
V_387 0.000 613.196 13.000
R_388 -27.076 -1015.709 11.000
Q_389 -22.253 -643.904 11.000
Y_390 -11.652 -274.939 11.000
M_391 0.000 401.769 11.000
A_392 0.000 185.740 7.000
R_393 -11.867 -1015.709 5.000
L_394 0.000 679.918 9.000
I_395 0.000 777.529 9.000
N_396 -7.878 -507.047 4.000
A_397 0.000 185.740 4.000
F_398 0.000 560.542 7.000
A_399 0.000 185.740 3.000
S_400 -4.441 -90.060 3.000
L_401 0.000 679.918 7.000
A_402 0.000 185.740 7.000
E_403 -19.866 -605.239 9.000
G_404 0.000 -27.649 9.000
R_405 -27.076 -1015.709 11.000
L_406 0.000 679.918 7.000
Y_407 -9.265 -274.939 7.000
L_408 0.000 679.918 6.000
A_409 0.000 185.740 10.000
Q_410 -22.253 -643.904 11.000
N_411 -25.003 -507.047 14.000
T_412 -19.059 -90.974 14.000
K_413 -16.309 -818.649 10.000
V_414 0.000 613.196 10.000
L_415 0.000 679.918 7.000
Q_416 -7.878 -643.904 4.000
M_417 0.000 401.769 8.000
L_418 0.000 679.918 8.000
E_419 -19.866 -605.239 9.000
G_420 0.000 -27.649 9.000
R_421 -28.412 -1015.709 12.000
L_422 0.000 679.918 12.000
K_423 -20.127 -818.649 16.000
E_424 -25.772 -605.239 15.000
E_425 -27.773 -605.239 18.000
D_426 -28.359 -475.402 19.000
K_427 -19.613 -818.649 15.000
D_428 -22.253 -475.402 11.000
I_429 0.000 777.529 10.000
I_430 0.000 777.529 12.000
T_431 -17.811 -90.974 12.000
R_432 -32.645 -1015.709 16.000
E_433 -26.485 -605.239 16.000
N_434 -24.169 -507.047 13.000
V_435 0.000 613.196 8.000
L_436 0.000 679.918 4.000
G_437 0.000 -27.649 0.000
A_438 0.000 185.740 4.000
L_439 0.000 679.918 7.000
Q_440 -16.691 -643.904 7.000
K_441 -16.309 -818.649 10.000
F_442 0.000 560.542 10.000
S_443 -17.098 -90.060 11.000
L_444 0.000 679.918 13.000
R_445 -29.616 -1015.709 13.000
R_446 -25.574 -1015.709 10.000
P_447 0.000 -195.996 14.000
L_448 0.000 679.918 12.000
Q_449 -16.691 -643.904 7.000
T_450 -13.255 -90.974 7.000
A_451 0.000 185.740 7.000
M_452 0.000 401.769 7.000
I_453 0.000 777.529 8.000
Q_454 -18.409 -643.904 8.000
D_455 -18.409 -475.402 8.000
G_456 0.000 -27.649 8.000
L_457 0.000 679.918 4.000
I_458 0.000 777.529 1.000
F_459 0.000 560.542 1.000
W_460 -0.000 -203.500 1.000
L_461 0.000 679.918 5.000
V_462 0.000 613.196 5.000
D_463 -7.878 -475.402 4.000
V_464 0.000 613.196 7.000
L_465 0.000 679.918 11.000
K_466 -13.255 -818.649 7.000
D_467 -22.253 -475.402 11.000
P_468 0.000 -195.996 11.000
D_469 -18.409 -475.402 8.000
C_470 0.000 322.480 7.000
L_471 0.000 679.918 11.000
S_472 -15.425 -90.060 9.000
D_473 -23.258 -475.402 12.000
Y_474 -12.104 -274.939 12.000
T_475 -18.462 -90.974 13.000
L_476 0.000 679.918 11.000
E_477 -23.258 -605.239 12.000
Y_478 -10.601 -274.939 9.000
S_479 -15.425 -90.060 9.000
V_480 0.000 613.196 5.000
A_481 0.000 185.740 3.000
L_482 0.000 679.918 0.000
L_483 0.000 679.918 4.000
M_484 0.000 401.769 4.000
N_485 -7.878 -507.047 4.000
L_486 0.000 679.918 4.000
C_487 0.000 322.480 9.000
L_488 0.000 679.918 8.000
R_489 -27.076 -1015.709 11.000
S_490 -17.098 -90.060 11.000
T_491 -19.059 -90.974 14.000
G_492 0.000 -27.649 13.000
K_493 -16.309 -818.649 10.000
N_494 -16.691 -507.047 7.000
M_495 0.000 401.769 7.000
C_496 0.000 322.480 7.000
A_497 0.000 185.740 3.000
K_498 -4.441 -818.649 3.000
V_499 0.000 613.196 3.000
A_500 0.000 185.740 3.000
G_501 0.000 -27.649 0.000
L_502 0.000 679.918 0.000
V_503 0.000 613.196 3.000
L_504 0.000 679.918 3.000
K_505 -4.441 -818.649 3.000
V_506 0.000 613.196 6.000
L_507 0.000 679.918 10.000
S_508 -13.255 -90.060 7.000
D_509 -16.691 -475.402 7.000
L_510 0.000 679.918 7.000
L_511 0.000 679.918 6.000
G_512 0.000 -27.649 6.000
H_513 -11.154 -583.484 10.000
E_514 -23.258 -605.239 12.000
N_515 -26.485 -507.047 16.000
H_516 -12.900 -583.484 14.000
E_517 -25.003 -605.239 14.000
I_518 0.000 777.529 10.000
Q_519 -21.132 -643.904 10.000
P_520 0.000 -195.996 6.000
Y_521 -11.154 -274.939 10.000
V_522 0.000 613.196 6.000
N_523 -14.591 -507.047 6.000
G_524 0.000 -27.649 4.000
A_525 0.000 185.740 6.000
L_526 0.000 679.918 5.000
Y_527 -7.426 -274.939 5.000
S_528 -10.149 -90.060 5.000
I_529 0.000 777.529 8.000
L_530 0.000 679.918 6.000
S_531 -4.441 -90.060 3.000
V_532 0.000 613.196 6.000
P_533 0.000 -195.996 6.000
S_534 -14.420 -90.060 8.000
I_535 0.000 777.529 12.000
R_536 -32.645 -1015.709 16.000
E_537 -24.169 -605.239 13.000
E_538 -27.773 -605.239 18.000
A_539 0.000 185.740 13.000
R_540 -23.856 -1015.709 9.000
A_541 0.000 185.740 5.000
M_542 0.000 401.769 5.000
G_543 0.000 -27.649 4.000
M_544 0.000 401.769 8.000
E_545 -18.409 -605.239 8.000
D_546 -18.409 -475.402 8.000
I_547 0.000 777.529 13.000
L_548 0.000 679.918 9.000
R_549 -11.867 -1015.709 5.000
C_550 0.000 322.480 5.000
F_551 0.000 560.542 8.000
I_552 0.000 777.529 7.000
K_553 -13.255 -818.649 7.000
E_554 -22.253 -605.239 11.000
G_555 0.000 -27.649 11.000
N_556 -23.258 -507.047 12.000
A_557 0.000 185.740 8.000
E_558 -18.409 -605.239 8.000
M_559 0.000 401.769 9.000
I_560 0.000 777.529 13.000
R_561 -23.856 -1015.709 9.000
Q_562 -24.169 -643.904 13.000
I_563 0.000 777.529 13.000
E_564 -18.409 -605.239 8.000
F_565 0.000 560.542 4.000
I_566 0.000 777.529 7.000
I_567 0.000 777.529 7.000
K_568 -13.255 -818.649 7.000
Q_569 -22.253 -643.904 11.000
L_570 0.000 679.918 14.000
N_571 -25.772 -507.047 15.000
S_572 -19.613 -90.060 15.000
E_573 -25.772 -605.239 15.000
E_574 -22.253 -605.239 11.000
L_575 0.000 679.918 12.000
P_576 0.000 -195.996 8.000
D_577 -7.878 -475.402 4.000
G_578 0.000 -27.649 4.000
V_579 0.000 613.196 8.000
L_580 0.000 679.918 7.000
E_581 -22.253 -605.239 11.000
S_582 -19.613 -90.060 15.000
D_583 -28.359 -475.402 19.000
D_584 -28.359 -475.402 19.000
D_585 -28.912 -475.402 20.000
E_586 -28.912 -605.239 20.000
D_587 -28.912 -475.402 20.000
E_588 -28.912 -605.239 20.000
D_589 -28.912 -475.402 20.000
D_590 -28.912 -475.402 20.000
E_591 -28.912 -605.239 20.000
E_592 -27.773 -605.239 18.000
D_593 -27.773 -475.402 18.000
H_594 -12.900 -583.484 14.000
D_595 -21.132 -475.402 10.000
I_596 0.000 777.529 10.000
M_597 0.000 401.769 8.000
E_598 -18.409 -605.239 8.000
A_599 0.000 185.740 8.000
D_600 -23.258 -475.402 12.000
L_601 0.000 679.918 11.000
D_602 -25.772 -475.402 15.000
K_603 -19.613 -818.649 15.000
D_604 -25.772 -475.402 15.000
E_605 -22.253 -605.239 11.000
L_606 0.000 679.918 12.000
I_607 0.000 777.529 8.000
Q_608 -18.409 -643.904 8.000
P_609 0.000 -195.996 8.000
Q_610 -18.409 -643.904 8.000
L_611 0.000 679.918 8.000
G_612 0.000 -27.649 8.000
E_613 -16.691 -605.239 7.000
L_614 0.000 679.918 7.000
S_615 -17.098 -90.060 11.000
G_616 0.000 -27.649 10.000
E_617 -21.132 -605.239 10.000
K_618 -13.255 -818.649 7.000
L_619 0.000 679.918 10.000
L_620 0.000 679.918 9.000
T_621 -16.309 -90.974 10.000
T_622 -17.811 -90.974 12.000
E_623 -23.258 -605.239 12.000
Y_624 -10.601 -274.939 9.000
L_625 0.000 679.918 6.000
G_626 0.000 -27.649 2.000
I_627 0.000 777.529 3.000
M_628 0.000 401.769 7.000
T_629 -16.309 -90.974 10.000
N_630 -21.132 -507.047 10.000
T_631 -18.462 -90.974 13.000
G_632 0.000 -27.649 13.000
K_633 -19.059 -818.649 14.000
T_634 -20.127 -90.974 16.000
R_635 -35.072 -1015.709 19.000
R_636 -32.645 -1015.709 16.000
K_637 -18.462 -818.649 13.000
G_638 0.000 -27.649 8.000
L_639 0.000 679.918 7.000
A_640 0.000 185.740 4.000
N_641 -18.409 -507.047 8.000
V_642 0.000 613.196 9.000
Q_643 -23.258 -643.904 12.000
W_644 -5.155 -203.500 8.000
S_645 -17.811 -90.060 12.000
G_646 0.000 -27.649 12.000
D_647 -22.253 -475.402 11.000
E_648 -18.409 -605.239 8.000
P_649 0.000 -195.996 12.000
L_650 0.000 679.918 13.000
Q_651 -19.866 -643.904 9.000
R_652 -23.856 -1015.709 9.000
P_653 0.000 -195.996 12.000
V_654 0.000 613.196 8.000
T_655 -4.441 -90.974 3.000
P_656 0.000 -195.996 3.000
G_657 0.000 -27.649 5.000
G_658 0.000 -27.649 7.000
H_659 -11.652 -583.484 11.000
R_660 -27.076 -1015.709 11.000
N_661 -24.169 -507.047 13.000
G_662 0.000 -27.649 11.000
Y_663 -8.431 -274.939 6.000
P_664 0.000 -195.996 2.000
V_665 0.000 613.196 6.000
V_666 0.000 613.196 8.000
E_667 -23.258 -605.239 12.000
D_668 -25.003 -475.402 14.000
Q_669 -27.150 -643.904 17.000
H_670 -12.518 -583.484 13.000
T_671 -15.425 -90.974 9.000
P_672 0.000 -195.996 9.000
P_673 0.000 -195.996 10.000
Q_674 -16.691 -643.904 7.000
T_675 -17.098 -90.974 11.000
A_676 0.000 185.740 13.000
Q_677 -19.866 -643.904 9.000
H_678 -11.652 -583.484 11.000
A_679 0.000 185.740 15.000
R_680 -27.076 -1015.709 11.000
N_681 -22.253 -507.047 11.000
G_682 0.000 -27.649 11.000
H_683 -11.154 -583.484 10.000
P_684 0.000 -195.996 6.000
Q_685 -14.591 -643.904 6.000
A_686 0.000 185.740 4.000
L_687 0.000 679.918 4.000
P_688 0.000 -195.996 0.000
A_689 0.000 185.740 2.000
A_690 0.000 185.740 6.000
H_691 -8.431 -583.484 6.000
E_692 -14.591 -605.239 6.000
A_693 0.000 185.740 8.000
V_694 0.000 613.196 11.000
Y_695 -11.652 -274.939 11.000
R_696 -27.076 -1015.709 11.000
E_697 -25.003 -605.239 14.000
G_698 0.000 -27.649 12.000
K_699 -16.309 -818.649 10.000
P_700 0.000 -195.996 9.000
S_701 -15.425 -90.060 9.000
T_702 -16.309 -90.974 10.000
P_703 0.000 -195.996 13.000
E_704 -21.132 -605.239 10.000
S_705 -13.255 -90.060 7.000
C_706 0.000 322.480 10.000
V_707 0.000 613.196 9.000
S_708 -15.425 -90.060 9.000
S_709 -17.811 -90.060 12.000
S_710 -17.811 -90.060 12.000
S_711 -15.425 -90.060 9.000
A_712 0.000 185.740 6.000
I_713 0.000 777.529 3.000
I_714 0.000 777.529 3.000
A_715 0.000 185.740 3.000
K_716 -4.441 -818.649 3.000
P_717 0.000 -195.996 7.000
G_718 0.000 -27.649 8.000
E_719 -11.867 -605.239 5.000
W_720 -3.990 -203.500 5.000
L_721 0.000 679.918 10.000
P_722 0.000 -195.996 6.000
R_723 -25.574 -1015.709 10.000
G_724 0.000 -27.649 14.000
R_725 -34.315 -1015.709 18.000
Q_726 -27.150 -643.904 17.000
E_727 -27.150 -605.239 17.000
E_728 -27.150 -605.239 17.000
P_729 0.000 -195.996 13.000
R_730 -23.856 -1015.709 9.000
P_731 0.000 -195.996 5.000
A_732 0.000 185.740 8.000
P_733 0.000 -195.996 3.000
T_734 -11.867 -90.974 6.000
G_735 0.000 -27.649 6.000
T_736 -17.098 -90.974 11.000
P_737 0.000 -195.996 12.000
R_738 -28.412 -1015.709 12.000
Q_739 -25.003 -643.904 14.000
P_740 0.000 -195.996 18.000
R_741 -29.616 -1015.709 13.000
E_742 -19.866 -605.239 9.000
A_743 0.000 185.740 13.000
P_744 0.000 -195.996 12.000
Q_745 -18.409 -643.904 8.000
D_746 -18.409 -475.402 8.000
P_747 0.000 -195.996 12.000
G_748 0.000 -27.649 8.000
N_749 -7.878 -507.047 4.000
G_750 0.000 -27.649 7.000
V_751 0.000 613.196 10.000
T_752 -17.098 -90.974 11.000
T_753 -19.613 -90.974 15.000
R_754 -31.716 -1015.709 15.000
E_755 -23.258 -605.239 12.000
C_756 0.000 322.480 12.000
A_757 0.000 185.740 7.000
S_758 -4.441 -90.060 3.000
A_759 0.000 185.740 6.000
F_760 0.000 560.542 6.000
T_761 -11.867 -90.974 6.000
C_762 0.000 322.480 6.000
K_763 -17.098 -818.649 11.000
P_764 0.000 -195.996 8.000
R_765 -21.845 -1015.709 8.000
A_766 0.000 185.740 5.000
P_767 0.000 -195.996 8.000
C_768 0.000 322.480 3.000
T_769 -13.255 -90.974 7.000
P_770 0.000 -195.996 7.000
E_771 -16.691 -605.239 7.000
M_772 0.000 401.769 8.000
L_773 0.000 679.918 9.000
D_774 -19.866 -475.402 9.000
W_775 -5.447 -203.500 9.000
N_776 -19.866 -507.047 9.000
P_777 0.000 -195.996 8.000
P_778 0.000 -195.996 7.000
K_779 -11.867 -818.649 6.000
A_780 0.000 185.740 6.000
K_781 -15.425 -818.649 9.000
A_782 0.000 185.740 6.000
S_783 -11.867 -90.060 6.000
V_784 0.000 613.196 3.000
L_785 0.000 679.918 3.000
A_786 0.000 185.740 0.000
P_787 0.000 -195.996 0.000
L_788 0.000 679.918 3.000
F_789 0.000 560.542 6.000
S_790 -11.867 -90.060 6.000
S_791 -11.867 -90.060 6.000
C_792 0.000 322.480 6.000
G_793 0.000 -27.649 7.000
P_794 0.000 -195.996 8.000
Q_795 -18.409 -643.904 8.000
Q_796 -22.253 -643.904 11.000
A_797 0.000 185.740 16.000
S_798 -17.811 -90.060 12.000
R_799 -21.845 -1015.709 8.000
P_800 0.000 -195.996 11.000
G_801 0.000 -27.649 11.000
S_802 -11.867 -90.060 6.000
T_803 -15.425 -90.974 9.000
A_804 0.000 185.740 12.000
S_805 -17.811 -90.060 12.000
S_806 -19.059 -90.060 14.000
T_807 -19.059 -90.974 14.000
R_808 -27.076 -1015.709 11.000
G_809 0.000 -27.649 8.000
L_810 0.000 679.918 8.000
P_811 0.000 -195.996 6.000
S_812 -16.309 -90.060 10.000
S_813 -18.462 -90.060 13.000
Q_814 -25.772 -643.904 15.000
S_815 -20.609 -90.060 17.000
H_816 -13.896 -583.484 17.000
R_817 -29.616 -1015.709 13.000
K_818 -16.309 -818.649 10.000
