M_1 0.000 401.769 3.000
K_2 -4.441 -818.649 3.000
G_3 0.000 -27.649 6.000
M_4 0.000 401.769 8.000
S_5 -15.425 -90.060 9.000
H_6 -10.601 -583.484 9.000
E_7 -23.258 -605.239 12.000
P_8 0.000 -195.996 12.000
K_9 -16.309 -818.649 10.000
S_10 -15.425 -90.060 9.000
P_11 0.000 -195.996 9.000
S_12 -11.867 -90.060 6.000
L_13 0.000 679.918 3.000
G_14 0.000 -27.649 3.000
M_15 0.000 401.769 3.000
L_16 0.000 679.918 6.000
S_17 -11.867 -90.060 6.000
T_18 -15.425 -90.974 9.000
A_19 0.000 185.740 14.000
T_20 -19.059 -90.974 14.000
R_21 -30.711 -1015.709 14.000
T_22 -19.059 -90.974 14.000
T_23 -19.059 -90.974 14.000
A_24 0.000 185.740 9.000
T_25 -16.309 -90.974 10.000
V_26 0.000 613.196 7.000
N_27 -16.691 -507.047 7.000
P_28 0.000 -195.996 7.000
L_29 0.000 679.918 7.000
T_30 -11.867 -90.974 6.000
P_31 0.000 -195.996 6.000
S_32 -11.867 -90.060 6.000
P_33 0.000 -195.996 7.000
L_34 0.000 679.918 7.000
N_35 -7.878 -507.047 4.000
G_36 0.000 -27.649 4.000
A_37 0.000 185.740 4.000
L_38 0.000 679.918 0.000
V_39 0.000 613.196 3.000
P_40 0.000 -195.996 3.000
S_41 -11.867 -90.060 6.000
G_42 0.000 -27.649 6.000
S_43 -11.867 -90.060 6.000
P_44 0.000 -195.996 6.000
A_45 0.000 185.740 9.000
T_46 -15.425 -90.974 9.000
S_47 -15.425 -90.060 9.000
S_48 -15.425 -90.060 9.000
A_49 0.000 185.740 9.000
L_50 0.000 679.918 6.000
S_51 -13.255 -90.060 7.000
A_52 0.000 185.740 7.000
Q_53 -16.691 -643.904 7.000
A_54 0.000 185.740 4.000
A_55 0.000 185.740 7.000
P_56 0.000 -195.996 6.000
S_57 -15.425 -90.060 9.000
S_58 -15.425 -90.060 9.000
S_59 -15.425 -90.060 9.000
F_60 0.000 560.542 6.000
A_61 0.000 185.740 3.000
A_62 0.000 185.740 0.000
A_63 0.000 185.740 5.000
L_64 0.000 679.918 8.000
R_65 -21.845 -1015.709 8.000
K_66 -14.420 -818.649 8.000
L_67 0.000 679.918 11.000
A_68 0.000 185.740 10.000
K_69 -13.255 -818.649 7.000
Q_70 -22.253 -643.904 11.000
A_71 0.000 185.740 15.000
E_72 -23.258 -605.239 12.000
E_73 -24.169 -605.239 13.000
P_74 0.000 -195.996 13.000
R_75 -28.412 -1015.709 12.000
G_76 0.000 -27.649 11.000
S_77 -17.098 -90.060 11.000
S_78 -15.425 -90.060 9.000
L_79 0.000 679.918 12.000
S_80 -18.462 -90.060 13.000
S_81 -18.462 -90.060 13.000
E_82 -26.485 -605.239 16.000
S_83 -18.462 -90.060 13.000
S_84 -16.309 -90.060 10.000
P_85 0.000 -195.996 9.000
V_86 0.000 613.196 9.000
S_87 -11.867 -90.060 6.000
S_88 -11.867 -90.060 6.000
P_89 0.000 -195.996 9.000
A_90 0.000 185.740 10.000
T_91 -15.425 -90.974 9.000
N_92 -23.258 -507.047 12.000
H_93 -13.255 -583.484 15.000
S_94 -17.811 -90.060 12.000
S_95 -14.420 -90.060 8.000
P_96 0.000 -195.996 9.000
A_97 0.000 185.740 9.000
S_98 -11.867 -90.060 6.000
T_99 -15.425 -90.974 9.000
P_100 0.000 -195.996 14.000
K_101 -17.098 -818.649 11.000
R_102 -21.845 -1015.709 8.000
V_103 0.000 613.196 8.000
P_104 0.000 -195.996 5.000
M_105 0.000 401.769 0.000
G_106 0.000 -27.649 0.000
P_107 0.000 -195.996 0.000
I_108 0.000 777.529 0.000
I_109 0.000 777.529 0.000
V_110 0.000 613.196 0.000
P_111 0.000 -195.996 0.000
P_112 0.000 -195.996 0.000
G_113 0.000 -27.649 2.000
G_114 0.000 -27.649 5.000
H_115 -7.426 -583.484 5.000
S_116 -10.149 -90.060 5.000
V_117 0.000 613.196 8.000
P_118 0.000 -195.996 9.000
S_119 -11.867 -90.060 6.000
T_120 -11.867 -90.974 6.000
P_121 0.000 -195.996 6.000
P_122 0.000 -195.996 3.000
V_123 0.000 613.196 3.000
V_124 0.000 613.196 3.000
T_125 -4.441 -90.974 3.000
I_126 0.000 777.529 3.000
A_127 0.000 185.740 6.000
P_128 0.000 -195.996 6.000
T_129 -15.425 -90.974 9.000
K_130 -15.425 -818.649 9.000
T_131 -18.462 -90.974 13.000
V_132 0.000 613.196 10.000
N_133 -16.691 -507.047 7.000
G_134 0.000 -27.649 5.000
V_135 0.000 613.196 10.000
W_136 -5.447 -203.500 9.000
R_137 -29.616 -1015.709 13.000
S_138 -20.127 -90.060 16.000
E_139 -28.912 -605.239 20.000
S_140 -21.486 -90.060 19.000
R_141 -35.785 -1015.709 20.000
Q_142 -26.485 -643.904 16.000
D_143 -24.169 -475.402 13.000
A_144 0.000 185.740 11.000
G_145 0.000 -27.649 12.000
S_146 -17.098 -90.060 11.000
R_147 -30.711 -1015.709 14.000
S_148 -20.609 -90.060 17.000
S_149 -19.059 -90.060 14.000
S_150 -15.425 -90.060 9.000
G_151 0.000 -27.649 11.000
G_152 0.000 -27.649 12.000
R_153 -30.711 -1015.709 14.000
E_154 -25.003 -605.239 14.000
R_155 -30.711 -1015.709 14.000
L_156 0.000 679.918 9.000
I_157 0.000 777.529 9.000
V_158 0.000 613.196 4.000
E_159 -7.878 -605.239 4.000
P_160 0.000 -195.996 4.000
P_161 0.000 -195.996 4.000
L_162 0.000 679.918 4.000
P_163 0.000 -195.996 8.000
Q_164 -22.253 -643.904 11.000
E_165 -22.253 -605.239 11.000
K_166 -17.098 -818.649 11.000
A_167 0.000 185.740 7.000
G_168 0.000 -27.649 3.000
G_169 0.000 -27.649 0.000
P_170 0.000 -195.996 0.000
A_171 0.000 185.740 0.000
I_172 0.000 777.529 3.000
P_173 0.000 -195.996 5.000
S_174 -10.149 -90.060 5.000
H_175 -7.426 -583.484 5.000
L_176 0.000 679.918 8.000
L_177 0.000 679.918 8.000
S_178 -11.867 -90.060 6.000
T_179 -14.420 -90.974 8.000
P_180 0.000 -195.996 8.000
Y_181 -7.426 -274.939 5.000
P_182 0.000 -195.996 2.000
F_183 0.000 560.542 2.000
G_184 0.000 -27.649 3.000
L_185 0.000 679.918 3.000
S_186 -11.867 -90.060 6.000
P_187 0.000 -195.996 9.000
S_188 -15.425 -90.060 9.000
S_189 -11.867 -90.060 6.000
V_190 0.000 613.196 10.000
V_191 0.000 613.196 11.000
Q_192 -22.253 -643.904 11.000
D_193 -26.485 -475.402 16.000
S_194 -20.127 -90.060 16.000
R_195 -28.412 -1015.709 12.000
F_196 0.000 560.542 8.000
P_197 0.000 -195.996 5.000
P_198 0.000 -195.996 4.000
L_199 0.000 679.918 4.000
N_200 -18.409 -507.047 8.000
L_201 0.000 679.918 13.000
Q_202 -24.169 -643.904 13.000
R_203 -23.856 -1015.709 9.000
P_204 0.000 -195.996 11.000
V_205 0.000 613.196 9.000
H_206 -6.160 -583.484 4.000
H_207 -6.160 -583.484 4.000
V_208 0.000 613.196 4.000
V_209 0.000 613.196 2.000
P_210 0.000 -195.996 3.000
P_211 0.000 -195.996 6.000
S_212 -11.867 -90.060 6.000
T_213 -15.425 -90.974 9.000
V_214 0.000 613.196 13.000
T_215 -19.059 -90.974 14.000
E_216 -24.169 -605.239 13.000
D_217 -24.169 -475.402 13.000
Y_218 -13.255 -274.939 15.000
L_219 0.000 679.918 14.000
R_220 -25.574 -1015.709 10.000
S_221 -18.462 -90.060 13.000
F_222 0.000 560.542 13.000
R_223 -25.574 -1015.709 10.000
P_224 0.000 -195.996 9.000
Y_225 -12.104 -274.939 12.000
H_226 -11.154 -583.484 10.000
T_227 -19.059 -90.974 14.000
T_228 -20.127 -90.974 16.000
D_229 -25.003 -475.402 14.000
D_230 -26.485 -475.402 16.000
L_231 0.000 679.918 13.000
R_232 -28.412 -1015.709 12.000
M_233 0.000 401.769 11.000
S_234 -17.098 -90.060 11.000
S_235 -11.867 -90.060 6.000
L_236 0.000 679.918 6.000
P_237 0.000 -195.996 3.000
P_238 0.000 -195.996 0.000
L_239 0.000 679.918 0.000
G_240 0.000 -27.649 4.000
L_241 0.000 679.918 4.000
D_242 -7.878 -475.402 4.000
P_243 0.000 -195.996 7.000
A_244 0.000 185.740 7.000
T_245 -4.441 -90.974 3.000
A_246 0.000 185.740 3.000
A_247 0.000 185.740 5.000
A_248 0.000 185.740 4.000
Y_249 -8.431 -274.939 6.000
Y_250 -8.431 -274.939 6.000
H_251 -10.601 -583.484 9.000
P_252 0.000 -195.996 9.000
S_253 -13.255 -90.060 7.000
Y_254 -7.426 -274.939 5.000
L_255 0.000 679.918 5.000
A_256 0.000 185.740 4.000
P_257 0.000 -195.996 2.000
H_258 -1.718 -583.484 2.000
P_259 0.000 -195.996 2.000
F_260 0.000 560.542 4.000
P_261 0.000 -195.996 2.000
H_262 -1.718 -583.484 2.000
P_263 0.000 -195.996 2.000
A_264 0.000 185.740 7.000
F_265 0.000 560.542 5.000
R_266 -23.856 -1015.709 9.000
M_267 0.000 401.769 13.000
D_268 -26.485 -475.402 16.000
D_269 -24.169 -475.402 13.000
S_270 -18.462 -90.060 13.000
Y_271 -10.601 -274.939 9.000
C_272 0.000 322.480 8.000
L_273 0.000 679.918 5.000
S_274 -4.441 -90.060 3.000
A_275 0.000 185.740 8.000
L_276 0.000 679.918 11.000
R_277 -21.845 -1015.709 8.000
S_278 -14.420 -90.060 8.000
P_279 0.000 -195.996 10.000
F_280 0.000 560.542 5.000
Y_281 -1.718 -274.939 2.000
P_282 0.000 -195.996 2.000
I_283 0.000 777.529 5.000
P_284 0.000 -195.996 3.000
T_285 -4.441 -90.974 3.000
P_286 0.000 -195.996 6.000
G_287 0.000 -27.649 6.000
S_288 -4.441 -90.060 3.000
L_289 0.000 679.918 3.000
P_290 0.000 -195.996 3.000
P_291 0.000 -195.996 2.000
L_292 0.000 679.918 2.000
H_293 -7.426 -583.484 5.000
P_294 0.000 -195.996 5.000
S_295 -10.149 -90.060 5.000
A_296 0.000 185.740 5.000
M_297 0.000 401.769 5.000
H_298 -6.160 -583.484 4.000
L_299 0.000 679.918 4.000
H_300 -9.265 -583.484 7.000
L_301 0.000 679.918 5.000
S_302 -10.149 -90.060 5.000
G_303 0.000 -27.649 8.000
V_304 0.000 613.196 10.000
R_305 -19.414 -1015.709 7.000
Y_306 -9.265 -274.939 7.000
P_307 0.000 -195.996 11.000
P_308 0.000 -195.996 6.000
E_309 -16.691 -605.239 7.000
L_310 0.000 679.918 9.000
S_311 -17.811 -90.060 12.000
H_312 -11.652 -583.484 11.000
S_313 -17.098 -90.060 11.000
S_314 -14.420 -90.060 8.000
L_315 0.000 679.918 6.000
A_316 0.000 185.740 3.000
A_317 0.000 185.740 2.000
L_318 0.000 679.918 5.000
H_319 -10.601 -583.484 9.000
S_320 -19.059 -90.060 14.000
E_321 -25.003 -605.239 14.000
R_322 -31.716 -1015.709 15.000
M_323 0.000 401.769 12.000
S_324 -14.420 -90.060 8.000
G_325 0.000 -27.649 6.000
L_326 0.000 679.918 6.000
S_327 -13.255 -90.060 7.000
A_328 0.000 185.740 12.000
E_329 -23.258 -605.239 12.000
R_330 -29.616 -1015.709 13.000
L_331 0.000 679.918 13.000
Q_332 -24.169 -643.904 13.000
M_333 0.000 401.769 12.000
D_334 -26.485 -475.402 16.000
E_335 -23.258 -605.239 12.000
E_336 -27.150 -605.239 17.000
L_337 0.000 679.918 18.000
R_338 -34.315 -1015.709 18.000
R_339 -35.072 -1015.709 19.000
E_340 -30.407 -605.239 23.000
R_341 -37.706 -1015.709 23.000
E_342 -29.934 -605.239 22.000
R_343 -37.706 -1015.709 23.000
E_344 -29.934 -605.239 22.000
R_345 -37.706 -1015.709 23.000
E_346 -29.934 -605.239 22.000
R_347 -37.706 -1015.709 23.000
E_348 -29.934 -605.239 22.000
R_349 -37.706 -1015.709 23.000
E_350 -29.934 -605.239 22.000
R_351 -34.315 -1015.709 18.000
E_352 -27.150 -605.239 17.000
A_353 0.000 185.740 18.000
D_354 -27.150 -475.402 17.000
R_355 -34.315 -1015.709 18.000
E_356 -29.934 -605.239 22.000
R_357 -36.459 -1015.709 21.000
E_358 -28.912 -605.239 20.000
K_359 -22.271 -818.649 21.000
E_360 -28.912 -605.239 20.000
R_361 -36.459 -1015.709 21.000
E_362 -29.934 -605.239 22.000
R_363 -37.706 -1015.709 23.000
E_364 -29.934 -605.239 22.000
R_365 -36.459 -1015.709 21.000
E_366 -28.912 -605.239 20.000
K_367 -22.271 -818.649 21.000
E_368 -28.912 -605.239 20.000
R_369 -35.785 -1015.709 20.000
E_370 -29.436 -605.239 21.000
Q_371 -28.912 -643.904 20.000
E_372 -28.359 -605.239 19.000
K_373 -21.889 -818.649 20.000
E_374 -28.912 -605.239 20.000
R_375 -36.459 -1015.709 21.000
E_376 -29.934 -605.239 22.000
R_377 -36.459 -1015.709 21.000
E_378 -28.912 -605.239 20.000
K_379 -22.271 -818.649 21.000
E_380 -28.912 -605.239 20.000
R_381 -36.459 -1015.709 21.000
E_382 -29.934 -605.239 22.000
R_383 -34.315 -1015.709 18.000
E_384 -27.150 -605.239 17.000
L_385 0.000 679.918 18.000
E_386 -27.150 -605.239 17.000
R_387 -34.315 -1015.709 18.000
Q_388 -29.934 -643.904 22.000
R_389 -37.098 -1015.709 22.000
E_390 -29.934 -605.239 22.000
Q_391 -27.773 -643.904 18.000
R_392 -34.315 -1015.709 18.000
A_393 0.000 185.740 18.000
R_394 -33.508 -1015.709 17.000
E_395 -26.485 -605.239 16.000
K_396 -20.127 -818.649 16.000
E_397 -22.253 -605.239 11.000
L_398 0.000 679.918 7.000
L_399 0.000 679.918 4.000
A_400 0.000 185.740 3.000
A_401 0.000 185.740 3.000
K_402 -4.441 -818.649 3.000
A_403 0.000 185.740 7.000
L_404 0.000 679.918 7.000
E_405 -16.691 -605.239 7.000
P_406 0.000 -195.996 7.000
S_407 -13.255 -90.060 7.000
F_408 0.000 560.542 3.000
L_409 0.000 679.918 3.000
P_410 0.000 -195.996 0.000
V_411 0.000 613.196 4.000
A_412 0.000 185.740 4.000
E_413 -14.591 -605.239 6.000
L_414 0.000 679.918 6.000
H_415 -8.431 -583.484 6.000
G_416 0.000 -27.649 7.000
L_417 0.000 679.918 7.000
R_418 -19.414 -1015.709 7.000
G_419 0.000 -27.649 7.000
H_420 -11.154 -583.484 10.000
A_421 0.000 185.740 9.000
T_422 -18.462 -90.974 13.000
E_423 -26.485 -605.239 16.000
E_424 -26.485 -605.239 16.000
R_425 -32.645 -1015.709 16.000
G_426 0.000 -27.649 12.000
K_427 -17.098 -818.649 11.000
P_428 0.000 -195.996 10.000
S_429 -19.059 -90.060 14.000
E_430 -22.253 -605.239 11.000
Q_431 -25.003 -643.904 14.000
L_432 0.000 679.918 11.000
T_433 -16.309 -90.974 10.000
P_434 0.000 -195.996 11.000
T_435 -17.098 -90.974 11.000
R_436 -28.412 -1015.709 12.000
A_437 0.000 185.740 15.000
E_438 -23.258 -605.239 12.000
K_439 -16.309 -818.649 10.000
L_440 0.000 679.918 14.000
K_441 -16.309 -818.649 10.000
D_442 -16.691 -475.402 7.000
A_443 0.000 185.740 7.000
G_444 0.000 -27.649 8.000
L_445 0.000 679.918 4.000
Q_446 -7.878 -643.904 4.000
A_447 0.000 185.740 7.000
P_448 0.000 -195.996 7.000
K_449 -4.441 -818.649 3.000
P_450 0.000 -195.996 7.000
V_451 0.000 613.196 9.000
Q_452 -14.591 -643.904 6.000
H_453 -8.431 -583.484 6.000
P_454 0.000 -195.996 8.000
L_455 0.000 679.918 4.000
H_456 -1.718 -583.484 2.000
P_457 0.000 -195.996 2.000
V_458 0.000 613.196 5.000
P_459 0.000 -195.996 3.000
T_460 -10.149 -90.974 5.000
P_461 0.000 -195.996 7.000
H_462 -11.154 -583.484 10.000
H_463 -9.265 -583.484 7.000
T_464 -13.255 -90.974 7.000
V_465 0.000 613.196 8.000
P_466 0.000 -195.996 6.000
S_467 -4.441 -90.060 3.000
L_468 0.000 679.918 6.000
I_469 0.000 777.529 10.000
S_470 -15.425 -90.060 9.000
N_471 -19.866 -507.047 9.000
H_472 -10.601 -583.484 9.000
G_473 0.000 -27.649 6.000
I_474 0.000 777.529 5.000
F_475 0.000 560.542 3.000
S_476 -4.441 -90.060 3.000
L_477 0.000 679.918 6.000
P_478 0.000 -195.996 9.000
S_479 -15.425 -90.060 9.000
S_480 -15.425 -90.060 9.000
S_481 -15.425 -90.060 9.000
A_482 0.000 185.740 9.000
A_483 0.000 185.740 6.000
T_484 -4.441 -90.974 3.000
A_485 0.000 185.740 3.000
L_486 0.000 679.918 3.000
L_487 0.000 679.918 4.000
I_488 0.000 777.529 9.000
Q_489 -23.258 -643.904 12.000
R_490 -32.645 -1015.709 16.000
T_491 -21.889 -90.974 20.000
N_492 -28.912 -507.047 20.000
E_493 -28.359 -605.239 19.000
E_494 -28.359 -605.239 19.000
E_495 -26.485 -605.239 16.000
K_496 -17.811 -818.649 12.000
W_497 -5.155 -203.500 8.000
L_498 0.000 679.918 9.000
A_499 0.000 185.740 10.000
R_500 -30.711 -1015.709 14.000
Q_501 -28.359 -643.904 19.000
R_502 -35.072 -1015.709 19.000
R_503 -35.072 -1015.709 19.000
L_504 0.000 679.918 19.000
R_505 -34.315 -1015.709 18.000
Q_506 -26.485 -643.904 16.000
E_507 -28.912 -605.239 20.000
K_508 -21.486 -818.649 19.000
E_509 -28.912 -605.239 20.000
D_510 -28.912 -475.402 20.000
R_511 -35.785 -1015.709 20.000
Q_512 -28.912 -643.904 20.000
S_513 -20.127 -90.060 16.000
Q_514 -25.003 -643.904 14.000
V_515 0.000 613.196 14.000
S_516 -17.098 -90.060 11.000
E_517 -23.258 -605.239 12.000
F_518 0.000 560.542 16.000
R_519 -33.508 -1015.709 17.000
Q_520 -24.169 -643.904 13.000
Q_521 -24.169 -643.904 13.000
V_522 0.000 613.196 12.000
L_523 0.000 679.918 12.000
E_524 -21.132 -605.239 10.000
Q_525 -21.132 -643.904 10.000
H_526 -12.900 -583.484 14.000
L_527 0.000 679.918 10.000
D_528 -14.591 -475.402 6.000
M_529 0.000 401.769 9.000
G_530 0.000 -27.649 9.000
R_531 -11.867 -1015.709 5.000
P_532 0.000 -195.996 5.000
P_533 0.000 -195.996 5.000
V_534 0.000 613.196 0.000
P_535 0.000 -195.996 4.000
A_536 0.000 185.740 4.000
E_537 -18.409 -605.239 8.000
A_538 0.000 185.740 10.000
E_539 -25.772 -605.239 15.000
H_540 -11.652 -583.484 11.000
R_541 -31.716 -1015.709 15.000
P_542 0.000 -195.996 14.000
E_543 -25.772 -605.239 15.000
S_544 -18.462 -90.060 13.000
T_545 -21.060 -90.974 18.000
T_546 -19.059 -90.974 14.000
R_547 -27.076 -1015.709 11.000
P_548 0.000 -195.996 8.000
G_549 0.000 -27.649 9.000
P_550 0.000 -195.996 9.000
N_551 -22.253 -507.047 11.000
R_552 -31.716 -1015.709 15.000
H_553 -13.255 -583.484 15.000
E_554 -22.253 -605.239 11.000
P_555 0.000 -195.996 6.000
G_556 0.000 -27.649 9.000
G_557 0.000 -27.649 9.000
R_558 -23.856 -1015.709 9.000
D_559 -19.866 -475.402 9.000
P_560 0.000 -195.996 13.000
P_561 0.000 -195.996 10.000
Q_562 -14.591 -643.904 6.000
H_563 -8.431 -583.484 6.000
F_564 0.000 560.542 6.000
G_565 0.000 -27.649 2.000
G_566 0.000 -27.649 0.000
P_567 0.000 -195.996 0.000
P_568 0.000 -195.996 0.000
P_569 0.000 -195.996 0.000
L_570 0.000 679.918 3.000
I_571 0.000 777.529 3.000
S_572 -11.867 -90.060 6.000
P_573 0.000 -195.996 6.000
K_574 -16.309 -818.649 10.000
P_575 0.000 -195.996 7.000
Q_576 -19.866 -643.904 9.000
L_577 0.000 679.918 6.000
H_578 -8.431 -583.484 6.000
A_579 0.000 185.740 2.000
A_580 0.000 185.740 5.000
P_581 0.000 -195.996 3.000
T_582 -4.441 -90.974 3.000
A_583 0.000 185.740 4.000
L_584 0.000 679.918 8.000
W_585 -3.990 -203.500 5.000
N_586 -11.867 -507.047 5.000
P_587 0.000 -195.996 8.000
V_588 0.000 613.196 7.000
S_589 -4.441 -90.060 3.000
L_590 0.000 679.918 7.000
M_591 0.000 401.769 11.000
D_592 -22.253 -475.402 11.000
N_593 -22.253 -507.047 11.000
T_594 -19.613 -90.974 15.000
L_595 0.000 679.918 14.000
E_596 -25.772 -605.239 15.000
T_597 -20.609 -90.974 17.000
R_598 -33.508 -1015.709 17.000
R_599 -33.508 -1015.709 17.000
A_600 0.000 185.740 17.000
E_601 -25.003 -605.239 14.000
S_602 -17.811 -90.060 12.000
H_603 -12.104 -583.484 12.000
S_604 -16.309 -90.060 10.000
L_605 0.000 679.918 10.000
H_606 -11.154 -583.484 10.000
S_607 -13.255 -90.060 7.000
H_608 -9.265 -583.484 7.000
P_609 0.000 -195.996 5.000
A_610 0.000 185.740 2.000
A_611 0.000 185.740 4.000
F_612 0.000 560.542 4.000
E_613 -16.691 -605.239 7.000
P_614 0.000 -195.996 12.000
S_615 -20.127 -90.060 16.000
R_616 -28.412 -1015.709 12.000
Q_617 -23.258 -643.904 12.000
A_618 0.000 185.740 9.000
A_619 0.000 185.740 4.000
V_620 0.000 613.196 0.000
P_621 0.000 -195.996 0.000
L_622 0.000 679.918 3.000
V_623 0.000 613.196 3.000
K_624 -13.255 -818.649 7.000
V_625 0.000 613.196 12.000
E_626 -23.258 -605.239 12.000
R_627 -23.856 -1015.709 9.000
V_628 0.000 613.196 9.000
F_629 0.000 560.542 5.000
C_630 0.000 322.480 4.000
P_631 0.000 -195.996 7.000
E_632 -16.691 -605.239 7.000
K_633 -17.098 -818.649 11.000
A_634 0.000 185.740 15.000
E_635 -22.253 -605.239 11.000
E_636 -18.409 -605.239 8.000
G_637 0.000 -27.649 13.000
P_638 0.000 -195.996 12.000
R_639 -29.616 -1015.709 13.000
K_640 -20.609 -818.649 17.000
R_641 -33.508 -1015.709 17.000
E_642 -23.258 -605.239 12.000
P_643 0.000 -195.996 9.000
A_644 0.000 185.740 4.000
P_645 0.000 -195.996 4.000
L_646 0.000 679.918 7.000
D_647 -19.866 -475.402 9.000
K_648 -18.462 -818.649 13.000
Y_649 -12.518 -274.939 13.000
Q_650 -19.866 -643.904 9.000
P_651 0.000 -195.996 6.000
P_652 0.000 -195.996 4.000
P_653 0.000 -195.996 0.000
P_654 0.000 -195.996 0.000
P_655 0.000 -195.996 5.000
P_656 0.000 -195.996 9.000
R_657 -23.856 -1015.709 9.000
E_658 -19.866 -605.239 9.000
G_659 0.000 -27.649 12.000
G_660 0.000 -27.649 7.000
S_661 -13.255 -90.060 7.000
L_662 0.000 679.918 9.000
E_663 -24.169 -605.239 13.000
H_664 -11.154 -583.484 10.000
Q_665 -21.132 -643.904 10.000
P_666 0.000 -195.996 6.000
F_667 0.000 560.542 4.000
L_668 0.000 679.918 0.000
P_669 0.000 -195.996 0.000
G_670 0.000 -27.649 0.000
P_671 0.000 -195.996 0.000
G_672 0.000 -27.649 0.000
P_673 0.000 -195.996 0.000
F_674 0.000 560.542 0.000
L_675 0.000 679.918 4.000
A_676 0.000 185.740 4.000
E_677 -18.409 -605.239 8.000
L_678 0.000 679.918 11.000
E_679 -25.003 -605.239 14.000
K_680 -18.462 -818.649 13.000
S_681 -20.609 -90.060 17.000
T_682 -20.127 -90.974 16.000
Q_683 -24.169 -643.904 13.000
T_684 -16.309 -90.974 10.000
I_685 0.000 777.529 7.000
L_686 0.000 679.918 7.000
G_687 0.000 -27.649 8.000
Q_688 -24.169 -643.904 13.000
Q_689 -24.169 -643.904 13.000
R_690 -32.645 -1015.709 16.000
A_691 0.000 185.740 12.000
S_692 -14.420 -90.060 8.000
L_693 0.000 679.918 7.000
P_694 0.000 -195.996 7.000
Q_695 -7.878 -643.904 4.000
A_696 0.000 185.740 7.000
A_697 0.000 185.740 7.000
T_698 -4.441 -90.974 3.000
F_699 0.000 560.542 7.000
G_700 0.000 -27.649 7.000
E_701 -16.691 -605.239 7.000
L_702 0.000 679.918 7.000
S_703 -13.255 -90.060 7.000
G_704 0.000 -27.649 3.000
P_705 0.000 -195.996 6.000
L_706 0.000 679.918 3.000
K_707 -4.441 -818.649 3.000
P_708 0.000 -195.996 6.000
G_709 0.000 -27.649 6.000
S_710 -10.149 -90.060 5.000
P_711 0.000 -195.996 10.000
Y_712 -11.154 -274.939 10.000
R_713 -19.414 -1015.709 7.000
P_714 0.000 -195.996 7.000
P_715 0.000 -195.996 5.000
V_716 0.000 613.196 5.000
P_717 0.000 -195.996 5.000
R_718 -11.867 -1015.709 5.000
A_719 0.000 185.740 9.000
P_720 0.000 -195.996 9.000
D_721 -7.878 -475.402 4.000
P_722 0.000 -195.996 6.000
A_723 0.000 185.740 6.000
Y_724 -6.160 -274.939 4.000
I_725 0.000 777.529 8.000
Y_726 -12.104 -274.939 12.000
D_727 -21.132 -475.402 10.000
E_728 -21.132 -605.239 10.000
F_729 0.000 560.542 12.000
L_730 0.000 679.918 12.000
Q_731 -24.169 -643.904 13.000
Q_732 -27.773 -643.904 18.000
R_733 -37.706 -1015.709 23.000
R_734 -35.072 -1015.709 19.000
R_735 -31.716 -1015.709 15.000
L_736 0.000 679.918 13.000
V_737 0.000 613.196 11.000
S_738 -11.867 -90.060 6.000
K_739 -16.309 -818.649 10.000
L_740 0.000 679.918 10.000
D_741 -22.253 -475.402 11.000
L_742 0.000 679.918 12.000
E_743 -27.150 -605.239 17.000
E_744 -27.773 -605.239 18.000
R_745 -37.706 -1015.709 23.000
R_746 -38.285 -1015.709 24.000
R_747 -38.285 -1015.709 24.000
R_748 -35.072 -1015.709 19.000
E_749 -27.773 -605.239 18.000
A_750 0.000 185.740 17.000
Q_751 -25.772 -643.904 15.000
E_752 -22.253 -605.239 11.000
K_753 -18.462 -818.649 13.000
G_754 0.000 -27.649 11.000
Y_755 -10.601 -274.939 9.000
Y_756 -11.154 -274.939 10.000
Y_757 -11.154 -274.939 10.000
D_758 -23.258 -475.402 12.000
L_759 0.000 679.918 14.000
D_760 -25.772 -475.402 15.000
D_761 -24.169 -475.402 13.000
S_762 -20.609 -90.060 17.000
Y_763 -13.896 -274.939 17.000
D_764 -26.485 -475.402 16.000
E_765 -27.150 -605.239 17.000
S_766 -21.486 -90.060 19.000
D_767 -28.359 -475.402 19.000
E_768 -28.359 -605.239 19.000
E_769 -26.485 -605.239 16.000
E_770 -27.150 -605.239 17.000
V_771 0.000 613.196 13.000
R_772 -27.076 -1015.709 11.000
A_773 0.000 185.740 7.000
H_774 -12.104 -583.484 12.000
L_775 0.000 679.918 7.000
R_776 -19.414 -1015.709 7.000
C_777 0.000 322.480 5.000
V_778 0.000 613.196 9.000
A_779 0.000 185.740 8.000
E_780 -18.409 -605.239 8.000
Q_781 -18.409 -643.904 8.000
P_782 0.000 -195.996 8.000
P_783 0.000 -195.996 7.000
L_784 0.000 679.918 3.000
K_785 -13.255 -818.649 7.000
L_786 0.000 679.918 10.000
D_787 -24.169 -475.402 13.000
T_788 -18.462 -90.974 13.000
S_789 -20.609 -90.060 17.000
S_790 -20.127 -90.060 16.000
E_791 -24.169 -605.239 13.000
K_792 -19.059 -818.649 14.000
L_793 0.000 679.918 11.000
E_794 -16.691 -605.239 7.000
F_795 0.000 560.542 8.000
L_796 0.000 679.918 8.000
Q_797 -7.878 -643.904 4.000
L_798 0.000 679.918 4.000
F_799 0.000 560.542 4.000
G_800 0.000 -27.649 3.000
L_801 0.000 679.918 6.000
T_802 -16.309 -90.974 10.000
T_803 -19.059 -90.974 14.000
Q_804 -27.773 -643.904 18.000
Q_805 -27.773 -643.904 18.000
Q_806 -28.359 -643.904 19.000
K_807 -21.486 -818.649 19.000
E_808 -25.772 -605.239 15.000
E_809 -22.253 -605.239 11.000
L_810 0.000 679.918 8.000
V_811 0.000 613.196 8.000
A_812 0.000 185.740 7.000
Q_813 -23.258 -643.904 12.000
K_814 -20.609 -818.649 17.000
R_815 -35.785 -1015.709 20.000
R_816 -36.459 -1015.709 21.000
K_817 -22.981 -818.649 23.000
R_818 -37.706 -1015.709 23.000
R_819 -34.315 -1015.709 18.000
R_820 -31.716 -1015.709 15.000
M_821 0.000 401.769 15.000
L_822 0.000 679.918 14.000
R_823 -30.711 -1015.709 14.000
E_824 -27.150 -605.239 17.000
R_825 -33.508 -1015.709 17.000
S_826 -19.613 -90.060 15.000
P_827 0.000 -195.996 11.000
S_828 -11.867 -90.060 6.000
P_829 0.000 -195.996 6.000
P_830 0.000 -195.996 6.000
T_831 -13.255 -90.974 7.000
I_832 0.000 777.529 10.000
Q_833 -24.169 -643.904 13.000
S_834 -19.613 -90.060 15.000
K_835 -21.486 -818.649 19.000
R_836 -34.315 -1015.709 18.000
Q_837 -25.772 -643.904 15.000
T_838 -19.613 -90.974 15.000
P_839 0.000 -195.996 10.000
S_840 -17.098 -90.060 11.000
P_841 0.000 -195.996 8.000
R_842 -21.845 -1015.709 8.000
L_843 0.000 679.918 5.000
A_844 0.000 185.740 8.000
L_845 0.000 679.918 6.000
S_846 -17.098 -90.060 11.000
T_847 -18.462 -90.974 13.000
R_848 -32.645 -1015.709 16.000
Y_849 -12.518 -274.939 13.000
S_850 -19.059 -90.060 14.000
P_851 0.000 -195.996 13.000
D_852 -22.253 -475.402 11.000
E_853 -23.258 -605.239 12.000
M_854 0.000 401.769 16.000
N_855 -25.772 -507.047 15.000
N_856 -22.253 -507.047 11.000
S_857 -19.613 -90.060 15.000
P_858 0.000 -195.996 11.000
N_859 -22.253 -507.047 11.000
F_860 0.000 560.542 12.000
E_861 -25.772 -605.239 15.000
E_862 -25.003 -605.239 14.000
K_863 -20.609 -818.649 17.000
K_864 -18.462 -818.649 13.000
K_865 -15.425 -818.649 9.000
F_866 0.000 560.542 9.000
L_867 0.000 679.918 6.000
T_868 -4.441 -90.974 3.000
I_869 0.000 777.529 7.000
F_870 0.000 560.542 7.000
N_871 -16.691 -507.047 7.000
L_872 0.000 679.918 9.000
T_873 -15.425 -90.974 9.000
H_874 -9.978 -583.484 8.000
I_875 0.000 777.529 8.000
S_876 -15.425 -90.060 9.000
A_877 0.000 185.740 10.000
E_878 -25.772 -605.239 15.000
K_879 -19.613 -818.649 15.000
R_880 -35.072 -1015.709 19.000
K_881 -21.060 -818.649 18.000
D_882 -28.359 -475.402 19.000
K_883 -21.486 -818.649 19.000
E_884 -26.485 -605.239 16.000
R_885 -28.412 -1015.709 12.000
L_886 0.000 679.918 13.000
V_887 0.000 613.196 9.000
E_888 -7.878 -605.239 4.000
M_889 0.000 401.769 9.000
L_890 0.000 679.918 9.000
R_891 -11.867 -1015.709 5.000
A_892 0.000 185.740 8.000
M_893 0.000 401.769 12.000
K_894 -16.309 -818.649 10.000
Q_895 -21.132 -643.904 10.000
K_896 -16.309 -818.649 10.000
A_897 0.000 185.740 10.000
L_898 0.000 679.918 6.000
S_899 -4.441 -90.060 3.000
A_900 0.000 185.740 3.000
A_901 0.000 185.740 3.000
V_902 0.000 613.196 4.000
A_903 0.000 185.740 7.000
D_904 -16.691 -475.402 7.000
S_905 -16.309 -90.060 10.000
L_906 0.000 679.918 14.000
T_907 -18.462 -90.974 13.000
N_908 -21.132 -507.047 10.000
S_909 -19.613 -90.060 15.000
P_910 0.000 -195.996 16.000
R_911 -31.716 -1015.709 15.000
D_912 -23.258 -475.402 12.000
S_913 -17.811 -90.060 12.000
P_914 0.000 -195.996 7.000
A_915 0.000 185.740 6.000
V_916 0.000 613.196 3.000
S_917 -11.867 -90.060 6.000
L_918 0.000 679.918 10.000
S_919 -16.309 -90.060 10.000
E_920 -16.691 -605.239 7.000
P_921 0.000 -195.996 10.000
A_922 0.000 185.740 11.000
T_923 -17.098 -90.974 11.000
Q_924 -22.253 -643.904 11.000
Q_925 -25.003 -643.904 14.000
A_926 0.000 185.740 11.000
S_927 -17.098 -90.060 11.000
L_928 0.000 679.918 7.000
D_929 -22.253 -475.402 11.000
V_930 0.000 613.196 11.000
E_931 -22.253 -605.239 11.000
K_932 -13.255 -818.649 7.000
P_933 0.000 -195.996 7.000
V_934 0.000 613.196 3.000
G_935 0.000 -27.649 0.000
V_936 0.000 613.196 0.000
A_937 0.000 185.740 3.000
A_938 0.000 185.740 3.000
S_939 -11.867 -90.060 6.000
L_940 0.000 679.918 10.000
S_941 -16.309 -90.060 10.000
D_942 -16.691 -475.402 7.000
I_943 0.000 777.529 10.000
P_944 0.000 -195.996 7.000
K_945 -4.441 -818.649 3.000
A_946 0.000 185.740 7.000
A_947 0.000 185.740 7.000
E_948 -7.878 -605.239 4.000
P_949 0.000 -195.996 7.000
G_950 0.000 -27.649 7.000
K_951 -13.255 -818.649 7.000
L_952 0.000 679.918 11.000
E_953 -22.253 -605.239 11.000
Q_954 -24.169 -643.904 13.000
V_955 0.000 613.196 13.000
R_956 -29.616 -1015.709 13.000
P_957 0.000 -195.996 13.000
Q_958 -24.169 -643.904 13.000
E_959 -22.253 -605.239 11.000
L_960 0.000 679.918 16.000
S_961 -17.811 -90.060 12.000
R_962 -28.412 -1015.709 12.000
V_963 0.000 613.196 16.000
Q_964 -24.169 -643.904 13.000
E_965 -18.409 -605.239 8.000
L_966 0.000 679.918 8.000
A_967 0.000 185.740 4.000
P_968 0.000 -195.996 3.000
A_969 0.000 185.740 3.000
S_970 -13.255 -90.060 7.000
G_971 0.000 -27.649 10.000
E_972 -21.132 -605.239 10.000
K_973 -17.811 -818.649 12.000
A_974 0.000 185.740 12.000
R_975 -27.076 -1015.709 11.000
L_976 0.000 679.918 12.000
S_977 -17.811 -90.060 12.000
E_978 -16.691 -605.239 7.000
A_979 0.000 185.740 7.000
P_980 0.000 -195.996 4.000
G_981 0.000 -27.649 3.000
G_982 0.000 -27.649 6.000
K_983 -15.425 -818.649 9.000
K_984 -15.425 -818.649 9.000
S_985 -17.811 -90.060 12.000
L_986 0.000 679.918 9.000
S_987 -11.867 -90.060 6.000
M_988 0.000 401.769 5.000
L_989 0.000 679.918 7.000
H_990 -6.160 -583.484 4.000
Y_991 -10.601 -274.939 9.000
I_992 0.000 777.529 9.000
R_993 -19.414 -1015.709 7.000
G_994 0.000 -27.649 5.000
A_995 0.000 185.740 5.000
A_996 0.000 185.740 3.000
P_997 0.000 -195.996 7.000
K_998 -13.255 -818.649 7.000
D_999 -16.691 -475.402 7.000
I_1000 0.000 777.529 7.000
P_1001 0.000 -195.996 4.000
V_1002 0.000 613.196 0.000
P_1003 0.000 -195.996 3.000
L_1004 0.000 679.918 5.000
S_1005 -14.420 -90.060 8.000
H_1006 -11.652 -583.484 11.000
S_1007 -19.613 -90.060 15.000
T_1008 -17.811 -90.974 12.000
N_1009 -24.169 -507.047 13.000
G_1010 0.000 -27.649 13.000
K_1011 -18.462 -818.649 13.000
S_1012 -15.425 -90.060 9.000
K_1013 -16.309 -818.649 10.000
P_1014 0.000 -195.996 11.000
W_1015 -5.155 -203.500 8.000
E_1016 -11.867 -605.239 5.000
P_1017 0.000 -195.996 5.000
F_1018 0.000 560.542 4.000
V_1019 0.000 613.196 4.000
A_1020 0.000 185.740 8.000
E_1021 -18.409 -605.239 8.000
E_1022 -18.409 -605.239 8.000
F_1023 0.000 560.542 10.000
A_1024 0.000 185.740 10.000
H_1025 -8.431 -583.484 6.000
Q_1026 -18.409 -643.904 8.000
F_1027 0.000 560.542 12.000
H_1028 -12.518 -583.484 13.000
E_1029 -19.866 -605.239 9.000
S_1030 -15.425 -90.060 9.000
V_1031 0.000 613.196 11.000
L_1032 0.000 679.918 10.000
Q_1033 -21.132 -643.904 10.000
S_1034 -19.059 -90.060 14.000
T_1035 -20.609 -90.974 17.000
Q_1036 -24.169 -643.904 13.000
K_1037 -16.309 -818.649 10.000
A_1038 0.000 185.740 11.000
L_1039 0.000 679.918 10.000
Q_1040 -19.866 -643.904 9.000
K_1041 -17.811 -818.649 12.000
H_1042 -12.104 -583.484 12.000
K_1043 -17.098 -818.649 11.000
G_1044 0.000 -27.649 8.000
S_1045 -11.867 -90.060 6.000
V_1046 0.000 613.196 3.000
A_1047 0.000 185.740 3.000
V_1048 0.000 613.196 3.000
L_1049 0.000 679.918 3.000
S_1050 -13.255 -90.060 7.000
A_1051 0.000 185.740 11.000
E_1052 -25.772 -605.239 15.000
Q_1053 -25.003 -643.904 14.000
N_1054 -27.150 -507.047 17.000
H_1055 -12.518 -583.484 13.000
K_1056 -18.462 -818.649 13.000
V_1057 0.000 613.196 12.000
D_1058 -24.169 -475.402 13.000
T_1059 -16.309 -90.974 10.000
S_1060 -17.811 -90.060 12.000
V_1061 0.000 613.196 10.000
H_1062 -11.652 -583.484 11.000
Y_1063 -9.978 -274.939 8.000
N_1064 -18.409 -507.047 8.000
I_1065 0.000 777.529 10.000
P_1066 0.000 -195.996 8.000
E_1067 -18.409 -605.239 8.000
L_1068 0.000 679.918 11.000
Q_1069 -25.003 -643.904 14.000
S_1070 -18.462 -90.060 13.000
S_1071 -21.060 -90.060 18.000
S_1072 -19.059 -90.060 14.000
R_1073 -27.076 -1015.709 11.000
A_1074 0.000 185.740 8.000
P_1075 0.000 -195.996 5.000
P_1076 0.000 -195.996 4.000
P_1077 0.000 -195.996 6.000
Q_1078 -21.132 -643.904 10.000
H_1079 -11.154 -583.484 10.000
N_1080 -25.003 -507.047 14.000
G_1081 0.000 -27.649 14.000
Q_1082 -26.485 -643.904 16.000
Q_1083 -23.258 -643.904 12.000
E_1084 -23.258 -605.239 12.000
P_1085 0.000 -195.996 11.000
P_1086 0.000 -195.996 7.000
T_1087 -14.420 -90.974 8.000
A_1088 0.000 185.740 11.000
R_1089 -27.076 -1015.709 11.000
K_1090 -14.420 -818.649 8.000
G_1091 0.000 -27.649 8.000
P_1092 0.000 -195.996 6.000
P_1093 0.000 -195.996 7.000
T_1094 -17.098 -90.974 11.000
Q_1095 -22.253 -643.904 11.000
E_1096 -25.772 -605.239 15.000
L_1097 0.000 679.918 17.000
D_1098 -27.150 -475.402 17.000
R_1099 -32.645 -1015.709 16.000
D_1100 -28.912 -475.402 20.000
S_1101 -21.889 -90.060 20.000
E_1102 -28.359 -605.239 19.000
E_1103 -28.359 -605.239 19.000
E_1104 -28.912 -605.239 20.000
E_1105 -28.912 -605.239 20.000
E_1106 -28.912 -605.239 20.000
E_1107 -28.912 -605.239 20.000
D_1108 -28.912 -475.402 20.000
D_1109 -28.912 -475.402 20.000
E_1110 -26.485 -605.239 16.000
D_1111 -26.485 -475.402 16.000
G_1112 0.000 -27.649 16.000
E_1113 -26.485 -605.239 16.000
D_1114 -26.485 -475.402 16.000
E_1115 -28.912 -605.239 20.000
E_1116 -26.485 -605.239 16.000
E_1117 -23.258 -605.239 12.000
V_1118 0.000 613.196 11.000
P_1119 0.000 -195.996 12.000
K_1120 -17.098 -818.649 11.000
R_1121 -28.412 -1015.709 12.000
K_1122 -20.127 -818.649 16.000
W_1123 -6.358 -203.500 13.000
Q_1124 -18.409 -643.904 8.000
G_1125 0.000 -27.649 9.000
I_1126 0.000 777.529 8.000
E_1127 -7.878 -605.239 4.000
A_1128 0.000 185.740 4.000
V_1129 0.000 613.196 8.000
F_1130 0.000 560.542 4.000
E_1131 -14.591 -605.239 6.000
A_1132 0.000 185.740 10.000
Y_1133 -12.900 -274.939 14.000
Q_1134 -23.258 -643.904 12.000
E_1135 -23.258 -605.239 12.000
H_1136 -12.900 -583.484 14.000
I_1137 0.000 777.529 14.000
E_1138 -25.003 -605.239 14.000
E_1139 -26.485 -605.239 16.000
Q_1140 -26.485 -643.904 16.000
N_1141 -26.485 -507.047 16.000
L_1142 0.000 679.918 17.000
E_1143 -27.150 -605.239 17.000
R_1144 -29.616 -1015.709 13.000
Q_1145 -24.169 -643.904 13.000
V_1146 0.000 613.196 13.000
L_1147 0.000 679.918 11.000
Q_1148 -22.253 -643.904 11.000
T_1149 -17.098 -90.974 11.000
Q_1150 -26.485 -643.904 16.000
C_1151 0.000 322.480 17.000
R_1152 -30.711 -1015.709 14.000
R_1153 -30.711 -1015.709 14.000
L_1154 0.000 679.918 14.000
E_1155 -25.003 -605.239 14.000
A_1156 0.000 185.740 11.000
R_1157 -29.616 -1015.709 13.000
H_1158 -12.104 -583.484 12.000
Y_1159 -12.104 -274.939 12.000
S_1160 -16.309 -90.060 10.000
L_1161 0.000 679.918 8.000
S_1162 -15.425 -90.060 9.000
L_1163 0.000 679.918 6.000
T_1164 -16.309 -90.974 10.000
A_1165 0.000 185.740 11.000
E_1166 -22.253 -605.239 11.000
Q_1167 -22.253 -643.904 11.000
L_1168 0.000 679.918 13.000
S_1169 -17.811 -90.060 12.000
H_1170 -9.978 -583.484 8.000
S_1171 -14.420 -90.060 8.000
V_1172 0.000 613.196 9.000
A_1173 0.000 185.740 7.000
E_1174 -19.866 -605.239 9.000
L_1175 0.000 679.918 12.000
R_1176 -32.645 -1015.709 16.000
S_1177 -19.613 -90.060 15.000
Q_1178 -28.359 -643.904 19.000
K_1179 -20.609 -818.649 17.000
Q_1180 -25.003 -643.904 14.000
K_1181 -16.309 -818.649 10.000
M_1182 0.000 401.769 10.000
V_1183 0.000 613.196 10.000
S_1184 -17.811 -90.060 12.000
E_1185 -26.485 -605.239 16.000
R_1186 -36.459 -1015.709 21.000
E_1187 -27.773 -605.239 18.000
R_1188 -34.315 -1015.709 18.000
L_1189 0.000 679.918 13.000
Q_1190 -24.169 -643.904 13.000
A_1191 0.000 185.740 8.000
E_1192 -23.258 -605.239 12.000
L_1193 0.000 679.918 10.000
D_1194 -21.132 -475.402 10.000
H_1195 -11.652 -583.484 11.000
L_1196 0.000 679.918 14.000
R_1197 -25.574 -1015.709 10.000
K_1198 -14.420 -818.649 8.000
C_1199 0.000 322.480 8.000
L_1200 0.000 679.918 3.000
A_1201 0.000 185.740 0.000
L_1202 0.000 679.918 0.000
P_1203 0.000 -195.996 0.000
A_1204 0.000 185.740 2.000
M_1205 0.000 401.769 3.000
H_1206 -4.441 -583.484 3.000
W_1207 -5.155 -203.500 8.000
P_1208 0.000 -195.996 8.000
R_1209 -21.845 -1015.709 8.000
G_1210 0.000 -27.649 7.000
Y_1211 -11.154 -274.939 10.000
L_1212 0.000 679.918 5.000
K_1213 -13.255 -818.649 7.000
G_1214 0.000 -27.649 5.000
Y_1215 -11.154 -274.939 10.000
P_1216 0.000 -195.996 7.000
R_1217 -19.414 -1015.709 7.000
