M_1 0.000 401.769 4.000
E_2 -7.878 -605.239 4.000
L_3 0.000 679.918 4.000
A_4 0.000 185.740 4.000
A_5 0.000 185.740 0.000
L_6 0.000 679.918 5.000
C_7 0.000 322.480 6.000
R_8 -16.309 -1015.709 6.000
W_9 -4.441 -203.500 6.000
G_10 0.000 -27.649 6.000
L_11 0.000 679.918 1.000
L_12 0.000 679.918 0.000
L_13 0.000 679.918 0.000
A_14 0.000 185.740 0.000
L_15 0.000 679.918 0.000
L_16 0.000 679.918 0.000
P_17 0.000 -195.996 0.000
P_18 0.000 -195.996 0.000
G_19 0.000 -27.649 0.000
A_20 0.000 185.740 3.000
A_21 0.000 185.740 6.000
S_22 -16.309 -90.060 10.000
T_23 -16.309 -90.974 10.000
Q_24 -21.132 -643.904 10.000
V_25 0.000 613.196 10.000
C_26 0.000 322.480 7.000
T_27 -11.867 -90.974 6.000
G_28 0.000 -27.649 10.000
T_29 -16.309 -90.974 10.000
D_30 -21.132 -475.402 10.000
M_31 0.000 401.769 10.000
K_32 -17.811 -818.649 12.000
L_33 0.000 679.918 8.000
R_34 -21.845 -1015.709 8.000
L_35 0.000 679.918 5.000
P_36 0.000 -195.996 8.000
A_37 0.000 185.740 3.000
S_38 -13.255 -90.060 7.000
P_39 0.000 -195.996 10.000
E_40 -23.258 -605.239 12.000
T_41 -15.425 -90.974 9.000
H_42 -12.518 -583.484 13.000
L_43 0.000 679.918 9.000
D_44 -14.591 -475.402 6.000
M_45 0.000 401.769 9.000
L_46 0.000 679.918 11.000
R_47 -19.414 -1015.709 7.000
H_48 -10.601 -583.484 9.000
L_49 0.000 679.918 13.000
Y_50 -9.978 -274.939 8.000
Q_51 -14.591 -643.904 6.000
G_52 0.000 -27.649 10.000
C_53 0.000 322.480 8.000
Q_54 -7.878 -643.904 4.000
V_55 0.000 613.196 8.000
V_56 0.000 613.196 8.000
Q_57 -18.409 -643.904 8.000
G_58 0.000 -27.649 8.000
N_59 -23.258 -507.047 12.000
L_60 0.000 679.918 8.000
E_61 -22.253 -605.239 11.000
L_62 0.000 679.918 9.000
T_63 -15.425 -90.974 9.000
Y_64 -7.426 -274.939 5.000
L_65 0.000 679.918 8.000
P_66 0.000 -195.996 9.000
T_67 -13.255 -90.974 7.000
N_68 -21.132 -507.047 10.000
A_69 0.000 185.740 10.000
S_70 -16.309 -90.060 10.000
L_71 0.000 679.918 6.000
S_72 -11.867 -90.060 6.000
F_73 0.000 560.542 7.000
L_74 0.000 679.918 11.000
Q_75 -18.409 -643.904 8.000
D_76 -23.258 -475.402 12.000
I_77 0.000 777.529 16.000
Q_78 -23.258 -643.904 12.000
E_79 -23.258 -605.239 12.000
V_80 0.000 613.196 12.000
Q_81 -21.132 -643.904 10.000
G_82 0.000 -27.649 6.000
Y_83 -8.431 -274.939 6.000
V_84 0.000 613.196 2.000
L_85 0.000 679.918 2.000
I_86 0.000 777.529 2.000
A_87 0.000 185.740 6.000
H_88 -11.154 -583.484 10.000
N_89 -21.132 -507.047 10.000
Q_90 -25.772 -643.904 15.000
V_91 0.000 613.196 17.000
R_92 -29.616 -1015.709 13.000
Q_93 -19.866 -643.904 9.000
V_94 0.000 613.196 9.000
P_95 0.000 -195.996 8.000
L_96 0.000 679.918 9.000
Q_97 -19.866 -643.904 9.000
R_98 -30.711 -1015.709 14.000
L_99 0.000 679.918 14.000
R_100 -25.574 -1015.709 10.000
I_101 0.000 777.529 10.000
V_102 0.000 613.196 10.000
R_103 -21.845 -1015.709 8.000
G_104 0.000 -27.649 12.000
T_105 -17.811 -90.974 12.000
Q_106 -16.691 -643.904 7.000
L_107 0.000 679.918 11.000
F_108 0.000 560.542 12.000
E_109 -23.258 -605.239 12.000
D_110 -25.003 -475.402 14.000
N_111 -25.003 -507.047 14.000
Y_112 -11.154 -274.939 10.000
A_113 0.000 185.740 6.000
L_114 0.000 679.918 2.000
A_115 0.000 185.740 0.000
V_116 0.000 613.196 4.000
L_117 0.000 679.918 8.000
D_118 -18.409 -475.402 8.000
N_119 -23.258 -507.047 12.000
G_120 0.000 -27.649 12.000
D_121 -18.409 -475.402 8.000
P_122 0.000 -195.996 8.000
L_123 0.000 679.918 12.000
N_124 -22.253 -507.047 11.000
N_125 -25.003 -507.047 14.000
T_126 -19.059 -90.974 14.000
T_127 -16.309 -90.974 10.000
P_128 0.000 -195.996 9.000
V_129 0.000 613.196 6.000
T_130 -4.441 -90.974 3.000
G_131 0.000 -27.649 6.000
A_132 0.000 185.740 6.000
S_133 -4.441 -90.060 3.000
P_134 0.000 -195.996 3.000
G_135 0.000 -27.649 3.000
G_136 0.000 -27.649 5.000
L_137 0.000 679.918 9.000
R_138 -23.856 -1015.709 9.000
E_139 -24.169 -605.239 13.000
L_140 0.000 679.918 13.000
Q_141 -24.169 -643.904 13.000
L_142 0.000 679.918 12.000
R_143 -28.412 -1015.709 12.000
S_144 -17.098 -90.060 11.000
L_145 0.000 679.918 15.000
T_146 -16.309 -90.974 10.000
E_147 -16.691 -605.239 7.000
I_148 0.000 777.529 10.000
L_149 0.000 679.918 7.000
K_150 -4.441 -818.649 3.000
G_151 0.000 -27.649 3.000
G_152 0.000 -27.649 3.000
V_153 0.000 613.196 0.000
L_154 0.000 679.918 4.000
I_155 0.000 777.529 9.000
Q_156 -24.169 -643.904 13.000
R_157 -29.616 -1015.709 13.000
N_158 -27.150 -507.047 17.000
P_159 0.000 -195.996 13.000
Q_160 -18.409 -643.904 8.000
L_161 0.000 679.918 6.000
C_162 0.000 322.480 10.000
Y_163 -11.154 -274.939 10.000
Q_164 -24.169 -643.904 13.000
D_165 -24.169 -475.402 13.000
T_166 -17.098 -90.974 11.000
I_167 0.000 777.529 8.000
L_168 0.000 679.918 7.000
W_169 -5.155 -203.500 8.000
K_170 -14.420 -818.649 8.000
D_171 -18.409 -475.402 8.000
I_172 0.000 777.529 9.000
F_173 0.000 560.542 9.000
H_174 -10.601 -583.484 9.000
K_175 -18.462 -818.649 13.000
N_176 -27.150 -507.047 17.000
N_177 -25.772 -507.047 15.000
Q_178 -23.258 -643.904 12.000
L_179 0.000 679.918 8.000
A_180 0.000 185.740 7.000
L_181 0.000 679.918 3.000
T_182 -4.441 -90.974 3.000
L_183 0.000 679.918 7.000
I_184 0.000 777.529 10.000
D_185 -22.253 -475.402 11.000
T_186 -20.127 -90.974 16.000
N_187 -28.359 -507.047 19.000
R_188 -35.785 -1015.709 20.000
S_189 -20.609 -90.060 17.000
R_190 -29.616 -1015.709 13.000
A_191 0.000 185.740 10.000
C_192 0.000 322.480 7.000
H_193 -1.718 -583.484 2.000
P_194 0.000 -195.996 5.000
C_195 0.000 322.480 5.000
S_196 -4.441 -90.060 3.000
P_197 0.000 -195.996 3.000
M_198 0.000 401.769 6.000
C_199 0.000 322.480 3.000
K_200 -11.867 -818.649 6.000
G_201 0.000 -27.649 11.000
S_202 -17.098 -90.060 11.000
R_203 -23.856 -1015.709 9.000
C_204 0.000 322.480 9.000
W_205 -5.708 -203.500 10.000
G_206 0.000 -27.649 8.000
E_207 -22.253 -605.239 11.000
S_208 -19.059 -90.060 14.000
S_209 -21.060 -90.060 18.000
E_210 -25.003 -605.239 14.000
D_211 -25.772 -475.402 15.000
C_212 0.000 322.480 15.000
Q_213 -22.253 -643.904 11.000
S_214 -16.309 -90.060 10.000
L_215 0.000 679.918 15.000
T_216 -19.059 -90.974 14.000
R_217 -27.076 -1015.709 11.000
T_218 -17.098 -90.974 11.000
V_219 0.000 613.196 8.000
C_220 0.000 322.480 3.000
A_221 0.000 185.740 0.000
G_222 0.000 -27.649 0.000
G_223 0.000 -27.649 0.000
C_224 0.000 322.480 5.000
A_225 0.000 185.740 5.000
R_226 -21.845 -1015.709 8.000
C_227 0.000 322.480 8.000
K_228 -14.420 -818.649 8.000
G_229 0.000 -27.649 3.000
P_230 0.000 -195.996 3.000
L_231 0.000 679.918 3.000
P_232 0.000 -195.996 7.000
T_233 -13.255 -90.974 7.000
D_234 -16.691 -475.402 7.000
C_235 0.000 322.480 9.000
C_236 0.000 322.480 10.000
H_237 -11.154 -583.484 10.000
E_238 -21.132 -605.239 10.000
Q_239 -21.132 -643.904 10.000
C_240 0.000 322.480 8.000
A_241 0.000 185.740 4.000
A_242 0.000 185.740 0.000
G_243 0.000 -27.649 3.000
C_244 0.000 322.480 3.000
T_245 -4.441 -90.974 3.000
G_246 0.000 -27.649 6.000
P_247 0.000 -195.996 8.000
K_248 -14.420 -818.649 8.000
H_249 -12.104 -583.484 12.000
S_250 -17.811 -90.060 12.000
D_251 -19.866 -475.402 9.000
C_252 0.000 322.480 7.000
L_253 0.000 679.918 4.000
A_254 0.000 185.740 0.000
C_255 0.000 322.480 2.000
L_256 0.000 679.918 2.000
H_257 -8.431 -583.484 6.000
F_258 0.000 560.542 8.000
N_259 -22.253 -507.047 11.000
H_260 -10.601 -583.484 9.000
S_261 -15.425 -90.060 9.000
G_262 0.000 -27.649 5.000
I_263 0.000 777.529 7.000
C_264 0.000 322.480 4.000
E_265 -14.591 -605.239 6.000
L_266 0.000 679.918 6.000
H_267 -8.431 -583.484 6.000
C_268 0.000 322.480 2.000
P_269 0.000 -195.996 2.000
A_270 0.000 185.740 0.000
L_271 0.000 679.918 3.000
V_272 0.000 613.196 5.000
T_273 -15.425 -90.974 9.000
Y_274 -12.104 -274.939 12.000
N_275 -26.485 -507.047 16.000
T_276 -20.127 -90.974 16.000
D_277 -25.003 -475.402 14.000
T_278 -19.059 -90.974 14.000
F_279 0.000 560.542 14.000
E_280 -21.132 -605.239 10.000
S_281 -13.255 -90.060 7.000
M_282 0.000 401.769 11.000
P_283 0.000 -195.996 7.000
N_284 -18.409 -507.047 8.000
P_285 0.000 -195.996 8.000
E_286 -24.169 -605.239 13.000
G_287 0.000 -27.649 11.000
R_288 -30.711 -1015.709 14.000
Y_289 -11.154 -274.939 10.000
T_290 -16.309 -90.974 10.000
F_291 0.000 560.542 5.000
G_292 0.000 -27.649 6.000
A_293 0.000 185.740 3.000
S_294 -4.441 -90.060 3.000
C_295 0.000 322.480 6.000
V_296 0.000 613.196 6.000
T_297 -4.441 -90.974 3.000
A_298 0.000 185.740 3.000
C_299 0.000 322.480 5.000
P_300 0.000 -195.996 6.000
Y_301 -9.978 -274.939 8.000
N_302 -18.409 -507.047 8.000
Y_303 -11.652 -274.939 11.000
L_304 0.000 679.918 12.000
S_305 -17.811 -90.060 12.000
T_306 -16.309 -90.974 10.000
D_307 -21.132 -475.402 10.000
V_308 0.000 613.196 10.000
G_309 0.000 -27.649 7.000
S_310 -11.867 -90.060 6.000
C_311 0.000 322.480 6.000
T_312 -11.867 -90.974 6.000
L_313 0.000 679.918 3.000
V_314 0.000 613.196 3.000
C_315 0.000 322.480 0.000
P_316 0.000 -195.996 2.000
L_317 0.000 679.918 6.000
H_318 -11.154 -583.484 10.000
N_319 -25.003 -507.047 14.000
Q_320 -25.003 -643.904 14.000
E_321 -25.772 -605.239 15.000
V_322 0.000 613.196 11.000
T_323 -17.098 -90.974 11.000
A_324 0.000 185.740 11.000
E_325 -22.253 -605.239 11.000
D_326 -22.253 -475.402 11.000
G_327 0.000 -27.649 15.000
T_328 -20.127 -90.974 16.000
Q_329 -23.258 -643.904 12.000
R_330 -32.645 -1015.709 16.000
C_331 0.000 322.480 16.000
E_332 -23.258 -605.239 12.000
K_333 -16.309 -818.649 10.000
C_334 0.000 322.480 13.000
S_335 -15.425 -90.060 9.000
K_336 -11.867 -818.649 6.000
P_337 0.000 -195.996 6.000
C_338 0.000 322.480 8.000
A_339 0.000 185.740 5.000
R_340 -11.867 -1015.709 5.000
V_341 0.000 613.196 7.000
C_342 0.000 322.480 7.000
Y_343 -1.718 -274.939 2.000
G_344 0.000 -27.649 2.000
L_345 0.000 679.918 2.000
G_346 0.000 -27.649 4.000
M_347 0.000 401.769 6.000
E_348 -14.591 -605.239 6.000
H_349 -11.652 -583.484 11.000
L_350 0.000 679.918 15.000
R_351 -27.076 -1015.709 11.000
E_352 -25.003 -605.239 14.000
V_353 0.000 613.196 14.000
R_354 -23.856 -1015.709 9.000
A_355 0.000 185.740 8.000
V_356 0.000 613.196 11.000
T_357 -11.867 -90.974 6.000
S_358 -16.309 -90.060 10.000
A_359 0.000 185.740 10.000
N_360 -22.253 -507.047 11.000
I_361 0.000 777.529 12.000
Q_362 -23.258 -643.904 12.000
E_363 -18.409 -605.239 8.000
F_364 0.000 560.542 8.000
A_365 0.000 185.740 4.000
G_366 0.000 -27.649 3.000
C_367 0.000 322.480 6.000
K_368 -11.867 -818.649 6.000
K_369 -11.867 -818.649 6.000
I_370 0.000 777.529 6.000
F_371 0.000 560.542 6.000
G_372 0.000 -27.649 3.000
S_373 -4.441 -90.060 3.000
L_374 0.000 679.918 3.000
A_375 0.000 185.740 3.000
F_376 0.000 560.542 0.000
L_377 0.000 679.918 4.000
P_378 0.000 -195.996 7.000
E_379 -16.691 -605.239 7.000
S_380 -17.098 -90.060 11.000
F_381 0.000 560.542 11.000
D_382 -22.253 -475.402 11.000
G_383 0.000 -27.649 8.000
D_384 -18.409 -475.402 8.000
P_385 0.000 -195.996 7.000
A_386 0.000 185.740 11.000
S_387 -16.309 -90.060 10.000
N_388 -21.132 -507.047 10.000
T_389 -16.309 -90.974 10.000
A_390 0.000 185.740 7.000
P_391 0.000 -195.996 7.000
L_392 0.000 679.918 4.000
Q_393 -18.409 -643.904 8.000
P_394 0.000 -195.996 12.000
E_395 -23.258 -605.239 12.000
Q_396 -23.258 -643.904 12.000
L_397 0.000 679.918 12.000
Q_398 -18.409 -643.904 8.000
V_399 0.000 613.196 8.000
F_400 0.000 560.542 11.000
E_401 -16.691 -605.239 7.000
T_402 -17.098 -90.974 11.000
L_403 0.000 679.918 15.000
E_404 -22.253 -605.239 11.000
E_405 -22.253 -605.239 11.000
I_406 0.000 777.529 11.000
T_407 -15.425 -90.974 9.000
G_408 0.000 -27.649 5.000
Y_409 -9.265 -274.939 7.000
L_410 0.000 679.918 4.000
Y_411 -9.265 -274.939 7.000
I_412 0.000 777.529 5.000
S_413 -11.867 -90.060 6.000
A_414 0.000 185.740 4.000
W_415 -5.155 -203.500 8.000
P_416 0.000 -195.996 8.000
D_417 -18.409 -475.402 8.000
S_418 -13.255 -90.060 7.000
L_419 0.000 679.918 11.000
P_420 0.000 -195.996 7.000
D_421 -16.691 -475.402 7.000
L_422 0.000 679.918 7.000
S_423 -13.255 -90.060 7.000
V_424 0.000 613.196 7.000
F_425 0.000 560.542 11.000
Q_426 -18.409 -643.904 8.000
N_427 -23.258 -507.047 12.000
L_428 0.000 679.918 12.000
Q_429 -18.409 -643.904 8.000
V_430 0.000 613.196 9.000
I_431 0.000 777.529 9.000
R_432 -25.574 -1015.709 10.000
G_433 0.000 -27.649 10.000
R_434 -25.574 -1015.709 10.000
I_435 0.000 777.529 7.000
L_436 0.000 679.918 11.000
H_437 -8.431 -583.484 6.000
N_438 -14.591 -507.047 6.000
G_439 0.000 -27.649 8.000
A_440 0.000 185.740 9.000
Y_441 -7.426 -274.939 5.000
S_442 -14.420 -90.060 8.000
L_443 0.000 679.918 8.000
T_444 -16.309 -90.974 10.000
L_445 0.000 679.918 7.000
Q_446 -16.691 -643.904 7.000
G_447 0.000 -27.649 4.000
L_448 0.000 679.918 4.000
G_449 0.000 -27.649 3.000
I_450 0.000 777.529 4.000
S_451 -7.878 -90.060 4.000
W_452 -3.436 -203.500 4.000
L_453 0.000 679.918 4.000
G_454 0.000 -27.649 6.000
L_455 0.000 679.918 8.000
R_456 -21.845 -1015.709 8.000
S_457 -18.462 -90.060 13.000
L_458 0.000 679.918 17.000
R_459 -28.412 -1015.709 12.000
E_460 -19.866 -605.239 9.000
L_461 0.000 679.918 12.000
G_462 0.000 -27.649 7.000
S_463 -4.441 -90.060 3.000
G_464 0.000 -27.649 3.000
L_465 0.000 679.918 3.000
A_466 0.000 185.740 0.000
L_467 0.000 679.918 2.000
I_468 0.000 777.529 4.000
H_469 -9.978 -583.484 8.000
H_470 -11.652 -583.484 11.000
N_471 -24.169 -507.047 13.000
T_472 -17.098 -90.974 11.000
H_473 -10.601 -583.484 9.000
L_474 0.000 679.918 5.000
C_475 0.000 322.480 2.000
F_476 0.000 560.542 2.000
V_477 0.000 613.196 5.000
H_478 -7.426 -583.484 5.000
T_479 -10.149 -90.974 5.000
V_480 0.000 613.196 6.000
P_481 0.000 -195.996 8.000
W_482 -5.447 -203.500 9.000
D_483 -19.866 -475.402 9.000
Q_484 -19.866 -643.904 9.000
L_485 0.000 679.918 13.000
F_486 0.000 560.542 13.000
R_487 -23.856 -1015.709 9.000
N_488 -22.253 -507.047 11.000
P_489 0.000 -195.996 15.000
H_490 -11.154 -583.484 10.000
Q_491 -14.591 -643.904 6.000
A_492 0.000 185.740 6.000
L_493 0.000 679.918 6.000
L_494 0.000 679.918 5.000
H_495 -7.426 -583.484 5.000
T_496 -15.425 -90.974 9.000
A_497 0.000 185.740 14.000
N_498 -23.258 -507.047 12.000
R_499 -29.616 -1015.709 13.000
P_500 0.000 -195.996 17.000
E_501 -27.150 -605.239 17.000
D_502 -23.258 -475.402 12.000
E_503 -23.258 -605.239 12.000
C_504 0.000 322.480 8.000
V_505 0.000 613.196 8.000
G_506 0.000 -27.649 4.000
E_507 -7.878 -605.239 4.000
G_508 0.000 -27.649 4.000
L_509 0.000 679.918 4.000
A_510 0.000 185.740 2.000
C_511 0.000 322.480 6.000
H_512 -8.431 -583.484 6.000
Q_513 -14.591 -643.904 6.000
L_514 0.000 679.918 6.000
C_515 0.000 322.480 9.000
A_516 0.000 185.740 5.000
R_517 -19.414 -1015.709 7.000
G_518 0.000 -27.649 7.000
H_519 -9.978 -583.484 8.000
C_520 0.000 322.480 3.000
W_521 -2.723 -203.500 3.000
G_522 0.000 -27.649 1.000
P_523 0.000 -195.996 1.000
G_524 0.000 -27.649 3.000
P_525 0.000 -195.996 7.000
T_526 -13.255 -90.974 7.000
Q_527 -16.691 -643.904 7.000
C_528 0.000 322.480 11.000
V_529 0.000 613.196 8.000
N_530 -16.691 -507.047 7.000
C_531 0.000 322.480 11.000
S_532 -17.098 -90.060 11.000
Q_533 -16.691 -643.904 7.000
F_534 0.000 560.542 12.000
L_535 0.000 679.918 9.000
R_536 -23.856 -1015.709 9.000
G_537 0.000 -27.649 13.000
Q_538 -24.169 -643.904 13.000
E_539 -18.409 -605.239 8.000
C_540 0.000 322.480 12.000
V_541 0.000 613.196 12.000
E_542 -18.409 -605.239 8.000
E_543 -24.169 -605.239 13.000
C_544 0.000 322.480 13.000
R_545 -23.856 -1015.709 9.000
V_546 0.000 613.196 9.000
L_547 0.000 679.918 9.000
Q_548 -7.878 -643.904 4.000
G_549 0.000 -27.649 4.000
L_550 0.000 679.918 9.000
P_551 0.000 -195.996 9.000
R_552 -27.076 -1015.709 11.000
E_553 -22.253 -605.239 11.000
Y_554 -13.255 -274.939 15.000
V_555 0.000 613.196 10.000
N_556 -22.253 -507.047 11.000
A_557 0.000 185.740 11.000
R_558 -27.076 -1015.709 11.000
H_559 -9.265 -583.484 7.000
C_560 0.000 322.480 7.000
L_561 0.000 679.918 2.000
P_562 0.000 -195.996 2.000
C_563 0.000 322.480 2.000
H_564 -8.431 -583.484 6.000
P_565 0.000 -195.996 6.000
E_566 -21.132 -605.239 10.000
C_567 0.000 322.480 8.000
Q_568 -23.258 -643.904 12.000
P_569 0.000 -195.996 12.000
Q_570 -23.258 -643.904 12.000
N_571 -22.253 -507.047 11.000
G_572 0.000 -27.649 11.000
S_573 -16.309 -90.060 10.000
V_574 0.000 613.196 6.000
T_575 -11.867 -90.974 6.000
C_576 0.000 322.480 3.000
F_577 0.000 560.542 3.000
G_578 0.000 -27.649 4.000
P_579 0.000 -195.996 4.000
E_580 -18.409 -605.239 8.000
A_581 0.000 185.740 12.000
D_582 -23.258 -475.402 12.000
Q_583 -18.409 -643.904 8.000
C_584 0.000 322.480 8.000
V_585 0.000 613.196 4.000
A_586 0.000 185.740 0.000
C_587 0.000 322.480 2.000
A_588 0.000 185.740 4.000
H_589 -9.265 -583.484 7.000
Y_590 -11.652 -274.939 11.000
K_591 -17.098 -818.649 11.000
D_592 -19.866 -475.402 9.000
P_593 0.000 -195.996 7.000
P_594 0.000 -195.996 4.000
F_595 0.000 560.542 0.000
C_596 0.000 322.480 0.000
V_597 0.000 613.196 5.000
A_598 0.000 185.740 5.000
R_599 -11.867 -1015.709 5.000
C_600 0.000 322.480 8.000
P_601 0.000 -195.996 8.000
S_602 -4.441 -90.060 3.000
G_603 0.000 -27.649 6.000
V_604 0.000 613.196 6.000
K_605 -13.255 -818.649 7.000
P_606 0.000 -195.996 7.000
D_607 -21.132 -475.402 10.000
L_608 0.000 679.918 9.000
S_609 -15.425 -90.060 9.000
Y_610 -7.426 -274.939 5.000
M_611 0.000 401.769 5.000
P_612 0.000 -195.996 3.000
I_613 0.000 777.529 4.000
W_614 -3.436 -203.500 4.000
K_615 -7.878 -818.649 4.000
F_616 0.000 560.542 8.000
P_617 0.000 -195.996 11.000
D_618 -23.258 -475.402 12.000
E_619 -23.258 -605.239 12.000
E_620 -23.258 -605.239 12.000
G_621 0.000 -27.649 8.000
A_622 0.000 185.740 8.000
C_623 0.000 322.480 4.000
Q_624 -7.878 -643.904 4.000
P_625 0.000 -195.996 4.000
C_626 0.000 322.480 4.000
P_627 0.000 -195.996 4.000
I_628 0.000 777.529 4.000
N_629 -16.691 -507.047 7.000
C_630 0.000 322.480 9.000
T_631 -17.811 -90.974 12.000
H_632 -9.978 -583.484 8.000
S_633 -14.420 -90.060 8.000
C_634 0.000 322.480 9.000
V_635 0.000 613.196 7.000
D_636 -18.409 -475.402 8.000
L_637 0.000 679.918 12.000
D_638 -25.772 -475.402 15.000
D_639 -22.253 -475.402 11.000
K_640 -17.098 -818.649 11.000
G_641 0.000 -27.649 7.000
C_642 0.000 322.480 3.000
P_643 0.000 -195.996 4.000
A_644 0.000 185.740 8.000
E_645 -24.169 -605.239 13.000
Q_646 -24.169 -643.904 13.000
R_647 -32.645 -1015.709 16.000
A_648 0.000 185.740 12.000
S_649 -14.420 -90.060 8.000
P_650 0.000 -195.996 6.000
L_651 0.000 679.918 9.000
T_652 -11.867 -90.974 6.000
S_653 -11.867 -90.060 6.000
I_654 0.000 777.529 9.000
I_655 0.000 777.529 6.000
S_656 -4.441 -90.060 3.000
A_657 0.000 185.740 3.000
V_658 0.000 613.196 3.000
V_659 0.000 613.196 0.000
G_660 0.000 -27.649 0.000
I_661 0.000 777.529 0.000
L_662 0.000 679.918 0.000
L_663 0.000 679.918 0.000
V_664 0.000 613.196 0.000
V_665 0.000 613.196 0.000
V_666 0.000 613.196 0.000
L_667 0.000 679.918 0.000
G_668 0.000 -27.649 0.000
V_669 0.000 613.196 0.000
V_670 0.000 613.196 0.000
F_671 0.000 560.542 0.000
G_672 0.000 -27.649 0.000
I_673 0.000 777.529 0.000
L_674 0.000 679.918 3.000
I_675 0.000 777.529 8.000
K_676 -18.462 -818.649 13.000
R_677 -33.508 -1015.709 17.000
R_678 -36.459 -1015.709 21.000
Q_679 -29.436 -643.904 21.000
Q_680 -26.485 -643.904 16.000
K_681 -20.127 -818.649 16.000
I_682 0.000 777.529 15.000
R_683 -29.616 -1015.709 13.000
K_684 -18.462 -818.649 13.000
Y_685 -12.518 -274.939 13.000
T_686 -18.462 -90.974 13.000
M_687 0.000 401.769 15.000
R_688 -29.616 -1015.709 13.000
R_689 -25.574 -1015.709 10.000
L_690 0.000 679.918 14.000
L_691 0.000 679.918 13.000
Q_692 -22.253 -643.904 11.000
E_693 -25.772 -605.239 15.000
T_694 -19.613 -90.974 15.000
E_695 -22.253 -605.239 11.000
L_696 0.000 679.918 11.000
V_697 0.000 613.196 8.000
E_698 -7.878 -605.239 4.000
P_699 0.000 -195.996 7.000
L_700 0.000 679.918 7.000
T_701 -11.867 -90.974 6.000
P_702 0.000 -195.996 6.000
S_703 -11.867 -90.060 6.000
G_704 0.000 -27.649 3.000
A_705 0.000 185.740 3.000
M_706 0.000 401.769 4.000
P_707 0.000 -195.996 8.000
N_708 -18.409 -507.047 8.000
Q_709 -23.258 -643.904 12.000
A_710 0.000 185.740 12.000
Q_711 -24.169 -643.904 13.000
M_712 0.000 401.769 9.000
R_713 -23.856 -1015.709 9.000
I_714 0.000 777.529 8.000
L_715 0.000 679.918 12.000
K_716 -16.309 -818.649 10.000
E_717 -25.003 -605.239 14.000
T_718 -19.059 -90.974 14.000
E_719 -26.485 -605.239 16.000
L_720 0.000 679.918 15.000
R_721 -28.412 -1015.709 12.000
K_722 -17.098 -818.649 11.000
V_723 0.000 613.196 11.000
K_724 -11.867 -818.649 6.000
V_725 0.000 613.196 3.000
L_726 0.000 679.918 6.000
G_727 0.000 -27.649 3.000
S_728 -4.441 -90.060 3.000
G_729 0.000 -27.649 3.000
A_730 0.000 185.740 3.000
F_731 0.000 560.542 3.000
G_732 0.000 -27.649 3.000
T_733 -10.149 -90.974 5.000
V_734 0.000 613.196 8.000
Y_735 -9.978 -274.939 8.000
K_736 -10.149 -818.649 5.000
G_737 0.000 -27.649 6.000
I_738 0.000 777.529 4.000
W_739 -0.000 -203.500 1.000
I_740 0.000 777.529 5.000
P_741 0.000 -195.996 5.000
D_742 -18.409 -475.402 8.000
G_743 0.000 -27.649 12.000
E_744 -23.258 -605.239 12.000
N_745 -22.253 -507.047 11.000
V_746 0.000 613.196 11.000
K_747 -13.255 -818.649 7.000
I_748 0.000 777.529 3.000
P_749 0.000 -195.996 3.000
V_750 0.000 613.196 0.000
A_751 0.000 185.740 3.000
I_752 0.000 777.529 3.000
K_753 -4.441 -818.649 3.000
V_754 0.000 613.196 8.000
L_755 0.000 679.918 12.000
R_756 -29.616 -1015.709 13.000
E_757 -26.485 -605.239 16.000
N_758 -28.359 -507.047 19.000
T_759 -19.059 -90.974 14.000
S_760 -18.462 -90.060 13.000
P_761 0.000 -195.996 9.000
K_762 -16.309 -818.649 10.000
A_763 0.000 185.740 10.000
N_764 -25.003 -507.047 14.000
K_765 -17.098 -818.649 11.000
E_766 -22.253 -605.239 11.000
I_767 0.000 777.529 11.000
L_768 0.000 679.918 12.000
D_769 -18.409 -475.402 8.000
E_770 -21.132 -605.239 10.000
A_771 0.000 185.740 10.000
Y_772 -8.431 -274.939 6.000
V_773 0.000 613.196 2.000
M_774 0.000 401.769 2.000
A_775 0.000 185.740 0.000
G_776 0.000 -27.649 0.000
V_777 0.000 613.196 3.000
G_778 0.000 -27.649 3.000
S_779 -10.149 -90.060 5.000
P_780 0.000 -195.996 5.000
Y_781 -9.978 -274.939 8.000
V_782 0.000 613.196 10.000
S_783 -16.309 -90.060 10.000
R_784 -21.845 -1015.709 8.000
L_785 0.000 679.918 8.000
L_786 0.000 679.918 5.000
G_787 0.000 -27.649 0.000
I_788 0.000 777.529 0.000
C_789 0.000 322.480 3.000
L_790 0.000 679.918 6.000
T_791 -15.425 -90.974 9.000
S_792 -15.425 -90.060 9.000
T_793 -18.462 -90.974 13.000
V_794 0.000 613.196 10.000
Q_795 -16.691 -643.904 7.000
L_796 0.000 679.918 7.000
V_797 0.000 613.196 11.000
T_798 -13.255 -90.974 7.000
Q_799 -16.691 -643.904 7.000
L_800 0.000 679.918 7.000
M_801 0.000 401.769 6.000
P_802 0.000 -195.996 2.000
Y_803 -1.718 -274.939 2.000
G_804 0.000 -27.649 2.000
C_805 0.000 322.480 2.000
L_806 0.000 679.918 4.000
L_807 0.000 679.918 6.000
D_808 -14.591 -475.402 6.000
H_809 -11.652 -583.484 11.000
V_810 0.000 613.196 15.000
R_811 -31.716 -1015.709 15.000
E_812 -27.773 -605.239 18.000
N_813 -27.773 -507.047 18.000
R_814 -34.315 -1015.709 18.000
G_815 0.000 -27.649 14.000
R_816 -25.574 -1015.709 10.000
L_817 0.000 679.918 8.000
G_818 0.000 -27.649 12.000
S_819 -17.098 -90.060 11.000
Q_820 -22.253 -643.904 11.000
D_821 -22.253 -475.402 11.000
L_822 0.000 679.918 12.000
L_823 0.000 679.918 9.000
N_824 -11.867 -507.047 5.000
W_825 -3.990 -203.500 5.000
C_826 0.000 322.480 9.000
M_827 0.000 401.769 5.000
Q_828 -7.878 -643.904 4.000
I_829 0.000 777.529 7.000
A_830 0.000 185.740 7.000
K_831 -4.441 -818.649 3.000
G_832 0.000 -27.649 6.000
M_833 0.000 401.769 8.000
S_834 -10.149 -90.060 5.000
Y_835 -10.601 -274.939 9.000
L_836 0.000 679.918 13.000
E_837 -21.132 -605.239 10.000
D_838 -24.169 -475.402 13.000
V_839 0.000 613.196 13.000
R_840 -23.856 -1015.709 9.000
L_841 0.000 679.918 7.000
V_842 0.000 613.196 12.000
H_843 -11.652 -583.484 11.000
R_844 -27.076 -1015.709 11.000
D_845 -22.253 -475.402 11.000
L_846 0.000 679.918 9.000
A_847 0.000 185.740 9.000
A_848 0.000 185.740 9.000
R_849 -23.856 -1015.709 9.000
N_850 -19.866 -507.047 9.000
V_851 0.000 613.196 9.000
L_852 0.000 679.918 7.000
V_853 0.000 613.196 6.000
K_854 -11.867 -818.649 6.000
S_855 -16.309 -90.060 10.000
P_856 0.000 -195.996 12.000
N_857 -19.866 -507.047 9.000
H_858 -10.601 -583.484 9.000
V_859 0.000 613.196 9.000
K_860 -14.420 -818.649 8.000
I_861 0.000 777.529 10.000
T_862 -16.309 -90.974 10.000
D_863 -16.691 -475.402 7.000
F_864 0.000 560.542 7.000
G_865 0.000 -27.649 4.000
L_866 0.000 679.918 5.000
A_867 0.000 185.740 5.000
R_868 -11.867 -1015.709 5.000
L_869 0.000 679.918 9.000
L_870 0.000 679.918 9.000
D_871 -18.409 -475.402 8.000
I_872 0.000 777.529 12.000
D_873 -25.772 -475.402 15.000
E_874 -25.772 -605.239 15.000
T_875 -20.609 -90.974 17.000
E_876 -25.772 -605.239 15.000
Y_877 -11.652 -274.939 11.000
H_878 -12.104 -583.484 12.000
A_879 0.000 185.740 8.000
D_880 -14.591 -475.402 6.000
G_881 0.000 -27.649 7.000
G_882 0.000 -27.649 7.000
K_883 -4.441 -818.649 3.000
V_884 0.000 613.196 3.000
P_885 0.000 -195.996 6.000
I_886 0.000 777.529 4.000
K_887 -7.878 -818.649 4.000
W_888 -3.436 -203.500 4.000
M_889 0.000 401.769 4.000
A_890 0.000 185.740 5.000
L_891 0.000 679.918 7.000
E_892 -16.691 -605.239 7.000
S_893 -13.255 -90.060 7.000
I_894 0.000 777.529 12.000
L_895 0.000 679.918 13.000
R_896 -31.716 -1015.709 15.000
R_897 -31.716 -1015.709 15.000
R_898 -34.315 -1015.709 18.000
F_899 0.000 560.542 15.000
T_900 -19.059 -90.974 14.000
H_901 -12.104 -583.484 12.000
Q_902 -26.485 -643.904 16.000
S_903 -18.462 -90.060 13.000
D_904 -23.258 -475.402 12.000
V_905 0.000 613.196 11.000
W_906 -5.708 -203.500 10.000
S_907 -11.867 -90.060 6.000
Y_908 -8.431 -274.939 6.000
G_909 0.000 -27.649 8.000
V_910 0.000 613.196 5.000
T_911 -7.878 -90.974 4.000
V_912 0.000 613.196 8.000
W_913 -5.155 -203.500 8.000
E_914 -11.867 -605.239 5.000
L_915 0.000 679.918 8.000
M_916 0.000 401.769 7.000
T_917 -4.441 -90.974 3.000
F_918 0.000 560.542 3.000
G_919 0.000 -27.649 6.000
A_920 0.000 185.740 3.000
K_921 -10.149 -818.649 5.000
P_922 0.000 -195.996 9.000
Y_923 -10.601 -274.939 9.000
D_924 -14.591 -475.402 6.000
G_925 0.000 -27.649 6.000
I_926 0.000 777.529 4.000
P_927 0.000 -195.996 5.000
A_928 0.000 185.740 9.000
R_929 -23.856 -1015.709 9.000
E_930 -19.866 -605.239 9.000
I_931 0.000 777.529 13.000
P_932 0.000 -195.996 8.000
D_933 -7.878 -475.402 4.000
L_934 0.000 679.918 8.000
L_935 0.000 679.918 11.000
E_936 -16.691 -605.239 7.000
K_937 -17.098 -818.649 11.000
G_938 0.000 -27.649 16.000
E_939 -23.258 -605.239 12.000
R_940 -23.856 -1015.709 9.000
L_941 0.000 679.918 13.000
P_942 0.000 -195.996 9.000
Q_943 -7.878 -643.904 4.000
P_944 0.000 -195.996 4.000
P_945 0.000 -195.996 4.000
I_946 0.000 777.529 3.000
C_947 0.000 322.480 3.000
T_948 -13.255 -90.974 7.000
I_949 0.000 777.529 7.000
D_950 -19.866 -475.402 9.000
V_951 0.000 613.196 6.000
Y_952 -8.431 -274.939 6.000
M_953 0.000 401.769 2.000
I_954 0.000 777.529 2.000
M_955 0.000 401.769 3.000
V_956 0.000 613.196 3.000
K_957 -7.878 -818.649 4.000
C_958 0.000 322.480 4.000
W_959 -3.436 -203.500 4.000
M_960 0.000 401.769 5.000
I_961 0.000 777.529 8.000
D_962 -22.253 -475.402 11.000
S_963 -17.098 -90.060 11.000
E_964 -26.485 -605.239 16.000
C_965 0.000 322.480 12.000
R_966 -30.711 -1015.709 14.000
P_967 0.000 -195.996 10.000
R_968 -31.716 -1015.709 15.000
F_969 0.000 560.542 14.000
R_970 -30.711 -1015.709 14.000
E_971 -19.866 -605.239 9.000
L_972 0.000 679.918 12.000
V_973 0.000 613.196 11.000
S_974 -13.255 -90.060 7.000
E_975 -21.132 -605.239 10.000
F_976 0.000 560.542 15.000
S_977 -17.811 -90.060 12.000
R_978 -21.845 -1015.709 8.000
M_979 0.000 401.769 13.000
A_980 0.000 185.740 14.000
R_981 -23.856 -1015.709 9.000
D_982 -24.169 -475.402 13.000
P_983 0.000 -195.996 18.000
Q_984 -24.169 -643.904 13.000
R_985 -23.856 -1015.709 9.000
F_986 0.000 560.542 9.000
V_987 0.000 613.196 5.000
V_988 0.000 613.196 4.000
I_989 0.000 777.529 8.000
Q_990 -23.258 -643.904 12.000
N_991 -26.485 -507.047 16.000
E_992 -26.485 -605.239 16.000
D_993 -23.258 -475.402 12.000
L_994 0.000 679.918 8.000
G_995 0.000 -27.649 4.000
P_996 0.000 -195.996 3.000
A_997 0.000 185.740 3.000
S_998 -4.441 -90.060 3.000
P_999 0.000 -195.996 7.000
L_1000 0.000 679.918 10.000
D_1001 -21.132 -475.402 10.000
S_1002 -16.309 -90.060 10.000
T_1003 -17.811 -90.974 12.000
F_1004 0.000 560.542 13.000
Y_1005 -12.518 -274.939 13.000
R_1006 -25.574 -1015.709 10.000
S_1007 -16.309 -90.060 10.000
L_1008 0.000 679.918 12.000
L_1009 0.000 679.918 11.000
E_1010 -23.258 -605.239 12.000
D_1011 -26.485 -475.402 16.000
D_1012 -26.485 -475.402 16.000
D_1013 -23.258 -475.402 12.000
M_1014 0.000 401.769 12.000
G_1015 0.000 -27.649 8.000
D_1016 -7.878 -475.402 4.000
L_1017 0.000 679.918 8.000
V_1018 0.000 613.196 8.000
D_1019 -18.409 -475.402 8.000
A_1020 0.000 185.740 12.000
E_1021 -25.003 -605.239 14.000
E_1022 -21.132 -605.239 10.000
Y_1023 -11.154 -274.939 10.000
L_1024 0.000 679.918 6.000
V_1025 0.000 613.196 6.000
P_1026 0.000 -195.996 8.000
Q_1027 -18.409 -643.904 8.000
Q_1028 -18.409 -643.904 8.000
G_1029 0.000 -27.649 8.000
F_1030 0.000 560.542 4.000
F_1031 0.000 560.542 0.000
C_1032 0.000 322.480 4.000
P_1033 0.000 -195.996 4.000
D_1034 -7.878 -475.402 4.000
P_1035 0.000 -195.996 4.000
A_1036 0.000 185.740 4.000
P_1037 0.000 -195.996 0.000
G_1038 0.000 -27.649 0.000
A_1039 0.000 185.740 0.000
G_1040 0.000 -27.649 0.000
G_1041 0.000 -27.649 0.000
M_1042 0.000 401.769 2.000
V_1043 0.000 613.196 4.000
H_1044 -10.601 -583.484 9.000
H_1045 -11.652 -583.484 11.000
R_1046 -32.645 -1015.709 16.000
H_1047 -13.896 -583.484 17.000
R_1048 -34.315 -1015.709 18.000
S_1049 -20.127 -90.060 16.000
S_1050 -20.609 -90.060 17.000
S_1051 -20.609 -90.060 17.000
T_1052 -20.609 -90.974 17.000
R_1053 -30.711 -1015.709 14.000
S_1054 -17.098 -90.060 11.000
G_1055 0.000 -27.649 8.000
G_1056 0.000 -27.649 7.000
G_1057 0.000 -27.649 4.000
D_1058 -16.691 -475.402 7.000
L_1059 0.000 679.918 7.000
T_1060 -13.255 -90.974 7.000
L_1061 0.000 679.918 3.000
G_1062 0.000 -27.649 7.000
L_1063 0.000 679.918 4.000
E_1064 -16.691 -605.239 7.000
P_1065 0.000 -195.996 11.000
S_1066 -19.613 -90.060 15.000
E_1067 -25.772 -605.239 15.000
E_1068 -25.772 -605.239 15.000
E_1069 -23.258 -605.239 12.000
A_1070 0.000 185.740 13.000
P_1071 0.000 -195.996 12.000
R_1072 -21.845 -1015.709 8.000
S_1073 -14.420 -90.060 8.000
P_1074 0.000 -195.996 8.000
L_1075 0.000 679.918 3.000
A_1076 0.000 185.740 3.000
P_1077 0.000 -195.996 7.000
S_1078 -13.255 -90.060 7.000
E_1079 -16.691 -605.239 7.000
G_1080 0.000 -27.649 7.000
A_1081 0.000 185.740 7.000
G_1082 0.000 -27.649 7.000
S_1083 -13.255 -90.060 7.000
D_1084 -16.691 -475.402 7.000
V_1085 0.000 613.196 11.000
F_1086 0.000 560.542 8.000
D_1087 -18.409 -475.402 8.000
G_1088 0.000 -27.649 8.000
D_1089 -18.409 -475.402 8.000
L_1090 0.000 679.918 4.000
G_1091 0.000 -27.649 4.000
M_1092 0.000 401.769 0.000
G_1093 0.000 -27.649 0.000
A_1094 0.000 185.740 3.000
A_1095 0.000 185.740 3.000
K_1096 -4.441 -818.649 3.000
G_1097 0.000 -27.649 7.000
L_1098 0.000 679.918 10.000
Q_1099 -16.691 -643.904 7.000
S_1100 -13.255 -90.060 7.000
L_1101 0.000 679.918 10.000
P_1102 0.000 -195.996 8.000
T_1103 -15.425 -90.974 9.000
H_1104 -10.601 -583.484 9.000
D_1105 -23.258 -475.402 12.000
P_1106 0.000 -195.996 9.000
S_1107 -13.255 -90.060 7.000
P_1108 0.000 -195.996 7.000
L_1109 0.000 679.918 12.000
Q_1110 -22.253 -643.904 11.000
R_1111 -30.711 -1015.709 14.000
Y_1112 -14.188 -274.939 18.000
S_1113 -21.060 -90.060 18.000
E_1114 -24.169 -605.239 13.000
D_1115 -25.003 -475.402 14.000
P_1116 0.000 -195.996 11.000
T_1117 -13.255 -90.974 7.000
V_1118 0.000 613.196 3.000
P_1119 0.000 -195.996 3.000
L_1120 0.000 679.918 3.000
P_1121 0.000 -195.996 7.000
S_1122 -16.309 -90.060 10.000
E_1123 -25.003 -605.239 14.000
T_1124 -19.059 -90.974 14.000
D_1125 -24.169 -475.402 13.000
G_1126 0.000 -27.649 9.000
Y_1127 -8.431 -274.939 6.000
V_1128 0.000 613.196 2.000
A_1129 0.000 185.740 2.000
P_1130 0.000 -195.996 3.000
L_1131 0.000 679.918 3.000
T_1132 -11.867 -90.974 6.000
C_1133 0.000 322.480 6.000
S_1134 -16.309 -90.060 10.000
P_1135 0.000 -195.996 7.000
Q_1136 -22.253 -643.904 11.000
P_1137 0.000 -195.996 10.000
E_1138 -21.132 -605.239 10.000
Y_1139 -11.154 -274.939 10.000
V_1140 0.000 613.196 14.000
N_1141 -21.132 -507.047 10.000
Q_1142 -23.258 -643.904 12.000
P_1143 0.000 -195.996 12.000
D_1144 -24.169 -475.402 13.000
V_1145 0.000 613.196 9.000
R_1146 -29.616 -1015.709 13.000
P_1147 0.000 -195.996 9.000
Q_1148 -19.866 -643.904 9.000
P_1149 0.000 -195.996 7.000
P_1150 0.000 -195.996 7.000
S_1151 -14.420 -90.060 8.000
P_1152 0.000 -195.996 12.000
R_1153 -28.412 -1015.709 12.000
E_1154 -19.866 -605.239 9.000
G_1155 0.000 -27.649 9.000
P_1156 0.000 -195.996 4.000
L_1157 0.000 679.918 0.000
P_1158 0.000 -195.996 0.000
A_1159 0.000 185.740 5.000
A_1160 0.000 185.740 5.000
R_1161 -11.867 -1015.709 5.000
P_1162 0.000 -195.996 5.000
A_1163 0.000 185.740 5.000
G_1164 0.000 -27.649 3.000
A_1165 0.000 185.740 3.000
T_1166 -13.255 -90.974 7.000
L_1167 0.000 679.918 12.000
E_1168 -23.258 -605.239 12.000
R_1169 -28.412 -1015.709 12.000
P_1170 0.000 -195.996 15.000
K_1171 -17.098 -818.649 11.000
T_1172 -15.425 -90.974 9.000
L_1173 0.000 679.918 9.000
S_1174 -11.867 -90.060 6.000
P_1175 0.000 -195.996 6.000
G_1176 0.000 -27.649 10.000
K_1177 -13.255 -818.649 7.000
N_1178 -16.691 -507.047 7.000
G_1179 0.000 -27.649 7.000
V_1180 0.000 613.196 7.000
V_1181 0.000 613.196 7.000
K_1182 -13.255 -818.649 7.000
D_1183 -16.691 -475.402 7.000
V_1184 0.000 613.196 7.000
F_1185 0.000 560.542 4.000
A_1186 0.000 185.740 0.000
F_1187 0.000 560.542 0.000
G_1188 0.000 -27.649 0.000
G_1189 0.000 -27.649 0.000
A_1190 0.000 185.740 4.000
V_1191 0.000 613.196 8.000
E_1192 -18.409 -605.239 8.000
N_1193 -23.258 -507.047 12.000
P_1194 0.000 -195.996 14.000
E_1195 -21.132 -605.239 10.000
Y_1196 -10.601 -274.939 9.000
L_1197 0.000 679.918 9.000
T_1198 -15.425 -90.974 9.000
P_1199 0.000 -195.996 7.000
Q_1200 -16.691 -643.904 7.000
G_1201 0.000 -27.649 4.000
G_1202 0.000 -27.649 4.000
A_1203 0.000 185.740 0.000
A_1204 0.000 185.740 4.000
P_1205 0.000 -195.996 4.000
Q_1206 -14.591 -643.904 6.000
P_1207 0.000 -195.996 6.000
H_1208 -8.431 -583.484 6.000
P_1209 0.000 -195.996 2.000
P_1210 0.000 -195.996 2.000
P_1211 0.000 -195.996 0.000
A_1212 0.000 185.740 3.000
F_1213 0.000 560.542 3.000
S_1214 -4.441 -90.060 3.000
P_1215 0.000 -195.996 3.000
A_1216 0.000 185.740 7.000
F_1217 0.000 560.542 8.000
D_1218 -18.409 -475.402 8.000
N_1219 -21.132 -507.047 10.000
L_1220 0.000 679.918 12.000
Y_1221 -10.601 -274.939 9.000
Y_1222 -10.601 -274.939 9.000
W_1223 -6.358 -203.500 13.000
D_1224 -25.772 -475.402 15.000
Q_1225 -24.169 -643.904 13.000
D_1226 -23.258 -475.402 12.000
P_1227 0.000 -195.996 12.000
P_1228 0.000 -195.996 13.000
E_1229 -19.866 -605.239 9.000
R_1230 -23.856 -1015.709 9.000
G_1231 0.000 -27.649 9.000
A_1232 0.000 185.740 5.000
P_1233 0.000 -195.996 3.000
P_1234 0.000 -195.996 6.000
S_1235 -11.867 -90.060 6.000
T_1236 -15.425 -90.974 9.000
F_1237 0.000 560.542 9.000
K_1238 -15.425 -818.649 9.000
G_1239 0.000 -27.649 6.000
T_1240 -15.425 -90.974 9.000
P_1241 0.000 -195.996 6.000
T_1242 -16.309 -90.974 10.000
A_1243 0.000 185.740 11.000
E_1244 -22.253 -605.239 11.000
N_1245 -23.258 -507.047 12.000
P_1246 0.000 -195.996 14.000
E_1247 -21.132 -605.239 10.000
Y_1248 -8.431 -274.939 6.000
L_1249 0.000 679.918 6.000
G_1250 0.000 -27.649 6.000
L_1251 0.000 679.918 4.000
D_1252 -7.878 -475.402 4.000
V_1253 0.000 613.196 4.000
P_1254 0.000 -195.996 4.000
V_1255 0.000 613.196 0.000
