M_1 0.000 401.769 4.000
G_2 0.000 -27.649 8.000
D_3 -24.169 -475.402 13.000
Q_4 -24.169 -643.904 13.000
R_5 -33.508 -1015.709 17.000
P_6 0.000 -195.996 17.000
Q_7 -27.773 -643.904 18.000
D_8 -24.169 -475.402 13.000
R_9 -32.645 -1015.709 16.000
P_10 0.000 -195.996 15.000
S_11 -17.098 -90.060 11.000
S_12 -11.867 -90.060 6.000
P_13 0.000 -195.996 6.000
G_14 0.000 -27.649 7.000
M_15 0.000 401.769 7.000
D_16 -21.132 -475.402 10.000
S_17 -16.309 -90.060 10.000
T_18 -17.098 -90.974 11.000
P_19 0.000 -195.996 9.000
W_20 -4.441 -203.500 6.000
Y_21 -9.265 -274.939 7.000
C_22 0.000 322.480 10.000
D_23 -19.866 -475.402 9.000
K_24 -13.255 -818.649 7.000
P_25 0.000 -195.996 10.000
P_26 0.000 -195.996 9.000
S_27 -14.420 -90.060 8.000
K_28 -14.420 -818.649 8.000
Y_29 -9.978 -274.939 8.000
F_30 0.000 560.542 8.000
A_31 0.000 185.740 10.000
K_32 -17.098 -818.649 11.000
R_33 -29.616 -1015.709 13.000
K_34 -21.060 -818.649 18.000
H_35 -14.725 -583.484 20.000
R_36 -31.716 -1015.709 15.000
R_37 -33.508 -1015.709 17.000
L_38 0.000 679.918 15.000
R_39 -25.574 -1015.709 10.000
F_40 0.000 560.542 5.000
P_41 0.000 -195.996 5.000
P_42 0.000 -195.996 4.000
V_43 0.000 613.196 7.000
D_44 -22.253 -475.402 11.000
T_45 -19.613 -90.974 15.000
Q_46 -26.485 -643.904 16.000
N_47 -23.258 -507.047 12.000
W_48 -5.447 -203.500 9.000
V_49 0.000 613.196 5.000
F_50 0.000 560.542 4.000
V_51 0.000 613.196 7.000
T_52 -13.255 -90.974 7.000
E_53 -16.691 -605.239 7.000
G_54 0.000 -27.649 11.000
M_55 0.000 401.769 12.000
D_56 -18.409 -475.402 8.000
D_57 -24.169 -475.402 13.000
F_58 0.000 560.542 15.000
R_59 -27.076 -1015.709 11.000
Y_60 -9.265 -274.939 7.000
G_61 0.000 -27.649 11.000
C_62 0.000 322.480 9.000
Q_63 -16.691 -643.904 7.000
S_64 -17.098 -90.060 11.000
P_65 0.000 -195.996 15.000
E_66 -25.003 -605.239 14.000
D_67 -22.253 -475.402 11.000
T_68 -17.098 -90.974 11.000
L_69 0.000 679.918 7.000
V_70 0.000 613.196 8.000
C_71 0.000 322.480 10.000
R_72 -30.711 -1015.709 14.000
R_73 -34.315 -1015.709 18.000
D_74 -27.773 -475.402 18.000
E_75 -24.169 -605.239 13.000
F_76 0.000 560.542 8.000
L_77 0.000 679.918 4.000
L_78 0.000 679.918 3.000
P_79 0.000 -195.996 3.000
K_80 -11.867 -818.649 6.000
I_81 0.000 777.529 6.000
S_82 -17.098 -90.060 11.000
L_83 0.000 679.918 8.000
R_84 -21.845 -1015.709 8.000
G_85 0.000 -27.649 9.000
P_86 0.000 -195.996 9.000
Q_87 -18.409 -643.904 8.000
A_88 0.000 185.740 8.000
D_89 -22.253 -475.402 11.000
P_90 0.000 -195.996 10.000
K_91 -19.613 -818.649 15.000
S_92 -19.059 -90.060 14.000
R_93 -33.508 -1015.709 17.000
K_94 -20.609 -818.649 17.000
K_95 -19.059 -818.649 14.000
K_96 -15.425 -818.649 9.000
L_97 0.000 679.918 9.000
L_98 0.000 679.918 9.000
K_99 -11.867 -818.649 6.000
K_100 -11.867 -818.649 6.000
A_101 0.000 185.740 6.000
A_102 0.000 185.740 3.000
L_103 0.000 679.918 3.000
F_104 0.000 560.542 6.000
S_105 -11.867 -90.060 6.000
K_106 -15.425 -818.649 9.000
L_107 0.000 679.918 9.000
S_108 -11.867 -90.060 6.000
P_109 0.000 -195.996 7.000
A_110 0.000 185.740 7.000
Q_111 -7.878 -643.904 4.000
P_112 0.000 -195.996 9.000
A_113 0.000 185.740 12.000
R_114 -21.845 -1015.709 8.000
K_115 -14.420 -818.649 8.000
A_116 0.000 185.740 8.000
F_117 0.000 560.542 7.000
V_118 0.000 613.196 8.000
E_119 -18.409 -605.239 8.000
E_120 -23.258 -605.239 12.000
V_121 0.000 613.196 12.000
E_122 -23.258 -605.239 12.000
A_123 0.000 185.740 8.000
Q_124 -18.409 -643.904 8.000
L_125 0.000 679.918 7.000
M_126 0.000 401.769 10.000
T_127 -14.420 -90.974 8.000
K_128 -14.420 -818.649 8.000
H_129 -9.978 -583.484 8.000
P_130 0.000 -195.996 5.000
L_131 0.000 679.918 2.000
A_132 0.000 185.740 2.000
M_133 0.000 401.769 2.000
Y_134 -8.431 -274.939 6.000
P_135 0.000 -195.996 6.000
N_136 -14.591 -507.047 6.000
L_137 0.000 679.918 8.000
G_138 0.000 -27.649 12.000
E_139 -18.409 -605.239 8.000
D_140 -18.409 -475.402 8.000
M_141 0.000 401.769 8.000
P_142 0.000 -195.996 8.000
P_143 0.000 -195.996 4.000
D_144 -7.878 -475.402 4.000
L_145 0.000 679.918 4.000
L_146 0.000 679.918 8.000
L_147 0.000 679.918 4.000
Q_148 -7.878 -643.904 4.000
V_149 0.000 613.196 7.000
L_150 0.000 679.918 7.000
K_151 -4.441 -818.649 3.000
P_152 0.000 -195.996 7.000
L_153 0.000 679.918 7.000
D_154 -18.409 -475.402 8.000
P_155 0.000 -195.996 13.000
E_156 -26.485 -605.239 16.000
R_157 -28.412 -1015.709 12.000
K_158 -20.127 -818.649 16.000
L_159 0.000 679.918 16.000
E_160 -22.253 -605.239 11.000
D_161 -18.409 -475.402 8.000
A_162 0.000 185.740 11.000
G_163 0.000 -27.649 7.000
S_164 -13.255 -90.060 7.000
C_165 0.000 322.480 7.000
E_166 -22.253 -605.239 11.000
G_167 0.000 -27.649 12.000
Q_168 -25.772 -643.904 15.000
E_169 -25.003 -605.239 14.000
K_170 -20.609 -818.649 17.000
T_171 -20.609 -90.974 17.000
T_172 -20.609 -90.974 17.000
D_173 -25.003 -475.402 14.000
E_174 -25.003 -605.239 14.000
P_175 0.000 -195.996 15.000
T_176 -17.098 -90.974 11.000
E_177 -16.691 -605.239 7.000
P_178 0.000 -195.996 10.000
G_179 0.000 -27.649 9.000
K_180 -10.149 -818.649 5.000
Y_181 -7.426 -274.939 5.000
P_182 0.000 -195.996 5.000
C_183 0.000 322.480 6.000
G_184 0.000 -27.649 4.000
E_185 -16.691 -605.239 7.000
F_186 0.000 560.542 7.000
S_187 -17.811 -90.060 12.000
P_188 0.000 -195.996 8.000
R_189 -21.845 -1015.709 8.000
P_190 0.000 -195.996 9.000
P_191 0.000 -195.996 12.000
E_192 -23.258 -605.239 12.000
T_193 -17.811 -90.974 12.000
R_194 -31.716 -1015.709 15.000
V_195 0.000 613.196 11.000
S_196 -14.420 -90.060 8.000
C_197 0.000 322.480 3.000
L_198 0.000 679.918 3.000
P_199 0.000 -195.996 4.000
P_200 0.000 -195.996 4.000
E_201 -7.878 -605.239 4.000
P_202 0.000 -195.996 7.000
P_203 0.000 -195.996 10.000
K_204 -11.867 -818.649 6.000
T_205 -11.867 -90.974 6.000
P_206 0.000 -195.996 9.000
V_207 0.000 613.196 9.000
S_208 -11.867 -90.060 6.000
S_209 -17.098 -90.060 11.000
L_210 0.000 679.918 11.000
R_211 -28.412 -1015.709 12.000
P_212 0.000 -195.996 9.000
E_213 -19.866 -605.239 9.000
P_214 0.000 -195.996 8.000
P_215 0.000 -195.996 11.000
E_216 -16.691 -605.239 7.000
T_217 -13.255 -90.974 7.000
G_218 0.000 -27.649 10.000
V_219 0.000 613.196 8.000
S_220 -10.149 -90.060 5.000
H_221 -11.154 -583.484 10.000
L_222 0.000 679.918 10.000
R_223 -27.076 -1015.709 11.000
P_224 0.000 -195.996 9.000
Q_225 -19.866 -643.904 9.000
P_226 0.000 -195.996 7.000
P_227 0.000 -195.996 10.000
K_228 -16.309 -818.649 10.000
T_229 -16.309 -90.974 10.000
Q_230 -24.169 -643.904 13.000
V_231 0.000 613.196 13.000
S_232 -16.309 -90.060 10.000
S_233 -14.420 -90.060 8.000
L_234 0.000 679.918 8.000
H_235 -10.601 -583.484 9.000
L_236 0.000 679.918 6.000
E_237 -14.591 -605.239 6.000
P_238 0.000 -195.996 8.000
P_239 0.000 -195.996 11.000
E_240 -16.691 -605.239 7.000
T_241 -13.255 -90.974 7.000
G_242 0.000 -27.649 10.000
V_243 0.000 613.196 8.000
S_244 -10.149 -90.060 5.000
H_245 -11.154 -583.484 10.000
L_246 0.000 679.918 10.000
R_247 -27.076 -1015.709 11.000
P_248 0.000 -195.996 9.000
E_249 -19.866 -605.239 9.000
P_250 0.000 -195.996 7.000
P_251 0.000 -195.996 10.000
K_252 -16.309 -818.649 10.000
T_253 -16.309 -90.974 10.000
Q_254 -24.169 -643.904 13.000
V_255 0.000 613.196 13.000
S_256 -16.309 -90.060 10.000
S_257 -14.420 -90.060 8.000
L_258 0.000 679.918 8.000
H_259 -10.601 -583.484 9.000
L_260 0.000 679.918 6.000
E_261 -14.591 -605.239 6.000
P_262 0.000 -195.996 8.000
P_263 0.000 -195.996 11.000
E_264 -16.691 -605.239 7.000
T_265 -13.255 -90.974 7.000
G_266 0.000 -27.649 10.000
V_267 0.000 613.196 8.000
S_268 -10.149 -90.060 5.000
H_269 -9.265 -583.484 7.000
L_270 0.000 679.918 7.000
Y_271 -9.978 -274.939 8.000
L_272 0.000 679.918 6.000
E_273 -14.591 -605.239 6.000
P_274 0.000 -195.996 4.000
P_275 0.000 -195.996 7.000
G_276 0.000 -27.649 3.000
T_277 -4.441 -90.974 3.000
G_278 0.000 -27.649 6.000
V_279 0.000 613.196 8.000
S_280 -10.149 -90.060 5.000
H_281 -7.426 -583.484 5.000
L_282 0.000 679.918 5.000
C_283 0.000 322.480 6.000
P_284 0.000 -195.996 4.000
E_285 -7.878 -605.239 4.000
P_286 0.000 -195.996 7.000
P_287 0.000 -195.996 10.000
K_288 -17.098 -818.649 11.000
T_289 -17.098 -90.974 11.000
R_290 -30.711 -1015.709 14.000
V_291 0.000 613.196 13.000
S_292 -16.309 -90.060 10.000
H_293 -9.265 -583.484 7.000
L_294 0.000 679.918 12.000
H_295 -12.518 -583.484 13.000
R_296 -27.076 -1015.709 11.000
E_297 -22.253 -605.239 11.000
P_298 0.000 -195.996 13.000
P_299 0.000 -195.996 11.000
E_300 -16.691 -605.239 7.000
T_301 -13.255 -90.974 7.000
G_302 0.000 -27.649 7.000
V_303 0.000 613.196 7.000
P_304 0.000 -195.996 4.000
D_305 -7.878 -475.402 4.000
L_306 0.000 679.918 4.000
C_307 0.000 322.480 8.000
L_308 0.000 679.918 4.000
E_309 -7.878 -605.239 4.000
P_310 0.000 -195.996 7.000
P_311 0.000 -195.996 10.000
K_312 -17.098 -818.649 11.000
S_313 -17.098 -90.060 11.000
R_314 -30.711 -1015.709 14.000
V_315 0.000 613.196 13.000
S_316 -16.309 -90.060 10.000
H_317 -11.154 -583.484 10.000
L_318 0.000 679.918 10.000
R_319 -27.076 -1015.709 11.000
P_320 0.000 -195.996 9.000
E_321 -23.258 -605.239 12.000
P_322 0.000 -195.996 11.000
S_323 -19.059 -90.060 14.000
E_324 -21.132 -605.239 10.000
T_325 -16.309 -90.974 10.000
G_326 0.000 -27.649 10.000
V_327 0.000 613.196 8.000
S_328 -10.149 -90.060 5.000
H_329 -9.265 -583.484 7.000
L_330 0.000 679.918 7.000
H_331 -9.978 -583.484 8.000
P_332 0.000 -195.996 6.000
E_333 -14.591 -605.239 6.000
P_334 0.000 -195.996 7.000
P_335 0.000 -195.996 10.000
K_336 -11.867 -818.649 6.000
T_337 -11.867 -90.974 6.000
L_338 0.000 679.918 9.000
V_339 0.000 613.196 9.000
S_340 -11.867 -90.060 6.000
S_341 -14.420 -90.060 8.000
L_342 0.000 679.918 8.000
H_343 -10.601 -583.484 9.000
P_344 0.000 -195.996 6.000
E_345 -14.591 -605.239 6.000
P_346 0.000 -195.996 8.000
P_347 0.000 -195.996 11.000
E_348 -16.691 -605.239 7.000
T_349 -13.255 -90.974 7.000
G_350 0.000 -27.649 10.000
V_351 0.000 613.196 8.000
S_352 -10.149 -90.060 5.000
H_353 -7.426 -583.484 5.000
L_354 0.000 679.918 5.000
C_355 0.000 322.480 6.000
P_356 0.000 -195.996 4.000
E_357 -7.878 -605.239 4.000
P_358 0.000 -195.996 8.000
P_359 0.000 -195.996 11.000
E_360 -23.258 -605.239 12.000
T_361 -17.811 -90.974 12.000
R_362 -31.716 -1015.709 15.000
V_363 0.000 613.196 11.000
S_364 -14.420 -90.060 8.000
P_365 0.000 -195.996 8.000
L_366 0.000 679.918 12.000
R_367 -23.856 -1015.709 9.000
Q_368 -19.866 -643.904 9.000
L_369 0.000 679.918 9.000
P_370 0.000 -195.996 8.000
P_371 0.000 -195.996 4.000
E_372 -7.878 -605.239 4.000
A_373 0.000 185.740 4.000
G_374 0.000 -27.649 7.000
V_375 0.000 613.196 5.000
S_376 -10.149 -90.060 5.000
H_377 -7.426 -583.484 5.000
L_378 0.000 679.918 5.000
C_379 0.000 322.480 6.000
P_380 0.000 -195.996 4.000
E_381 -7.878 -605.239 4.000
P_382 0.000 -195.996 7.000
P_383 0.000 -195.996 10.000
K_384 -17.098 -818.649 11.000
T_385 -17.098 -90.974 11.000
R_386 -27.076 -1015.709 11.000
V_387 0.000 613.196 8.000
P_388 0.000 -195.996 5.000
P_389 0.000 -195.996 5.000
L_390 0.000 679.918 5.000
R_391 -23.856 -1015.709 9.000
P_392 0.000 -195.996 12.000
E_393 -23.258 -605.239 12.000
T_394 -16.309 -90.974 10.000
P_395 0.000 -195.996 14.000
K_396 -16.309 -818.649 10.000
N_397 -16.691 -507.047 7.000
G_398 0.000 -27.649 10.000
V_399 0.000 613.196 7.000
S_400 -4.441 -90.060 3.000
P_401 0.000 -195.996 3.000
L_402 0.000 679.918 3.000
F_403 0.000 560.542 4.000
P_404 0.000 -195.996 4.000
E_405 -7.878 -605.239 4.000
P_406 0.000 -195.996 7.000
P_407 0.000 -195.996 10.000
K_408 -17.098 -818.649 11.000
T_409 -17.098 -90.974 11.000
R_410 -30.711 -1015.709 14.000
I_411 0.000 777.529 15.000
S_412 -17.811 -90.060 12.000
N_413 -23.258 -507.047 12.000
L_414 0.000 679.918 15.000
R_415 -32.645 -1015.709 16.000
S_416 -17.811 -90.060 12.000
E_417 -23.258 -605.239 12.000
P_418 0.000 -195.996 10.000
P_419 0.000 -195.996 7.000
K_420 -4.441 -818.649 3.000
I_421 0.000 777.529 3.000
G_422 0.000 -27.649 6.000
V_423 0.000 613.196 5.000
S_424 -10.149 -90.060 5.000
H_425 -7.426 -583.484 5.000
L_426 0.000 679.918 5.000
C_427 0.000 322.480 6.000
L_428 0.000 679.918 4.000
E_429 -7.878 -605.239 4.000
P_430 0.000 -195.996 7.000
P_431 0.000 -195.996 10.000
K_432 -17.098 -818.649 11.000
T_433 -17.098 -90.974 11.000
R_434 -30.711 -1015.709 14.000
G_435 0.000 -27.649 13.000
S_436 -16.309 -90.060 10.000
H_437 -11.154 -583.484 10.000
L_438 0.000 679.918 10.000
R_439 -27.076 -1015.709 11.000
P_440 0.000 -195.996 9.000
E_441 -19.866 -605.239 9.000
P_442 0.000 -195.996 8.000
P_443 0.000 -195.996 11.000
E_444 -16.691 -605.239 7.000
T_445 -13.255 -90.974 7.000
G_446 0.000 -27.649 10.000
V_447 0.000 613.196 8.000
S_448 -10.149 -90.060 5.000
H_449 -11.154 -583.484 10.000
L_450 0.000 679.918 10.000
R_451 -27.076 -1015.709 11.000
P_452 0.000 -195.996 9.000
E_453 -19.866 -605.239 9.000
P_454 0.000 -195.996 7.000
P_455 0.000 -195.996 10.000
K_456 -17.098 -818.649 11.000
T_457 -17.098 -90.974 11.000
R_458 -30.711 -1015.709 14.000
V_459 0.000 613.196 14.000
S_460 -17.098 -90.060 11.000
S_461 -14.420 -90.060 8.000
L_462 0.000 679.918 8.000
H_463 -10.601 -583.484 9.000
L_464 0.000 679.918 6.000
E_465 -14.591 -605.239 6.000
P_466 0.000 -195.996 8.000
P_467 0.000 -195.996 11.000
E_468 -16.691 -605.239 7.000
T_469 -13.255 -90.974 7.000
G_470 0.000 -27.649 10.000
V_471 0.000 613.196 8.000
S_472 -10.149 -90.060 5.000
H_473 -7.426 -583.484 5.000
L_474 0.000 679.918 5.000
C_475 0.000 322.480 6.000
P_476 0.000 -195.996 4.000
E_477 -7.878 -605.239 4.000
P_478 0.000 -195.996 8.000
P_479 0.000 -195.996 11.000
E_480 -22.253 -605.239 11.000
K_481 -17.098 -818.649 11.000
D_482 -25.003 -475.402 14.000
V_483 0.000 613.196 12.000
S_484 -15.425 -90.060 9.000
H_485 -11.154 -583.484 10.000
L_486 0.000 679.918 10.000
R_487 -27.076 -1015.709 11.000
P_488 0.000 -195.996 9.000
E_489 -19.866 -605.239 9.000
P_490 0.000 -195.996 8.000
P_491 0.000 -195.996 11.000
D_492 -16.691 -475.402 7.000
T_493 -13.255 -90.974 7.000
G_494 0.000 -27.649 10.000
V_495 0.000 613.196 8.000
S_496 -10.149 -90.060 5.000
H_497 -7.426 -583.484 5.000
L_498 0.000 679.918 5.000
C_499 0.000 322.480 6.000
P_500 0.000 -195.996 4.000
E_501 -7.878 -605.239 4.000
P_502 0.000 -195.996 7.000
P_503 0.000 -195.996 10.000
K_504 -17.098 -818.649 11.000
T_505 -17.098 -90.974 11.000
R_506 -30.711 -1015.709 14.000
V_507 0.000 613.196 13.000
S_508 -16.309 -90.060 10.000
H_509 -11.154 -583.484 10.000
L_510 0.000 679.918 10.000
R_511 -27.076 -1015.709 11.000
P_512 0.000 -195.996 9.000
E_513 -23.258 -605.239 12.000
P_514 0.000 -195.996 11.000
S_515 -19.059 -90.060 14.000
E_516 -21.132 -605.239 10.000
T_517 -16.309 -90.974 10.000
G_518 0.000 -27.649 10.000
V_519 0.000 613.196 8.000
S_520 -10.149 -90.060 5.000
H_521 -11.154 -583.484 10.000
L_522 0.000 679.918 10.000
R_523 -27.076 -1015.709 11.000
P_524 0.000 -195.996 9.000
E_525 -19.866 -605.239 9.000
P_526 0.000 -195.996 7.000
P_527 0.000 -195.996 7.000
K_528 -4.441 -818.649 3.000
I_529 0.000 777.529 3.000
L_530 0.000 679.918 6.000
V_531 0.000 613.196 6.000
S_532 -11.867 -90.060 6.000
S_533 -14.420 -90.060 8.000
L_534 0.000 679.918 12.000
H_535 -10.601 -583.484 9.000
Q_536 -14.591 -643.904 6.000
A_537 0.000 185.740 6.000
P_538 0.000 -195.996 8.000
P_539 0.000 -195.996 7.000
E_540 -21.132 -605.239 10.000
S_541 -16.309 -90.060 10.000
S_542 -18.462 -90.060 13.000
V_543 0.000 613.196 11.000
S_544 -14.420 -90.060 8.000
H_545 -11.154 -583.484 10.000
L_546 0.000 679.918 10.000
R_547 -27.076 -1015.709 11.000
P_548 0.000 -195.996 9.000
E_549 -19.866 -605.239 9.000
P_550 0.000 -195.996 8.000
P_551 0.000 -195.996 11.000
E_552 -16.691 -605.239 7.000
T_553 -13.255 -90.974 7.000
G_554 0.000 -27.649 10.000
V_555 0.000 613.196 8.000
S_556 -10.149 -90.060 5.000
H_557 -11.154 -583.484 10.000
L_558 0.000 679.918 10.000
R_559 -27.076 -1015.709 11.000
P_560 0.000 -195.996 9.000
E_561 -19.866 -605.239 9.000
P_562 0.000 -195.996 7.000
P_563 0.000 -195.996 10.000
K_564 -17.098 -818.649 11.000
T_565 -17.098 -90.974 11.000
R_566 -29.616 -1015.709 13.000
M_567 0.000 401.769 13.000
Y_568 -11.154 -274.939 10.000
S_569 -16.309 -90.060 10.000
L_570 0.000 679.918 10.000
R_571 -28.412 -1015.709 12.000
P_572 0.000 -195.996 9.000
E_573 -19.866 -605.239 9.000
P_574 0.000 -195.996 8.000
P_575 0.000 -195.996 11.000
D_576 -16.691 -475.402 7.000
T_577 -13.255 -90.974 7.000
G_578 0.000 -27.649 10.000
V_579 0.000 613.196 8.000
S_580 -10.149 -90.060 5.000
H_581 -7.426 -583.484 5.000
L_582 0.000 679.918 5.000
C_583 0.000 322.480 6.000
P_584 0.000 -195.996 4.000
E_585 -7.878 -605.239 4.000
P_586 0.000 -195.996 7.000
P_587 0.000 -195.996 10.000
K_588 -17.098 -818.649 11.000
T_589 -17.098 -90.974 11.000
R_590 -30.711 -1015.709 14.000
V_591 0.000 613.196 14.000
S_592 -17.098 -90.060 11.000
S_593 -11.867 -90.060 6.000
L_594 0.000 679.918 6.000
P_595 0.000 -195.996 7.000
P_596 0.000 -195.996 4.000
E_597 -7.878 -605.239 4.000
P_598 0.000 -195.996 8.000
P_599 0.000 -195.996 11.000
E_600 -16.691 -605.239 7.000
T_601 -13.255 -90.974 7.000
G_602 0.000 -27.649 10.000
V_603 0.000 613.196 8.000
S_604 -10.149 -90.060 5.000
H_605 -7.426 -583.484 5.000
L_606 0.000 679.918 5.000
C_607 0.000 322.480 6.000
P_608 0.000 -195.996 4.000
E_609 -7.878 -605.239 4.000
P_610 0.000 -195.996 8.000
P_611 0.000 -195.996 11.000
E_612 -23.258 -605.239 12.000
T_613 -17.811 -90.974 12.000
R_614 -31.716 -1015.709 15.000
V_615 0.000 613.196 13.000
S_616 -16.309 -90.060 10.000
H_617 -11.154 -583.484 10.000
L_618 0.000 679.918 10.000
R_619 -27.076 -1015.709 11.000
P_620 0.000 -195.996 9.000
E_621 -19.866 -605.239 9.000
P_622 0.000 -195.996 8.000
P_623 0.000 -195.996 11.000
E_624 -16.691 -605.239 7.000
T_625 -13.255 -90.974 7.000
G_626 0.000 -27.649 10.000
V_627 0.000 613.196 8.000
S_628 -10.149 -90.060 5.000
H_629 -11.154 -583.484 10.000
L_630 0.000 679.918 10.000
R_631 -27.076 -1015.709 11.000
P_632 0.000 -195.996 9.000
E_633 -19.866 -605.239 9.000
P_634 0.000 -195.996 7.000
P_635 0.000 -195.996 10.000
K_636 -17.098 -818.649 11.000
T_637 -17.098 -90.974 11.000
R_638 -29.616 -1015.709 13.000
M_639 0.000 401.769 13.000
Y_640 -11.154 -274.939 10.000
S_641 -16.309 -90.060 10.000
L_642 0.000 679.918 10.000
R_643 -28.412 -1015.709 12.000
P_644 0.000 -195.996 9.000
E_645 -19.866 -605.239 9.000
P_646 0.000 -195.996 8.000
P_647 0.000 -195.996 11.000
N_648 -16.691 -507.047 7.000
T_649 -13.255 -90.974 7.000
G_650 0.000 -27.649 10.000
V_651 0.000 613.196 8.000
S_652 -10.149 -90.060 5.000
H_653 -7.426 -583.484 5.000
L_654 0.000 679.918 5.000
C_655 0.000 322.480 6.000
P_656 0.000 -195.996 4.000
E_657 -7.878 -605.239 4.000
P_658 0.000 -195.996 7.000
P_659 0.000 -195.996 10.000
K_660 -17.098 -818.649 11.000
T_661 -17.098 -90.974 11.000
R_662 -30.711 -1015.709 14.000
V_663 0.000 613.196 14.000
S_664 -17.098 -90.060 11.000
S_665 -11.867 -90.060 6.000
L_666 0.000 679.918 6.000
P_667 0.000 -195.996 7.000
P_668 0.000 -195.996 4.000
E_669 -7.878 -605.239 4.000
P_670 0.000 -195.996 8.000
P_671 0.000 -195.996 11.000
E_672 -16.691 -605.239 7.000
T_673 -13.255 -90.974 7.000
G_674 0.000 -27.649 10.000
V_675 0.000 613.196 8.000
S_676 -10.149 -90.060 5.000
H_677 -7.426 -583.484 5.000
L_678 0.000 679.918 5.000
C_679 0.000 322.480 6.000
P_680 0.000 -195.996 4.000
E_681 -7.878 -605.239 4.000
P_682 0.000 -195.996 8.000
P_683 0.000 -195.996 11.000
E_684 -23.258 -605.239 12.000
T_685 -17.811 -90.974 12.000
R_686 -31.716 -1015.709 15.000
V_687 0.000 613.196 13.000
S_688 -16.309 -90.060 10.000
H_689 -11.154 -583.484 10.000
L_690 0.000 679.918 10.000
R_691 -27.076 -1015.709 11.000
P_692 0.000 -195.996 9.000
E_693 -19.866 -605.239 9.000
P_694 0.000 -195.996 8.000
P_695 0.000 -195.996 11.000
E_696 -16.691 -605.239 7.000
T_697 -13.255 -90.974 7.000
G_698 0.000 -27.649 10.000
V_699 0.000 613.196 11.000
S_700 -14.420 -90.060 8.000
R_701 -25.574 -1015.709 10.000
L_702 0.000 679.918 10.000
H_703 -11.652 -583.484 11.000
P_704 0.000 -195.996 6.000
E_705 -14.591 -605.239 6.000
P_706 0.000 -195.996 7.000
P_707 0.000 -195.996 10.000
K_708 -17.098 -818.649 11.000
T_709 -17.098 -90.974 11.000
R_710 -30.711 -1015.709 14.000
V_711 0.000 613.196 14.000
S_712 -17.098 -90.060 11.000
S_713 -14.420 -90.060 8.000
L_714 0.000 679.918 8.000
H_715 -10.601 -583.484 9.000
A_716 0.000 185.740 6.000
E_717 -14.591 -605.239 6.000
P_718 0.000 -195.996 8.000
P_719 0.000 -195.996 11.000
E_720 -23.258 -605.239 12.000
S_721 -17.811 -90.060 12.000
R_722 -31.716 -1015.709 15.000
V_723 0.000 613.196 13.000
S_724 -16.309 -90.060 10.000
H_725 -7.426 -583.484 5.000
L_726 0.000 679.918 5.000
C_727 0.000 322.480 6.000
P_728 0.000 -195.996 4.000
E_729 -7.878 -605.239 4.000
P_730 0.000 -195.996 8.000
P_731 0.000 -195.996 11.000
E_732 -16.691 -605.239 7.000
T_733 -13.255 -90.974 7.000
G_734 0.000 -27.649 10.000
V_735 0.000 613.196 8.000
S_736 -10.149 -90.060 5.000
H_737 -11.154 -583.484 10.000
L_738 0.000 679.918 10.000
R_739 -27.076 -1015.709 11.000
P_740 0.000 -195.996 9.000
E_741 -19.866 -605.239 9.000
P_742 0.000 -195.996 7.000
P_743 0.000 -195.996 7.000
K_744 -14.420 -818.649 8.000
P_745 0.000 -195.996 8.000
R_746 -27.076 -1015.709 11.000
V_747 0.000 613.196 11.000
S_748 -17.098 -90.060 11.000
S_749 -17.098 -90.060 11.000
L_750 0.000 679.918 11.000
R_751 -28.412 -1015.709 12.000
P_752 0.000 -195.996 9.000
E_753 -19.866 -605.239 9.000
P_754 0.000 -195.996 8.000
L_755 0.000 679.918 11.000
E_756 -23.258 -605.239 12.000
T_757 -17.811 -90.974 12.000
R_758 -31.716 -1015.709 15.000
V_759 0.000 613.196 13.000
S_760 -16.309 -90.060 10.000
H_761 -11.154 -583.484 10.000
L_762 0.000 679.918 10.000
R_763 -27.076 -1015.709 11.000
P_764 0.000 -195.996 9.000
E_765 -19.866 -605.239 9.000
P_766 0.000 -195.996 8.000
P_767 0.000 -195.996 11.000
E_768 -16.691 -605.239 7.000
T_769 -13.255 -90.974 7.000
G_770 0.000 -27.649 10.000
V_771 0.000 613.196 8.000
S_772 -10.149 -90.060 5.000
H_773 -9.265 -583.484 7.000
L_774 0.000 679.918 7.000
H_775 -9.978 -583.484 8.000
P_776 0.000 -195.996 6.000
E_777 -14.591 -605.239 6.000
L_778 0.000 679.918 7.000
P_779 0.000 -195.996 7.000
K_780 -14.420 -818.649 8.000
P_781 0.000 -195.996 8.000
R_782 -27.076 -1015.709 11.000
V_783 0.000 613.196 11.000
S_784 -17.098 -90.060 11.000
S_785 -14.420 -90.060 8.000
L_786 0.000 679.918 8.000
H_787 -10.601 -583.484 9.000
L_788 0.000 679.918 6.000
E_789 -14.591 -605.239 6.000
P_790 0.000 -195.996 7.000
P_791 0.000 -195.996 10.000
K_792 -17.098 -818.649 11.000
T_793 -20.127 -90.974 16.000
R_794 -32.645 -1015.709 16.000
R_795 -32.645 -1015.709 16.000
V_796 0.000 613.196 16.000
S_797 -17.098 -90.060 11.000
S_798 -17.098 -90.060 11.000
L_799 0.000 679.918 11.000
R_800 -28.412 -1015.709 12.000
L_801 0.000 679.918 9.000
E_802 -19.866 -605.239 9.000
P_803 0.000 -195.996 7.000
P_804 0.000 -195.996 10.000
K_805 -11.867 -818.649 6.000
T_806 -17.098 -90.974 11.000
G_807 0.000 -27.649 11.000
R_808 -27.076 -1015.709 11.000
V_809 0.000 613.196 11.000
S_810 -17.098 -90.060 11.000
S_811 -11.867 -90.060 6.000
L_812 0.000 679.918 6.000
C_813 0.000 322.480 7.000
P_814 0.000 -195.996 4.000
E_815 -16.691 -605.239 7.000
P_816 0.000 -195.996 10.000
T_817 -18.462 -90.974 13.000
K_818 -15.425 -818.649 9.000
T_819 -15.425 -90.974 9.000
G_820 0.000 -27.649 9.000
A_821 0.000 185.740 8.000
S_822 -10.149 -90.060 5.000
H_823 -9.978 -583.484 8.000
L_824 0.000 679.918 12.000
K_825 -15.425 -818.649 9.000
E_826 -16.691 -605.239 7.000
L_827 0.000 679.918 11.000
F_828 0.000 560.542 12.000
Q_829 -18.409 -643.904 8.000
E_830 -22.253 -605.239 11.000
G_831 0.000 -27.649 14.000
T_832 -18.462 -90.974 13.000
S_833 -17.811 -90.060 12.000
S_834 -17.811 -90.060 12.000
T_835 -18.462 -90.974 13.000
M_836 0.000 401.769 10.000
E_837 -16.691 -605.239 7.000
C_838 0.000 322.480 7.000
V_839 0.000 613.196 11.000
S_840 -16.309 -90.060 10.000
D_841 -21.132 -475.402 10.000
S_842 -19.059 -90.060 14.000
L_843 0.000 679.918 16.000
Q_844 -27.150 -643.904 17.000
R_845 -32.645 -1015.709 16.000
R_846 -35.072 -1015.709 19.000
H_847 -14.188 -583.484 18.000
T_848 -21.060 -90.974 18.000
S_849 -20.127 -90.060 16.000
R_850 -30.711 -1015.709 14.000
K_851 -20.127 -818.649 16.000
L_852 0.000 679.918 17.000
R_853 -28.412 -1015.709 12.000
D_854 -23.258 -475.402 12.000
F_855 0.000 560.542 13.000
K_856 -14.420 -818.649 8.000
W_857 -3.436 -203.500 4.000
A_858 0.000 185.740 8.000
G_859 0.000 -27.649 5.000
D_860 -7.878 -475.402 4.000
L_861 0.000 679.918 4.000
G_862 0.000 -27.649 8.000
V_863 0.000 613.196 8.000
N_864 -23.258 -507.047 12.000
E_865 -25.772 -605.239 15.000
E_866 -25.772 -605.239 15.000
S_867 -19.059 -90.060 14.000
I_868 0.000 777.529 13.000
S_869 -15.425 -90.060 9.000
S_870 -11.867 -90.060 6.000
L_871 0.000 679.918 10.000
F_872 0.000 560.542 7.000
D_873 -16.691 -475.402 7.000
F_874 0.000 560.542 7.000
T_875 -17.098 -90.974 11.000
P_876 0.000 -195.996 7.000
E_877 -23.258 -605.239 12.000
C_878 0.000 322.480 9.000
R_879 -28.412 -1015.709 12.000
A_880 0.000 185.740 10.000
T_881 -19.059 -90.974 14.000
Y_882 -12.518 -274.939 13.000
Q_883 -27.150 -643.904 17.000
D_884 -27.150 -475.402 17.000
Q_885 -28.359 -643.904 19.000
K_886 -21.060 -818.649 18.000
N_887 -27.150 -507.047 17.000
K_888 -18.462 -818.649 13.000
K_889 -19.059 -818.649 14.000
A_890 0.000 185.740 14.000
N_891 -22.253 -507.047 11.000
E_892 -22.253 -605.239 11.000
C_893 0.000 322.480 14.000
S_894 -16.309 -90.060 10.000
S_895 -11.867 -90.060 6.000
G_896 0.000 -27.649 9.000
L_897 0.000 679.918 8.000
K_898 -14.420 -818.649 8.000
Y_899 -9.978 -274.939 8.000
S_900 -17.811 -90.060 12.000
M_901 0.000 401.769 9.000
E_902 -22.253 -605.239 11.000
L_903 0.000 679.918 12.000
D_904 -23.258 -475.402 12.000
E_905 -23.258 -605.239 12.000
M_906 0.000 401.769 16.000
D_907 -23.258 -475.402 12.000
E_908 -22.253 -605.239 11.000
V_909 0.000 613.196 11.000
K_910 -13.255 -818.649 7.000
F_911 0.000 560.542 6.000
F_912 0.000 560.542 10.000
S_913 -17.098 -90.060 11.000
Q_914 -25.003 -643.904 14.000
E_915 -27.773 -605.239 18.000
K_916 -19.613 -818.649 15.000
D_917 -25.772 -475.402 15.000
L_918 0.000 679.918 11.000
D_919 -22.253 -475.402 11.000
G_920 0.000 -27.649 7.000
K_921 -17.098 -818.649 11.000
I_922 0.000 777.529 11.000
Q_923 -22.253 -643.904 11.000
N_924 -18.409 -507.047 8.000
A_925 0.000 185.740 12.000
P_926 0.000 -195.996 11.000
N_927 -19.866 -507.047 9.000
S_928 -17.811 -90.060 12.000
H_929 -12.104 -583.484 12.000
S_930 -17.811 -90.060 12.000
A_931 0.000 185.740 11.000
Q_932 -19.866 -643.904 9.000
H_933 -10.601 -583.484 9.000
V_934 0.000 613.196 9.000
K_935 -10.149 -818.649 5.000
M_936 0.000 401.769 5.000
G_937 0.000 -27.649 5.000
Y_938 -1.718 -274.939 2.000
G_939 0.000 -27.649 3.000
A_940 0.000 185.740 5.000
W_941 -2.723 -203.500 3.000
Y_942 -8.431 -274.939 6.000
L_943 0.000 679.918 6.000
K_944 -14.420 -818.649 8.000
P_945 0.000 -195.996 6.000
K_946 -11.867 -818.649 6.000
L_947 0.000 679.918 6.000
G_948 0.000 -27.649 9.000
K_949 -11.867 -818.649 6.000
K_950 -17.098 -818.649 11.000
L_951 0.000 679.918 14.000
R_952 -31.716 -1015.709 15.000
S_953 -20.127 -90.060 16.000
D_954 -26.485 -475.402 16.000
E_955 -22.253 -605.239 11.000
P_956 0.000 -195.996 8.000
L_957 0.000 679.918 8.000
I_958 0.000 777.529 4.000
D_959 -16.691 -475.402 7.000
P_960 0.000 -195.996 7.000
K_961 -13.255 -818.649 7.000
L_962 0.000 679.918 3.000
V_963 0.000 613.196 7.000
L_964 0.000 679.918 7.000
E_965 -16.691 -605.239 7.000
K_966 -17.098 -818.649 11.000
P_967 0.000 -195.996 15.000
D_968 -22.253 -475.402 11.000
E_969 -23.258 -605.239 12.000
P_970 0.000 -195.996 12.000
D_971 -18.409 -475.402 8.000
I_972 0.000 777.529 8.000
L_973 0.000 679.918 8.000
D_974 -7.878 -475.402 4.000
G_975 0.000 -27.649 6.000
L_976 0.000 679.918 6.000
Y_977 -1.718 -274.939 2.000
G_978 0.000 -27.649 2.000
P_979 0.000 -195.996 2.000
I_980 0.000 777.529 0.000
A_981 0.000 185.740 3.000
F_982 0.000 560.542 7.000
K_983 -13.255 -818.649 7.000
D_984 -16.691 -475.402 7.000
F_985 0.000 560.542 7.000
I_986 0.000 777.529 7.000
L_987 0.000 679.918 6.000
S_988 -11.867 -90.060 6.000
K_989 -14.420 -818.649 8.000
G_990 0.000 -27.649 12.000
Y_991 -10.601 -274.939 9.000
E_992 -14.591 -605.239 6.000
M_993 0.000 401.769 6.000
P_994 0.000 -195.996 4.000
G_995 0.000 -27.649 0.000
I_996 0.000 777.529 4.000
I_997 0.000 777.529 9.000
Q_998 -19.866 -643.904 9.000
R_999 -23.856 -1015.709 9.000
L_1000 0.000 679.918 9.000
F_1001 0.000 560.542 10.000
A_1002 0.000 185.740 10.000
R_1003 -25.574 -1015.709 10.000
R_1004 -27.076 -1015.709 11.000
G_1005 0.000 -27.649 14.000
W_1006 -5.944 -203.500 11.000
T_1007 -16.309 -90.974 10.000
Y_1008 -12.518 -274.939 13.000
D_1009 -23.258 -475.402 12.000
S_1010 -17.811 -90.060 12.000
V_1011 0.000 613.196 13.000
K_1012 -15.425 -818.649 9.000
T_1013 -11.867 -90.974 6.000
P_1014 0.000 -195.996 10.000
I_1015 0.000 777.529 12.000
Q_1016 -19.866 -643.904 9.000
R_1017 -23.856 -1015.709 9.000
A_1018 0.000 185.740 13.000
M_1019 0.000 401.769 9.000
Q_1020 -14.591 -643.904 6.000
V_1021 0.000 613.196 9.000
Y_1022 -11.652 -274.939 11.000
K_1023 -16.309 -818.649 10.000
Y_1024 -12.900 -274.939 14.000
K_1025 -20.127 -818.649 16.000
E_1026 -24.169 -605.239 13.000
D_1027 -25.003 -475.402 14.000
V_1028 0.000 613.196 15.000
T_1029 -17.098 -90.974 11.000
D_1030 -21.132 -475.402 10.000
A_1031 0.000 185.740 14.000
S_1032 -19.613 -90.060 15.000
E_1033 -25.772 -605.239 15.000
E_1034 -25.772 -605.239 15.000
D_1035 -23.258 -475.402 12.000
