M_1 0.000 401.769 0.000
A_2 0.000 185.740 3.000
V_3 0.000 613.196 3.000
K_4 -13.255 -818.649 7.000
V_5 0.000 613.196 10.000
Q_6 -24.169 -643.904 13.000
T_7 -18.462 -90.974 13.000
T_8 -21.060 -90.974 18.000
K_9 -19.059 -818.649 14.000
R_10 -31.716 -1015.709 15.000
G_11 0.000 -27.649 12.000
D_12 -22.253 -475.402 11.000
P_13 0.000 -195.996 10.000
H_14 -11.154 -583.484 10.000
E_15 -22.253 -605.239 11.000
L_16 0.000 679.918 15.000
R_17 -29.616 -1015.709 13.000
N_18 -19.866 -507.047 9.000
I_19 0.000 777.529 9.000
F_20 0.000 560.542 8.000
L_21 0.000 679.918 6.000
Q_22 -14.591 -643.904 6.000
Y_23 -10.601 -274.939 9.000
A_24 0.000 185.740 12.000
S_25 -17.811 -90.060 12.000
T_26 -16.309 -90.974 10.000
E_27 -25.003 -605.239 14.000
V_28 0.000 613.196 11.000
D_29 -23.258 -475.402 12.000
G_30 0.000 -27.649 13.000
E_31 -25.772 -605.239 15.000
R_32 -27.076 -1015.709 11.000
Y_33 -12.900 -274.939 14.000
M_34 0.000 401.769 10.000
T_35 -15.425 -90.974 9.000
P_36 0.000 -195.996 11.000
E_37 -22.253 -605.239 11.000
D_38 -18.409 -475.402 8.000
F_39 0.000 560.542 12.000
V_40 0.000 613.196 13.000
Q_41 -22.253 -643.904 11.000
R_42 -27.076 -1015.709 11.000
Y_43 -11.652 -274.939 11.000
L_44 0.000 679.918 7.000
G_45 0.000 -27.649 4.000
L_46 0.000 679.918 6.000
Y_47 -11.154 -274.939 10.000
N_48 -21.132 -507.047 10.000
D_49 -25.003 -475.402 14.000
P_50 0.000 -195.996 15.000
N_51 -25.772 -507.047 15.000
S_52 -17.098 -90.060 11.000
N_53 -25.003 -507.047 14.000
P_54 0.000 -195.996 10.000
K_55 -13.255 -818.649 7.000
I_56 0.000 777.529 7.000
V_57 0.000 613.196 7.000
Q_58 -7.878 -643.904 4.000
L_59 0.000 679.918 4.000
L_60 0.000 679.918 4.000
A_61 0.000 185.740 0.000
G_62 0.000 -27.649 0.000
V_63 0.000 613.196 4.000
A_64 0.000 185.740 8.000
D_65 -22.253 -475.402 11.000
Q_66 -25.003 -643.904 14.000
T_67 -21.060 -90.974 18.000
K_68 -19.059 -818.649 14.000
D_69 -21.132 -475.402 10.000
G_70 0.000 -27.649 7.000
L_71 0.000 679.918 7.000
I_72 0.000 777.529 5.000
S_73 -15.425 -90.060 9.000
Y_74 -12.518 -274.939 13.000
Q_75 -24.169 -643.904 13.000
E_76 -21.132 -605.239 10.000
F_77 0.000 560.542 8.000
L_78 0.000 679.918 4.000
A_79 0.000 185.740 4.000
F_80 0.000 560.542 7.000
E_81 -16.691 -605.239 7.000
S_82 -13.255 -90.060 7.000
V_83 0.000 613.196 7.000
L_84 0.000 679.918 3.000
C_85 0.000 322.480 0.000
A_86 0.000 185.740 4.000
P_87 0.000 -195.996 7.000
D_88 -16.691 -475.402 7.000
S_89 -13.255 -90.060 7.000
M_90 0.000 401.769 7.000
F_91 0.000 560.542 3.000
I_92 0.000 777.529 0.000
V_93 0.000 613.196 0.000
A_94 0.000 185.740 4.000
F_95 0.000 560.542 4.000
Q_96 -7.878 -643.904 4.000
L_97 0.000 679.918 8.000
F_98 0.000 560.542 11.000
D_99 -21.132 -475.402 10.000
K_100 -16.309 -818.649 10.000
S_101 -19.059 -90.060 14.000
G_102 0.000 -27.649 10.000
N_103 -22.253 -507.047 11.000
G_104 0.000 -27.649 8.000
E_105 -22.253 -605.239 11.000
V_106 0.000 613.196 7.000
T_107 -17.098 -90.974 11.000
F_108 0.000 560.542 11.000
E_109 -22.253 -605.239 11.000
N_110 -22.253 -507.047 11.000
V_111 0.000 613.196 15.000
K_112 -17.098 -818.649 11.000
E_113 -16.691 -605.239 7.000
I_114 0.000 777.529 7.000
F_115 0.000 560.542 8.000
G_116 0.000 -27.649 7.000
Q_117 -16.691 -643.904 7.000
T_118 -13.255 -90.974 7.000
I_119 0.000 777.529 9.000
I_120 0.000 777.529 7.000
H_121 -8.431 -583.484 6.000
H_122 -8.431 -583.484 6.000
H_123 -8.431 -583.484 6.000
I_124 0.000 777.529 4.000
P_125 0.000 -195.996 6.000
F_126 0.000 560.542 5.000
N_127 -19.866 -507.047 9.000
W_128 -5.447 -203.500 9.000
D_129 -24.169 -475.402 13.000
C_130 0.000 322.480 9.000
E_131 -18.409 -605.239 8.000
F_132 0.000 560.542 9.000
I_133 0.000 777.529 9.000
R_134 -19.414 -1015.709 7.000
L_135 0.000 679.918 7.000
H_136 -9.265 -583.484 7.000
F_137 0.000 560.542 4.000
G_138 0.000 -27.649 8.000
H_139 -11.652 -583.484 11.000
N_140 -25.003 -507.047 14.000
R_141 -33.508 -1015.709 17.000
K_142 -20.609 -818.649 17.000
K_143 -18.462 -818.649 13.000
H_144 -12.104 -583.484 12.000
L_145 0.000 679.918 11.000
N_146 -22.253 -507.047 11.000
Y_147 -12.518 -274.939 13.000
T_148 -18.462 -90.974 13.000
E_149 -23.258 -605.239 12.000
F_150 0.000 560.542 14.000
T_151 -17.098 -90.974 11.000
Q_152 -16.691 -643.904 7.000
F_153 0.000 560.542 11.000
L_154 0.000 679.918 12.000
Q_155 -18.409 -643.904 8.000
E_156 -23.258 -605.239 12.000
L_157 0.000 679.918 12.000
Q_158 -23.258 -643.904 12.000
L_159 0.000 679.918 10.000
E_160 -21.132 -605.239 10.000
H_161 -11.652 -583.484 11.000
A_162 0.000 185.740 15.000
R_163 -27.076 -1015.709 11.000
Q_164 -19.866 -643.904 9.000
A_165 0.000 185.740 9.000
F_166 0.000 560.542 4.000
A_167 0.000 185.740 3.000
L_168 0.000 679.918 7.000
K_169 -16.309 -818.649 10.000
D_170 -24.169 -475.402 13.000
K_171 -20.127 -818.649 16.000
S_172 -20.127 -90.060 16.000
K_173 -17.811 -818.649 12.000
S_174 -15.425 -90.060 9.000
G_175 0.000 -27.649 6.000
M_176 0.000 401.769 6.000
I_177 0.000 777.529 3.000
S_178 -4.441 -90.060 3.000
G_179 0.000 -27.649 7.000
L_180 0.000 679.918 7.000
D_181 -16.691 -475.402 7.000
F_182 0.000 560.542 11.000
S_183 -17.098 -90.060 11.000
D_184 -16.691 -475.402 7.000
I_185 0.000 777.529 7.000
M_186 0.000 401.769 7.000
V_187 0.000 613.196 3.000
T_188 -14.420 -90.974 8.000
I_189 0.000 777.529 11.000
R_190 -29.616 -1015.709 13.000
S_191 -16.309 -90.060 10.000
H_192 -11.154 -583.484 10.000
M_193 0.000 401.769 8.000
L_194 0.000 679.918 5.000
T_195 -4.441 -90.974 3.000
P_196 0.000 -195.996 3.000
F_197 0.000 560.542 7.000
V_198 0.000 613.196 8.000
E_199 -23.258 -605.239 12.000
E_200 -23.258 -605.239 12.000
N_201 -23.258 -507.047 12.000
L_202 0.000 679.918 11.000
V_203 0.000 613.196 7.000
S_204 -4.441 -90.060 3.000
A_205 0.000 185.740 3.000
A_206 0.000 185.740 3.000
G_207 0.000 -27.649 3.000
G_208 0.000 -27.649 3.000
S_209 -11.867 -90.060 6.000
I_210 0.000 777.529 8.000
S_211 -17.811 -90.060 12.000
H_212 -10.601 -583.484 9.000
Q_213 -23.258 -643.904 12.000
V_214 0.000 613.196 9.000
S_215 -16.309 -90.060 10.000
F_216 0.000 560.542 8.000
S_217 -14.420 -90.060 8.000
Y_218 -10.601 -274.939 9.000
F_219 0.000 560.542 9.000
N_220 -14.591 -507.047 6.000
A_221 0.000 185.740 8.000
F_222 0.000 560.542 11.000
N_223 -16.691 -507.047 7.000
S_224 -13.255 -90.060 7.000
L_225 0.000 679.918 11.000
L_226 0.000 679.918 11.000
N_227 -18.409 -507.047 8.000
N_228 -23.258 -507.047 12.000
M_229 0.000 401.769 12.000
E_230 -18.409 -605.239 8.000
L_231 0.000 679.918 9.000
V_232 0.000 613.196 12.000
R_233 -21.845 -1015.709 8.000
K_234 -16.309 -818.649 10.000
I_235 0.000 777.529 13.000
Y_236 -11.652 -274.939 11.000
S_237 -14.420 -90.060 8.000
T_238 -14.420 -90.974 8.000
L_239 0.000 679.918 6.000
A_240 0.000 185.740 6.000
G_241 0.000 -27.649 8.000
T_242 -17.098 -90.974 11.000
R_243 -31.716 -1015.709 15.000
K_244 -19.613 -818.649 15.000
D_245 -26.485 -475.402 16.000
V_246 0.000 613.196 11.000
E_247 -22.253 -605.239 11.000
V_248 0.000 613.196 10.000
T_249 -19.059 -90.974 14.000
K_250 -19.059 -818.649 14.000
E_251 -25.003 -605.239 14.000
E_252 -22.253 -605.239 11.000
F_253 0.000 560.542 12.000
A_254 0.000 185.740 11.000
Q_255 -16.691 -643.904 7.000
S_256 -13.255 -90.060 7.000
A_257 0.000 185.740 12.000
I_258 0.000 777.529 10.000
R_259 -19.414 -1015.709 7.000
Y_260 -11.652 -274.939 11.000
G_261 0.000 -27.649 11.000
Q_262 -19.866 -643.904 9.000
V_263 0.000 613.196 7.000
T_264 -13.255 -90.974 7.000
P_265 0.000 -195.996 7.000
L_266 0.000 679.918 7.000
E_267 -18.409 -605.239 8.000
I_268 0.000 777.529 8.000
D_269 -18.409 -475.402 8.000
I_270 0.000 777.529 6.000
L_271 0.000 679.918 10.000
Y_272 -8.431 -274.939 6.000
Q_273 -14.591 -643.904 6.000
L_274 0.000 679.918 10.000
A_275 0.000 185.740 8.000
D_276 -14.591 -475.402 6.000
L_277 0.000 679.918 10.000
Y_278 -11.154 -274.939 10.000
N_279 -19.866 -507.047 9.000
A_280 0.000 185.740 9.000
S_281 -17.811 -90.060 12.000
G_282 0.000 -27.649 8.000
R_283 -27.076 -1015.709 11.000
L_284 0.000 679.918 8.000
T_285 -14.420 -90.974 8.000
L_286 0.000 679.918 7.000
A_287 0.000 185.740 7.000
D_288 -18.409 -475.402 8.000
I_289 0.000 777.529 13.000
E_290 -24.169 -605.239 13.000
R_291 -23.856 -1015.709 9.000
I_292 0.000 777.529 9.000
A_293 0.000 185.740 5.000
P_294 0.000 -195.996 0.000
L_295 0.000 679.918 4.000
A_296 0.000 185.740 4.000
E_297 -7.878 -605.239 4.000
G_298 0.000 -27.649 4.000
A_299 0.000 185.740 4.000
L_300 0.000 679.918 2.000
P_301 0.000 -195.996 6.000
Y_302 -8.431 -274.939 6.000
N_303 -14.591 -507.047 6.000
L_304 0.000 679.918 10.000
A_305 0.000 185.740 8.000
E_306 -18.409 -605.239 8.000
L_307 0.000 679.918 13.000
Q_308 -27.150 -643.904 17.000
R_309 -33.508 -1015.709 17.000
Q_310 -28.912 -643.904 20.000
Q_311 -26.485 -643.904 16.000
S_312 -17.098 -90.060 11.000
P_313 0.000 -195.996 7.000
G_314 0.000 -27.649 3.000
L_315 0.000 679.918 5.000
G_316 0.000 -27.649 5.000
R_317 -11.867 -1015.709 5.000
P_318 0.000 -195.996 6.000
I_319 0.000 777.529 6.000
W_320 -3.990 -203.500 5.000
L_321 0.000 679.918 5.000
Q_322 -11.867 -643.904 5.000
I_323 0.000 777.529 8.000
A_324 0.000 185.740 11.000
E_325 -16.691 -605.239 7.000
S_326 -15.425 -90.060 9.000
A_327 0.000 185.740 14.000
Y_328 -11.154 -274.939 10.000
R_329 -25.574 -1015.709 10.000
F_330 0.000 560.542 10.000
T_331 -14.420 -90.974 8.000
L_332 0.000 679.918 6.000
G_333 0.000 -27.649 6.000
S_334 -4.441 -90.060 3.000
V_335 0.000 613.196 3.000
A_336 0.000 185.740 3.000
G_337 0.000 -27.649 0.000
A_338 0.000 185.740 0.000
V_339 0.000 613.196 0.000
G_340 0.000 -27.649 3.000
A_341 0.000 185.740 3.000
T_342 -4.441 -90.974 3.000
A_343 0.000 185.740 5.000
V_344 0.000 613.196 5.000
Y_345 -1.718 -274.939 2.000
P_346 0.000 -195.996 6.000
I_347 0.000 777.529 6.000
D_348 -7.878 -475.402 4.000
L_349 0.000 679.918 7.000
V_350 0.000 613.196 10.000
K_351 -17.098 -818.649 11.000
T_352 -17.098 -90.974 11.000
R_353 -31.716 -1015.709 15.000
M_354 0.000 401.769 16.000
Q_355 -27.150 -643.904 17.000
N_356 -27.150 -507.047 17.000
Q_357 -27.150 -643.904 17.000
R_358 -32.645 -1015.709 16.000
G_359 0.000 -27.649 12.000
S_360 -17.098 -90.060 11.000
G_361 0.000 -27.649 6.000
S_362 -11.867 -90.060 6.000
V_363 0.000 613.196 3.000
V_364 0.000 613.196 7.000
G_365 0.000 -27.649 4.000
E_366 -7.878 -605.239 4.000
L_367 0.000 679.918 6.000
M_368 0.000 401.769 9.000
Y_369 -10.601 -274.939 9.000
K_370 -17.811 -818.649 12.000
N_371 -23.258 -507.047 12.000
S_372 -19.059 -90.060 14.000
F_373 0.000 560.542 11.000
D_374 -16.691 -475.402 7.000
C_375 0.000 322.480 7.000
F_376 0.000 560.542 10.000
K_377 -11.867 -818.649 6.000
K_378 -11.867 -818.649 6.000
V_379 0.000 613.196 11.000
L_380 0.000 679.918 10.000
R_381 -27.076 -1015.709 11.000
Y_382 -11.652 -274.939 11.000
E_383 -22.253 -605.239 11.000
G_384 0.000 -27.649 6.000
F_385 0.000 560.542 4.000
F_386 0.000 560.542 0.000
G_387 0.000 -27.649 2.000
L_388 0.000 679.918 7.000
Y_389 -9.265 -274.939 7.000
R_390 -19.414 -1015.709 7.000
G_391 0.000 -27.649 7.000
L_392 0.000 679.918 5.000
I_393 0.000 777.529 4.000
P_394 0.000 -195.996 4.000
Q_395 -7.878 -643.904 4.000
L_396 0.000 679.918 4.000
I_397 0.000 777.529 4.000
G_398 0.000 -27.649 0.000
V_399 0.000 613.196 0.000
A_400 0.000 185.740 4.000
P_401 0.000 -195.996 7.000
E_402 -16.691 -605.239 7.000
K_403 -13.255 -818.649 7.000
A_404 0.000 185.740 10.000
I_405 0.000 777.529 6.000
K_406 -11.867 -818.649 6.000
L_407 0.000 679.918 6.000
T_408 -16.309 -90.974 10.000
V_409 0.000 613.196 11.000
N_410 -22.253 -507.047 11.000
D_411 -18.409 -475.402 8.000
F_412 0.000 560.542 13.000
V_413 0.000 613.196 13.000
R_414 -28.412 -1015.709 12.000
D_415 -23.258 -475.402 12.000
K_416 -19.613 -818.649 15.000
F_417 0.000 560.542 15.000
T_418 -20.127 -90.974 16.000
R_419 -33.508 -1015.709 17.000
R_420 -33.508 -1015.709 17.000
D_421 -27.150 -475.402 17.000
G_422 0.000 -27.649 12.000
S_423 -13.255 -90.060 7.000
V_424 0.000 613.196 3.000
P_425 0.000 -195.996 3.000
L_426 0.000 679.918 0.000
P_427 0.000 -195.996 4.000
A_428 0.000 185.740 4.000
E_429 -7.878 -605.239 4.000
V_430 0.000 613.196 4.000
L_431 0.000 679.918 4.000
A_432 0.000 185.740 0.000
G_433 0.000 -27.649 0.000
G_434 0.000 -27.649 0.000
C_435 0.000 322.480 0.000
A_436 0.000 185.740 0.000
G_437 0.000 -27.649 3.000
G_438 0.000 -27.649 7.000
S_439 -13.255 -90.060 7.000
Q_440 -16.691 -643.904 7.000
V_441 0.000 613.196 7.000
I_442 0.000 777.529 7.000
F_443 0.000 560.542 7.000
T_444 -13.255 -90.974 7.000
N_445 -16.691 -507.047 7.000
P_446 0.000 -195.996 11.000
L_447 0.000 679.918 8.000
E_448 -7.878 -605.239 4.000
I_449 0.000 777.529 7.000
V_450 0.000 613.196 7.000
K_451 -14.420 -818.649 8.000
I_452 0.000 777.529 8.000
R_453 -28.412 -1015.709 12.000
L_454 0.000 679.918 9.000
Q_455 -19.866 -643.904 9.000
V_456 0.000 613.196 4.000
A_457 0.000 185.740 8.000
G_458 0.000 -27.649 4.000
E_459 -16.691 -605.239 7.000
I_460 0.000 777.529 10.000
T_461 -16.309 -90.974 10.000
T_462 -11.867 -90.974 6.000
G_463 0.000 -27.649 11.000
P_464 0.000 -195.996 8.000
R_465 -21.845 -1015.709 8.000
V_466 0.000 613.196 8.000
S_467 -14.420 -90.060 8.000
A_468 0.000 185.740 7.000
L_469 0.000 679.918 7.000
N_470 -7.878 -507.047 4.000
V_471 0.000 613.196 9.000
L_472 0.000 679.918 13.000
R_473 -23.856 -1015.709 9.000
D_474 -19.866 -475.402 9.000
L_475 0.000 679.918 9.000
G_476 0.000 -27.649 4.000
I_477 0.000 777.529 0.000
F_478 0.000 560.542 0.000
G_479 0.000 -27.649 2.000
L_480 0.000 679.918 5.000
Y_481 -7.426 -274.939 5.000
K_482 -10.149 -818.649 5.000
G_483 0.000 -27.649 8.000
A_484 0.000 185.740 6.000
K_485 -4.441 -818.649 3.000
A_486 0.000 185.740 3.000
C_487 0.000 322.480 3.000
F_488 0.000 560.542 5.000
L_489 0.000 679.918 9.000
R_490 -23.856 -1015.709 9.000
D_491 -19.866 -475.402 9.000
I_492 0.000 777.529 9.000
P_493 0.000 -195.996 7.000
F_494 0.000 560.542 3.000
S_495 -4.441 -90.060 3.000
A_496 0.000 185.740 5.000
I_497 0.000 777.529 5.000
Y_498 -1.718 -274.939 2.000
F_499 0.000 560.542 2.000
P_500 0.000 -195.996 4.000
V_501 0.000 613.196 2.000
Y_502 -6.160 -274.939 4.000
A_503 0.000 185.740 4.000
H_504 -9.265 -583.484 7.000
C_505 0.000 322.480 5.000
K_506 -10.149 -818.649 5.000
L_507 0.000 679.918 3.000
L_508 0.000 679.918 3.000
L_509 0.000 679.918 4.000
A_510 0.000 185.740 8.000
D_511 -23.258 -475.402 12.000
E_512 -23.258 -605.239 12.000
N_513 -25.003 -507.047 14.000
G_514 0.000 -27.649 10.000
H_515 -8.431 -583.484 6.000
V_516 0.000 613.196 2.000
G_517 0.000 -27.649 2.000
G_518 0.000 -27.649 4.000
L_519 0.000 679.918 4.000
N_520 -7.878 -507.047 4.000
L_521 0.000 679.918 4.000
L_522 0.000 679.918 4.000
A_523 0.000 185.740 0.000
A_524 0.000 185.740 0.000
G_525 0.000 -27.649 0.000
A_526 0.000 185.740 0.000
M_527 0.000 401.769 0.000
A_528 0.000 185.740 0.000
G_529 0.000 -27.649 0.000
V_530 0.000 613.196 0.000
P_531 0.000 -195.996 0.000
A_532 0.000 185.740 3.000
A_533 0.000 185.740 3.000
S_534 -4.441 -90.060 3.000
L_535 0.000 679.918 6.000
V_536 0.000 613.196 6.000
T_537 -4.441 -90.974 3.000
P_538 0.000 -195.996 7.000
A_539 0.000 185.740 7.000
D_540 -7.878 -475.402 4.000
V_541 0.000 613.196 7.000
I_542 0.000 777.529 10.000
K_543 -17.098 -818.649 11.000
T_544 -17.098 -90.974 11.000
R_545 -31.716 -1015.709 15.000
L_546 0.000 679.918 12.000
Q_547 -19.866 -643.904 9.000
V_548 0.000 613.196 4.000
A_549 0.000 185.740 9.000
A_550 0.000 185.740 5.000
R_551 -11.867 -1015.709 5.000
A_552 0.000 185.740 9.000
G_553 0.000 -27.649 12.000
Q_554 -21.132 -643.904 10.000
T_555 -17.811 -90.974 12.000
T_556 -19.613 -90.974 15.000
Y_557 -11.652 -274.939 11.000
S_558 -14.420 -90.060 8.000
G_559 0.000 -27.649 5.000
V_560 0.000 613.196 7.000
I_561 0.000 777.529 4.000
D_562 -7.878 -475.402 4.000
C_563 0.000 322.480 9.000
F_564 0.000 560.542 12.000
R_565 -21.845 -1015.709 8.000
K_566 -14.420 -818.649 8.000
I_567 0.000 777.529 13.000
L_568 0.000 679.918 12.000
R_569 -29.616 -1015.709 13.000
E_570 -24.169 -605.239 13.000
E_571 -24.169 -605.239 13.000
G_572 0.000 -27.649 11.000
P_573 0.000 -195.996 7.000
S_574 -4.441 -90.060 3.000
A_575 0.000 185.740 4.000
F_576 0.000 560.542 7.000
W_577 -3.436 -203.500 4.000
K_578 -13.255 -818.649 7.000
G_579 0.000 -27.649 7.000
T_580 -11.867 -90.974 6.000
A_581 0.000 185.740 8.000
A_582 0.000 185.740 8.000
R_583 -11.867 -1015.709 5.000
V_584 0.000 613.196 10.000
F_585 0.000 560.542 13.000
R_586 -27.076 -1015.709 11.000
S_587 -17.098 -90.060 11.000
S_588 -19.613 -90.060 15.000
P_589 0.000 -195.996 10.000
Q_590 -16.691 -643.904 7.000
F_591 0.000 560.542 4.000
G_592 0.000 -27.649 7.000
V_593 0.000 613.196 3.000
T_594 -4.441 -90.974 3.000
L_595 0.000 679.918 6.000
V_596 0.000 613.196 8.000
T_597 -15.425 -90.974 9.000
Y_598 -10.601 -274.939 9.000
E_599 -19.866 -605.239 9.000
L_600 0.000 679.918 10.000
L_601 0.000 679.918 13.000
Q_602 -21.132 -643.904 10.000
R_603 -25.574 -1015.709 10.000
W_604 -6.160 -203.500 12.000
F_605 0.000 560.542 8.000
Y_606 -9.265 -274.939 7.000
I_607 0.000 777.529 6.000
D_608 -14.591 -475.402 6.000
F_609 0.000 560.542 4.000
G_610 0.000 -27.649 4.000
G_611 0.000 -27.649 3.000
L_612 0.000 679.918 3.000
K_613 -4.441 -818.649 3.000
P_614 0.000 -195.996 3.000
A_615 0.000 185.740 6.000
G_616 0.000 -27.649 7.000
S_617 -13.255 -90.060 7.000
E_618 -21.132 -605.239 10.000
P_619 0.000 -195.996 10.000
T_620 -16.309 -90.974 10.000
P_621 0.000 -195.996 9.000
K_622 -19.059 -818.649 14.000
S_623 -17.098 -90.060 11.000
R_624 -27.076 -1015.709 11.000
I_625 0.000 777.529 12.000
A_626 0.000 185.740 9.000
D_627 -7.878 -475.402 4.000
L_628 0.000 679.918 4.000
P_629 0.000 -195.996 4.000
P_630 0.000 -195.996 4.000
A_631 0.000 185.740 4.000
N_632 -18.409 -507.047 8.000
P_633 0.000 -195.996 10.000
D_634 -21.132 -475.402 10.000
H_635 -8.431 -583.484 6.000
I_636 0.000 777.529 6.000
G_637 0.000 -27.649 4.000
G_638 0.000 -27.649 7.000
Y_639 -9.265 -274.939 7.000
R_640 -19.414 -1015.709 7.000
L_641 0.000 679.918 10.000
A_642 0.000 185.740 8.000
T_643 -11.867 -90.974 6.000
A_644 0.000 185.740 6.000
T_645 -11.867 -90.974 6.000
F_646 0.000 560.542 3.000
A_647 0.000 185.740 3.000
G_648 0.000 -27.649 4.000
I_649 0.000 777.529 8.000
E_650 -22.253 -605.239 11.000
N_651 -22.253 -507.047 11.000
K_652 -17.098 -818.649 11.000
F_653 0.000 560.542 7.000
G_654 0.000 -27.649 5.000
L_655 0.000 679.918 2.000
Y_656 -1.718 -274.939 2.000
L_657 0.000 679.918 5.000
P_658 0.000 -195.996 5.000
K_659 -11.867 -818.649 6.000
F_660 0.000 560.542 9.000
K_661 -15.425 -818.649 9.000
S_662 -15.425 -90.060 9.000
P_663 0.000 -195.996 9.000
S_664 -11.867 -90.060 6.000
V_665 0.000 613.196 3.000
A_666 0.000 185.740 3.000
V_667 0.000 613.196 4.000
V_668 0.000 613.196 4.000
Q_669 -16.691 -643.904 7.000
P_670 0.000 -195.996 7.000
K_671 -13.255 -818.649 7.000
A_672 0.000 185.740 3.000
A_673 0.000 185.740 3.000
V_674 0.000 613.196 0.000
A_675 0.000 185.740 3.000
A_676 0.000 185.740 7.000
T_677 -13.255 -90.974 7.000
Q_678 -16.691 -643.904 7.000
