M_1 0.000 401.769 6.000
S_2 -17.098 -90.060 11.000
T_3 -19.059 -90.974 14.000
R_4 -30.711 -1015.709 14.000
S_5 -19.059 -90.060 14.000
V_6 0.000 613.196 14.000
S_7 -17.811 -90.060 12.000
S_8 -17.811 -90.060 12.000
S_9 -19.059 -90.060 14.000
S_10 -20.127 -90.060 16.000
Y_11 -14.188 -274.939 18.000
R_12 -31.716 -1015.709 15.000
R_13 -28.412 -1015.709 12.000
M_14 0.000 401.769 10.000
F_15 0.000 560.542 5.000
G_16 0.000 -27.649 0.000
G_17 0.000 -27.649 0.000
P_18 0.000 -195.996 3.000
G_19 0.000 -27.649 3.000
T_20 -11.867 -90.974 6.000
A_21 0.000 185.740 11.000
S_22 -17.098 -90.060 11.000
R_23 -27.076 -1015.709 11.000
P_24 0.000 -195.996 14.000
S_25 -19.059 -90.060 14.000
S_26 -19.059 -90.060 14.000
S_27 -20.609 -90.060 17.000
R_28 -32.645 -1015.709 16.000
S_29 -18.462 -90.060 13.000
Y_30 -12.518 -274.939 13.000
V_31 0.000 613.196 11.000
T_32 -17.098 -90.974 11.000
T_33 -17.811 -90.974 12.000
S_34 -20.609 -90.060 17.000
T_35 -20.609 -90.974 17.000
R_36 -32.645 -1015.709 16.000
T_37 -20.127 -90.974 16.000
Y_38 -12.518 -274.939 13.000
S_39 -14.420 -90.060 8.000
L_40 0.000 679.918 8.000
G_41 0.000 -27.649 6.000
S_42 -4.441 -90.060 3.000
A_43 0.000 185.740 8.000
L_44 0.000 679.918 8.000
R_45 -21.845 -1015.709 8.000
P_46 0.000 -195.996 11.000
S_47 -19.059 -90.060 14.000
T_48 -19.059 -90.974 14.000
S_49 -20.609 -90.060 17.000
R_50 -30.711 -1015.709 14.000
S_51 -18.462 -90.060 13.000
L_52 0.000 679.918 10.000
Y_53 -9.978 -274.939 8.000
A_54 0.000 185.740 8.000
S_55 -14.420 -90.060 8.000
S_56 -11.867 -90.060 6.000
P_57 0.000 -195.996 6.000
G_58 0.000 -27.649 3.000
G_59 0.000 -27.649 2.000
V_60 0.000 613.196 2.000
Y_61 -7.426 -274.939 5.000
A_62 0.000 185.740 10.000
T_63 -18.462 -90.974 13.000
R_64 -30.711 -1015.709 14.000
S_65 -19.059 -90.060 14.000
S_66 -17.098 -90.060 11.000
A_67 0.000 185.740 11.000
V_68 0.000 613.196 8.000
R_69 -25.574 -1015.709 10.000
L_70 0.000 679.918 13.000
R_71 -32.645 -1015.709 16.000
S_72 -17.098 -90.060 11.000
S_73 -17.098 -90.060 11.000
V_74 0.000 613.196 6.000
P_75 0.000 -195.996 3.000
G_76 0.000 -27.649 5.000
V_77 0.000 613.196 5.000
R_78 -11.867 -1015.709 5.000
L_79 0.000 679.918 9.000
L_80 0.000 679.918 13.000
Q_81 -22.253 -643.904 11.000
D_82 -22.253 -475.402 11.000
S_83 -19.613 -90.060 15.000
V_84 0.000 613.196 11.000
D_85 -21.132 -475.402 10.000
F_86 0.000 560.542 7.000
S_87 -13.255 -90.060 7.000
L_88 0.000 679.918 7.000
A_89 0.000 185.740 7.000
D_90 -7.878 -475.402 4.000
A_91 0.000 185.740 8.000
I_92 0.000 777.529 11.000
N_93 -22.253 -507.047 11.000
T_94 -17.098 -90.974 11.000
E_95 -25.003 -605.239 14.000
F_96 0.000 560.542 14.000
K_97 -19.059 -818.649 14.000
N_98 -25.772 -507.047 15.000
T_99 -21.060 -90.974 18.000
R_100 -35.072 -1015.709 19.000
T_101 -21.486 -90.974 19.000
N_102 -28.359 -507.047 19.000
E_103 -25.003 -605.239 14.000
K_104 -19.613 -818.649 15.000
V_105 0.000 613.196 11.000
E_106 -22.253 -605.239 11.000
L_107 0.000 679.918 12.000
Q_108 -23.258 -643.904 12.000
E_109 -23.258 -605.239 12.000
L_110 0.000 679.918 16.000
N_111 -27.150 -507.047 17.000
D_112 -24.169 -475.402 13.000
R_113 -29.616 -1015.709 13.000
F_114 0.000 560.542 13.000
A_115 0.000 185.740 11.000
N_116 -14.591 -507.047 6.000
Y_117 -11.154 -274.939 10.000
I_118 0.000 777.529 13.000
D_119 -19.866 -475.402 9.000
K_120 -17.811 -818.649 12.000
V_121 0.000 613.196 12.000
R_122 -21.845 -1015.709 8.000
F_123 0.000 560.542 9.000
L_124 0.000 679.918 13.000
E_125 -23.258 -605.239 12.000
Q_126 -26.485 -643.904 16.000
Q_127 -28.359 -643.904 19.000
N_128 -25.772 -507.047 15.000
K_129 -17.098 -818.649 11.000
I_130 0.000 777.529 7.000
L_131 0.000 679.918 3.000
L_132 0.000 679.918 4.000
A_133 0.000 185.740 4.000
E_134 -18.409 -605.239 8.000
L_135 0.000 679.918 12.000
E_136 -23.258 -605.239 12.000
Q_137 -22.253 -643.904 11.000
L_138 0.000 679.918 11.000
K_139 -17.098 -818.649 11.000
G_140 0.000 -27.649 7.000
Q_141 -21.132 -643.904 10.000
G_142 0.000 -27.649 10.000
K_143 -19.613 -818.649 15.000
S_144 -17.098 -90.060 11.000
R_145 -27.076 -1015.709 11.000
L_146 0.000 679.918 12.000
G_147 0.000 -27.649 9.000
D_148 -14.591 -475.402 6.000
L_149 0.000 679.918 10.000
Y_150 -12.900 -274.939 14.000
E_151 -25.003 -605.239 14.000
E_152 -25.003 -605.239 14.000
E_153 -27.150 -605.239 17.000
M_154 0.000 401.769 17.000
R_155 -29.616 -1015.709 13.000
E_156 -25.003 -605.239 14.000
L_157 0.000 679.918 19.000
R_158 -34.315 -1015.709 18.000
R_159 -30.711 -1015.709 14.000
Q_160 -27.773 -643.904 18.000
V_161 0.000 613.196 17.000
D_162 -23.258 -475.402 12.000
Q_163 -22.253 -643.904 11.000
L_164 0.000 679.918 15.000
T_165 -19.613 -90.974 15.000
N_166 -25.003 -507.047 14.000
D_167 -25.003 -475.402 14.000
K_168 -20.127 -818.649 16.000
A_169 0.000 185.740 12.000
R_170 -28.412 -1015.709 12.000
V_171 0.000 613.196 9.000
E_172 -24.169 -605.239 13.000
V_173 0.000 613.196 13.000
E_174 -27.150 -605.239 17.000
R_175 -33.508 -1015.709 17.000
D_176 -27.150 -475.402 17.000
N_177 -24.169 -507.047 13.000
L_178 0.000 679.918 12.000
A_179 0.000 185.740 12.000
E_180 -18.409 -605.239 8.000
D_181 -18.409 -475.402 8.000
I_182 0.000 777.529 13.000
M_183 0.000 401.769 9.000
R_184 -25.574 -1015.709 10.000
L_185 0.000 679.918 14.000
R_186 -33.508 -1015.709 17.000
E_187 -23.258 -605.239 12.000
K_188 -20.127 -818.649 16.000
L_189 0.000 679.918 15.000
Q_190 -25.772 -643.904 15.000
E_191 -23.258 -605.239 12.000
E_192 -23.258 -605.239 12.000
M_193 0.000 401.769 12.000
L_194 0.000 679.918 13.000
Q_195 -24.169 -643.904 13.000
R_196 -33.508 -1015.709 17.000
E_197 -27.150 -605.239 17.000
E_198 -27.150 -605.239 17.000
A_199 0.000 185.740 16.000
E_200 -25.772 -605.239 15.000
N_201 -22.253 -507.047 11.000
T_202 -19.613 -90.974 15.000
L_203 0.000 679.918 14.000
Q_204 -21.132 -643.904 10.000
S_205 -17.811 -90.060 12.000
F_206 0.000 560.542 16.000
R_207 -32.645 -1015.709 16.000
Q_208 -24.169 -643.904 13.000
D_209 -27.150 -475.402 17.000
V_210 0.000 613.196 16.000
D_211 -23.258 -475.402 12.000
N_212 -22.253 -507.047 11.000
A_213 0.000 185.740 11.000
S_214 -13.255 -90.060 7.000
L_215 0.000 679.918 8.000
A_216 0.000 185.740 8.000
R_217 -23.856 -1015.709 9.000
L_218 0.000 679.918 9.000
D_219 -24.169 -475.402 13.000
L_220 0.000 679.918 13.000
E_221 -26.485 -605.239 16.000
R_222 -28.412 -1015.709 12.000
K_223 -20.127 -818.649 16.000
V_224 0.000 613.196 15.000
E_225 -21.132 -605.239 10.000
S_226 -17.098 -90.060 11.000
L_227 0.000 679.918 15.000
Q_228 -25.772 -643.904 15.000
E_229 -23.258 -605.239 12.000
E_230 -23.258 -605.239 12.000
I_231 0.000 777.529 8.000
A_232 0.000 185.740 4.000
F_233 0.000 560.542 3.000
L_234 0.000 679.918 6.000
K_235 -11.867 -818.649 6.000
K_236 -14.420 -818.649 8.000
L_237 0.000 679.918 12.000
H_238 -12.518 -583.484 13.000
E_239 -25.003 -605.239 14.000
E_240 -25.003 -605.239 14.000
E_241 -26.485 -605.239 16.000
I_242 0.000 777.529 16.000
Q_243 -23.258 -643.904 12.000
E_244 -23.258 -605.239 12.000
L_245 0.000 679.918 12.000
Q_246 -23.258 -643.904 12.000
A_247 0.000 185.740 8.000
Q_248 -23.258 -643.904 12.000
I_249 0.000 777.529 12.000
Q_250 -26.485 -643.904 16.000
E_251 -25.003 -605.239 14.000
Q_252 -25.003 -643.904 14.000
H_253 -12.900 -583.484 14.000
V_254 0.000 613.196 10.000
Q_255 -21.132 -643.904 10.000
I_256 0.000 777.529 8.000
D_257 -23.258 -475.402 12.000
V_258 0.000 613.196 8.000
D_259 -22.253 -475.402 11.000
V_260 0.000 613.196 10.000
S_261 -16.309 -90.060 10.000
K_262 -16.309 -818.649 10.000
P_263 0.000 -195.996 10.000
D_264 -21.132 -475.402 10.000
L_265 0.000 679.918 7.000
T_266 -13.255 -90.974 7.000
A_267 0.000 185.740 3.000
A_268 0.000 185.740 8.000
L_269 0.000 679.918 9.000
R_270 -23.856 -1015.709 9.000
D_271 -25.003 -475.402 14.000
V_272 0.000 613.196 18.000
R_273 -33.508 -1015.709 17.000
Q_274 -25.772 -643.904 15.000
Q_275 -28.359 -643.904 19.000
Y_276 -13.896 -274.939 17.000
E_277 -24.169 -605.239 13.000
S_278 -15.425 -90.060 9.000
V_279 0.000 613.196 7.000
A_280 0.000 185.740 6.000
A_281 0.000 185.740 7.000
K_282 -13.255 -818.649 7.000
N_283 -22.253 -507.047 11.000
L_284 0.000 679.918 15.000
Q_285 -23.258 -643.904 12.000
E_286 -23.258 -605.239 12.000
A_287 0.000 185.740 16.000
E_288 -24.169 -605.239 13.000
E_289 -22.253 -605.239 11.000
W_290 -6.542 -203.500 14.000
Y_291 -12.518 -274.939 13.000
K_292 -17.811 -818.649 12.000
S_293 -17.098 -90.060 11.000
K_294 -15.425 -818.649 9.000
F_295 0.000 560.542 10.000
A_296 0.000 185.740 7.000
D_297 -16.691 -475.402 7.000
L_298 0.000 679.918 11.000
S_299 -17.098 -90.060 11.000
E_300 -16.691 -605.239 7.000
A_301 0.000 185.740 11.000
A_302 0.000 185.740 13.000
N_303 -24.169 -507.047 13.000
R_304 -33.508 -1015.709 17.000
N_305 -29.436 -507.047 21.000
N_306 -27.150 -507.047 17.000
D_307 -23.258 -475.402 12.000
A_308 0.000 185.740 13.000
L_309 0.000 679.918 13.000
R_310 -23.856 -1015.709 9.000
Q_311 -23.258 -643.904 12.000
A_312 0.000 185.740 16.000
K_313 -19.613 -818.649 15.000
Q_314 -25.003 -643.904 14.000
E_315 -27.150 -605.239 17.000
S_316 -21.060 -90.060 18.000
T_317 -20.127 -90.974 16.000
E_318 -27.150 -605.239 17.000
Y_319 -14.463 -274.939 19.000
R_320 -35.785 -1015.709 20.000
R_321 -32.645 -1015.709 16.000
Q_322 -27.773 -643.904 18.000
V_323 0.000 613.196 16.000
Q_324 -22.253 -643.904 11.000
S_325 -16.309 -90.060 10.000
L_326 0.000 679.918 10.000
T_327 -16.309 -90.974 10.000
C_328 0.000 322.480 7.000
E_329 -22.253 -605.239 11.000
V_330 0.000 613.196 8.000
D_331 -18.409 -475.402 8.000
A_332 0.000 185.740 7.000
L_333 0.000 679.918 7.000
K_334 -11.867 -818.649 6.000
G_335 0.000 -27.649 10.000
T_336 -19.059 -90.974 14.000
N_337 -25.003 -507.047 14.000
E_338 -25.003 -605.239 14.000
S_339 -19.613 -90.060 15.000
L_340 0.000 679.918 16.000
E_341 -26.485 -605.239 16.000
R_342 -29.616 -1015.709 13.000
Q_343 -27.773 -643.904 18.000
M_344 0.000 401.769 18.000
R_345 -29.616 -1015.709 13.000
E_346 -24.169 -605.239 13.000
M_347 0.000 401.769 17.000
E_348 -26.485 -605.239 16.000
E_349 -23.258 -605.239 12.000
N_350 -23.258 -507.047 12.000
F_351 0.000 560.542 8.000
A_352 0.000 185.740 8.000
V_353 0.000 613.196 4.000
E_354 -7.878 -605.239 4.000
A_355 0.000 185.740 8.000
A_356 0.000 185.740 10.000
N_357 -21.132 -507.047 10.000
Y_358 -12.900 -274.939 14.000
Q_359 -27.150 -643.904 17.000
D_360 -24.169 -475.402 13.000
T_361 -17.098 -90.974 11.000
I_362 0.000 777.529 12.000
G_363 0.000 -27.649 8.000
R_364 -23.856 -1015.709 9.000
L_365 0.000 679.918 13.000
Q_366 -27.150 -643.904 17.000
D_367 -23.258 -475.402 12.000
E_368 -26.485 -605.239 16.000
I_369 0.000 777.529 16.000
Q_370 -23.258 -643.904 12.000
N_371 -22.253 -507.047 11.000
M_372 0.000 401.769 15.000
K_373 -19.613 -818.649 15.000
E_374 -22.253 -605.239 11.000
E_375 -22.253 -605.239 11.000
M_376 0.000 401.769 13.000
A_377 0.000 185.740 11.000
R_378 -19.414 -1015.709 7.000
H_379 -12.104 -583.484 12.000
L_380 0.000 679.918 16.000
R_381 -29.616 -1015.709 13.000
E_382 -25.772 -605.239 15.000
Y_383 -14.463 -274.939 19.000
Q_384 -25.003 -643.904 14.000
D_385 -21.132 -475.402 10.000
L_386 0.000 679.918 12.000
L_387 0.000 679.918 8.000
N_388 -16.691 -507.047 7.000
V_389 0.000 613.196 7.000
K_390 -13.255 -818.649 7.000
M_391 0.000 401.769 3.000
A_392 0.000 185.740 7.000
L_393 0.000 679.918 4.000
D_394 -18.409 -475.402 8.000
I_395 0.000 777.529 8.000
E_396 -18.409 -605.239 8.000
I_397 0.000 777.529 7.000
A_398 0.000 185.740 9.000
T_399 -16.309 -90.974 10.000
Y_400 -12.518 -274.939 13.000
R_401 -29.616 -1015.709 13.000
K_402 -16.309 -818.649 10.000
L_403 0.000 679.918 12.000
L_404 0.000 679.918 7.000
E_405 -18.409 -605.239 8.000
G_406 0.000 -27.649 12.000
E_407 -25.772 -605.239 15.000
E_408 -26.485 -605.239 16.000
S_409 -20.127 -90.060 16.000
R_410 -31.716 -1015.709 15.000
I_411 0.000 777.529 11.000
S_412 -14.420 -90.060 8.000
L_413 0.000 679.918 3.000
P_414 0.000 -195.996 3.000
L_415 0.000 679.918 4.000
P_416 0.000 -195.996 4.000
N_417 -16.691 -507.047 7.000
F_418 0.000 560.542 10.000
S_419 -16.309 -90.060 10.000
S_420 -16.309 -90.060 10.000
L_421 0.000 679.918 10.000
N_422 -23.258 -507.047 12.000
L_423 0.000 679.918 13.000
R_424 -32.645 -1015.709 16.000
E_425 -26.485 -605.239 16.000
T_426 -20.127 -90.974 16.000
N_427 -25.772 -507.047 15.000
L_428 0.000 679.918 14.000
D_429 -22.253 -475.402 11.000
S_430 -13.255 -90.060 7.000
L_431 0.000 679.918 7.000
P_432 0.000 -195.996 3.000
L_433 0.000 679.918 4.000
V_434 0.000 613.196 7.000
D_435 -19.866 -475.402 9.000
T_436 -17.811 -90.974 12.000
H_437 -13.255 -583.484 15.000
S_438 -20.127 -90.060 16.000
K_439 -20.127 -818.649 16.000
R_440 -30.711 -1015.709 14.000
T_441 -17.098 -90.974 11.000
L_442 0.000 679.918 8.000
L_443 0.000 679.918 6.000
I_444 0.000 777.529 6.000
K_445 -11.867 -818.649 6.000
T_446 -16.309 -90.974 10.000
V_447 0.000 613.196 13.000
E_448 -25.772 -605.239 15.000
T_449 -20.127 -90.974 16.000
R_450 -32.645 -1015.709 16.000
D_451 -26.485 -475.402 16.000
G_452 0.000 -27.649 13.000
Q_453 -18.409 -643.904 8.000
V_454 0.000 613.196 8.000
I_455 0.000 777.529 12.000
N_456 -22.253 -507.047 11.000
E_457 -25.003 -605.239 14.000
T_458 -21.060 -90.974 18.000
S_459 -20.127 -90.060 16.000
Q_460 -25.003 -643.904 14.000
H_461 -13.255 -583.484 15.000
H_462 -13.586 -583.484 16.000
D_463 -23.258 -475.402 12.000
D_464 -25.003 -475.402 14.000
L_465 0.000 679.918 12.000
E_466 -18.409 -605.239 8.000
