M_1 0.000 401.769 4.000
E_2 -7.878 -605.239 4.000
A_3 0.000 185.740 4.000
A_4 0.000 185.740 4.000
A_5 0.000 185.740 0.000
G_6 0.000 -27.649 5.000
G_7 0.000 -27.649 5.000
R_8 -11.867 -1015.709 5.000
G_9 0.000 -27.649 5.000
C_10 0.000 322.480 9.000
F_11 0.000 560.542 4.000
Q_12 -14.591 -643.904 6.000
P_13 0.000 -195.996 6.000
H_14 -8.431 -583.484 6.000
P_15 0.000 -195.996 2.000
G_16 0.000 -27.649 6.000
L_17 0.000 679.918 7.000
Q_18 -21.132 -643.904 10.000
K_19 -16.309 -818.649 10.000
T_20 -19.059 -90.974 14.000
L_21 0.000 679.918 14.000
E_22 -22.253 -605.239 11.000
Q_23 -21.132 -643.904 10.000
F_24 0.000 560.542 10.000
H_25 -10.601 -583.484 9.000
L_26 0.000 679.918 8.000
S_27 -14.420 -90.060 8.000
S_28 -15.425 -90.060 9.000
M_29 0.000 401.769 12.000
S_30 -15.425 -90.060 9.000
S_31 -11.867 -90.060 6.000
L_32 0.000 679.918 6.000
G_33 0.000 -27.649 3.000
G_34 0.000 -27.649 0.000
P_35 0.000 -195.996 0.000
A_36 0.000 185.740 0.000
A_37 0.000 185.740 3.000
F_38 0.000 560.542 3.000
S_39 -14.420 -90.060 8.000
A_40 0.000 185.740 9.000
R_41 -23.856 -1015.709 9.000
W_42 -5.708 -203.500 10.000
A_43 0.000 185.740 14.000
Q_44 -19.866 -643.904 9.000
E_45 -21.132 -605.239 10.000
A_46 0.000 185.740 13.000
Y_47 -12.104 -274.939 12.000
K_48 -17.811 -818.649 12.000
K_49 -19.613 -818.649 15.000
E_50 -24.169 -605.239 13.000
S_51 -18.462 -90.060 13.000
A_52 0.000 185.740 14.000
K_53 -16.309 -818.649 10.000
E_54 -16.691 -605.239 7.000
A_55 0.000 185.740 7.000
G_56 0.000 -27.649 4.000
A_57 0.000 185.740 0.000
A_58 0.000 185.740 0.000
A_59 0.000 185.740 0.000
V_60 0.000 613.196 0.000
P_61 0.000 -195.996 0.000
A_62 0.000 185.740 0.000
P_63 0.000 -195.996 0.000
V_64 0.000 613.196 0.000
P_65 0.000 -195.996 0.000
A_66 0.000 185.740 3.000
A_67 0.000 185.740 7.000
T_68 -13.255 -90.974 7.000
E_69 -16.691 -605.239 7.000
P_70 0.000 -195.996 7.000
P_71 0.000 -195.996 4.000
P_72 0.000 -195.996 0.000
V_73 0.000 613.196 2.000
L_74 0.000 679.918 2.000
H_75 -1.718 -583.484 2.000
L_76 0.000 679.918 2.000
P_77 0.000 -195.996 2.000
A_78 0.000 185.740 4.000
I_79 0.000 777.529 4.000
Q_80 -7.878 -643.904 4.000
P_81 0.000 -195.996 4.000
P_82 0.000 -195.996 4.000
P_83 0.000 -195.996 0.000
P_84 0.000 -195.996 0.000
V_85 0.000 613.196 0.000
L_86 0.000 679.918 0.000
P_87 0.000 -195.996 0.000
G_88 0.000 -27.649 0.000
P_89 0.000 -195.996 0.000
F_90 0.000 560.542 0.000
F_91 0.000 560.542 0.000
M_92 0.000 401.769 3.000
P_93 0.000 -195.996 7.000
S_94 -17.811 -90.060 12.000
D_95 -25.772 -475.402 15.000
R_96 -34.315 -1015.709 18.000
S_97 -21.486 -90.060 19.000
T_98 -21.889 -90.974 20.000
E_99 -25.772 -605.239 15.000
R_100 -32.645 -1015.709 16.000
C_101 0.000 322.480 16.000
E_102 -23.258 -605.239 12.000
T_103 -13.255 -90.974 7.000
V_104 0.000 613.196 11.000
L_105 0.000 679.918 7.000
E_106 -18.409 -605.239 8.000
G_107 0.000 -27.649 11.000
E_108 -22.253 -605.239 11.000
T_109 -16.309 -90.974 10.000
I_110 0.000 777.529 10.000
S_111 -11.867 -90.060 6.000
C_112 0.000 322.480 3.000
F_113 0.000 560.542 3.000
V_114 0.000 613.196 0.000
V_115 0.000 613.196 0.000
G_116 0.000 -27.649 4.000
G_117 0.000 -27.649 7.000
E_118 -23.258 -605.239 12.000
K_119 -17.811 -818.649 12.000
R_120 -28.412 -1015.709 12.000
L_121 0.000 679.918 8.000
C_122 0.000 322.480 5.000
L_123 0.000 679.918 4.000
P_124 0.000 -195.996 4.000
Q_125 -7.878 -643.904 4.000
I_126 0.000 777.529 8.000
L_127 0.000 679.918 11.000
N_128 -16.691 -507.047 7.000
S_129 -13.255 -90.060 7.000
V_130 0.000 613.196 12.000
L_131 0.000 679.918 12.000
R_132 -23.856 -1015.709 9.000
D_133 -23.258 -475.402 12.000
F_134 0.000 560.542 12.000
S_135 -17.098 -90.060 11.000
L_136 0.000 679.918 11.000
Q_137 -22.253 -643.904 11.000
Q_138 -23.258 -643.904 12.000
I_139 0.000 777.529 12.000
N_140 -18.409 -507.047 8.000
A_141 0.000 185.740 4.000
V_142 0.000 613.196 8.000
C_143 0.000 322.480 8.000
D_144 -18.409 -475.402 8.000
E_145 -21.132 -605.239 10.000
L_146 0.000 679.918 10.000
H_147 -9.978 -583.484 8.000
I_148 0.000 777.529 4.000
Y_149 -9.265 -274.939 7.000
C_150 0.000 322.480 10.000
S_151 -16.309 -90.060 10.000
R_152 -27.076 -1015.709 11.000
C_153 0.000 322.480 11.000
T_154 -17.811 -90.974 12.000
A_155 0.000 185.740 11.000
D_156 -22.253 -475.402 11.000
Q_157 -23.258 -643.904 12.000
L_158 0.000 679.918 12.000
E_159 -18.409 -605.239 8.000
I_160 0.000 777.529 7.000
L_161 0.000 679.918 7.000
K_162 -4.441 -818.649 3.000
V_163 0.000 613.196 3.000
M_164 0.000 401.769 3.000
G_165 0.000 -27.649 0.000
I_166 0.000 777.529 0.000
L_167 0.000 679.918 0.000
P_168 0.000 -195.996 3.000
F_169 0.000 560.542 3.000
S_170 -4.441 -90.060 3.000
A_171 0.000 185.740 6.000
P_172 0.000 -195.996 6.000
S_173 -4.441 -90.060 3.000
C_174 0.000 322.480 3.000
G_175 0.000 -27.649 3.000
L_176 0.000 679.918 3.000
I_177 0.000 777.529 6.000
T_178 -15.425 -90.974 9.000
K_179 -18.462 -818.649 13.000
T_180 -18.462 -90.974 13.000
D_181 -25.003 -475.402 14.000
A_182 0.000 185.740 16.000
E_183 -24.169 -605.239 13.000
R_184 -23.856 -1015.709 9.000
L_185 0.000 679.918 13.000
C_186 0.000 322.480 9.000
N_187 -7.878 -507.047 4.000
A_188 0.000 185.740 4.000
L_189 0.000 679.918 6.000
L_190 0.000 679.918 2.000
Y_191 -1.718 -274.939 2.000
G_192 0.000 -27.649 2.000
G_193 0.000 -27.649 4.000
A_194 0.000 185.740 2.000
Y_195 -1.718 -274.939 2.000
P_196 0.000 -195.996 2.000
P_197 0.000 -195.996 2.000
P_198 0.000 -195.996 3.000
C_199 0.000 322.480 6.000
K_200 -16.309 -818.649 10.000
K_201 -16.309 -818.649 10.000
E_202 -21.132 -605.239 10.000
L_203 0.000 679.918 7.000
A_204 0.000 185.740 7.000
A_205 0.000 185.740 3.000
S_206 -4.441 -90.060 3.000
L_207 0.000 679.918 3.000
A_208 0.000 185.740 3.000
L_209 0.000 679.918 0.000
G_210 0.000 -27.649 4.000
L_211 0.000 679.918 4.000
E_212 -16.691 -605.239 7.000
L_213 0.000 679.918 11.000
S_214 -20.127 -90.060 16.000
E_215 -25.772 -605.239 15.000
R_216 -31.716 -1015.709 15.000
S_217 -20.609 -90.060 17.000
V_218 0.000 613.196 13.000
R_219 -25.574 -1015.709 10.000
V_220 0.000 613.196 9.000
Y_221 -12.518 -274.939 13.000
H_222 -9.978 -583.484 8.000
E_223 -18.409 -605.239 8.000
C_224 0.000 322.480 6.000
F_225 0.000 560.542 7.000
G_226 0.000 -27.649 3.000
K_227 -11.867 -818.649 6.000
C_228 0.000 322.480 6.000
K_229 -11.867 -818.649 6.000
G_230 0.000 -27.649 3.000
L_231 0.000 679.918 3.000
L_232 0.000 679.918 0.000
V_233 0.000 613.196 4.000
P_234 0.000 -195.996 4.000
E_235 -14.591 -605.239 6.000
L_236 0.000 679.918 9.000
Y_237 -12.104 -274.939 12.000
S_238 -14.420 -90.060 8.000
S_239 -17.098 -90.060 11.000
P_240 0.000 -195.996 9.000
S_241 -11.867 -90.060 6.000
A_242 0.000 185.740 3.000
A_243 0.000 185.740 3.000
C_244 0.000 322.480 4.000
I_245 0.000 777.529 4.000
Q_246 -7.878 -643.904 4.000
C_247 0.000 322.480 8.000
L_248 0.000 679.918 8.000
D_249 -19.866 -475.402 9.000
C_250 0.000 322.480 9.000
R_251 -23.856 -1015.709 9.000
L_252 0.000 679.918 7.000
M_253 0.000 401.769 7.000
Y_254 -1.718 -274.939 2.000
P_255 0.000 -195.996 4.000
P_256 0.000 -195.996 7.000
H_257 -7.426 -583.484 5.000
K_258 -10.149 -818.649 5.000
F_259 0.000 560.542 5.000
V_260 0.000 613.196 5.000
V_261 0.000 613.196 5.000
H_262 -9.265 -583.484 7.000
S_263 -16.309 -90.060 10.000
H_264 -11.154 -583.484 10.000
K_265 -14.420 -818.649 8.000
A_266 0.000 185.740 9.000
L_267 0.000 679.918 11.000
E_268 -24.169 -605.239 13.000
N_269 -26.485 -507.047 16.000
R_270 -32.645 -1015.709 16.000
T_271 -19.059 -90.974 14.000
C_272 0.000 322.480 11.000
H_273 -8.431 -583.484 6.000
W_274 -2.723 -203.500 3.000
G_275 0.000 -27.649 7.000
F_276 0.000 560.542 8.000
D_277 -16.691 -475.402 7.000
S_278 -17.098 -90.060 11.000
A_279 0.000 185.740 12.000
N_280 -24.169 -507.047 13.000
W_281 -5.708 -203.500 10.000
R_282 -28.412 -1015.709 12.000
A_283 0.000 185.740 8.000
Y_284 -9.265 -274.939 7.000
I_285 0.000 777.529 2.000
L_286 0.000 679.918 5.000
L_287 0.000 679.918 7.000
S_288 -17.098 -90.060 11.000
Q_289 -24.169 -643.904 13.000
D_290 -26.485 -475.402 16.000
Y_291 -12.518 -274.939 13.000
T_292 -17.811 -90.974 12.000
G_293 0.000 -27.649 12.000
K_294 -19.059 -818.649 14.000
E_295 -25.772 -605.239 15.000
E_296 -25.772 -605.239 15.000
Q_297 -27.150 -643.904 17.000
A_298 0.000 185.740 13.000
R_299 -23.856 -1015.709 9.000
L_300 0.000 679.918 10.000
G_301 0.000 -27.649 10.000
R_302 -11.867 -1015.709 5.000
C_303 0.000 322.480 9.000
L_304 0.000 679.918 13.000
D_305 -18.409 -475.402 8.000
D_306 -22.253 -475.402 11.000
V_307 0.000 613.196 15.000
K_308 -19.059 -818.649 14.000
E_309 -21.132 -605.239 10.000
K_310 -19.059 -818.649 14.000
F_311 0.000 560.542 13.000
D_312 -19.866 -475.402 9.000
Y_313 -11.154 -274.939 10.000
G_314 0.000 -27.649 13.000
N_315 -22.253 -507.047 11.000
K_316 -17.811 -818.649 12.000
Y_317 -13.896 -274.939 17.000
K_318 -21.060 -818.649 18.000
R_319 -31.716 -1015.709 15.000
R_320 -29.616 -1015.709 13.000
V_321 0.000 613.196 15.000
P_322 0.000 -195.996 10.000
R_323 -21.845 -1015.709 8.000
V_324 0.000 613.196 11.000
S_325 -19.613 -90.060 15.000
S_326 -16.309 -90.060 10.000
E_327 -21.132 -605.239 10.000
P_328 0.000 -195.996 7.000
P_329 0.000 -195.996 7.000
A_330 0.000 185.740 3.000
S_331 -14.420 -90.060 8.000
I_332 0.000 777.529 8.000
R_333 -27.076 -1015.709 11.000
P_334 0.000 -195.996 11.000
K_335 -19.613 -818.649 15.000
T_336 -19.059 -90.974 14.000
D_337 -27.150 -475.402 17.000
D_338 -27.150 -475.402 17.000
T_339 -20.609 -90.974 17.000
S_340 -20.609 -90.060 17.000
S_341 -20.127 -90.060 16.000
Q_342 -24.169 -643.904 13.000
S_343 -16.309 -90.060 10.000
P_344 0.000 -195.996 7.000
A_345 0.000 185.740 6.000
P_346 0.000 -195.996 7.000
S_347 -16.309 -90.060 10.000
E_348 -25.003 -605.239 14.000
K_349 -20.609 -818.649 17.000
D_350 -25.003 -475.402 14.000
K_351 -18.462 -818.649 13.000
P_352 0.000 -195.996 13.000
S_353 -16.309 -90.060 10.000
S_354 -13.255 -90.060 7.000
W_355 -6.160 -203.500 12.000
L_356 0.000 679.918 12.000
R_357 -23.856 -1015.709 9.000
T_358 -14.420 -90.974 8.000
L_359 0.000 679.918 8.000
A_360 0.000 185.740 6.000
G_361 0.000 -27.649 6.000
S_362 -16.309 -90.060 10.000
S_363 -18.462 -90.060 13.000
N_364 -26.485 -507.047 16.000
K_365 -18.462 -818.649 13.000
S_366 -16.309 -90.060 10.000
L_367 0.000 679.918 6.000
G_368 0.000 -27.649 3.000
C_369 0.000 322.480 2.000
V_370 0.000 613.196 2.000
H_371 -9.265 -583.484 7.000
P_372 0.000 -195.996 11.000
R_373 -32.645 -1015.709 16.000
Q_374 -25.003 -643.904 14.000
R_375 -33.508 -1015.709 17.000
L_376 0.000 679.918 12.000
S_377 -14.420 -90.060 8.000
A_378 0.000 185.740 8.000
F_379 0.000 560.542 8.000
R_380 -16.309 -1015.709 6.000
P_381 0.000 -195.996 9.000
W_382 -5.447 -203.500 9.000
S_383 -7.878 -90.060 4.000
P_384 0.000 -195.996 4.000
A_385 0.000 185.740 6.000
V_386 0.000 613.196 3.000
S_387 -11.867 -90.060 6.000
A_388 0.000 185.740 10.000
S_389 -18.462 -90.060 13.000
E_390 -25.003 -605.239 14.000
K_391 -19.059 -818.649 14.000
E_392 -25.003 -605.239 14.000
L_393 0.000 679.918 10.000
S_394 -15.425 -90.060 9.000
P_395 0.000 -195.996 5.000
H_396 -7.426 -583.484 5.000
L_397 0.000 679.918 2.000
P_398 0.000 -195.996 2.000
A_399 0.000 185.740 0.000
L_400 0.000 679.918 5.000
I_401 0.000 777.529 9.000
R_402 -28.412 -1015.709 12.000
D_403 -23.258 -475.402 12.000
S_404 -19.059 -90.060 14.000
F_405 0.000 560.542 12.000
Y_406 -11.154 -274.939 10.000
S_407 -16.309 -90.060 10.000
Y_408 -12.518 -274.939 13.000
K_409 -17.098 -818.649 11.000
S_410 -17.811 -90.060 12.000
F_411 0.000 560.542 13.000
E_412 -21.132 -605.239 10.000
T_413 -13.255 -90.974 7.000
A_414 0.000 185.740 7.000
V_415 0.000 613.196 3.000
A_416 0.000 185.740 4.000
P_417 0.000 -195.996 4.000
N_418 -7.878 -507.047 4.000
V_419 0.000 613.196 4.000
A_420 0.000 185.740 4.000
L_421 0.000 679.918 0.000
A_422 0.000 185.740 0.000
P_423 0.000 -195.996 0.000
P_424 0.000 -195.996 4.000
A_425 0.000 185.740 8.000
Q_426 -22.253 -643.904 11.000
Q_427 -22.253 -643.904 11.000
K_428 -17.098 -818.649 11.000
V_429 0.000 613.196 10.000
V_430 0.000 613.196 9.000
S_431 -11.867 -90.060 6.000
S_432 -11.867 -90.060 6.000
P_433 0.000 -195.996 6.000
P_434 0.000 -195.996 3.000
C_435 0.000 322.480 0.000
A_436 0.000 185.740 0.000
A_437 0.000 185.740 0.000
A_438 0.000 185.740 3.000
V_439 0.000 613.196 8.000
S_440 -14.420 -90.060 8.000
R_441 -21.845 -1015.709 8.000
A_442 0.000 185.740 12.000
P_443 0.000 -195.996 9.000
E_444 -7.878 -605.239 4.000
P_445 0.000 -195.996 4.000
L_446 0.000 679.918 7.000
A_447 0.000 185.740 3.000
T_448 -11.867 -90.974 6.000
C_449 0.000 322.480 10.000
T_450 -16.309 -90.974 10.000
Q_451 -23.258 -643.904 12.000
P_452 0.000 -195.996 15.000
R_453 -33.508 -1015.709 17.000
K_454 -20.127 -818.649 16.000
R_455 -32.645 -1015.709 16.000
K_456 -19.059 -818.649 14.000
L_457 0.000 679.918 11.000
T_458 -16.309 -90.974 10.000
V_459 0.000 613.196 10.000
D_460 -21.132 -475.402 10.000
T_461 -13.255 -90.974 7.000
P_462 0.000 -195.996 7.000
G_463 0.000 -27.649 3.000
A_464 0.000 185.740 4.000
P_465 0.000 -195.996 7.000
E_466 -16.691 -605.239 7.000
T_467 -13.255 -90.974 7.000
L_468 0.000 679.918 7.000
A_469 0.000 185.740 3.000
P_470 0.000 -195.996 0.000
V_471 0.000 613.196 0.000
A_472 0.000 185.740 0.000
A_473 0.000 185.740 4.000
P_474 0.000 -195.996 8.000
E_475 -23.258 -605.239 12.000
E_476 -25.772 -605.239 15.000
D_477 -28.359 -475.402 19.000
K_478 -21.060 -818.649 18.000
D_479 -27.773 -475.402 18.000
S_480 -19.059 -90.060 14.000
E_481 -25.772 -605.239 15.000
A_482 0.000 185.740 11.000
E_483 -23.258 -605.239 12.000
V_484 0.000 613.196 8.000
E_485 -23.258 -605.239 12.000
V_486 0.000 613.196 11.000
E_487 -26.485 -605.239 16.000
S_488 -20.127 -90.060 16.000
R_489 -35.785 -1015.709 20.000
E_490 -26.485 -605.239 16.000
E_491 -26.485 -605.239 16.000
F_492 0.000 560.542 14.000
T_493 -18.462 -90.974 13.000
S_494 -15.425 -90.060 9.000
S_495 -17.811 -90.060 12.000
L_496 0.000 679.918 12.000
S_497 -15.425 -90.060 9.000
S_498 -15.425 -90.060 9.000
L_499 0.000 679.918 12.000
S_500 -15.425 -90.060 9.000
S_501 -15.425 -90.060 9.000
P_502 0.000 -195.996 9.000
S_503 -15.425 -90.060 9.000
F_504 0.000 560.542 9.000
T_505 -17.811 -90.974 12.000
S_506 -17.811 -90.060 12.000
S_507 -19.613 -90.060 15.000
S_508 -17.811 -90.060 12.000
S_509 -17.811 -90.060 12.000
A_510 0.000 185.740 13.000
K_511 -16.309 -818.649 10.000
D_512 -16.691 -475.402 7.000
L_513 0.000 679.918 10.000
G_514 0.000 -27.649 7.000
S_515 -4.441 -90.060 3.000
P_516 0.000 -195.996 3.000
G_517 0.000 -27.649 8.000
A_518 0.000 185.740 5.000
R_519 -11.867 -1015.709 5.000
A_520 0.000 185.740 5.000
L_521 0.000 679.918 8.000
P_522 0.000 -195.996 3.000
S_523 -4.441 -90.060 3.000
A_524 0.000 185.740 3.000
V_525 0.000 613.196 7.000
P_526 0.000 -195.996 4.000
D_527 -7.878 -475.402 4.000
A_528 0.000 185.740 4.000
A_529 0.000 185.740 4.000
A_530 0.000 185.740 0.000
P_531 0.000 -195.996 4.000
A_532 0.000 185.740 4.000
D_533 -7.878 -475.402 4.000
A_534 0.000 185.740 7.000
P_535 0.000 -195.996 7.000
S_536 -4.441 -90.060 3.000
G_537 0.000 -27.649 7.000
L_538 0.000 679.918 7.000
E_539 -18.409 -605.239 8.000
A_540 0.000 185.740 8.000
E_541 -23.258 -605.239 12.000
L_542 0.000 679.918 10.000
E_543 -21.132 -605.239 10.000
H_544 -11.652 -583.484 11.000
L_545 0.000 679.918 15.000
R_546 -27.076 -1015.709 11.000
Q_547 -19.866 -643.904 9.000
A_548 0.000 185.740 13.000
L_549 0.000 679.918 8.000
E_550 -7.878 -605.239 4.000
G_551 0.000 -27.649 4.000
G_552 0.000 -27.649 8.000
L_553 0.000 679.918 7.000
D_554 -21.132 -475.402 10.000
T_555 -19.059 -90.974 14.000
K_556 -19.059 -818.649 14.000
E_557 -24.169 -605.239 13.000
A_558 0.000 185.740 14.000
K_559 -19.059 -818.649 14.000
E_560 -21.132 -605.239 10.000
K_561 -16.309 -818.649 10.000
F_562 0.000 560.542 9.000
L_563 0.000 679.918 9.000
H_564 -8.431 -583.484 6.000
E_565 -14.591 -605.239 6.000
V_566 0.000 613.196 9.000
V_567 0.000 613.196 7.000
K_568 -14.420 -818.649 8.000
M_569 0.000 401.769 8.000
R_570 -27.076 -1015.709 11.000
V_571 0.000 613.196 12.000
K_572 -20.127 -818.649 16.000
Q_573 -25.772 -643.904 15.000
E_574 -27.773 -605.239 18.000
E_575 -25.772 -605.239 15.000
K_576 -19.059 -818.649 14.000
L_577 0.000 679.918 10.000
S_578 -11.867 -90.060 6.000
A_579 0.000 185.740 3.000
A_580 0.000 185.740 7.000
L_581 0.000 679.918 4.000
Q_582 -16.691 -643.904 7.000
A_583 0.000 185.740 12.000
K_584 -19.613 -818.649 15.000
R_585 -27.076 -1015.709 11.000
S_586 -18.462 -90.060 13.000
L_587 0.000 679.918 14.000
H_588 -12.518 -583.484 13.000
Q_589 -21.132 -643.904 10.000
E_590 -25.003 -605.239 14.000
L_591 0.000 679.918 12.000
E_592 -18.409 -605.239 8.000
F_593 0.000 560.542 9.000
L_594 0.000 679.918 9.000
R_595 -11.867 -1015.709 5.000
V_596 0.000 613.196 8.000
A_597 0.000 185.740 11.000
K_598 -16.309 -818.649 10.000
K_599 -18.462 -818.649 13.000
E_600 -24.169 -605.239 13.000
K_601 -19.613 -818.649 15.000
L_602 0.000 679.918 16.000
R_603 -28.412 -1015.709 12.000
E_604 -23.258 -605.239 12.000
A_605 0.000 185.740 16.000
T_606 -17.098 -90.974 11.000
E_607 -21.132 -605.239 10.000
A_608 0.000 185.740 15.000
K_609 -20.127 -818.649 16.000
R_610 -28.412 -1015.709 12.000
N_611 -27.150 -507.047 17.000
L_612 0.000 679.918 17.000
R_613 -32.645 -1015.709 16.000
K_614 -17.811 -818.649 12.000
E_615 -26.485 -605.239 16.000
I_616 0.000 777.529 16.000
E_617 -24.169 -605.239 13.000
R_618 -30.711 -1015.709 14.000
L_619 0.000 679.918 14.000
R_620 -30.711 -1015.709 14.000
A_621 0.000 185.740 13.000
E_622 -27.150 -605.239 17.000
N_623 -25.772 -507.047 15.000
E_624 -27.773 -605.239 18.000
K_625 -19.059 -818.649 14.000
K_626 -18.462 -818.649 13.000
M_627 0.000 401.769 13.000
K_628 -16.309 -818.649 10.000
E_629 -22.253 -605.239 11.000
A_630 0.000 185.740 15.000
N_631 -25.772 -507.047 15.000
E_632 -26.485 -605.239 16.000
S_633 -20.127 -90.060 16.000
R_634 -33.508 -1015.709 17.000
L_635 0.000 679.918 13.000
R_636 -29.616 -1015.709 13.000
L_637 0.000 679.918 13.000
K_638 -20.609 -818.649 17.000
R_639 -28.412 -1015.709 12.000
E_640 -26.485 -605.239 16.000
L_641 0.000 679.918 17.000
E_642 -23.258 -605.239 12.000
Q_643 -24.169 -643.904 13.000
A_644 0.000 185.740 17.000
R_645 -29.616 -1015.709 13.000
Q_646 -25.003 -643.904 14.000
A_647 0.000 185.740 14.000
R_648 -23.856 -1015.709 9.000
V_649 0.000 613.196 9.000
C_650 0.000 322.480 12.000
D_651 -16.691 -475.402 7.000
K_652 -13.255 -818.649 7.000
G_653 0.000 -27.649 11.000
C_654 0.000 322.480 7.000
E_655 -7.878 -605.239 4.000
A_656 0.000 185.740 9.000
G_657 0.000 -27.649 9.000
R_658 -25.574 -1015.709 10.000
L_659 0.000 679.918 10.000
R_660 -29.616 -1015.709 13.000
A_661 0.000 185.740 10.000
K_662 -18.462 -818.649 13.000
Y_663 -9.978 -274.939 8.000
S_664 -17.811 -90.060 12.000
A_665 0.000 185.740 9.000
Q_666 -22.253 -643.904 11.000
I_667 0.000 777.529 12.000
E_668 -23.258 -605.239 12.000
D_669 -23.258 -475.402 12.000
L_670 0.000 679.918 12.000
Q_671 -22.253 -643.904 11.000
V_672 0.000 613.196 7.000
K_673 -17.098 -818.649 11.000
L_674 0.000 679.918 9.000
Q_675 -19.866 -643.904 9.000
H_676 -11.154 -583.484 10.000
A_677 0.000 185.740 10.000
E_678 -21.132 -605.239 10.000
A_679 0.000 185.740 13.000
D_680 -27.150 -475.402 17.000
R_681 -33.508 -1015.709 17.000
E_682 -27.150 -605.239 17.000
Q_683 -27.773 -643.904 18.000
L_684 0.000 679.918 13.000
R_685 -29.616 -1015.709 13.000
A_686 0.000 185.740 9.000
D_687 -19.866 -475.402 9.000
L_688 0.000 679.918 9.000
L_689 0.000 679.918 13.000
R_690 -30.711 -1015.709 14.000
E_691 -27.773 -605.239 18.000
R_692 -34.315 -1015.709 18.000
E_693 -27.773 -605.239 18.000
A_694 0.000 185.740 18.000
R_695 -31.716 -1015.709 15.000
E_696 -22.253 -605.239 11.000
H_697 -13.255 -583.484 15.000
L_698 0.000 679.918 13.000
E_699 -19.866 -605.239 9.000
K_700 -13.255 -818.649 7.000
V_701 0.000 613.196 10.000
V_702 0.000 613.196 10.000
K_703 -13.255 -818.649 7.000
E_704 -22.253 -605.239 11.000
L_705 0.000 679.918 15.000
Q_706 -26.485 -643.904 16.000
E_707 -23.258 -605.239 12.000
Q_708 -24.169 -643.904 13.000
L_709 0.000 679.918 9.000
W_710 -5.708 -203.500 10.000
P_711 0.000 -195.996 6.000
R_712 -27.076 -1015.709 11.000
A_713 0.000 185.740 10.000
R_714 -30.711 -1015.709 14.000
P_715 0.000 -195.996 9.000
E_716 -19.866 -605.239 9.000
A_717 0.000 185.740 4.000
A_718 0.000 185.740 7.000
G_719 0.000 -27.649 7.000
S_720 -13.255 -90.060 7.000
E_721 -16.691 -605.239 7.000
G_722 0.000 -27.649 7.000
A_723 0.000 185.740 8.000
A_724 0.000 185.740 4.000
E_725 -18.409 -605.239 8.000
L_726 0.000 679.918 8.000
E_727 -18.409 -605.239 8.000
P_728 0.000 -195.996 4.000
