M_1 0.000 401.769 2.000
V_2 0.000 613.196 2.000
H_3 -7.426 -583.484 5.000
G_4 0.000 -27.649 5.000
S_5 -14.420 -90.060 8.000
V_6 0.000 613.196 6.000
T_7 -17.098 -90.974 11.000
F_8 0.000 560.542 12.000
R_9 -28.412 -1015.709 12.000
D_10 -19.866 -475.402 9.000
V_11 0.000 613.196 9.000
A_12 0.000 185.740 8.000
I_13 0.000 777.529 4.000
D_14 -16.691 -475.402 7.000
F_15 0.000 560.542 11.000
S_16 -19.613 -90.060 15.000
Q_17 -25.772 -643.904 15.000
E_18 -26.485 -605.239 16.000
E_19 -27.150 -605.239 17.000
W_20 -6.358 -203.500 13.000
E_21 -19.866 -605.239 9.000
C_22 0.000 322.480 9.000
L_23 0.000 679.918 8.000
Q_24 -18.409 -643.904 8.000
P_25 0.000 -195.996 12.000
D_26 -27.150 -475.402 17.000
Q_27 -26.485 -643.904 16.000
R_28 -32.645 -1015.709 16.000
T_29 -19.059 -90.974 14.000
L_30 0.000 679.918 15.000
Y_31 -12.900 -274.939 14.000
R_32 -27.076 -1015.709 11.000
D_33 -22.253 -475.402 11.000
V_34 0.000 613.196 9.000
M_35 0.000 401.769 8.000
L_36 0.000 679.918 8.000
E_37 -21.132 -605.239 10.000
N_38 -24.169 -507.047 13.000
Y_39 -13.255 -274.939 15.000
S_40 -17.098 -90.060 11.000
H_41 -9.265 -583.484 7.000
L_42 0.000 679.918 8.000
I_43 0.000 777.529 5.000
S_44 -4.441 -90.060 3.000
L_45 0.000 679.918 6.000
G_46 0.000 -27.649 9.000
S_47 -11.867 -90.060 6.000
S_48 -15.425 -90.060 9.000
I_49 0.000 777.529 12.000
S_50 -15.425 -90.060 9.000
K_51 -16.309 -818.649 10.000
P_52 0.000 -195.996 10.000
D_53 -16.691 -475.402 7.000
V_54 0.000 613.196 7.000
I_55 0.000 777.529 7.000
T_56 -4.441 -90.974 3.000
L_57 0.000 679.918 7.000
L_58 0.000 679.918 11.000
E_59 -23.258 -605.239 12.000
Q_60 -25.772 -643.904 15.000
E_61 -28.359 -605.239 19.000
K_62 -19.613 -818.649 15.000
E_63 -23.258 -605.239 12.000
P_64 0.000 -195.996 8.000
W_65 -3.990 -203.500 5.000
I_66 0.000 777.529 1.000
V_67 0.000 613.196 4.000
V_68 0.000 613.196 6.000
S_69 -16.309 -90.060 10.000
K_70 -18.462 -818.649 13.000
E_71 -26.485 -605.239 16.000
T_72 -21.060 -90.974 18.000
S_73 -20.127 -90.060 16.000
R_74 -30.711 -1015.709 14.000
W_75 -5.944 -203.500 11.000
Y_76 -12.104 -274.939 12.000
P_77 0.000 -195.996 7.000
D_78 -21.132 -475.402 10.000
L_79 0.000 679.918 11.000
E_80 -25.003 -605.239 14.000
S_81 -17.811 -90.060 12.000
K_82 -17.811 -818.649 12.000
Y_83 -9.978 -274.939 8.000
G_84 0.000 -27.649 9.000
P_85 0.000 -195.996 9.000
E_86 -16.691 -605.239 7.000
K_87 -16.309 -818.649 10.000
I_88 0.000 777.529 10.000
S_89 -16.309 -90.060 10.000
P_90 0.000 -195.996 11.000
E_91 -25.772 -605.239 15.000
N_92 -23.258 -507.047 12.000
D_93 -23.258 -475.402 12.000
I_94 0.000 777.529 12.000
F_95 0.000 560.542 8.000
E_96 -18.409 -605.239 8.000
I_97 0.000 777.529 8.000
N_98 -18.409 -507.047 8.000
L_99 0.000 679.918 7.000
P_100 0.000 -195.996 9.000
K_101 -10.149 -818.649 5.000
H_102 -7.426 -583.484 5.000
V_103 0.000 613.196 8.000
I_104 0.000 777.529 9.000
K_105 -13.255 -818.649 7.000
Q_106 -21.132 -643.904 10.000
I_107 0.000 777.529 13.000
S_108 -18.462 -90.060 13.000
K_109 -15.425 -818.649 9.000
T_110 -15.425 -90.974 9.000
L_111 0.000 679.918 6.000
G_112 0.000 -27.649 7.000
L_113 0.000 679.918 4.000
E_114 -7.878 -605.239 4.000
A_115 0.000 185.740 6.000
F_116 0.000 560.542 6.000
Y_117 -9.265 -274.939 7.000
F_118 0.000 560.542 11.000
R_119 -31.716 -1015.709 15.000
N_120 -26.485 -507.047 16.000
D_121 -28.912 -475.402 20.000
S_122 -20.609 -90.060 17.000
E_123 -27.773 -605.239 18.000
Y_124 -13.896 -274.939 17.000
R_125 -35.072 -1015.709 19.000
S_126 -19.613 -90.060 15.000
R_127 -33.508 -1015.709 17.000
F_128 0.000 560.542 12.000
E_129 -25.003 -605.239 14.000
G_130 0.000 -27.649 13.000
R_131 -29.616 -1015.709 13.000
Q_132 -22.253 -643.904 11.000
G_133 0.000 -27.649 15.000
H_134 -12.900 -583.484 14.000
Q_135 -21.132 -643.904 10.000
E_136 -23.258 -605.239 12.000
G_137 0.000 -27.649 10.000
Y_138 -11.154 -274.939 10.000
I_139 0.000 777.529 10.000
N_140 -24.169 -507.047 13.000
Q_141 -22.253 -643.904 11.000
K_142 -17.098 -818.649 11.000
I_143 0.000 777.529 10.000
I_144 0.000 777.529 8.000
S_145 -15.425 -90.060 9.000
Y_146 -12.518 -274.939 13.000
E_147 -24.169 -605.239 13.000
E_148 -21.132 -605.239 10.000
M_149 0.000 401.769 8.000
P_150 0.000 -195.996 6.000
A_151 0.000 185.740 5.000
Y_152 -9.265 -274.939 7.000
T_153 -13.255 -90.974 7.000
H_154 -11.154 -583.484 10.000
A_155 0.000 185.740 8.000
S_156 -10.149 -90.060 5.000
P_157 0.000 -195.996 5.000
I_158 0.000 777.529 9.000
H_159 -10.601 -583.484 9.000
N_160 -22.253 -507.047 11.000
T_161 -19.059 -90.974 14.000
H_162 -12.104 -583.484 12.000
K_163 -16.309 -818.649 10.000
P_164 0.000 -195.996 11.000
Y_165 -10.601 -274.939 9.000
E_166 -19.866 -605.239 9.000
C_167 0.000 322.480 13.000
K_168 -17.098 -818.649 11.000
E_169 -16.691 -605.239 7.000
C_170 0.000 322.480 10.000
G_171 0.000 -27.649 9.000
K_172 -10.149 -818.649 5.000
Y_173 -9.978 -274.939 8.000
F_174 0.000 560.542 8.000
S_175 -10.149 -90.060 5.000
C_176 0.000 322.480 6.000
G_177 0.000 -27.649 10.000
S_178 -13.255 -90.060 7.000
N_179 -16.691 -507.047 7.000
L_180 0.000 679.918 11.000
I_181 0.000 777.529 10.000
Q_182 -21.132 -643.904 10.000
H_183 -12.518 -583.484 13.000
Q_184 -24.169 -643.904 13.000
S_185 -17.098 -90.060 11.000
I_186 0.000 777.529 12.000
H_187 -9.978 -583.484 8.000
T_188 -15.425 -90.974 9.000
G_189 0.000 -27.649 12.000
E_190 -21.132 -605.239 10.000
K_191 -15.425 -818.649 9.000
P_192 0.000 -195.996 12.000
Y_193 -9.978 -274.939 8.000
K_194 -14.420 -818.649 8.000
C_195 0.000 322.480 12.000
K_196 -16.309 -818.649 10.000
E_197 -16.691 -605.239 7.000
C_198 0.000 322.480 10.000
G_199 0.000 -27.649 7.000
K_200 -4.441 -818.649 3.000
A_201 0.000 185.740 7.000
F_202 0.000 560.542 7.000
Q_203 -14.591 -643.904 6.000
L_204 0.000 679.918 6.000
H_205 -11.154 -583.484 10.000
I_206 0.000 777.529 6.000
Q_207 -19.866 -643.904 9.000
L_208 0.000 679.918 12.000
T_209 -19.059 -90.974 14.000
R_210 -30.711 -1015.709 14.000
H_211 -13.896 -583.484 17.000
Q_212 -25.003 -643.904 14.000
K_213 -17.098 -818.649 11.000
F_214 0.000 560.542 12.000
H_215 -9.978 -583.484 8.000
T_216 -15.425 -90.974 9.000
G_217 0.000 -27.649 12.000
E_218 -24.169 -605.239 13.000
K_219 -16.309 -818.649 10.000
T_220 -19.059 -90.974 14.000
F_221 0.000 560.542 10.000
E_222 -21.132 -605.239 10.000
C_223 0.000 322.480 11.000
K_224 -17.098 -818.649 11.000
E_225 -16.691 -605.239 7.000
C_226 0.000 322.480 10.000
G_227 0.000 -27.649 7.000
K_228 -4.441 -818.649 3.000
A_229 0.000 185.740 7.000
F_230 0.000 560.542 7.000
N_231 -7.878 -507.047 4.000
L_232 0.000 679.918 7.000
P_233 0.000 -195.996 11.000
T_234 -13.255 -90.974 7.000
Q_235 -22.253 -643.904 11.000
L_236 0.000 679.918 16.000
N_237 -25.772 -507.047 15.000
R_238 -30.711 -1015.709 14.000
H_239 -14.188 -583.484 18.000
K_240 -19.059 -818.649 14.000
N_241 -22.253 -507.047 11.000
I_242 0.000 777.529 12.000
H_243 -10.601 -583.484 9.000
T_244 -14.420 -90.974 8.000
V_245 0.000 613.196 11.000
K_246 -15.425 -818.649 9.000
K_247 -11.867 -818.649 6.000
L_248 0.000 679.918 10.000
F_249 0.000 560.542 7.000
E_250 -16.691 -605.239 7.000
C_251 0.000 322.480 11.000
K_252 -17.098 -818.649 11.000
E_253 -16.691 -605.239 7.000
C_254 0.000 322.480 10.000
G_255 0.000 -27.649 10.000
K_256 -11.867 -818.649 6.000
S_257 -16.309 -90.060 10.000
F_258 0.000 560.542 15.000
N_259 -25.772 -507.047 15.000
R_260 -31.716 -1015.709 15.000
S_261 -21.486 -90.060 19.000
S_262 -19.613 -90.060 15.000
N_263 -24.169 -507.047 13.000
L_264 0.000 679.918 14.000
T_265 -18.462 -90.974 13.000
Q_266 -24.169 -643.904 13.000
H_267 -13.586 -583.484 16.000
Q_268 -24.169 -643.904 13.000
S_269 -17.098 -90.060 11.000
I_270 0.000 777.529 9.000
H_271 -7.426 -583.484 5.000
A_272 0.000 185.740 2.000
G_273 0.000 -27.649 5.000
V_274 0.000 613.196 3.000
K_275 -10.149 -818.649 5.000
P_276 0.000 -195.996 9.000
Y_277 -10.601 -274.939 9.000
Q_278 -19.866 -643.904 9.000
C_279 0.000 322.480 13.000
K_280 -17.098 -818.649 11.000
E_281 -16.691 -605.239 7.000
C_282 0.000 322.480 10.000
G_283 0.000 -27.649 7.000
K_284 -4.441 -818.649 3.000
A_285 0.000 185.740 7.000
F_286 0.000 560.542 12.000
N_287 -19.866 -507.047 9.000
R_288 -28.412 -1015.709 12.000
G_289 0.000 -27.649 16.000
S_290 -17.811 -90.060 12.000
N_291 -16.691 -507.047 7.000
L_292 0.000 679.918 11.000
I_293 0.000 777.529 10.000
Q_294 -21.132 -643.904 10.000
H_295 -12.518 -583.484 13.000
Q_296 -24.169 -643.904 13.000
K_297 -17.098 -818.649 11.000
I_298 0.000 777.529 12.000
H_299 -12.104 -583.484 12.000
S_300 -18.462 -90.060 13.000
N_301 -26.485 -507.047 16.000
E_302 -25.003 -605.239 14.000
K_303 -17.098 -818.649 11.000
P_304 0.000 -195.996 7.000
F_305 0.000 560.542 3.000
V_306 0.000 613.196 5.000
C_307 0.000 322.480 9.000
R_308 -23.856 -1015.709 9.000
E_309 -24.169 -605.239 13.000
C_310 0.000 322.480 13.000
E_311 -18.409 -605.239 8.000
M_312 0.000 401.769 4.000
A_313 0.000 185.740 9.000
F_314 0.000 560.542 7.000
R_315 -23.856 -1015.709 9.000
Y_316 -11.652 -274.939 11.000
H_317 -13.255 -583.484 15.000
Y_318 -11.154 -274.939 10.000
Q_319 -18.409 -643.904 8.000
L_320 0.000 679.918 10.000
I_321 0.000 777.529 10.000
E_322 -14.591 -605.239 6.000
H_323 -11.652 -583.484 11.000
C_324 0.000 322.480 11.000
R_325 -23.856 -1015.709 9.000
I_326 0.000 777.529 10.000
H_327 -11.154 -583.484 10.000
T_328 -15.425 -90.974 9.000
G_329 0.000 -27.649 12.000
E_330 -21.132 -605.239 10.000
K_331 -13.255 -818.649 7.000
P_332 0.000 -195.996 11.000
F_333 0.000 560.542 7.000
E_334 -16.691 -605.239 7.000
C_335 0.000 322.480 11.000
K_336 -17.098 -818.649 11.000
E_337 -23.258 -605.239 12.000
C_338 0.000 322.480 15.000
R_339 -28.412 -1015.709 12.000
K_340 -14.420 -818.649 8.000
A_341 0.000 185.740 11.000
F_342 0.000 560.542 6.000
T_343 -4.441 -90.974 3.000
L_344 0.000 679.918 6.000
L_345 0.000 679.918 9.000
T_346 -11.867 -90.974 6.000
K_347 -11.867 -818.649 6.000
L_348 0.000 679.918 11.000
V_349 0.000 613.196 10.000
R_350 -27.076 -1015.709 11.000
H_351 -12.900 -583.484 14.000
Q_352 -25.003 -643.904 14.000
K_353 -17.098 -818.649 11.000
I_354 0.000 777.529 9.000
H_355 -7.426 -583.484 5.000
M_356 0.000 401.769 6.000
G_357 0.000 -27.649 9.000
E_358 -16.691 -605.239 7.000
K_359 -13.255 -818.649 7.000
P_360 0.000 -195.996 11.000
F_361 0.000 560.542 7.000
E_362 -19.866 -605.239 9.000
C_363 0.000 322.480 13.000
R_364 -29.616 -1015.709 13.000
E_365 -19.866 -605.239 9.000
C_366 0.000 322.480 12.000
G_367 0.000 -27.649 7.000
K_368 -4.441 -818.649 3.000
A_369 0.000 185.740 6.000
F_370 0.000 560.542 6.000
S_371 -4.441 -90.060 3.000
L_372 0.000 679.918 7.000
L_373 0.000 679.918 11.000
N_374 -18.409 -507.047 8.000
Q_375 -23.258 -643.904 12.000
L_376 0.000 679.918 17.000
N_377 -25.772 -507.047 15.000
R_378 -30.711 -1015.709 14.000
H_379 -14.188 -583.484 18.000
K_380 -19.059 -818.649 14.000
N_381 -22.253 -507.047 11.000
I_382 0.000 777.529 12.000
H_383 -10.601 -583.484 9.000
T_384 -15.425 -90.974 9.000
G_385 0.000 -27.649 12.000
E_386 -21.132 -605.239 10.000
K_387 -13.255 -818.649 7.000
P_388 0.000 -195.996 11.000
F_389 0.000 560.542 7.000
E_390 -16.691 -605.239 7.000
C_391 0.000 322.480 11.000
K_392 -17.098 -818.649 11.000
E_393 -16.691 -605.239 7.000
C_394 0.000 322.480 10.000
G_395 0.000 -27.649 10.000
K_396 -11.867 -818.649 6.000
S_397 -16.309 -90.060 10.000
F_398 0.000 560.542 15.000
N_399 -25.772 -507.047 15.000
R_400 -31.716 -1015.709 15.000
S_401 -21.486 -90.060 19.000
S_402 -19.613 -90.060 15.000
N_403 -21.132 -507.047 10.000
L_404 0.000 679.918 11.000
I_405 0.000 777.529 10.000
Q_406 -21.132 -643.904 10.000
H_407 -12.518 -583.484 13.000
Q_408 -24.169 -643.904 13.000
S_409 -17.098 -90.060 11.000
I_410 0.000 777.529 9.000
H_411 -10.601 -583.484 9.000
A_412 0.000 185.740 6.000
D_413 -19.866 -475.402 9.000
V_414 0.000 613.196 7.000
K_415 -15.425 -818.649 9.000
P_416 0.000 -195.996 9.000
Y_417 -10.601 -274.939 9.000
E_418 -19.866 -605.239 9.000
C_419 0.000 322.480 13.000
K_420 -17.098 -818.649 11.000
E_421 -16.691 -605.239 7.000
C_422 0.000 322.480 10.000
G_423 0.000 -27.649 7.000
K_424 -4.441 -818.649 3.000
G_425 0.000 -27.649 7.000
F_426 0.000 560.542 12.000
N_427 -19.866 -507.047 9.000
R_428 -23.856 -1015.709 9.000
G_429 0.000 -27.649 13.000
A_430 0.000 185.740 9.000
N_431 -7.878 -507.047 4.000
L_432 0.000 679.918 8.000
I_433 0.000 777.529 10.000
Q_434 -21.132 -643.904 10.000
H_435 -12.518 -583.484 13.000
Q_436 -24.169 -643.904 13.000
K_437 -17.098 -818.649 11.000
I_438 0.000 777.529 12.000
H_439 -12.104 -583.484 12.000
S_440 -18.462 -90.060 13.000
N_441 -26.485 -507.047 16.000
E_442 -25.003 -605.239 14.000
K_443 -17.098 -818.649 11.000
P_444 0.000 -195.996 7.000
F_445 0.000 560.542 3.000
V_446 0.000 613.196 5.000
C_447 0.000 322.480 9.000
R_448 -23.856 -1015.709 9.000
E_449 -24.169 -605.239 13.000
C_450 0.000 322.480 13.000
E_451 -18.409 -605.239 8.000
M_452 0.000 401.769 4.000
A_453 0.000 185.740 9.000
F_454 0.000 560.542 7.000
R_455 -23.856 -1015.709 9.000
Y_456 -11.652 -274.939 11.000
H_457 -13.255 -583.484 15.000
Y_458 -11.154 -274.939 10.000
Q_459 -18.409 -643.904 8.000
L_460 0.000 679.918 10.000
I_461 0.000 777.529 10.000
Q_462 -14.591 -643.904 6.000
H_463 -11.154 -583.484 10.000
C_464 0.000 322.480 10.000
Q_465 -18.409 -643.904 8.000
I_466 0.000 777.529 9.000
H_467 -10.601 -583.484 9.000
T_468 -10.149 -90.974 5.000
G_469 0.000 -27.649 8.000
G_470 0.000 -27.649 6.000
K_471 -4.441 -818.649 3.000
P_472 0.000 -195.996 7.000
F_473 0.000 560.542 7.000
E_474 -16.691 -605.239 7.000
C_475 0.000 322.480 11.000
K_476 -17.098 -818.649 11.000
E_477 -16.691 -605.239 7.000
C_478 0.000 322.480 10.000
G_479 0.000 -27.649 7.000
K_480 -4.441 -818.649 3.000
A_481 0.000 185.740 6.000
F_482 0.000 560.542 6.000
S_483 -4.441 -90.060 3.000
L_484 0.000 679.918 6.000
L_485 0.000 679.918 10.000
T_486 -13.255 -90.974 7.000
Q_487 -16.691 -643.904 7.000
L_488 0.000 679.918 12.000
A_489 0.000 185.740 11.000
R_490 -25.574 -1015.709 10.000
H_491 -12.900 -583.484 14.000
K_492 -19.059 -818.649 14.000
N_493 -22.253 -507.047 11.000
I_494 0.000 777.529 12.000
H_495 -10.601 -583.484 9.000
T_496 -15.425 -90.974 9.000
G_497 0.000 -27.649 12.000
E_498 -21.132 -605.239 10.000
K_499 -13.255 -818.649 7.000
P_500 0.000 -195.996 11.000
F_501 0.000 560.542 7.000
E_502 -16.691 -605.239 7.000
C_503 0.000 322.480 11.000
K_504 -17.098 -818.649 11.000
D_505 -16.691 -475.402 7.000
C_506 0.000 322.480 10.000
G_507 0.000 -27.649 7.000
K_508 -4.441 -818.649 3.000
A_509 0.000 185.740 7.000
F_510 0.000 560.542 12.000
N_511 -19.866 -507.047 9.000
R_512 -28.412 -1015.709 12.000
G_513 0.000 -27.649 16.000
S_514 -17.811 -90.060 12.000
N_515 -16.691 -507.047 7.000
L_516 0.000 679.918 11.000
V_517 0.000 613.196 10.000
Q_518 -21.132 -643.904 10.000
H_519 -12.518 -583.484 13.000
Q_520 -24.169 -643.904 13.000
S_521 -17.098 -90.060 11.000
I_522 0.000 777.529 12.000
H_523 -9.978 -583.484 8.000
T_524 -15.425 -90.974 9.000
G_525 0.000 -27.649 12.000
E_526 -21.132 -605.239 10.000
K_527 -15.425 -818.649 9.000
P_528 0.000 -195.996 13.000
Y_529 -10.601 -274.939 9.000
E_530 -19.866 -605.239 9.000
C_531 0.000 322.480 13.000
K_532 -17.098 -818.649 11.000
E_533 -16.691 -605.239 7.000
C_534 0.000 322.480 10.000
G_535 0.000 -27.649 7.000
K_536 -4.441 -818.649 3.000
A_537 0.000 185.740 8.000
F_538 0.000 560.542 8.000
R_539 -19.414 -1015.709 7.000
L_540 0.000 679.918 7.000
H_541 -11.652 -583.484 11.000
L_542 0.000 679.918 6.000
Q_543 -19.866 -643.904 9.000
L_544 0.000 679.918 11.000
S_545 -18.462 -90.060 13.000
Q_546 -24.169 -643.904 13.000
H_547 -13.586 -583.484 16.000
E_548 -26.485 -605.239 16.000
K_549 -19.059 -818.649 14.000
T_550 -19.613 -90.974 15.000
H_551 -11.652 -583.484 11.000
T_552 -17.811 -90.974 12.000
G_553 0.000 -27.649 12.000
E_554 -21.132 -605.239 10.000
K_555 -13.255 -818.649 7.000
P_556 0.000 -195.996 11.000
F_557 0.000 560.542 7.000
E_558 -16.691 -605.239 7.000
C_559 0.000 322.480 11.000
K_560 -17.098 -818.649 11.000
E_561 -16.691 -605.239 7.000
C_562 0.000 322.480 10.000
G_563 0.000 -27.649 7.000
K_564 -4.441 -818.649 3.000
F_565 0.000 560.542 8.000
F_566 0.000 560.542 13.000
R_567 -25.574 -1015.709 10.000
R_568 -29.616 -1015.709 13.000
G_569 0.000 -27.649 17.000
S_570 -17.811 -90.060 12.000
N_571 -22.253 -507.047 11.000
L_572 0.000 679.918 15.000
N_573 -25.003 -507.047 14.000
Q_574 -25.772 -643.904 15.000
H_575 -14.188 -583.484 18.000
R_576 -30.711 -1015.709 14.000
S_577 -17.811 -90.060 12.000
I_578 0.000 777.529 13.000
H_579 -9.978 -583.484 8.000
T_580 -14.420 -90.974 8.000
G_581 0.000 -27.649 11.000
K_582 -15.425 -818.649 9.000
K_583 -11.867 -818.649 6.000
P_584 0.000 -195.996 10.000
F_585 0.000 560.542 7.000
E_586 -16.691 -605.239 7.000
C_587 0.000 322.480 11.000
K_588 -17.098 -818.649 11.000
E_589 -16.691 -605.239 7.000
C_590 0.000 322.480 10.000
G_591 0.000 -27.649 7.000
K_592 -4.441 -818.649 3.000
A_593 0.000 185.740 8.000
F_594 0.000 560.542 8.000
R_595 -19.414 -1015.709 7.000
L_596 0.000 679.918 7.000
H_597 -10.601 -583.484 9.000
M_598 0.000 401.769 4.000
H_599 -6.160 -583.484 4.000
L_600 0.000 679.918 7.000
I_601 0.000 777.529 9.000
R_602 -27.076 -1015.709 11.000
H_603 -12.900 -583.484 14.000
Q_604 -25.003 -643.904 14.000
K_605 -17.098 -818.649 11.000
F_606 0.000 560.542 12.000
H_607 -9.978 -583.484 8.000
T_608 -15.425 -90.974 9.000
G_609 0.000 -27.649 12.000
E_610 -21.132 -605.239 10.000
K_611 -13.255 -818.649 7.000
P_612 0.000 -195.996 11.000
F_613 0.000 560.542 7.000
E_614 -16.691 -605.239 7.000
C_615 0.000 322.480 11.000
K_616 -17.098 -818.649 11.000
E_617 -16.691 -605.239 7.000
C_618 0.000 322.480 10.000
G_619 0.000 -27.649 7.000
K_620 -4.441 -818.649 3.000
A_621 0.000 185.740 6.000
F_622 0.000 560.542 6.000
S_623 -10.149 -90.060 5.000
L_624 0.000 679.918 8.000
H_625 -12.104 -583.484 12.000
T_626 -15.425 -90.974 9.000
Q_627 -24.169 -643.904 13.000
L_628 0.000 679.918 13.000
N_629 -23.258 -507.047 12.000
H_630 -11.652 -583.484 11.000
H_631 -13.255 -583.484 15.000
K_632 -17.098 -818.649 11.000
N_633 -22.253 -507.047 11.000
I_634 0.000 777.529 12.000
H_635 -10.601 -583.484 9.000
T_636 -15.425 -90.974 9.000
G_637 0.000 -27.649 12.000
E_638 -21.132 -605.239 10.000
K_639 -13.255 -818.649 7.000
P_640 0.000 -195.996 10.000
F_641 0.000 560.542 6.000
K_642 -11.867 -818.649 6.000
C_643 0.000 322.480 10.000
K_644 -16.309 -818.649 10.000
E_645 -16.691 -605.239 7.000
C_646 0.000 322.480 10.000
G_647 0.000 -27.649 10.000
K_648 -11.867 -818.649 6.000
S_649 -16.309 -90.060 10.000
F_650 0.000 560.542 15.000
N_651 -23.258 -507.047 12.000
R_652 -28.412 -1015.709 12.000
V_653 0.000 613.196 16.000
S_654 -17.811 -90.060 12.000
N_655 -16.691 -507.047 7.000
L_656 0.000 679.918 11.000
V_657 0.000 613.196 10.000
Q_658 -21.132 -643.904 10.000
H_659 -12.518 -583.484 13.000
Q_660 -24.169 -643.904 13.000
S_661 -17.098 -90.060 11.000
I_662 0.000 777.529 9.000
H_663 -7.426 -583.484 5.000
A_664 0.000 185.740 2.000
G_665 0.000 -27.649 5.000
V_666 0.000 613.196 3.000
K_667 -10.149 -818.649 5.000
P_668 0.000 -195.996 9.000
Y_669 -10.601 -274.939 9.000
E_670 -19.866 -605.239 9.000
C_671 0.000 322.480 13.000
K_672 -17.098 -818.649 11.000
E_673 -16.691 -605.239 7.000
C_674 0.000 322.480 10.000
G_675 0.000 -27.649 7.000
K_676 -4.441 -818.649 3.000
G_677 0.000 -27.649 6.000
F_678 0.000 560.542 11.000
S_679 -14.420 -90.060 8.000
R_680 -27.076 -1015.709 11.000
V_681 0.000 613.196 15.000
S_682 -17.811 -90.060 12.000
N_683 -16.691 -507.047 7.000
L_684 0.000 679.918 11.000
I_685 0.000 777.529 10.000
Q_686 -21.132 -643.904 10.000
H_687 -12.518 -583.484 13.000
Q_688 -26.485 -643.904 16.000
K_689 -19.059 -818.649 14.000
T_690 -19.613 -90.974 15.000
H_691 -12.900 -583.484 14.000
S_692 -17.098 -90.060 11.000
S_693 -17.098 -90.060 11.000
A_694 0.000 185.740 9.000
K_695 -11.867 -818.649 6.000
P_696 0.000 -195.996 3.000
F_697 0.000 560.542 3.000
V_698 0.000 613.196 3.000
C_699 0.000 322.480 7.000
K_700 -13.255 -818.649 7.000
E_701 -23.258 -605.239 12.000
C_702 0.000 322.480 15.000
R_703 -31.716 -1015.709 15.000
K_704 -17.098 -818.649 11.000
T_705 -20.127 -90.974 16.000
F_706 0.000 560.542 13.000
R_707 -28.412 -1015.709 12.000
Y_708 -11.652 -274.939 11.000
H_709 -13.255 -583.484 15.000
Y_710 -11.154 -274.939 10.000
Q_711 -22.253 -643.904 11.000
L_712 0.000 679.918 13.000
T_713 -18.462 -90.974 13.000
E_714 -22.253 -605.239 11.000
H_715 -13.586 -583.484 16.000
Y_716 -12.518 -274.939 13.000
R_717 -27.076 -1015.709 11.000
I_718 0.000 777.529 12.000
H_719 -11.154 -583.484 10.000
T_720 -15.425 -90.974 9.000
G_721 0.000 -27.649 12.000
E_722 -21.132 -605.239 10.000
K_723 -13.255 -818.649 7.000
P_724 0.000 -195.996 11.000
F_725 0.000 560.542 7.000
E_726 -16.691 -605.239 7.000
C_727 0.000 322.480 11.000
K_728 -17.098 -818.649 11.000
E_729 -16.691 -605.239 7.000
C_730 0.000 322.480 10.000
G_731 0.000 -27.649 7.000
K_732 -4.441 -818.649 3.000
A_733 0.000 185.740 3.000
F_734 0.000 560.542 3.000
G_735 0.000 -27.649 0.000
L_736 0.000 679.918 3.000
L_737 0.000 679.918 7.000
T_738 -13.255 -90.974 7.000
Q_739 -16.691 -643.904 7.000
L_740 0.000 679.918 11.000
A_741 0.000 185.740 10.000
Q_742 -21.132 -643.904 10.000
H_743 -11.154 -583.484 10.000
Q_744 -21.132 -643.904 10.000
I_745 0.000 777.529 8.000
I_746 0.000 777.529 9.000
H_747 -7.426 -583.484 5.000
T_748 -15.425 -90.974 9.000
G_749 0.000 -27.649 12.000
E_750 -21.132 -605.239 10.000
K_751 -13.255 -818.649 7.000
P_752 0.000 -195.996 10.000
F_753 0.000 560.542 6.000
K_754 -11.867 -818.649 6.000
C_755 0.000 322.480 10.000
K_756 -16.309 -818.649 10.000
E_757 -16.691 -605.239 7.000
C_758 0.000 322.480 10.000
G_759 0.000 -27.649 7.000
K_760 -4.441 -818.649 3.000
A_761 0.000 185.740 7.000
F_762 0.000 560.542 12.000
N_763 -19.866 -507.047 9.000
R_764 -28.412 -1015.709 12.000
G_765 0.000 -27.649 16.000
S_766 -17.811 -90.060 12.000
N_767 -16.691 -507.047 7.000
L_768 0.000 679.918 11.000
V_769 0.000 613.196 8.000
Q_770 -18.409 -643.904 8.000
P_771 0.000 -195.996 11.000
Q_772 -22.253 -643.904 11.000
S_773 -15.425 -90.060 9.000
I_774 0.000 777.529 12.000
H_775 -9.978 -583.484 8.000
T_776 -15.425 -90.974 9.000
G_777 0.000 -27.649 12.000
E_778 -21.132 -605.239 10.000
K_779 -15.425 -818.649 9.000
P_780 0.000 -195.996 13.000
Y_781 -10.601 -274.939 9.000
E_782 -19.866 -605.239 9.000
C_783 0.000 322.480 13.000
K_784 -17.098 -818.649 11.000
E_785 -16.691 -605.239 7.000
C_786 0.000 322.480 10.000
G_787 0.000 -27.649 7.000
K_788 -4.441 -818.649 3.000
A_789 0.000 185.740 8.000
F_790 0.000 560.542 8.000
R_791 -19.414 -1015.709 7.000
L_792 0.000 679.918 7.000
H_793 -11.652 -583.484 11.000
L_794 0.000 679.918 6.000
Q_795 -19.866 -643.904 9.000
L_796 0.000 679.918 7.000
S_797 -15.425 -90.060 9.000
L_798 0.000 679.918 9.000
H_799 -12.104 -583.484 12.000
Q_800 -19.866 -643.904 9.000
K_801 -15.425 -818.649 9.000
L_802 0.000 679.918 11.000
V_803 0.000 613.196 7.000
Q_804 -19.866 -643.904 9.000
V_805 0.000 613.196 13.000
R_806 -29.616 -1015.709 13.000
N_807 -19.866 -507.047 9.000
P_808 0.000 -195.996 13.000
L_809 0.000 679.918 8.000
N_810 -19.866 -507.047 9.000
V_811 0.000 613.196 13.000
R_812 -29.616 -1015.709 13.000
N_813 -19.866 -507.047 9.000
V_814 0.000 613.196 13.000
G_815 0.000 -27.649 8.000
Q_816 -16.691 -643.904 7.000
P_817 0.000 -195.996 11.000
S_818 -17.098 -90.060 11.000
D_819 -21.132 -475.402 10.000
I_820 0.000 777.529 13.000
S_821 -19.059 -90.060 14.000
S_822 -16.309 -90.060 10.000
N_823 -21.132 -507.047 10.000
L_824 0.000 679.918 11.000
L_825 0.000 679.918 8.000
N_826 -19.866 -507.047 9.000
I_827 0.000 777.529 12.000
R_828 -28.412 -1015.709 12.000
K_829 -14.420 -818.649 8.000
F_830 0.000 560.542 8.000
I_831 0.000 777.529 3.000
L_832 0.000 679.918 0.000
G_833 0.000 -27.649 0.000
