M_1 0.000 401.769 7.000
E_2 -22.253 -605.239 11.000
T_3 -19.613 -90.974 15.000
Q_4 -25.772 -643.904 15.000
N_5 -25.003 -507.047 14.000
L_6 0.000 679.918 11.000
T_7 -13.255 -90.974 7.000
V_8 0.000 613.196 6.000
V_9 0.000 613.196 10.000
T_10 -13.255 -90.974 7.000
E_11 -16.691 -605.239 7.000
F_12 0.000 560.542 7.000
I_13 0.000 777.529 4.000
L_14 0.000 679.918 0.000
L_15 0.000 679.918 0.000
G_16 0.000 -27.649 3.000
L_17 0.000 679.918 7.000
T_18 -16.309 -90.974 10.000
Q_19 -25.003 -643.904 14.000
S_20 -21.060 -90.060 18.000
Q_21 -25.772 -643.904 15.000
D_22 -25.772 -475.402 15.000
A_23 0.000 185.740 12.000
Q_24 -18.409 -643.904 8.000
L_25 0.000 679.918 4.000
L_26 0.000 679.918 4.000
V_27 0.000 613.196 0.000
F_28 0.000 560.542 0.000
V_29 0.000 613.196 0.000
L_30 0.000 679.918 0.000
V_31 0.000 613.196 0.000
L_32 0.000 679.918 0.000
I_33 0.000 777.529 2.000
F_34 0.000 560.542 2.000
Y_35 -1.718 -274.939 2.000
L_36 0.000 679.918 2.000
I_37 0.000 777.529 2.000
I_38 0.000 777.529 0.000
L_39 0.000 679.918 0.000
P_40 0.000 -195.996 4.000
G_41 0.000 -27.649 4.000
N_42 -7.878 -507.047 4.000
F_43 0.000 560.542 4.000
L_44 0.000 679.918 4.000
I_45 0.000 777.529 0.000
I_46 0.000 777.529 3.000
F_47 0.000 560.542 3.000
T_48 -11.867 -90.974 6.000
I_49 0.000 777.529 9.000
K_50 -18.462 -818.649 13.000
S_51 -16.309 -90.060 10.000
D_52 -21.132 -475.402 10.000
P_53 0.000 -195.996 7.000
G_54 0.000 -27.649 7.000
L_55 0.000 679.918 3.000
T_56 -4.441 -90.974 3.000
A_57 0.000 185.740 3.000
P_58 0.000 -195.996 5.000
L_59 0.000 679.918 2.000
Y_60 -1.718 -274.939 2.000
F_61 0.000 560.542 2.000
F_62 0.000 560.542 2.000
L_63 0.000 679.918 4.000
G_64 0.000 -27.649 4.000
N_65 -7.878 -507.047 4.000
L_66 0.000 679.918 4.000
A_67 0.000 185.740 4.000
L_68 0.000 679.918 4.000
L_69 0.000 679.918 4.000
D_70 -16.691 -475.402 7.000
A_71 0.000 185.740 9.000
S_72 -17.811 -90.060 12.000
Y_73 -9.978 -274.939 8.000
S_74 -14.420 -90.060 8.000
F_75 0.000 560.542 5.000
I_76 0.000 777.529 3.000
V_77 0.000 613.196 0.000
V_78 0.000 613.196 5.000
P_79 0.000 -195.996 5.000
R_80 -11.867 -1015.709 5.000
M_81 0.000 401.769 5.000
L_82 0.000 679.918 9.000
V_83 0.000 613.196 4.000
D_84 -7.878 -475.402 4.000
F_85 0.000 560.542 7.000
L_86 0.000 679.918 11.000
S_87 -16.309 -90.060 10.000
E_88 -24.169 -605.239 13.000
K_89 -18.462 -818.649 13.000
K_90 -16.309 -818.649 10.000
V_91 0.000 613.196 9.000
I_92 0.000 777.529 8.000
S_93 -16.309 -90.060 10.000
Y_94 -12.518 -274.939 13.000
R_95 -29.616 -1015.709 13.000
S_96 -16.309 -90.060 10.000
C_97 0.000 322.480 11.000
I_98 0.000 777.529 10.000
T_99 -13.255 -90.974 7.000
Q_100 -16.691 -643.904 7.000
L_101 0.000 679.918 7.000
F_102 0.000 560.542 4.000
F_103 0.000 560.542 2.000
L_104 0.000 679.918 2.000
H_105 -1.718 -583.484 2.000
F_106 0.000 560.542 2.000
L_107 0.000 679.918 2.000
G_108 0.000 -27.649 0.000
A_109 0.000 185.740 4.000
G_110 0.000 -27.649 4.000
E_111 -7.878 -605.239 4.000
M_112 0.000 401.769 4.000
F_113 0.000 560.542 4.000
L_114 0.000 679.918 0.000
L_115 0.000 679.918 0.000
V_116 0.000 613.196 0.000
V_117 0.000 613.196 0.000
M_118 0.000 401.769 0.000
A_119 0.000 185.740 4.000
F_120 0.000 560.542 9.000
D_121 -22.253 -475.402 11.000
R_122 -27.076 -1015.709 11.000
Y_123 -11.652 -274.939 11.000
I_124 0.000 777.529 7.000
A_125 0.000 185.740 2.000
I_126 0.000 777.529 5.000
C_127 0.000 322.480 5.000
R_128 -11.867 -1015.709 5.000
P_129 0.000 -195.996 7.000
L_130 0.000 679.918 9.000
H_131 -9.265 -583.484 7.000
Y_132 -11.154 -274.939 10.000
S_133 -16.309 -90.060 10.000
T_134 -14.420 -90.974 8.000
I_135 0.000 777.529 10.000
M_136 0.000 401.769 7.000
N_137 -19.866 -507.047 9.000
P_138 0.000 -195.996 9.000
R_139 -23.856 -1015.709 9.000
A_140 0.000 185.740 7.000
C_141 0.000 322.480 7.000
Y_142 -1.718 -274.939 2.000
A_143 0.000 185.740 5.000
L_144 0.000 679.918 5.000
S_145 -4.441 -90.060 3.000
L_146 0.000 679.918 3.000
V_147 0.000 613.196 4.000
L_148 0.000 679.918 1.000
W_149 -0.000 -203.500 1.000
L_150 0.000 679.918 1.000
G_151 0.000 -27.649 1.000
G_152 0.000 -27.649 0.000
F_153 0.000 560.542 2.000
I_154 0.000 777.529 5.000
H_155 -7.426 -583.484 5.000
S_156 -10.149 -90.060 5.000
I_157 0.000 777.529 9.000
V_158 0.000 613.196 7.000
Q_159 -7.878 -643.904 4.000
V_160 0.000 613.196 4.000
A_161 0.000 185.740 4.000
L_162 0.000 679.918 0.000
I_163 0.000 777.529 2.000
L_164 0.000 679.918 2.000
H_165 -1.718 -583.484 2.000
L_166 0.000 679.918 2.000
P_167 0.000 -195.996 2.000
F_168 0.000 560.542 0.000
C_169 0.000 322.480 0.000
G_170 0.000 -27.649 4.000
P_171 0.000 -195.996 8.000
N_172 -18.409 -507.047 8.000
Q_173 -23.258 -643.904 12.000
L_174 0.000 679.918 16.000
D_175 -23.258 -475.402 12.000
N_176 -18.409 -507.047 8.000
F_177 0.000 560.542 8.000
F_178 0.000 560.542 8.000
C_179 0.000 322.480 4.000
D_180 -7.878 -475.402 4.000
V_181 0.000 613.196 8.000
P_182 0.000 -195.996 8.000
Q_183 -7.878 -643.904 4.000
V_184 0.000 613.196 7.000
I_185 0.000 777.529 7.000
K_186 -4.441 -818.649 3.000
L_187 0.000 679.918 3.000
A_188 0.000 185.740 6.000
C_189 0.000 322.480 7.000
T_190 -16.309 -90.974 10.000
N_191 -21.132 -507.047 10.000
T_192 -16.309 -90.974 10.000
F_193 0.000 560.542 7.000
V_194 0.000 613.196 7.000
V_195 0.000 613.196 4.000
E_196 -7.878 -605.239 4.000
L_197 0.000 679.918 4.000
L_198 0.000 679.918 4.000
M_199 0.000 401.769 3.000
V_200 0.000 613.196 7.000
S_201 -16.309 -90.060 10.000
N_202 -21.132 -507.047 10.000
S_203 -16.309 -90.060 10.000
G_204 0.000 -27.649 7.000
L_205 0.000 679.918 6.000
L_206 0.000 679.918 3.000
S_207 -4.441 -90.060 3.000
L_208 0.000 679.918 3.000
L_209 0.000 679.918 3.000
C_210 0.000 322.480 0.000
F_211 0.000 560.542 0.000
L_212 0.000 679.918 0.000
G_213 0.000 -27.649 0.000
L_214 0.000 679.918 0.000
L_215 0.000 679.918 3.000
A_216 0.000 185.740 5.000
S_217 -10.149 -90.060 5.000
Y_218 -7.426 -274.939 5.000
A_219 0.000 185.740 5.000
V_220 0.000 613.196 2.000
I_221 0.000 777.529 0.000
L_222 0.000 679.918 5.000
C_223 0.000 322.480 5.000
R_224 -25.574 -1015.709 10.000
I_225 0.000 777.529 14.000
R_226 -32.645 -1015.709 16.000
E_227 -25.003 -605.239 14.000
H_228 -13.896 -583.484 17.000
S_229 -20.127 -90.060 16.000
S_230 -17.811 -90.060 12.000
E_231 -24.169 -605.239 13.000
G_232 0.000 -27.649 13.000
K_233 -18.462 -818.649 13.000
S_234 -15.425 -90.060 9.000
K_235 -15.425 -818.649 9.000
A_236 0.000 185.740 9.000
I_237 0.000 777.529 9.000
S_238 -11.867 -90.060 6.000
T_239 -15.425 -90.974 9.000
C_240 0.000 322.480 12.000
T_241 -17.098 -90.974 11.000
T_242 -14.420 -90.974 8.000
H_243 -9.978 -583.484 8.000
I_244 0.000 777.529 5.000
I_245 0.000 777.529 2.000
I_246 0.000 777.529 0.000
I_247 0.000 777.529 0.000
F_248 0.000 560.542 0.000
L_249 0.000 679.918 0.000
M_250 0.000 401.769 0.000
F_251 0.000 560.542 0.000
G_252 0.000 -27.649 0.000
P_253 0.000 -195.996 0.000
A_254 0.000 185.740 0.000
I_255 0.000 777.529 0.000
F_256 0.000 560.542 2.000
I_257 0.000 777.529 5.000
Y_258 -7.426 -274.939 5.000
T_259 -10.149 -90.974 5.000
C_260 0.000 322.480 5.000
P_261 0.000 -195.996 7.000
F_262 0.000 560.542 4.000
Q_263 -7.878 -643.904 4.000
A_264 0.000 185.740 4.000
F_265 0.000 560.542 4.000
P_266 0.000 -195.996 4.000
A_267 0.000 185.740 7.000
D_268 -16.691 -475.402 7.000
K_269 -13.255 -818.649 7.000
V_270 0.000 613.196 10.000
V_271 0.000 613.196 6.000
S_272 -4.441 -90.060 3.000
L_273 0.000 679.918 5.000
F_274 0.000 560.542 8.000
H_275 -7.426 -583.484 5.000
T_276 -10.149 -90.974 5.000
V_277 0.000 613.196 5.000
I_278 0.000 777.529 3.000
F_279 0.000 560.542 0.000
P_280 0.000 -195.996 0.000
L_281 0.000 679.918 4.000
M_282 0.000 401.769 4.000
N_283 -7.878 -507.047 4.000
P_284 0.000 -195.996 4.000
V_285 0.000 613.196 6.000
I_286 0.000 777.529 5.000
Y_287 -7.426 -274.939 5.000
T_288 -16.309 -90.974 10.000
L_289 0.000 679.918 14.000
R_290 -32.645 -1015.709 16.000
N_291 -27.150 -507.047 17.000
Q_292 -27.150 -643.904 17.000
E_293 -25.772 -605.239 15.000
V_294 0.000 613.196 11.000
K_295 -16.309 -818.649 10.000
A_296 0.000 185.740 6.000
S_297 -17.098 -90.060 11.000
M_298 0.000 401.769 11.000
R_299 -27.076 -1015.709 11.000
K_300 -14.420 -818.649 8.000
L_301 0.000 679.918 11.000
L_302 0.000 679.918 10.000
S_303 -15.425 -90.060 9.000
Q_304 -19.866 -643.904 9.000
H_305 -10.601 -583.484 9.000
M_306 0.000 401.769 6.000
F_307 0.000 560.542 2.000
C_308 0.000 322.480 0.000
