M_1 0.000 401.769 3.000
A_2 0.000 185.740 8.000
K_3 -17.098 -818.649 11.000
R_4 -32.645 -1015.709 16.000
S_5 -20.127 -90.060 16.000
R_6 -29.616 -1015.709 13.000
G_7 0.000 -27.649 8.000
P_8 0.000 -195.996 10.000
G_9 0.000 -27.649 10.000
R_10 -25.574 -1015.709 10.000
R_11 -25.574 -1015.709 10.000
C_12 0.000 322.480 10.000
L_13 0.000 679.918 5.000
L_14 0.000 679.918 0.000
A_15 0.000 185.740 0.000
L_16 0.000 679.918 0.000
V_17 0.000 613.196 0.000
L_18 0.000 679.918 0.000
F_19 0.000 560.542 0.000
C_20 0.000 322.480 1.000
A_21 0.000 185.740 1.000
W_22 -3.436 -203.500 4.000
G_23 0.000 -27.649 4.000
T_24 -7.878 -90.974 4.000
L_25 0.000 679.918 3.000
A_26 0.000 185.740 3.000
V_27 0.000 613.196 0.000
V_28 0.000 613.196 4.000
A_29 0.000 185.740 7.000
Q_30 -16.691 -643.904 7.000
K_31 -13.255 -818.649 7.000
P_32 0.000 -195.996 7.000
G_33 0.000 -27.649 3.000
A_34 0.000 185.740 0.000
G_35 0.000 -27.649 0.000
C_36 0.000 322.480 3.000
P_37 0.000 -195.996 8.000
S_38 -14.420 -90.060 8.000
R_39 -21.845 -1015.709 8.000
C_40 0.000 322.480 8.000
L_41 0.000 679.918 5.000
C_42 0.000 322.480 5.000
F_43 0.000 560.542 8.000
R_44 -27.076 -1015.709 11.000
T_45 -17.098 -90.974 11.000
T_46 -20.127 -90.974 16.000
V_47 0.000 613.196 11.000
R_48 -21.845 -1015.709 8.000
C_49 0.000 322.480 7.000
M_50 0.000 401.769 7.000
H_51 -1.718 -583.484 2.000
L_52 0.000 679.918 2.000
L_53 0.000 679.918 6.000
L_54 0.000 679.918 4.000
E_55 -7.878 -605.239 4.000
A_56 0.000 185.740 4.000
V_57 0.000 613.196 4.000
P_58 0.000 -195.996 0.000
A_59 0.000 185.740 0.000
V_60 0.000 613.196 0.000
A_61 0.000 185.740 4.000
P_62 0.000 -195.996 7.000
Q_63 -21.132 -643.904 10.000
T_64 -16.309 -90.974 10.000
S_65 -16.309 -90.060 10.000
I_66 0.000 777.529 10.000
L_67 0.000 679.918 7.000
D_68 -19.866 -475.402 9.000
L_69 0.000 679.918 9.000
R_70 -29.616 -1015.709 13.000
F_71 0.000 560.542 14.000
N_72 -25.003 -507.047 14.000
R_73 -30.711 -1015.709 14.000
I_74 0.000 777.529 18.000
R_75 -30.711 -1015.709 14.000
E_76 -24.169 -605.239 13.000
I_77 0.000 777.529 13.000
Q_78 -18.409 -643.904 8.000
P_79 0.000 -195.996 4.000
G_80 0.000 -27.649 4.000
A_81 0.000 185.740 5.000
F_82 0.000 560.542 10.000
R_83 -25.574 -1015.709 10.000
R_84 -31.716 -1015.709 15.000
L_85 0.000 679.918 19.000
R_86 -30.711 -1015.709 14.000
N_87 -24.169 -507.047 13.000
L_88 0.000 679.918 16.000
N_89 -22.253 -507.047 11.000
T_90 -13.255 -90.974 7.000
L_91 0.000 679.918 7.000
L_92 0.000 679.918 7.000
L_93 0.000 679.918 8.000
N_94 -23.258 -507.047 12.000
N_95 -26.485 -507.047 16.000
N_96 -26.485 -507.047 16.000
Q_97 -25.772 -643.904 15.000
I_98 0.000 777.529 16.000
K_99 -17.811 -818.649 12.000
R_100 -21.845 -1015.709 8.000
I_101 0.000 777.529 11.000
P_102 0.000 -195.996 8.000
S_103 -4.441 -90.060 3.000
G_104 0.000 -27.649 3.000
A_105 0.000 185.740 7.000
F_106 0.000 560.542 8.000
E_107 -18.409 -605.239 8.000
D_108 -23.258 -475.402 12.000
L_109 0.000 679.918 16.000
E_110 -23.258 -605.239 12.000
N_111 -22.253 -507.047 11.000
L_112 0.000 679.918 13.000
K_113 -15.425 -818.649 9.000
Y_114 -9.265 -274.939 7.000
L_115 0.000 679.918 7.000
Y_116 -8.431 -274.939 6.000
L_117 0.000 679.918 7.000
Y_118 -11.652 -274.939 11.000
K_119 -18.462 -818.649 13.000
N_120 -24.169 -507.047 13.000
E_121 -25.772 -605.239 15.000
I_122 0.000 777.529 15.000
Q_123 -22.253 -643.904 11.000
S_124 -17.098 -90.060 11.000
I_125 0.000 777.529 16.000
D_126 -26.485 -475.402 16.000
R_127 -29.616 -1015.709 13.000
Q_128 -24.169 -643.904 13.000
A_129 0.000 185.740 12.000
F_130 0.000 560.542 7.000
K_131 -4.441 -818.649 3.000
G_132 0.000 -27.649 3.000
L_133 0.000 679.918 6.000
A_134 0.000 185.740 3.000
S_135 -13.255 -90.060 7.000
L_136 0.000 679.918 11.000
E_137 -22.253 -605.239 11.000
Q_138 -21.132 -643.904 10.000
L_139 0.000 679.918 10.000
Y_140 -9.978 -274.939 8.000
L_141 0.000 679.918 4.000
H_142 -9.978 -583.484 8.000
F_143 0.000 560.542 10.000
N_144 -21.132 -507.047 10.000
Q_145 -23.258 -643.904 12.000
I_146 0.000 777.529 15.000
E_147 -22.253 -605.239 11.000
T_148 -17.098 -90.974 11.000
L_149 0.000 679.918 11.000
D_150 -22.253 -475.402 11.000
P_151 0.000 -195.996 11.000
D_152 -22.253 -475.402 11.000
S_153 -17.098 -90.060 11.000
F_154 0.000 560.542 13.000
Q_155 -19.866 -643.904 9.000
H_156 -8.431 -583.484 6.000
L_157 0.000 679.918 9.000
P_158 0.000 -195.996 5.000
K_159 -13.255 -818.649 7.000
L_160 0.000 679.918 12.000
E_161 -23.258 -605.239 12.000
R_162 -23.856 -1015.709 9.000
L_163 0.000 679.918 9.000
F_164 0.000 560.542 7.000
L_165 0.000 679.918 6.000
H_166 -11.154 -583.484 10.000
N_167 -25.772 -507.047 15.000
N_168 -25.772 -507.047 15.000
R_169 -32.645 -1015.709 16.000
I_170 0.000 777.529 14.000
T_171 -16.309 -90.974 10.000
H_172 -7.426 -583.484 5.000
L_173 0.000 679.918 5.000
V_174 0.000 613.196 2.000
P_175 0.000 -195.996 3.000
G_176 0.000 -27.649 3.000
T_177 -13.255 -90.974 7.000
F_178 0.000 560.542 9.000
N_179 -19.866 -507.047 9.000
H_180 -11.154 -583.484 10.000
L_181 0.000 679.918 13.000
E_182 -19.866 -605.239 9.000
S_183 -16.309 -90.060 10.000
M_184 0.000 401.769 15.000
K_185 -17.098 -818.649 11.000
R_186 -29.616 -1015.709 13.000
L_187 0.000 679.918 13.000
R_188 -30.711 -1015.709 14.000
L_189 0.000 679.918 12.000
D_190 -26.485 -475.402 16.000
S_191 -19.059 -90.060 14.000
N_192 -25.003 -507.047 14.000
T_193 -17.811 -90.974 12.000
L_194 0.000 679.918 9.000
H_195 -10.601 -583.484 9.000
C_196 0.000 322.480 6.000
D_197 -21.132 -475.402 10.000
C_198 0.000 322.480 8.000
E_199 -18.409 -605.239 8.000
I_200 0.000 777.529 5.000
L_201 0.000 679.918 5.000
W_202 -0.000 -203.500 1.000
L_203 0.000 679.918 5.000
A_204 0.000 185.740 5.000
D_205 -7.878 -475.402 4.000
L_206 0.000 679.918 7.000
L_207 0.000 679.918 10.000
K_208 -14.420 -818.649 8.000
T_209 -14.420 -90.974 8.000
Y_210 -12.104 -274.939 12.000
A_211 0.000 185.740 12.000
E_212 -19.866 -605.239 9.000
S_213 -17.098 -90.060 11.000
G_214 0.000 -27.649 11.000
N_215 -22.253 -507.047 11.000
A_216 0.000 185.740 8.000
Q_217 -18.409 -643.904 8.000
A_218 0.000 185.740 4.000
A_219 0.000 185.740 4.000
A_220 0.000 185.740 0.000
I_221 0.000 777.529 4.000
C_222 0.000 322.480 6.000
E_223 -14.591 -605.239 6.000
Y_224 -11.652 -274.939 11.000
P_225 0.000 -195.996 16.000
R_226 -28.412 -1015.709 12.000
R_227 -30.711 -1015.709 14.000
I_228 0.000 777.529 14.000
Q_229 -25.003 -643.904 14.000
G_230 0.000 -27.649 12.000
R_231 -28.412 -1015.709 12.000
S_232 -14.420 -90.060 8.000
V_233 0.000 613.196 11.000
A_234 0.000 185.740 6.000
T_235 -11.867 -90.974 6.000
I_236 0.000 777.529 6.000
T_237 -16.309 -90.974 10.000
P_238 0.000 -195.996 11.000
E_239 -22.253 -605.239 11.000
E_240 -23.258 -605.239 12.000
L_241 0.000 679.918 12.000
N_242 -23.258 -507.047 12.000
C_243 0.000 322.480 13.000
E_244 -24.169 -605.239 13.000
R_245 -30.711 -1015.709 14.000
P_246 0.000 -195.996 14.000
R_247 -29.616 -1015.709 13.000
I_248 0.000 777.529 11.000
T_249 -19.613 -90.974 15.000
S_250 -16.309 -90.060 10.000
E_251 -25.003 -605.239 14.000
P_252 0.000 -195.996 15.000
Q_253 -23.258 -643.904 12.000
D_254 -23.258 -475.402 12.000
A_255 0.000 185.740 12.000
D_256 -22.253 -475.402 11.000
V_257 0.000 613.196 10.000
T_258 -16.309 -90.974 10.000
S_259 -16.309 -90.060 10.000
G_260 0.000 -27.649 13.000
N_261 -21.132 -507.047 10.000
T_262 -15.425 -90.974 9.000
V_263 0.000 613.196 9.000
Y_264 -9.978 -274.939 8.000
F_265 0.000 560.542 5.000
T_266 -16.309 -90.974 10.000
C_267 0.000 322.480 8.000
R_268 -28.412 -1015.709 12.000
A_269 0.000 185.740 9.000
E_270 -24.169 -605.239 13.000
G_271 0.000 -27.649 8.000
N_272 -22.253 -507.047 11.000
P_273 0.000 -195.996 7.000
K_274 -17.098 -818.649 11.000
P_275 0.000 -195.996 7.000
E_276 -16.691 -605.239 7.000
I_277 0.000 777.529 5.000
I_278 0.000 777.529 5.000
W_279 -4.441 -203.500 6.000
L_280 0.000 679.918 10.000
R_281 -30.711 -1015.709 14.000
N_282 -27.150 -507.047 17.000
N_283 -29.436 -507.047 21.000
N_284 -26.485 -507.047 16.000
E_285 -25.772 -605.239 15.000
L_286 0.000 679.918 11.000
S_287 -16.309 -90.060 10.000
M_288 0.000 401.769 9.000
K_289 -18.462 -818.649 13.000
T_290 -18.462 -90.974 13.000
D_291 -27.773 -475.402 18.000
S_292 -19.613 -90.060 15.000
R_293 -32.645 -1015.709 16.000
L_294 0.000 679.918 12.000
N_295 -19.866 -507.047 9.000
L_296 0.000 679.918 8.000
L_297 0.000 679.918 12.000
D_298 -18.409 -475.402 8.000
D_299 -22.253 -475.402 11.000
G_300 0.000 -27.649 11.000
T_301 -13.255 -90.974 7.000
L_302 0.000 679.918 3.000
M_303 0.000 401.769 7.000
I_304 0.000 777.529 8.000
Q_305 -22.253 -643.904 11.000
N_306 -25.772 -507.047 15.000
T_307 -21.486 -90.974 19.000
Q_308 -27.773 -643.904 18.000
E_309 -27.773 -605.239 18.000
T_310 -21.486 -90.974 19.000
D_311 -25.772 -475.402 15.000
Q_312 -22.253 -643.904 11.000
G_313 0.000 -27.649 10.000
I_314 0.000 777.529 10.000
Y_315 -8.431 -274.939 6.000
Q_316 -14.591 -643.904 6.000
C_317 0.000 322.480 6.000
M_318 0.000 401.769 7.000
A_319 0.000 185.740 7.000
K_320 -13.255 -818.649 7.000
N_321 -16.691 -507.047 7.000
V_322 0.000 613.196 7.000
A_323 0.000 185.740 8.000
G_324 0.000 -27.649 4.000
E_325 -16.691 -605.239 7.000
V_326 0.000 613.196 10.000
K_327 -19.059 -818.649 14.000
T_328 -19.059 -90.974 14.000
Q_329 -25.003 -643.904 14.000
E_330 -25.003 -605.239 14.000
V_331 0.000 613.196 11.000
T_332 -17.811 -90.974 12.000
L_333 0.000 679.918 10.000
R_334 -25.574 -1015.709 10.000
Y_335 -9.265 -274.939 7.000
F_336 0.000 560.542 10.000
G_337 0.000 -27.649 5.000
S_338 -4.441 -90.060 3.000
P_339 0.000 -195.996 8.000
A_340 0.000 185.740 8.000
R_341 -21.845 -1015.709 8.000
P_342 0.000 -195.996 8.000
T_343 -14.420 -90.974 8.000
F_344 0.000 560.542 3.000
V_345 0.000 613.196 7.000
I_346 0.000 777.529 4.000
Q_347 -18.409 -643.904 8.000
P_348 0.000 -195.996 12.000
Q_349 -25.772 -643.904 15.000
N_350 -25.772 -507.047 15.000
T_351 -19.613 -90.974 15.000
E_352 -22.253 -605.239 11.000
V_353 0.000 613.196 7.000
L_354 0.000 679.918 4.000
V_355 0.000 613.196 4.000
G_356 0.000 -27.649 7.000
E_357 -16.691 -605.239 7.000
S_358 -16.309 -90.060 10.000
V_359 0.000 613.196 10.000
T_360 -16.309 -90.974 10.000
L_361 0.000 679.918 7.000
E_362 -21.132 -605.239 10.000
C_363 0.000 322.480 7.000
S_364 -16.309 -90.060 10.000
A_365 0.000 185.740 6.000
T_366 -14.420 -90.974 8.000
G_367 0.000 -27.649 5.000
H_368 -7.426 -583.484 5.000
P_369 0.000 -195.996 2.000
P_370 0.000 -195.996 7.000
P_371 0.000 -195.996 5.000
R_372 -21.845 -1015.709 8.000
I_373 0.000 777.529 9.000
S_374 -17.811 -90.060 12.000
W_375 -6.160 -203.500 12.000
T_376 -17.811 -90.974 12.000
R_377 -29.616 -1015.709 13.000
G_378 0.000 -27.649 17.000
D_379 -27.150 -475.402 17.000
R_380 -28.412 -1015.709 12.000
T_381 -17.811 -90.974 12.000
P_382 0.000 -195.996 8.000
L_383 0.000 679.918 3.000
P_384 0.000 -195.996 4.000
V_385 0.000 613.196 4.000
D_386 -19.866 -475.402 9.000
P_387 0.000 -195.996 9.000
R_388 -29.616 -1015.709 13.000
V_389 0.000 613.196 9.000
N_390 -23.258 -507.047 12.000
I_391 0.000 777.529 7.000
T_392 -16.309 -90.974 10.000
P_393 0.000 -195.996 6.000
S_394 -11.867 -90.060 6.000
G_395 0.000 -27.649 3.000
G_396 0.000 -27.649 5.000
L_397 0.000 679.918 2.000
Y_398 -8.431 -274.939 6.000
I_399 0.000 777.529 10.000
Q_400 -21.132 -643.904 10.000
N_401 -18.409 -507.047 8.000
V_402 0.000 613.196 12.000
V_403 0.000 613.196 8.000
Q_404 -18.409 -643.904 8.000
G_405 0.000 -27.649 11.000
D_406 -22.253 -475.402 11.000
S_407 -17.098 -90.060 11.000
G_408 0.000 -27.649 13.000
E_409 -19.866 -605.239 9.000
Y_410 -8.431 -274.939 6.000
A_411 0.000 185.740 9.000
C_412 0.000 322.480 5.000
S_413 -11.867 -90.060 6.000
A_414 0.000 185.740 10.000
T_415 -19.059 -90.974 14.000
N_416 -22.253 -507.047 11.000
N_417 -25.772 -507.047 15.000
I_418 0.000 777.529 15.000
D_419 -22.253 -475.402 11.000
S_420 -15.425 -90.060 9.000
V_421 0.000 613.196 9.000
H_422 -9.978 -583.484 8.000
A_423 0.000 185.740 5.000
T_424 -10.149 -90.974 5.000
A_425 0.000 185.740 3.000
F_426 0.000 560.542 3.000
I_427 0.000 777.529 0.000
I_428 0.000 777.529 4.000
V_429 0.000 613.196 4.000
Q_430 -7.878 -643.904 4.000
A_431 0.000 185.740 4.000
L_432 0.000 679.918 8.000
P_433 0.000 -195.996 4.000
Q_434 -16.691 -643.904 7.000
F_435 0.000 560.542 7.000
T_436 -16.309 -90.974 10.000
V_437 0.000 613.196 6.000
T_438 -16.309 -90.974 10.000
P_439 0.000 -195.996 11.000
Q_440 -26.485 -643.904 16.000
D_441 -24.169 -475.402 13.000
R_442 -29.616 -1015.709 13.000
V_443 0.000 613.196 9.000
V_444 0.000 613.196 9.000
I_445 0.000 777.529 4.000
E_446 -18.409 -605.239 8.000
G_447 0.000 -27.649 11.000
Q_448 -22.253 -643.904 11.000
T_449 -17.098 -90.974 11.000
V_450 0.000 613.196 11.000
D_451 -22.253 -475.402 11.000
F_452 0.000 560.542 8.000
Q_453 -23.258 -643.904 12.000
C_454 0.000 322.480 8.000
E_455 -22.253 -605.239 11.000
A_456 0.000 185.740 7.000
K_457 -17.098 -818.649 11.000
G_458 0.000 -27.649 7.000
N_459 -16.691 -507.047 7.000
P_460 0.000 -195.996 4.000
P_461 0.000 -195.996 4.000
P_462 0.000 -195.996 0.000
V_463 0.000 613.196 0.000
I_464 0.000 777.529 1.000
A_465 0.000 185.740 4.000
W_466 -4.824 -203.500 7.000
T_467 -13.255 -90.974 7.000
K_468 -13.255 -818.649 7.000
G_469 0.000 -27.649 9.000
G_470 0.000 -27.649 10.000
S_471 -13.255 -90.060 7.000
Q_472 -21.132 -643.904 10.000
L_473 0.000 679.918 10.000
S_474 -17.098 -90.060 11.000
V_475 0.000 613.196 12.000
D_476 -27.150 -475.402 17.000
R_477 -32.645 -1015.709 16.000
R_478 -32.645 -1015.709 16.000
H_479 -12.104 -583.484 12.000
L_480 0.000 679.918 7.000
V_481 0.000 613.196 5.000
L_482 0.000 679.918 6.000
S_483 -11.867 -90.060 6.000
S_484 -15.425 -90.060 9.000
G_485 0.000 -27.649 9.000
T_486 -17.098 -90.974 11.000
L_487 0.000 679.918 8.000
R_488 -27.076 -1015.709 11.000
I_489 0.000 777.529 8.000
S_490 -14.420 -90.060 8.000
G_491 0.000 -27.649 3.000
V_492 0.000 613.196 3.000
A_493 0.000 185.740 2.000
L_494 0.000 679.918 6.000
H_495 -11.154 -583.484 10.000
D_496 -21.132 -475.402 10.000
Q_497 -25.003 -643.904 14.000
G_498 0.000 -27.649 14.000
Q_499 -25.003 -643.904 14.000
Y_500 -11.154 -274.939 10.000
E_501 -25.003 -605.239 14.000
C_502 0.000 322.480 10.000
Q_503 -18.409 -643.904 8.000
A_504 0.000 185.740 8.000
V_505 0.000 613.196 8.000
N_506 -7.878 -507.047 4.000
I_507 0.000 777.529 4.000
I_508 0.000 777.529 7.000
G_509 0.000 -27.649 7.000
S_510 -16.309 -90.060 10.000
Q_511 -21.132 -643.904 10.000
K_512 -16.309 -818.649 10.000
V_513 0.000 613.196 7.000
V_514 0.000 613.196 5.000
A_515 0.000 185.740 2.000
H_516 -7.426 -583.484 5.000
L_517 0.000 679.918 5.000
T_518 -15.425 -90.974 9.000
V_519 0.000 613.196 7.000
Q_520 -23.258 -643.904 12.000
P_521 0.000 -195.996 9.000
R_522 -28.412 -1015.709 12.000
V_523 0.000 613.196 8.000
T_524 -14.420 -90.974 8.000
P_525 0.000 -195.996 3.000
V_526 0.000 613.196 3.000
F_527 0.000 560.542 3.000
A_528 0.000 185.740 3.000
S_529 -4.441 -90.060 3.000
I_530 0.000 777.529 6.000
P_531 0.000 -195.996 10.000
S_532 -16.309 -90.060 10.000
D_533 -24.169 -475.402 13.000
T_534 -18.462 -90.974 13.000
T_535 -19.059 -90.974 14.000
V_536 0.000 613.196 10.000
E_537 -16.691 -605.239 7.000
V_538 0.000 613.196 4.000
G_539 0.000 -27.649 8.000
A_540 0.000 185.740 4.000
N_541 -18.409 -507.047 8.000
V_542 0.000 613.196 8.000
Q_543 -18.409 -643.904 8.000
L_544 0.000 679.918 4.000
P_545 0.000 -195.996 7.000
C_546 0.000 322.480 6.000
S_547 -16.309 -90.060 10.000
S_548 -16.309 -90.060 10.000
Q_549 -25.003 -643.904 14.000
G_550 0.000 -27.649 11.000
E_551 -23.258 -605.239 12.000
P_552 0.000 -195.996 8.000
E_553 -18.409 -605.239 8.000
P_554 0.000 -195.996 4.000
A_555 0.000 185.740 7.000
I_556 0.000 777.529 4.000
T_557 -14.420 -90.974 8.000
W_558 -5.944 -203.500 11.000
N_559 -25.772 -507.047 15.000
K_560 -17.811 -818.649 12.000
D_561 -22.253 -475.402 11.000
G_562 0.000 -27.649 11.000
V_563 0.000 613.196 8.000
Q_564 -16.691 -643.904 7.000
V_565 0.000 613.196 11.000
T_566 -19.059 -90.974 14.000
E_567 -21.132 -605.239 10.000
S_568 -18.462 -90.060 13.000
G_569 0.000 -27.649 10.000
K_570 -14.420 -818.649 8.000
F_571 0.000 560.542 5.000
H_572 -9.978 -583.484 8.000
I_573 0.000 777.529 5.000
S_574 -15.425 -90.060 9.000
P_575 0.000 -195.996 7.000
E_576 -16.691 -605.239 7.000
G_577 0.000 -27.649 4.000
F_578 0.000 560.542 7.000
L_579 0.000 679.918 3.000
T_580 -13.255 -90.974 7.000
I_581 0.000 777.529 11.000
N_582 -22.253 -507.047 11.000
D_583 -18.409 -475.402 8.000
V_584 0.000 613.196 8.000
G_585 0.000 -27.649 4.000
P_586 0.000 -195.996 4.000
A_587 0.000 185.740 4.000
D_588 -7.878 -475.402 4.000
A_589 0.000 185.740 9.000
G_590 0.000 -27.649 11.000
R_591 -27.076 -1015.709 11.000
Y_592 -11.652 -274.939 11.000
E_593 -22.253 -605.239 11.000
C_594 0.000 322.480 6.000
V_595 0.000 613.196 9.000
A_596 0.000 185.740 9.000
R_597 -28.412 -1015.709 12.000
N_598 -23.258 -507.047 12.000
T_599 -17.811 -90.974 12.000
I_600 0.000 777.529 10.000
G_601 0.000 -27.649 6.000
S_602 -11.867 -90.060 6.000
A_603 0.000 185.740 6.000
S_604 -15.425 -90.060 9.000
V_605 0.000 613.196 6.000
S_606 -11.867 -90.060 6.000
M_607 0.000 401.769 3.000
V_608 0.000 613.196 6.000
L_609 0.000 679.918 3.000
S_610 -13.255 -90.060 7.000
V_611 0.000 613.196 7.000
N_612 -16.691 -507.047 7.000
V_613 0.000 613.196 8.000
P_614 0.000 -195.996 8.000
D_615 -16.691 -475.402 7.000
V_616 0.000 613.196 12.000
S_617 -20.127 -90.060 16.000
R_618 -28.412 -1015.709 12.000
N_619 -26.485 -507.047 16.000
G_620 0.000 -27.649 13.000
D_621 -18.409 -475.402 8.000
P_622 0.000 -195.996 4.000
F_623 0.000 560.542 4.000
V_624 0.000 613.196 3.000
A_625 0.000 185.740 6.000
T_626 -11.867 -90.974 6.000
S_627 -11.867 -90.060 6.000
I_628 0.000 777.529 10.000
V_629 0.000 613.196 7.000
E_630 -7.878 -605.239 4.000
A_631 0.000 185.740 4.000
I_632 0.000 777.529 7.000
A_633 0.000 185.740 3.000
T_634 -13.255 -90.974 7.000
V_635 0.000 613.196 12.000
D_636 -23.258 -475.402 12.000
R_637 -23.856 -1015.709 9.000
A_638 0.000 185.740 13.000
I_639 0.000 777.529 12.000
N_640 -21.132 -507.047 10.000
S_641 -19.613 -90.060 15.000
T_642 -21.060 -90.974 18.000
R_643 -32.645 -1015.709 16.000
T_644 -18.462 -90.974 13.000
H_645 -11.154 -583.484 10.000
L_646 0.000 679.918 9.000
F_647 0.000 560.542 9.000
D_648 -23.258 -475.402 12.000
S_649 -17.811 -90.060 12.000
R_650 -33.508 -1015.709 17.000
P_651 0.000 -195.996 16.000
R_652 -29.616 -1015.709 13.000
S_653 -17.811 -90.060 12.000
P_654 0.000 -195.996 16.000
N_655 -22.253 -507.047 11.000
D_656 -18.409 -475.402 8.000
L_657 0.000 679.918 8.000
L_658 0.000 679.918 4.000
A_659 0.000 185.740 0.000
L_660 0.000 679.918 5.000
F_661 0.000 560.542 7.000
R_662 -19.414 -1015.709 7.000
Y_663 -12.104 -274.939 12.000
P_664 0.000 -195.996 16.000
R_665 -27.076 -1015.709 11.000
D_666 -22.253 -475.402 11.000
P_667 0.000 -195.996 14.000
Y_668 -10.601 -274.939 9.000
T_669 -15.425 -90.974 9.000
V_670 0.000 613.196 13.000
E_671 -22.253 -605.239 11.000
Q_672 -24.169 -643.904 13.000
A_673 0.000 185.740 13.000
R_674 -23.856 -1015.709 9.000
A_675 0.000 185.740 9.000
G_676 0.000 -27.649 9.000
E_677 -7.878 -605.239 4.000
I_678 0.000 777.529 8.000
F_679 0.000 560.542 13.000
E_680 -23.258 -605.239 12.000
R_681 -28.412 -1015.709 12.000
T_682 -20.127 -90.974 16.000
L_683 0.000 679.918 12.000
Q_684 -16.691 -643.904 7.000
L_685 0.000 679.918 8.000
I_686 0.000 777.529 12.000
Q_687 -21.132 -643.904 10.000
E_688 -21.132 -605.239 10.000
H_689 -12.900 -583.484 14.000
V_690 0.000 613.196 12.000
Q_691 -18.409 -643.904 8.000
H_692 -8.431 -583.484 6.000
G_693 0.000 -27.649 6.000
L_694 0.000 679.918 2.000
M_695 0.000 401.769 4.000
V_696 0.000 613.196 4.000
D_697 -18.409 -475.402 8.000
L_698 0.000 679.918 8.000
N_699 -22.253 -507.047 11.000
G_700 0.000 -27.649 10.000
T_701 -17.811 -90.974 12.000
S_702 -16.309 -90.060 10.000
Y_703 -12.104 -274.939 12.000
H_704 -12.518 -583.484 13.000
Y_705 -12.900 -274.939 14.000
N_706 -23.258 -507.047 12.000
D_707 -21.132 -475.402 10.000
L_708 0.000 679.918 11.000
V_709 0.000 613.196 7.000
S_710 -13.255 -90.060 7.000
P_711 0.000 -195.996 9.000
Q_712 -19.866 -643.904 9.000
Y_713 -11.154 -274.939 10.000
L_714 0.000 679.918 10.000
N_715 -14.591 -507.047 6.000
L_716 0.000 679.918 4.000
I_717 0.000 777.529 8.000
A_718 0.000 185.740 4.000
N_719 -16.691 -507.047 7.000
L_720 0.000 679.918 7.000
S_721 -13.255 -90.060 7.000
G_722 0.000 -27.649 6.000
C_723 0.000 322.480 6.000
T_724 -10.149 -90.974 5.000
A_725 0.000 185.740 10.000
H_726 -13.255 -583.484 15.000
R_727 -28.412 -1015.709 12.000
R_728 -32.645 -1015.709 16.000
V_729 0.000 613.196 18.000
N_730 -24.169 -507.047 13.000
N_731 -22.253 -507.047 11.000
C_732 0.000 322.480 15.000
S_733 -17.098 -90.060 11.000
D_734 -16.691 -475.402 7.000
M_735 0.000 401.769 7.000
C_736 0.000 322.480 6.000
F_737 0.000 560.542 6.000
H_738 -10.601 -583.484 9.000
Q_739 -22.253 -643.904 11.000
K_740 -20.127 -818.649 16.000
Y_741 -13.896 -274.939 17.000
R_742 -31.716 -1015.709 15.000
T_743 -20.127 -90.974 16.000
H_744 -12.900 -583.484 14.000
D_745 -23.258 -475.402 12.000
G_746 0.000 -27.649 9.000
T_747 -17.098 -90.974 11.000
C_748 0.000 322.480 11.000
N_749 -22.253 -507.047 11.000
N_750 -23.258 -507.047 12.000
L_751 0.000 679.918 14.000
Q_752 -21.132 -643.904 10.000
H_753 -8.431 -583.484 6.000
P_754 0.000 -195.996 7.000
M_755 0.000 401.769 3.000
W_756 -0.000 -203.500 1.000
G_757 0.000 -27.649 4.000
A_758 0.000 185.740 4.000
S_759 -11.867 -90.060 6.000
L_760 0.000 679.918 6.000
T_761 -11.867 -90.974 6.000
A_762 0.000 185.740 7.000
F_763 0.000 560.542 12.000
E_764 -19.866 -605.239 9.000
R_765 -23.856 -1015.709 9.000
L_766 0.000 679.918 12.000
L_767 0.000 679.918 11.000
K_768 -11.867 -818.649 6.000
S_769 -14.420 -90.060 8.000
V_770 0.000 613.196 12.000
Y_771 -12.518 -274.939 13.000
E_772 -21.132 -605.239 10.000
N_773 -21.132 -507.047 10.000
G_774 0.000 -27.649 12.000
F_775 0.000 560.542 11.000
N_776 -16.691 -507.047 7.000
T_777 -17.811 -90.974 12.000
P_778 0.000 -195.996 12.000
R_779 -21.845 -1015.709 8.000
G_780 0.000 -27.649 9.000
I_781 0.000 777.529 9.000
N_782 -14.591 -507.047 6.000
P_783 0.000 -195.996 11.000
H_784 -11.652 -583.484 11.000
R_785 -23.856 -1015.709 9.000
L_786 0.000 679.918 13.000
Y_787 -11.652 -274.939 11.000
N_788 -18.409 -507.047 8.000
G_789 0.000 -27.649 8.000
H_790 -8.431 -583.484 6.000
A_791 0.000 185.740 2.000
L_792 0.000 679.918 2.000
P_793 0.000 -195.996 0.000
M_794 0.000 401.769 5.000
P_795 0.000 -195.996 5.000
R_796 -11.867 -1015.709 5.000
L_797 0.000 679.918 8.000
V_798 0.000 613.196 11.000
S_799 -15.425 -90.060 9.000
T_800 -15.425 -90.974 9.000
T_801 -15.425 -90.974 9.000
L_802 0.000 679.918 6.000
I_803 0.000 777.529 6.000
G_804 0.000 -27.649 7.000
T_805 -16.309 -90.974 10.000
E_806 -21.132 -605.239 10.000
T_807 -18.462 -90.974 13.000
V_808 0.000 613.196 10.000
T_809 -16.309 -90.974 10.000
P_810 0.000 -195.996 11.000
D_811 -25.772 -475.402 15.000
E_812 -23.258 -605.239 12.000
Q_813 -25.772 -643.904 15.000
F_814 0.000 560.542 13.000
T_815 -15.425 -90.974 9.000
H_816 -7.426 -583.484 5.000
M_817 0.000 401.769 5.000
L_818 0.000 679.918 6.000
M_819 0.000 401.769 5.000
Q_820 -11.867 -643.904 5.000
W_821 -5.447 -203.500 9.000
G_822 0.000 -27.649 9.000
Q_823 -11.867 -643.904 5.000
F_824 0.000 560.542 8.000
L_825 0.000 679.918 10.000
D_826 -21.132 -475.402 10.000
H_827 -11.154 -583.484 10.000
D_828 -25.003 -475.402 14.000
L_829 0.000 679.918 13.000
D_830 -25.003 -475.402 14.000
S_831 -16.309 -90.060 10.000
T_832 -16.309 -90.974 10.000
V_833 0.000 613.196 6.000
V_834 0.000 613.196 3.000
A_835 0.000 185.740 3.000
L_836 0.000 679.918 7.000
S_837 -13.255 -90.060 7.000
Q_838 -23.258 -643.904 12.000
A_839 0.000 185.740 12.000
R_840 -28.412 -1015.709 12.000
F_841 0.000 560.542 12.000
S_842 -17.811 -90.060 12.000
D_843 -22.253 -475.402 11.000
G_844 0.000 -27.649 13.000
Q_845 -21.132 -643.904 10.000
H_846 -10.601 -583.484 9.000
C_847 0.000 322.480 13.000
S_848 -15.425 -90.060 9.000
N_849 -16.691 -507.047 7.000
V_850 0.000 613.196 10.000
C_851 0.000 322.480 11.000
S_852 -17.098 -90.060 11.000
N_853 -22.253 -507.047 11.000
D_854 -22.253 -475.402 11.000
P_855 0.000 -195.996 8.000
P_856 0.000 -195.996 4.000
C_857 0.000 322.480 3.000
F_858 0.000 560.542 3.000
S_859 -4.441 -90.060 3.000
V_860 0.000 613.196 3.000
M_861 0.000 401.769 3.000
I_862 0.000 777.529 0.000
P_863 0.000 -195.996 4.000
P_864 0.000 -195.996 8.000
N_865 -22.253 -507.047 11.000
D_866 -26.485 -475.402 16.000
S_867 -20.127 -90.060 16.000
R_868 -33.508 -1015.709 17.000
A_869 0.000 185.740 16.000
R_870 -29.616 -1015.709 13.000
S_871 -14.420 -90.060 8.000
G_872 0.000 -27.649 13.000
A_873 0.000 185.740 8.000
R_874 -11.867 -1015.709 5.000
C_875 0.000 322.480 5.000
M_876 0.000 401.769 5.000
F_877 0.000 560.542 0.000
F_878 0.000 560.542 5.000
V_879 0.000 613.196 8.000
R_880 -27.076 -1015.709 11.000
S_881 -17.098 -90.060 11.000
S_882 -17.098 -90.060 11.000
P_883 0.000 -195.996 6.000
V_884 0.000 613.196 3.000
C_885 0.000 322.480 3.000
G_886 0.000 -27.649 3.000
S_887 -4.441 -90.060 3.000
G_888 0.000 -27.649 6.000
M_889 0.000 401.769 9.000
T_890 -11.867 -90.974 6.000
S_891 -11.867 -90.060 6.000
L_892 0.000 679.918 6.000
L_893 0.000 679.918 7.000
M_894 0.000 401.769 7.000
N_895 -16.691 -507.047 7.000
S_896 -15.425 -90.060 9.000
V_897 0.000 613.196 9.000
Y_898 -11.154 -274.939 10.000
P_899 0.000 -195.996 11.000
R_900 -31.716 -1015.709 15.000
E_901 -24.169 -605.239 13.000
Q_902 -27.150 -643.904 17.000
I_903 0.000 777.529 16.000
N_904 -23.258 -507.047 12.000
Q_905 -22.253 -643.904 11.000
L_906 0.000 679.918 14.000
T_907 -17.811 -90.974 12.000
S_908 -14.420 -90.060 8.000
Y_909 -12.104 -274.939 12.000
I_910 0.000 777.529 9.000
D_911 -19.866 -475.402 9.000
A_912 0.000 185.740 11.000
S_913 -17.098 -90.060 11.000
N_914 -19.866 -507.047 9.000
V_915 0.000 613.196 9.000
Y_916 -10.601 -274.939 9.000
G_917 0.000 -27.649 8.000
S_918 -17.811 -90.060 12.000
T_919 -17.811 -90.974 12.000
E_920 -26.485 -605.239 16.000
H_921 -12.518 -583.484 13.000
E_922 -25.772 -605.239 15.000
A_923 0.000 185.740 14.000
R_924 -28.412 -1015.709 12.000
S_925 -18.462 -90.060 13.000
I_926 0.000 777.529 17.000
R_927 -28.412 -1015.709 12.000
D_928 -19.866 -475.402 9.000
L_929 0.000 679.918 12.000
A_930 0.000 185.740 9.000
S_931 -16.309 -90.060 10.000
H_932 -11.154 -583.484 10.000
R_933 -25.574 -1015.709 10.000
G_934 0.000 -27.649 7.000
L_935 0.000 679.918 10.000
L_936 0.000 679.918 9.000
R_937 -23.856 -1015.709 9.000
Q_938 -19.866 -643.904 9.000
G_939 0.000 -27.649 9.000
I_940 0.000 777.529 8.000
V_941 0.000 613.196 9.000
Q_942 -23.258 -643.904 12.000
R_943 -28.412 -1015.709 12.000
S_944 -19.613 -90.060 15.000
G_945 0.000 -27.649 11.000
K_946 -11.867 -818.649 6.000
P_947 0.000 -195.996 3.000
L_948 0.000 679.918 3.000
L_949 0.000 679.918 0.000
P_950 0.000 -195.996 0.000
F_951 0.000 560.542 3.000
A_952 0.000 185.740 3.000
T_953 -4.441 -90.974 3.000
G_954 0.000 -27.649 3.000
P_955 0.000 -195.996 6.000
P_956 0.000 -195.996 7.000
T_957 -13.255 -90.974 7.000
E_958 -16.691 -605.239 7.000
C_959 0.000 322.480 12.000
M_960 0.000 401.769 13.000
R_961 -29.616 -1015.709 13.000
D_962 -27.150 -475.402 17.000
E_963 -29.436 -605.239 21.000
N_964 -28.359 -507.047 19.000
E_965 -25.772 -605.239 15.000
S_966 -17.098 -90.060 11.000
P_967 0.000 -195.996 7.000
I_968 0.000 777.529 3.000
P_969 0.000 -195.996 0.000
C_970 0.000 322.480 0.000
F_971 0.000 560.542 0.000
L_972 0.000 679.918 0.000
A_973 0.000 185.740 4.000
G_974 0.000 -27.649 6.000
D_975 -22.253 -475.402 11.000
H_976 -11.652 -583.484 11.000
R_977 -31.716 -1015.709 15.000
A_978 0.000 185.740 15.000
N_979 -27.150 -507.047 17.000
E_980 -23.258 -605.239 12.000
Q_981 -23.258 -643.904 12.000
L_982 0.000 679.918 8.000
G_983 0.000 -27.649 7.000
L_984 0.000 679.918 6.000
T_985 -11.867 -90.974 6.000
S_986 -14.420 -90.060 8.000
M_987 0.000 401.769 11.000
H_988 -9.978 -583.484 8.000
T_989 -11.867 -90.974 6.000
L_990 0.000 679.918 6.000
W_991 -5.447 -203.500 9.000
F_992 0.000 560.542 10.000
R_993 -28.412 -1015.709 12.000
E_994 -25.772 -605.239 15.000
H_995 -14.725 -583.484 20.000
N_996 -25.772 -507.047 15.000
R_997 -27.076 -1015.709 11.000
I_998 0.000 777.529 12.000
A_999 0.000 185.740 12.000
T_1000 -13.255 -90.974 7.000
E_1001 -16.691 -605.239 7.000
L_1002 0.000 679.918 10.000
L_1003 0.000 679.918 7.000
K_1004 -13.255 -818.649 7.000
L_1005 0.000 679.918 7.000
N_1006 -19.866 -507.047 9.000
P_1007 0.000 -195.996 7.000
H_1008 -11.652 -583.484 11.000
W_1009 -4.824 -203.500 7.000
D_1010 -22.253 -475.402 11.000
G_1011 0.000 -27.649 12.000
D_1012 -22.253 -475.402 11.000
T_1013 -15.425 -90.974 9.000
I_1014 0.000 777.529 11.000
Y_1015 -11.652 -274.939 11.000
Y_1016 -11.652 -274.939 11.000
E_1017 -26.485 -605.239 16.000
T_1018 -20.609 -90.974 17.000
R_1019 -31.716 -1015.709 15.000
K_1020 -17.098 -818.649 11.000
I_1021 0.000 777.529 8.000
V_1022 0.000 613.196 3.000
G_1023 0.000 -27.649 4.000
A_1024 0.000 185.740 4.000
E_1025 -18.409 -605.239 8.000
I_1026 0.000 777.529 10.000
Q_1027 -21.132 -643.904 10.000
H_1028 -10.601 -583.484 9.000
I_1029 0.000 777.529 11.000
T_1030 -17.098 -90.974 11.000
Y_1031 -11.652 -274.939 11.000
Q_1032 -23.258 -643.904 12.000
H_1033 -10.601 -583.484 9.000
W_1034 -4.824 -203.500 7.000
L_1035 0.000 679.918 6.000
P_1036 0.000 -195.996 4.000
K_1037 -4.441 -818.649 3.000
I_1038 0.000 777.529 3.000
L_1039 0.000 679.918 7.000
G_1040 0.000 -27.649 4.000
E_1041 -7.878 -605.239 4.000
V_1042 0.000 613.196 4.000
G_1043 0.000 -27.649 9.000
M_1044 0.000 401.769 8.000
R_1045 -21.845 -1015.709 8.000
T_1046 -14.420 -90.974 8.000
L_1047 0.000 679.918 12.000
G_1048 0.000 -27.649 9.000
E_1049 -18.409 -605.239 8.000
Y_1050 -9.978 -274.939 8.000
H_1051 -11.154 -583.484 10.000
G_1052 0.000 -27.649 10.000
Y_1053 -9.978 -274.939 8.000
D_1054 -14.591 -475.402 6.000
P_1055 0.000 -195.996 6.000
G_1056 0.000 -27.649 8.000
I_1057 0.000 777.529 4.000
N_1058 -7.878 -507.047 4.000
A_1059 0.000 185.740 4.000
G_1060 0.000 -27.649 4.000
I_1061 0.000 777.529 4.000
F_1062 0.000 560.542 4.000
N_1063 -7.878 -507.047 4.000
A_1064 0.000 185.740 4.000
F_1065 0.000 560.542 7.000
A_1066 0.000 185.740 3.000
T_1067 -4.441 -90.974 3.000
A_1068 0.000 185.740 3.000
A_1069 0.000 185.740 8.000
F_1070 0.000 560.542 5.000
R_1071 -11.867 -1015.709 5.000
F_1072 0.000 560.542 7.000
G_1073 0.000 -27.649 10.000
H_1074 -7.426 -583.484 5.000
T_1075 -10.149 -90.974 5.000
L_1076 0.000 679.918 9.000
V_1077 0.000 613.196 7.000
N_1078 -7.878 -507.047 4.000
P_1079 0.000 -195.996 4.000
L_1080 0.000 679.918 6.000
L_1081 0.000 679.918 7.000
Y_1082 -9.265 -274.939 7.000
R_1083 -27.076 -1015.709 11.000
L_1084 0.000 679.918 15.000
D_1085 -27.150 -475.402 17.000
E_1086 -23.258 -605.239 12.000
N_1087 -26.485 -507.047 16.000
F_1088 0.000 560.542 12.000
Q_1089 -18.409 -643.904 8.000
P_1090 0.000 -195.996 4.000
I_1091 0.000 777.529 8.000
A_1092 0.000 185.740 8.000
Q_1093 -21.132 -643.904 10.000
D_1094 -21.132 -475.402 10.000
H_1095 -11.154 -583.484 10.000
L_1096 0.000 679.918 6.000
P_1097 0.000 -195.996 4.000
L_1098 0.000 679.918 5.000
H_1099 -7.426 -583.484 5.000
K_1100 -10.149 -818.649 5.000
A_1101 0.000 185.740 5.000
F_1102 0.000 560.542 6.000
F_1103 0.000 560.542 3.000
S_1104 -4.441 -90.060 3.000
P_1105 0.000 -195.996 8.000
F_1106 0.000 560.542 8.000
R_1107 -11.867 -1015.709 5.000
I_1108 0.000 777.529 9.000
V_1109 0.000 613.196 13.000
N_1110 -18.409 -507.047 8.000
E_1111 -18.409 -605.239 8.000
G_1112 0.000 -27.649 8.000
G_1113 0.000 -27.649 8.000
I_1114 0.000 777.529 4.000
D_1115 -7.878 -475.402 4.000
P_1116 0.000 -195.996 4.000
L_1117 0.000 679.918 9.000
L_1118 0.000 679.918 5.000
R_1119 -11.867 -1015.709 5.000
G_1120 0.000 -27.649 5.000
L_1121 0.000 679.918 5.000
F_1122 0.000 560.542 0.000
G_1123 0.000 -27.649 0.000
V_1124 0.000 613.196 0.000
A_1125 0.000 185.740 3.000
G_1126 0.000 -27.649 3.000
K_1127 -14.420 -818.649 8.000
M_1128 0.000 401.769 8.000
R_1129 -21.845 -1015.709 8.000
V_1130 0.000 613.196 8.000
P_1131 0.000 -195.996 12.000
S_1132 -13.255 -90.060 7.000
Q_1133 -16.691 -643.904 7.000
L_1134 0.000 679.918 11.000
L_1135 0.000 679.918 11.000
N_1136 -22.253 -507.047 11.000
T_1137 -17.098 -90.974 11.000
E_1138 -25.003 -605.239 14.000
L_1139 0.000 679.918 14.000
T_1140 -20.127 -90.974 16.000
E_1141 -23.258 -605.239 12.000
R_1142 -28.412 -1015.709 12.000
L_1143 0.000 679.918 12.000
F_1144 0.000 560.542 8.000
S_1145 -4.441 -90.060 3.000
M_1146 0.000 401.769 5.000
A_1147 0.000 185.740 8.000
H_1148 -7.426 -583.484 5.000
T_1149 -10.149 -90.974 5.000
V_1150 0.000 613.196 5.000
A_1151 0.000 185.740 7.000
L_1152 0.000 679.918 4.000
D_1153 -7.878 -475.402 4.000
L_1154 0.000 679.918 4.000
A_1155 0.000 185.740 4.000
A_1156 0.000 185.740 4.000
I_1157 0.000 777.529 4.000
N_1158 -18.409 -507.047 8.000
I_1159 0.000 777.529 13.000
Q_1160 -24.169 -643.904 13.000
R_1161 -30.711 -1015.709 14.000
G_1162 0.000 -27.649 18.000
R_1163 -32.645 -1015.709 16.000
D_1164 -22.253 -475.402 11.000
H_1165 -11.652 -583.484 11.000
G_1166 0.000 -27.649 6.000
I_1167 0.000 777.529 2.000
P_1168 0.000 -195.996 2.000
P_1169 0.000 -195.996 4.000
Y_1170 -9.978 -274.939 8.000
H_1171 -11.154 -583.484 10.000
D_1172 -25.772 -475.402 15.000
Y_1173 -12.518 -274.939 13.000
R_1174 -29.616 -1015.709 13.000
V_1175 0.000 613.196 9.000
Y_1176 -11.652 -274.939 11.000
C_1177 0.000 322.480 6.000
N_1178 -19.866 -507.047 9.000
L_1179 0.000 679.918 7.000
S_1180 -13.255 -90.060 7.000
A_1181 0.000 185.740 5.000
A_1182 0.000 185.740 8.000
H_1183 -7.426 -583.484 5.000
T_1184 -15.425 -90.974 9.000
F_1185 0.000 560.542 13.000
E_1186 -22.253 -605.239 11.000
D_1187 -22.253 -475.402 11.000
L_1188 0.000 679.918 15.000
K_1189 -19.613 -818.649 15.000
N_1190 -22.253 -507.047 11.000
E_1191 -25.003 -605.239 14.000
I_1192 0.000 777.529 15.000
K_1193 -17.098 -818.649 11.000
N_1194 -22.253 -507.047 11.000
P_1195 0.000 -195.996 11.000
E_1196 -24.169 -605.239 13.000
I_1197 0.000 777.529 13.000
R_1198 -32.645 -1015.709 16.000
E_1199 -23.258 -605.239 12.000
K_1200 -19.613 -818.649 15.000
L_1201 0.000 679.918 15.000
K_1202 -17.098 -818.649 11.000
R_1203 -25.574 -1015.709 10.000
L_1204 0.000 679.918 10.000
Y_1205 -11.154 -274.939 10.000
G_1206 0.000 -27.649 8.000
S_1207 -14.420 -90.060 8.000
T_1208 -16.309 -90.974 10.000
L_1209 0.000 679.918 10.000
N_1210 -22.253 -507.047 11.000
I_1211 0.000 777.529 8.000
D_1212 -18.409 -475.402 8.000
L_1213 0.000 679.918 4.000
F_1214 0.000 560.542 4.000
P_1215 0.000 -195.996 0.000
A_1216 0.000 185.740 0.000
L_1217 0.000 679.918 0.000
V_1218 0.000 613.196 4.000
V_1219 0.000 613.196 8.000
E_1220 -18.409 -605.239 8.000
D_1221 -18.409 -475.402 8.000
L_1222 0.000 679.918 8.000
V_1223 0.000 613.196 4.000
P_1224 0.000 -195.996 3.000
G_1225 0.000 -27.649 8.000
S_1226 -14.420 -90.060 8.000
R_1227 -21.845 -1015.709 8.000
L_1228 0.000 679.918 8.000
G_1229 0.000 -27.649 8.000
P_1230 0.000 -195.996 3.000
T_1231 -4.441 -90.974 3.000
L_1232 0.000 679.918 3.000
M_1233 0.000 401.769 3.000
C_1234 0.000 322.480 0.000
L_1235 0.000 679.918 3.000
L_1236 0.000 679.918 6.000
S_1237 -16.309 -90.060 10.000
T_1238 -16.309 -90.974 10.000
Q_1239 -24.169 -643.904 13.000
F_1240 0.000 560.542 15.000
K_1241 -17.811 -818.649 12.000
R_1242 -29.616 -1015.709 13.000
L_1243 0.000 679.918 17.000
R_1244 -30.711 -1015.709 14.000
D_1245 -24.169 -475.402 13.000
G_1246 0.000 -27.649 18.000
D_1247 -24.169 -475.402 13.000
R_1248 -25.574 -1015.709 10.000
L_1249 0.000 679.918 12.000
W_1250 -6.160 -203.500 12.000
Y_1251 -11.652 -274.939 11.000
E_1252 -22.253 -605.239 11.000
N_1253 -21.132 -507.047 10.000
P_1254 0.000 -195.996 8.000
G_1255 0.000 -27.649 4.000
V_1256 0.000 613.196 3.000
F_1257 0.000 560.542 3.000
S_1258 -4.441 -90.060 3.000
P_1259 0.000 -195.996 7.000
A_1260 0.000 185.740 7.000
Q_1261 -16.691 -643.904 7.000
L_1262 0.000 679.918 11.000
T_1263 -17.098 -90.974 11.000
Q_1264 -21.132 -643.904 10.000
I_1265 0.000 777.529 14.000
K_1266 -19.059 -818.649 14.000
Q_1267 -24.169 -643.904 13.000
T_1268 -18.462 -90.974 13.000
S_1269 -16.309 -90.060 10.000
L_1270 0.000 679.918 11.000
A_1271 0.000 185.740 8.000
R_1272 -11.867 -1015.709 5.000
I_1273 0.000 777.529 5.000
L_1274 0.000 679.918 9.000
C_1275 0.000 322.480 8.000
D_1276 -18.409 -475.402 8.000
N_1277 -23.258 -507.047 12.000
A_1278 0.000 185.740 16.000
D_1279 -23.258 -475.402 12.000
N_1280 -22.253 -507.047 11.000
I_1281 0.000 777.529 16.000
T_1282 -17.811 -90.974 12.000
R_1283 -28.412 -1015.709 12.000
V_1284 0.000 613.196 15.000
Q_1285 -26.485 -643.904 16.000
S_1286 -17.098 -90.060 11.000
D_1287 -22.253 -475.402 11.000
V_1288 0.000 613.196 12.000
F_1289 0.000 560.542 9.000
R_1290 -11.867 -1015.709 5.000
V_1291 0.000 613.196 9.000
A_1292 0.000 185.740 9.000
E_1293 -7.878 -605.239 4.000
F_1294 0.000 560.542 6.000
P_1295 0.000 -195.996 6.000
H_1296 -6.160 -583.484 4.000
G_1297 0.000 -27.649 4.000
Y_1298 -9.265 -274.939 7.000
G_1299 0.000 -27.649 5.000
S_1300 -15.425 -90.060 9.000
C_1301 0.000 322.480 11.000
D_1302 -22.253 -475.402 11.000
E_1303 -18.409 -605.239 8.000
I_1304 0.000 777.529 13.000
P_1305 0.000 -195.996 9.000
R_1306 -23.856 -1015.709 9.000
V_1307 0.000 613.196 9.000
D_1308 -25.003 -475.402 14.000
L_1309 0.000 679.918 9.000
R_1310 -25.574 -1015.709 10.000
V_1311 0.000 613.196 10.000
W_1312 -6.542 -203.500 14.000
Q_1313 -19.866 -643.904 9.000
D_1314 -19.866 -475.402 9.000
C_1315 0.000 322.480 12.000
C_1316 0.000 322.480 12.000
E_1317 -18.409 -605.239 8.000
D_1318 -24.169 -475.402 13.000
C_1319 0.000 322.480 16.000
R_1320 -33.508 -1015.709 17.000
T_1321 -18.462 -90.974 13.000
R_1322 -33.508 -1015.709 17.000
G_1323 0.000 -27.649 12.000
Q_1324 -24.169 -643.904 13.000
F_1325 0.000 560.542 8.000
N_1326 -18.409 -507.047 8.000
A_1327 0.000 185.740 7.000
F_1328 0.000 560.542 9.000
S_1329 -13.255 -90.060 7.000
Y_1330 -9.265 -274.939 7.000
H_1331 -12.104 -583.484 12.000
F_1332 0.000 560.542 9.000
R_1333 -28.412 -1015.709 12.000
G_1334 0.000 -27.649 15.000
R_1335 -34.315 -1015.709 18.000
R_1336 -29.616 -1015.709 13.000
S_1337 -20.609 -90.060 17.000
L_1338 0.000 679.918 12.000
E_1339 -21.132 -605.239 10.000
F_1340 0.000 560.542 9.000
S_1341 -18.462 -90.060 13.000
Y_1342 -12.518 -274.939 13.000
Q_1343 -27.150 -643.904 17.000
E_1344 -27.150 -605.239 17.000
D_1345 -25.772 -475.402 15.000
K_1346 -19.059 -818.649 14.000
P_1347 0.000 -195.996 13.000
T_1348 -17.811 -90.974 12.000
K_1349 -17.811 -818.649 12.000
K_1350 -20.609 -818.649 17.000
T_1351 -19.059 -90.974 14.000
R_1352 -32.645 -1015.709 16.000
P_1353 0.000 -195.996 16.000
R_1354 -29.616 -1015.709 13.000
K_1355 -14.420 -818.649 8.000
I_1356 0.000 777.529 11.000
P_1357 0.000 -195.996 6.000
S_1358 -4.441 -90.060 3.000
V_1359 0.000 613.196 8.000
G_1360 0.000 -27.649 12.000
R_1361 -23.856 -1015.709 9.000
Q_1362 -24.169 -643.904 13.000
G_1363 0.000 -27.649 15.000
E_1364 -21.132 -605.239 10.000
H_1365 -10.601 -583.484 9.000
L_1366 0.000 679.918 13.000
S_1367 -17.811 -90.060 12.000
N_1368 -24.169 -507.047 13.000
S_1369 -20.127 -90.060 16.000
T_1370 -18.462 -90.974 13.000
S_1371 -15.425 -90.060 9.000
A_1372 0.000 185.740 9.000
F_1373 0.000 560.542 9.000
S_1374 -17.098 -90.060 11.000
T_1375 -19.059 -90.974 14.000
R_1376 -34.315 -1015.709 18.000
S_1377 -19.613 -90.060 15.000
D_1378 -25.772 -475.402 15.000
A_1379 0.000 185.740 10.000
S_1380 -16.309 -90.060 10.000
G_1381 0.000 -27.649 10.000
T_1382 -19.059 -90.974 14.000
N_1383 -22.253 -507.047 11.000
D_1384 -26.485 -475.402 16.000
F_1385 0.000 560.542 17.000
R_1386 -29.616 -1015.709 13.000
E_1387 -19.866 -605.239 9.000
F_1388 0.000 560.542 9.000
V_1389 0.000 613.196 8.000
L_1390 0.000 679.918 4.000
E_1391 -18.409 -605.239 8.000
M_1392 0.000 401.769 11.000
Q_1393 -25.003 -643.904 14.000
K_1394 -16.309 -818.649 10.000
T_1395 -18.462 -90.974 13.000
I_1396 0.000 777.529 13.000
T_1397 -16.309 -90.974 10.000
D_1398 -23.258 -475.402 12.000
L_1399 0.000 679.918 15.000
R_1400 -32.645 -1015.709 16.000
T_1401 -17.811 -90.974 12.000
Q_1402 -25.772 -643.904 15.000
I_1403 0.000 777.529 13.000
K_1404 -16.309 -818.649 10.000
K_1405 -16.309 -818.649 10.000
L_1406 0.000 679.918 13.000
E_1407 -25.772 -605.239 15.000
S_1408 -17.811 -90.060 12.000
R_1409 -31.716 -1015.709 15.000
L_1410 0.000 679.918 14.000
S_1411 -19.059 -90.060 14.000
T_1412 -18.462 -90.974 13.000
T_1413 -18.462 -90.974 13.000
E_1414 -21.132 -605.239 10.000
C_1415 0.000 322.480 11.000
V_1416 0.000 613.196 8.000
D_1417 -7.878 -475.402 4.000
A_1418 0.000 185.740 4.000
G_1419 0.000 -27.649 8.000
G_1420 0.000 -27.649 7.000
E_1421 -19.866 -605.239 9.000
S_1422 -15.425 -90.060 9.000
H_1423 -12.518 -583.484 13.000
A_1424 0.000 185.740 13.000
N_1425 -24.169 -507.047 13.000
N_1426 -25.003 -507.047 14.000
T_1427 -19.613 -90.974 15.000
K_1428 -19.059 -818.649 14.000
W_1429 -6.358 -203.500 13.000
K_1430 -19.059 -818.649 14.000
K_1431 -17.098 -818.649 11.000
D_1432 -21.132 -475.402 10.000
A_1433 0.000 185.740 10.000
C_1434 0.000 322.480 7.000
T_1435 -4.441 -90.974 3.000
I_1436 0.000 777.529 7.000
C_1437 0.000 322.480 7.000
E_1438 -16.691 -605.239 7.000
C_1439 0.000 322.480 11.000
K_1440 -17.098 -818.649 11.000
D_1441 -22.253 -475.402 11.000
G_1442 0.000 -27.649 11.000
Q_1443 -22.253 -643.904 11.000
V_1444 0.000 613.196 7.000
T_1445 -13.255 -90.974 7.000
C_1446 0.000 322.480 3.000
F_1447 0.000 560.542 7.000
V_1448 0.000 613.196 4.000
E_1449 -7.878 -605.239 4.000
A_1450 0.000 185.740 4.000
C_1451 0.000 322.480 4.000
P_1452 0.000 -195.996 0.000
P_1453 0.000 -195.996 3.000
A_1454 0.000 185.740 3.000
T_1455 -4.441 -90.974 3.000
C_1456 0.000 322.480 3.000
A_1457 0.000 185.740 3.000
V_1458 0.000 613.196 0.000
P_1459 0.000 -195.996 4.000
V_1460 0.000 613.196 4.000
N_1461 -7.878 -507.047 4.000
I_1462 0.000 777.529 4.000
P_1463 0.000 -195.996 4.000
G_1464 0.000 -27.649 0.000
A_1465 0.000 185.740 0.000
C_1466 0.000 322.480 0.000
C_1467 0.000 322.480 0.000
P_1468 0.000 -195.996 0.000
V_1469 0.000 613.196 0.000
C_1470 0.000 322.480 4.000
L_1471 0.000 679.918 7.000
Q_1472 -23.258 -643.904 12.000
K_1473 -17.811 -818.649 12.000
R_1474 -32.645 -1015.709 16.000
A_1475 0.000 185.740 16.000
E_1476 -26.485 -605.239 16.000
E_1477 -22.253 -605.239 11.000
K_1478 -17.098 -818.649 11.000
P_1479 0.000 -195.996 7.000
