M_1 0.000 401.769 4.000
N_2 -7.878 -507.047 4.000
M_3 0.000 401.769 4.000
P_4 0.000 -195.996 8.000
V_5 0.000 613.196 7.000
N_6 -21.132 -507.047 10.000
K_7 -16.309 -818.649 10.000
S_8 -16.309 -90.060 10.000
P_9 0.000 -195.996 6.000
M_10 0.000 401.769 7.000
I_11 0.000 777.529 7.000
N_12 -16.691 -507.047 7.000
T_13 -13.255 -90.974 7.000
C_14 0.000 322.480 7.000
G_15 0.000 -27.649 3.000
G_16 0.000 -27.649 3.000
I_17 0.000 777.529 6.000
S_18 -11.867 -90.060 6.000
S_19 -14.420 -90.060 8.000
P_20 0.000 -195.996 10.000
Y_21 -11.652 -274.939 11.000
H_22 -12.104 -583.484 12.000
E_23 -23.258 -605.239 12.000
E_24 -22.253 -605.239 11.000
L_25 0.000 679.918 12.000
W_26 -5.155 -203.500 8.000
K_27 -14.420 -818.649 8.000
L_28 0.000 679.918 8.000
N_29 -22.253 -507.047 11.000
F_30 0.000 560.542 10.000
Q_31 -21.132 -643.904 10.000
H_32 -10.601 -583.484 9.000
L_33 0.000 679.918 9.000
S_34 -15.425 -90.060 9.000
G_35 0.000 -27.649 12.000
E_36 -23.258 -605.239 12.000
R_37 -27.076 -1015.709 11.000
G_38 0.000 -27.649 14.000
H_39 -12.518 -583.484 13.000
K_40 -18.462 -818.649 13.000
S_41 -18.462 -90.060 13.000
R_42 -30.711 -1015.709 14.000
P_43 0.000 -195.996 11.000
T_44 -17.098 -90.974 11.000
F_45 0.000 560.542 6.000
S_46 -15.425 -90.060 9.000
I_47 0.000 777.529 9.000
T_48 -18.462 -90.974 13.000
K_49 -16.309 -818.649 10.000
E_50 -21.132 -605.239 10.000
F_51 0.000 560.542 7.000
I_52 0.000 777.529 9.000
L_53 0.000 679.918 5.000
R_54 -23.856 -1015.709 9.000
F_55 0.000 560.542 13.000
N_56 -26.485 -507.047 16.000
Q_57 -25.772 -643.904 15.000
T_58 -21.486 -90.974 19.000
Q_59 -27.773 -643.904 18.000
N_60 -27.150 -507.047 17.000
S_61 -21.060 -90.060 18.000
K_62 -20.609 -818.649 17.000
E_63 -27.150 -605.239 17.000
K_64 -21.060 -818.649 18.000
E_65 -25.772 -605.239 15.000
E_66 -22.253 -605.239 11.000
L_67 0.000 679.918 12.000
L_68 0.000 679.918 8.000
E_69 -7.878 -605.239 4.000
L_70 0.000 679.918 9.000
A_71 0.000 185.740 12.000
R_72 -21.845 -1015.709 8.000
K_73 -14.420 -818.649 8.000
I_74 0.000 777.529 8.000
I_75 0.000 777.529 8.000
L_76 0.000 679.918 5.000
R_77 -21.845 -1015.709 8.000
C_78 0.000 322.480 13.000
K_79 -20.127 -818.649 16.000
R_80 -27.076 -1015.709 11.000
K_81 -17.098 -818.649 11.000
L_82 0.000 679.918 8.000
G_83 0.000 -27.649 6.000
L_84 0.000 679.918 6.000
K_85 -11.867 -818.649 6.000
T_86 -11.867 -90.974 6.000
L_87 0.000 679.918 9.000
G_88 0.000 -27.649 6.000
S_89 -14.420 -90.060 8.000
G_90 0.000 -27.649 10.000
R_91 -25.574 -1015.709 10.000
H_92 -10.601 -583.484 9.000
V_93 0.000 613.196 9.000
H_94 -6.160 -583.484 4.000
L_95 0.000 679.918 2.000
P_96 0.000 -195.996 2.000
A_97 0.000 185.740 1.000
A_98 0.000 185.740 4.000
W_99 -5.155 -203.500 8.000
T_100 -14.420 -90.974 8.000
E_101 -18.409 -605.239 8.000
V_102 0.000 613.196 9.000
I_103 0.000 777.529 6.000
Y_104 -1.718 -274.939 2.000
L_105 0.000 679.918 6.000
A_106 0.000 185.740 6.000
Q_107 -16.691 -643.904 7.000
C_108 0.000 322.480 7.000
K_109 -17.098 -818.649 11.000
G_110 0.000 -27.649 7.000
E_111 -22.253 -605.239 11.000
I_112 0.000 777.529 12.000
Q_113 -26.485 -643.904 16.000
D_114 -25.772 -475.402 15.000
E_115 -25.772 -605.239 15.000
S_116 -19.613 -90.060 15.000
L_117 0.000 679.918 11.000
N_118 -16.691 -507.047 7.000
M_119 0.000 401.769 6.000
L_120 0.000 679.918 6.000
Y_121 -7.426 -274.939 5.000
A_122 0.000 185.740 5.000
S_123 -15.425 -90.060 9.000
L_124 0.000 679.918 9.000
D_125 -19.866 -475.402 9.000
H_126 -10.601 -583.484 9.000
A_127 0.000 185.740 9.000
S_128 -15.425 -90.060 9.000
F_129 0.000 560.542 9.000
D_130 -24.169 -475.402 13.000
Y_131 -12.104 -274.939 12.000
D_132 -23.258 -475.402 12.000
H_133 -9.978 -583.484 8.000
L_134 0.000 679.918 6.000
P_135 0.000 -195.996 2.000
A_136 0.000 185.740 0.000
L_137 0.000 679.918 0.000
F_138 0.000 560.542 0.000
F_139 0.000 560.542 0.000
V_140 0.000 613.196 4.000
A_141 0.000 185.740 7.000
E_142 -16.691 -605.239 7.000
S_143 -13.255 -90.060 7.000
V_144 0.000 613.196 9.000
L_145 0.000 679.918 10.000
Y_146 -9.265 -274.939 7.000
R_147 -19.414 -1015.709 7.000
L_148 0.000 679.918 7.000
C_149 0.000 322.480 9.000
C_150 0.000 322.480 4.000
D_151 -16.691 -475.402 7.000
A_152 0.000 185.740 7.000
S_153 -16.309 -90.060 10.000
L_154 0.000 679.918 9.000
K_155 -17.098 -818.649 11.000
T_156 -14.420 -90.974 8.000
Y_157 -11.154 -274.939 10.000
L_158 0.000 679.918 10.000
Y_159 -9.265 -274.939 7.000
S_160 -15.425 -90.060 9.000
V_161 0.000 613.196 9.000
E_162 -21.132 -605.239 10.000
I_163 0.000 777.529 7.000
K_164 -13.255 -818.649 7.000
L_165 0.000 679.918 6.000
A_166 0.000 185.740 6.000
K_167 -4.441 -818.649 3.000
I_168 0.000 777.529 5.000
G_169 0.000 -27.649 5.000
Y_170 -1.718 -274.939 2.000
L_171 0.000 679.918 2.000
V_172 0.000 613.196 2.000
F_173 0.000 560.542 5.000
L_174 0.000 679.918 5.000
R_175 -11.867 -1015.709 5.000
L_176 0.000 679.918 5.000
F_177 0.000 560.542 5.000
I_178 0.000 777.529 0.000
F_179 0.000 560.542 0.000
F_180 0.000 560.542 2.000
L_181 0.000 679.918 2.000
H_182 -6.160 -583.484 4.000
G_183 0.000 -27.649 4.000
H_184 -9.978 -583.484 8.000
L_185 0.000 679.918 9.000
E_186 -19.866 -605.239 9.000
S_187 -16.309 -90.060 10.000
F_188 0.000 560.542 14.000
K_189 -17.811 -818.649 12.000
Q_190 -19.866 -643.904 9.000
H_191 -10.601 -583.484 9.000
L_192 0.000 679.918 11.000
L_193 0.000 679.918 7.000
R_194 -23.856 -1015.709 9.000
L_195 0.000 679.918 9.000
Q_196 -22.253 -643.904 11.000
P_197 0.000 -195.996 6.000
Y_198 -9.978 -274.939 8.000
L_199 0.000 679.918 4.000
Y_200 -6.160 -274.939 4.000
A_201 0.000 185.740 5.000
L_202 0.000 679.918 5.000
S_203 -11.867 -90.060 6.000
F_204 0.000 560.542 6.000
S_205 -11.867 -90.060 6.000
G_206 0.000 -27.649 6.000
A_207 0.000 185.740 8.000
S_208 -13.255 -90.060 7.000
Y_209 -11.154 -274.939 10.000
H_210 -12.104 -583.484 12.000
K_211 -15.425 -818.649 9.000
Y_212 -11.652 -274.939 11.000
P_213 0.000 -195.996 9.000
N_214 -14.591 -507.047 6.000
I_215 0.000 777.529 7.000
F_216 0.000 560.542 11.000
S_217 -13.255 -90.060 7.000
N_218 -22.253 -507.047 11.000
V_219 0.000 613.196 11.000
Q_220 -18.409 -643.904 8.000
F_221 0.000 560.542 4.000
I_222 0.000 777.529 7.000
L_223 0.000 679.918 3.000
K_224 -11.867 -818.649 6.000
A_225 0.000 185.740 10.000
S_226 -16.309 -90.060 10.000
E_227 -16.691 -605.239 7.000
I_228 0.000 777.529 7.000
I_229 0.000 777.529 7.000
G_230 0.000 -27.649 8.000
K_231 -17.811 -818.649 12.000
R_232 -28.412 -1015.709 12.000
E_233 -27.150 -605.239 17.000
L_234 0.000 679.918 17.000
R_235 -32.645 -1015.709 16.000
S_236 -19.613 -90.060 15.000
E_237 -25.772 -605.239 15.000
S_238 -16.309 -90.060 10.000
I_239 0.000 777.529 12.000
F_240 0.000 560.542 8.000
R_241 -11.867 -1015.709 5.000
P_242 0.000 -195.996 9.000
V_243 0.000 613.196 13.000
E_244 -22.253 -605.239 11.000
D_245 -25.003 -475.402 14.000
K_246 -21.486 -818.649 19.000
K_247 -20.609 -818.649 17.000
R_248 -33.508 -1015.709 17.000
Y_249 -14.188 -274.939 18.000
E_250 -27.773 -605.239 18.000
N_251 -27.150 -507.047 17.000
T_252 -21.060 -90.974 18.000
D_253 -27.773 -475.402 18.000
S_254 -19.059 -90.060 14.000
D_255 -22.253 -475.402 11.000
M_256 0.000 401.769 7.000
G_257 0.000 -27.649 6.000
G_258 0.000 -27.649 6.000
Y_259 -8.431 -274.939 6.000
E_260 -21.132 -605.239 10.000
I_261 0.000 777.529 12.000
N_262 -21.132 -507.047 10.000
H_263 -8.431 -583.484 6.000
L_264 0.000 679.918 7.000
L_265 0.000 679.918 5.000
W_266 -2.723 -203.500 3.000
H_267 -4.441 -583.484 3.000
C_268 0.000 322.480 3.000
V_269 0.000 613.196 2.000
A_270 0.000 185.740 1.000
A_271 0.000 185.740 4.000
W_272 -3.436 -203.500 4.000
S_273 -7.878 -90.060 4.000
C_274 0.000 322.480 8.000
V_275 0.000 613.196 11.000
Q_276 -23.258 -643.904 12.000
N_277 -25.772 -507.047 15.000
N_278 -25.772 -507.047 15.000
S_279 -19.613 -90.060 15.000
P_280 0.000 -195.996 11.000
Q_281 -22.253 -643.904 11.000
L_282 0.000 679.918 12.000
N_283 -23.258 -507.047 12.000
N_284 -18.409 -507.047 8.000
V_285 0.000 613.196 12.000
L_286 0.000 679.918 10.000
E_287 -14.591 -605.239 6.000
H_288 -8.431 -583.484 6.000
L_289 0.000 679.918 6.000
V_290 0.000 613.196 4.000
F_291 0.000 560.542 5.000
H_292 -9.978 -583.484 8.000
K_293 -17.811 -818.649 12.000
T_294 -17.811 -90.974 12.000
Q_295 -25.003 -643.904 14.000
L_296 0.000 679.918 14.000
Q_297 -25.003 -643.904 14.000
K_298 -16.309 -818.649 10.000
K_299 -17.098 -818.649 11.000
C_300 0.000 322.480 7.000
W_301 -5.155 -203.500 8.000
L_302 0.000 679.918 8.000
D_303 -18.409 -475.402 8.000
S_304 -13.255 -90.060 7.000
V_305 0.000 613.196 7.000
L_306 0.000 679.918 3.000
A_307 0.000 185.740 0.000
L_308 0.000 679.918 0.000
L_309 0.000 679.918 0.000
V_310 0.000 613.196 0.000
L_311 0.000 679.918 4.000
G_312 0.000 -27.649 4.000
E_313 -7.878 -605.239 4.000
A_314 0.000 185.740 7.000
A_315 0.000 185.740 7.000
K_316 -13.255 -818.649 7.000
L_317 0.000 679.918 7.000
N_318 -16.691 -507.047 7.000
M_319 0.000 401.769 4.000
A_320 0.000 185.740 4.000
C_321 0.000 322.480 3.000
L_322 0.000 679.918 3.000
K_323 -4.441 -818.649 3.000
A_324 0.000 185.740 3.000
L_325 0.000 679.918 7.000
M_326 0.000 401.769 4.000
D_327 -7.878 -475.402 4.000
V_328 0.000 613.196 9.000
V_329 0.000 613.196 13.000
R_330 -23.856 -1015.709 9.000
D_331 -19.866 -475.402 9.000
F_332 0.000 560.542 12.000
V_333 0.000 613.196 10.000
S_334 -11.867 -90.060 6.000
S_335 -11.867 -90.060 6.000
I_336 0.000 777.529 9.000
M_337 0.000 401.769 6.000
S_338 -13.255 -90.060 7.000
V_339 0.000 613.196 11.000
Q_340 -25.772 -643.904 15.000
N_341 -26.485 -507.047 16.000
Q_342 -28.912 -643.904 20.000
E_343 -28.359 -605.239 19.000
E_344 -25.772 -605.239 15.000
S_345 -19.059 -90.060 14.000
C_346 0.000 322.480 10.000
K_347 -16.309 -818.649 10.000
V_348 0.000 613.196 11.000
D_349 -22.253 -475.402 11.000
D_350 -22.253 -475.402 11.000
F_351 0.000 560.542 12.000
S_352 -14.420 -90.060 8.000
W_353 -3.990 -203.500 5.000
A_354 0.000 185.740 9.000
W_355 -4.441 -203.500 6.000
N_356 -11.867 -507.047 5.000
V_357 0.000 613.196 7.000
V_358 0.000 613.196 6.000
Y_359 -6.160 -274.939 4.000
I_360 0.000 777.529 7.000
Y_361 -9.265 -274.939 7.000
T_362 -10.149 -90.974 5.000
V_363 0.000 613.196 5.000
I_364 0.000 777.529 3.000
L_365 0.000 679.918 4.000
A_366 0.000 185.740 4.000
E_367 -7.878 -605.239 4.000
I_368 0.000 777.529 4.000
C_369 0.000 322.480 6.000
L_370 0.000 679.918 2.000
Y_371 -1.718 -274.939 2.000
A_372 0.000 185.740 5.000
A_373 0.000 185.740 8.000
T_374 -16.309 -90.974 10.000
S_375 -16.309 -90.060 10.000
D_376 -25.772 -475.402 15.000
L_377 0.000 679.918 15.000
R_378 -31.716 -1015.709 15.000
K_379 -17.098 -818.649 11.000
T_380 -17.098 -90.974 11.000
A_381 0.000 185.740 6.000
L_382 0.000 679.918 3.000
I_383 0.000 777.529 0.000
G_384 0.000 -27.649 0.000
F_385 0.000 560.542 2.000
C_386 0.000 322.480 2.000
H_387 -7.426 -583.484 5.000
C_388 0.000 322.480 8.000
K_389 -17.098 -818.649 11.000
S_390 -18.462 -90.060 13.000
S_391 -20.127 -90.060 16.000
Q_392 -27.150 -643.904 17.000
K_393 -19.059 -818.649 14.000
N_394 -22.253 -507.047 11.000
I_395 0.000 777.529 9.000
L_396 0.000 679.918 6.000
Y_397 -8.431 -274.939 6.000
L_398 0.000 679.918 9.000
D_399 -23.258 -475.402 12.000
K_400 -16.309 -818.649 10.000
S_401 -16.309 -90.060 10.000
V_402 0.000 613.196 6.000
P_403 0.000 -195.996 7.000
P_404 0.000 -195.996 4.000
E_405 -16.691 -605.239 7.000
L_406 0.000 679.918 11.000
K_407 -19.059 -818.649 14.000
E_408 -24.169 -605.239 13.000
T_409 -18.462 -90.974 13.000
S_410 -16.309 -90.060 10.000
I_411 0.000 777.529 9.000
L_412 0.000 679.918 6.000
S_413 -4.441 -90.060 3.000
L_414 0.000 679.918 7.000
L_415 0.000 679.918 9.000
E_416 -14.591 -605.239 6.000
Y_417 -10.601 -274.939 9.000
F_418 0.000 560.542 12.000
S_419 -17.098 -90.060 11.000
S_420 -15.425 -90.060 9.000
K_421 -17.811 -818.649 12.000
M_422 0.000 401.769 13.000
S_423 -19.059 -90.060 14.000
E_424 -22.253 -605.239 11.000
N_425 -25.772 -507.047 15.000
C_426 0.000 322.480 16.000
D_427 -23.258 -475.402 12.000
Q_428 -18.409 -643.904 8.000
V_429 0.000 613.196 9.000
V_430 0.000 613.196 8.000
W_431 -3.436 -203.500 4.000
T_432 -11.867 -90.974 6.000
G_433 0.000 -27.649 8.000
Y_434 -9.265 -274.939 7.000
Y_435 -6.160 -274.939 4.000
G_436 0.000 -27.649 4.000
L_437 0.000 679.918 4.000
V_438 0.000 613.196 6.000
Y_439 -8.431 -274.939 6.000
N_440 -14.591 -507.047 6.000
L_441 0.000 679.918 9.000
V_442 0.000 613.196 7.000
K_443 -11.867 -818.649 6.000
I_444 0.000 777.529 7.000
S_445 -17.098 -90.060 11.000
W_446 -5.155 -203.500 8.000
E_447 -23.258 -605.239 12.000
L_448 0.000 679.918 9.000
Q_449 -23.258 -643.904 12.000
G_450 0.000 -27.649 12.000
D_451 -26.485 -475.402 16.000
E_452 -26.485 -605.239 16.000
E_453 -28.912 -605.239 20.000
Q_454 -26.485 -643.904 16.000
D_455 -23.258 -475.402 12.000
G_456 0.000 -27.649 13.000
L_457 0.000 679.918 13.000
R_458 -23.856 -1015.709 9.000
N_459 -19.866 -507.047 9.000
M_460 0.000 401.769 10.000
I_461 0.000 777.529 9.000
W_462 -5.155 -203.500 8.000
Q_463 -18.409 -643.904 8.000
T_464 -17.811 -90.974 12.000
L_465 0.000 679.918 14.000
Q_466 -24.169 -643.904 13.000
K_467 -18.462 -818.649 13.000
T_468 -20.609 -90.974 17.000
K_469 -19.613 -818.649 15.000
D_470 -26.485 -475.402 16.000
Y_471 -13.896 -274.939 17.000
E_472 -27.773 -605.239 18.000
E_473 -25.003 -605.239 14.000
D_474 -27.150 -475.402 17.000
V_475 0.000 613.196 13.000
R_476 -29.616 -1015.709 13.000
I_477 0.000 777.529 13.000
Q_478 -24.169 -643.904 13.000
N_479 -18.409 -507.047 8.000
A_480 0.000 185.740 12.000
I_481 0.000 777.529 8.000
N_482 -7.878 -507.047 4.000
I_483 0.000 777.529 8.000
A_484 0.000 185.740 8.000
Q_485 -18.409 -643.904 8.000
A_486 0.000 185.740 8.000
E_487 -23.258 -605.239 12.000
L_488 0.000 679.918 12.000
N_489 -23.258 -507.047 12.000
D_490 -22.253 -475.402 11.000
P_491 0.000 -195.996 15.000
T_492 -17.098 -90.974 11.000
D_493 -16.691 -475.402 7.000
P_494 0.000 -195.996 10.000
F_495 0.000 560.542 12.000
T_496 -16.309 -90.974 10.000
R_497 -29.616 -1015.709 13.000
Y_498 -13.586 -274.939 16.000
S_499 -20.609 -90.060 17.000
T_500 -17.811 -90.974 12.000
N_501 -24.169 -507.047 13.000
I_502 0.000 777.529 13.000
S_503 -19.059 -90.060 14.000
S_504 -16.309 -90.060 10.000
N_505 -21.132 -507.047 10.000
V_506 0.000 613.196 11.000
G_507 0.000 -27.649 12.000
E_508 -18.409 -605.239 8.000
E_509 -18.409 -605.239 8.000
V_510 0.000 613.196 11.000
F_511 0.000 560.542 10.000
S_512 -14.420 -90.060 8.000
K_513 -14.420 -818.649 8.000
Y_514 -9.978 -274.939 8.000
I_515 0.000 777.529 6.000
G_516 0.000 -27.649 8.000
W_517 -4.441 -203.500 6.000
R_518 -16.309 -1015.709 6.000
I_519 0.000 777.529 10.000
A_520 0.000 185.740 12.000
N_521 -16.691 -507.047 7.000
T_522 -16.309 -90.974 10.000
L_523 0.000 679.918 13.000
S_524 -15.425 -90.060 9.000
K_525 -11.867 -818.649 6.000
L_526 0.000 679.918 6.000
F_527 0.000 560.542 3.000
F_528 0.000 560.542 0.000
P_529 0.000 -195.996 0.000
P_530 0.000 -195.996 4.000
I_531 0.000 777.529 4.000
E_532 -14.591 -605.239 6.000
A_533 0.000 185.740 6.000
H_534 -8.431 -583.484 6.000
F_535 0.000 560.542 2.000
L_536 0.000 679.918 2.000
P_537 0.000 -195.996 3.000
L_538 0.000 679.918 6.000
K_539 -11.867 -818.649 6.000
K_540 -15.425 -818.649 9.000
P_541 0.000 -195.996 9.000
S_542 -15.425 -90.060 9.000
I_543 0.000 777.529 9.000
K_544 -18.462 -818.649 13.000
K_545 -19.059 -818.649 14.000
D_546 -27.150 -475.402 17.000
Q_547 -27.150 -643.904 17.000
T_548 -20.127 -90.974 16.000
K_549 -17.811 -818.649 12.000
Y_550 -12.104 -274.939 12.000
P_551 0.000 -195.996 12.000
N_552 -23.258 -507.047 12.000
K_553 -16.309 -818.649 10.000
K_554 -19.059 -818.649 14.000
L_555 0.000 679.918 13.000
E_556 -21.132 -605.239 10.000
S_557 -16.309 -90.060 10.000
V_558 0.000 613.196 13.000
K_559 -18.462 -818.649 13.000
K_560 -16.309 -818.649 10.000
Q_561 -21.132 -643.904 10.000
V_562 0.000 613.196 9.000
L_563 0.000 679.918 6.000
H_564 -7.426 -583.484 5.000
F_565 0.000 560.542 5.000
T_566 -16.309 -90.974 10.000
V_567 0.000 613.196 12.000
R_568 -30.711 -1015.709 14.000
E_569 -22.253 -605.239 11.000
H_570 -12.900 -583.484 14.000
P_571 0.000 -195.996 9.000
S_572 -14.420 -90.060 8.000
V_573 0.000 613.196 10.000
S_574 -16.309 -90.060 10.000
E_575 -16.691 -605.239 7.000
I_576 0.000 777.529 7.000
P_577 0.000 -195.996 4.000
M_578 0.000 401.769 0.000
F_579 0.000 560.542 2.000
P_580 0.000 -195.996 2.000
Y_581 -8.431 -274.939 6.000
P_582 0.000 -195.996 6.000
D_583 -14.591 -475.402 6.000
F_584 0.000 560.542 7.000
F_585 0.000 560.542 10.000
T_586 -11.867 -90.974 6.000
K_587 -16.309 -818.649 10.000
A_588 0.000 185.740 13.000
D_589 -25.003 -475.402 14.000
K_590 -17.098 -818.649 11.000
E_591 -22.253 -605.239 11.000
L_592 0.000 679.918 10.000
A_593 0.000 185.740 7.000
K_594 -4.441 -818.649 3.000
I_595 0.000 777.529 7.000
I_596 0.000 777.529 9.000
D_597 -18.409 -475.402 8.000
H_598 -10.601 -583.484 9.000
H_599 -12.518 -583.484 13.000
W_600 -6.358 -203.500 13.000
Q_601 -25.772 -643.904 15.000
E_602 -24.169 -605.239 13.000
E_603 -25.772 -605.239 15.000
L_604 0.000 679.918 11.000
K_605 -17.811 -818.649 12.000
I_606 0.000 777.529 12.000
R_607 -31.716 -1015.709 15.000
E_608 -26.485 -605.239 16.000
K_609 -21.889 -818.649 20.000
E_610 -25.772 -605.239 15.000
D_611 -22.253 -475.402 11.000
A_612 0.000 185.740 8.000
I_613 0.000 777.529 7.000
C_614 0.000 322.480 3.000
K_615 -13.255 -818.649 7.000
A_616 0.000 185.740 11.000
Q_617 -22.253 -643.904 11.000
E_618 -22.253 -605.239 11.000
L_619 0.000 679.918 15.000
K_620 -19.059 -818.649 14.000
D_621 -24.169 -475.402 13.000
K_622 -18.462 -818.649 13.000
K_623 -16.309 -818.649 10.000
L_624 0.000 679.918 10.000
A_625 0.000 185.740 10.000
E_626 -22.253 -605.239 11.000
K_627 -18.462 -818.649 13.000
N_628 -24.169 -507.047 13.000
H_629 -12.518 -583.484 13.000
F_630 0.000 560.542 14.000
Q_631 -21.132 -643.904 10.000
E_632 -18.409 -605.239 8.000
V_633 0.000 613.196 11.000
M_634 0.000 401.769 10.000
K_635 -17.098 -818.649 11.000
K_636 -19.613 -818.649 15.000
R_637 -35.072 -1015.709 19.000
E_638 -28.359 -605.239 19.000
E_639 -26.485 -605.239 16.000
K_640 -18.462 -818.649 13.000
L_641 0.000 679.918 12.000
H_642 -12.104 -583.484 12.000
K_643 -17.811 -818.649 12.000
Q_644 -25.772 -643.904 15.000
T_645 -18.462 -90.974 13.000
K_646 -17.811 -818.649 12.000
P_647 0.000 -195.996 12.000
Y_648 -10.601 -274.939 9.000
E_649 -14.591 -605.239 6.000
L_650 0.000 679.918 8.000
P_651 0.000 -195.996 11.000
Y_652 -11.154 -274.939 10.000
R_653 -30.711 -1015.709 14.000
K_654 -19.059 -818.649 14.000
E_655 -23.258 -605.239 12.000
V_656 0.000 613.196 7.000
I_657 0.000 777.529 4.000
