M_1 0.000 401.769 3.000
T_2 -4.441 -90.974 3.000
M_3 0.000 401.769 7.000
L_4 0.000 679.918 11.000
Q_5 -22.253 -643.904 11.000
E_6 -22.253 -605.239 11.000
S_7 -19.059 -90.060 14.000
F_8 0.000 560.542 10.000
S_9 -16.309 -90.060 10.000
F_10 0.000 560.542 11.000
D_11 -22.253 -475.402 11.000
D_12 -22.253 -475.402 11.000
L_13 0.000 679.918 11.000
S_14 -17.098 -90.060 11.000
V_15 0.000 613.196 7.000
D_16 -21.132 -475.402 10.000
F_17 0.000 560.542 11.000
T_18 -19.059 -90.974 14.000
Q_19 -25.003 -643.904 14.000
K_20 -19.613 -818.649 15.000
E_21 -26.485 -605.239 16.000
W_22 -6.160 -203.500 12.000
Q_23 -19.866 -643.904 9.000
L_24 0.000 679.918 9.000
L_25 0.000 679.918 8.000
D_26 -16.691 -475.402 7.000
P_27 0.000 -195.996 11.000
S_28 -19.059 -90.060 14.000
Q_29 -25.003 -643.904 14.000
K_30 -19.059 -818.649 14.000
N_31 -24.169 -507.047 13.000
L_32 0.000 679.918 12.000
Y_33 -12.518 -274.939 13.000
K_34 -15.425 -818.649 9.000
D_35 -19.866 -475.402 9.000
V_36 0.000 613.196 7.000
M_37 0.000 401.769 8.000
L_38 0.000 679.918 8.000
E_39 -21.132 -605.239 10.000
N_40 -24.169 -507.047 13.000
Y_41 -13.586 -274.939 16.000
S_42 -17.811 -90.060 12.000
S_43 -14.420 -90.060 8.000
L_44 0.000 679.918 9.000
V_45 0.000 613.196 6.000
S_46 -4.441 -90.060 3.000
L_47 0.000 679.918 5.000
G_48 0.000 -27.649 9.000
Y_49 -8.431 -274.939 6.000
E_50 -14.591 -605.239 6.000
V_51 0.000 613.196 9.000
M_52 0.000 401.769 7.000
K_53 -13.255 -818.649 7.000
P_54 0.000 -195.996 7.000
D_55 -16.691 -475.402 7.000
V_56 0.000 613.196 4.000
I_57 0.000 777.529 7.000
F_58 0.000 560.542 3.000
K_59 -13.255 -818.649 7.000
L_60 0.000 679.918 11.000
E_61 -22.253 -605.239 11.000
Q_62 -23.258 -643.904 12.000
G_63 0.000 -27.649 16.000
E_64 -23.258 -605.239 12.000
E_65 -19.866 -605.239 9.000
P_66 0.000 -195.996 9.000
W_67 -3.990 -203.500 5.000
V_68 0.000 613.196 5.000
G_69 0.000 -27.649 5.000
D_70 -18.409 -475.402 8.000
G_71 0.000 -27.649 8.000
E_72 -18.409 -605.239 8.000
I_73 0.000 777.529 7.000
P_74 0.000 -195.996 10.000
S_75 -16.309 -90.060 10.000
S_76 -18.462 -90.060 13.000
D_77 -24.169 -475.402 13.000
S_78 -19.059 -90.060 14.000
P_79 0.000 -195.996 11.000
E_80 -18.409 -605.239 8.000
V_81 0.000 613.196 8.000
W_82 -5.155 -203.500 8.000
K_83 -14.420 -818.649 8.000
V_84 0.000 613.196 8.000
D_85 -22.253 -475.402 11.000
G_86 0.000 -27.649 8.000
N_87 -18.409 -507.047 8.000
M_88 0.000 401.769 5.000
M_89 0.000 401.769 7.000
W_90 -4.824 -203.500 7.000
H_91 -11.652 -583.484 11.000
Q_92 -25.772 -643.904 15.000
D_93 -27.773 -475.402 18.000
N_94 -28.912 -507.047 20.000
Q_95 -28.359 -643.904 19.000
D_96 -25.772 -475.402 15.000
K_97 -19.059 -818.649 14.000
L_98 0.000 679.918 10.000
K_99 -11.867 -818.649 6.000
I_100 0.000 777.529 6.000
I_101 0.000 777.529 11.000
K_102 -14.420 -818.649 8.000
R_103 -25.574 -1015.709 10.000
G_104 0.000 -27.649 14.000
H_105 -11.652 -583.484 11.000
E_106 -21.132 -605.239 10.000
C_107 0.000 322.480 10.000
D_108 -18.409 -475.402 8.000
A_109 0.000 185.740 4.000
F_110 0.000 560.542 7.000
G_111 0.000 -27.649 7.000
K_112 -13.255 -818.649 7.000
N_113 -22.253 -507.047 11.000
F_114 0.000 560.542 11.000
N_115 -23.258 -507.047 12.000
L_116 0.000 679.918 8.000
N_117 -23.258 -507.047 12.000
M_118 0.000 401.769 8.000
N_119 -18.409 -507.047 8.000
F_120 0.000 560.542 4.000
V_121 0.000 613.196 4.000
P_122 0.000 -195.996 5.000
L_123 0.000 679.918 8.000
R_124 -27.076 -1015.709 11.000
K_125 -19.613 -818.649 15.000
S_126 -21.060 -90.060 18.000
N_127 -27.150 -507.047 17.000
S_128 -19.059 -90.060 14.000
E_129 -25.772 -605.239 15.000
G_130 0.000 -27.649 11.000
D_131 -23.258 -475.402 12.000
L_132 0.000 679.918 8.000
D_133 -18.409 -475.402 8.000
G_134 0.000 -27.649 4.000
L_135 0.000 679.918 4.000
I_136 0.000 777.529 3.000
L_137 0.000 679.918 5.000
K_138 -13.255 -818.649 7.000
H_139 -9.265 -583.484 7.000
H_140 -11.652 -583.484 11.000
L_141 0.000 679.918 8.000
D_142 -14.591 -475.402 6.000
L_143 0.000 679.918 4.000
L_144 0.000 679.918 4.000
I_145 0.000 777.529 3.000
P_146 0.000 -195.996 3.000
K_147 -13.255 -818.649 7.000
G_148 0.000 -27.649 9.000
D_149 -19.866 -475.402 9.000
Y_150 -10.601 -274.939 9.000
G_151 0.000 -27.649 9.000
K_152 -15.425 -818.649 9.000
A_153 0.000 185.740 10.000
E_154 -25.003 -605.239 14.000
S_155 -19.613 -90.060 15.000
D_156 -25.772 -475.402 15.000
D_157 -25.772 -475.402 15.000
F_158 0.000 560.542 12.000
N_159 -18.409 -507.047 8.000
V_160 0.000 613.196 8.000
F_161 0.000 560.542 12.000
D_162 -18.409 -475.402 8.000
N_163 -18.409 -507.047 8.000
F_164 0.000 560.542 8.000
F_165 0.000 560.542 6.000
L_166 0.000 679.918 5.000
H_167 -9.978 -583.484 8.000
S_168 -14.420 -90.060 8.000
K_169 -17.811 -818.649 12.000
P_170 0.000 -195.996 14.000
E_171 -25.003 -605.239 14.000
D_172 -25.772 -475.402 15.000
T_173 -21.060 -90.974 18.000
D_174 -25.772 -475.402 15.000
T_175 -17.098 -90.974 11.000
W_176 -5.944 -203.500 11.000
L_177 0.000 679.918 9.000
K_178 -14.420 -818.649 8.000
Y_179 -11.652 -274.939 11.000
Y_180 -11.652 -274.939 11.000
D_181 -23.258 -475.402 12.000
C_182 0.000 322.480 13.000
D_183 -24.169 -475.402 13.000
K_184 -17.811 -818.649 12.000
Y_185 -13.586 -274.939 16.000
K_186 -19.613 -818.649 15.000
E_187 -25.003 -605.239 14.000
S_188 -19.613 -90.060 15.000
Y_189 -13.255 -274.939 15.000
K_190 -19.059 -818.649 14.000
K_191 -19.613 -818.649 15.000
S_192 -18.462 -90.060 13.000
Q_193 -21.132 -643.904 10.000
I_194 0.000 777.529 7.000
I_195 0.000 777.529 6.000
I_196 0.000 777.529 4.000
Y_197 -10.601 -274.939 9.000
H_198 -12.518 -583.484 13.000
R_199 -34.315 -1015.709 18.000
N_200 -26.485 -507.047 16.000
R_201 -30.711 -1015.709 14.000
L_202 0.000 679.918 13.000
G_203 0.000 -27.649 12.000
E_204 -16.691 -605.239 7.000
K_205 -15.425 -818.649 9.000
L_206 0.000 679.918 13.000
Y_207 -10.601 -274.939 9.000
E_208 -19.866 -605.239 9.000
C_209 0.000 322.480 13.000
S_210 -17.098 -90.060 11.000
E_211 -23.258 -605.239 12.000
C_212 0.000 322.480 15.000
R_213 -33.508 -1015.709 17.000
K_214 -18.462 -818.649 13.000
R_215 -32.645 -1015.709 16.000
F_216 0.000 560.542 14.000
S_217 -19.059 -90.060 14.000
K_218 -15.425 -818.649 9.000
K_219 -17.811 -818.649 12.000
P_220 0.000 -195.996 9.000
S_221 -11.867 -90.060 6.000
L_222 0.000 679.918 6.000
I_223 0.000 777.529 8.000
K_224 -15.425 -818.649 9.000
H_225 -12.104 -583.484 12.000
Q_226 -27.150 -643.904 17.000
S_227 -20.127 -90.060 16.000
R_228 -30.711 -1015.709 14.000
H_229 -13.255 -583.484 15.000
I_230 0.000 777.529 16.000
R_231 -27.076 -1015.709 11.000
D_232 -19.866 -475.402 9.000
I_233 0.000 777.529 9.000
A_234 0.000 185.740 4.000
F_235 0.000 560.542 0.000
G_236 0.000 -27.649 0.000
C_237 0.000 322.480 4.000
G_238 0.000 -27.649 4.000
N_239 -7.878 -507.047 4.000
C_240 0.000 322.480 7.000
G_241 0.000 -27.649 10.000
K_242 -11.867 -818.649 6.000
T_243 -11.867 -90.974 6.000
F_244 0.000 560.542 10.000
P_245 0.000 -195.996 10.000
Q_246 -21.132 -643.904 10.000
K_247 -19.059 -818.649 14.000
S_248 -19.059 -90.060 14.000
Q_249 -21.132 -643.904 10.000
F_250 0.000 560.542 10.000
I_251 0.000 777.529 9.000
T_252 -13.255 -90.974 7.000
H_253 -12.104 -583.484 12.000
H_254 -13.255 -583.484 15.000
R_255 -30.711 -1015.709 14.000
T_256 -19.613 -90.974 15.000
H_257 -12.518 -583.484 13.000
T_258 -17.811 -90.974 12.000
G_259 0.000 -27.649 12.000
E_260 -21.132 -605.239 10.000
K_261 -15.425 -818.649 9.000
P_262 0.000 -195.996 13.000
Y_263 -10.601 -274.939 9.000
N_264 -19.866 -507.047 9.000
C_265 0.000 322.480 13.000
S_266 -17.098 -90.060 11.000
Q_267 -16.691 -643.904 7.000
C_268 0.000 322.480 10.000
G_269 0.000 -27.649 7.000
K_270 -4.441 -818.649 3.000
A_271 0.000 185.740 6.000
F_272 0.000 560.542 10.000
S_273 -16.309 -90.060 10.000
Q_274 -24.169 -643.904 13.000
K_275 -20.609 -818.649 17.000
S_276 -19.059 -90.060 14.000
Q_277 -24.169 -643.904 13.000
L_278 0.000 679.918 13.000
T_279 -17.811 -90.974 12.000
S_280 -17.811 -90.060 12.000
H_281 -13.896 -583.484 17.000
Q_282 -27.150 -643.904 17.000
R_283 -32.645 -1015.709 16.000
T_284 -20.609 -90.974 17.000
H_285 -12.518 -583.484 13.000
T_286 -17.811 -90.974 12.000
G_287 0.000 -27.649 12.000
E_288 -21.132 -605.239 10.000
K_289 -15.425 -818.649 9.000
P_290 0.000 -195.996 13.000
Y_291 -10.601 -274.939 9.000
E_292 -14.591 -605.239 6.000
C_293 0.000 322.480 10.000
G_294 0.000 -27.649 8.000
E_295 -7.878 -605.239 4.000
C_296 0.000 322.480 7.000
G_297 0.000 -27.649 7.000
K_298 -4.441 -818.649 3.000
A_299 0.000 185.740 6.000
F_300 0.000 560.542 11.000
S_301 -17.098 -90.060 11.000
R_302 -30.711 -1015.709 14.000
K_303 -20.127 -818.649 16.000
S_304 -18.462 -90.060 13.000
H_305 -9.978 -583.484 8.000
L_306 0.000 679.918 8.000
I_307 0.000 777.529 7.000
S_308 -11.867 -90.060 6.000
H_309 -11.652 -583.484 11.000
W_310 -6.542 -203.500 14.000
R_311 -29.616 -1015.709 13.000
T_312 -19.059 -90.974 14.000
H_313 -12.518 -583.484 13.000
T_314 -17.811 -90.974 12.000
G_315 0.000 -27.649 12.000
E_316 -21.132 -605.239 10.000
K_317 -15.425 -818.649 9.000
P_318 0.000 -195.996 9.000
Y_319 -7.426 -274.939 5.000
G_320 0.000 -27.649 6.000
C_321 0.000 322.480 10.000
N_322 -18.409 -507.047 8.000
E_323 -18.409 -605.239 8.000
C_324 0.000 322.480 13.000
G_325 0.000 -27.649 9.000
R_326 -11.867 -1015.709 5.000
A_327 0.000 185.740 8.000
F_328 0.000 560.542 12.000
S_329 -16.309 -90.060 10.000
E_330 -24.169 -605.239 13.000
K_331 -20.609 -818.649 17.000
S_332 -19.059 -90.060 14.000
N_333 -21.132 -507.047 10.000
L_334 0.000 679.918 11.000
I_335 0.000 777.529 10.000
N_336 -21.132 -507.047 10.000
H_337 -13.255 -583.484 15.000
Q_338 -25.772 -643.904 15.000
R_339 -29.616 -1015.709 13.000
I_340 0.000 777.529 14.000
H_341 -11.154 -583.484 10.000
T_342 -15.425 -90.974 9.000
G_343 0.000 -27.649 12.000
E_344 -21.132 -605.239 10.000
K_345 -13.255 -818.649 7.000
P_346 0.000 -195.996 11.000
F_347 0.000 560.542 7.000
E_348 -19.866 -605.239 9.000
C_349 0.000 322.480 13.000
R_350 -29.616 -1015.709 13.000
E_351 -19.866 -605.239 9.000
C_352 0.000 322.480 12.000
G_353 0.000 -27.649 7.000
K_354 -4.441 -818.649 3.000
A_355 0.000 185.740 6.000
F_356 0.000 560.542 11.000
S_357 -17.098 -90.060 11.000
R_358 -30.711 -1015.709 14.000
K_359 -21.060 -818.649 18.000
S_360 -19.613 -90.060 15.000
Q_361 -21.132 -643.904 10.000
L_362 0.000 679.918 10.000
V_363 0.000 613.196 9.000
T_364 -13.255 -90.974 7.000
H_365 -12.104 -583.484 12.000
H_366 -13.255 -583.484 15.000
R_367 -30.711 -1015.709 14.000
T_368 -19.613 -90.974 15.000
H_369 -12.518 -583.484 13.000
T_370 -17.098 -90.974 11.000
G_371 0.000 -27.649 11.000
T_372 -15.425 -90.974 9.000
K_373 -11.867 -818.649 6.000
P_374 0.000 -195.996 6.000
F_375 0.000 560.542 3.000
G_376 0.000 -27.649 3.000
C_377 0.000 322.480 7.000
S_378 -13.255 -90.060 7.000
D_379 -23.258 -475.402 12.000
C_380 0.000 322.480 15.000
R_381 -28.412 -1015.709 12.000
K_382 -14.420 -818.649 8.000
A_383 0.000 185.740 8.000
F_384 0.000 560.542 7.000
F_385 0.000 560.542 7.000
E_386 -21.132 -605.239 10.000
K_387 -19.059 -818.649 14.000
S_388 -19.059 -90.060 14.000
E_389 -21.132 -605.239 10.000
L_390 0.000 679.918 12.000
I_391 0.000 777.529 11.000
R_392 -27.076 -1015.709 11.000
H_393 -12.900 -583.484 14.000
Q_394 -25.003 -643.904 14.000
T_395 -17.098 -90.974 11.000
I_396 0.000 777.529 12.000
H_397 -9.978 -583.484 8.000
T_398 -15.425 -90.974 9.000
G_399 0.000 -27.649 12.000
E_400 -21.132 -605.239 10.000
K_401 -15.425 -818.649 9.000
P_402 0.000 -195.996 13.000
Y_403 -10.601 -274.939 9.000
E_404 -19.866 -605.239 9.000
C_405 0.000 322.480 13.000
S_406 -17.098 -90.060 11.000
E_407 -23.258 -605.239 12.000
C_408 0.000 322.480 15.000
R_409 -28.412 -1015.709 12.000
K_410 -14.420 -818.649 8.000
A_411 0.000 185.740 13.000
F_412 0.000 560.542 12.000
R_413 -30.711 -1015.709 14.000
E_414 -27.150 -605.239 17.000
R_415 -35.785 -1015.709 20.000
S_416 -19.613 -90.060 15.000
S_417 -17.098 -90.060 11.000
L_418 0.000 679.918 10.000
I_419 0.000 777.529 9.000
N_420 -21.132 -507.047 10.000
H_421 -13.255 -583.484 15.000
Q_422 -27.773 -643.904 18.000
R_423 -32.645 -1015.709 16.000
T_424 -20.609 -90.974 17.000
H_425 -12.518 -583.484 13.000
T_426 -17.811 -90.974 12.000
G_427 0.000 -27.649 12.000
E_428 -21.132 -605.239 10.000
K_429 -15.425 -818.649 9.000
P_430 0.000 -195.996 9.000
H_431 -7.426 -583.484 5.000
G_432 0.000 -27.649 2.000
C_433 0.000 322.480 6.000
I_434 0.000 777.529 4.000
Q_435 -7.878 -643.904 4.000
C_436 0.000 322.480 7.000
G_437 0.000 -27.649 7.000
K_438 -4.441 -818.649 3.000
A_439 0.000 185.740 6.000
F_440 0.000 560.542 10.000
S_441 -16.309 -90.060 10.000
Q_442 -24.169 -643.904 13.000
K_443 -19.613 -818.649 15.000
S_444 -17.811 -90.060 12.000
H_445 -9.978 -583.484 8.000
L_446 0.000 679.918 8.000
I_447 0.000 777.529 7.000
S_448 -15.425 -90.060 9.000
H_449 -10.601 -583.484 9.000
Q_450 -23.258 -643.904 12.000
M_451 0.000 401.769 11.000
T_452 -17.811 -90.974 12.000
H_453 -9.978 -583.484 8.000
T_454 -17.811 -90.974 12.000
G_455 0.000 -27.649 12.000
E_456 -21.132 -605.239 10.000
K_457 -13.255 -818.649 7.000
P_458 0.000 -195.996 7.000
F_459 0.000 560.542 3.000
I_460 0.000 777.529 3.000
C_461 0.000 322.480 6.000
S_462 -11.867 -90.060 6.000
K_463 -11.867 -818.649 6.000
C_464 0.000 322.480 9.000
G_465 0.000 -27.649 6.000
K_466 -4.441 -818.649 3.000
A_467 0.000 185.740 6.000
F_468 0.000 560.542 11.000
S_469 -17.098 -90.060 11.000
R_470 -30.711 -1015.709 14.000
K_471 -21.060 -818.649 18.000
S_472 -19.613 -90.060 15.000
Q_473 -21.132 -643.904 10.000
L_474 0.000 679.918 12.000
V_475 0.000 613.196 11.000
R_476 -27.076 -1015.709 11.000
H_477 -13.586 -583.484 16.000
Q_478 -28.359 -643.904 19.000
R_479 -32.645 -1015.709 16.000
T_480 -20.609 -90.974 17.000
H_481 -12.518 -583.484 13.000
T_482 -17.811 -90.974 12.000
G_483 0.000 -27.649 12.000
E_484 -21.132 -605.239 10.000
K_485 -15.425 -818.649 9.000
P_486 0.000 -195.996 13.000
Y_487 -10.601 -274.939 9.000
E_488 -19.866 -605.239 9.000
C_489 0.000 322.480 13.000
S_490 -17.098 -90.060 11.000
E_491 -16.691 -605.239 7.000
C_492 0.000 322.480 10.000
G_493 0.000 -27.649 7.000
K_494 -4.441 -818.649 3.000
A_495 0.000 185.740 6.000
F_496 0.000 560.542 10.000
S_497 -16.309 -90.060 10.000
E_498 -21.132 -605.239 10.000
K_499 -18.462 -818.649 13.000
L_500 0.000 679.918 10.000
S_501 -15.425 -90.060 9.000
L_502 0.000 679.918 10.000
T_503 -17.811 -90.974 12.000
N_504 -24.169 -507.047 13.000
H_505 -14.188 -583.484 18.000
Q_506 -25.772 -643.904 15.000
R_507 -29.616 -1015.709 13.000
I_508 0.000 777.529 14.000
H_509 -11.154 -583.484 10.000
T_510 -15.425 -90.974 9.000
G_511 0.000 -27.649 12.000
E_512 -21.132 -605.239 10.000
K_513 -15.425 -818.649 9.000
P_514 0.000 -195.996 9.000
Y_515 -7.426 -274.939 5.000
V_516 0.000 613.196 5.000
C_517 0.000 322.480 9.000
S_518 -13.255 -90.060 7.000
E_519 -16.691 -605.239 7.000
C_520 0.000 322.480 10.000
G_521 0.000 -27.649 7.000
K_522 -4.441 -818.649 3.000
A_523 0.000 185.740 3.000
F_524 0.000 560.542 7.000
C_525 0.000 322.480 7.000
Q_526 -21.132 -643.904 10.000
K_527 -17.811 -818.649 12.000
S_528 -17.811 -90.060 12.000
H_529 -9.978 -583.484 8.000
L_530 0.000 679.918 8.000
I_531 0.000 777.529 7.000
S_532 -15.425 -90.060 9.000
H_533 -12.900 -583.484 14.000
Q_534 -27.150 -643.904 17.000
R_535 -32.645 -1015.709 16.000
T_536 -20.609 -90.974 17.000
H_537 -12.518 -583.484 13.000
T_538 -17.811 -90.974 12.000
G_539 0.000 -27.649 12.000
E_540 -21.132 -605.239 10.000
K_541 -15.425 -818.649 9.000
P_542 0.000 -195.996 13.000
Y_543 -10.601 -274.939 9.000
E_544 -19.866 -605.239 9.000
C_545 0.000 322.480 13.000
S_546 -17.098 -90.060 11.000
E_547 -16.691 -605.239 7.000
C_548 0.000 322.480 10.000
G_549 0.000 -27.649 7.000
K_550 -4.441 -818.649 3.000
A_551 0.000 185.740 3.000
F_552 0.000 560.542 7.000
G_553 0.000 -27.649 7.000
E_554 -21.132 -605.239 10.000
K_555 -18.462 -818.649 13.000
S_556 -18.462 -90.060 13.000
S_557 -15.425 -90.060 9.000
L_558 0.000 679.918 9.000
A_559 0.000 185.740 8.000
T_560 -15.425 -90.974 9.000
H_561 -12.900 -583.484 14.000
Q_562 -27.150 -643.904 17.000
R_563 -32.645 -1015.709 16.000
T_564 -20.609 -90.974 17.000
H_565 -12.518 -583.484 13.000
T_566 -17.811 -90.974 12.000
G_567 0.000 -27.649 12.000
E_568 -21.132 -605.239 10.000
K_569 -15.425 -818.649 9.000
P_570 0.000 -195.996 13.000
Y_571 -10.601 -274.939 9.000
E_572 -22.253 -605.239 11.000
C_573 0.000 322.480 15.000
R_574 -29.616 -1015.709 13.000
D_575 -24.169 -475.402 13.000
C_576 0.000 322.480 16.000
E_577 -22.253 -605.239 11.000
K_578 -13.255 -818.649 7.000
A_579 0.000 185.740 10.000
F_580 0.000 560.542 10.000
S_581 -16.309 -90.060 10.000
Q_582 -24.169 -643.904 13.000
K_583 -20.609 -818.649 17.000
S_584 -19.059 -90.060 14.000
Q_585 -25.003 -643.904 14.000
L_586 0.000 679.918 14.000
N_587 -24.169 -507.047 13.000
T_588 -18.462 -90.974 13.000
H_589 -14.188 -583.484 18.000
Q_590 -25.003 -643.904 14.000
R_591 -29.616 -1015.709 13.000
I_592 0.000 777.529 14.000
H_593 -11.154 -583.484 10.000
T_594 -15.425 -90.974 9.000
G_595 0.000 -27.649 12.000
E_596 -21.132 -605.239 10.000
K_597 -15.425 -818.649 9.000
P_598 0.000 -195.996 13.000
Y_599 -10.601 -274.939 9.000
E_600 -19.866 -605.239 9.000
C_601 0.000 322.480 9.000
S_602 -13.255 -90.060 7.000
L_603 0.000 679.918 8.000
C_604 0.000 322.480 11.000
R_605 -21.845 -1015.709 8.000
K_606 -14.420 -818.649 8.000
A_607 0.000 185.740 8.000
F_608 0.000 560.542 7.000
F_609 0.000 560.542 7.000
E_610 -21.132 -605.239 10.000
K_611 -19.059 -818.649 14.000
S_612 -19.059 -90.060 14.000
E_613 -21.132 -605.239 10.000
L_614 0.000 679.918 12.000
I_615 0.000 777.529 11.000
R_616 -19.414 -1015.709 7.000
H_617 -12.104 -583.484 12.000
L_618 0.000 679.918 15.000
R_619 -28.412 -1015.709 12.000
T_620 -18.462 -90.974 13.000
H_621 -12.518 -583.484 13.000
T_622 -17.811 -90.974 12.000
G_623 0.000 -27.649 12.000
E_624 -21.132 -605.239 10.000
K_625 -15.425 -818.649 9.000
P_626 0.000 -195.996 13.000
Y_627 -10.601 -274.939 9.000
E_628 -21.132 -605.239 10.000
C_629 0.000 322.480 14.000
N_630 -23.258 -507.047 12.000
E_631 -24.169 -605.239 13.000
C_632 0.000 322.480 16.000
R_633 -28.412 -1015.709 12.000
K_634 -14.420 -818.649 8.000
A_635 0.000 185.740 13.000
F_636 0.000 560.542 12.000
R_637 -28.412 -1015.709 12.000
E_638 -25.772 -605.239 15.000
K_639 -21.060 -818.649 18.000
S_640 -18.462 -90.060 13.000
S_641 -15.425 -90.060 9.000
L_642 0.000 679.918 10.000
I_643 0.000 777.529 9.000
N_644 -21.132 -507.047 10.000
H_645 -13.255 -583.484 15.000
Q_646 -25.772 -643.904 15.000
R_647 -29.616 -1015.709 13.000
I_648 0.000 777.529 14.000
H_649 -11.154 -583.484 10.000
T_650 -15.425 -90.974 9.000
G_651 0.000 -27.649 12.000
E_652 -21.132 -605.239 10.000
K_653 -13.255 -818.649 7.000
P_654 0.000 -195.996 11.000
F_655 0.000 560.542 7.000
E_656 -16.691 -605.239 7.000
C_657 0.000 322.480 11.000
S_658 -17.098 -90.060 11.000
E_659 -16.691 -605.239 7.000
C_660 0.000 322.480 10.000
G_661 0.000 -27.649 7.000
K_662 -4.441 -818.649 3.000
A_663 0.000 185.740 6.000
F_664 0.000 560.542 11.000
S_665 -17.098 -90.060 11.000
R_666 -30.711 -1015.709 14.000
K_667 -20.127 -818.649 16.000
S_668 -18.462 -90.060 13.000
H_669 -9.978 -583.484 8.000
L_670 0.000 679.918 5.000
I_671 0.000 777.529 4.000
P_672 0.000 -195.996 6.000
H_673 -11.652 -583.484 11.000
Q_674 -25.003 -643.904 14.000
R_675 -32.645 -1015.709 16.000
T_676 -20.609 -90.974 17.000
H_677 -12.518 -583.484 13.000
T_678 -17.811 -90.974 12.000
G_679 0.000 -27.649 12.000
E_680 -21.132 -605.239 10.000
K_681 -15.425 -818.649 9.000
P_682 0.000 -195.996 9.000
Y_683 -7.426 -274.939 5.000
G_684 0.000 -27.649 5.000
C_685 0.000 322.480 9.000
S_686 -13.255 -90.060 7.000
E_687 -23.258 -605.239 12.000
C_688 0.000 322.480 15.000
R_689 -28.412 -1015.709 12.000
K_690 -14.420 -818.649 8.000
A_691 0.000 185.740 11.000
F_692 0.000 560.542 10.000
S_693 -16.309 -90.060 10.000
Q_694 -24.169 -643.904 13.000
K_695 -20.609 -818.649 17.000
S_696 -19.059 -90.060 14.000
Q_697 -21.132 -643.904 10.000
L_698 0.000 679.918 11.000
V_699 0.000 613.196 10.000
N_700 -21.132 -507.047 10.000
H_701 -13.255 -583.484 15.000
Q_702 -25.772 -643.904 15.000
R_703 -29.616 -1015.709 13.000
I_704 0.000 777.529 14.000
H_705 -11.154 -583.484 10.000
T_706 -15.425 -90.974 9.000
G_707 0.000 -27.649 12.000
E_708 -21.132 -605.239 10.000
K_709 -15.425 -818.649 9.000
P_710 0.000 -195.996 14.000
Y_711 -11.154 -274.939 10.000
R_712 -19.414 -1015.709 7.000
C_713 0.000 322.480 11.000
I_714 0.000 777.529 9.000
E_715 -7.878 -605.239 4.000
C_716 0.000 322.480 7.000
G_717 0.000 -27.649 7.000
K_718 -4.441 -818.649 3.000
A_719 0.000 185.740 6.000
F_720 0.000 560.542 10.000
S_721 -16.309 -90.060 10.000
Q_722 -24.169 -643.904 13.000
K_723 -20.609 -818.649 17.000
S_724 -19.059 -90.060 14.000
Q_725 -21.132 -643.904 10.000
L_726 0.000 679.918 11.000
I_727 0.000 777.529 10.000
N_728 -21.132 -507.047 10.000
H_729 -13.255 -583.484 15.000
Q_730 -27.773 -643.904 18.000
R_731 -32.645 -1015.709 16.000
T_732 -20.609 -90.974 17.000
H_733 -12.518 -583.484 13.000
T_734 -17.098 -90.974 11.000
V_735 0.000 613.196 11.000
K_736 -17.811 -818.649 12.000
K_737 -15.425 -818.649 9.000
S_738 -15.425 -90.060 9.000
