M_1 0.000 401.769 10.000
R_2 -29.616 -1015.709 13.000
R_3 -33.508 -1015.709 17.000
S_4 -20.609 -90.060 17.000
E_5 -23.258 -605.239 12.000
V_6 0.000 613.196 7.000
L_7 0.000 679.918 8.000
A_8 0.000 185.740 8.000
E_9 -22.253 -605.239 11.000
E_10 -22.253 -605.239 11.000
S_11 -17.098 -90.060 11.000
I_12 0.000 777.529 7.000
V_13 0.000 613.196 3.000
C_14 0.000 322.480 4.000
L_15 0.000 679.918 7.000
Q_16 -16.691 -643.904 7.000
K_17 -13.255 -818.649 7.000
A_18 0.000 185.740 11.000
L_19 0.000 679.918 9.000
N_20 -14.591 -507.047 6.000
H_21 -11.652 -583.484 11.000
L_22 0.000 679.918 15.000
R_23 -27.076 -1015.709 11.000
E_24 -21.132 -605.239 10.000
I_25 0.000 777.529 14.000
W_26 -5.447 -203.500 9.000
E_27 -11.867 -605.239 5.000
L_28 0.000 679.918 5.000
I_29 0.000 777.529 4.000
G_30 0.000 -27.649 0.000
I_31 0.000 777.529 4.000
P_32 0.000 -195.996 8.000
E_33 -23.258 -605.239 12.000
D_34 -27.150 -475.402 17.000
Q_35 -27.150 -643.904 17.000
R_36 -33.508 -1015.709 17.000
L_37 0.000 679.918 18.000
Q_38 -27.150 -643.904 17.000
R_39 -32.645 -1015.709 16.000
T_40 -20.127 -90.974 16.000
E_41 -23.258 -605.239 12.000
V_42 0.000 613.196 10.000
V_43 0.000 613.196 10.000
K_44 -14.420 -818.649 8.000
K_45 -14.420 -818.649 8.000
H_46 -11.652 -583.484 11.000
I_47 0.000 777.529 12.000
K_48 -15.425 -818.649 9.000
E_49 -16.691 -605.239 7.000
L_50 0.000 679.918 11.000
L_51 0.000 679.918 8.000
D_52 -7.878 -475.402 4.000
M_53 0.000 401.769 4.000
M_54 0.000 401.769 4.000
I_55 0.000 777.529 4.000
A_56 0.000 185.740 8.000
E_57 -23.258 -605.239 12.000
E_58 -25.772 -605.239 15.000
E_59 -25.772 -605.239 15.000
S_60 -19.059 -90.060 14.000
L_61 0.000 679.918 14.000
K_62 -19.613 -818.649 15.000
E_63 -23.258 -605.239 12.000
R_64 -28.412 -1015.709 12.000
L_65 0.000 679.918 12.000
I_66 0.000 777.529 11.000
K_67 -11.867 -818.649 6.000
S_68 -15.425 -90.060 9.000
I_69 0.000 777.529 9.000
S_70 -11.867 -90.060 6.000
V_71 0.000 613.196 7.000
C_72 0.000 322.480 10.000
Q_73 -22.253 -643.904 11.000
K_74 -17.098 -818.649 11.000
E_75 -25.772 -605.239 15.000
L_76 0.000 679.918 14.000
N_77 -22.253 -507.047 11.000
T_78 -13.255 -90.974 7.000
L_79 0.000 679.918 10.000
C_80 0.000 322.480 10.000
S_81 -13.255 -90.060 7.000
E_82 -19.866 -605.239 9.000
L_83 0.000 679.918 9.000
H_84 -11.154 -583.484 10.000
V_85 0.000 613.196 6.000
E_86 -14.591 -605.239 6.000
P_87 0.000 -195.996 8.000
F_88 0.000 560.542 12.000
Q_89 -23.258 -643.904 12.000
E_90 -23.258 -605.239 12.000
E_91 -26.485 -605.239 16.000
G_92 0.000 -27.649 15.000
E_93 -25.003 -605.239 14.000
T_94 -16.309 -90.974 10.000
T_95 -16.309 -90.974 10.000
I_96 0.000 777.529 10.000
L_97 0.000 679.918 7.000
Q_98 -18.409 -643.904 8.000
L_99 0.000 679.918 11.000
E_100 -25.772 -605.239 15.000
K_101 -17.098 -818.649 11.000
D_102 -26.485 -475.402 16.000
L_103 0.000 679.918 15.000
R_104 -32.645 -1015.709 16.000
T_105 -17.811 -90.974 12.000
Q_106 -26.485 -643.904 16.000
V_107 0.000 613.196 11.000
E_108 -18.409 -605.239 8.000
L_109 0.000 679.918 9.000
M_110 0.000 401.769 12.000
R_111 -28.412 -1015.709 12.000
K_112 -19.613 -818.649 15.000
Q_113 -27.773 -643.904 18.000
K_114 -20.609 -818.649 17.000
K_115 -21.486 -818.649 19.000
E_116 -27.773 -605.239 18.000
R_117 -35.072 -1015.709 19.000
K_118 -21.889 -818.649 20.000
Q_119 -26.485 -643.904 16.000
E_120 -25.003 -605.239 14.000
L_121 0.000 679.918 11.000
K_122 -13.255 -818.649 7.000
L_123 0.000 679.918 7.000
L_124 0.000 679.918 11.000
Q_125 -23.258 -643.904 12.000
E_126 -26.485 -605.239 16.000
Q_127 -28.912 -643.904 20.000
D_128 -28.912 -475.402 20.000
Q_129 -26.485 -643.904 16.000
E_130 -23.258 -605.239 12.000
L_131 0.000 679.918 12.000
C_132 0.000 322.480 8.000
E_133 -7.878 -605.239 4.000
I_134 0.000 777.529 4.000
L_135 0.000 679.918 4.000
C_136 0.000 322.480 0.000
M_137 0.000 401.769 2.000
P_138 0.000 -195.996 4.000
H_139 -9.978 -583.484 8.000
Y_140 -9.978 -274.939 8.000
D_141 -23.258 -475.402 12.000
I_142 0.000 777.529 13.000
D_143 -22.253 -475.402 11.000
S_144 -16.309 -90.060 10.000
A_145 0.000 185.740 10.000
S_146 -11.867 -90.060 6.000
V_147 0.000 613.196 6.000
P_148 0.000 -195.996 6.000
S_149 -13.255 -90.060 7.000
L_150 0.000 679.918 11.000
E_151 -22.253 -605.239 11.000
E_152 -23.258 -605.239 12.000
L_153 0.000 679.918 16.000
N_154 -23.258 -507.047 12.000
Q_155 -24.169 -643.904 13.000
F_156 0.000 560.542 17.000
R_157 -31.716 -1015.709 15.000
Q_158 -22.253 -643.904 11.000
H_159 -12.900 -583.484 14.000
V_160 0.000 613.196 12.000
T_161 -14.420 -90.974 8.000
T_162 -17.098 -90.974 11.000
L_163 0.000 679.918 15.000
R_164 -31.716 -1015.709 15.000
E_165 -25.772 -605.239 15.000
T_166 -19.613 -90.974 15.000
K_167 -18.462 -818.649 13.000
A_168 0.000 185.740 14.000
S_169 -20.127 -90.060 16.000
R_170 -33.508 -1015.709 17.000
R_171 -36.459 -1015.709 21.000
E_172 -27.773 -605.239 18.000
E_173 -24.169 -605.239 13.000
F_174 0.000 560.542 11.000
V_175 0.000 613.196 7.000
S_176 -11.867 -90.060 6.000
I_177 0.000 777.529 11.000
K_178 -19.613 -818.649 15.000
R_179 -28.412 -1015.709 12.000
Q_180 -23.258 -643.904 12.000
I_181 0.000 777.529 9.000
I_182 0.000 777.529 4.000
L_183 0.000 679.918 0.000
C_184 0.000 322.480 4.000
M_185 0.000 401.769 4.000
E_186 -7.878 -605.239 4.000
A_187 0.000 185.740 8.000
L_188 0.000 679.918 10.000
D_189 -19.866 -475.402 9.000
H_190 -10.601 -583.484 9.000
T_191 -18.462 -90.974 13.000
P_192 0.000 -195.996 12.000
D_193 -24.169 -475.402 13.000
T_194 -16.309 -90.974 10.000
S_195 -19.059 -90.060 14.000
F_196 0.000 560.542 15.000
E_197 -26.485 -605.239 16.000
R_198 -29.616 -1015.709 13.000
D_199 -24.169 -475.402 13.000
V_200 0.000 613.196 9.000
V_201 0.000 613.196 8.000
C_202 0.000 322.480 8.000
E_203 -23.258 -605.239 12.000
D_204 -26.485 -475.402 16.000
E_205 -26.485 -605.239 16.000
D_206 -23.258 -475.402 12.000
A_207 0.000 185.740 8.000
F_208 0.000 560.542 4.000
C_209 0.000 322.480 3.000
L_210 0.000 679.918 3.000
S_211 -13.255 -90.060 7.000
L_212 0.000 679.918 11.000
E_213 -22.253 -605.239 11.000
N_214 -18.409 -507.047 8.000
I_215 0.000 777.529 11.000
A_216 0.000 185.740 7.000
T_217 -13.255 -90.974 7.000
L_218 0.000 679.918 10.000
Q_219 -21.132 -643.904 10.000
K_220 -13.255 -818.649 7.000
L_221 0.000 679.918 12.000
L_222 0.000 679.918 12.000
R_223 -23.856 -1015.709 9.000
Q_224 -24.169 -643.904 13.000
L_225 0.000 679.918 13.000
E_226 -23.258 -605.239 12.000
M_227 0.000 401.769 11.000
Q_228 -25.003 -643.904 14.000
K_229 -19.059 -818.649 14.000
S_230 -21.060 -90.060 18.000
Q_231 -27.773 -643.904 18.000
N_232 -25.772 -507.047 15.000
E_233 -23.258 -605.239 12.000
A_234 0.000 185.740 8.000
V_235 0.000 613.196 8.000
C_236 0.000 322.480 4.000
E_237 -7.878 -605.239 4.000
G_238 0.000 -27.649 9.000
L_239 0.000 679.918 12.000
R_240 -28.412 -1015.709 12.000
T_241 -17.811 -90.974 12.000
Q_242 -27.150 -643.904 17.000
I_243 0.000 777.529 16.000
R_244 -29.616 -1015.709 13.000
E_245 -21.132 -605.239 10.000
L_246 0.000 679.918 14.000
W_247 -6.542 -203.500 14.000
D_248 -21.132 -475.402 10.000
R_249 -30.711 -1015.709 14.000
L_250 0.000 679.918 13.000
Q_251 -19.866 -643.904 9.000
I_252 0.000 777.529 8.000
P_253 0.000 -195.996 12.000
E_254 -23.258 -605.239 12.000
E_255 -27.150 -605.239 17.000
E_256 -29.436 -605.239 21.000
R_257 -33.508 -1015.709 17.000
E_258 -24.169 -605.239 13.000
A_259 0.000 185.740 9.000
V_260 0.000 613.196 7.000
A_261 0.000 185.740 3.000
T_262 -4.441 -90.974 3.000
I_263 0.000 777.529 6.000
M_264 0.000 401.769 6.000
S_265 -11.867 -90.060 6.000
G_266 0.000 -27.649 9.000
S_267 -15.425 -90.060 9.000
K_268 -15.425 -818.649 9.000
A_269 0.000 185.740 9.000
K_270 -17.098 -818.649 11.000
V_271 0.000 613.196 11.000
R_272 -27.076 -1015.709 11.000
K_273 -14.420 -818.649 8.000
A_274 0.000 185.740 12.000
L_275 0.000 679.918 7.000
Q_276 -18.409 -643.904 8.000
L_277 0.000 679.918 8.000
E_278 -23.258 -605.239 12.000
V_279 0.000 613.196 13.000
D_280 -24.169 -475.402 13.000
R_281 -29.616 -1015.709 13.000
L_282 0.000 679.918 17.000
E_283 -24.169 -605.239 13.000
E_284 -22.253 -605.239 11.000
L_285 0.000 679.918 11.000
K_286 -17.098 -818.649 11.000
M_287 0.000 401.769 11.000
Q_288 -22.253 -643.904 11.000
N_289 -22.253 -507.047 11.000
M_290 0.000 401.769 14.000
K_291 -16.309 -818.649 10.000
K_292 -11.867 -818.649 6.000
V_293 0.000 613.196 10.000
I_294 0.000 777.529 7.000
E_295 -7.878 -605.239 4.000
A_296 0.000 185.740 9.000
I_297 0.000 777.529 9.000
R_298 -23.856 -1015.709 9.000
V_299 0.000 613.196 9.000
E_300 -19.866 -605.239 9.000
L_301 0.000 679.918 8.000
V_302 0.000 613.196 10.000
Q_303 -16.691 -643.904 7.000
Y_304 -11.652 -274.939 11.000
W_305 -6.713 -203.500 15.000
D_306 -22.253 -475.402 11.000
Q_307 -19.866 -643.904 9.000
C_308 0.000 322.480 10.000
F_309 0.000 560.542 9.000
Y_310 -10.601 -274.939 9.000
S_311 -18.462 -90.060 13.000
Q_312 -27.150 -643.904 17.000
E_313 -28.912 -605.239 20.000
Q_314 -29.436 -643.904 21.000
R_315 -33.508 -1015.709 17.000
Q_316 -24.169 -643.904 13.000
A_317 0.000 185.740 9.000
F_318 0.000 560.542 4.000
A_319 0.000 185.740 0.000
P_320 0.000 -195.996 0.000
F_321 0.000 560.542 0.000
C_322 0.000 322.480 4.000
A_323 0.000 185.740 8.000
E_324 -21.132 -605.239 10.000
D_325 -24.169 -475.402 13.000
Y_326 -13.896 -274.939 17.000
T_327 -20.127 -90.974 16.000
E_328 -23.258 -605.239 12.000
S_329 -16.309 -90.060 10.000
L_330 0.000 679.918 11.000
L_331 0.000 679.918 7.000
Q_332 -14.591 -643.904 6.000
L_333 0.000 679.918 10.000
H_334 -11.154 -583.484 10.000
D_335 -21.132 -475.402 10.000
A_336 0.000 185.740 10.000
E_337 -18.409 -605.239 8.000
I_338 0.000 777.529 9.000
V_339 0.000 613.196 9.000
R_340 -21.845 -1015.709 8.000
L_341 0.000 679.918 12.000
K_342 -19.059 -818.649 14.000
N_343 -22.253 -507.047 11.000
Y_344 -13.255 -274.939 15.000
Y_345 -12.104 -274.939 12.000
E_346 -21.132 -605.239 10.000
V_347 0.000 613.196 11.000
H_348 -12.518 -583.484 13.000
K_349 -15.425 -818.649 9.000
E_350 -19.866 -605.239 9.000
L_351 0.000 679.918 11.000
F_352 0.000 560.542 8.000
E_353 -7.878 -605.239 4.000
G_354 0.000 -27.649 8.000
V_355 0.000 613.196 11.000
Q_356 -18.409 -643.904 8.000
K_357 -17.811 -818.649 12.000
W_358 -6.873 -203.500 16.000
E_359 -25.772 -605.239 15.000
E_360 -24.169 -605.239 13.000
T_361 -20.609 -90.974 17.000
W_362 -6.358 -203.500 13.000
R_363 -23.856 -1015.709 9.000
L_364 0.000 679.918 6.000
F_365 0.000 560.542 9.000
L_366 0.000 679.918 4.000
E_367 -18.409 -605.239 8.000
F_368 0.000 560.542 13.000
E_369 -26.485 -605.239 16.000
R_370 -28.412 -1015.709 12.000
K_371 -19.613 -818.649 15.000
A_372 0.000 185.740 15.000
S_373 -16.309 -90.060 10.000
D_374 -22.253 -475.402 11.000
P_375 0.000 -195.996 16.000
N_376 -24.169 -507.047 13.000
R_377 -28.412 -1015.709 12.000
F_378 0.000 560.542 16.000
T_379 -20.609 -90.974 17.000
N_380 -23.258 -507.047 12.000
R_381 -28.412 -1015.709 12.000
G_382 0.000 -27.649 13.000
G_383 0.000 -27.649 9.000
N_384 -7.878 -507.047 4.000
L_385 0.000 679.918 7.000
L_386 0.000 679.918 11.000
K_387 -17.098 -818.649 11.000
E_388 -25.003 -605.239 14.000
E_389 -27.773 -605.239 18.000
K_390 -21.889 -818.649 20.000
Q_391 -26.485 -643.904 16.000
R_392 -31.716 -1015.709 15.000
A_393 0.000 185.740 12.000
K_394 -17.811 -818.649 12.000
L_395 0.000 679.918 10.000
Q_396 -21.132 -643.904 10.000
K_397 -13.255 -818.649 7.000
M_398 0.000 401.769 7.000
L_399 0.000 679.918 6.000
P_400 0.000 -195.996 3.000
K_401 -13.255 -818.649 7.000
L_402 0.000 679.918 11.000
E_403 -25.772 -605.239 15.000
E_404 -23.258 -605.239 12.000
E_405 -25.772 -605.239 15.000
L_406 0.000 679.918 11.000
K_407 -17.811 -818.649 12.000
A_408 0.000 185.740 8.000
R_409 -28.412 -1015.709 12.000
I_410 0.000 777.529 9.000
E_411 -21.132 -605.239 10.000
L_412 0.000 679.918 9.000
W_413 -6.358 -203.500 13.000
E_414 -24.169 -605.239 13.000
Q_415 -25.772 -643.904 15.000
E_416 -27.150 -605.239 17.000
H_417 -13.586 -583.484 16.000
S_418 -17.811 -90.060 12.000
K_419 -14.420 -818.649 8.000
A_420 0.000 185.740 6.000
F_421 0.000 560.542 3.000
M_422 0.000 401.769 4.000
V_423 0.000 613.196 4.000
N_424 -18.409 -507.047 8.000
G_425 0.000 -27.649 11.000
Q_426 -22.253 -643.904 11.000
K_427 -13.255 -818.649 7.000
F_428 0.000 560.542 11.000
M_429 0.000 401.769 9.000
E_430 -14.591 -605.239 6.000
Y_431 -8.431 -274.939 6.000
V_432 0.000 613.196 10.000
A_433 0.000 185.740 10.000
E_434 -19.866 -605.239 9.000
Q_435 -24.169 -643.904 13.000
W_436 -6.358 -203.500 13.000
E_437 -22.253 -605.239 11.000
M_438 0.000 401.769 12.000
H_439 -11.652 -583.484 11.000
R_440 -27.076 -1015.709 11.000
L_441 0.000 679.918 14.000
E_442 -26.485 -605.239 16.000
K_443 -20.127 -818.649 16.000
E_444 -26.485 -605.239 16.000
R_445 -31.716 -1015.709 15.000
A_446 0.000 185.740 16.000
K_447 -20.127 -818.649 16.000
Q_448 -26.485 -643.904 16.000
E_449 -28.912 -605.239 20.000
R_450 -33.508 -1015.709 17.000
Q_451 -26.485 -643.904 16.000
L_452 0.000 679.918 16.000
K_453 -19.059 -818.649 14.000
N_454 -24.169 -507.047 13.000
K_455 -20.609 -818.649 17.000
K_456 -20.609 -818.649 17.000
Q_457 -27.150 -643.904 17.000
T_458 -20.609 -90.974 17.000
E_459 -27.773 -605.239 18.000
T_460 -19.059 -90.974 14.000
E_461 -22.253 -605.239 11.000
M_462 0.000 401.769 9.000
L_463 0.000 679.918 6.000
Y_464 -7.426 -274.939 5.000
G_465 0.000 -27.649 5.000
S_466 -10.149 -90.060 5.000
A_467 0.000 185.740 8.000
P_468 0.000 -195.996 11.000
R_469 -21.845 -1015.709 8.000
T_470 -17.098 -90.974 11.000
P_471 0.000 -195.996 14.000
S_472 -19.059 -90.060 14.000
K_473 -20.127 -818.649 16.000
R_474 -32.645 -1015.709 16.000
R_475 -29.616 -1015.709 13.000
G_476 0.000 -27.649 10.000
L_477 0.000 679.918 5.000
A_478 0.000 185.740 4.000
P_479 0.000 -195.996 7.000
N_480 -16.691 -507.047 7.000
T_481 -13.255 -90.974 7.000
P_482 0.000 -195.996 10.000
G_483 0.000 -27.649 6.000
K_484 -14.420 -818.649 8.000
A_485 0.000 185.740 11.000
R_486 -27.076 -1015.709 11.000
K_487 -17.811 -818.649 12.000
L_488 0.000 679.918 15.000
N_489 -24.169 -507.047 13.000
T_490 -18.462 -90.974 13.000
T_491 -18.462 -90.974 13.000
T_492 -17.811 -90.974 12.000
M_493 0.000 401.769 13.000
S_494 -16.309 -90.060 10.000
N_495 -21.132 -507.047 10.000
A_496 0.000 185.740 10.000
T_497 -17.098 -90.974 11.000
A_498 0.000 185.740 10.000
N_499 -24.169 -507.047 13.000
S_500 -16.309 -90.060 10.000
S_501 -19.613 -90.060 15.000
I_502 0.000 777.529 11.000
R_503 -21.845 -1015.709 8.000
P_504 0.000 -195.996 5.000
I_505 0.000 777.529 5.000
F_506 0.000 560.542 0.000
G_507 0.000 -27.649 3.000
G_508 0.000 -27.649 3.000
T_509 -10.149 -90.974 5.000
V_510 0.000 613.196 7.000
Y_511 -11.154 -274.939 10.000
H_512 -9.265 -583.484 7.000
S_513 -13.255 -90.060 7.000
P_514 0.000 -195.996 8.000
V_515 0.000 613.196 11.000
S_516 -14.420 -90.060 8.000
R_517 -21.845 -1015.709 8.000
L_518 0.000 679.918 8.000
P_519 0.000 -195.996 8.000
P_520 0.000 -195.996 3.000
S_521 -11.867 -90.060 6.000
G_522 0.000 -27.649 9.000
S_523 -15.425 -90.060 9.000
K_524 -11.867 -818.649 6.000
P_525 0.000 -195.996 6.000
V_526 0.000 613.196 3.000
A_527 0.000 185.740 3.000
A_528 0.000 185.740 6.000
S_529 -11.867 -90.060 6.000
T_530 -15.425 -90.974 9.000
C_531 0.000 322.480 9.000
S_532 -15.425 -90.060 9.000
G_533 0.000 -27.649 9.000
K_534 -17.811 -818.649 12.000
K_535 -15.425 -818.649 9.000
T_536 -19.059 -90.974 14.000
P_537 0.000 -195.996 14.000
R_538 -27.076 -1015.709 11.000
T_539 -18.462 -90.974 13.000
G_540 0.000 -27.649 15.000
R_541 -25.574 -1015.709 10.000
H_542 -9.265 -583.484 7.000
G_543 0.000 -27.649 11.000
A_544 0.000 185.740 9.000
N_545 -22.253 -507.047 11.000
K_546 -19.613 -818.649 15.000
E_547 -25.772 -605.239 15.000
N_548 -25.772 -507.047 15.000
L_549 0.000 679.918 12.000
E_550 -23.258 -605.239 12.000
L_551 0.000 679.918 8.000
N_552 -22.253 -507.047 11.000
G_553 0.000 -27.649 7.000
S_554 -13.255 -90.060 7.000
I_555 0.000 777.529 6.000
L_556 0.000 679.918 6.000
S_557 -4.441 -90.060 3.000
G_558 0.000 -27.649 5.000
G_559 0.000 -27.649 5.000
Y_560 -1.718 -274.939 2.000
P_561 0.000 -195.996 5.000
G_562 0.000 -27.649 5.000
S_563 -4.441 -90.060 3.000
A_564 0.000 185.740 3.000
P_565 0.000 -195.996 7.000
L_566 0.000 679.918 9.000
Q_567 -24.169 -643.904 13.000
R_568 -29.616 -1015.709 13.000
N_569 -26.485 -507.047 16.000
F_570 0.000 560.542 12.000
S_571 -17.098 -90.060 11.000
I_572 0.000 777.529 10.000
N_573 -21.132 -507.047 10.000
S_574 -13.255 -90.060 7.000
V_575 0.000 613.196 10.000
A_576 0.000 185.740 9.000
S_577 -14.420 -90.060 8.000
T_578 -17.098 -90.974 11.000
Y_579 -13.255 -274.939 15.000
S_580 -17.811 -90.060 12.000
E_581 -19.866 -605.239 9.000
F_582 0.000 560.542 10.000
A_583 0.000 185.740 11.000
K_584 -13.255 -818.649 7.000
D_585 -21.132 -475.402 10.000
P_586 0.000 -195.996 10.000
S_587 -16.309 -90.060 10.000
L_588 0.000 679.918 10.000
S_589 -18.462 -90.060 13.000
D_590 -24.169 -475.402 13.000
S_591 -20.127 -90.060 16.000
S_592 -18.462 -90.060 13.000
T_593 -15.425 -90.974 9.000
V_594 0.000 613.196 6.000
G_595 0.000 -27.649 7.000
L_596 0.000 679.918 9.000
Q_597 -24.169 -643.904 13.000
R_598 -29.616 -1015.709 13.000
E_599 -26.485 -605.239 16.000
L_600 0.000 679.918 15.000
S_601 -16.309 -90.060 10.000
K_602 -15.425 -818.649 9.000
A_603 0.000 185.740 12.000
S_604 -17.811 -90.060 12.000
K_605 -18.462 -818.649 13.000
S_606 -18.462 -90.060 13.000
D_607 -24.169 -475.402 13.000
A_608 0.000 185.740 13.000
T_609 -16.309 -90.974 10.000
S_610 -11.867 -90.060 6.000
G_611 0.000 -27.649 6.000
I_612 0.000 777.529 7.000
L_613 0.000 679.918 7.000
N_614 -21.132 -507.047 10.000
S_615 -19.059 -90.060 14.000
T_616 -19.059 -90.974 14.000
N_617 -25.003 -507.047 14.000
I_618 0.000 777.529 14.000
Q_619 -22.253 -643.904 11.000
S_620 -13.255 -90.060 7.000
