M_1 0.000 401.769 5.000
R_2 -11.867 -1015.709 5.000
A_3 0.000 185.740 5.000
A_4 0.000 185.740 6.000
L_5 0.000 679.918 4.000
W_6 -3.436 -203.500 4.000
T_7 -7.878 -90.974 4.000
L_8 0.000 679.918 4.000
G_9 0.000 -27.649 3.000
L_10 0.000 679.918 0.000
G_11 0.000 -27.649 0.000
P_12 0.000 -195.996 0.000
L_13 0.000 679.918 0.000
L_14 0.000 679.918 4.000
L_15 0.000 679.918 4.000
N_16 -11.867 -507.047 5.000
L_17 0.000 679.918 5.000
W_18 -3.990 -203.500 5.000
A_19 0.000 185.740 1.000
V_20 0.000 613.196 1.000
P_21 0.000 -195.996 0.000
I_22 0.000 777.529 0.000
G_23 0.000 -27.649 0.000
G_24 0.000 -27.649 0.000
P_25 0.000 -195.996 0.000
G_26 0.000 -27.649 0.000
A_27 0.000 185.740 5.000
L_28 0.000 679.918 5.000
R_29 -11.867 -1015.709 5.000
L_30 0.000 679.918 7.000
A_31 0.000 185.740 12.000
Y_32 -10.601 -274.939 9.000
R_33 -28.412 -1015.709 12.000
H_34 -13.255 -583.484 15.000
S_35 -18.462 -90.060 13.000
T_36 -17.811 -90.974 12.000
C_37 0.000 322.480 10.000
D_38 -16.691 -475.402 7.000
G_39 0.000 -27.649 4.000
V_40 0.000 613.196 4.000
V_41 0.000 613.196 0.000
L_42 0.000 679.918 5.000
V_43 0.000 613.196 7.000
R_44 -23.856 -1015.709 9.000
H_45 -10.601 -583.484 9.000
H_46 -10.601 -583.484 9.000
G_47 0.000 -27.649 5.000
A_48 0.000 185.740 3.000
W_49 -2.723 -203.500 3.000
G_50 0.000 -27.649 3.000
Y_51 -4.441 -274.939 3.000
V_52 0.000 613.196 6.000
C_53 0.000 322.480 10.000
N_54 -23.258 -507.047 12.000
Q_55 -24.169 -643.904 13.000
E_56 -26.485 -605.239 16.000
W_57 -6.160 -203.500 12.000
T_58 -14.420 -90.974 8.000
L_59 0.000 679.918 8.000
A_60 0.000 185.740 7.000
E_61 -16.691 -605.239 7.000
A_62 0.000 185.740 7.000
S_63 -13.255 -90.060 7.000
V_64 0.000 613.196 3.000
V_65 0.000 613.196 8.000
C_66 0.000 322.480 9.000
R_67 -23.856 -1015.709 9.000
Q_68 -19.866 -643.904 9.000
L_69 0.000 679.918 9.000
G_70 0.000 -27.649 4.000
C_71 0.000 322.480 0.000
G_72 0.000 -27.649 0.000
P_73 0.000 -195.996 0.000
A_74 0.000 185.740 0.000
V_75 0.000 613.196 0.000
G_76 0.000 -27.649 0.000
A_77 0.000 185.740 3.000
P_78 0.000 -195.996 5.000
K_79 -10.149 -818.649 5.000
Y_80 -7.426 -274.939 5.000
V_81 0.000 613.196 5.000
P_82 0.000 -195.996 2.000
L_83 0.000 679.918 0.000
P_84 0.000 -195.996 4.000
G_85 0.000 -27.649 4.000
E_86 -7.878 -605.239 4.000
M_87 0.000 401.769 8.000
A_88 0.000 185.740 8.000
Q_89 -11.867 -643.904 5.000
P_90 0.000 -195.996 5.000
W_91 -4.824 -203.500 7.000
L_92 0.000 679.918 7.000
H_93 -9.265 -583.484 7.000
N_94 -19.866 -507.047 9.000
V_95 0.000 613.196 9.000
S_96 -17.811 -90.060 12.000
C_97 0.000 322.480 8.000
R_98 -28.412 -1015.709 12.000
G_99 0.000 -27.649 13.000
N_100 -26.485 -507.047 16.000
E_101 -25.003 -605.239 14.000
S_102 -19.059 -90.060 14.000
S_103 -17.098 -90.060 11.000
L_104 0.000 679.918 11.000
W_105 -5.155 -203.500 8.000
E_106 -18.409 -605.239 8.000
C_107 0.000 322.480 8.000
S_108 -13.255 -90.060 7.000
L_109 0.000 679.918 6.000
G_110 0.000 -27.649 7.000
S_111 -7.878 -90.060 4.000
W_112 -5.155 -203.500 8.000
C_113 0.000 322.480 11.000
Q_114 -18.409 -643.904 8.000
S_115 -13.255 -90.060 7.000
P_116 0.000 -195.996 7.000
C_117 0.000 322.480 5.000
P_118 0.000 -195.996 2.000
H_119 -4.441 -583.484 3.000
A_120 0.000 185.740 3.000
W_121 -2.723 -203.500 3.000
V_122 0.000 613.196 1.000
V_123 0.000 613.196 1.000
V_124 0.000 613.196 0.000
A_125 0.000 185.740 0.000
L_126 0.000 679.918 3.000
C_127 0.000 322.480 7.000
S_128 -13.255 -90.060 7.000
N_129 -21.132 -507.047 10.000
G_130 0.000 -27.649 10.000
T_131 -17.811 -90.974 12.000
F_132 0.000 560.542 12.000
R_133 -28.412 -1015.709 12.000
E_134 -25.003 -605.239 14.000
L_135 0.000 679.918 14.000
R_136 -23.856 -1015.709 9.000
L_137 0.000 679.918 8.000
V_138 0.000 613.196 8.000
K_139 -14.420 -818.649 8.000
G_140 0.000 -27.649 11.000
R_141 -27.076 -1015.709 11.000
S_142 -14.420 -90.060 8.000
P_143 0.000 -195.996 8.000
C_144 0.000 322.480 3.000
A_145 0.000 185.740 0.000
G_146 0.000 -27.649 0.000
L_147 0.000 679.918 4.000
P_148 0.000 -195.996 4.000
E_149 -19.866 -605.239 9.000
I_150 0.000 777.529 13.000
R_151 -29.616 -1015.709 13.000
N_152 -24.169 -507.047 13.000
V_153 0.000 613.196 13.000
N_154 -18.409 -507.047 8.000
G_155 0.000 -27.649 8.000
V_156 0.000 613.196 13.000
D_157 -19.866 -475.402 9.000
R_158 -23.856 -1015.709 9.000
L_159 0.000 679.918 9.000
C_160 0.000 322.480 5.000
V_161 0.000 613.196 2.000
L_162 0.000 679.918 2.000
H_163 -8.431 -583.484 6.000
V_164 0.000 613.196 10.000
E_165 -21.132 -605.239 10.000
E_166 -18.409 -605.239 8.000
A_167 0.000 185.740 8.000
M_168 0.000 401.769 4.000
V_169 0.000 613.196 0.000
F_170 0.000 560.542 5.000
C_171 0.000 322.480 9.000
R_172 -23.856 -1015.709 9.000
E_173 -19.866 -605.239 9.000
L_174 0.000 679.918 9.000
G_175 0.000 -27.649 4.000
C_176 0.000 322.480 0.000
G_177 0.000 -27.649 0.000
P_178 0.000 -195.996 0.000
V_179 0.000 613.196 4.000
L_180 0.000 679.918 4.000
Q_181 -7.878 -643.904 4.000
A_182 0.000 185.740 9.000
P_183 0.000 -195.996 14.000
R_184 -30.711 -1015.709 14.000
R_185 -30.711 -1015.709 14.000
D_186 -25.003 -475.402 14.000
V_187 0.000 613.196 9.000
G_188 0.000 -27.649 4.000
V_189 0.000 613.196 5.000
V_190 0.000 613.196 8.000
R_191 -25.574 -1015.709 10.000
K_192 -16.309 -818.649 10.000
Y_193 -11.154 -274.939 10.000
L_194 0.000 679.918 5.000
A_195 0.000 185.740 7.000
C_196 0.000 322.480 5.000
R_197 -21.845 -1015.709 8.000
G_198 0.000 -27.649 12.000
T_199 -17.811 -90.974 12.000
E_200 -21.132 -605.239 10.000
P_201 0.000 -195.996 10.000
T_202 -17.811 -90.974 12.000
I_203 0.000 777.529 11.000
R_204 -27.076 -1015.709 11.000
S_205 -18.462 -90.060 13.000
C_206 0.000 322.480 13.000
R_207 -28.412 -1015.709 12.000
L_208 0.000 679.918 13.000
D_209 -27.150 -475.402 17.000
N_210 -23.258 -507.047 12.000
N_211 -27.150 -507.047 17.000
F_212 0.000 560.542 16.000
R_213 -28.412 -1015.709 12.000
S_214 -14.420 -90.060 8.000
G_215 0.000 -27.649 12.000
C_216 0.000 322.480 7.000
D_217 -19.866 -475.402 9.000
L_218 0.000 679.918 9.000
R_219 -29.616 -1015.709 13.000
L_220 0.000 679.918 9.000
D_221 -24.169 -475.402 13.000
A_222 0.000 185.740 8.000
E_223 -18.409 -605.239 8.000
V_224 0.000 613.196 4.000
V_225 0.000 613.196 7.000
C_226 0.000 322.480 3.000
S_227 -10.149 -90.060 5.000
G_228 0.000 -27.649 8.000
H_229 -12.104 -583.484 12.000
T_230 -15.425 -90.974 9.000
E_231 -25.003 -605.239 14.000
A_232 0.000 185.740 12.000
R_233 -23.856 -1015.709 9.000
L_234 0.000 679.918 5.000
V_235 0.000 613.196 5.000
G_236 0.000 -27.649 4.000
G_237 0.000 -27.649 6.000
E_238 -14.591 -605.239 6.000
H_239 -8.431 -583.484 6.000
P_240 0.000 -195.996 6.000
C_241 0.000 322.480 2.000
A_242 0.000 185.740 5.000
G_243 0.000 -27.649 5.000
R_244 -23.856 -1015.709 9.000
L_245 0.000 679.918 9.000
E_246 -23.258 -605.239 12.000
V_247 0.000 613.196 8.000
T_248 -14.420 -90.974 8.000
W_249 -4.824 -203.500 7.000
G_250 0.000 -27.649 7.000
T_251 -7.878 -90.974 4.000
V_252 0.000 613.196 7.000
C_253 0.000 322.480 7.000
D_254 -7.878 -475.402 4.000
A_255 0.000 185.740 4.000
A_256 0.000 185.740 8.000
L_257 0.000 679.918 4.000
D_258 -7.878 -475.402 4.000
L_259 0.000 679.918 7.000
A_260 0.000 185.740 7.000
T_261 -10.149 -90.974 5.000
A_262 0.000 185.740 5.000
H_263 -7.426 -583.484 5.000
V_264 0.000 613.196 2.000
V_265 0.000 613.196 7.000
C_266 0.000 322.480 9.000
R_267 -23.856 -1015.709 9.000
E_268 -24.169 -605.239 13.000
L_269 0.000 679.918 13.000
Q_270 -18.409 -643.904 8.000
C_271 0.000 322.480 4.000
G_272 0.000 -27.649 4.000
A_273 0.000 185.740 0.000
V_274 0.000 613.196 3.000
V_275 0.000 613.196 6.000
S_276 -11.867 -90.060 6.000
T_277 -16.309 -90.974 10.000
P_278 0.000 -195.996 10.000
E_279 -16.691 -605.239 7.000
G_280 0.000 -27.649 9.000
A_281 0.000 185.740 9.000
R_282 -11.867 -1015.709 5.000
F_283 0.000 560.542 10.000
G_284 0.000 -27.649 10.000
R_285 -21.845 -1015.709 8.000
G_286 0.000 -27.649 8.000
S_287 -14.420 -90.060 8.000
G_288 0.000 -27.649 3.000
P_289 0.000 -195.996 4.000
V_290 0.000 613.196 4.000
W_291 -5.155 -203.500 8.000
T_292 -14.420 -90.974 8.000
E_293 -18.409 -605.239 8.000
A_294 0.000 185.740 12.000
F_295 0.000 560.542 9.000
R_296 -11.867 -1015.709 5.000
C_297 0.000 322.480 5.000
A_298 0.000 185.740 9.000
G_299 0.000 -27.649 8.000
N_300 -22.253 -507.047 11.000
E_301 -22.253 -605.239 11.000
S_302 -17.098 -90.060 11.000
L_303 0.000 679.918 7.000
L_304 0.000 679.918 5.000
F_305 0.000 560.542 2.000
H_306 -1.718 -583.484 2.000
C_307 0.000 322.480 7.000
P_308 0.000 -195.996 7.000
R_309 -25.574 -1015.709 10.000
G_310 0.000 -27.649 10.000
R_311 -29.616 -1015.709 13.000
G_312 0.000 -27.649 12.000
S_313 -17.811 -90.060 12.000
Q_314 -16.691 -643.904 7.000
C_315 0.000 322.480 9.000
G_316 0.000 -27.649 6.000
H_317 -6.160 -583.484 4.000
G_318 0.000 -27.649 8.000
H_319 -9.978 -583.484 8.000
D_320 -14.591 -475.402 6.000
A_321 0.000 185.740 6.000
G_322 0.000 -27.649 9.000
L_323 0.000 679.918 5.000
R_324 -21.845 -1015.709 8.000
C_325 0.000 322.480 12.000
S_326 -17.811 -90.060 12.000
E_327 -23.258 -605.239 12.000
F_328 0.000 560.542 12.000
R_329 -23.856 -1015.709 9.000
M_330 0.000 401.769 9.000
V_331 0.000 613.196 9.000
N_332 -16.691 -507.047 7.000
G_333 0.000 -27.649 10.000
S_334 -18.462 -90.060 13.000
S_335 -15.425 -90.060 9.000
S_336 -18.462 -90.060 13.000
C_337 0.000 322.480 10.000
E_338 -23.258 -605.239 12.000
G_339 0.000 -27.649 9.000
R_340 -29.616 -1015.709 13.000
V_341 0.000 613.196 9.000
E_342 -24.169 -605.239 13.000
F_343 0.000 560.542 8.000
Q_344 -23.258 -643.904 12.000
V_345 0.000 613.196 8.000
Q_346 -22.253 -643.904 11.000
G_347 0.000 -27.649 8.000
S_348 -14.420 -90.060 8.000
W_349 -3.436 -203.500 4.000
A_350 0.000 185.740 4.000
P_351 0.000 -195.996 1.000
L_352 0.000 679.918 0.000
C_353 0.000 322.480 3.000
A_354 0.000 185.740 5.000
T_355 -11.867 -90.974 6.000
H_356 -11.154 -583.484 10.000
W_357 -5.708 -203.500 10.000
D_358 -16.691 -475.402 7.000
I_359 0.000 777.529 9.000
A_360 0.000 185.740 8.000
D_361 -16.691 -475.402 7.000
A_362 0.000 185.740 7.000
T_363 -13.255 -90.974 7.000
V_364 0.000 613.196 3.000
L_365 0.000 679.918 5.000
C_366 0.000 322.480 6.000
H_367 -8.431 -583.484 6.000
Q_368 -21.132 -643.904 10.000
L_369 0.000 679.918 10.000
N_370 -18.409 -507.047 8.000
C_371 0.000 322.480 8.000
G_372 0.000 -27.649 8.000
N_373 -7.878 -507.047 4.000
A_374 0.000 185.740 4.000
V_375 0.000 613.196 4.000
A_376 0.000 185.740 0.000
A_377 0.000 185.740 0.000
P_378 0.000 -195.996 0.000
G_379 0.000 -27.649 0.000
G_380 0.000 -27.649 2.000
G_381 0.000 -27.649 2.000
H_382 -1.718 -583.484 2.000
F_383 0.000 560.542 6.000
G_384 0.000 -27.649 6.000
D_385 -18.409 -475.402 8.000
G_386 0.000 -27.649 8.000
D_387 -18.409 -475.402 8.000
A_388 0.000 185.740 4.000
A_389 0.000 185.740 5.000
I_390 0.000 777.529 1.000
W_391 -3.990 -203.500 5.000
P_392 0.000 -195.996 5.000
D_393 -11.867 -475.402 5.000
A_394 0.000 185.740 6.000
F_395 0.000 560.542 6.000
H_396 -8.431 -583.484 6.000
C_397 0.000 322.480 6.000
E_398 -19.866 -605.239 9.000
G_399 0.000 -27.649 11.000
T_400 -19.059 -90.974 14.000
E_401 -23.258 -605.239 12.000
S_402 -17.811 -90.060 12.000
Y_403 -11.154 -274.939 10.000
L_404 0.000 679.918 10.000
W_405 -4.824 -203.500 7.000
N_406 -11.867 -507.047 5.000
C_407 0.000 322.480 5.000
P_408 0.000 -195.996 7.000
V_409 0.000 613.196 6.000
S_410 -11.867 -90.060 6.000
T_411 -11.867 -90.974 6.000
L_412 0.000 679.918 6.000
G_413 0.000 -27.649 3.000
A_414 0.000 185.740 0.000
P_415 0.000 -195.996 0.000
A_416 0.000 185.740 0.000
C_417 0.000 322.480 0.000
A_418 0.000 185.740 0.000
P_419 0.000 -195.996 4.000
G_420 0.000 -27.649 7.000
N_421 -16.691 -507.047 7.000
T_422 -16.309 -90.974 10.000
A_423 0.000 185.740 10.000
S_424 -11.867 -90.060 6.000
A_425 0.000 185.740 3.000
V_426 0.000 613.196 6.000
C_427 0.000 322.480 3.000
S_428 -4.441 -90.060 3.000
G_429 0.000 -27.649 3.000
L_430 0.000 679.918 5.000
A_431 0.000 185.740 2.000
H_432 -1.718 -583.484 2.000
A_433 0.000 185.740 7.000
L_434 0.000 679.918 7.000
R_435 -25.574 -1015.709 10.000
L_436 0.000 679.918 14.000
R_437 -30.711 -1015.709 14.000
E_438 -24.169 -605.239 13.000
G_439 0.000 -27.649 16.000
Q_440 -26.485 -643.904 16.000
S_441 -17.811 -90.060 12.000
R_442 -32.645 -1015.709 16.000
C_443 0.000 322.480 12.000
D_444 -25.003 -475.402 14.000
G_445 0.000 -27.649 9.000
R_446 -29.616 -1015.709 13.000
V_447 0.000 613.196 9.000
E_448 -23.258 -605.239 12.000
V_449 0.000 613.196 7.000
S_450 -17.098 -90.060 11.000
L_451 0.000 679.918 7.000
D_452 -16.691 -475.402 7.000
G_453 0.000 -27.649 5.000
V_454 0.000 613.196 5.000
W_455 -4.441 -203.500 6.000
G_456 0.000 -27.649 6.000
R_457 -16.309 -1015.709 6.000
V_458 0.000 613.196 9.000
L_459 0.000 679.918 13.000
D_460 -18.409 -475.402 8.000
D_461 -19.866 -475.402 9.000
A_462 0.000 185.740 13.000
W_463 -5.447 -203.500 9.000
D_464 -21.132 -475.402 10.000
L_465 0.000 679.918 10.000
R_466 -23.856 -1015.709 9.000
G_467 0.000 -27.649 5.000
A_468 0.000 185.740 5.000
G_469 0.000 -27.649 0.000
V_470 0.000 613.196 0.000
V_471 0.000 613.196 5.000
C_472 0.000 322.480 9.000
R_473 -23.856 -1015.709 9.000
Q_474 -19.866 -643.904 9.000
L_475 0.000 679.918 9.000
G_476 0.000 -27.649 9.000
C_477 0.000 322.480 5.000
R_478 -11.867 -1015.709 5.000
G_479 0.000 -27.649 9.000
A_480 0.000 185.740 13.000
Q_481 -18.409 -643.904 8.000
Q_482 -21.132 -643.904 10.000
A_483 0.000 185.740 14.000
Y_484 -11.154 -274.939 10.000
D_485 -14.591 -475.402 6.000
A_486 0.000 185.740 6.000
P_487 0.000 -195.996 4.000
A_488 0.000 185.740 3.000
P_489 0.000 -195.996 8.000
S_490 -14.420 -90.060 8.000
R_491 -27.076 -1015.709 11.000
G_492 0.000 -27.649 11.000
S_493 -17.811 -90.060 12.000
V_494 0.000 613.196 7.000
Q_495 -16.691 -643.904 7.000
V_496 0.000 613.196 4.000
A_497 0.000 185.740 7.000
L_498 0.000 679.918 8.000
S_499 -14.420 -90.060 8.000
R_500 -29.616 -1015.709 13.000
V_501 0.000 613.196 13.000
R_502 -25.574 -1015.709 10.000
C_503 0.000 322.480 5.000
L_504 0.000 679.918 8.000
G_505 0.000 -27.649 7.000
T_506 -16.309 -90.974 10.000
E_507 -25.772 -605.239 15.000
T_508 -19.613 -90.974 15.000
R_509 -31.716 -1015.709 15.000
L_510 0.000 679.918 15.000
T_511 -17.811 -90.974 12.000
Q_512 -22.253 -643.904 11.000
C_513 0.000 322.480 11.000
N_514 -22.253 -507.047 11.000
V_515 0.000 613.196 7.000
S_516 -16.309 -90.060 10.000
A_517 0.000 185.740 6.000
T_518 -16.309 -90.974 10.000
L_519 0.000 679.918 11.000
Q_520 -22.253 -643.904 11.000
E_521 -18.409 -605.239 8.000
P_522 0.000 -195.996 8.000
A_523 0.000 185.740 7.000
G_524 0.000 -27.649 6.000
T_525 -17.098 -90.974 11.000
S_526 -19.613 -90.060 15.000
R_527 -31.716 -1015.709 15.000
D_528 -23.258 -475.402 12.000
A_529 0.000 185.740 9.000
G_530 0.000 -27.649 4.000
V_531 0.000 613.196 0.000
V_532 0.000 613.196 3.000
C_533 0.000 322.480 3.000
S_534 -13.255 -90.060 7.000
G_535 0.000 -27.649 7.000
E_536 -16.691 -605.239 7.000
V_537 0.000 613.196 7.000
G_538 0.000 -27.649 7.000
T_539 -11.867 -90.974 6.000
A_540 0.000 185.740 6.000
S_541 -11.867 -90.060 6.000
P_542 0.000 -195.996 3.000
M_543 0.000 401.769 8.000
A_544 0.000 185.740 10.000
R_545 -28.412 -1015.709 12.000
R_546 -28.412 -1015.709 12.000
H_547 -12.104 -583.484 12.000
G_548 0.000 -27.649 7.000
I_549 0.000 777.529 2.000
P_550 0.000 -195.996 0.000
G_551 0.000 -27.649 0.000
A_552 0.000 185.740 3.000
L_553 0.000 679.918 3.000
T_554 -11.867 -90.974 6.000
L_555 0.000 679.918 6.000
S_556 -14.420 -90.060 8.000
L_557 0.000 679.918 10.000
H_558 -12.900 -583.484 14.000
R_559 -27.076 -1015.709 11.000
E_560 -25.772 -605.239 15.000
P_561 0.000 -195.996 13.000
Q_562 -18.409 -643.904 8.000
G_563 0.000 -27.649 4.000
A_564 0.000 185.740 4.000
A_565 0.000 185.740 5.000
G_566 0.000 -27.649 5.000
R_567 -11.867 -1015.709 5.000
G_568 0.000 -27.649 5.000
A_569 0.000 185.740 5.000
G_570 0.000 -27.649 0.000
A_571 0.000 185.740 2.000
L_572 0.000 679.918 2.000
H_573 -1.718 -583.484 2.000
G_574 0.000 -27.649 2.000
G_575 0.000 -27.649 3.000
A_576 0.000 185.740 1.000
W_577 -3.436 -203.500 4.000
G_578 0.000 -27.649 4.000
T_579 -7.878 -90.974 4.000
V_580 0.000 613.196 7.000
C_581 0.000 322.480 11.000
D_582 -18.409 -475.402 8.000
D_583 -19.866 -475.402 9.000
A_584 0.000 185.740 13.000
W_585 -5.447 -203.500 9.000
D_586 -21.132 -475.402 10.000
L_587 0.000 679.918 14.000
R_588 -29.616 -1015.709 13.000
D_589 -22.253 -475.402 11.000
A_590 0.000 185.740 11.000
H_591 -8.431 -583.484 6.000
V_592 0.000 613.196 2.000
V_593 0.000 613.196 7.000
C_594 0.000 322.480 9.000
R_595 -23.856 -1015.709 9.000
Q_596 -19.866 -643.904 9.000
L_597 0.000 679.918 9.000
G_598 0.000 -27.649 4.000
C_599 0.000 322.480 5.000
G_600 0.000 -27.649 5.000
R_601 -11.867 -1015.709 5.000
A_602 0.000 185.740 8.000
L_603 0.000 679.918 8.000
S_604 -4.441 -90.060 3.000
A_605 0.000 185.740 3.000
L_606 0.000 679.918 3.000
G_607 0.000 -27.649 0.000
A_608 0.000 185.740 2.000
A_609 0.000 185.740 2.000
H_610 -1.718 -583.484 2.000
F_611 0.000 560.542 2.000
G_612 0.000 -27.649 2.000
A_613 0.000 185.740 0.000
G_614 0.000 -27.649 0.000
A_615 0.000 185.740 5.000
G_616 0.000 -27.649 5.000
R_617 -16.309 -1015.709 6.000
I_618 0.000 777.529 6.000
W_619 -5.708 -203.500 10.000
L_620 0.000 679.918 9.000
D_621 -19.866 -475.402 9.000
E_622 -18.409 -605.239 8.000
L_623 0.000 679.918 8.000
G_624 0.000 -27.649 8.000
C_625 0.000 322.480 4.000
Q_626 -14.591 -643.904 6.000
G_627 0.000 -27.649 10.000
H_628 -12.518 -583.484 13.000
E_629 -19.866 -605.239 9.000
S_630 -15.425 -90.060 9.000
A_631 0.000 185.740 8.000
L_632 0.000 679.918 8.000
W_633 -3.990 -203.500 5.000
Q_634 -11.867 -643.904 5.000
C_635 0.000 322.480 8.000
P_636 0.000 -195.996 7.000
S_637 -4.441 -90.060 3.000
A_638 0.000 185.740 4.000
G_639 0.000 -27.649 4.000
W_640 -4.441 -203.500 6.000
G_641 0.000 -27.649 8.000
R_642 -28.412 -1015.709 12.000
H_643 -12.104 -583.484 12.000
D_644 -27.150 -475.402 17.000
W_645 -6.542 -203.500 14.000
R_646 -31.716 -1015.709 15.000
H_647 -13.255 -583.484 15.000
K_648 -21.060 -818.649 18.000
E_649 -24.169 -605.239 13.000
D_650 -22.253 -475.402 11.000
A_651 0.000 185.740 8.000
G_652 0.000 -27.649 4.000
V_653 0.000 613.196 0.000
F_654 0.000 560.542 3.000
C_655 0.000 322.480 7.000
S_656 -16.309 -90.060 10.000
E_657 -21.132 -605.239 10.000
S_658 -16.309 -90.060 10.000
V_659 0.000 613.196 7.000
A_660 0.000 185.740 8.000
L_661 0.000 679.918 5.000
R_662 -25.574 -1015.709 10.000
L_663 0.000 679.918 10.000
R_664 -25.574 -1015.709 10.000
G_665 0.000 -27.649 8.000
G_666 0.000 -27.649 8.000
T_667 -4.441 -90.974 3.000
C_668 0.000 322.480 3.000
C_669 0.000 322.480 3.000
C_670 0.000 322.480 0.000
A_671 0.000 185.740 1.000
G_672 0.000 -27.649 1.000
W_673 -3.990 -203.500 5.000
L_674 0.000 679.918 5.000
D_675 -11.867 -475.402 5.000
V_676 0.000 613.196 6.000
F_677 0.000 560.542 10.000
Y_678 -8.431 -274.939 6.000
N_679 -19.866 -507.047 9.000
G_680 0.000 -27.649 10.000
T_681 -14.420 -90.974 8.000
W_682 -3.436 -203.500 4.000
G_683 0.000 -27.649 4.000
A_684 0.000 185.740 1.000
M_685 0.000 401.769 3.000
C_686 0.000 322.480 7.000
S_687 -13.255 -90.060 7.000
N_688 -16.691 -507.047 7.000
A_689 0.000 185.740 10.000
L_690 0.000 679.918 11.000
K_691 -13.255 -818.649 7.000
D_692 -21.132 -475.402 10.000
L_693 0.000 679.918 10.000
S_694 -16.309 -90.060 10.000
L_695 0.000 679.918 6.000
S_696 -11.867 -90.060 6.000
I_697 0.000 777.529 3.000
I_698 0.000 777.529 6.000
C_699 0.000 322.480 7.000
K_700 -13.255 -818.649 7.000
Q_701 -16.691 -643.904 7.000
L_702 0.000 679.918 7.000
G_703 0.000 -27.649 4.000
C_704 0.000 322.480 0.000
G_705 0.000 -27.649 1.000
V_706 0.000 613.196 1.000
W_707 -0.000 -203.500 1.000
G_708 0.000 -27.649 1.000
V_709 0.000 613.196 1.000
G_710 0.000 -27.649 0.000
L_711 0.000 679.918 0.000
A_712 0.000 185.740 4.000
G_713 0.000 -27.649 8.000
E_714 -18.409 -605.239 8.000
Q_715 -18.409 -643.904 8.000
A_716 0.000 185.740 8.000
L_717 0.000 679.918 4.000
P_718 0.000 -195.996 0.000
L_719 0.000 679.918 0.000
C_720 0.000 322.480 2.000
G_721 0.000 -27.649 7.000
H_722 -11.652 -583.484 11.000
R_723 -32.645 -1015.709 16.000
D_724 -26.485 -475.402 16.000
R_725 -30.711 -1015.709 14.000
L_726 0.000 679.918 9.000
G_727 0.000 -27.649 9.000
G_728 0.000 -27.649 6.000
Q_729 -22.253 -643.904 11.000
H_730 -11.652 -583.484 11.000
R_731 -27.076 -1015.709 11.000
V_732 0.000 613.196 11.000
P_733 0.000 -195.996 9.000
Q_734 -7.878 -643.904 4.000
A_735 0.000 185.740 8.000
A_736 0.000 185.740 8.000
Q_737 -14.591 -643.904 6.000
L_738 0.000 679.918 9.000
H_739 -10.601 -583.484 9.000
S_740 -10.149 -90.060 5.000
V_741 0.000 613.196 5.000
A_742 0.000 185.740 3.000
M_743 0.000 401.769 0.000
P_744 0.000 -195.996 0.000
F_745 0.000 560.542 0.000
P_746 0.000 -195.996 0.000
P_747 0.000 -195.996 0.000
M_748 0.000 401.769 0.000
A_749 0.000 185.740 0.000
P_750 0.000 -195.996 0.000
A_751 0.000 185.740 0.000
L_752 0.000 679.918 5.000
L_753 0.000 679.918 5.000
R_754 -21.845 -1015.709 8.000
P_755 0.000 -195.996 13.000
S_756 -18.462 -90.060 13.000
R_757 -21.845 -1015.709 8.000
A_758 0.000 185.740 8.000
G_759 0.000 -27.649 8.000
L_760 0.000 679.918 7.000
S_761 -17.098 -90.060 11.000
E_762 -26.485 -605.239 16.000
D_763 -26.485 -475.402 16.000
R_764 -33.508 -1015.709 17.000
P_765 0.000 -195.996 13.000
Q_766 -19.866 -643.904 9.000
A_767 0.000 185.740 4.000
A_768 0.000 185.740 8.000
G_769 0.000 -27.649 4.000
E_770 -7.878 -605.239 4.000
P_771 0.000 -195.996 8.000
L_772 0.000 679.918 8.000
N_773 -16.691 -507.047 7.000
C_774 0.000 322.480 10.000
S_775 -17.098 -90.060 11.000
S_776 -13.255 -90.060 7.000
W_777 -4.824 -203.500 7.000
L_778 0.000 679.918 4.000
G_779 0.000 -27.649 1.000
C_780 0.000 322.480 4.000
P_781 0.000 -195.996 8.000
E_782 -18.409 -605.239 8.000
E_783 -18.409 -605.239 8.000
G_784 0.000 -27.649 8.000
A_785 0.000 185.740 9.000
L_786 0.000 679.918 5.000
R_787 -25.574 -1015.709 10.000
V_788 0.000 613.196 10.000
R_789 -25.574 -1015.709 10.000
G_790 0.000 -27.649 9.000
G_791 0.000 -27.649 13.000
E_792 -24.169 -605.239 13.000
D_793 -24.169 -475.402 13.000
R_794 -32.645 -1015.709 16.000
C_795 0.000 322.480 12.000
S_796 -18.462 -90.060 13.000
G_797 0.000 -27.649 8.000
R_798 -28.412 -1015.709 12.000
V_799 0.000 613.196 9.000
E_800 -21.132 -605.239 10.000
L_801 0.000 679.918 7.000
W_802 -4.824 -203.500 7.000
H_803 -4.441 -583.484 3.000
A_804 0.000 185.740 6.000
G_805 0.000 -27.649 6.000
S_806 -7.878 -90.060 4.000
W_807 -4.824 -203.500 7.000
G_808 0.000 -27.649 7.000
T_809 -7.878 -90.974 4.000
V_810 0.000 613.196 7.000
C_811 0.000 322.480 11.000
D_812 -18.409 -475.402 8.000
D_813 -19.866 -475.402 9.000
G_814 0.000 -27.649 13.000
W_815 -5.447 -203.500 9.000
D_816 -11.867 -475.402 5.000
L_817 0.000 679.918 9.000
A_818 0.000 185.740 8.000
D_819 -18.409 -475.402 8.000
A_820 0.000 185.740 8.000
E_821 -18.409 -605.239 8.000
V_822 0.000 613.196 4.000
V_823 0.000 613.196 9.000
C_824 0.000 322.480 9.000
R_825 -23.856 -1015.709 9.000
Q_826 -19.866 -643.904 9.000
L_827 0.000 679.918 9.000
G_828 0.000 -27.649 4.000
C_829 0.000 322.480 5.000
G_830 0.000 -27.649 5.000
R_831 -11.867 -1015.709 5.000
A_832 0.000 185.740 5.000
V_833 0.000 613.196 5.000
A_834 0.000 185.740 0.000
A_835 0.000 185.740 0.000
L_836 0.000 679.918 0.000
G_837 0.000 -27.649 0.000
A_838 0.000 185.740 0.000
A_839 0.000 185.740 0.000
A_840 0.000 185.740 0.000
F_841 0.000 560.542 0.000
G_842 0.000 -27.649 0.000
P_843 0.000 -195.996 3.000
G_844 0.000 -27.649 3.000
S_845 -4.441 -90.060 3.000
G_846 0.000 -27.649 3.000
P_847 0.000 -195.996 4.000
V_848 0.000 613.196 1.000
W_849 -3.990 -203.500 5.000
L_850 0.000 679.918 9.000
D_851 -19.866 -475.402 9.000
E_852 -18.409 -605.239 8.000
V_853 0.000 613.196 8.000
G_854 0.000 -27.649 9.000
C_855 0.000 322.480 5.000
R_856 -21.845 -1015.709 8.000
G_857 0.000 -27.649 12.000
S_858 -17.811 -90.060 12.000
E_859 -21.132 -605.239 10.000
A_860 0.000 185.740 10.000
S_861 -14.420 -90.060 8.000
L_862 0.000 679.918 4.000
W_863 -3.436 -203.500 4.000
G_864 0.000 -27.649 1.000
C_865 0.000 322.480 1.000
P_866 0.000 -195.996 4.000
A_867 0.000 185.740 9.000
E_868 -21.132 -605.239 10.000
R_869 -25.574 -1015.709 10.000
W_870 -6.713 -203.500 15.000
G_871 0.000 -27.649 11.000
R_872 -25.574 -1015.709 10.000
G_873 0.000 -27.649 14.000
D_874 -25.003 -475.402 14.000
R_875 -27.076 -1015.709 11.000
A_876 0.000 185.740 15.000
H_877 -13.255 -583.484 15.000
E_878 -25.003 -605.239 14.000
E_879 -25.003 -605.239 14.000
D_880 -23.258 -475.402 12.000
A_881 0.000 185.740 8.000
G_882 0.000 -27.649 9.000
V_883 0.000 613.196 5.000
R_884 -16.309 -1015.709 6.000
C_885 0.000 322.480 10.000
W_886 -5.708 -203.500 10.000
E_887 -11.867 -605.239 5.000
P_888 0.000 -195.996 5.000
G_889 0.000 -27.649 4.000
P_890 0.000 -195.996 0.000
G_891 0.000 -27.649 0.000
P_892 0.000 -195.996 0.000
P_893 0.000 -195.996 0.000
L_894 0.000 679.918 0.000
P_895 0.000 -195.996 0.000
A_896 0.000 185.740 0.000
A_897 0.000 185.740 0.000
P_898 0.000 -195.996 5.000
F_899 0.000 560.542 8.000
R_900 -21.845 -1015.709 8.000
T_901 -15.425 -90.974 9.000
F_902 0.000 560.542 9.000
W_903 -3.436 -203.500 4.000
V_904 0.000 613.196 4.000
V_905 0.000 613.196 4.000
S_906 -4.441 -90.060 3.000
V_907 0.000 613.196 3.000
V_908 0.000 613.196 3.000
L_909 0.000 679.918 3.000
G_910 0.000 -27.649 3.000
S_911 -4.441 -90.060 3.000
L_912 0.000 679.918 3.000
L_913 0.000 679.918 3.000
G_914 0.000 -27.649 0.000
L_915 0.000 679.918 0.000
L_916 0.000 679.918 0.000
L_917 0.000 679.918 0.000
L_918 0.000 679.918 0.000
G_919 0.000 -27.649 0.000
L_920 0.000 679.918 0.000
M_921 0.000 401.769 0.000
A_922 0.000 185.740 0.000
F_923 0.000 560.542 0.000
L_924 0.000 679.918 0.000
I_925 0.000 777.529 0.000
L_926 0.000 679.918 5.000
P_927 0.000 -195.996 5.000
R_928 -21.845 -1015.709 8.000
V_929 0.000 613.196 12.000
T_930 -17.811 -90.974 12.000
Q_931 -16.691 -643.904 7.000
A_932 0.000 185.740 11.000
M_933 0.000 401.769 13.000
Q_934 -19.866 -643.904 9.000
R_935 -23.856 -1015.709 9.000
G_936 0.000 -27.649 9.000
L_937 0.000 679.918 10.000
G_938 0.000 -27.649 8.000
R_939 -28.412 -1015.709 12.000
S_940 -17.811 -90.060 12.000
E_941 -25.772 -605.239 15.000
V_942 0.000 613.196 10.000
S_943 -13.255 -90.060 7.000
P_944 0.000 -195.996 7.000
G_945 0.000 -27.649 7.000
E_946 -7.878 -605.239 4.000
A_947 0.000 185.740 6.000
I_948 0.000 777.529 10.000
Y_949 -8.431 -274.939 6.000
D_950 -14.591 -475.402 6.000
V_951 0.000 613.196 6.000
I_952 0.000 777.529 8.000
G_953 0.000 -27.649 4.000
E_954 -7.878 -605.239 4.000
M_955 0.000 401.769 4.000
P_956 0.000 -195.996 4.000
P_957 0.000 -195.996 0.000
A_958 0.000 185.740 0.000
G_959 0.000 -27.649 2.000
L_960 0.000 679.918 6.000
Y_961 -11.154 -274.939 10.000
E_962 -21.132 -605.239 10.000
E_963 -21.132 -605.239 10.000
I_964 0.000 777.529 12.000
M_965 0.000 401.769 8.000
E_966 -18.409 -605.239 8.000
A_967 0.000 185.740 8.000
E_968 -18.409 -605.239 8.000
A_969 0.000 185.740 4.000
V_970 0.000 613.196 8.000
L_971 0.000 679.918 8.000
Q_972 -23.258 -643.904 12.000
D_973 -26.485 -475.402 16.000
E_974 -28.912 -605.239 20.000
E_975 -26.485 -605.239 16.000
D_976 -25.772 -475.402 15.000
G_977 0.000 -27.649 11.000
S_978 -13.255 -90.060 7.000
V_979 0.000 613.196 6.000
V_980 0.000 613.196 6.000
K_981 -13.255 -818.649 7.000
V_982 0.000 613.196 10.000
D_983 -25.003 -475.402 14.000
T_984 -17.098 -90.974 11.000
E_985 -22.253 -605.239 11.000
A_986 0.000 185.740 7.000
A_987 0.000 185.740 7.000
V_988 0.000 613.196 3.000
S_989 -13.255 -90.060 7.000
G_990 0.000 -27.649 7.000
E_991 -21.132 -605.239 10.000
V_992 0.000 613.196 11.000
S_993 -17.098 -90.060 11.000
N_994 -16.691 -507.047 7.000
L_995 0.000 679.918 11.000
L_996 0.000 679.918 8.000
E_997 -18.409 -605.239 8.000
G_998 0.000 -27.649 11.000
Q_999 -22.253 -643.904 11.000
S_1000 -17.811 -90.060 12.000
I_1001 0.000 777.529 12.000
R_1002 -28.412 -1015.709 12.000
A_1003 0.000 185.740 9.000
E_1004 -19.866 -605.239 9.000
G_1005 0.000 -27.649 6.000
G_1006 0.000 -27.649 9.000
H_1007 -11.154 -583.484 10.000
S_1008 -16.309 -90.060 10.000
R_1009 -25.574 -1015.709 10.000
P_1010 0.000 -195.996 11.000
V_1011 0.000 613.196 12.000
S_1012 -13.255 -90.060 7.000
Q_1013 -19.866 -643.904 9.000
G_1014 0.000 -27.649 13.000
Y_1015 -12.900 -274.939 14.000
D_1016 -21.132 -475.402 10.000
E_1017 -21.132 -605.239 10.000
A_1018 0.000 185.740 8.000
A_1019 0.000 185.740 4.000
F_1020 0.000 560.542 0.000
P_1021 0.000 -195.996 4.000
L_1022 0.000 679.918 8.000
E_1023 -18.409 -605.239 8.000
E_1024 -22.253 -605.239 11.000
M_1025 0.000 401.769 11.000
T_1026 -13.255 -90.974 7.000
L_1027 0.000 679.918 3.000
