M_1 0.000 401.769 0.000
P_2 0.000 -195.996 0.000
A_3 0.000 185.740 0.000
F_4 0.000 560.542 0.000
L_5 0.000 679.918 0.000
G_6 0.000 -27.649 3.000
L_7 0.000 679.918 3.000
K_8 -4.441 -818.649 3.000
C_9 0.000 322.480 3.000
L_10 0.000 679.918 6.000
G_11 0.000 -27.649 3.000
K_12 -4.441 -818.649 3.000
L_13 0.000 679.918 6.000
C_14 0.000 322.480 9.000
S_15 -16.309 -90.060 10.000
S_16 -18.462 -90.060 13.000
E_17 -26.485 -605.239 16.000
K_18 -20.127 -818.649 16.000
S_19 -18.462 -90.060 13.000
K_20 -17.811 -818.649 12.000
V_21 0.000 613.196 12.000
T_22 -17.811 -90.974 12.000
S_23 -18.462 -90.060 13.000
S_24 -21.060 -90.060 18.000
E_25 -27.773 -605.239 18.000
R_26 -34.315 -1015.709 18.000
T_27 -19.613 -90.974 15.000
S_28 -20.127 -90.060 16.000
A_29 0.000 185.740 11.000
R_30 -27.076 -1015.709 11.000
G_31 0.000 -27.649 12.000
S_32 -20.609 -90.060 17.000
N_33 -25.772 -507.047 15.000
R_34 -35.785 -1015.709 20.000
K_35 -20.609 -818.649 17.000
R_36 -29.616 -1015.709 13.000
L_37 0.000 679.918 8.000
I_38 0.000 777.529 9.000
V_39 0.000 613.196 8.000
E_40 -24.169 -605.239 13.000
D_41 -27.773 -475.402 18.000
R_42 -34.315 -1015.709 18.000
R_43 -33.508 -1015.709 17.000
V_44 0.000 613.196 13.000
S_45 -17.098 -90.060 11.000
G_46 0.000 -27.649 9.000
T_47 -15.425 -90.974 9.000
S_48 -15.425 -90.060 9.000
F_49 0.000 560.542 9.000
T_50 -14.420 -90.974 8.000
A_51 0.000 185.740 10.000
H_52 -13.255 -583.484 15.000
R_53 -28.412 -1015.709 12.000
R_54 -31.716 -1015.709 15.000
A_55 0.000 185.740 13.000
T_56 -17.098 -90.974 11.000
I_57 0.000 777.529 8.000
T_58 -14.420 -90.974 8.000
H_59 -7.426 -583.484 5.000
L_60 0.000 679.918 7.000
L_61 0.000 679.918 4.000
Y_62 -1.718 -274.939 2.000
L_63 0.000 679.918 2.000
C_64 0.000 322.480 5.000
P_65 0.000 -195.996 7.000
K_66 -15.425 -818.649 9.000
D_67 -19.866 -475.402 9.000
Y_68 -10.601 -274.939 9.000
C_69 0.000 322.480 11.000
P_70 0.000 -195.996 7.000
R_71 -25.574 -1015.709 10.000
G_72 0.000 -27.649 10.000
R_73 -25.574 -1015.709 10.000
V_74 0.000 613.196 9.000
C_75 0.000 322.480 12.000
N_76 -16.691 -507.047 7.000
S_77 -17.098 -90.060 11.000
V_78 0.000 613.196 11.000
D_79 -16.691 -475.402 7.000
P_80 0.000 -195.996 4.000
F_81 0.000 560.542 4.000
V_82 0.000 613.196 2.000
A_83 0.000 185.740 2.000
H_84 -8.431 -583.484 6.000
P_85 0.000 -195.996 10.000
Q_86 -21.132 -643.904 10.000
D_87 -21.132 -475.402 10.000
P_88 0.000 -195.996 12.000
H_89 -9.978 -583.484 8.000
H_90 -9.265 -583.484 7.000
P_91 0.000 -195.996 11.000
S_92 -17.811 -90.060 12.000
E_93 -21.132 -605.239 10.000
K_94 -16.309 -818.649 10.000
P_95 0.000 -195.996 7.000
V_96 0.000 613.196 5.000
I_97 0.000 777.529 2.000
H_98 -6.160 -583.484 4.000
C_99 0.000 322.480 7.000
H_100 -9.265 -583.484 7.000
K_101 -10.149 -818.649 5.000
C_102 0.000 322.480 9.000
G_103 0.000 -27.649 7.000
E_104 -7.878 -605.239 4.000
P_105 0.000 -195.996 7.000
C_106 0.000 322.480 7.000
K_107 -13.255 -818.649 7.000
G_108 0.000 -27.649 7.000
E_109 -16.691 -605.239 7.000
V_110 0.000 613.196 9.000
L_111 0.000 679.918 9.000
R_112 -23.856 -1015.709 9.000
V_113 0.000 613.196 12.000
Q_114 -25.772 -643.904 15.000
T_115 -17.811 -90.974 12.000
K_116 -17.811 -818.649 12.000
H_117 -11.154 -583.484 10.000
F_118 0.000 560.542 7.000
H_119 -9.265 -583.484 7.000
I_120 0.000 777.529 5.000
K_121 -10.149 -818.649 5.000
C_122 0.000 322.480 6.000
F_123 0.000 560.542 6.000
T_124 -11.867 -90.974 6.000
C_125 0.000 322.480 6.000
K_126 -11.867 -818.649 6.000
V_127 0.000 613.196 3.000
C_128 0.000 322.480 3.000
G_129 0.000 -27.649 4.000
C_130 0.000 322.480 4.000
D_131 -7.878 -475.402 4.000
L_132 0.000 679.918 8.000
A_133 0.000 185.740 8.000
Q_134 -7.878 -643.904 4.000
G_135 0.000 -27.649 4.000
G_136 0.000 -27.649 4.000
F_137 0.000 560.542 0.000
F_138 0.000 560.542 3.000
I_139 0.000 777.529 7.000
K_140 -13.255 -818.649 7.000
N_141 -22.253 -507.047 11.000
G_142 0.000 -27.649 13.000
E_143 -21.132 -605.239 10.000
Y_144 -8.431 -274.939 6.000
L_145 0.000 679.918 9.000
C_146 0.000 322.480 5.000
T_147 -13.255 -90.974 7.000
L_148 0.000 679.918 9.000
D_149 -24.169 -475.402 13.000
Y_150 -13.255 -274.939 15.000
Q_151 -25.772 -643.904 15.000
R_152 -29.616 -1015.709 13.000
M_153 0.000 401.769 11.000
Y_154 -11.154 -274.939 10.000
G_155 0.000 -27.649 10.000
T_156 -16.309 -90.974 10.000
R_157 -25.574 -1015.709 10.000
C_158 0.000 322.480 10.000
H_159 -9.265 -583.484 7.000
G_160 0.000 -27.649 2.000
C_161 0.000 322.480 6.000
G_162 0.000 -27.649 4.000
E_163 -7.878 -605.239 4.000
F_164 0.000 560.542 8.000
V_165 0.000 613.196 8.000
E_166 -18.409 -605.239 8.000
G_167 0.000 -27.649 8.000
E_168 -18.409 -605.239 8.000
V_169 0.000 613.196 7.000
V_170 0.000 613.196 7.000
T_171 -4.441 -90.974 3.000
A_172 0.000 185.740 3.000
L_173 0.000 679.918 6.000
G_174 0.000 -27.649 6.000
K_175 -14.420 -818.649 8.000
T_176 -16.309 -90.974 10.000
Y_177 -11.154 -274.939 10.000
H_178 -11.652 -583.484 11.000
P_179 0.000 -195.996 8.000
N_180 -14.591 -507.047 6.000
C_181 0.000 322.480 4.000
F_182 0.000 560.542 4.000
A_183 0.000 185.740 3.000
C_184 0.000 322.480 3.000
T_185 -4.441 -90.974 3.000
I_186 0.000 777.529 6.000
C_187 0.000 322.480 11.000
K_188 -14.420 -818.649 8.000
R_189 -21.845 -1015.709 8.000
P_190 0.000 -195.996 8.000
F_191 0.000 560.542 5.000
P_192 0.000 -195.996 0.000
P_193 0.000 -195.996 4.000
G_194 0.000 -27.649 9.000
D_195 -19.866 -475.402 9.000
R_196 -28.412 -1015.709 12.000
V_197 0.000 613.196 12.000
T_198 -17.811 -90.974 12.000
F_199 0.000 560.542 7.000
N_200 -23.258 -507.047 12.000
G_201 0.000 -27.649 13.000
R_202 -29.616 -1015.709 13.000
D_203 -19.866 -475.402 9.000
C_204 0.000 322.480 9.000
L_205 0.000 679.918 8.000
C_206 0.000 322.480 4.000
Q_207 -7.878 -643.904 4.000
L_208 0.000 679.918 4.000
C_209 0.000 322.480 8.000
A_210 0.000 185.740 4.000
Q_211 -7.878 -643.904 4.000
P_212 0.000 -195.996 7.000
M_213 0.000 401.769 10.000
S_214 -15.425 -90.060 9.000
S_215 -15.425 -90.060 9.000
S_216 -17.811 -90.060 12.000
P_217 0.000 -195.996 13.000
K_218 -18.462 -818.649 13.000
E_219 -24.169 -605.239 13.000
T_220 -18.462 -90.974 13.000
T_221 -18.462 -90.974 13.000
F_222 0.000 560.542 12.000
S_223 -18.462 -90.060 13.000
S_224 -16.309 -90.060 10.000
N_225 -21.132 -507.047 10.000
C_226 0.000 322.480 7.000
A_227 0.000 185.740 4.000
G_228 0.000 -27.649 0.000
C_229 0.000 322.480 5.000
G_230 0.000 -27.649 9.000
R_231 -23.856 -1015.709 9.000
D_232 -23.258 -475.402 12.000
I_233 0.000 777.529 16.000
K_234 -17.098 -818.649 11.000
N_235 -22.253 -507.047 11.000
G_236 0.000 -27.649 11.000
Q_237 -18.409 -643.904 8.000
A_238 0.000 185.740 4.000
L_239 0.000 679.918 4.000
L_240 0.000 679.918 0.000
A_241 0.000 185.740 4.000
L_242 0.000 679.918 7.000
D_243 -22.253 -475.402 11.000
K_244 -17.811 -818.649 12.000
Q_245 -25.003 -643.904 14.000
W_246 -5.708 -203.500 10.000
H_247 -9.265 -583.484 7.000
L_248 0.000 679.918 3.000
G_249 0.000 -27.649 2.000
C_250 0.000 322.480 3.000
F_251 0.000 560.542 3.000
K_252 -11.867 -818.649 6.000
C_253 0.000 322.480 9.000
K_254 -15.425 -818.649 9.000
S_255 -11.867 -90.060 6.000
C_256 0.000 322.480 9.000
G_257 0.000 -27.649 6.000
K_258 -4.441 -818.649 3.000
V_259 0.000 613.196 6.000
L_260 0.000 679.918 6.000
T_261 -13.255 -90.974 7.000
G_262 0.000 -27.649 9.000
E_263 -19.866 -605.239 9.000
Y_264 -10.601 -274.939 9.000
I_265 0.000 777.529 12.000
S_266 -17.811 -90.060 12.000
K_267 -16.309 -818.649 10.000
D_268 -21.132 -475.402 10.000
G_269 0.000 -27.649 7.000
A_270 0.000 185.740 6.000
P_271 0.000 -195.996 2.000
Y_272 -8.431 -274.939 6.000
C_273 0.000 322.480 9.000
E_274 -24.169 -605.239 13.000
K_275 -18.462 -818.649 13.000
D_276 -27.150 -475.402 17.000
Y_277 -12.518 -274.939 13.000
Q_278 -21.132 -643.904 10.000
G_279 0.000 -27.649 6.000
L_280 0.000 679.918 4.000
F_281 0.000 560.542 0.000
G_282 0.000 -27.649 3.000
V_283 0.000 613.196 3.000
K_284 -13.255 -818.649 7.000
C_285 0.000 322.480 7.000
E_286 -16.691 -605.239 7.000
A_287 0.000 185.740 6.000
C_288 0.000 322.480 10.000
H_289 -8.431 -583.484 6.000
Q_290 -14.591 -643.904 6.000
F_291 0.000 560.542 9.000
I_292 0.000 777.529 7.000
T_293 -11.867 -90.974 6.000
G_294 0.000 -27.649 6.000
K_295 -11.867 -818.649 6.000
V_296 0.000 613.196 7.000
L_297 0.000 679.918 7.000
E_298 -7.878 -605.239 4.000
A_299 0.000 185.740 8.000
G_300 0.000 -27.649 11.000
D_301 -19.866 -475.402 9.000
K_302 -17.098 -818.649 11.000
H_303 -12.518 -583.484 13.000
Y_304 -10.601 -274.939 9.000
H_305 -10.601 -583.484 9.000
P_306 0.000 -195.996 7.000
S_307 -10.149 -90.060 5.000
C_308 0.000 322.480 8.000
A_309 0.000 185.740 8.000
R_310 -21.845 -1015.709 8.000
C_311 0.000 322.480 13.000
S_312 -18.462 -90.060 13.000
R_313 -28.412 -1015.709 12.000
C_314 0.000 322.480 16.000
N_315 -24.169 -507.047 13.000
Q_316 -18.409 -643.904 8.000
M_317 0.000 401.769 11.000
F_318 0.000 560.542 11.000
T_319 -13.255 -90.974 7.000
E_320 -22.253 -605.239 11.000
G_321 0.000 -27.649 15.000
E_322 -23.258 -605.239 12.000
E_323 -21.132 -605.239 10.000
M_324 0.000 401.769 10.000
Y_325 -11.154 -274.939 10.000
L_326 0.000 679.918 6.000
Q_327 -19.866 -643.904 9.000
G_328 0.000 -27.649 10.000
S_329 -16.309 -90.060 10.000
T_330 -13.255 -90.974 7.000
V_331 0.000 613.196 9.000
W_332 -4.441 -203.500 6.000
H_333 -9.265 -583.484 7.000
P_334 0.000 -195.996 7.000
D_335 -19.866 -475.402 9.000
C_336 0.000 322.480 11.000
K_337 -19.059 -818.649 14.000
Q_338 -24.169 -643.904 13.000
S_339 -20.127 -90.060 16.000
T_340 -20.127 -90.974 16.000
K_341 -20.127 -818.649 16.000
T_342 -20.609 -90.974 17.000
E_343 -27.150 -605.239 17.000
E_344 -25.003 -605.239 14.000
K_345 -20.127 -818.649 16.000
L_346 0.000 679.918 12.000
R_347 -27.076 -1015.709 11.000
P_348 0.000 -195.996 13.000
T_349 -20.127 -90.974 16.000
R_350 -30.711 -1015.709 14.000
T_351 -20.609 -90.974 17.000
S_352 -21.060 -90.060 18.000
S_353 -20.127 -90.060 16.000
E_354 -24.169 -605.239 13.000
S_355 -17.811 -90.060 12.000
I_356 0.000 777.529 12.000
Y_357 -12.518 -274.939 13.000
S_358 -16.309 -90.060 10.000
R_359 -25.574 -1015.709 10.000
P_360 0.000 -195.996 11.000
G_361 0.000 -27.649 11.000
S_362 -11.867 -90.060 6.000
S_363 -11.867 -90.060 6.000
I_364 0.000 777.529 6.000
P_365 0.000 -195.996 6.000
G_366 0.000 -27.649 3.000
S_367 -4.441 -90.060 3.000
P_368 0.000 -195.996 5.000
G_369 0.000 -27.649 8.000
H_370 -7.426 -583.484 5.000
T_371 -13.255 -90.974 7.000
I_372 0.000 777.529 7.000
Y_373 -9.978 -274.939 8.000
A_374 0.000 185.740 5.000
K_375 -15.425 -818.649 9.000
V_376 0.000 613.196 11.000
D_377 -25.772 -475.402 15.000
N_378 -23.258 -507.047 12.000
E_379 -23.258 -605.239 12.000
I_380 0.000 777.529 12.000
L_381 0.000 679.918 10.000
D_382 -19.866 -475.402 9.000
Y_383 -12.518 -274.939 13.000
K_384 -18.462 -818.649 13.000
D_385 -19.866 -475.402 9.000
L_386 0.000 679.918 7.000
A_387 0.000 185.740 4.000
A_388 0.000 185.740 0.000
I_389 0.000 777.529 3.000
P_390 0.000 -195.996 3.000
K_391 -11.867 -818.649 6.000
V_392 0.000 613.196 6.000
K_393 -11.867 -818.649 6.000
A_394 0.000 185.740 5.000
I_395 0.000 777.529 9.000
Y_396 -8.431 -274.939 6.000
D_397 -21.132 -475.402 10.000
I_398 0.000 777.529 15.000
E_399 -24.169 -605.239 13.000
R_400 -29.616 -1015.709 13.000
P_401 0.000 -195.996 13.000
D_402 -19.866 -475.402 9.000
L_403 0.000 679.918 7.000
I_404 0.000 777.529 9.000
T_405 -15.425 -90.974 9.000
Y_406 -10.601 -274.939 9.000
E_407 -19.866 -605.239 9.000
P_408 0.000 -195.996 8.000
F_409 0.000 560.542 9.000
Y_410 -9.978 -274.939 8.000
T_411 -14.420 -90.974 8.000
S_412 -16.309 -90.060 10.000
G_413 0.000 -27.649 12.000
Y_414 -12.518 -274.939 13.000
D_415 -24.169 -475.402 13.000
D_416 -27.150 -475.402 17.000
K_417 -21.486 -818.649 19.000
Q_418 -28.912 -643.904 20.000
E_419 -28.912 -605.239 20.000
R_420 -35.785 -1015.709 20.000
Q_421 -26.485 -643.904 16.000
S_422 -17.811 -90.060 12.000
L_423 0.000 679.918 11.000
G_424 0.000 -27.649 10.000
E_425 -16.691 -605.239 7.000
S_426 -17.811 -90.060 12.000
P_427 0.000 -195.996 15.000
R_428 -27.076 -1015.709 11.000
T_429 -17.098 -90.974 11.000
L_430 0.000 679.918 11.000
S_431 -15.425 -90.060 9.000
P_432 0.000 -195.996 6.000
T_433 -15.425 -90.974 9.000
P_434 0.000 -195.996 6.000
S_435 -16.309 -90.060 10.000
A_436 0.000 185.740 7.000
E_437 -19.866 -605.239 9.000
G_438 0.000 -27.649 10.000
Y_439 -12.900 -274.939 14.000
Q_440 -21.132 -643.904 10.000
D_441 -25.772 -475.402 15.000
V_442 0.000 613.196 17.000
R_443 -34.315 -1015.709 18.000
D_444 -25.003 -475.402 14.000
R_445 -30.711 -1015.709 14.000
M_446 0.000 401.769 11.000
I_447 0.000 777.529 12.000
H_448 -11.154 -583.484 10.000
R_449 -29.616 -1015.709 13.000
S_450 -20.127 -90.060 16.000
T_451 -21.060 -90.974 18.000
S_452 -18.462 -90.060 13.000
Q_453 -24.169 -643.904 13.000
G_454 0.000 -27.649 10.000
S_455 -17.098 -90.060 11.000
I_456 0.000 777.529 10.000
N_457 -21.132 -507.047 10.000
S_458 -13.255 -90.060 7.000
P_459 0.000 -195.996 9.000
V_460 0.000 613.196 8.000
Y_461 -11.154 -274.939 10.000
S_462 -17.811 -90.060 12.000
R_463 -31.716 -1015.709 15.000
H_464 -13.255 -583.484 15.000
S_465 -19.613 -90.060 15.000
Y_466 -11.154 -274.939 10.000
T_467 -17.098 -90.974 11.000
P_468 0.000 -195.996 11.000
T_469 -17.811 -90.974 12.000
T_470 -19.059 -90.974 14.000
S_471 -20.609 -90.060 17.000
R_472 -30.711 -1015.709 14.000
S_473 -19.613 -90.060 15.000
P_474 0.000 -195.996 14.000
Q_475 -19.866 -643.904 9.000
H_476 -9.978 -583.484 8.000
F_477 0.000 560.542 13.000
H_478 -10.601 -583.484 9.000
R_479 -19.414 -1015.709 7.000
P_480 0.000 -195.996 11.000
G_481 0.000 -27.649 13.000
N_482 -18.409 -507.047 8.000
E_483 -22.253 -605.239 11.000
P_484 0.000 -195.996 14.000
S_485 -16.309 -90.060 10.000
S_486 -17.098 -90.060 11.000
G_487 0.000 -27.649 15.000
R_488 -31.716 -1015.709 15.000
N_489 -23.258 -507.047 12.000
S_490 -17.811 -90.060 12.000
P_491 0.000 -195.996 7.000
L_492 0.000 679.918 5.000
P_493 0.000 -195.996 7.000
Y_494 -9.265 -274.939 7.000
R_495 -27.076 -1015.709 11.000
P_496 0.000 -195.996 14.000
D_497 -27.150 -475.402 17.000
S_498 -17.811 -90.060 12.000
R_499 -28.412 -1015.709 12.000
P_500 0.000 -195.996 11.000
L_501 0.000 679.918 8.000
T_502 -11.867 -90.974 6.000
P_503 0.000 -195.996 8.000
T_504 -14.420 -90.974 8.000
Y_505 -10.601 -274.939 9.000
A_506 0.000 185.740 9.000
Q_507 -14.591 -643.904 6.000
A_508 0.000 185.740 7.000
P_509 0.000 -195.996 9.000
K_510 -10.149 -818.649 5.000
H_511 -9.265 -583.484 7.000
F_512 0.000 560.542 7.000
H_513 -6.160 -583.484 4.000
V_514 0.000 613.196 6.000
P_515 0.000 -195.996 10.000
D_516 -18.409 -475.402 8.000
Q_517 -18.409 -643.904 8.000
G_518 0.000 -27.649 12.000
I_519 0.000 777.529 8.000
N_520 -14.591 -507.047 6.000
I_521 0.000 777.529 11.000
Y_522 -12.900 -274.939 14.000
R_523 -25.574 -1015.709 10.000
K_524 -16.309 -818.649 10.000
P_525 0.000 -195.996 8.000
P_526 0.000 -195.996 5.000
I_527 0.000 777.529 5.000
Y_528 -10.601 -274.939 9.000
K_529 -17.098 -818.649 11.000
Q_530 -22.253 -643.904 11.000
H_531 -10.601 -583.484 9.000
A_532 0.000 185.740 6.000
A_533 0.000 185.740 2.000
L_534 0.000 679.918 0.000
A_535 0.000 185.740 4.000
A_536 0.000 185.740 7.000
Q_537 -21.132 -643.904 10.000
S_538 -18.462 -90.060 13.000
K_539 -20.127 -818.649 16.000
S_540 -20.127 -90.060 16.000
S_541 -20.609 -90.060 17.000
E_542 -25.003 -605.239 14.000
D_543 -22.253 -475.402 11.000
I_544 0.000 777.529 11.000
I_545 0.000 777.529 7.000
K_546 -11.867 -818.649 6.000
F_547 0.000 560.542 9.000
S_548 -15.425 -90.060 9.000
K_549 -11.867 -818.649 6.000
F_550 0.000 560.542 6.000
P_551 0.000 -195.996 3.000
A_552 0.000 185.740 4.000
A_553 0.000 185.740 4.000
Q_554 -7.878 -643.904 4.000
A_555 0.000 185.740 8.000
P_556 0.000 -195.996 8.000
D_557 -16.691 -475.402 7.000
P_558 0.000 -195.996 11.000
S_559 -19.059 -90.060 14.000
E_560 -21.132 -605.239 10.000
T_561 -18.462 -90.974 13.000
P_562 0.000 -195.996 10.000
K_563 -16.309 -818.649 10.000
I_564 0.000 777.529 10.000
E_565 -25.003 -605.239 14.000
T_566 -18.462 -90.974 13.000
D_567 -25.003 -475.402 14.000
H_568 -11.154 -583.484 10.000
W_569 -4.824 -203.500 7.000
P_570 0.000 -195.996 3.000
G_571 0.000 -27.649 1.000
P_572 0.000 -195.996 3.000
P_573 0.000 -195.996 3.000
S_574 -4.441 -90.060 3.000
F_575 0.000 560.542 3.000
A_576 0.000 185.740 3.000
V_577 0.000 613.196 0.000
V_578 0.000 613.196 0.000
G_579 0.000 -27.649 4.000
P_580 0.000 -195.996 4.000
D_581 -16.691 -475.402 7.000
M_582 0.000 401.769 12.000
K_583 -20.609 -818.649 17.000
R_584 -32.645 -1015.709 16.000
R_585 -35.072 -1015.709 19.000
S_586 -20.127 -90.060 16.000
S_587 -20.127 -90.060 16.000
G_588 0.000 -27.649 15.000
R_589 -32.645 -1015.709 16.000
E_590 -27.150 -605.239 17.000
E_591 -29.436 -605.239 21.000
D_592 -28.912 -475.402 20.000
D_593 -28.912 -475.402 20.000
E_594 -26.485 -605.239 16.000
E_595 -23.258 -605.239 12.000
L_596 0.000 679.918 13.000
L_597 0.000 679.918 14.000
R_598 -31.716 -1015.709 15.000
R_599 -35.072 -1015.709 19.000
R_600 -35.072 -1015.709 19.000
Q_601 -27.773 -643.904 18.000
L_602 0.000 679.918 17.000
Q_603 -26.485 -643.904 16.000
E_604 -26.485 -605.239 16.000
E_605 -26.485 -605.239 16.000
Q_606 -23.258 -643.904 12.000
L_607 0.000 679.918 11.000
M_608 0.000 401.769 7.000
K_609 -13.255 -818.649 7.000
L_610 0.000 679.918 10.000
N_611 -21.132 -507.047 10.000
S_612 -13.255 -90.060 7.000
G_613 0.000 -27.649 7.000
L_614 0.000 679.918 7.000
G_615 0.000 -27.649 4.000
Q_616 -7.878 -643.904 4.000
L_617 0.000 679.918 4.000
I_618 0.000 777.529 7.000
L_619 0.000 679.918 7.000
K_620 -17.098 -818.649 11.000
E_621 -22.253 -605.239 11.000
E_622 -25.772 -605.239 15.000
M_623 0.000 401.769 15.000
E_624 -25.772 -605.239 15.000
K_625 -19.059 -818.649 14.000
E_626 -28.359 -605.239 19.000
S_627 -21.486 -90.060 19.000
R_628 -36.459 -1015.709 21.000
E_629 -28.912 -605.239 20.000
R_630 -35.785 -1015.709 20.000
S_631 -19.613 -90.060 15.000
S_632 -17.098 -90.060 11.000
L_633 0.000 679.918 6.000
L_634 0.000 679.918 6.000
A_635 0.000 185.740 8.000
S_636 -16.309 -90.060 10.000
R_637 -30.711 -1015.709 14.000
Y_638 -13.896 -274.939 17.000
D_639 -25.003 -475.402 14.000
S_640 -15.425 -90.060 9.000
P_641 0.000 -195.996 11.000
I_642 0.000 777.529 10.000
N_643 -16.691 -507.047 7.000
S_644 -16.309 -90.060 10.000
A_645 0.000 185.740 12.000
S_646 -14.420 -90.060 8.000
H_647 -7.426 -583.484 5.000
I_648 0.000 777.529 8.000
P_649 0.000 -195.996 8.000
S_650 -15.425 -90.060 9.000
S_651 -17.811 -90.060 12.000
K_652 -17.811 -818.649 12.000
T_653 -17.811 -90.974 12.000
A_654 0.000 185.740 9.000
S_655 -11.867 -90.060 6.000
L_656 0.000 679.918 3.000
P_657 0.000 -195.996 5.000
G_658 0.000 -27.649 2.000
Y_659 -9.265 -274.939 7.000
G_660 0.000 -27.649 11.000
R_661 -27.076 -1015.709 11.000
N_662 -19.866 -507.047 9.000
G_663 0.000 -27.649 11.000
L_664 0.000 679.918 11.000
H_665 -9.265 -583.484 7.000
R_666 -19.414 -1015.709 7.000
P_667 0.000 -195.996 10.000
V_668 0.000 613.196 11.000
S_669 -16.309 -90.060 10.000
T_670 -16.309 -90.974 10.000
D_671 -21.132 -475.402 10.000
F_672 0.000 560.542 11.000
A_673 0.000 185.740 10.000
Q_674 -21.132 -643.904 10.000
Y_675 -12.518 -274.939 13.000
N_676 -25.772 -507.047 15.000
S_677 -17.098 -90.060 11.000
Y_678 -12.518 -274.939 13.000
G_679 0.000 -27.649 9.000
D_680 -19.866 -475.402 9.000
V_681 0.000 613.196 7.000
S_682 -13.255 -90.060 7.000
G_683 0.000 -27.649 3.000
G_684 0.000 -27.649 8.000
V_685 0.000 613.196 9.000
R_686 -27.076 -1015.709 11.000
D_687 -25.772 -475.402 15.000
Y_688 -14.188 -274.939 18.000
Q_689 -24.169 -643.904 13.000
T_690 -15.425 -90.974 9.000
L_691 0.000 679.918 11.000
P_692 0.000 -195.996 7.000
D_693 -14.591 -475.402 6.000
G_694 0.000 -27.649 6.000
H_695 -8.431 -583.484 6.000
M_696 0.000 401.769 2.000
P_697 0.000 -195.996 2.000
A_698 0.000 185.740 5.000
M_699 0.000 401.769 5.000
R_700 -23.856 -1015.709 9.000
M_701 0.000 401.769 14.000
D_702 -25.003 -475.402 14.000
R_703 -23.856 -1015.709 9.000
G_704 0.000 -27.649 12.000
V_705 0.000 613.196 8.000
S_706 -4.441 -90.060 3.000
M_707 0.000 401.769 7.000
P_708 0.000 -195.996 7.000
N_709 -7.878 -507.047 4.000
M_710 0.000 401.769 8.000
L_711 0.000 679.918 8.000
E_712 -16.691 -605.239 7.000
P_713 0.000 -195.996 7.000
K_714 -13.255 -818.649 7.000
I_715 0.000 777.529 3.000
F_716 0.000 560.542 5.000
P_717 0.000 -195.996 6.000
Y_718 -8.431 -274.939 6.000
E_719 -14.591 -605.239 6.000
M_720 0.000 401.769 6.000
L_721 0.000 679.918 4.000
M_722 0.000 401.769 3.000
V_723 0.000 613.196 7.000
T_724 -17.811 -90.974 12.000
N_725 -23.258 -507.047 12.000
R_726 -33.508 -1015.709 17.000
G_727 0.000 -27.649 18.000
R_728 -33.508 -1015.709 17.000
N_729 -23.258 -507.047 12.000
K_730 -17.811 -818.649 12.000
I_731 0.000 777.529 12.000
L_732 0.000 679.918 12.000
R_733 -23.856 -1015.709 9.000
E_734 -24.169 -605.239 13.000
V_735 0.000 613.196 18.000
D_736 -26.485 -475.402 16.000
R_737 -33.508 -1015.709 17.000
T_738 -20.609 -90.974 17.000
R_739 -33.508 -1015.709 17.000
L_740 0.000 679.918 17.000
E_741 -26.485 -605.239 16.000
R_742 -27.076 -1015.709 11.000
H_743 -11.652 -583.484 11.000
L_744 0.000 679.918 7.000
A_745 0.000 185.740 6.000
P_746 0.000 -195.996 4.000
E_747 -7.878 -605.239 4.000
V_748 0.000 613.196 9.000
F_749 0.000 560.542 13.000
R_750 -23.856 -1015.709 9.000
E_751 -19.866 -605.239 9.000
I_752 0.000 777.529 9.000
F_753 0.000 560.542 4.000
G_754 0.000 -27.649 3.000
M_755 0.000 401.769 3.000
S_756 -13.255 -90.060 7.000
I_757 0.000 777.529 11.000
Q_758 -22.253 -643.904 11.000
E_759 -23.258 -605.239 12.000
F_760 0.000 560.542 17.000
D_761 -24.169 -475.402 13.000
R_762 -23.856 -1015.709 9.000
L_763 0.000 679.918 9.000
P_764 0.000 -195.996 6.000
L_765 0.000 679.918 6.000
W_766 -5.944 -203.500 11.000
R_767 -31.716 -1015.709 15.000
R_768 -35.072 -1015.709 19.000
N_769 -27.773 -507.047 18.000
D_770 -26.485 -475.402 16.000
M_771 0.000 401.769 14.000
K_772 -18.462 -818.649 13.000
K_773 -15.425 -818.649 9.000
K_774 -17.811 -818.649 12.000
A_775 0.000 185.740 9.000
K_776 -11.867 -818.649 6.000
L_777 0.000 679.918 3.000
F_778 0.000 560.542 3.000
