M_1 0.000 401.769 0.000
A_2 0.000 185.740 0.000
P_3 0.000 -195.996 1.000
P_4 0.000 -195.996 1.000
W_5 -0.000 -203.500 1.000
V_6 0.000 613.196 1.000
P_7 0.000 -195.996 1.000
A_8 0.000 185.740 0.000
M_9 0.000 401.769 0.000
G_10 0.000 -27.649 3.000
F_11 0.000 560.542 3.000
T_12 -4.441 -90.974 3.000
L_13 0.000 679.918 3.000
A_14 0.000 185.740 6.000
P_15 0.000 -195.996 3.000
S_16 -4.441 -90.060 3.000
L_17 0.000 679.918 3.000
G_18 0.000 -27.649 3.000
C_19 0.000 322.480 0.000
F_20 0.000 560.542 0.000
V_21 0.000 613.196 3.000
G_22 0.000 -27.649 8.000
S_23 -14.420 -90.060 8.000
R_24 -21.845 -1015.709 8.000
F_25 0.000 560.542 10.000
V_26 0.000 613.196 7.000
H_27 -8.431 -583.484 6.000
G_28 0.000 -27.649 6.000
E_29 -14.591 -605.239 6.000
G_30 0.000 -27.649 9.000
L_31 0.000 679.918 10.000
R_32 -21.845 -1015.709 8.000
W_33 -5.155 -203.500 8.000
Y_34 -9.978 -274.939 8.000
A_35 0.000 185.740 3.000
G_36 0.000 -27.649 6.000
L_37 0.000 679.918 7.000
Q_38 -16.691 -643.904 7.000
K_39 -16.309 -818.649 10.000
P_40 0.000 -195.996 11.000
S_41 -15.425 -90.060 9.000
W_42 -4.441 -203.500 6.000
H_43 -8.431 -583.484 6.000
P_44 0.000 -195.996 5.000
P_45 0.000 -195.996 5.000
H_46 -4.441 -583.484 3.000
W_47 -2.723 -203.500 3.000
V_48 0.000 613.196 3.000
L_49 0.000 679.918 1.000
G_50 0.000 -27.649 0.000
P_51 0.000 -195.996 1.000
V_52 0.000 613.196 1.000
W_53 -3.436 -203.500 4.000
G_54 0.000 -27.649 4.000
T_55 -11.867 -90.974 6.000
L_56 0.000 679.918 8.000
Y_57 -9.978 -274.939 8.000
S_58 -10.149 -90.060 5.000
A_59 0.000 185.740 5.000
M_60 0.000 401.769 5.000
G_61 0.000 -27.649 2.000
Y_62 -7.426 -274.939 5.000
G_63 0.000 -27.649 7.000
S_64 -13.255 -90.060 7.000
Y_65 -7.426 -274.939 5.000
L_66 0.000 679.918 6.000
V_67 0.000 613.196 6.000
W_68 -5.155 -203.500 8.000
K_69 -14.420 -818.649 8.000
E_70 -18.409 -605.239 8.000
L_71 0.000 679.918 7.000
G_72 0.000 -27.649 4.000
G_73 0.000 -27.649 3.000
F_74 0.000 560.542 7.000
T_75 -16.309 -90.974 10.000
E_76 -21.132 -605.239 10.000
K_77 -16.309 -818.649 10.000
A_78 0.000 185.740 7.000
V_79 0.000 613.196 3.000
V_80 0.000 613.196 0.000
P_81 0.000 -195.996 0.000
L_82 0.000 679.918 0.000
G_83 0.000 -27.649 2.000
L_84 0.000 679.918 5.000
Y_85 -7.426 -274.939 5.000
T_86 -15.425 -90.974 9.000
G_87 0.000 -27.649 9.000
Q_88 -16.691 -643.904 7.000
L_89 0.000 679.918 4.000
A_90 0.000 185.740 8.000
L_91 0.000 679.918 5.000
N_92 -11.867 -507.047 5.000
W_93 -4.441 -203.500 6.000
A_94 0.000 185.740 6.000
W_95 -1.718 -203.500 2.000
P_96 0.000 -195.996 1.000
P_97 0.000 -195.996 1.000
I_98 0.000 777.529 0.000
F_99 0.000 560.542 0.000
F_100 0.000 560.542 0.000
G_101 0.000 -27.649 5.000
A_102 0.000 185.740 9.000
R_103 -23.856 -1015.709 9.000
Q_104 -19.866 -643.904 9.000
M_105 0.000 401.769 10.000
G_106 0.000 -27.649 5.000
W_107 -0.000 -203.500 1.000
A_108 0.000 185.740 1.000
L_109 0.000 679.918 5.000
V_110 0.000 613.196 4.000
D_111 -7.878 -475.402 4.000
L_112 0.000 679.918 4.000
L_113 0.000 679.918 4.000
L_114 0.000 679.918 3.000
V_115 0.000 613.196 3.000
S_116 -4.441 -90.060 3.000
G_117 0.000 -27.649 3.000
A_118 0.000 185.740 3.000
A_119 0.000 185.740 0.000
A_120 0.000 185.740 3.000
A_121 0.000 185.740 6.000
T_122 -11.867 -90.974 6.000
T_123 -11.867 -90.974 6.000
V_124 0.000 613.196 7.000
A_125 0.000 185.740 6.000
W_126 -4.824 -203.500 7.000
Y_127 -9.265 -274.939 7.000
Q_128 -21.132 -643.904 10.000
V_129 0.000 613.196 9.000
S_130 -13.255 -90.060 7.000
P_131 0.000 -195.996 3.000
L_132 0.000 679.918 3.000
A_133 0.000 185.740 5.000
A_134 0.000 185.740 5.000
R_135 -11.867 -1015.709 5.000
L_136 0.000 679.918 7.000
L_137 0.000 679.918 7.000
Y_138 -6.160 -274.939 4.000
P_139 0.000 -195.996 4.000
Y_140 -6.160 -274.939 4.000
L_141 0.000 679.918 3.000
A_142 0.000 185.740 3.000
W_143 -0.000 -203.500 1.000
L_144 0.000 679.918 1.000
A_145 0.000 185.740 4.000
F_146 0.000 560.542 6.000
T_147 -15.425 -90.974 9.000
T_148 -15.425 -90.974 9.000
T_149 -18.462 -90.974 13.000
L_150 0.000 679.918 12.000
N_151 -19.866 -507.047 9.000
Y_152 -8.431 -274.939 6.000
C_153 0.000 322.480 7.000
V_154 0.000 613.196 8.000
W_155 -5.708 -203.500 10.000
R_156 -30.711 -1015.709 14.000
D_157 -26.485 -475.402 16.000
N_158 -25.772 -507.047 15.000
H_159 -11.652 -583.484 11.000
G_160 0.000 -27.649 12.000
W_161 -5.155 -203.500 8.000
R_162 -16.309 -1015.709 6.000
G_163 0.000 -27.649 11.000
G_164 0.000 -27.649 15.000
R_165 -25.574 -1015.709 10.000
R_166 -25.574 -1015.709 10.000
L_167 0.000 679.918 14.000
P_168 0.000 -195.996 9.000
E_169 -7.878 -605.239 4.000
