M_1 0.000 401.769 7.000
T_2 -17.098 -90.974 11.000
E_3 -25.003 -605.239 14.000
D_4 -25.003 -475.402 14.000
K_5 -19.059 -818.649 14.000
V_6 0.000 613.196 10.000
T_7 -15.425 -90.974 9.000
G_8 0.000 -27.649 6.000
T_9 -11.867 -90.974 6.000
L_10 0.000 679.918 3.000
V_11 0.000 613.196 6.000
F_12 0.000 560.542 3.000
T_13 -4.441 -90.974 3.000
V_14 0.000 613.196 6.000
I_15 0.000 777.529 6.000
T_16 -4.441 -90.974 3.000
A_17 0.000 185.740 3.000
V_18 0.000 613.196 3.000
L_19 0.000 679.918 3.000
G_20 0.000 -27.649 3.000
S_21 -13.255 -90.060 7.000
F_22 0.000 560.542 7.000
Q_23 -16.691 -643.904 7.000
F_24 0.000 560.542 6.000
G_25 0.000 -27.649 10.000
Y_26 -8.431 -274.939 6.000
D_27 -14.591 -475.402 6.000
I_28 0.000 777.529 6.000
G_29 0.000 -27.649 4.000
V_30 0.000 613.196 4.000
I_31 0.000 777.529 4.000
N_32 -7.878 -507.047 4.000
A_33 0.000 185.740 8.000
P_34 0.000 -195.996 12.000
Q_35 -18.409 -643.904 8.000
Q_36 -18.409 -643.904 8.000
V_37 0.000 613.196 8.000
I_38 0.000 777.529 7.000
I_39 0.000 777.529 5.000
S_40 -13.255 -90.060 7.000
H_41 -12.104 -583.484 12.000
Y_42 -12.900 -274.939 14.000
R_43 -27.076 -1015.709 11.000
H_44 -10.601 -583.484 9.000
V_45 0.000 613.196 7.000
L_46 0.000 679.918 2.000
G_47 0.000 -27.649 0.000
V_48 0.000 613.196 0.000
P_49 0.000 -195.996 4.000
L_50 0.000 679.918 8.000
D_51 -24.169 -475.402 13.000
D_52 -26.485 -475.402 16.000
R_53 -32.645 -1015.709 16.000
K_54 -17.811 -818.649 12.000
A_55 0.000 185.740 12.000
I_56 0.000 777.529 11.000
N_57 -21.132 -507.047 10.000
N_58 -21.132 -507.047 10.000
Y_59 -11.154 -274.939 10.000
V_60 0.000 613.196 10.000
I_61 0.000 777.529 9.000
N_62 -21.132 -507.047 10.000
S_63 -19.059 -90.060 14.000
T_64 -21.060 -90.974 18.000
D_65 -25.003 -475.402 14.000
E_66 -22.253 -605.239 11.000
L_67 0.000 679.918 11.000
P_68 0.000 -195.996 7.000
T_69 -11.867 -90.974 6.000
I_70 0.000 777.529 8.000
S_71 -17.098 -90.060 11.000
Y_72 -9.978 -274.939 8.000
S_73 -17.811 -90.060 12.000
M_74 0.000 401.769 9.000
N_75 -21.132 -507.047 10.000
P_76 0.000 -195.996 7.000
K_77 -16.309 -818.649 10.000
P_78 0.000 -195.996 6.000
T_79 -13.255 -90.974 7.000
P_80 0.000 -195.996 4.000
W_81 -5.155 -203.500 8.000
A_82 0.000 185.740 9.000
E_83 -24.169 -605.239 13.000
E_84 -25.772 -605.239 15.000
E_85 -25.772 -605.239 15.000
T_86 -17.098 -90.974 11.000
V_87 0.000 613.196 7.000
A_88 0.000 185.740 3.000
A_89 0.000 185.740 4.000
A_90 0.000 185.740 4.000
Q_91 -7.878 -643.904 4.000
L_92 0.000 679.918 7.000
I_93 0.000 777.529 7.000
T_94 -4.441 -90.974 3.000
M_95 0.000 401.769 4.000
L_96 0.000 679.918 7.000
W_97 -3.436 -203.500 4.000
S_98 -13.255 -90.060 7.000
L_99 0.000 679.918 7.000
S_100 -15.425 -90.060 9.000
V_101 0.000 613.196 9.000
S_102 -15.425 -90.060 9.000
S_103 -11.867 -90.060 6.000
F_104 0.000 560.542 6.000
A_105 0.000 185.740 3.000
V_106 0.000 613.196 0.000
G_107 0.000 -27.649 0.000
G_108 0.000 -27.649 3.000
M_109 0.000 401.769 3.000
T_110 -11.867 -90.974 6.000
A_111 0.000 185.740 6.000
S_112 -11.867 -90.060 6.000
F_113 0.000 560.542 3.000
F_114 0.000 560.542 3.000
G_115 0.000 -27.649 1.000
G_116 0.000 -27.649 1.000
W_117 -0.000 -203.500 1.000
L_118 0.000 679.918 5.000
G_119 0.000 -27.649 8.000
D_120 -16.691 -475.402 7.000
T_121 -13.255 -90.974 7.000
L_122 0.000 679.918 12.000
G_123 0.000 -27.649 8.000
R_124 -21.845 -1015.709 8.000
I_125 0.000 777.529 8.000
K_126 -14.420 -818.649 8.000
A_127 0.000 185.740 3.000
M_128 0.000 401.769 3.000
L_129 0.000 679.918 0.000
V_130 0.000 613.196 4.000
A_131 0.000 185.740 4.000
N_132 -7.878 -507.047 4.000
I_133 0.000 777.529 7.000
L_134 0.000 679.918 7.000
S_135 -4.441 -90.060 3.000
L_136 0.000 679.918 3.000
V_137 0.000 613.196 3.000
G_138 0.000 -27.649 0.000
A_139 0.000 185.740 0.000
L_140 0.000 679.918 0.000
L_141 0.000 679.918 0.000
M_142 0.000 401.769 0.000
G_143 0.000 -27.649 3.000
F_144 0.000 560.542 6.000
S_145 -11.867 -90.060 6.000
K_146 -11.867 -818.649 6.000
L_147 0.000 679.918 6.000
G_148 0.000 -27.649 6.000
P_149 0.000 -195.996 5.000
S_150 -10.149 -90.060 5.000
H_151 -7.426 -583.484 5.000
I_152 0.000 777.529 5.000
L_153 0.000 679.918 2.000
I_154 0.000 777.529 0.000
I_155 0.000 777.529 0.000
A_156 0.000 185.740 5.000
G_157 0.000 -27.649 8.000
R_158 -21.845 -1015.709 8.000
S_159 -17.098 -90.060 11.000
I_160 0.000 777.529 11.000
S_161 -11.867 -90.060 6.000
G_162 0.000 -27.649 5.000
L_163 0.000 679.918 5.000
Y_164 -1.718 -274.939 2.000
C_165 0.000 322.480 2.000
G_166 0.000 -27.649 2.000
L_167 0.000 679.918 3.000
I_168 0.000 777.529 3.000
S_169 -4.441 -90.060 3.000
G_170 0.000 -27.649 3.000
L_171 0.000 679.918 3.000
V_172 0.000 613.196 0.000
P_173 0.000 -195.996 2.000
M_174 0.000 401.769 2.000
Y_175 -1.718 -274.939 2.000
I_176 0.000 777.529 6.000
G_177 0.000 -27.649 6.000
E_178 -7.878 -605.239 4.000
I_179 0.000 777.529 4.000
A_180 0.000 185.740 7.000
P_181 0.000 -195.996 3.000
T_182 -4.441 -90.974 3.000
A_183 0.000 185.740 8.000
L_184 0.000 679.918 8.000
R_185 -11.867 -1015.709 5.000
G_186 0.000 -27.649 5.000
A_187 0.000 185.740 5.000
L_188 0.000 679.918 3.000
G_189 0.000 -27.649 3.000
T_190 -10.149 -90.974 5.000
F_191 0.000 560.542 9.000
H_192 -10.601 -583.484 9.000
Q_193 -14.591 -643.904 6.000
L_194 0.000 679.918 6.000
A_195 0.000 185.740 4.000
I_196 0.000 777.529 3.000
V_197 0.000 613.196 3.000
T_198 -4.441 -90.974 3.000
G_199 0.000 -27.649 3.000
I_200 0.000 777.529 3.000
L_201 0.000 679.918 3.000
I_202 0.000 777.529 7.000
S_203 -13.255 -90.060 7.000
Q_204 -16.691 -643.904 7.000
I_205 0.000 777.529 7.000
I_206 0.000 777.529 4.000
G_207 0.000 -27.649 4.000
L_208 0.000 679.918 4.000
E_209 -7.878 -605.239 4.000
F_210 0.000 560.542 4.000
I_211 0.000 777.529 4.000
L_212 0.000 679.918 4.000
G_213 0.000 -27.649 6.000
N_214 -21.132 -507.047 10.000
Y_215 -11.154 -274.939 10.000
D_216 -22.253 -475.402 11.000
L_217 0.000 679.918 9.000
W_218 -4.824 -203.500 7.000
H_219 -4.441 -583.484 3.000
I_220 0.000 777.529 3.000
L_221 0.000 679.918 2.000
L_222 0.000 679.918 0.000
G_223 0.000 -27.649 3.000
L_224 0.000 679.918 3.000
S_225 -4.441 -90.060 3.000
G_226 0.000 -27.649 8.000
V_227 0.000 613.196 8.000
R_228 -11.867 -1015.709 5.000
A_229 0.000 185.740 5.000
I_230 0.000 777.529 9.000
L_231 0.000 679.918 7.000
Q_232 -16.691 -643.904 7.000
S_233 -13.255 -90.060 7.000
L_234 0.000 679.918 7.000
L_235 0.000 679.918 3.000
L_236 0.000 679.918 0.000
F_237 0.000 560.542 0.000
F_238 0.000 560.542 0.000
C_239 0.000 322.480 4.000
P_240 0.000 -195.996 7.000
E_241 -16.691 -605.239 7.000
S_242 -17.811 -90.060 12.000
P_243 0.000 -195.996 14.000
R_244 -25.574 -1015.709 10.000
Y_245 -10.601 -274.939 9.000
L_246 0.000 679.918 9.000
Y_247 -9.265 -274.939 7.000
I_248 0.000 777.529 5.000
K_249 -15.425 -818.649 9.000
L_250 0.000 679.918 11.000
D_251 -25.772 -475.402 15.000
E_252 -23.258 -605.239 12.000
E_253 -25.772 -605.239 15.000
V_254 0.000 613.196 11.000
K_255 -16.309 -818.649 10.000
A_256 0.000 185.740 10.000
K_257 -18.462 -818.649 13.000
Q_258 -21.132 -643.904 10.000
S_259 -18.462 -90.060 13.000
L_260 0.000 679.918 15.000
K_261 -17.098 -818.649 11.000
R_262 -29.616 -1015.709 13.000
L_263 0.000 679.918 13.000
R_264 -28.412 -1015.709 12.000
G_265 0.000 -27.649 11.000
Y_266 -13.255 -274.939 15.000
D_267 -21.132 -475.402 10.000
D_268 -24.169 -475.402 13.000
V_269 0.000 613.196 14.000
T_270 -19.059 -90.974 14.000
K_271 -16.309 -818.649 10.000
D_272 -25.003 -475.402 14.000
I_273 0.000 777.529 15.000
N_274 -23.258 -507.047 12.000
E_275 -24.169 -605.239 13.000
M_276 0.000 401.769 16.000
R_277 -32.645 -1015.709 16.000
K_278 -20.609 -818.649 17.000
E_279 -29.436 -605.239 21.000
R_280 -35.785 -1015.709 20.000
E_281 -27.150 -605.239 17.000
E_282 -26.485 -605.239 16.000
A_283 0.000 185.740 14.000
S_284 -19.059 -90.060 14.000
S_285 -19.059 -90.060 14.000
E_286 -27.150 -605.239 17.000
Q_287 -25.003 -643.904 14.000
K_288 -19.059 -818.649 14.000
V_289 0.000 613.196 10.000
S_290 -11.867 -90.060 6.000
I_291 0.000 777.529 7.000
I_292 0.000 777.529 7.000
Q_293 -7.878 -643.904 4.000
L_294 0.000 679.918 7.000
F_295 0.000 560.542 11.000
T_296 -16.309 -90.974 10.000
N_297 -24.169 -507.047 13.000
S_298 -19.613 -90.060 15.000
S_299 -20.609 -90.060 17.000
Y_300 -13.896 -274.939 17.000
R_301 -30.711 -1015.709 14.000
Q_302 -22.253 -643.904 11.000
P_303 0.000 -195.996 9.000
I_304 0.000 777.529 4.000
L_305 0.000 679.918 0.000
V_306 0.000 613.196 0.000
A_307 0.000 185.740 0.000
L_308 0.000 679.918 0.000
M_309 0.000 401.769 2.000
L_310 0.000 679.918 2.000
H_311 -1.718 -583.484 2.000
V_312 0.000 613.196 6.000
A_313 0.000 185.740 10.000
Q_314 -18.409 -643.904 8.000
Q_315 -22.253 -643.904 11.000
F_316 0.000 560.542 11.000
S_317 -13.255 -90.060 7.000
G_318 0.000 -27.649 7.000
I_319 0.000 777.529 7.000
N_320 -7.878 -507.047 4.000
G_321 0.000 -27.649 4.000
I_322 0.000 777.529 6.000
F_323 0.000 560.542 4.000
Y_324 -9.265 -274.939 7.000
Y_325 -11.154 -274.939 10.000
S_326 -18.462 -90.060 13.000
T_327 -17.098 -90.974 11.000
S_328 -15.425 -90.060 9.000
I_329 0.000 777.529 10.000
F_330 0.000 560.542 10.000
Q_331 -16.691 -643.904 7.000
T_332 -13.255 -90.974 7.000
A_333 0.000 185.740 7.000
G_334 0.000 -27.649 6.000
I_335 0.000 777.529 6.000
S_336 -11.867 -90.060 6.000
K_337 -11.867 -818.649 6.000
P_338 0.000 -195.996 8.000
V_339 0.000 613.196 5.000
Y_340 -7.426 -274.939 5.000
A_341 0.000 185.740 5.000
T_342 -10.149 -90.974 5.000
I_343 0.000 777.529 3.000
G_344 0.000 -27.649 3.000
V_345 0.000 613.196 0.000
G_346 0.000 -27.649 0.000
A_347 0.000 185.740 4.000
V_348 0.000 613.196 4.000
N_349 -7.878 -507.047 4.000
M_350 0.000 401.769 4.000
V_351 0.000 613.196 7.000
F_352 0.000 560.542 3.000
T_353 -4.441 -90.974 3.000
A_354 0.000 185.740 6.000
V_355 0.000 613.196 6.000
S_356 -4.441 -90.060 3.000
V_357 0.000 613.196 3.000
F_358 0.000 560.542 3.000
L_359 0.000 679.918 4.000
V_360 0.000 613.196 7.000
E_361 -16.691 -605.239 7.000
K_362 -13.255 -818.649 7.000
A_363 0.000 185.740 12.000
G_364 0.000 -27.649 13.000
R_365 -29.616 -1015.709 13.000
R_366 -29.616 -1015.709 13.000
S_367 -18.462 -90.060 13.000
L_368 0.000 679.918 8.000
F_369 0.000 560.542 3.000
L_370 0.000 679.918 0.000
I_371 0.000 777.529 0.000
G_372 0.000 -27.649 3.000
M_373 0.000 401.769 3.000
S_374 -4.441 -90.060 3.000
G_375 0.000 -27.649 3.000
M_376 0.000 401.769 3.000
F_377 0.000 560.542 0.000
V_378 0.000 613.196 0.000
C_379 0.000 322.480 0.000
A_380 0.000 185.740 0.000
I_381 0.000 777.529 0.000
F_382 0.000 560.542 3.000
M_383 0.000 401.769 3.000
S_384 -4.441 -90.060 3.000
V_385 0.000 613.196 3.000
G_386 0.000 -27.649 3.000
L_387 0.000 679.918 0.000
V_388 0.000 613.196 0.000
L_389 0.000 679.918 4.000
L_390 0.000 679.918 7.000
N_391 -16.691 -507.047 7.000
K_392 -16.309 -818.649 10.000
F_393 0.000 560.542 11.000
S_394 -13.255 -90.060 7.000
W_395 -4.824 -203.500 7.000
M_396 0.000 401.769 9.000
S_397 -11.867 -90.060 6.000
Y_398 -9.978 -274.939 8.000
V_399 0.000 613.196 8.000
S_400 -10.149 -90.060 5.000
M_401 0.000 401.769 3.000
I_402 0.000 777.529 3.000
A_403 0.000 185.740 0.000
I_404 0.000 777.529 0.000
F_405 0.000 560.542 0.000
L_406 0.000 679.918 0.000
F_407 0.000 560.542 3.000
V_408 0.000 613.196 3.000
S_409 -4.441 -90.060 3.000
F_410 0.000 560.542 7.000
F_411 0.000 560.542 7.000
E_412 -7.878 -605.239 4.000
I_413 0.000 777.529 4.000
G_414 0.000 -27.649 4.000
P_415 0.000 -195.996 0.000
G_416 0.000 -27.649 0.000
P_417 0.000 -195.996 0.000
I_418 0.000 777.529 1.000
P_419 0.000 -195.996 1.000
W_420 -0.000 -203.500 1.000
F_421 0.000 560.542 1.000
M_422 0.000 401.769 1.000
V_423 0.000 613.196 4.000
A_424 0.000 185.740 4.000
E_425 -7.878 -605.239 4.000
F_426 0.000 560.542 7.000
F_427 0.000 560.542 11.000
S_428 -13.255 -90.060 7.000
Q_429 -16.691 -643.904 7.000
G_430 0.000 -27.649 12.000
P_431 0.000 -195.996 9.000
R_432 -11.867 -1015.709 5.000
P_433 0.000 -195.996 5.000
A_434 0.000 185.740 5.000
A_435 0.000 185.740 0.000
L_436 0.000 679.918 0.000
A_437 0.000 185.740 0.000
I_438 0.000 777.529 0.000
A_439 0.000 185.740 0.000
A_440 0.000 185.740 3.000
F_441 0.000 560.542 7.000
S_442 -14.420 -90.060 8.000
N_443 -22.253 -507.047 11.000
W_444 -5.944 -203.500 11.000
T_445 -17.811 -90.974 12.000
C_446 0.000 322.480 8.000
N_447 -16.691 -507.047 7.000
F_448 0.000 560.542 4.000
I_449 0.000 777.529 4.000
V_450 0.000 613.196 0.000
A_451 0.000 185.740 0.000
L_452 0.000 679.918 0.000
C_453 0.000 322.480 4.000
F_454 0.000 560.542 6.000
Q_455 -14.591 -643.904 6.000
Y_456 -8.431 -274.939 6.000
I_457 0.000 777.529 10.000
A_458 0.000 185.740 6.000
D_459 -7.878 -475.402 4.000
F_460 0.000 560.542 4.000
C_461 0.000 322.480 4.000
G_462 0.000 -27.649 2.000
P_463 0.000 -195.996 2.000
Y_464 -1.718 -274.939 2.000
V_465 0.000 613.196 2.000
F_466 0.000 560.542 2.000
F_467 0.000 560.542 0.000
L_468 0.000 679.918 0.000
F_469 0.000 560.542 0.000
A_470 0.000 185.740 0.000
G_471 0.000 -27.649 0.000
V_472 0.000 613.196 0.000
L_473 0.000 679.918 0.000
L_474 0.000 679.918 0.000
A_475 0.000 185.740 3.000
F_476 0.000 560.542 3.000
T_477 -4.441 -90.974 3.000
L_478 0.000 679.918 6.000
F_479 0.000 560.542 6.000
T_480 -4.441 -90.974 3.000
F_481 0.000 560.542 6.000
F_482 0.000 560.542 6.000
K_483 -4.441 -818.649 3.000
V_484 0.000 613.196 7.000
P_485 0.000 -195.996 10.000
E_486 -21.132 -605.239 10.000
T_487 -16.309 -90.974 10.000
K_488 -18.462 -818.649 13.000
G_489 0.000 -27.649 12.000
K_490 -15.425 -818.649 9.000
S_491 -16.309 -90.060 10.000
F_492 0.000 560.542 14.000
E_493 -22.253 -605.239 11.000
E_494 -18.409 -605.239 8.000
I_495 0.000 777.529 8.000
A_496 0.000 185.740 8.000
A_497 0.000 185.740 4.000
E_498 -18.409 -605.239 8.000
F_499 0.000 560.542 11.000
Q_500 -25.003 -643.904 14.000
K_501 -18.462 -818.649 13.000
K_502 -18.462 -818.649 13.000
S_503 -17.811 -90.060 12.000
G_504 0.000 -27.649 9.000
S_505 -14.420 -90.060 8.000
A_506 0.000 185.740 10.000
H_507 -11.154 -583.484 10.000
R_508 -25.574 -1015.709 10.000
P_509 0.000 -195.996 10.000
K_510 -14.420 -818.649 8.000
A_511 0.000 185.740 3.000
A_512 0.000 185.740 7.000
V_513 0.000 613.196 4.000
E_514 -16.691 -605.239 7.000
M_515 0.000 401.769 7.000
K_516 -13.255 -818.649 7.000
F_517 0.000 560.542 3.000
L_518 0.000 679.918 3.000
G_519 0.000 -27.649 3.000
A_520 0.000 185.740 7.000
T_521 -16.309 -90.974 10.000
E_522 -21.132 -605.239 10.000
T_523 -16.309 -90.974 10.000
V_524 0.000 613.196 7.000
