M_1 0.000 401.769 0.000
P_2 0.000 -195.996 0.000
L_3 0.000 679.918 0.000
A_4 0.000 185.740 2.000
A_5 0.000 185.740 2.000
Y_6 -6.160 -274.939 4.000
C_7 0.000 322.480 4.000
Y_8 -10.601 -274.939 9.000
L_9 0.000 679.918 7.000
R_10 -19.414 -1015.709 7.000
V_11 0.000 613.196 5.000
V_12 0.000 613.196 8.000
G_13 0.000 -27.649 3.000
K_14 -11.867 -818.649 6.000
G_15 0.000 -27.649 8.000
S_16 -14.420 -90.060 8.000
Y_17 -10.601 -274.939 9.000
G_18 0.000 -27.649 9.000
E_19 -19.866 -605.239 9.000
V_20 0.000 613.196 7.000
T_21 -13.255 -90.974 7.000
L_22 0.000 679.918 6.000
V_23 0.000 613.196 8.000
K_24 -16.309 -818.649 10.000
H_25 -13.255 -583.484 15.000
R_26 -35.072 -1015.709 19.000
R_27 -32.645 -1015.709 16.000
D_28 -27.150 -475.402 17.000
G_29 0.000 -27.649 16.000
K_30 -18.462 -818.649 13.000
Q_31 -19.866 -643.904 9.000
Y_32 -10.601 -274.939 9.000
V_33 0.000 613.196 9.000
I_34 0.000 777.529 8.000
K_35 -11.867 -818.649 6.000
K_36 -16.309 -818.649 10.000
L_37 0.000 679.918 10.000
N_38 -23.258 -507.047 12.000
L_39 0.000 679.918 13.000
R_40 -29.616 -1015.709 13.000
N_41 -23.258 -507.047 12.000
A_42 0.000 185.740 15.000
S_43 -19.613 -90.060 15.000
S_44 -19.613 -90.060 15.000
R_45 -35.785 -1015.709 20.000
E_46 -29.934 -605.239 22.000
R_47 -35.072 -1015.709 19.000
R_48 -30.711 -1015.709 14.000
A_49 0.000 185.740 14.000
A_50 0.000 185.740 13.000
E_51 -23.258 -605.239 12.000
Q_52 -23.258 -643.904 12.000
E_53 -26.485 -605.239 16.000
A_54 0.000 185.740 12.000
Q_55 -18.409 -643.904 8.000
L_56 0.000 679.918 7.000
L_57 0.000 679.918 11.000
S_58 -13.255 -90.060 7.000
Q_59 -21.132 -643.904 10.000
L_60 0.000 679.918 12.000
K_61 -15.425 -818.649 9.000
H_62 -10.601 -583.484 9.000
P_63 0.000 -195.996 9.000
N_64 -14.591 -507.047 6.000
I_65 0.000 777.529 7.000
V_66 0.000 613.196 9.000
T_67 -14.420 -90.974 8.000
Y_68 -12.104 -274.939 12.000
K_69 -19.613 -818.649 15.000
E_70 -24.169 -605.239 13.000
S_71 -19.613 -90.060 15.000
W_72 -6.160 -203.500 12.000
E_73 -18.409 -605.239 8.000
G_74 0.000 -27.649 9.000
G_75 0.000 -27.649 8.000
D_76 -7.878 -475.402 4.000
G_77 0.000 -27.649 4.000
L_78 0.000 679.918 6.000
L_79 0.000 679.918 2.000
Y_80 -1.718 -274.939 2.000
I_81 0.000 777.529 2.000
V_82 0.000 613.196 2.000
M_83 0.000 401.769 0.000
G_84 0.000 -27.649 0.000
F_85 0.000 560.542 4.000
C_86 0.000 322.480 4.000
E_87 -7.878 -605.239 4.000
G_88 0.000 -27.649 8.000
G_89 0.000 -27.649 8.000
D_90 -14.591 -475.402 6.000
L_91 0.000 679.918 11.000
Y_92 -12.900 -274.939 14.000
R_93 -25.574 -1015.709 10.000
K_94 -18.462 -818.649 13.000
L_95 0.000 679.918 15.000
K_96 -19.059 -818.649 14.000
E_97 -25.003 -605.239 14.000
Q_98 -25.003 -643.904 14.000
K_99 -19.613 -818.649 15.000
G_100 0.000 -27.649 11.000
Q_101 -16.691 -643.904 7.000
L_102 0.000 679.918 4.000
L_103 0.000 679.918 8.000
P_104 0.000 -195.996 8.000
E_105 -23.258 -605.239 12.000
N_106 -23.258 -507.047 12.000
Q_107 -23.258 -643.904 12.000
V_108 0.000 613.196 12.000
V_109 0.000 613.196 9.000
E_110 -11.867 -605.239 5.000
W_111 -3.990 -203.500 5.000
F_112 0.000 560.542 9.000
V_113 0.000 613.196 5.000
Q_114 -7.878 -643.904 4.000
I_115 0.000 777.529 4.000
A_116 0.000 185.740 4.000
M_117 0.000 401.769 0.000
A_118 0.000 185.740 4.000
L_119 0.000 679.918 6.000
Q_120 -14.591 -643.904 6.000
Y_121 -9.978 -274.939 8.000
L_122 0.000 679.918 12.000
H_123 -11.652 -583.484 11.000
E_124 -22.253 -605.239 11.000
K_125 -17.098 -818.649 11.000
H_126 -10.601 -583.484 9.000
I_127 0.000 777.529 7.000
L_128 0.000 679.918 9.000
H_129 -11.652 -583.484 11.000
R_130 -27.076 -1015.709 11.000
D_131 -25.003 -475.402 14.000
L_132 0.000 679.918 15.000
K_133 -19.059 -818.649 14.000
T_134 -19.059 -90.974 14.000
Q_135 -25.003 -643.904 14.000
N_136 -22.253 -507.047 11.000
V_137 0.000 613.196 8.000
F_138 0.000 560.542 7.000
L_139 0.000 679.918 8.000
T_140 -17.098 -90.974 11.000
R_141 -31.716 -1015.709 15.000
T_142 -19.613 -90.974 15.000
N_143 -23.258 -507.047 12.000
I_144 0.000 777.529 10.000
I_145 0.000 777.529 7.000
K_146 -4.441 -818.649 3.000
V_147 0.000 613.196 7.000
G_148 0.000 -27.649 7.000
D_149 -7.878 -475.402 4.000
L_150 0.000 679.918 4.000
G_151 0.000 -27.649 4.000
I_152 0.000 777.529 5.000
A_153 0.000 185.740 5.000
R_154 -11.867 -1015.709 5.000
V_155 0.000 613.196 9.000
L_156 0.000 679.918 13.000
E_157 -21.132 -605.239 10.000
N_158 -21.132 -507.047 10.000
H_159 -12.900 -583.484 14.000
C_160 0.000 322.480 10.000
D_161 -14.591 -475.402 6.000
M_162 0.000 401.769 7.000
A_163 0.000 185.740 10.000
S_164 -11.867 -90.060 6.000
T_165 -11.867 -90.974 6.000
L_166 0.000 679.918 6.000
I_167 0.000 777.529 6.000
G_168 0.000 -27.649 3.000
T_169 -10.149 -90.974 5.000
P_170 0.000 -195.996 7.000
Y_171 -9.265 -274.939 7.000
Y_172 -9.265 -274.939 7.000
M_173 0.000 401.769 7.000
S_174 -15.425 -90.060 9.000
P_175 0.000 -195.996 7.000
E_176 -16.691 -605.239 7.000
L_177 0.000 679.918 7.000
F_178 0.000 560.542 11.000
S_179 -16.309 -90.060 10.000
N_180 -21.132 -507.047 10.000
K_181 -17.811 -818.649 12.000
P_182 0.000 -195.996 13.000
Y_183 -11.652 -274.939 11.000
N_184 -22.253 -507.047 11.000
Y_185 -12.900 -274.939 14.000
K_186 -20.127 -818.649 16.000
S_187 -17.811 -90.060 12.000
D_188 -22.253 -475.402 11.000
V_189 0.000 613.196 8.000
W_190 -3.990 -203.500 5.000
A_191 0.000 185.740 1.000
L_192 0.000 679.918 1.000
G_193 0.000 -27.649 0.000
C_194 0.000 322.480 0.000
C_195 0.000 322.480 2.000
V_196 0.000 613.196 6.000
Y_197 -8.431 -274.939 6.000
E_198 -14.591 -605.239 6.000
M_199 0.000 401.769 9.000
A_200 0.000 185.740 7.000
T_201 -11.867 -90.974 6.000
L_202 0.000 679.918 8.000
K_203 -14.420 -818.649 8.000
H_204 -7.426 -583.484 5.000
A_205 0.000 185.740 9.000
F_206 0.000 560.542 6.000
N_207 -16.691 -507.047 7.000
A_208 0.000 185.740 11.000
K_209 -17.098 -818.649 11.000
D_210 -22.253 -475.402 11.000
M_211 0.000 401.769 14.000
N_212 -22.253 -507.047 11.000
S_213 -13.255 -90.060 7.000
L_214 0.000 679.918 9.000
V_215 0.000 613.196 10.000
Y_216 -9.265 -274.939 7.000
R_217 -19.414 -1015.709 7.000
I_218 0.000 777.529 11.000
I_219 0.000 777.529 9.000
E_220 -16.691 -605.239 7.000
G_221 0.000 -27.649 7.000
K_222 -13.255 -818.649 7.000
L_223 0.000 679.918 3.000
P_224 0.000 -195.996 3.000
P_225 0.000 -195.996 0.000
M_226 0.000 401.769 5.000
P_227 0.000 -195.996 9.000
R_228 -27.076 -1015.709 11.000
D_229 -25.003 -475.402 14.000
Y_230 -12.900 -274.939 14.000
S_231 -18.462 -90.060 13.000
P_232 0.000 -195.996 9.000
E_233 -16.691 -605.239 7.000
L_234 0.000 679.918 8.000
A_235 0.000 185.740 8.000
E_236 -7.878 -605.239 4.000
L_237 0.000 679.918 9.000
I_238 0.000 777.529 12.000
R_239 -21.845 -1015.709 8.000
T_240 -14.420 -90.974 8.000
M_241 0.000 401.769 11.000
L_242 0.000 679.918 9.000
S_243 -17.098 -90.060 11.000
K_244 -17.098 -818.649 11.000
R_245 -31.716 -1015.709 15.000
P_246 0.000 -195.996 16.000
E_247 -27.773 -605.239 18.000
E_248 -24.169 -605.239 13.000
R_249 -32.645 -1015.709 16.000
P_250 0.000 -195.996 12.000
S_251 -18.462 -90.060 13.000
V_252 0.000 613.196 11.000
R_253 -27.076 -1015.709 11.000
S_254 -14.420 -90.060 8.000
I_255 0.000 777.529 13.000
L_256 0.000 679.918 12.000
R_257 -23.856 -1015.709 9.000
Q_258 -22.253 -643.904 11.000
P_259 0.000 -195.996 11.000
Y_260 -10.601 -274.939 9.000
I_261 0.000 777.529 10.000
K_262 -19.059 -818.649 14.000
R_263 -28.412 -1015.709 12.000
Q_264 -25.772 -643.904 15.000
I_265 0.000 777.529 12.000
S_266 -13.255 -90.060 7.000
F_267 0.000 560.542 3.000
F_268 0.000 560.542 7.000
L_269 0.000 679.918 4.000
E_270 -16.691 -605.239 7.000
A_271 0.000 185.740 10.000
T_272 -16.309 -90.974 10.000
K_273 -15.425 -818.649 9.000
I_274 0.000 777.529 12.000
K_275 -17.811 -818.649 12.000
T_276 -17.811 -90.974 12.000
S_277 -20.127 -90.060 16.000
K_278 -20.609 -818.649 17.000
N_279 -25.003 -507.047 14.000
N_280 -25.003 -507.047 14.000
I_281 0.000 777.529 15.000
K_282 -17.098 -818.649 11.000
N_283 -22.253 -507.047 11.000
G_284 0.000 -27.649 14.000
D_285 -25.772 -475.402 15.000
S_286 -19.059 -90.060 14.000
Q_287 -27.150 -643.904 17.000
S_288 -18.462 -90.060 13.000
K_289 -16.309 -818.649 10.000
P_290 0.000 -195.996 6.000
F_291 0.000 560.542 6.000
A_292 0.000 185.740 3.000
T_293 -4.441 -90.974 3.000
V_294 0.000 613.196 6.000
V_295 0.000 613.196 6.000
S_296 -13.255 -90.060 7.000
G_297 0.000 -27.649 7.000
E_298 -22.253 -605.239 11.000
A_299 0.000 185.740 11.000
E_300 -25.772 -605.239 15.000
S_301 -18.462 -90.060 13.000
N_302 -27.150 -507.047 17.000
H_303 -12.518 -583.484 13.000
E_304 -21.132 -605.239 10.000
V_305 0.000 613.196 8.000
I_306 0.000 777.529 6.000
H_307 -8.431 -583.484 6.000
P_308 0.000 -195.996 6.000
Q_309 -14.591 -643.904 6.000
P_310 0.000 -195.996 7.000
L_311 0.000 679.918 10.000
S_312 -16.309 -90.060 10.000
S_313 -16.309 -90.060 10.000
E_314 -24.169 -605.239 13.000
G_315 0.000 -27.649 14.000
S_316 -19.059 -90.060 14.000
Q_317 -23.258 -643.904 12.000
T_318 -17.811 -90.974 12.000
Y_319 -10.601 -274.939 9.000
I_320 0.000 777.529 5.000
M_321 0.000 401.769 6.000
G_322 0.000 -27.649 4.000
E_323 -16.691 -605.239 7.000
G_324 0.000 -27.649 7.000
K_325 -13.255 -818.649 7.000
C_326 0.000 322.480 6.000
L_327 0.000 679.918 10.000
S_328 -17.098 -90.060 11.000
Q_329 -25.003 -643.904 14.000
E_330 -25.003 -605.239 14.000
K_331 -20.127 -818.649 16.000
P_332 0.000 -195.996 12.000
R_333 -27.076 -1015.709 11.000
A_334 0.000 185.740 8.000
S_335 -14.420 -90.060 8.000
G_336 0.000 -27.649 3.000
L_337 0.000 679.918 6.000
L_338 0.000 679.918 6.000
K_339 -11.867 -818.649 6.000
S_340 -11.867 -90.060 6.000
P_341 0.000 -195.996 9.000
A_342 0.000 185.740 6.000
S_343 -11.867 -90.060 6.000
L_344 0.000 679.918 6.000
K_345 -14.420 -818.649 8.000
A_346 0.000 185.740 8.000
H_347 -9.978 -583.484 8.000
T_348 -14.420 -90.974 8.000
C_349 0.000 322.480 12.000
K_350 -19.059 -818.649 14.000
Q_351 -22.253 -643.904 11.000
D_352 -25.003 -475.402 14.000
L_353 0.000 679.918 15.000
S_354 -19.059 -90.060 14.000
N_355 -24.169 -507.047 13.000
T_356 -20.609 -90.974 17.000
T_357 -19.059 -90.974 14.000
E_358 -21.132 -605.239 10.000
L_359 0.000 679.918 10.000
A_360 0.000 185.740 7.000
T_361 -11.867 -90.974 6.000
I_362 0.000 777.529 9.000
S_363 -15.425 -90.060 9.000
S_364 -16.309 -90.060 10.000
V_365 0.000 613.196 10.000
N_366 -22.253 -507.047 11.000
I_367 0.000 777.529 8.000
D_368 -18.409 -475.402 8.000
I_369 0.000 777.529 4.000
L_370 0.000 679.918 4.000
P_371 0.000 -195.996 3.000
A_372 0.000 185.740 3.000
K_373 -14.420 -818.649 8.000
G_374 0.000 -27.649 12.000
R_375 -31.716 -1015.709 15.000
D_376 -23.258 -475.402 12.000
S_377 -19.613 -90.060 15.000
V_378 0.000 613.196 14.000
S_379 -16.309 -90.060 10.000
D_380 -16.691 -475.402 7.000
G_381 0.000 -27.649 7.000
F_382 0.000 560.542 8.000
V_383 0.000 613.196 8.000
Q_384 -23.258 -643.904 12.000
E_385 -26.485 -605.239 16.000
N_386 -26.485 -507.047 16.000
Q_387 -27.150 -643.904 17.000
P_388 0.000 -195.996 15.000
R_389 -27.076 -1015.709 11.000
Y_390 -11.652 -274.939 11.000
L_391 0.000 679.918 11.000
D_392 -19.866 -475.402 9.000
A_393 0.000 185.740 11.000
S_394 -19.613 -90.060 15.000
N_395 -22.253 -507.047 11.000
E_396 -22.253 -605.239 11.000
L_397 0.000 679.918 8.000
G_398 0.000 -27.649 4.000
G_399 0.000 -27.649 0.000
I_400 0.000 777.529 3.000
C_401 0.000 322.480 3.000
S_402 -11.867 -90.060 6.000
I_403 0.000 777.529 10.000
S_404 -16.309 -90.060 10.000
Q_405 -22.253 -643.904 11.000
V_406 0.000 613.196 15.000
E_407 -26.485 -605.239 16.000
E_408 -23.258 -605.239 12.000
E_409 -23.258 -605.239 12.000
M_410 0.000 401.769 12.000
L_411 0.000 679.918 12.000
Q_412 -23.258 -643.904 12.000
D_413 -25.772 -475.402 15.000
N_414 -27.773 -507.047 18.000
T_415 -20.609 -90.974 17.000
K_416 -20.127 -818.649 16.000
S_417 -17.811 -90.060 12.000
S_418 -18.462 -90.060 13.000
A_419 0.000 185.740 10.000
Q_420 -22.253 -643.904 11.000
P_421 0.000 -195.996 12.000
E_422 -23.258 -605.239 12.000
N_423 -18.409 -507.047 8.000
L_424 0.000 679.918 8.000
I_425 0.000 777.529 4.000
P_426 0.000 -195.996 1.000
M_427 0.000 401.769 4.000
W_428 -4.824 -203.500 7.000
S_429 -17.098 -90.060 11.000
S_430 -17.098 -90.060 11.000
D_431 -21.132 -475.402 10.000
I_432 0.000 777.529 10.000
V_433 0.000 613.196 7.000
T_434 -13.255 -90.974 7.000
G_435 0.000 -27.649 10.000
E_436 -25.003 -605.239 14.000
K_437 -19.613 -818.649 15.000
N_438 -25.772 -507.047 15.000
E_439 -22.253 -605.239 11.000
P_440 0.000 -195.996 11.000
V_441 0.000 613.196 7.000
K_442 -4.441 -818.649 3.000
P_443 0.000 -195.996 7.000
L_444 0.000 679.918 7.000
Q_445 -7.878 -643.904 4.000
P_446 0.000 -195.996 4.000
L_447 0.000 679.918 7.000
I_448 0.000 777.529 7.000
K_449 -17.098 -818.649 11.000
E_450 -25.003 -605.239 14.000
Q_451 -25.003 -643.904 14.000
K_452 -19.059 -818.649 14.000
P_453 0.000 -195.996 14.000
K_454 -19.059 -818.649 14.000
D_455 -25.003 -475.402 14.000
Q_456 -25.003 -643.904 14.000
S_457 -17.098 -90.060 11.000
L_458 0.000 679.918 7.000
A_459 0.000 185.740 6.000
L_460 0.000 679.918 3.000
S_461 -11.867 -90.060 6.000
P_462 0.000 -195.996 6.000
K_463 -16.309 -818.649 10.000
L_464 0.000 679.918 7.000
E_465 -21.132 -605.239 10.000
C_466 0.000 322.480 7.000
S_467 -16.309 -90.060 10.000
G_468 0.000 -27.649 6.000
T_469 -11.867 -90.974 6.000
I_470 0.000 777.529 3.000
L_471 0.000 679.918 5.000
A_472 0.000 185.740 5.000
H_473 -10.601 -583.484 9.000
S_474 -15.425 -90.060 9.000
N_475 -25.003 -507.047 14.000
L_476 0.000 679.918 12.000
R_477 -23.856 -1015.709 9.000
L_478 0.000 679.918 5.000
L_479 0.000 679.918 8.000
G_480 0.000 -27.649 6.000
S_481 -16.309 -90.060 10.000
S_482 -18.462 -90.060 13.000
D_483 -24.169 -475.402 13.000
S_484 -16.309 -90.060 10.000
P_485 0.000 -195.996 10.000
A_486 0.000 185.740 6.000
S_487 -11.867 -90.060 6.000
A_488 0.000 185.740 11.000
S_489 -17.098 -90.060 11.000
R_490 -21.845 -1015.709 8.000
V_491 0.000 613.196 8.000
A_492 0.000 185.740 5.000
G_493 0.000 -27.649 3.000
I_494 0.000 777.529 3.000
T_495 -4.441 -90.974 3.000
G_496 0.000 -27.649 3.000
V_497 0.000 613.196 5.000
C_498 0.000 322.480 4.000
H_499 -6.160 -583.484 4.000
H_500 -9.978 -583.484 8.000
A_501 0.000 185.740 12.000
Q_502 -25.003 -643.904 14.000
D_503 -23.258 -475.402 12.000
Q_504 -23.258 -643.904 12.000
V_505 0.000 613.196 8.000
A_506 0.000 185.740 8.000
G_507 0.000 -27.649 4.000
E_508 -7.878 -605.239 4.000
C_509 0.000 322.480 4.000
I_510 0.000 777.529 8.000
I_511 0.000 777.529 7.000
E_512 -22.253 -605.239 11.000
K_513 -17.098 -818.649 11.000
Q_514 -26.485 -643.904 16.000
G_515 0.000 -27.649 12.000
R_516 -27.076 -1015.709 11.000
I_517 0.000 777.529 7.000
H_518 -11.652 -583.484 11.000
P_519 0.000 -195.996 6.000
D_520 -21.132 -475.402 10.000
L_521 0.000 679.918 8.000
Q_522 -21.132 -643.904 10.000
P_523 0.000 -195.996 10.000
H_524 -12.518 -583.484 13.000
N_525 -19.866 -507.047 9.000
S_526 -17.811 -90.060 12.000
G_527 0.000 -27.649 14.000
S_528 -16.309 -90.060 10.000
E_529 -21.132 -605.239 10.000
P_530 0.000 -195.996 10.000
S_531 -16.309 -90.060 10.000
L_532 0.000 679.918 11.000
S_533 -19.613 -90.060 15.000
R_534 -33.508 -1015.709 17.000
Q_535 -29.934 -643.904 22.000
R_536 -37.706 -1015.709 23.000
R_537 -36.459 -1015.709 21.000
Q_538 -29.934 -643.904 22.000
K_539 -22.635 -818.649 22.000
R_540 -36.459 -1015.709 21.000
R_541 -36.459 -1015.709 21.000
E_542 -29.436 -605.239 21.000
Q_543 -28.912 -643.904 20.000
T_544 -20.609 -90.974 17.000
E_545 -27.773 -605.239 18.000
H_546 -12.900 -583.484 14.000
R_547 -31.716 -1015.709 15.000
G_548 0.000 -27.649 14.000
E_549 -27.150 -605.239 17.000
K_550 -20.127 -818.649 16.000
R_551 -32.645 -1015.709 16.000
Q_552 -27.150 -643.904 17.000
V_553 0.000 613.196 19.000
R_554 -34.315 -1015.709 18.000
R_555 -30.711 -1015.709 14.000
D_556 -25.003 -475.402 14.000
L_557 0.000 679.918 9.000
F_558 0.000 560.542 4.000
A_559 0.000 185.740 4.000
F_560 0.000 560.542 8.000
Q_561 -22.253 -643.904 11.000
E_562 -22.253 -605.239 11.000
S_563 -17.098 -90.060 11.000
P_564 0.000 -195.996 12.000
P_565 0.000 -195.996 8.000
R_566 -11.867 -1015.709 5.000
F_567 0.000 560.542 5.000
L_568 0.000 679.918 8.000
P_569 0.000 -195.996 5.000
S_570 -10.149 -90.060 5.000
H_571 -7.426 -583.484 5.000
P_572 0.000 -195.996 5.000
I_573 0.000 777.529 2.000
V_574 0.000 613.196 3.000
G_575 0.000 -27.649 3.000
K_576 -13.255 -818.649 7.000
V_577 0.000 613.196 7.000
D_578 -21.132 -475.402 10.000
V_579 0.000 613.196 10.000
T_580 -18.462 -90.974 13.000
S_581 -18.462 -90.060 13.000
T_582 -20.127 -90.974 16.000
Q_583 -27.150 -643.904 17.000
K_584 -19.059 -818.649 14.000
E_585 -25.772 -605.239 15.000
A_586 0.000 185.740 15.000
E_587 -26.485 -605.239 16.000
N_588 -27.150 -507.047 17.000
Q_589 -29.934 -643.904 22.000
R_590 -34.315 -1015.709 18.000
R_591 -30.711 -1015.709 14.000
V_592 0.000 613.196 13.000
V_593 0.000 613.196 8.000
T_594 -11.867 -90.974 6.000
G_595 0.000 -27.649 6.000
S_596 -15.425 -90.060 9.000
V_597 0.000 613.196 9.000
S_598 -17.811 -90.060 12.000
S_599 -19.059 -90.060 14.000
S_600 -20.609 -90.060 17.000
R_601 -33.508 -1015.709 17.000
S_602 -21.060 -90.060 18.000
S_603 -19.613 -90.060 15.000
E_604 -24.169 -605.239 13.000
M_605 0.000 401.769 13.000
S_606 -18.462 -90.060 13.000
S_607 -17.811 -90.060 12.000
S_608 -20.127 -90.060 16.000
K_609 -21.060 -818.649 18.000
D_610 -25.772 -475.402 15.000
R_611 -28.412 -1015.709 12.000
P_612 0.000 -195.996 12.000
L_613 0.000 679.918 8.000
S_614 -14.420 -90.060 8.000
A_615 0.000 185.740 12.000
R_616 -33.508 -1015.709 17.000
E_617 -28.359 -605.239 19.000
R_618 -38.285 -1015.709 24.000
R_619 -35.072 -1015.709 19.000
R_620 -34.315 -1015.709 18.000
L_621 0.000 679.918 17.000
K_622 -19.613 -818.649 15.000
Q_623 -25.003 -643.904 14.000
S_624 -21.060 -90.060 18.000
Q_625 -28.359 -643.904 19.000
E_626 -25.772 -605.239 15.000
E_627 -25.772 -605.239 15.000
M_628 0.000 401.769 14.000
S_629 -18.462 -90.060 13.000
S_630 -15.425 -90.060 9.000
S_631 -15.425 -90.060 9.000
G_632 0.000 -27.649 9.000
P_633 0.000 -195.996 6.000
S_634 -14.420 -90.060 8.000
V_635 0.000 613.196 11.000
R_636 -27.076 -1015.709 11.000
K_637 -17.098 -818.649 11.000
A_638 0.000 185.740 11.000
S_639 -15.425 -90.060 9.000
L_640 0.000 679.918 6.000
S_641 -11.867 -90.060 6.000
V_642 0.000 613.196 3.000
A_643 0.000 185.740 3.000
G_644 0.000 -27.649 0.000
P_645 0.000 -195.996 3.000
G_646 0.000 -27.649 3.000
K_647 -13.255 -818.649 7.000
P_648 0.000 -195.996 11.000
Q_649 -25.772 -643.904 15.000
E_650 -26.485 -605.239 16.000
E_651 -28.912 -605.239 20.000
D_652 -26.485 -475.402 16.000
Q_653 -23.258 -643.904 12.000
P_654 0.000 -195.996 8.000
L_655 0.000 679.918 4.000
P_656 0.000 -195.996 5.000
A_657 0.000 185.740 10.000
R_658 -25.574 -1015.709 10.000
R_659 -29.616 -1015.709 13.000
L_660 0.000 679.918 16.000
S_661 -19.613 -90.060 15.000
S_662 -16.309 -90.060 10.000
D_663 -24.169 -475.402 13.000
C_664 0.000 322.480 10.000
S_665 -16.309 -90.060 10.000
V_666 0.000 613.196 10.000
T_667 -19.059 -90.974 14.000
Q_668 -26.485 -643.904 16.000
E_669 -28.359 -605.239 19.000
R_670 -35.785 -1015.709 20.000
K_671 -20.127 -818.649 16.000
Q_672 -25.003 -643.904 14.000
I_673 0.000 777.529 9.000
H_674 -8.431 -583.484 6.000
C_675 0.000 322.480 5.000
L_676 0.000 679.918 9.000
S_677 -17.098 -90.060 11.000
E_678 -25.772 -605.239 15.000
D_679 -25.772 -475.402 15.000
E_680 -25.772 -605.239 15.000
L_681 0.000 679.918 14.000
S_682 -18.462 -90.060 13.000
S_683 -17.811 -90.060 12.000
S_684 -19.613 -90.060 15.000
T_685 -19.613 -90.974 15.000
S_686 -19.613 -90.060 15.000
S_687 -20.127 -90.060 16.000
T_688 -20.127 -90.974 16.000
D_689 -26.485 -475.402 16.000
K_690 -20.609 -818.649 17.000
S_691 -19.059 -90.060 14.000
D_692 -25.003 -475.402 14.000
G_693 0.000 -27.649 13.000
D_694 -21.132 -475.402 10.000
Y_695 -11.154 -274.939 10.000
G_696 0.000 -27.649 10.000
E_697 -19.866 -605.239 9.000
G_698 0.000 -27.649 7.000
K_699 -17.098 -818.649 11.000
G_700 0.000 -27.649 10.000
Q_701 -25.003 -643.904 14.000
T_702 -19.613 -90.974 15.000
N_703 -25.772 -507.047 15.000
E_704 -25.772 -605.239 15.000
I_705 0.000 777.529 12.000
N_706 -18.409 -507.047 8.000
A_707 0.000 185.740 4.000
L_708 0.000 679.918 8.000
V_709 0.000 613.196 4.000
Q_710 -7.878 -643.904 4.000
L_711 0.000 679.918 7.000
M_712 0.000 401.769 11.000
T_713 -16.309 -90.974 10.000
Q_714 -21.132 -643.904 10.000
T_715 -18.462 -90.974 13.000
L_716 0.000 679.918 10.000
K_717 -16.309 -818.649 10.000
L_718 0.000 679.918 10.000
D_719 -24.169 -475.402 13.000
S_720 -19.059 -90.060 14.000
K_721 -20.609 -818.649 17.000
E_722 -24.169 -605.239 13.000
S_723 -19.059 -90.060 14.000
C_724 0.000 322.480 15.000
E_725 -22.253 -605.239 11.000
D_726 -18.409 -475.402 8.000
V_727 0.000 613.196 8.000
P_728 0.000 -195.996 4.000
V_729 0.000 613.196 4.000
A_730 0.000 185.740 4.000
N_731 -7.878 -507.047 4.000
P_732 0.000 -195.996 7.000
V_733 0.000 613.196 11.000
S_734 -13.255 -90.060 7.000
E_735 -21.132 -605.239 10.000
F_736 0.000 560.542 10.000
K_737 -15.425 -818.649 9.000
L_738 0.000 679.918 10.000
H_739 -12.518 -583.484 13.000
R_740 -28.412 -1015.709 12.000
K_741 -20.609 -818.649 17.000
Y_742 -14.463 -274.939 19.000
R_743 -33.508 -1015.709 17.000
D_744 -25.003 -475.402 14.000
T_745 -17.811 -90.974 12.000
L_746 0.000 679.918 7.000
I_747 0.000 777.529 5.000
L_748 0.000 679.918 2.000
H_749 -7.426 -583.484 5.000
G_750 0.000 -27.649 5.000
K_751 -10.149 -818.649 5.000
V_752 0.000 613.196 7.000
A_753 0.000 185.740 11.000
E_754 -18.409 -605.239 8.000
E_755 -23.258 -605.239 12.000
A_756 0.000 185.740 16.000
E_757 -23.258 -605.239 12.000
E_758 -21.132 -605.239 10.000
I_759 0.000 777.529 10.000
H_760 -10.601 -583.484 9.000
F_761 0.000 560.542 9.000
K_762 -15.425 -818.649 9.000
E_763 -16.691 -605.239 7.000
L_764 0.000 679.918 10.000
P_765 0.000 -195.996 7.000
S_766 -4.441 -90.060 3.000
A_767 0.000 185.740 3.000
I_768 0.000 777.529 3.000
M_769 0.000 401.769 0.000
P_770 0.000 -195.996 3.000
G_771 0.000 -27.649 7.000
S_772 -16.309 -90.060 10.000
E_773 -21.132 -605.239 10.000
K_774 -19.613 -818.649 15.000
I_775 0.000 777.529 17.000
R_776 -29.616 -1015.709 13.000
R_777 -25.574 -1015.709 10.000
L_778 0.000 679.918 14.000
V_779 0.000 613.196 9.000
E_780 -7.878 -605.239 4.000
V_781 0.000 613.196 9.000
L_782 0.000 679.918 12.000
R_783 -28.412 -1015.709 12.000
T_784 -17.811 -90.974 12.000
D_785 -23.258 -475.402 12.000
V_786 0.000 613.196 12.000
I_787 0.000 777.529 9.000
R_788 -11.867 -1015.709 5.000
G_789 0.000 -27.649 5.000
L_790 0.000 679.918 5.000
G_791 0.000 -27.649 4.000
V_792 0.000 613.196 4.000
Q_793 -7.878 -643.904 4.000
L_794 0.000 679.918 8.000
L_795 0.000 679.918 12.000
E_796 -18.409 -605.239 8.000
Q_797 -21.132 -643.904 10.000
V_798 0.000 613.196 14.000
Y_799 -11.154 -274.939 10.000
D_800 -14.591 -475.402 6.000
L_801 0.000 679.918 10.000
L_802 0.000 679.918 12.000
E_803 -23.258 -605.239 12.000
E_804 -26.485 -605.239 16.000
E_805 -28.912 -605.239 20.000
D_806 -26.485 -475.402 16.000
E_807 -26.485 -605.239 16.000
F_808 0.000 560.542 17.000
D_809 -27.150 -475.402 17.000
R_810 -29.616 -1015.709 13.000
E_811 -27.773 -605.239 18.000
V_812 0.000 613.196 14.000
R_813 -30.711 -1015.709 14.000
L_814 0.000 679.918 14.000
R_815 -32.645 -1015.709 16.000
E_816 -22.253 -605.239 11.000
H_817 -11.652 -583.484 11.000
M_818 0.000 401.769 10.000
G_819 0.000 -27.649 9.000
E_820 -19.866 -605.239 9.000
K_821 -17.811 -818.649 12.000
Y_822 -13.255 -274.939 15.000
T_823 -18.462 -90.974 13.000
T_824 -18.462 -90.974 13.000
Y_825 -11.652 -274.939 11.000
S_826 -17.098 -90.060 11.000
V_827 0.000 613.196 8.000
K_828 -17.098 -818.649 11.000
A_829 0.000 185.740 12.000
R_830 -28.412 -1015.709 12.000
Q_831 -23.258 -643.904 12.000
L_832 0.000 679.918 12.000
K_833 -13.255 -818.649 7.000
F_834 0.000 560.542 7.000
F_835 0.000 560.542 11.000
E_836 -23.258 -605.239 12.000
E_837 -23.258 -605.239 12.000
N_838 -26.485 -507.047 16.000
M_839 0.000 401.769 12.000
N_840 -18.409 -507.047 8.000
F_841 0.000 560.542 4.000
