M_1 0.000 401.769 0.000
P_2 0.000 -195.996 0.000
P_3 0.000 -195.996 0.000
P_4 0.000 -195.996 4.000
A_5 0.000 185.740 4.000
D_6 -7.878 -475.402 4.000
I_7 0.000 777.529 7.000
V_8 0.000 613.196 7.000
K_9 -4.441 -818.649 3.000
V_10 0.000 613.196 3.000
A_11 0.000 185.740 7.000
I_12 0.000 777.529 5.000
E_13 -11.867 -605.239 5.000
W_14 -3.990 -203.500 5.000
P_15 0.000 -195.996 5.000
G_16 0.000 -27.649 3.000
A_17 0.000 185.740 2.000
Y_18 -7.426 -274.939 5.000
P_19 0.000 -195.996 5.000
K_20 -10.149 -818.649 5.000
L_21 0.000 679.918 7.000
M_22 0.000 401.769 7.000
E_23 -18.409 -605.239 8.000
I_24 0.000 777.529 12.000
D_25 -25.772 -475.402 15.000
Q_26 -25.003 -643.904 14.000
K_27 -19.059 -818.649 14.000
K_28 -16.309 -818.649 10.000
P_29 0.000 -195.996 9.000
L_30 0.000 679.918 6.000
S_31 -4.441 -90.060 3.000
A_32 0.000 185.740 3.000
I_33 0.000 777.529 6.000
I_34 0.000 777.529 7.000
K_35 -13.255 -818.649 7.000
E_36 -16.691 -605.239 7.000
V_37 0.000 613.196 11.000
C_38 0.000 322.480 8.000
D_39 -11.867 -475.402 5.000
G_40 0.000 -27.649 8.000
W_41 -5.155 -203.500 8.000
S_42 -7.878 -90.060 4.000
L_43 0.000 679.918 8.000
A_44 0.000 185.740 9.000
N_45 -21.132 -507.047 10.000
H_46 -12.104 -583.484 12.000
E_47 -23.258 -605.239 12.000
Y_48 -9.978 -274.939 8.000
F_49 0.000 560.542 6.000
A_50 0.000 185.740 6.000
L_51 0.000 679.918 6.000
Q_52 -14.591 -643.904 6.000
H_53 -11.154 -583.484 10.000
A_54 0.000 185.740 13.000
D_55 -23.258 -475.402 12.000
S_56 -19.059 -90.060 14.000
S_57 -19.059 -90.060 14.000
N_58 -23.258 -507.047 12.000
F_59 0.000 560.542 9.000
Y_60 -10.601 -274.939 9.000
I_61 0.000 777.529 9.000
T_62 -17.811 -90.974 12.000
E_63 -25.003 -605.239 14.000
K_64 -21.486 -818.649 19.000
N_65 -28.912 -507.047 20.000
R_66 -35.785 -1015.709 20.000
N_67 -27.150 -507.047 17.000
E_68 -26.485 -605.239 16.000
I_69 0.000 777.529 15.000
K_70 -17.098 -818.649 11.000
N_71 -21.132 -507.047 10.000
G_72 0.000 -27.649 10.000
T_73 -13.255 -90.974 7.000
I_74 0.000 777.529 8.000
L_75 0.000 679.918 8.000
R_76 -21.845 -1015.709 8.000
L_77 0.000 679.918 11.000
T_78 -19.059 -90.974 14.000
T_79 -15.425 -90.974 9.000
S_80 -15.425 -90.060 9.000
P_81 0.000 -195.996 10.000
A_82 0.000 185.740 11.000
Q_83 -18.409 -643.904 8.000
N_84 -23.258 -507.047 12.000
A_85 0.000 185.740 16.000
Q_86 -23.258 -643.904 12.000
Q_87 -21.132 -643.904 10.000
L_88 0.000 679.918 14.000
H_89 -13.255 -583.484 15.000
E_90 -22.253 -605.239 11.000
R_91 -31.716 -1015.709 15.000
I_92 0.000 777.529 16.000
Q_93 -25.772 -643.904 15.000
S_94 -18.462 -90.060 13.000
S_95 -18.462 -90.060 13.000
S_96 -18.462 -90.060 13.000
M_97 0.000 401.769 10.000
D_98 -21.132 -475.402 10.000
A_99 0.000 185.740 7.000
K_100 -17.098 -818.649 11.000
L_101 0.000 679.918 7.000
E_102 -16.691 -605.239 7.000
A_103 0.000 185.740 7.000
L_104 0.000 679.918 11.000
K_105 -13.255 -818.649 7.000
D_106 -16.691 -475.402 7.000
L_107 0.000 679.918 10.000
A_108 0.000 185.740 7.000
S_109 -11.867 -90.060 6.000
L_110 0.000 679.918 11.000
S_111 -19.613 -90.060 15.000
R_112 -28.412 -1015.709 12.000
D_113 -25.772 -475.402 15.000
V_114 0.000 613.196 12.000
T_115 -13.255 -90.974 7.000
F_116 0.000 560.542 7.000
A_117 0.000 185.740 11.000
Q_118 -18.409 -643.904 8.000
E_119 -18.409 -605.239 8.000
F_120 0.000 560.542 12.000
I_121 0.000 777.529 8.000
N_122 -18.409 -507.047 8.000
L_123 0.000 679.918 8.000
D_124 -18.409 -475.402 8.000
G_125 0.000 -27.649 7.000
I_126 0.000 777.529 7.000
S_127 -4.441 -90.060 3.000
L_128 0.000 679.918 6.000
L_129 0.000 679.918 10.000
T_130 -13.255 -90.974 7.000
Q_131 -16.691 -643.904 7.000
M_132 0.000 401.769 11.000
V_133 0.000 613.196 11.000
E_134 -16.691 -605.239 7.000
S_135 -16.309 -90.060 10.000
G_136 0.000 -27.649 14.000
T_137 -19.613 -90.974 15.000
E_138 -25.003 -605.239 14.000
R_139 -34.315 -1015.709 18.000
Y_140 -14.188 -274.939 18.000
Q_141 -25.003 -643.904 14.000
K_142 -18.462 -818.649 13.000
L_143 0.000 679.918 14.000
Q_144 -21.132 -643.904 10.000
K_145 -13.255 -818.649 7.000
I_146 0.000 777.529 10.000
M_147 0.000 401.769 6.000
K_148 -4.441 -818.649 3.000
P_149 0.000 -195.996 3.000
C_150 0.000 322.480 3.000
F_151 0.000 560.542 4.000
G_152 0.000 -27.649 4.000
D_153 -7.878 -475.402 4.000
M_154 0.000 401.769 7.000
L_155 0.000 679.918 7.000
S_156 -11.867 -90.060 6.000
F_157 0.000 560.542 6.000
T_158 -15.425 -90.974 9.000
L_159 0.000 679.918 6.000
T_160 -11.867 -90.974 6.000
A_161 0.000 185.740 3.000
F_162 0.000 560.542 7.000
V_163 0.000 613.196 4.000
E_164 -7.878 -605.239 4.000
L_165 0.000 679.918 8.000
M_166 0.000 401.769 10.000
D_167 -14.591 -475.402 6.000
H_168 -8.431 -583.484 6.000
G_169 0.000 -27.649 6.000
I_170 0.000 777.529 5.000
V_171 0.000 613.196 4.000
S_172 -14.420 -90.060 8.000
W_173 -5.944 -203.500 11.000
D_174 -22.253 -475.402 11.000
T_175 -17.098 -90.974 11.000
F_176 0.000 560.542 10.000
S_177 -11.867 -90.060 6.000
V_178 0.000 613.196 3.000
A_179 0.000 185.740 3.000
F_180 0.000 560.542 3.000
I_181 0.000 777.529 6.000
K_182 -11.867 -818.649 6.000
K_183 -11.867 -818.649 6.000
I_184 0.000 777.529 9.000
A_185 0.000 185.740 6.000
S_186 -4.441 -90.060 3.000
F_187 0.000 560.542 7.000
V_188 0.000 613.196 10.000
N_189 -21.132 -507.047 10.000
K_190 -16.309 -818.649 10.000
S_191 -16.309 -90.060 10.000
A_192 0.000 185.740 10.000
I_193 0.000 777.529 7.000
D_194 -16.691 -475.402 7.000
I_195 0.000 777.529 7.000
S_196 -13.255 -90.060 7.000
I_197 0.000 777.529 7.000
L_198 0.000 679.918 12.000
Q_199 -23.258 -643.904 12.000
R_200 -28.412 -1015.709 12.000
S_201 -17.811 -90.060 12.000
L_202 0.000 679.918 8.000
A_203 0.000 185.740 3.000
I_204 0.000 777.529 4.000
L_205 0.000 679.918 7.000
E_206 -16.691 -605.239 7.000
S_207 -13.255 -90.060 7.000
M_208 0.000 401.769 7.000
V_209 0.000 613.196 7.000
L_210 0.000 679.918 7.000
N_211 -19.866 -507.047 9.000
S_212 -18.462 -90.060 13.000
H_213 -12.518 -583.484 13.000
D_214 -22.253 -475.402 11.000
L_215 0.000 679.918 12.000
Y_216 -12.518 -274.939 13.000
Q_217 -19.866 -643.904 9.000
K_218 -15.425 -818.649 9.000
V_219 0.000 613.196 11.000
A_220 0.000 185.740 11.000
Q_221 -18.409 -643.904 8.000
E_222 -22.253 -605.239 11.000
I_223 0.000 777.529 11.000
T_224 -13.255 -90.974 7.000
I_225 0.000 777.529 7.000
G_226 0.000 -27.649 7.000
Q_227 -7.878 -643.904 4.000
L_228 0.000 679.918 4.000
I_229 0.000 777.529 6.000
P_230 0.000 -195.996 2.000
H_231 -8.431 -583.484 6.000
L_232 0.000 679.918 6.000
Q_233 -19.866 -643.904 9.000
G_234 0.000 -27.649 11.000
S_235 -19.613 -90.060 15.000
D_236 -25.772 -475.402 15.000
Q_237 -25.772 -643.904 15.000
E_238 -26.485 -605.239 16.000
I_239 0.000 777.529 15.000
Q_240 -24.169 -643.904 13.000
T_241 -17.811 -90.974 12.000
Y_242 -12.104 -274.939 12.000
T_243 -14.420 -90.974 8.000
I_244 0.000 777.529 5.000
A_245 0.000 185.740 3.000
V_246 0.000 613.196 4.000
I_247 0.000 777.529 4.000
N_248 -7.878 -507.047 4.000
A_249 0.000 185.740 4.000
L_250 0.000 679.918 4.000
F_251 0.000 560.542 3.000
L_252 0.000 679.918 3.000
K_253 -4.441 -818.649 3.000
A_254 0.000 185.740 7.000
P_255 0.000 -195.996 11.000
D_256 -24.169 -475.402 13.000
E_257 -27.773 -605.239 18.000
R_258 -37.098 -1015.709 22.000
R_259 -37.098 -1015.709 22.000
Q_260 -27.773 -643.904 18.000
E_261 -24.169 -605.239 13.000
M_262 0.000 401.769 12.000
A_263 0.000 185.740 8.000
N_264 -7.878 -507.047 4.000
I_265 0.000 777.529 4.000
L_266 0.000 679.918 8.000
A_267 0.000 185.740 7.000
Q_268 -22.253 -643.904 11.000
K_269 -17.098 -818.649 11.000
Q_270 -26.485 -643.904 16.000
L_271 0.000 679.918 15.000
R_272 -28.412 -1015.709 12.000
S_273 -14.420 -90.060 8.000
I_274 0.000 777.529 8.000
I_275 0.000 777.529 6.000
L_276 0.000 679.918 5.000
T_277 -10.149 -90.974 5.000
H_278 -7.426 -583.484 5.000
V_279 0.000 613.196 10.000
I_280 0.000 777.529 7.000
R_281 -23.856 -1015.709 9.000
A_282 0.000 185.740 14.000
Q_283 -25.003 -643.904 14.000
R_284 -23.856 -1015.709 9.000
A_285 0.000 185.740 13.000
I_286 0.000 777.529 13.000
N_287 -23.258 -507.047 12.000
N_288 -23.258 -507.047 12.000
E_289 -23.258 -605.239 12.000
M_290 0.000 401.769 10.000
A_291 0.000 185.740 10.000
H_292 -8.431 -583.484 6.000
Q_293 -18.409 -643.904 8.000
L_294 0.000 679.918 8.000
Y_295 -8.431 -274.939 6.000
V_296 0.000 613.196 6.000
L_297 0.000 679.918 6.000
Q_298 -7.878 -643.904 4.000
V_299 0.000 613.196 7.000
L_300 0.000 679.918 7.000
T_301 -13.255 -90.974 7.000
F_302 0.000 560.542 7.000
N_303 -16.691 -507.047 7.000
L_304 0.000 679.918 8.000
L_305 0.000 679.918 12.000
E_306 -24.169 -605.239 13.000
D_307 -24.169 -475.402 13.000
R_308 -29.616 -1015.709 13.000
M_309 0.000 401.769 12.000
M_310 0.000 401.769 11.000
T_311 -11.867 -90.974 6.000
K_312 -16.309 -818.649 10.000
M_313 0.000 401.769 10.000
D_314 -22.253 -475.402 11.000
P_315 0.000 -195.996 12.000
Q_316 -26.485 -643.904 16.000
D_317 -23.258 -475.402 12.000
Q_318 -26.485 -643.904 16.000
A_319 0.000 185.740 17.000
Q_320 -27.150 -643.904 17.000
R_321 -29.616 -1015.709 13.000
D_322 -24.169 -475.402 13.000
I_323 0.000 777.529 9.000
I_324 0.000 777.529 8.000
F_325 0.000 560.542 4.000
E_326 -19.866 -605.239 9.000
L_327 0.000 679.918 14.000
R_328 -30.711 -1015.709 14.000
R_329 -25.574 -1015.709 10.000
I_330 0.000 777.529 10.000
A_331 0.000 185.740 9.000
F_332 0.000 560.542 4.000
D_333 -18.409 -475.402 8.000
A_334 0.000 185.740 11.000
E_335 -25.772 -605.239 15.000
S_336 -17.098 -90.060 11.000
E_337 -25.772 -605.239 15.000
P_338 0.000 -195.996 15.000
N_339 -25.772 -507.047 15.000
N_340 -25.003 -507.047 14.000
S_341 -19.059 -90.060 14.000
S_342 -18.462 -90.060 13.000
G_343 0.000 -27.649 9.000
S_344 -16.309 -90.060 10.000
M_345 0.000 401.769 10.000
E_346 -25.772 -605.239 15.000
K_347 -19.613 -818.649 15.000
R_348 -34.315 -1015.709 18.000
K_349 -19.059 -818.649 14.000
S_350 -18.462 -90.060 13.000
M_351 0.000 401.769 11.000
Y_352 -12.518 -274.939 13.000
T_353 -19.059 -90.974 14.000
R_354 -32.645 -1015.709 16.000
D_355 -27.150 -475.402 17.000
Y_356 -13.896 -274.939 17.000
K_357 -17.811 -818.649 12.000
K_358 -14.420 -818.649 8.000
L_359 0.000 679.918 6.000
G_360 0.000 -27.649 3.000
F_361 0.000 560.542 4.000
I_362 0.000 777.529 6.000
N_363 -14.591 -507.047 6.000
H_364 -11.154 -583.484 10.000
V_365 0.000 613.196 10.000
N_366 -14.591 -507.047 6.000
P_367 0.000 -195.996 4.000
A_368 0.000 185.740 8.000
M_369 0.000 401.769 4.000
D_370 -16.691 -475.402 7.000
F_371 0.000 560.542 11.000
T_372 -19.059 -90.974 14.000
Q_373 -21.132 -643.904 10.000
T_374 -16.309 -90.974 10.000
P_375 0.000 -195.996 7.000
P_376 0.000 -195.996 3.000
G_377 0.000 -27.649 0.000
M_378 0.000 401.769 0.000
L_379 0.000 679.918 0.000
A_380 0.000 185.740 4.000
L_381 0.000 679.918 8.000
D_382 -18.409 -475.402 8.000
N_383 -18.409 -507.047 8.000
M_384 0.000 401.769 10.000
L_385 0.000 679.918 6.000
Y_386 -1.718 -274.939 2.000
F_387 0.000 560.542 5.000
A_388 0.000 185.740 7.000
K_389 -13.255 -818.649 7.000
H_390 -11.652 -583.484 11.000
H_391 -13.255 -583.484 15.000
Q_392 -23.258 -643.904 12.000
D_393 -23.258 -475.402 12.000
A_394 0.000 185.740 10.000
Y_395 -11.652 -274.939 11.000
I_396 0.000 777.529 7.000
R_397 -19.414 -1015.709 7.000
I_398 0.000 777.529 5.000
V_399 0.000 613.196 9.000
L_400 0.000 679.918 8.000
E_401 -22.253 -605.239 11.000
N_402 -25.003 -507.047 14.000
S_403 -21.486 -90.060 19.000
S_404 -21.486 -90.060 19.000
R_405 -35.072 -1015.709 19.000
E_406 -28.359 -605.239 19.000
D_407 -27.773 -475.402 18.000
K_408 -20.609 -818.649 17.000
H_409 -12.518 -583.484 13.000
E_410 -19.866 -605.239 9.000
C_411 0.000 322.480 6.000
P_412 0.000 -195.996 4.000
F_413 0.000 560.542 5.000
G_414 0.000 -27.649 8.000
R_415 -27.076 -1015.709 11.000
S_416 -17.098 -90.060 11.000
S_417 -19.613 -90.060 15.000
I_418 0.000 777.529 10.000
E_419 -21.132 -605.239 10.000
L_420 0.000 679.918 10.000
T_421 -16.309 -90.974 10.000
K_422 -11.867 -818.649 6.000
M_423 0.000 401.769 6.000
L_424 0.000 679.918 7.000
C_425 0.000 322.480 4.000
E_426 -7.878 -605.239 4.000
I_427 0.000 777.529 7.000
L_428 0.000 679.918 7.000
K_429 -4.441 -818.649 3.000
V_430 0.000 613.196 7.000
G_431 0.000 -27.649 7.000
E_432 -7.878 -605.239 4.000
L_433 0.000 679.918 7.000
P_434 0.000 -195.996 11.000
S_435 -16.309 -90.060 10.000
E_436 -21.132 -605.239 10.000
T_437 -19.059 -90.974 14.000
C_438 0.000 322.480 15.000
N_439 -22.253 -507.047 11.000
D_440 -21.132 -475.402 10.000
F_441 0.000 560.542 10.000
H_442 -8.431 -583.484 6.000
P_443 0.000 -195.996 2.000
M_444 0.000 401.769 2.000
F_445 0.000 560.542 3.000
F_446 0.000 560.542 5.000
T_447 -15.425 -90.974 9.000
H_448 -12.900 -583.484 14.000
D_449 -27.150 -475.402 17.000
R_450 -30.711 -1015.709 14.000
S_451 -20.127 -90.060 16.000
F_452 0.000 560.542 16.000
E_453 -22.253 -605.239 11.000
E_454 -18.409 -605.239 8.000
F_455 0.000 560.542 8.000
F_456 0.000 560.542 4.000
C_457 0.000 322.480 0.000
I_458 0.000 777.529 0.000
C_459 0.000 322.480 4.000
I_460 0.000 777.529 4.000
Q_461 -7.878 -643.904 4.000
L_462 0.000 679.918 8.000
L_463 0.000 679.918 11.000
N_464 -21.132 -507.047 10.000
K_465 -17.098 -818.649 11.000
T_466 -19.059 -90.974 14.000
W_467 -6.542 -203.500 14.000
K_468 -17.098 -818.649 11.000
E_469 -24.169 -605.239 13.000
M_470 0.000 401.769 12.000
R_471 -28.412 -1015.709 12.000
A_472 0.000 185.740 11.000
T_473 -19.613 -90.974 15.000
S_474 -19.059 -90.060 14.000
E_475 -25.003 -605.239 14.000
D_476 -25.772 -475.402 15.000
F_477 0.000 560.542 15.000
N_478 -22.253 -507.047 11.000
K_479 -13.255 -818.649 7.000
V_480 0.000 613.196 11.000
M_481 0.000 401.769 7.000
Q_482 -7.878 -643.904 4.000
V_483 0.000 613.196 7.000
V_484 0.000 613.196 11.000
K_485 -17.098 -818.649 11.000
E_486 -22.253 -605.239 11.000
Q_487 -22.253 -643.904 11.000
V_488 0.000 613.196 13.000
M_489 0.000 401.769 9.000
R_490 -11.867 -1015.709 5.000
A_491 0.000 185.740 8.000
L_492 0.000 679.918 11.000
T_493 -15.425 -90.974 9.000
T_494 -15.425 -90.974 9.000
K_495 -17.811 -818.649 12.000
P_496 0.000 -195.996 12.000
S_497 -15.425 -90.060 9.000
S_498 -16.309 -90.060 10.000
L_499 0.000 679.918 14.000
D_500 -22.253 -475.402 11.000
Q_501 -22.253 -643.904 11.000
F_502 0.000 560.542 14.000
K_503 -18.462 -818.649 13.000
S_504 -15.425 -90.060 9.000
K_505 -18.462 -818.649 13.000
L_506 0.000 679.918 14.000
Q_507 -22.253 -643.904 11.000
N_508 -22.253 -507.047 11.000
L_509 0.000 679.918 13.000
S_510 -17.811 -90.060 12.000
Y_511 -12.104 -274.939 12.000
T_512 -17.811 -90.974 12.000
E_513 -19.866 -605.239 9.000
I_514 0.000 777.529 10.000
L_515 0.000 679.918 7.000
K_516 -14.420 -818.649 8.000
I_517 0.000 777.529 12.000
R_518 -31.716 -1015.709 15.000
Q_519 -26.485 -643.904 16.000
S_520 -22.271 -90.060 21.000
E_521 -26.485 -605.239 16.000
R_522 -32.645 -1015.709 16.000
M_523 0.000 401.769 17.000
N_524 -27.150 -507.047 17.000
Q_525 -26.485 -643.904 16.000
E_526 -26.485 -605.239 16.000
D_527 -26.485 -475.402 16.000
F_528 0.000 560.542 15.000
Q_529 -26.485 -643.904 16.000
S_530 -17.811 -90.060 12.000
R_531 -28.412 -1015.709 12.000
P_532 0.000 -195.996 8.000
I_533 0.000 777.529 9.000
L_534 0.000 679.918 4.000
E_535 -16.691 -605.239 7.000
L_536 0.000 679.918 11.000
K_537 -19.059 -818.649 14.000
E_538 -21.132 -605.239 10.000
K_539 -19.059 -818.649 14.000
I_540 0.000 777.529 11.000
Q_541 -22.253 -643.904 11.000
P_542 0.000 -195.996 8.000
E_543 -18.409 -605.239 8.000
I_544 0.000 777.529 8.000
L_545 0.000 679.918 8.000
E_546 -7.878 -605.239 4.000
L_547 0.000 679.918 7.000
I_548 0.000 777.529 11.000
K_549 -17.098 -818.649 11.000
Q_550 -26.485 -643.904 16.000
Q_551 -26.485 -643.904 16.000
R_552 -33.508 -1015.709 17.000
L_553 0.000 679.918 18.000
N_554 -25.003 -507.047 14.000
R_555 -23.856 -1015.709 9.000
L_556 0.000 679.918 13.000
V_557 0.000 613.196 9.000
E_558 -16.691 -605.239 7.000
G_559 0.000 -27.649 7.000
T_560 -13.255 -90.974 7.000
C_561 0.000 322.480 8.000
F_562 0.000 560.542 11.000
R_563 -21.845 -1015.709 8.000
K_564 -17.811 -818.649 12.000
L_565 0.000 679.918 12.000
N_566 -23.258 -507.047 12.000
A_567 0.000 185.740 14.000
R_568 -35.072 -1015.709 19.000
R_569 -35.072 -1015.709 19.000
R_570 -37.706 -1015.709 23.000
Q_571 -29.436 -643.904 21.000
D_572 -26.485 -475.402 16.000
K_573 -17.811 -818.649 12.000
F_574 0.000 560.542 10.000
W_575 -4.441 -203.500 6.000
Y_576 -9.978 -274.939 8.000
C_577 0.000 322.480 8.000
R_578 -25.574 -1015.709 10.000
L_579 0.000 679.918 8.000
S_580 -17.811 -90.060 12.000
P_581 0.000 -195.996 9.000
N_582 -23.258 -507.047 12.000
H_583 -10.601 -583.484 9.000
K_584 -15.425 -818.649 9.000
V_585 0.000 613.196 7.000
L_586 0.000 679.918 7.000
H_587 -6.160 -583.484 4.000
Y_588 -9.978 -274.939 8.000
G_589 0.000 -27.649 8.000
D_590 -21.132 -475.402 10.000
L_591 0.000 679.918 12.000
E_592 -25.772 -605.239 15.000
E_593 -22.253 -605.239 11.000
S_594 -19.613 -90.060 15.000
P_595 0.000 -195.996 11.000
Q_596 -22.253 -643.904 11.000
G_597 0.000 -27.649 8.000
E_598 -18.409 -605.239 8.000
V_599 0.000 613.196 6.000
P_600 0.000 -195.996 10.000
H_601 -10.601 -583.484 9.000
D_602 -19.866 -475.402 9.000
S_603 -18.462 -90.060 13.000
L_604 0.000 679.918 15.000
Q_605 -25.003 -643.904 14.000
D_606 -22.253 -475.402 11.000
K_607 -17.098 -818.649 11.000
L_608 0.000 679.918 7.000
P_609 0.000 -195.996 3.000
V_610 0.000 613.196 4.000
A_611 0.000 185.740 4.000
D_612 -16.691 -475.402 7.000
I_613 0.000 777.529 7.000
K_614 -13.255 -818.649 7.000
A_615 0.000 185.740 3.000
V_616 0.000 613.196 6.000
V_617 0.000 613.196 3.000
T_618 -11.867 -90.974 6.000
G_619 0.000 -27.649 10.000
K_620 -16.309 -818.649 10.000
D_621 -16.691 -475.402 7.000
C_622 0.000 322.480 9.000
P_623 0.000 -195.996 6.000
H_624 -7.426 -583.484 5.000
M_625 0.000 401.769 9.000
K_626 -17.811 -818.649 12.000
E_627 -21.132 -605.239 10.000
K_628 -16.309 -818.649 10.000
G_629 0.000 -27.649 7.000
A_630 0.000 185.740 6.000
L_631 0.000 679.918 7.000
K_632 -17.098 -818.649 11.000
Q_633 -25.003 -643.904 14.000
N_634 -27.773 -507.047 18.000
K_635 -19.613 -818.649 15.000
E_636 -22.253 -605.239 11.000
V_637 0.000 613.196 11.000
L_638 0.000 679.918 8.000
E_639 -7.878 -605.239 4.000
L_640 0.000 679.918 4.000
A_641 0.000 185.740 7.000
F_642 0.000 560.542 3.000
S_643 -4.441 -90.060 3.000
I_644 0.000 777.529 5.000
L_645 0.000 679.918 9.000
Y_646 -10.601 -274.939 9.000
D_647 -24.169 -475.402 13.000
S_648 -18.462 -90.060 13.000
N_649 -25.772 -507.047 15.000
C_650 0.000 322.480 11.000
Q_651 -23.258 -643.904 12.000
L_652 0.000 679.918 8.000
N_653 -18.409 -507.047 8.000
F_654 0.000 560.542 4.000
I_655 0.000 777.529 4.000
A_656 0.000 185.740 4.000
P_657 0.000 -195.996 7.000
D_658 -19.866 -475.402 9.000
K_659 -18.462 -818.649 13.000
H_660 -13.255 -583.484 15.000
E_661 -22.253 -605.239 11.000
Y_662 -9.978 -274.939 8.000
C_663 0.000 322.480 7.000
I_664 0.000 777.529 6.000
W_665 -5.155 -203.500 8.000
T_666 -14.420 -90.974 8.000
D_667 -18.409 -475.402 8.000
G_668 0.000 -27.649 11.000
L_669 0.000 679.918 8.000
N_670 -7.878 -507.047 4.000
A_671 0.000 185.740 4.000
L_672 0.000 679.918 4.000
L_673 0.000 679.918 3.000
G_674 0.000 -27.649 7.000
K_675 -13.255 -818.649 7.000
D_676 -16.691 -475.402 7.000
M_677 0.000 401.769 10.000
M_678 0.000 401.769 11.000
S_679 -13.255 -90.060 7.000
D_680 -21.132 -475.402 10.000
L_681 0.000 679.918 15.000
T_682 -20.127 -90.974 16.000
R_683 -32.645 -1015.709 16.000
N_684 -26.485 -507.047 16.000
D_685 -27.150 -475.402 17.000
L_686 0.000 679.918 15.000
D_687 -22.253 -475.402 11.000
T_688 -13.255 -90.974 7.000
L_689 0.000 679.918 10.000
L_690 0.000 679.918 6.000
S_691 -13.255 -90.060 7.000
M_692 0.000 401.769 7.000
E_693 -21.132 -605.239 10.000
I_694 0.000 777.529 7.000
K_695 -17.811 -818.649 12.000
L_696 0.000 679.918 8.000
R_697 -21.845 -1015.709 8.000
L_698 0.000 679.918 9.000
L_699 0.000 679.918 9.000
D_700 -18.409 -475.402 8.000
L_701 0.000 679.918 12.000
E_702 -23.258 -605.239 12.000
N_703 -23.258 -507.047 12.000
I_704 0.000 777.529 12.000
Q_705 -18.409 -643.904 8.000
I_706 0.000 777.529 8.000
P_707 0.000 -195.996 8.000
D_708 -7.878 -475.402 4.000
A_709 0.000 185.740 4.000
P_710 0.000 -195.996 4.000
P_711 0.000 -195.996 0.000
P_712 0.000 -195.996 0.000
I_713 0.000 777.529 3.000
P_714 0.000 -195.996 7.000
K_715 -13.255 -818.649 7.000
E_716 -21.132 -605.239 10.000
P_717 0.000 -195.996 14.000
S_718 -18.462 -90.060 13.000
N_719 -24.169 -507.047 13.000
Y_720 -12.518 -274.939 13.000
D_721 -21.132 -475.402 10.000
F_722 0.000 560.542 8.000
V_723 0.000 613.196 10.000
Y_724 -8.431 -274.939 6.000
D_725 -21.132 -475.402 10.000
C_726 0.000 322.480 10.000
N_727 -18.409 -507.047 8.000
