M_1 0.000 401.769 4.000
N_2 -18.409 -507.047 8.000
I_3 0.000 777.529 12.000
Q_4 -26.485 -643.904 16.000
E_5 -23.258 -605.239 12.000
Q_6 -23.258 -643.904 12.000
G_7 0.000 -27.649 8.000
F_8 0.000 560.542 4.000
P_9 0.000 -195.996 4.000
L_10 0.000 679.918 4.000
D_11 -7.878 -475.402 4.000
L_12 0.000 679.918 4.000
G_13 0.000 -27.649 7.000
A_14 0.000 185.740 3.000
S_15 -11.867 -90.060 6.000
F_16 0.000 560.542 10.000
T_17 -19.059 -90.974 14.000
E_18 -22.253 -605.239 11.000
D_19 -22.253 -475.402 11.000
A_20 0.000 185.740 13.000
P_21 0.000 -195.996 9.000
R_22 -11.867 -1015.709 5.000
P_23 0.000 -195.996 5.000
P_24 0.000 -195.996 5.000
V_25 0.000 613.196 0.000
P_26 0.000 -195.996 4.000
G_27 0.000 -27.649 8.000
E_28 -18.409 -605.239 8.000
E_29 -23.258 -605.239 12.000
G_30 0.000 -27.649 12.000
E_31 -18.409 -605.239 8.000
L_32 0.000 679.918 7.000
V_33 0.000 613.196 10.000
S_34 -16.309 -90.060 10.000
T_35 -16.309 -90.974 10.000
D_36 -25.772 -475.402 15.000
P_37 0.000 -195.996 12.000
R_38 -23.856 -1015.709 9.000
P_39 0.000 -195.996 8.000
A_40 0.000 185.740 10.000
S_41 -14.420 -90.060 8.000
Y_42 -9.978 -274.939 8.000
S_43 -14.420 -90.060 8.000
F_44 0.000 560.542 8.000
C_45 0.000 322.480 6.000
S_46 -11.867 -90.060 6.000
G_47 0.000 -27.649 6.000
K_48 -11.867 -818.649 6.000
G_49 0.000 -27.649 3.000
V_50 0.000 613.196 3.000
G_51 0.000 -27.649 3.000
I_52 0.000 777.529 3.000
K_53 -13.255 -818.649 7.000
G_54 0.000 -27.649 10.000
E_55 -24.169 -605.239 13.000
T_56 -18.462 -90.974 13.000
S_57 -18.462 -90.060 13.000
T_58 -17.811 -90.974 12.000
A_59 0.000 185.740 9.000
T_60 -17.098 -90.974 11.000
P_61 0.000 -195.996 13.000
R_62 -32.645 -1015.709 16.000
R_63 -33.508 -1015.709 17.000
S_64 -20.609 -90.060 17.000
D_65 -26.485 -475.402 16.000
L_66 0.000 679.918 11.000
D_67 -18.409 -475.402 8.000
L_68 0.000 679.918 6.000
G_69 0.000 -27.649 10.000
Y_70 -8.431 -274.939 6.000
E_71 -21.132 -605.239 10.000
P_72 0.000 -195.996 10.000
E_73 -22.253 -605.239 11.000
G_74 0.000 -27.649 7.000
S_75 -16.309 -90.060 10.000
A_76 0.000 185.740 6.000
S_77 -15.425 -90.060 9.000
P_78 0.000 -195.996 6.000
T_79 -11.867 -90.974 6.000
P_80 0.000 -195.996 5.000
P_81 0.000 -195.996 5.000
Y_82 -7.426 -274.939 5.000
L_83 0.000 679.918 6.000
K_84 -11.867 -818.649 6.000
W_85 -5.155 -203.500 8.000
A_86 0.000 185.740 11.000
E_87 -18.409 -605.239 8.000
S_88 -15.425 -90.060 9.000
L_89 0.000 679.918 12.000
H_90 -9.978 -583.484 8.000
S_91 -10.149 -90.060 5.000
L_92 0.000 679.918 9.000
L_93 0.000 679.918 11.000
D_94 -23.258 -475.402 12.000
D_95 -26.485 -475.402 16.000
Q_96 -26.485 -643.904 16.000
D_97 -23.258 -475.402 12.000
G_98 0.000 -27.649 11.000
I_99 0.000 777.529 7.000
S_100 -4.441 -90.060 3.000
L_101 0.000 679.918 8.000
F_102 0.000 560.542 11.000
R_103 -21.845 -1015.709 8.000
T_104 -14.420 -90.974 8.000
F_105 0.000 560.542 11.000
L_106 0.000 679.918 10.000
K_107 -17.098 -818.649 11.000
Q_108 -22.253 -643.904 11.000
E_109 -22.253 -605.239 11.000
G_110 0.000 -27.649 8.000
C_111 0.000 322.480 8.000
A_112 0.000 185.740 4.000
D_113 -7.878 -475.402 4.000
L_114 0.000 679.918 8.000
L_115 0.000 679.918 8.000
D_116 -11.867 -475.402 5.000
F_117 0.000 560.542 5.000
W_118 -3.990 -203.500 5.000
F_119 0.000 560.542 1.000
A_120 0.000 185.740 4.000
C_121 0.000 322.480 3.000
T_122 -4.441 -90.974 3.000
G_123 0.000 -27.649 8.000
F_124 0.000 560.542 11.000
R_125 -21.845 -1015.709 8.000
K_126 -17.811 -818.649 12.000
L_127 0.000 679.918 12.000
E_128 -16.691 -605.239 7.000
P_129 0.000 -195.996 8.000
C_130 0.000 322.480 11.000
D_131 -22.253 -475.402 11.000
S_132 -19.613 -90.060 15.000
N_133 -28.359 -507.047 19.000
E_134 -27.773 -605.239 18.000
E_135 -28.912 -605.239 20.000
K_136 -20.127 -818.649 16.000
R_137 -31.716 -1015.709 15.000
L_138 0.000 679.918 11.000
K_139 -14.420 -818.649 8.000
L_140 0.000 679.918 8.000
A_141 0.000 185.740 8.000
R_142 -11.867 -1015.709 5.000
A_143 0.000 185.740 7.000
I_144 0.000 777.529 12.000
Y_145 -11.154 -274.939 10.000
R_146 -28.412 -1015.709 12.000
K_147 -17.811 -818.649 12.000
Y_148 -11.154 -274.939 10.000
I_149 0.000 777.529 9.000
L_150 0.000 679.918 10.000
D_151 -23.258 -475.402 12.000
N_152 -23.258 -507.047 12.000
N_153 -23.258 -507.047 12.000
G_154 0.000 -27.649 8.000
I_155 0.000 777.529 7.000
V_156 0.000 613.196 8.000
S_157 -17.811 -90.060 12.000
R_158 -31.716 -1015.709 15.000
Q_159 -27.773 -643.904 18.000
T_160 -19.613 -90.974 15.000
K_161 -16.309 -818.649 10.000
P_162 0.000 -195.996 9.000
A_163 0.000 185.740 9.000
T_164 -15.425 -90.974 9.000
K_165 -15.425 -818.649 9.000
S_166 -15.425 -90.060 9.000
F_167 0.000 560.542 9.000
I_168 0.000 777.529 6.000
K_169 -4.441 -818.649 3.000
G_170 0.000 -27.649 3.000
C_171 0.000 322.480 3.000
I_172 0.000 777.529 3.000
M_173 0.000 401.769 7.000
K_174 -13.255 -818.649 7.000
Q_175 -16.691 -643.904 7.000
L_176 0.000 679.918 11.000
I_177 0.000 777.529 8.000
D_178 -7.878 -475.402 4.000
P_179 0.000 -195.996 4.000
A_180 0.000 185.740 4.000
M_181 0.000 401.769 4.000
F_182 0.000 560.542 8.000
D_183 -18.409 -475.402 8.000
Q_184 -23.258 -643.904 12.000
A_185 0.000 185.740 15.000
Q_186 -25.772 -643.904 15.000
T_187 -17.098 -90.974 11.000
E_188 -25.772 -605.239 15.000
I_189 0.000 777.529 11.000
Q_190 -22.253 -643.904 11.000
A_191 0.000 185.740 7.000
T_192 -17.098 -90.974 11.000
M_193 0.000 401.769 11.000
E_194 -25.772 -605.239 15.000
E_195 -25.772 -605.239 15.000
N_196 -27.150 -507.047 17.000
T_197 -18.462 -90.974 13.000
Y_198 -12.104 -274.939 12.000
P_199 0.000 -195.996 8.000
S_200 -10.149 -90.060 5.000
F_201 0.000 560.542 6.000
L_202 0.000 679.918 9.000
K_203 -16.309 -818.649 10.000
S_204 -16.309 -90.060 10.000
D_205 -23.258 -475.402 12.000
I_206 0.000 777.529 9.000
Y_207 -11.154 -274.939 10.000
L_208 0.000 679.918 8.000
E_209 -22.253 -605.239 11.000
Y_210 -12.900 -274.939 14.000
T_211 -20.609 -90.974 17.000
R_212 -29.616 -1015.709 13.000
T_213 -19.059 -90.974 14.000
G_214 0.000 -27.649 15.000
S_215 -18.462 -90.060 13.000
E_216 -21.132 -605.239 10.000
S_217 -18.462 -90.060 13.000
P_218 0.000 -195.996 10.000
K_219 -11.867 -818.649 6.000
V_220 0.000 613.196 6.000
C_221 0.000 322.480 10.000
S_222 -17.098 -90.060 11.000
D_223 -25.003 -475.402 14.000
Q_224 -27.150 -643.904 17.000
S_225 -19.059 -90.060 14.000
S_226 -18.462 -90.060 13.000
G_227 0.000 -27.649 9.000
S_228 -15.425 -90.060 9.000
G_229 0.000 -27.649 6.000
T_230 -15.425 -90.974 9.000
G_231 0.000 -27.649 6.000
K_232 -11.867 -818.649 6.000
G_233 0.000 -27.649 6.000
I_234 0.000 777.529 6.000
S_235 -10.149 -90.060 5.000
G_236 0.000 -27.649 5.000
Y_237 -7.426 -274.939 5.000
L_238 0.000 679.918 5.000
P_239 0.000 -195.996 5.000
T_240 -13.255 -90.974 7.000
L_241 0.000 679.918 11.000
N_242 -25.772 -507.047 15.000
E_243 -26.485 -605.239 16.000
D_244 -28.912 -475.402 20.000
E_245 -27.150 -605.239 17.000
E_246 -26.485 -605.239 16.000
W_247 -6.160 -203.500 12.000
K_248 -17.811 -818.649 12.000
C_249 0.000 322.480 12.000
D_250 -25.772 -475.402 15.000
Q_251 -23.258 -643.904 12.000
D_252 -26.485 -475.402 16.000
M_253 0.000 401.769 16.000
D_254 -26.485 -475.402 16.000
E_255 -26.485 -605.239 16.000
D_256 -26.485 -475.402 16.000
D_257 -27.150 -475.402 17.000
G_258 0.000 -27.649 17.000
R_259 -29.616 -1015.709 13.000
D_260 -19.866 -475.402 9.000
A_261 0.000 185.740 9.000
A_262 0.000 185.740 4.000
P_263 0.000 -195.996 0.000
P_264 0.000 -195.996 5.000
G_265 0.000 -27.649 5.000
R_266 -11.867 -1015.709 5.000
L_267 0.000 679.918 9.000
P_268 0.000 -195.996 12.000
Q_269 -16.691 -643.904 7.000
K_270 -13.255 -818.649 7.000
L_271 0.000 679.918 7.000
L_272 0.000 679.918 7.000
L_273 0.000 679.918 7.000
E_274 -16.691 -605.239 7.000
T_275 -13.255 -90.974 7.000
A_276 0.000 185.740 7.000
A_277 0.000 185.740 8.000
P_278 0.000 -195.996 5.000
R_279 -21.845 -1015.709 8.000
V_280 0.000 613.196 11.000
S_281 -19.059 -90.060 14.000
S_282 -19.059 -90.060 14.000
S_283 -21.486 -90.060 19.000
R_284 -34.315 -1015.709 18.000
R_285 -34.315 -1015.709 18.000
Y_286 -14.463 -274.939 19.000
S_287 -19.059 -90.060 14.000
E_288 -25.003 -605.239 14.000
G_289 0.000 -27.649 16.000
R_290 -29.616 -1015.709 13.000
E_291 -25.003 -605.239 14.000
F_292 0.000 560.542 16.000
R_293 -27.076 -1015.709 11.000
Y_294 -11.154 -274.939 10.000
G_295 0.000 -27.649 11.000
S_296 -17.098 -90.060 11.000
W_297 -6.358 -203.500 13.000
R_298 -29.616 -1015.709 13.000
E_299 -21.132 -605.239 10.000
P_300 0.000 -195.996 13.000
V_301 0.000 613.196 8.000
N_302 -14.591 -507.047 6.000
P_303 0.000 -195.996 8.000
Y_304 -9.978 -274.939 8.000
Y_305 -9.978 -274.939 8.000
V_306 0.000 613.196 8.000
N_307 -14.591 -507.047 6.000
A_308 0.000 185.740 6.000
G_309 0.000 -27.649 6.000
Y_310 -1.718 -274.939 2.000
A_311 0.000 185.740 2.000
L_312 0.000 679.918 2.000
A_313 0.000 185.740 0.000
P_314 0.000 -195.996 3.000
A_315 0.000 185.740 6.000
T_316 -11.867 -90.974 6.000
S_317 -16.309 -90.060 10.000
A_318 0.000 185.740 14.000
N_319 -25.003 -507.047 14.000
D_320 -25.772 -475.402 15.000
S_321 -21.486 -90.060 19.000
E_322 -28.359 -605.239 19.000
Q_323 -27.773 -643.904 18.000
Q_324 -25.772 -643.904 15.000
S_325 -19.059 -90.060 14.000
L_326 0.000 679.918 13.000
S_327 -18.462 -90.060 13.000
S_328 -16.309 -90.060 10.000
D_329 -25.003 -475.402 14.000
A_330 0.000 185.740 14.000
D_331 -22.253 -475.402 11.000
T_332 -16.309 -90.974 10.000
L_333 0.000 679.918 10.000
S_334 -15.425 -90.060 9.000
L_335 0.000 679.918 10.000
T_336 -18.462 -90.974 13.000
D_337 -24.169 -475.402 13.000
S_338 -18.462 -90.060 13.000
S_339 -19.059 -90.060 14.000
V_340 0.000 613.196 10.000
D_341 -16.691 -475.402 7.000
G_342 0.000 -27.649 4.000
I_343 0.000 777.529 4.000
P_344 0.000 -195.996 2.000
P_345 0.000 -195.996 7.000
Y_346 -9.265 -274.939 7.000
R_347 -28.412 -1015.709 12.000
I_348 0.000 777.529 15.000
R_349 -33.508 -1015.709 17.000
K_350 -19.059 -818.649 14.000
Q_351 -28.359 -643.904 19.000
H_352 -14.463 -583.484 19.000
R_353 -35.785 -1015.709 20.000
R_354 -32.645 -1015.709 16.000
E_355 -27.773 -605.239 18.000
M_356 0.000 401.769 17.000
Q_357 -25.772 -643.904 15.000
E_358 -22.253 -605.239 11.000
S_359 -19.613 -90.060 15.000
V_360 0.000 613.196 11.000
Q_361 -22.253 -643.904 11.000
V_362 0.000 613.196 8.000
N_363 -24.169 -507.047 13.000
G_364 0.000 -27.649 9.000
R_365 -23.856 -1015.709 9.000
V_366 0.000 613.196 5.000
P_367 0.000 -195.996 5.000
L_368 0.000 679.918 2.000
P_369 0.000 -195.996 2.000
H_370 -1.718 -583.484 2.000
I_371 0.000 777.529 7.000
P_372 0.000 -195.996 10.000
R_373 -25.574 -1015.709 10.000
T_374 -19.613 -90.974 15.000
Y_375 -13.255 -274.939 15.000
R_376 -25.574 -1015.709 10.000
V_377 0.000 613.196 10.000
P_378 0.000 -195.996 12.000
K_379 -13.255 -818.649 7.000
E_380 -23.258 -605.239 12.000
V_381 0.000 613.196 12.000
R_382 -29.616 -1015.709 13.000
V_383 0.000 613.196 9.000
E_384 -24.169 -605.239 13.000
P_385 0.000 -195.996 11.000
Q_386 -22.253 -643.904 11.000
K_387 -13.255 -818.649 7.000
F_388 0.000 560.542 11.000
A_389 0.000 185.740 11.000
E_390 -18.409 -605.239 8.000
E_391 -18.409 -605.239 8.000
L_392 0.000 679.918 10.000
I_393 0.000 777.529 11.000
H_394 -9.265 -583.484 7.000
R_395 -27.076 -1015.709 11.000
L_396 0.000 679.918 11.000
E_397 -19.866 -605.239 9.000
A_398 0.000 185.740 8.000
V_399 0.000 613.196 13.000
Q_400 -23.258 -643.904 12.000
R_401 -33.508 -1015.709 17.000
T_402 -22.271 -90.974 21.000
R_403 -33.508 -1015.709 17.000
E_404 -26.485 -605.239 16.000
A_405 0.000 185.740 17.000
E_406 -25.772 -605.239 15.000
E_407 -22.253 -605.239 11.000
K_408 -19.613 -818.649 15.000
L_409 0.000 679.918 15.000
E_410 -26.485 -605.239 16.000
E_411 -24.169 -605.239 13.000
R_412 -32.645 -1015.709 16.000
L_413 0.000 679.918 17.000
K_414 -18.462 -818.649 13.000
R_415 -29.616 -1015.709 13.000
V_416 0.000 613.196 13.000
R_417 -30.711 -1015.709 14.000
M_418 0.000 401.769 13.000
E_419 -27.150 -605.239 17.000
E_420 -23.258 -605.239 12.000
E_421 -26.485 -605.239 16.000
G_422 0.000 -27.649 16.000
E_423 -23.258 -605.239 12.000
D_424 -23.258 -475.402 12.000
G_425 0.000 -27.649 12.000
D_426 -22.253 -475.402 11.000
P_427 0.000 -195.996 10.000
S_428 -16.309 -90.060 10.000
S_429 -11.867 -90.060 6.000
G_430 0.000 -27.649 6.000
P_431 0.000 -195.996 3.000
P_432 0.000 -195.996 0.000
G_433 0.000 -27.649 0.000
P_434 0.000 -195.996 2.000
C_435 0.000 322.480 5.000
H_436 -7.426 -583.484 5.000
K_437 -10.149 -818.649 5.000
L_438 0.000 679.918 5.000
P_439 0.000 -195.996 3.000
P_440 0.000 -195.996 0.000
A_441 0.000 185.740 0.000
P_442 0.000 -195.996 1.000
A_443 0.000 185.740 3.000
W_444 -3.990 -203.500 5.000
H_445 -7.426 -583.484 5.000
H_446 -7.426 -583.484 5.000
F_447 0.000 560.542 4.000
P_448 0.000 -195.996 7.000
P_449 0.000 -195.996 5.000
R_450 -11.867 -1015.709 5.000
C_451 0.000 322.480 9.000
V_452 0.000 613.196 9.000
D_453 -7.878 -475.402 4.000
M_454 0.000 401.769 4.000
G_455 0.000 -27.649 4.000
C_456 0.000 322.480 0.000
A_457 0.000 185.740 0.000
G_458 0.000 -27.649 5.000
L_459 0.000 679.918 9.000
R_460 -23.856 -1015.709 9.000
D_461 -22.253 -475.402 11.000
A_462 0.000 185.740 15.000
H_463 -12.900 -583.484 14.000
E_464 -25.003 -605.239 14.000
E_465 -25.003 -605.239 14.000
N_466 -26.485 -507.047 16.000
P_467 0.000 -195.996 15.000
E_468 -22.253 -605.239 11.000
S_469 -13.255 -90.060 7.000
I_470 0.000 777.529 11.000
L_471 0.000 679.918 11.000
D_472 -21.132 -475.402 10.000
E_473 -21.132 -605.239 10.000
H_474 -12.900 -583.484 14.000
V_475 0.000 613.196 15.000
Q_476 -22.253 -643.904 11.000
R_477 -23.856 -1015.709 9.000
V_478 0.000 613.196 14.000
L_479 0.000 679.918 13.000
R_480 -21.845 -1015.709 8.000
T_481 -14.420 -90.974 8.000
P_482 0.000 -195.996 13.000
G_483 0.000 -27.649 12.000
R_484 -28.412 -1015.709 12.000
Q_485 -23.258 -643.904 12.000
S_486 -17.811 -90.060 12.000
P_487 0.000 -195.996 7.000
G_488 0.000 -27.649 3.000
P_489 0.000 -195.996 2.000
G_490 0.000 -27.649 7.000
H_491 -11.154 -583.484 10.000
R_492 -25.574 -1015.709 10.000
S_493 -19.059 -90.060 14.000
P_494 0.000 -195.996 15.000
D_495 -21.132 -475.402 10.000
S_496 -15.425 -90.060 9.000
G_497 0.000 -27.649 9.000
H_498 -7.426 -583.484 5.000
V_499 0.000 613.196 5.000
A_500 0.000 185.740 5.000
K_501 -4.441 -818.649 3.000
M_502 0.000 401.769 3.000
P_503 0.000 -195.996 3.000
V_504 0.000 613.196 0.000
A_505 0.000 185.740 0.000
L_506 0.000 679.918 0.000
G_507 0.000 -27.649 0.000
G_508 0.000 -27.649 0.000
A_509 0.000 185.740 3.000
A_510 0.000 185.740 3.000
S_511 -10.149 -90.060 5.000
G_512 0.000 -27.649 5.000
H_513 -9.978 -583.484 8.000
G_514 0.000 -27.649 7.000
K_515 -13.255 -818.649 7.000
H_516 -7.426 -583.484 5.000
V_517 0.000 613.196 8.000
P_518 0.000 -195.996 8.000
K_519 -11.867 -818.649 6.000
S_520 -11.867 -90.060 6.000
G_521 0.000 -27.649 9.000
A_522 0.000 185.740 6.000
K_523 -13.255 -818.649 7.000
L_524 0.000 679.918 7.000
D_525 -16.691 -475.402 7.000
A_526 0.000 185.740 4.000
A_527 0.000 185.740 4.000
G_528 0.000 -27.649 2.000
L_529 0.000 679.918 4.000
H_530 -8.431 -583.484 6.000
H_531 -11.652 -583.484 11.000
H_532 -12.518 -583.484 13.000
R_533 -27.076 -1015.709 11.000
H_534 -11.652 -583.484 11.000
V_535 0.000 613.196 11.000
H_536 -9.978 -583.484 8.000
H_537 -8.431 -583.484 6.000
H_538 -9.978 -583.484 8.000
V_539 0.000 613.196 8.000
H_540 -10.601 -583.484 9.000
H_541 -11.154 -583.484 10.000
S_542 -16.309 -90.060 10.000
T_543 -18.462 -90.974 13.000
A_544 0.000 185.740 11.000
R_545 -27.076 -1015.709 11.000
P_546 0.000 -195.996 12.000
K_547 -20.127 -818.649 16.000
E_548 -22.253 -605.239 11.000
Q_549 -25.772 -643.904 15.000
V_550 0.000 613.196 12.000
E_551 -23.258 -605.239 12.000
A_552 0.000 185.740 8.000
E_553 -22.253 -605.239 11.000
A_554 0.000 185.740 12.000
T_555 -20.609 -90.974 17.000
R_556 -29.616 -1015.709 13.000
R_557 -33.508 -1015.709 17.000
A_558 0.000 185.740 17.000
Q_559 -25.772 -643.904 15.000
S_560 -16.309 -90.060 10.000
S_561 -16.309 -90.060 10.000
F_562 0.000 560.542 7.000
A_563 0.000 185.740 4.000
W_564 -0.000 -203.500 1.000
G_565 0.000 -27.649 5.000
L_566 0.000 679.918 5.000
E_567 -14.591 -605.239 6.000
P_568 0.000 -195.996 9.000
H_569 -11.652 -583.484 11.000
S_570 -13.255 -90.060 7.000
H_571 -9.265 -583.484 7.000
G_572 0.000 -27.649 10.000
A_573 0.000 185.740 10.000
R_574 -29.616 -1015.709 13.000
S_575 -18.462 -90.060 13.000
R_576 -31.716 -1015.709 15.000
G_577 0.000 -27.649 13.000
Y_578 -12.900 -274.939 14.000
S_579 -17.811 -90.060 12.000
E_580 -23.258 -605.239 12.000
S_581 -16.309 -90.060 10.000
V_582 0.000 613.196 7.000
G_583 0.000 -27.649 3.000
A_584 0.000 185.740 0.000
A_585 0.000 185.740 4.000
P_586 0.000 -195.996 4.000
N_587 -16.691 -507.047 7.000
A_588 0.000 185.740 11.000
S_589 -17.098 -90.060 11.000
D_590 -16.691 -475.402 7.000
G_591 0.000 -27.649 7.000
L_592 0.000 679.918 6.000
A_593 0.000 185.740 5.000
H_594 -7.426 -583.484 5.000
S_595 -14.420 -90.060 8.000
G_596 0.000 -27.649 8.000
K_597 -11.867 -818.649 6.000
V_598 0.000 613.196 3.000
G_599 0.000 -27.649 3.000
V_600 0.000 613.196 0.000
A_601 0.000 185.740 3.000
C_602 0.000 322.480 8.000
K_603 -17.811 -818.649 12.000
R_604 -28.412 -1015.709 12.000
N_605 -25.772 -507.047 15.000
A_606 0.000 185.740 15.000
K_607 -16.309 -818.649 10.000
K_608 -16.309 -818.649 10.000
A_609 0.000 185.740 13.000
E_610 -21.132 -605.239 10.000
S_611 -16.309 -90.060 10.000
G_612 0.000 -27.649 13.000
K_613 -15.425 -818.649 9.000
S_614 -15.425 -90.060 9.000
A_615 0.000 185.740 12.000
S_616 -18.462 -90.060 13.000
T_617 -16.309 -90.974 10.000
E_618 -21.132 -605.239 10.000
V_619 0.000 613.196 7.000
P_620 0.000 -195.996 4.000
G_621 0.000 -27.649 3.000
A_622 0.000 185.740 7.000
S_623 -17.098 -90.060 11.000
E_624 -22.253 -605.239 11.000
D_625 -25.772 -475.402 15.000
A_626 0.000 185.740 15.000
E_627 -25.772 -605.239 15.000
K_628 -19.613 -818.649 15.000
N_629 -27.773 -507.047 18.000
Q_630 -25.003 -643.904 14.000
K_631 -17.098 -818.649 11.000
I_632 0.000 777.529 11.000
M_633 0.000 401.769 8.000
Q_634 -11.867 -643.904 5.000
W_635 -3.990 -203.500 5.000
I_636 0.000 777.529 9.000
I_637 0.000 777.529 5.000
E_638 -18.409 -605.239 8.000
G_639 0.000 -27.649 11.000
E_640 -25.772 -605.239 15.000
K_641 -17.098 -818.649 11.000
E_642 -25.003 -605.239 14.000
I_643 0.000 777.529 15.000
S_644 -19.059 -90.060 14.000
R_645 -31.716 -1015.709 15.000
H_646 -14.725 -583.484 20.000
R_647 -35.785 -1015.709 20.000
R_648 -31.716 -1015.709 15.000
T_649 -19.613 -90.974 15.000
G_650 0.000 -27.649 10.000
H_651 -9.978 -583.484 8.000
G_652 0.000 -27.649 8.000
S_653 -14.420 -90.060 8.000
S_654 -15.425 -90.060 9.000
G_655 0.000 -27.649 14.000
T_656 -19.059 -90.974 14.000
R_657 -27.076 -1015.709 11.000
K_658 -19.613 -818.649 15.000
P_659 0.000 -195.996 12.000
Q_660 -19.866 -643.904 9.000
P_661 0.000 -195.996 10.000
H_662 -12.900 -583.484 14.000
E_663 -24.169 -605.239 13.000
N_664 -27.773 -507.047 18.000
S_665 -20.127 -90.060 16.000
R_666 -28.412 -1015.709 12.000
P_667 0.000 -195.996 11.000
L_668 0.000 679.918 8.000
S_669 -13.255 -90.060 7.000
L_670 0.000 679.918 9.000
E_671 -19.866 -605.239 9.000
H_672 -9.265 -583.484 7.000
P_673 0.000 -195.996 7.000
W_674 -2.723 -203.500 3.000
A_675 0.000 185.740 1.000
G_676 0.000 -27.649 5.000
P_677 0.000 -195.996 4.000
Q_678 -19.866 -643.904 9.000
L_679 0.000 679.918 12.000
R_680 -31.716 -1015.709 15.000
T_681 -17.098 -90.974 11.000
S_682 -19.613 -90.060 15.000
V_683 0.000 613.196 10.000
Q_684 -21.132 -643.904 10.000
P_685 0.000 -195.996 9.000
S_686 -15.425 -90.060 9.000
H_687 -7.426 -583.484 5.000
L_688 0.000 679.918 5.000
F_689 0.000 560.542 6.000
I_690 0.000 777.529 8.000
Q_691 -18.409 -643.904 8.000
D_692 -22.253 -475.402 11.000
P_693 0.000 -195.996 11.000
T_694 -13.255 -90.974 7.000
M_695 0.000 401.769 3.000
P_696 0.000 -195.996 5.000
P_697 0.000 -195.996 2.000
H_698 -1.718 -583.484 2.000
P_699 0.000 -195.996 2.000
A_700 0.000 185.740 6.000
P_701 0.000 -195.996 4.000
N_702 -7.878 -507.047 4.000
P_703 0.000 -195.996 7.000
L_704 0.000 679.918 11.000
T_705 -13.255 -90.974 7.000
Q_706 -22.253 -643.904 11.000
L_707 0.000 679.918 15.000
E_708 -23.258 -605.239 12.000
E_709 -24.169 -605.239 13.000
A_710 0.000 185.740 18.000
R_711 -35.072 -1015.709 19.000
R_712 -31.716 -1015.709 15.000
R_713 -35.072 -1015.709 19.000
L_714 0.000 679.918 18.000
E_715 -27.150 -605.239 17.000
E_716 -26.485 -605.239 16.000
E_717 -28.359 -605.239 19.000
E_718 -28.912 -605.239 20.000
K_719 -20.127 -818.649 16.000
R_720 -31.716 -1015.709 15.000
A_721 0.000 185.740 16.000
S_722 -18.462 -90.060 13.000
R_723 -21.845 -1015.709 8.000
A_724 0.000 185.740 11.000
P_725 0.000 -195.996 11.000
S_726 -16.309 -90.060 10.000
K_727 -19.613 -818.649 15.000
Q_728 -27.150 -643.904 17.000
R_729 -30.711 -1015.709 14.000
Y_730 -13.255 -274.939 15.000
V_731 0.000 613.196 15.000
Q_732 -21.132 -643.904 10.000
E_733 -18.409 -605.239 8.000
V_734 0.000 613.196 13.000
M_735 0.000 401.769 14.000
R_736 -25.574 -1015.709 10.000
R_737 -31.716 -1015.709 15.000
G_738 0.000 -27.649 15.000
R_739 -25.574 -1015.709 10.000
A_740 0.000 185.740 5.000
C_741 0.000 322.480 10.000
V_742 0.000 613.196 5.000
R_743 -11.867 -1015.709 5.000
P_744 0.000 -195.996 5.000
A_745 0.000 185.740 5.000
C_746 0.000 322.480 0.000
A_747 0.000 185.740 0.000
P_748 0.000 -195.996 0.000
V_749 0.000 613.196 2.000
L_750 0.000 679.918 2.000
H_751 -1.718 -583.484 2.000
V_752 0.000 613.196 2.000
V_753 0.000 613.196 2.000
P_754 0.000 -195.996 0.000
A_755 0.000 185.740 3.000
V_756 0.000 613.196 7.000
S_757 -13.255 -90.060 7.000
D_758 -22.253 -475.402 11.000
M_759 0.000 401.769 11.000
E_760 -22.253 -605.239 11.000
L_761 0.000 679.918 11.000
S_762 -19.059 -90.060 14.000
E_763 -25.003 -605.239 14.000
T_764 -20.609 -90.974 17.000
E_765 -28.359 -605.239 19.000
T_766 -21.060 -90.974 18.000
R_767 -35.072 -1015.709 19.000
S_768 -21.889 -90.060 20.000
Q_769 -28.912 -643.904 20.000
R_770 -31.716 -1015.709 15.000
K_771 -17.811 -818.649 12.000
V_772 0.000 613.196 8.000
G_773 0.000 -27.649 3.000
G_774 0.000 -27.649 3.000
G_775 0.000 -27.649 3.000
S_776 -13.255 -90.060 7.000
A_777 0.000 185.740 7.000
Q_778 -16.691 -643.904 7.000
P_779 0.000 -195.996 8.000
C_780 0.000 322.480 11.000
D_781 -16.691 -475.402 7.000
S_782 -13.255 -90.060 7.000
I_783 0.000 777.529 7.000
V_784 0.000 613.196 3.000
V_785 0.000 613.196 2.000
A_786 0.000 185.740 4.000
Y_787 -6.160 -274.939 4.000
Y_788 -6.160 -274.939 4.000
F_789 0.000 560.542 4.000
C_790 0.000 322.480 6.000
G_791 0.000 -27.649 4.000
E_792 -7.878 -605.239 4.000
P_793 0.000 -195.996 4.000
I_794 0.000 777.529 6.000
P_795 0.000 -195.996 7.000
Y_796 -11.154 -274.939 10.000
R_797 -25.574 -1015.709 10.000
T_798 -16.309 -90.974 10.000
L_799 0.000 679.918 13.000
V_800 0.000 613.196 8.000
R_801 -25.574 -1015.709 10.000
G_802 0.000 -27.649 10.000
R_803 -25.574 -1015.709 10.000
A_804 0.000 185.740 8.000
V_805 0.000 613.196 8.000
T_806 -4.441 -90.974 3.000
L_807 0.000 679.918 7.000
G_808 0.000 -27.649 7.000
Q_809 -16.691 -643.904 7.000
F_810 0.000 560.542 11.000
K_811 -17.098 -818.649 11.000
E_812 -16.691 -605.239 7.000
L_813 0.000 679.918 10.000
L_814 0.000 679.918 10.000
T_815 -15.425 -90.974 9.000
K_816 -15.425 -818.649 9.000
K_817 -17.811 -818.649 12.000
G_818 0.000 -27.649 11.000
S_819 -18.462 -90.060 13.000
Y_820 -12.104 -274.939 12.000
R_821 -30.711 -1015.709 14.000
Y_822 -11.652 -274.939 11.000
Y_823 -12.104 -274.939 12.000
F_824 0.000 560.542 10.000
K_825 -14.420 -818.649 8.000
K_826 -15.425 -818.649 9.000
V_827 0.000 613.196 13.000
S_828 -19.059 -90.060 14.000
D_829 -22.253 -475.402 11.000
E_830 -25.772 -605.239 15.000
F_831 0.000 560.542 12.000
D_832 -18.409 -475.402 8.000
C_833 0.000 322.480 4.000
G_834 0.000 -27.649 4.000
V_835 0.000 613.196 0.000
V_836 0.000 613.196 4.000
F_837 0.000 560.542 8.000
E_838 -18.409 -605.239 8.000
E_839 -24.169 -605.239 13.000
V_840 0.000 613.196 17.000
R_841 -33.508 -1015.709 17.000
E_842 -27.150 -605.239 17.000
D_843 -27.150 -475.402 17.000
E_844 -23.258 -605.239 12.000
A_845 0.000 185.740 8.000
V_846 0.000 613.196 4.000
L_847 0.000 679.918 0.000
P_848 0.000 -195.996 0.000
V_849 0.000 613.196 4.000
F_850 0.000 560.542 8.000
E_851 -22.253 -605.239 11.000
E_852 -22.253 -605.239 11.000
K_853 -17.098 -818.649 11.000
I_854 0.000 777.529 7.000
I_855 0.000 777.529 6.000
G_856 0.000 -27.649 3.000
K_857 -13.255 -818.649 7.000
V_858 0.000 613.196 10.000
E_859 -21.132 -605.239 10.000
K_860 -17.098 -818.649 11.000
V_861 0.000 613.196 11.000
D_862 -16.691 -475.402 7.000
