M_1 0.000 401.769 0.000
A_2 0.000 185.740 4.000
G_3 0.000 -27.649 9.000
E_4 -23.258 -605.239 12.000
R_5 -33.508 -1015.709 17.000
T_6 -22.635 -90.974 22.000
R_7 -34.315 -1015.709 18.000
R_8 -32.645 -1015.709 16.000
F_9 0.000 560.542 18.000
T_10 -20.127 -90.974 16.000
R_11 -27.076 -1015.709 11.000
S_12 -17.098 -90.060 11.000
L_13 0.000 679.918 13.000
L_14 0.000 679.918 8.000
R_15 -11.867 -1015.709 5.000
P_16 0.000 -195.996 9.000
G_17 0.000 -27.649 9.000
Q_18 -7.878 -643.904 4.000
A_19 0.000 185.740 8.000
A_20 0.000 185.740 8.000
E_21 -19.866 -605.239 9.000
L_22 0.000 679.918 11.000
R_23 -30.711 -1015.709 14.000
H_24 -11.154 -583.484 10.000
S_25 -16.309 -90.060 10.000
A_26 0.000 185.740 8.000
A_27 0.000 185.740 6.000
S_28 -4.441 -90.060 3.000
A_29 0.000 185.740 3.000
A_30 0.000 185.740 3.000
A_31 0.000 185.740 0.000
V_32 0.000 613.196 0.000
A_33 0.000 185.740 3.000
V_34 0.000 613.196 6.000
S_35 -17.098 -90.060 11.000
S_36 -19.613 -90.060 15.000
R_37 -35.072 -1015.709 19.000
Q_38 -28.912 -643.904 20.000
Q_39 -29.934 -643.904 22.000
Q_40 -29.436 -643.904 21.000
R_41 -36.459 -1015.709 21.000
Q_42 -28.912 -643.904 20.000
E_43 -26.485 -605.239 16.000
K_44 -20.127 -818.649 16.000
P_45 0.000 -195.996 12.000
R_46 -21.845 -1015.709 8.000
L_47 0.000 679.918 9.000
L_48 0.000 679.918 9.000
E_49 -7.878 -605.239 4.000
P_50 0.000 -195.996 8.000
L_51 0.000 679.918 10.000
D_52 -21.132 -475.402 10.000
Y_53 -12.518 -274.939 13.000
E_54 -24.169 -605.239 13.000
T_55 -15.425 -90.974 9.000
V_56 0.000 613.196 11.000
I_57 0.000 777.529 11.000
E_58 -18.409 -605.239 8.000
E_59 -23.258 -605.239 12.000
L_60 0.000 679.918 15.000
E_61 -25.003 -605.239 14.000
K_62 -17.811 -818.649 12.000
T_63 -20.609 -90.974 17.000
Y_64 -13.896 -274.939 17.000
R_65 -34.315 -1015.709 18.000
N_66 -25.772 -507.047 15.000
D_67 -24.169 -475.402 13.000
P_68 0.000 -195.996 12.000
L_69 0.000 679.918 12.000
Q_70 -18.409 -643.904 8.000
D_71 -18.409 -475.402 8.000
L_72 0.000 679.918 8.000
L_73 0.000 679.918 4.000
F_74 0.000 560.542 0.000
F_75 0.000 560.542 3.000
P_76 0.000 -195.996 7.000
S_77 -17.098 -90.060 11.000
D_78 -22.253 -475.402 11.000
D_79 -25.003 -475.402 14.000
F_80 0.000 560.542 11.000
S_81 -13.255 -90.060 7.000
A_82 0.000 185.740 6.000
A_83 0.000 185.740 6.000
T_84 -11.867 -90.974 6.000
V_85 0.000 613.196 7.000
S_86 -17.098 -90.060 11.000
W_87 -5.155 -203.500 8.000
D_88 -24.169 -475.402 13.000
I_89 0.000 777.529 13.000
R_90 -28.412 -1015.709 12.000
T_91 -16.309 -90.974 10.000
L_92 0.000 679.918 13.000
Y_93 -11.652 -274.939 11.000
S_94 -14.420 -90.060 8.000
T_95 -14.420 -90.974 8.000
V_96 0.000 613.196 10.000
P_97 0.000 -195.996 11.000
E_98 -18.409 -605.239 8.000
D_99 -23.258 -475.402 12.000
A_100 0.000 185.740 14.000
E_101 -24.169 -605.239 13.000
H_102 -10.601 -583.484 9.000
K_103 -18.462 -818.649 13.000
A_104 0.000 185.740 13.000
E_105 -22.253 -605.239 11.000
N_106 -18.409 -507.047 8.000
L_107 0.000 679.918 8.000
L_108 0.000 679.918 7.000
V_109 0.000 613.196 7.000
K_110 -13.255 -818.649 7.000
E_111 -16.691 -605.239 7.000
A_112 0.000 185.740 10.000
C_113 0.000 322.480 7.000
K_114 -10.149 -818.649 5.000
F_115 0.000 560.542 8.000
Y_116 -11.652 -274.939 11.000
S_117 -17.811 -90.060 12.000
S_118 -18.462 -90.060 13.000
Q_119 -24.169 -643.904 13.000
W_120 -5.708 -203.500 10.000
H_121 -9.265 -583.484 7.000
V_122 0.000 613.196 7.000
V_123 0.000 613.196 8.000
N_124 -19.866 -507.047 9.000
Y_125 -11.652 -274.939 11.000
K_126 -19.613 -818.649 15.000
Y_127 -13.255 -274.939 15.000
E_128 -25.772 -605.239 15.000
Q_129 -25.772 -643.904 15.000
Y_130 -12.518 -274.939 13.000
S_131 -18.462 -90.060 13.000
G_132 0.000 -27.649 9.000
D_133 -23.258 -475.402 12.000
I_134 0.000 777.529 13.000
R_135 -29.616 -1015.709 13.000
Q_136 -19.866 -643.904 9.000
L_137 0.000 679.918 14.000
P_138 0.000 -195.996 9.000
R_139 -23.856 -1015.709 9.000
A_140 0.000 185.740 11.000
E_141 -25.003 -605.239 14.000
Y_142 -10.601 -274.939 9.000
K_143 -18.462 -818.649 13.000
P_144 0.000 -195.996 12.000
E_145 -21.132 -605.239 10.000
K_146 -13.255 -818.649 7.000
L_147 0.000 679.918 10.000
P_148 0.000 -195.996 8.000
S_149 -14.420 -90.060 8.000
H_150 -9.978 -583.484 8.000
S_151 -17.811 -90.060 12.000
F_152 0.000 560.542 9.000
E_153 -22.253 -605.239 11.000
I_154 0.000 777.529 10.000
D_155 -25.003 -475.402 14.000
H_156 -12.900 -583.484 14.000
E_157 -25.003 -605.239 14.000
D_158 -25.003 -475.402 14.000
A_159 0.000 185.740 15.000
D_160 -25.772 -475.402 15.000
K_161 -19.613 -818.649 15.000
D_162 -28.359 -475.402 19.000
E_163 -27.773 -605.239 18.000
D_164 -27.773 -475.402 18.000
T_165 -20.609 -90.974 17.000
T_166 -19.613 -90.974 15.000
S_167 -19.059 -90.060 14.000
H_168 -12.900 -583.484 14.000
S_169 -19.059 -90.060 14.000
S_170 -19.059 -90.060 14.000
S_171 -17.811 -90.060 12.000
K_172 -15.425 -818.649 9.000
G_173 0.000 -27.649 6.000
G_174 0.000 -27.649 3.000
G_175 0.000 -27.649 0.000
G_176 0.000 -27.649 0.000
A_177 0.000 185.740 0.000
G_178 0.000 -27.649 3.000
G_179 0.000 -27.649 3.000
T_180 -4.441 -90.974 3.000
G_181 0.000 -27.649 3.000
V_182 0.000 613.196 6.000
F_183 0.000 560.542 6.000
K_184 -11.867 -818.649 6.000
S_185 -13.255 -90.060 7.000
G_186 0.000 -27.649 7.000
W_187 -4.441 -203.500 6.000
L_188 0.000 679.918 6.000
Y_189 -8.431 -274.939 6.000
K_190 -15.425 -818.649 9.000
G_191 0.000 -27.649 9.000
N_192 -22.253 -507.047 11.000
F_193 0.000 560.542 11.000
N_194 -25.003 -507.047 14.000
S_195 -16.309 -90.060 10.000
T_196 -19.059 -90.974 14.000
V_197 0.000 613.196 14.000
N_198 -25.003 -507.047 14.000
N_199 -22.253 -507.047 11.000
T_200 -19.059 -90.974 14.000
V_201 0.000 613.196 10.000
T_202 -17.098 -90.974 11.000
V_203 0.000 613.196 11.000
R_204 -27.076 -1015.709 11.000
S_205 -17.098 -90.060 11.000
F_206 0.000 560.542 14.000
K_207 -19.059 -818.649 14.000
K_208 -18.462 -818.649 13.000
R_209 -29.616 -1015.709 13.000
Y_210 -12.900 -274.939 14.000
F_211 0.000 560.542 11.000
Q_212 -19.866 -643.904 9.000
L_213 0.000 679.918 11.000
T_214 -17.098 -90.974 11.000
Q_215 -16.691 -643.904 7.000
L_216 0.000 679.918 11.000
P_217 0.000 -195.996 12.000
D_218 -22.253 -475.402 11.000
N_219 -24.169 -507.047 13.000
S_220 -18.462 -90.060 13.000
Y_221 -10.601 -274.939 9.000
I_222 0.000 777.529 9.000
M_223 0.000 401.769 6.000
N_224 -14.591 -507.047 6.000
F_225 0.000 560.542 9.000
Y_226 -12.518 -274.939 13.000
K_227 -18.462 -818.649 13.000
D_228 -26.485 -475.402 16.000
E_229 -25.003 -605.239 14.000
K_230 -19.059 -818.649 14.000
I_231 0.000 777.529 13.000
S_232 -18.462 -90.060 13.000
K_233 -16.309 -818.649 10.000
E_234 -24.169 -605.239 13.000
P_235 0.000 -195.996 10.000
K_236 -13.255 -818.649 7.000
G_237 0.000 -27.649 3.000
C_238 0.000 322.480 3.000
I_239 0.000 777.529 0.000
F_240 0.000 560.542 4.000
L_241 0.000 679.918 7.000
D_242 -16.691 -475.402 7.000
S_243 -16.309 -90.060 10.000
C_244 0.000 322.480 10.000
T_245 -11.867 -90.974 6.000
G_246 0.000 -27.649 3.000
V_247 0.000 613.196 7.000
V_248 0.000 613.196 8.000
Q_249 -23.258 -643.904 12.000
N_250 -27.150 -507.047 17.000
N_251 -27.150 -507.047 17.000
R_252 -34.315 -1015.709 18.000
L_253 0.000 679.918 17.000
R_254 -31.716 -1015.709 15.000
K_255 -16.309 -818.649 10.000
Y_256 -11.154 -274.939 10.000
A_257 0.000 185.740 9.000
F_258 0.000 560.542 6.000
E_259 -16.691 -605.239 7.000
L_260 0.000 679.918 7.000
K_261 -17.098 -818.649 11.000
M_262 0.000 401.769 11.000
N_263 -22.253 -507.047 11.000
D_264 -22.253 -475.402 11.000
L_265 0.000 679.918 13.000
T_266 -15.425 -90.974 9.000
Y_267 -7.426 -274.939 5.000
F_268 0.000 560.542 5.000
V_269 0.000 613.196 2.000
L_270 0.000 679.918 0.000
A_271 0.000 185.740 4.000
A_272 0.000 185.740 7.000
E_273 -22.253 -605.239 11.000
T_274 -19.059 -90.974 14.000
E_275 -27.773 -605.239 18.000
S_276 -19.059 -90.060 14.000
D_277 -25.772 -475.402 15.000
M_278 0.000 401.769 15.000
D_279 -24.169 -475.402 13.000
E_280 -19.866 -605.239 9.000
W_281 -5.944 -203.500 11.000
I_282 0.000 777.529 10.000
H_283 -8.431 -583.484 6.000
T_284 -15.425 -90.974 9.000
L_285 0.000 679.918 14.000
N_286 -23.258 -507.047 12.000
R_287 -23.856 -1015.709 9.000
I_288 0.000 777.529 13.000
L_289 0.000 679.918 9.000
Q_290 -16.691 -643.904 7.000
I_291 0.000 777.529 7.000
S_292 -17.098 -90.060 11.000
P_293 0.000 -195.996 7.000
E_294 -16.691 -605.239 7.000
G_295 0.000 -27.649 4.000
P_296 0.000 -195.996 8.000
L_297 0.000 679.918 4.000
Q_298 -19.866 -643.904 9.000
G_299 0.000 -27.649 14.000
R_300 -33.508 -1015.709 17.000
R_301 -32.645 -1015.709 16.000
S_302 -21.889 -90.060 20.000
T_303 -19.613 -90.974 15.000
E_304 -24.169 -605.239 13.000
L_305 0.000 679.918 14.000
T_306 -17.098 -90.974 11.000
D_307 -16.691 -475.402 7.000
L_308 0.000 679.918 7.000
G_309 0.000 -27.649 8.000
L_310 0.000 679.918 7.000
D_311 -16.691 -475.402 7.000
S_312 -17.098 -90.060 11.000
L_313 0.000 679.918 15.000
D_314 -25.003 -475.402 14.000
N_315 -22.253 -507.047 11.000
S_316 -19.059 -90.060 14.000
V_317 0.000 613.196 10.000
T_318 -16.309 -90.974 10.000
C_319 0.000 322.480 7.000
E_320 -21.132 -605.239 10.000
C_321 0.000 322.480 7.000
T_322 -17.098 -90.974 11.000
P_323 0.000 -195.996 11.000
E_324 -25.003 -605.239 14.000
E_325 -25.772 -605.239 15.000
T_326 -21.060 -90.974 18.000
D_327 -27.150 -475.402 17.000
S_328 -20.609 -90.060 17.000
S_329 -21.060 -90.060 18.000
E_330 -27.773 -605.239 18.000
N_331 -25.772 -507.047 15.000
N_332 -25.003 -507.047 14.000
L_333 0.000 679.918 10.000
H_334 -11.154 -583.484 10.000
A_335 0.000 185.740 6.000
D_336 -14.591 -475.402 6.000
F_337 0.000 560.542 7.000
A_338 0.000 185.740 9.000
K_339 -10.149 -818.649 5.000
Y_340 -9.978 -274.939 8.000
L_341 0.000 679.918 12.000
T_342 -17.811 -90.974 12.000
E_343 -25.003 -605.239 14.000
T_344 -21.060 -90.974 18.000
E_345 -27.773 -605.239 18.000
D_346 -25.003 -475.402 14.000
T_347 -19.059 -90.974 14.000
V_348 0.000 613.196 13.000
K_349 -17.811 -818.649 12.000
T_350 -19.059 -90.974 14.000
T_351 -21.060 -90.974 18.000
R_352 -31.716 -1015.709 15.000
N_353 -26.485 -507.047 16.000
M_354 0.000 401.769 18.000
E_355 -24.169 -605.239 13.000
R_356 -29.616 -1015.709 13.000
L_357 0.000 679.918 13.000
N_358 -19.866 -507.047 9.000
L_359 0.000 679.918 7.000
F_360 0.000 560.542 7.000
S_361 -13.255 -90.060 7.000
L_362 0.000 679.918 7.000
D_363 -22.253 -475.402 11.000
P_364 0.000 -195.996 8.000
D_365 -23.258 -475.402 12.000
I_366 0.000 777.529 11.000
D_367 -22.253 -475.402 11.000
T_368 -16.309 -90.974 10.000
L_369 0.000 679.918 10.000
K_370 -16.309 -818.649 10.000
L_371 0.000 679.918 10.000
Q_372 -24.169 -643.904 13.000
K_373 -19.059 -818.649 14.000
K_374 -19.059 -818.649 14.000
D_375 -21.132 -475.402 10.000
L_376 0.000 679.918 11.000
L_377 0.000 679.918 8.000
E_378 -18.409 -605.239 8.000
P_379 0.000 -195.996 11.000
E_380 -22.253 -605.239 11.000
S_381 -13.255 -90.060 7.000
V_382 0.000 613.196 10.000
I_383 0.000 777.529 6.000
K_384 -4.441 -818.649 3.000
P_385 0.000 -195.996 7.000
F_386 0.000 560.542 11.000
E_387 -22.253 -605.239 11.000
E_388 -22.253 -605.239 11.000
K_389 -17.098 -818.649 11.000
A_390 0.000 185.740 10.000
A_391 0.000 185.740 11.000
K_392 -14.420 -818.649 8.000
R_393 -21.845 -1015.709 8.000
I_394 0.000 777.529 8.000
M_395 0.000 401.769 5.000
I_396 0.000 777.529 0.000
I_397 0.000 777.529 3.000
C_398 0.000 322.480 3.000
K_399 -4.441 -818.649 3.000
A_400 0.000 185.740 7.000
L_401 0.000 679.918 10.000
N_402 -22.253 -507.047 11.000
S_403 -17.098 -90.060 11.000
N_404 -25.772 -507.047 15.000
L_405 0.000 679.918 11.000
Q_406 -18.409 -643.904 8.000
G_407 0.000 -27.649 4.000
C_408 0.000 322.480 7.000
V_409 0.000 613.196 7.000
T_410 -17.098 -90.974 11.000
E_411 -25.772 -605.239 15.000
N_412 -28.359 -507.047 19.000
E_413 -28.912 -605.239 20.000
N_414 -26.485 -507.047 16.000
D_415 -23.258 -475.402 12.000
P_416 0.000 -195.996 11.000
I_417 0.000 777.529 11.000
T_418 -13.255 -90.974 7.000
N_419 -22.253 -507.047 11.000
I_420 0.000 777.529 11.000
E_421 -18.409 -605.239 8.000
P_422 0.000 -195.996 4.000
F_423 0.000 560.542 4.000
F_424 0.000 560.542 3.000
V_425 0.000 613.196 3.000
S_426 -4.441 -90.060 3.000
V_427 0.000 613.196 3.000
A_428 0.000 185.740 5.000
L_429 0.000 679.918 6.000
Y_430 -8.431 -274.939 6.000
D_431 -22.253 -475.402 11.000
L_432 0.000 679.918 15.000
R_433 -32.645 -1015.709 16.000
D_434 -27.150 -475.402 17.000
S_435 -21.889 -90.060 20.000
R_436 -31.716 -1015.709 15.000
K_437 -19.059 -818.649 14.000
I_438 0.000 777.529 11.000
S_439 -16.309 -90.060 10.000
A_440 0.000 185.740 7.000
D_441 -19.866 -475.402 9.000
F_442 0.000 560.542 6.000
H_443 -11.154 -583.484 10.000
V_444 0.000 613.196 6.000
D_445 -21.132 -475.402 10.000
L_446 0.000 679.918 10.000
N_447 -21.132 -507.047 10.000
H_448 -8.431 -583.484 6.000
A_449 0.000 185.740 6.000
A_450 0.000 185.740 7.000
V_451 0.000 613.196 9.000
R_452 -23.856 -1015.709 9.000
Q_453 -19.866 -643.904 9.000
M_454 0.000 401.769 9.000
L_455 0.000 679.918 4.000
L_456 0.000 679.918 0.000
G_457 0.000 -27.649 3.000
A_458 0.000 185.740 3.000
S_459 -4.441 -90.060 3.000
V_460 0.000 613.196 3.000
A_461 0.000 185.740 7.000
L_462 0.000 679.918 8.000
E_463 -18.409 -605.239 8.000
N_464 -23.258 -507.047 12.000
G_465 0.000 -27.649 12.000
N_466 -23.258 -507.047 12.000
I_467 0.000 777.529 11.000
D_468 -22.253 -475.402 11.000
T_469 -16.309 -90.974 10.000
I_470 0.000 777.529 10.000
T_471 -17.098 -90.974 11.000
P_472 0.000 -195.996 12.000
R_473 -31.716 -1015.709 15.000
Q_474 -26.485 -643.904 16.000
S_475 -21.889 -90.060 20.000
E_476 -25.772 -605.239 15.000
E_477 -24.169 -605.239 13.000
P_478 0.000 -195.996 10.000
H_479 -10.601 -583.484 9.000
I_480 0.000 777.529 5.000
K_481 -10.149 -818.649 5.000
G_482 0.000 -27.649 3.000
L_483 0.000 679.918 7.000
P_484 0.000 -195.996 8.000
E_485 -19.866 -605.239 9.000
E_486 -19.866 -605.239 9.000
W_487 -6.160 -203.500 12.000
L_488 0.000 679.918 8.000
K_489 -7.878 -818.649 4.000
F_490 0.000 560.542 6.000
P_491 0.000 -195.996 10.000
K_492 -13.255 -818.649 7.000
Q_493 -16.691 -643.904 7.000
A_494 0.000 185.740 7.000
V_495 0.000 613.196 7.000
F_496 0.000 560.542 3.000
S_497 -11.867 -90.060 6.000
V_498 0.000 613.196 10.000
S_499 -16.309 -90.060 10.000
N_500 -19.866 -507.047 9.000
P_501 0.000 -195.996 12.000
H_502 -12.518 -583.484 13.000
S_503 -15.425 -90.060 9.000
E_504 -19.866 -605.239 9.000
I_505 0.000 777.529 7.000
V_506 0.000 613.196 4.000
L_507 0.000 679.918 0.000
V_508 0.000 613.196 3.000
A_509 0.000 185.740 3.000
K_510 -13.255 -818.649 7.000
I_511 0.000 777.529 10.000
E_512 -21.132 -605.239 10.000
K_513 -13.255 -818.649 7.000
V_514 0.000 613.196 7.000
L_515 0.000 679.918 3.000
M_516 0.000 401.769 4.000
G_517 0.000 -27.649 4.000
N_518 -7.878 -507.047 4.000
I_519 0.000 777.529 7.000
A_520 0.000 185.740 7.000
S_521 -4.441 -90.060 3.000
G_522 0.000 -27.649 7.000
A_523 0.000 185.740 7.000
E_524 -14.591 -605.239 6.000
P_525 0.000 -195.996 6.000
Y_526 -10.601 -274.939 9.000
I_527 0.000 777.529 9.000
K_528 -15.425 -818.649 9.000
N_529 -22.253 -507.047 11.000
P_530 0.000 -195.996 14.000
D_531 -25.772 -475.402 15.000
S_532 -19.059 -90.060 14.000
N_533 -26.485 -507.047 16.000
K_534 -17.811 -818.649 12.000
Y_535 -12.518 -274.939 13.000
A_536 0.000 185.740 12.000
Q_537 -19.866 -643.904 9.000
K_538 -13.255 -818.649 7.000
I_539 0.000 777.529 10.000
L_540 0.000 679.918 9.000
K_541 -16.309 -818.649 10.000
S_542 -19.613 -90.060 15.000
N_543 -28.359 -507.047 19.000
R_544 -32.645 -1015.709 16.000
Q_545 -24.169 -643.904 13.000
F_546 0.000 560.542 12.000
C_547 0.000 322.480 10.000
S_548 -11.867 -90.060 6.000
K_549 -11.867 -818.649 6.000
L_550 0.000 679.918 9.000
G_551 0.000 -27.649 8.000
K_552 -16.309 -818.649 10.000
Y_553 -11.154 -274.939 10.000
R_554 -25.574 -1015.709 10.000
M_555 0.000 401.769 7.000
P_556 0.000 -195.996 5.000
F_557 0.000 560.542 1.000
A_558 0.000 185.740 1.000
W_559 -0.000 -203.500 1.000
A_560 0.000 185.740 6.000
V_561 0.000 613.196 9.000
R_562 -21.845 -1015.709 8.000
S_563 -14.420 -90.060 8.000
V_564 0.000 613.196 11.000
F_565 0.000 560.542 10.000
K_566 -17.098 -818.649 11.000
D_567 -25.772 -475.402 15.000
N_568 -25.772 -507.047 15.000
Q_569 -26.485 -643.904 16.000
G_570 0.000 -27.649 12.000
N_571 -23.258 -507.047 12.000
V_572 0.000 613.196 13.000
D_573 -27.150 -475.402 17.000
R_574 -32.645 -1015.709 16.000
D_575 -29.436 -475.402 21.000
S_576 -20.609 -90.060 17.000
R_577 -31.716 -1015.709 15.000
F_578 0.000 560.542 11.000
S_579 -14.420 -90.060 8.000
P_580 0.000 -195.996 3.000
L_581 0.000 679.918 8.000
F_582 0.000 560.542 9.000
R_583 -29.616 -1015.709 13.000
Q_584 -26.485 -643.904 16.000
E_585 -28.359 -605.239 19.000
S_586 -20.609 -90.060 17.000
S_587 -18.462 -90.060 13.000
K_588 -17.811 -818.649 12.000
I_589 0.000 777.529 12.000
S_590 -18.462 -90.060 13.000
T_591 -19.059 -90.974 14.000
E_592 -25.003 -605.239 14.000
D_593 -22.253 -475.402 11.000
L_594 0.000 679.918 11.000
V_595 0.000 613.196 7.000
K_596 -4.441 -818.649 3.000
L_597 0.000 679.918 6.000
V_598 0.000 613.196 10.000
S_599 -15.425 -90.060 9.000
D_600 -25.003 -475.402 14.000
Y_601 -14.463 -274.939 19.000
R_602 -32.645 -1015.709 16.000
R_603 -32.645 -1015.709 16.000
A_604 0.000 185.740 19.000
D_605 -25.003 -475.402 14.000
R_606 -28.412 -1015.709 12.000
I_607 0.000 777.529 15.000
S_608 -17.098 -90.060 11.000
K_609 -16.309 -818.649 10.000
M_610 0.000 401.769 13.000
Q_611 -21.132 -643.904 10.000
T_612 -13.255 -90.974 7.000
I_613 0.000 777.529 7.000
P_614 0.000 -195.996 6.000
G_615 0.000 -27.649 3.000
S_616 -13.255 -90.060 7.000
L_617 0.000 679.918 7.000
D_618 -16.691 -475.402 7.000
I_619 0.000 777.529 4.000
A_620 0.000 185.740 8.000
V_621 0.000 613.196 8.000
D_622 -18.409 -475.402 8.000
N_623 -18.409 -507.047 8.000
V_624 0.000 613.196 8.000
P_625 0.000 -195.996 8.000
L_626 0.000 679.918 6.000
E_627 -14.591 -605.239 6.000
H_628 -11.154 -583.484 10.000
P_629 0.000 -195.996 10.000
N_630 -14.591 -507.047 6.000
C_631 0.000 322.480 7.000
V_632 0.000 613.196 10.000
T_633 -15.425 -90.974 9.000
S_634 -15.425 -90.060 9.000
S_635 -15.425 -90.060 9.000
F_636 0.000 560.542 6.000
I_637 0.000 777.529 3.000
P_638 0.000 -195.996 3.000
V_639 0.000 613.196 3.000
K_640 -4.441 -818.649 3.000
P_641 0.000 -195.996 7.000
F_642 0.000 560.542 7.000
N_643 -7.878 -507.047 4.000
M_644 0.000 401.769 4.000
M_645 0.000 401.769 8.000
A_646 0.000 185.740 7.000
Q_647 -22.253 -643.904 11.000
T_648 -17.098 -90.974 11.000
E_649 -25.003 -605.239 14.000
P_650 0.000 -195.996 10.000
T_651 -17.098 -90.974 11.000
V_652 0.000 613.196 7.000
E_653 -22.253 -605.239 11.000
V_654 0.000 613.196 12.000
E_655 -23.258 -605.239 12.000
E_656 -18.409 -605.239 8.000
F_657 0.000 560.542 10.000
V_658 0.000 613.196 10.000
Y_659 -10.601 -274.939 9.000
D_660 -23.258 -475.402 12.000
S_661 -19.613 -90.060 15.000
T_662 -19.613 -90.974 15.000
K_663 -17.098 -818.649 11.000
Y_664 -12.518 -274.939 13.000
C_665 0.000 322.480 10.000
R_666 -23.856 -1015.709 9.000
P_667 0.000 -195.996 12.000
Y_668 -12.104 -274.939 12.000
R_669 -23.856 -1015.709 9.000
V_670 0.000 613.196 12.000
Y_671 -12.900 -274.939 14.000
K_672 -18.462 -818.649 13.000
N_673 -24.169 -507.047 13.000
Q_674 -24.169 -643.904 13.000
I_675 0.000 777.529 10.000
Y_676 -9.978 -274.939 8.000
I_677 0.000 777.529 4.000
Y_678 -9.265 -274.939 7.000
P_679 0.000 -195.996 7.000
K_680 -13.255 -818.649 7.000
H_681 -9.978 -583.484 8.000
L_682 0.000 679.918 10.000
K_683 -17.098 -818.649 11.000
Y_684 -12.104 -274.939 12.000
D_685 -26.485 -475.402 16.000
S_686 -20.127 -90.060 16.000
Q_687 -25.003 -643.904 14.000
K_688 -16.309 -818.649 10.000
C_689 0.000 322.480 11.000
F_690 0.000 560.542 10.000
N_691 -16.691 -507.047 7.000
K_692 -17.811 -818.649 12.000
A_693 0.000 185.740 16.000
R_694 -28.412 -1015.709 12.000
N_695 -23.258 -507.047 12.000
I_696 0.000 777.529 12.000
T_697 -13.255 -90.974 7.000
V_698 0.000 613.196 3.000
C_699 0.000 322.480 7.000
I_700 0.000 777.529 4.000
E_701 -16.691 -605.239 7.000
F_702 0.000 560.542 11.000
K_703 -19.059 -818.649 14.000
N_704 -25.003 -507.047 14.000
S_705 -21.060 -90.060 18.000
D_706 -28.359 -475.402 19.000
E_707 -27.773 -605.239 18.000
E_708 -25.772 -605.239 15.000
S_709 -19.059 -90.060 14.000
A_710 0.000 185.740 10.000
K_711 -11.867 -818.649 6.000
P_712 0.000 -195.996 6.000
L_713 0.000 679.918 6.000
K_714 -4.441 -818.649 3.000
C_715 0.000 322.480 5.000
I_716 0.000 777.529 5.000
Y_717 -7.426 -274.939 5.000
G_718 0.000 -27.649 5.000
K_719 -10.149 -818.649 5.000
P_720 0.000 -195.996 3.000
G_721 0.000 -27.649 3.000
G_722 0.000 -27.649 0.000
P_723 0.000 -195.996 0.000
L_724 0.000 679.918 3.000
F_725 0.000 560.542 6.000
T_726 -11.867 -90.974 6.000
S_727 -11.867 -90.060 6.000
A_728 0.000 185.740 8.000
A_729 0.000 185.740 8.000
Y_730 -7.426 -274.939 5.000
T_731 -10.149 -90.974 5.000
A_732 0.000 185.740 5.000
V_733 0.000 613.196 5.000
L_734 0.000 679.918 4.000
H_735 -9.265 -583.484 7.000
H_736 -11.652 -583.484 11.000
S_737 -19.613 -90.060 15.000
Q_738 -24.169 -643.904 13.000
N_739 -25.772 -507.047 15.000
P_740 0.000 -195.996 12.000
D_741 -22.253 -475.402 11.000
F_742 0.000 560.542 11.000
S_743 -19.613 -90.060 15.000
D_744 -22.253 -475.402 11.000
E_745 -25.003 -605.239 14.000
V_746 0.000 613.196 11.000
K_747 -17.098 -818.649 11.000
I_748 0.000 777.529 7.000
E_749 -16.691 -605.239 7.000
L_750 0.000 679.918 7.000
P_751 0.000 -195.996 11.000
T_752 -13.255 -90.974 7.000
Q_753 -19.866 -643.904 9.000
L_754 0.000 679.918 13.000
H_755 -12.518 -583.484 13.000
E_756 -22.253 -605.239 11.000
K_757 -18.462 -818.649 13.000
H_758 -11.652 -583.484 11.000
H_759 -9.265 -583.484 7.000
I_760 0.000 777.529 4.000
L_761 0.000 679.918 5.000
F_762 0.000 560.542 3.000
S_763 -10.149 -90.060 5.000
F_764 0.000 560.542 7.000
Y_765 -9.265 -274.939 7.000
H_766 -9.265 -583.484 7.000
V_767 0.000 613.196 7.000
T_768 -15.425 -90.974 9.000
C_769 0.000 322.480 7.000
D_770 -22.253 -475.402 11.000
I_771 0.000 777.529 8.000
N_772 -22.253 -507.047 11.000
A_773 0.000 185.740 7.000
K_774 -17.098 -818.649 11.000
A_775 0.000 185.740 7.000
N_776 -21.132 -507.047 10.000
A_777 0.000 185.740 10.000
K_778 -18.462 -818.649 13.000
K_779 -18.462 -818.649 13.000
K_780 -18.462 -818.649 13.000
E_781 -21.132 -605.239 10.000
A_782 0.000 185.740 11.000
L_783 0.000 679.918 11.000
E_784 -21.132 -605.239 10.000
T_785 -16.309 -90.974 10.000
S_786 -16.309 -90.060 10.000
V_787 0.000 613.196 8.000
G_788 0.000 -27.649 5.000
Y_789 -4.441 -274.939 3.000
A_790 0.000 185.740 3.000
W_791 -2.723 -203.500 3.000
L_792 0.000 679.918 1.000
P_793 0.000 -195.996 1.000
L_794 0.000 679.918 3.000
M_795 0.000 401.769 5.000
K_796 -15.425 -818.649 9.000
H_797 -12.518 -583.484 13.000
D_798 -24.169 -475.402 13.000
Q_799 -21.132 -643.904 10.000
I_800 0.000 777.529 11.000
A_801 0.000 185.740 11.000
S_802 -17.098 -90.060 11.000
Q_803 -24.169 -643.904 13.000
E_804 -27.150 -605.239 17.000
Y_805 -12.900 -274.939 14.000
N_806 -21.132 -507.047 10.000
I_807 0.000 777.529 6.000
P_808 0.000 -195.996 4.000
I_809 0.000 777.529 3.000
A_810 0.000 185.740 6.000
T_811 -11.867 -90.974 6.000
S_812 -11.867 -90.060 6.000
L_813 0.000 679.918 6.000
P_814 0.000 -195.996 7.000
P_815 0.000 -195.996 6.000
N_816 -14.591 -507.047 6.000
Y_817 -10.601 -274.939 9.000
L_818 0.000 679.918 9.000
S_819 -15.425 -90.060 9.000
F_820 0.000 560.542 11.000
Q_821 -25.003 -643.904 14.000
D_822 -22.253 -475.402 11.000
S_823 -19.059 -90.060 14.000
A_824 0.000 185.740 10.000
S_825 -15.425 -90.060 9.000
G_826 0.000 -27.649 8.000
K_827 -14.420 -818.649 8.000
H_828 -7.426 -583.484 5.000
G_829 0.000 -27.649 8.000
G_830 0.000 -27.649 9.000
S_831 -13.255 -90.060 7.000
D_832 -21.132 -475.402 10.000
I_833 0.000 777.529 11.000
K_834 -14.420 -818.649 8.000
W_835 -5.155 -203.500 8.000
V_836 0.000 613.196 8.000
D_837 -11.867 -475.402 5.000
G_838 0.000 -27.649 7.000
G_839 0.000 -27.649 7.000
K_840 -4.441 -818.649 3.000
P_841 0.000 -195.996 3.000
L_842 0.000 679.918 6.000
F_843 0.000 560.542 3.000
K_844 -11.867 -818.649 6.000
V_845 0.000 613.196 9.000
S_846 -15.425 -90.060 9.000
T_847 -11.867 -90.974 6.000
F_848 0.000 560.542 6.000
V_849 0.000 613.196 6.000
V_850 0.000 613.196 6.000
S_851 -11.867 -90.060 6.000
T_852 -16.309 -90.974 10.000
V_853 0.000 613.196 13.000
N_854 -25.003 -507.047 14.000
T_855 -19.613 -90.974 15.000
Q_856 -25.772 -643.904 15.000
D_857 -24.169 -475.402 13.000
P_858 0.000 -195.996 10.000
H_859 -11.154 -583.484 10.000
V_860 0.000 613.196 6.000
N_861 -14.591 -507.047 6.000
A_862 0.000 185.740 4.000
F_863 0.000 560.542 8.000
F_864 0.000 560.542 8.000
Q_865 -18.409 -643.904 8.000
E_866 -23.258 -605.239 12.000
C_867 0.000 322.480 15.000
Q_868 -26.485 -643.904 16.000
K_869 -20.127 -818.649 16.000
R_870 -35.072 -1015.709 19.000
E_871 -28.359 -605.239 19.000
K_872 -20.127 -818.649 16.000
D_873 -25.003 -475.402 14.000
M_874 0.000 401.769 14.000
S_875 -19.059 -90.060 14.000
Q_876 -21.132 -643.904 10.000
S_877 -18.462 -90.060 13.000
P_878 0.000 -195.996 13.000
T_879 -18.462 -90.974 13.000
S_880 -16.309 -90.060 10.000
N_881 -21.132 -507.047 10.000
F_882 0.000 560.542 12.000
I_883 0.000 777.529 12.000
R_884 -21.845 -1015.709 8.000
S_885 -17.098 -90.060 11.000
C_886 0.000 322.480 15.000
K_887 -16.309 -818.649 10.000
N_888 -16.691 -507.047 7.000
L_889 0.000 679.918 11.000
L_890 0.000 679.918 8.000
N_891 -18.409 -507.047 8.000
V_892 0.000 613.196 11.000
E_893 -22.253 -605.239 11.000
K_894 -15.425 -818.649 9.000
I_895 0.000 777.529 9.000
H_896 -7.426 -583.484 5.000
A_897 0.000 185.740 2.000
I_898 0.000 777.529 5.000
M_899 0.000 401.769 3.000
S_900 -4.441 -90.060 3.000
F_901 0.000 560.542 3.000
L_902 0.000 679.918 3.000
P_903 0.000 -195.996 0.000
I_904 0.000 777.529 0.000
I_905 0.000 777.529 4.000
L_906 0.000 679.918 8.000
N_907 -18.409 -507.047 8.000
Q_908 -18.409 -643.904 8.000
L_909 0.000 679.918 11.000
F_910 0.000 560.542 7.000
K_911 -4.441 -818.649 3.000
V_912 0.000 613.196 3.000
L_913 0.000 679.918 7.000
V_914 0.000 613.196 8.000
Q_915 -23.258 -643.904 12.000
N_916 -26.485 -507.047 16.000
E_917 -28.912 -605.239 20.000
E_918 -28.912 -605.239 20.000
D_919 -26.485 -475.402 16.000
E_920 -25.772 -605.239 15.000
I_921 0.000 777.529 14.000
T_922 -18.462 -90.974 13.000
T_923 -15.425 -90.974 9.000
T_924 -17.811 -90.974 12.000
V_925 0.000 613.196 14.000
T_926 -17.098 -90.974 11.000
R_927 -21.845 -1015.709 8.000
V_928 0.000 613.196 11.000
L_929 0.000 679.918 12.000
T_930 -13.255 -90.974 7.000
D_931 -16.691 -475.402 7.000
I_932 0.000 777.529 7.000
V_933 0.000 613.196 7.000
A_934 0.000 185.740 3.000
K_935 -10.149 -818.649 5.000
C_936 0.000 322.480 9.000
H_937 -12.518 -583.484 13.000
E_938 -25.003 -605.239 14.000
E_939 -25.003 -605.239 14.000
Q_940 -26.485 -643.904 16.000
L_941 0.000 679.918 14.000
D_942 -24.169 -475.402 13.000
H_943 -10.601 -583.484 9.000
S_944 -18.462 -90.060 13.000
V_945 0.000 613.196 12.000
Q_946 -23.258 -643.904 12.000
S_947 -15.425 -90.060 9.000
Y_948 -12.104 -274.939 12.000
I_949 0.000 777.529 8.000
K_950 -10.149 -818.649 5.000
F_951 0.000 560.542 3.000
V_952 0.000 613.196 6.000
F_953 0.000 560.542 6.000
K_954 -17.098 -818.649 11.000
T_955 -17.098 -90.974 11.000
R_956 -27.076 -1015.709 11.000
A_957 0.000 185.740 11.000
C_958 0.000 322.480 12.000
K_959 -17.811 -818.649 12.000
E_960 -25.772 -605.239 15.000
R_961 -31.716 -1015.709 15.000
T_962 -19.059 -90.974 14.000
V_963 0.000 613.196 14.000
H_964 -12.518 -583.484 13.000
E_965 -21.132 -605.239 10.000
E_966 -21.132 -605.239 10.000
L_967 0.000 679.918 11.000
A_968 0.000 185.740 11.000
K_969 -13.255 -818.649 7.000
N_970 -21.132 -507.047 10.000
V_971 0.000 613.196 10.000
T_972 -13.255 -90.974 7.000
G_973 0.000 -27.649 3.000
L_974 0.000 679.918 6.000
L_975 0.000 679.918 6.000
K_976 -16.309 -818.649 10.000
S_977 -19.059 -90.060 14.000
N_978 -27.150 -507.047 17.000
D_979 -27.150 -475.402 17.000
S_980 -20.609 -90.060 17.000
T_981 -18.462 -90.974 13.000
T_982 -17.811 -90.974 12.000
V_983 0.000 613.196 11.000
K_984 -14.420 -818.649 8.000
H_985 -7.426 -583.484 5.000
V_986 0.000 613.196 8.000
L_987 0.000 679.918 7.000
K_988 -14.420 -818.649 8.000
H_989 -10.601 -583.484 9.000
S_990 -15.425 -90.060 9.000
W_991 -4.441 -203.500 6.000
F_992 0.000 560.542 4.000
F_993 0.000 560.542 1.000
F_994 0.000 560.542 0.000
A_995 0.000 185.740 0.000
I_996 0.000 777.529 0.000
I_997 0.000 777.529 3.000
L_998 0.000 679.918 6.000
K_999 -11.867 -818.649 6.000
S_1000 -11.867 -90.060 6.000
M_1001 0.000 401.769 10.000
A_1002 0.000 185.740 9.000
Q_1003 -14.591 -643.904 6.000
H_1004 -8.431 -583.484 6.000
L_1005 0.000 679.918 10.000
I_1006 0.000 777.529 9.000
D_1007 -22.253 -475.402 11.000
T_1008 -19.059 -90.974 14.000
N_1009 -25.003 -507.047 14.000
K_1010 -19.059 -818.649 14.000
I_1011 0.000 777.529 11.000
Q_1012 -16.691 -643.904 7.000
L_1013 0.000 679.918 9.000
P_1014 0.000 -195.996 9.000
R_1015 -23.856 -1015.709 9.000
P_1016 0.000 -195.996 14.000
Q_1017 -25.003 -643.904 14.000
R_1018 -23.856 -1015.709 9.000
F_1019 0.000 560.542 13.000
P_1020 0.000 -195.996 12.000
E_1021 -19.866 -605.239 9.000
S_1022 -18.462 -90.060 13.000
Y_1023 -13.896 -274.939 17.000
Q_1024 -27.150 -643.904 17.000
N_1025 -25.003 -507.047 14.000
E_1026 -26.485 -605.239 16.000
L_1027 0.000 679.918 16.000
D_1028 -23.258 -475.402 12.000
N_1029 -18.409 -507.047 8.000
L_1030 0.000 679.918 8.000
V_1031 0.000 613.196 4.000
M_1032 0.000 401.769 0.000
V_1033 0.000 613.196 3.000
L_1034 0.000 679.918 7.000
S_1035 -15.425 -90.060 9.000
D_1036 -19.866 -475.402 9.000
H_1037 -10.601 -583.484 9.000
V_1038 0.000 613.196 7.000
I_1039 0.000 777.529 6.000
W_1040 -4.441 -203.500 6.000
K_1041 -15.425 -818.649 9.000
Y_1042 -12.518 -274.939 13.000
K_1043 -17.811 -818.649 12.000
D_1044 -19.866 -475.402 9.000
A_1045 0.000 185.740 11.000
L_1046 0.000 679.918 12.000
E_1047 -22.253 -605.239 11.000
E_1048 -26.485 -605.239 16.000
T_1049 -22.271 -90.974 21.000
R_1050 -33.508 -1015.709 17.000
R_1051 -33.508 -1015.709 17.000
A_1052 0.000 185.740 16.000
N_1053 -25.003 -507.047 14.000
H_1054 -10.601 -583.484 9.000
S_1055 -15.425 -90.060 9.000
V_1056 0.000 613.196 10.000
A_1057 0.000 185.740 8.000
R_1058 -11.867 -1015.709 5.000
F_1059 0.000 560.542 8.000
L_1060 0.000 679.918 13.000
K_1061 -14.420 -818.649 8.000
R_1062 -21.845 -1015.709 8.000
C_1063 0.000 322.480 11.000
F_1064 0.000 560.542 8.000
T_1065 -4.441 -90.974 3.000
F_1066 0.000 560.542 7.000
M_1067 0.000 401.769 12.000
D_1068 -19.866 -475.402 9.000
R_1069 -27.076 -1015.709 11.000
G_1070 0.000 -27.649 11.000
Y_1071 -9.265 -274.939 7.000
V_1072 0.000 613.196 5.000
F_1073 0.000 560.542 5.000
K_1074 -4.441 -818.649 3.000
M_1075 0.000 401.769 7.000
V_1076 0.000 613.196 11.000
N_1077 -21.132 -507.047 10.000
N_1078 -21.132 -507.047 10.000
Y_1079 -12.518 -274.939 13.000
I_1080 0.000 777.529 9.000
S_1081 -10.149 -90.060 5.000
M_1082 0.000 401.769 6.000
F_1083 0.000 560.542 9.000
S_1084 -11.867 -90.060 6.000
S_1085 -16.309 -90.060 10.000
G_1086 0.000 -27.649 10.000
D_1087 -21.132 -475.402 10.000
L_1088 0.000 679.918 10.000
K_1089 -16.309 -818.649 10.000
T_1090 -11.867 -90.974 6.000
L_1091 0.000 679.918 10.000
C_1092 0.000 322.480 9.000
Q_1093 -19.866 -643.904 9.000
Y_1094 -10.601 -274.939 9.000
K_1095 -18.462 -818.649 13.000
F_1096 0.000 560.542 9.000
D_1097 -16.691 -475.402 7.000
F_1098 0.000 560.542 8.000
L_1099 0.000 679.918 12.000
Q_1100 -18.409 -643.904 8.000
E_1101 -18.409 -605.239 8.000
V_1102 0.000 613.196 12.000
C_1103 0.000 322.480 10.000
Q_1104 -21.132 -643.904 10.000
H_1105 -12.104 -583.484 12.000
E_1106 -23.258 -605.239 12.000
H_1107 -9.978 -583.484 8.000
F_1108 0.000 560.542 6.000
I_1109 0.000 777.529 2.000
P_1110 0.000 -195.996 0.000
L_1111 0.000 679.918 0.000
C_1112 0.000 322.480 0.000
L_1113 0.000 679.918 0.000
P_1114 0.000 -195.996 5.000
I_1115 0.000 777.529 8.000
R_1116 -21.845 -1015.709 8.000
S_1117 -17.811 -90.060 12.000
A_1118 0.000 185.740 12.000
N_1119 -16.691 -507.047 7.000
I_1120 0.000 777.529 8.000
P_1121 0.000 -195.996 8.000
D_1122 -7.878 -475.402 4.000
P_1123 0.000 -195.996 7.000
L_1124 0.000 679.918 7.000
T_1125 -11.867 -90.974 6.000
P_1126 0.000 -195.996 10.000
S_1127 -18.462 -90.060 13.000
E_1128 -24.169 -605.239 13.000
S_1129 -20.609 -90.060 17.000
T_1130 -21.060 -90.974 18.000
Q_1131 -25.003 -643.904 14.000
E_1132 -24.169 -605.239 13.000
L_1133 0.000 679.918 10.000
H_1134 -10.601 -583.484 9.000
A_1135 0.000 185.740 9.000
S_1136 -15.425 -90.060 9.000
D_1137 -16.691 -475.402 7.000
M_1138 0.000 401.769 11.000
P_1139 0.000 -195.996 10.000
E_1140 -19.866 -605.239 9.000
Y_1141 -10.601 -274.939 9.000
S_1142 -17.811 -90.060 12.000
V_1143 0.000 613.196 12.000
T_1144 -19.059 -90.974 14.000
N_1145 -22.253 -507.047 11.000
E_1146 -22.253 -605.239 11.000
F_1147 0.000 560.542 13.000
C_1148 0.000 322.480 12.000
R_1149 -25.574 -1015.709 10.000
K_1150 -16.309 -818.649 10.000
H_1151 -11.154 -583.484 10.000
F_1152 0.000 560.542 5.000
L_1153 0.000 679.918 2.000
I_1154 0.000 777.529 0.000
G_1155 0.000 -27.649 0.000
I_1156 0.000 777.529 0.000
L_1157 0.000 679.918 5.000
L_1158 0.000 679.918 9.000
R_1159 -23.856 -1015.709 9.000
E_1160 -19.866 -605.239 9.000
V_1161 0.000 613.196 9.000
G_1162 0.000 -27.649 4.000
F_1163 0.000 560.542 0.000
A_1164 0.000 185.740 4.000
L_1165 0.000 679.918 8.000
Q_1166 -23.258 -643.904 12.000
E_1167 -26.485 -605.239 16.000
D_1168 -28.912 -475.402 20.000
Q_1169 -26.485 -643.904 16.000
D_1170 -27.150 -475.402 17.000
V_1171 0.000 613.196 15.000
R_1172 -27.076 -1015.709 11.000
H_1173 -9.265 -583.484 7.000
L_1174 0.000 679.918 7.000
A_1175 0.000 185.740 2.000
L_1176 0.000 679.918 0.000
A_1177 0.000 185.740 0.000
V_1178 0.000 613.196 3.000
L_1179 0.000 679.918 7.000
K_1180 -13.255 -818.649 7.000
N_1181 -16.691 -507.047 7.000
L_1182 0.000 679.918 7.000
M_1183 0.000 401.769 7.000
A_1184 0.000 185.740 5.000
K_1185 -14.420 -818.649 8.000
H_1186 -9.978 -583.484 8.000
S_1187 -17.811 -90.060 12.000
F_1188 0.000 560.542 13.000
D_1189 -26.485 -475.402 16.000
D_1190 -25.772 -475.402 15.000
R_1191 -35.785 -1015.709 20.000
Y_1192 -14.725 -274.939 20.000
R_1193 -32.645 -1015.709 16.000
E_1194 -26.485 -605.239 16.000
P_1195 0.000 -195.996 17.000
R_1196 -32.645 -1015.709 16.000
K_1197 -17.811 -818.649 12.000
Q_1198 -26.485 -643.904 16.000
A_1199 0.000 185.740 11.000
Q_1200 -18.409 -643.904 8.000
I_1201 0.000 777.529 7.000
A_1202 0.000 185.740 7.000
S_1203 -10.149 -90.060 5.000
L_1204 0.000 679.918 5.000
Y_1205 -7.426 -274.939 5.000
M_1206 0.000 401.769 2.000
P_1207 0.000 -195.996 4.000
L_1208 0.000 679.918 2.000
Y_1209 -1.718 -274.939 2.000
G_1210 0.000 -27.649 2.000
M_1211 0.000 401.769 2.000
L_1212 0.000 679.918 4.000
L_1213 0.000 679.918 8.000
D_1214 -18.409 -475.402 8.000
N_1215 -18.409 -507.047 8.000
M_1216 0.000 401.769 13.000
P_1217 0.000 -195.996 9.000
R_1218 -19.414 -1015.709 7.000
I_1219 0.000 777.529 7.000
Y_1220 -11.154 -274.939 10.000
L_1221 0.000 679.918 9.000
K_1222 -15.425 -818.649 9.000
D_1223 -19.866 -475.402 9.000
L_1224 0.000 679.918 9.000
Y_1225 -8.431 -274.939 6.000
P_1226 0.000 -195.996 5.000
F_1227 0.000 560.542 5.000
T_1228 -13.255 -90.974 7.000
V_1229 0.000 613.196 10.000
N_1230 -24.169 -507.047 13.000
T_1231 -19.059 -90.974 14.000
S_1232 -21.060 -90.060 18.000
N_1233 -25.003 -507.047 14.000
Q_1234 -25.003 -643.904 14.000
G_1235 0.000 -27.649 16.000
S_1236 -20.127 -90.060 16.000
R_1237 -32.645 -1015.709 16.000
D_1238 -26.485 -475.402 16.000
D_1239 -26.485 -475.402 16.000
L_1240 0.000 679.918 14.000
S_1241 -19.059 -90.060 14.000
T_1242 -16.309 -90.974 10.000
N_1243 -21.132 -507.047 10.000
G_1244 0.000 -27.649 7.000
G_1245 0.000 -27.649 8.000
F_1246 0.000 560.542 7.000
Q_1247 -22.253 -643.904 11.000
S_1248 -19.059 -90.060 14.000
Q_1249 -25.003 -643.904 14.000
T_1250 -16.309 -90.974 10.000
A_1251 0.000 185.740 10.000
I_1252 0.000 777.529 8.000
K_1253 -10.149 -818.649 5.000
H_1254 -10.601 -583.484 9.000
A_1255 0.000 185.740 12.000
N_1256 -19.866 -507.047 9.000
S_1257 -17.098 -90.060 11.000
V_1258 0.000 613.196 14.000
D_1259 -24.169 -475.402 13.000
T_1260 -16.309 -90.974 10.000
S_1261 -18.462 -90.060 13.000
F_1262 0.000 560.542 12.000
S_1263 -18.462 -90.060 13.000
K_1264 -16.309 -818.649 10.000
D_1265 -21.132 -475.402 10.000
V_1266 0.000 613.196 11.000
L_1267 0.000 679.918 11.000
N_1268 -16.691 -507.047 7.000
S_1269 -13.255 -90.060 7.000
I_1270 0.000 777.529 7.000
A_1271 0.000 185.740 3.000
A_1272 0.000 185.740 3.000
F_1273 0.000 560.542 6.000
S_1274 -11.867 -90.060 6.000
S_1275 -11.867 -90.060 6.000
I_1276 0.000 777.529 6.000
A_1277 0.000 185.740 6.000
I_1278 0.000 777.529 6.000
S_1279 -11.867 -90.060 6.000
T_1280 -16.309 -90.974 10.000
V_1281 0.000 613.196 12.000
N_1282 -19.866 -507.047 9.000
H_1283 -11.154 -583.484 10.000
A_1284 0.000 185.740 13.000
D_1285 -25.003 -475.402 14.000
S_1286 -17.811 -90.060 12.000
R_1287 -31.716 -1015.709 15.000
A_1288 0.000 185.740 11.000
S_1289 -14.420 -90.060 8.000
L_1290 0.000 679.918 6.000
A_1291 0.000 185.740 6.000
S_1292 -13.255 -90.060 7.000
L_1293 0.000 679.918 10.000
D_1294 -25.003 -475.402 14.000
S_1295 -17.098 -90.060 11.000
N_1296 -25.003 -507.047 14.000
P_1297 0.000 -195.996 13.000
S_1298 -19.059 -90.060 14.000
T_1299 -19.059 -90.974 14.000
N_1300 -27.150 -507.047 17.000
E_1301 -27.150 -605.239 17.000
K_1302 -20.609 -818.649 17.000
S_1303 -20.609 -90.060 17.000
S_1304 -20.127 -90.060 16.000
E_1305 -26.485 -605.239 16.000
K_1306 -20.609 -818.649 17.000
T_1307 -21.060 -90.974 18.000
D_1308 -25.003 -475.402 14.000
N_1309 -25.772 -507.047 15.000
C_1310 0.000 322.480 15.000
E_1311 -22.253 -605.239 11.000
K_1312 -13.255 -818.649 7.000
I_1313 0.000 777.529 12.000
P_1314 0.000 -195.996 8.000
R_1315 -11.867 -1015.709 5.000
P_1316 0.000 -195.996 8.000
L_1317 0.000 679.918 8.000
S_1318 -4.441 -90.060 3.000
L_1319 0.000 679.918 3.000
I_1320 0.000 777.529 6.000
G_1321 0.000 -27.649 6.000
S_1322 -11.867 -90.060 6.000
T_1323 -17.098 -90.974 11.000
L_1324 0.000 679.918 11.000
R_1325 -28.412 -1015.709 12.000
F_1326 0.000 560.542 12.000
D_1327 -23.258 -475.402 12.000
K_1328 -17.098 -818.649 11.000
L_1329 0.000 679.918 15.000
D_1330 -22.253 -475.402 11.000
Q_1331 -23.258 -643.904 12.000
A_1332 0.000 185.740 15.000
E_1333 -26.485 -605.239 16.000
T_1334 -19.613 -90.974 15.000
R_1335 -31.716 -1015.709 15.000
S_1336 -17.098 -90.060 11.000
L_1337 0.000 679.918 8.000
L_1338 0.000 679.918 3.000
M_1339 0.000 401.769 0.000
C_1340 0.000 322.480 0.000
F_1341 0.000 560.542 2.000
L_1342 0.000 679.918 2.000
H_1343 -1.718 -583.484 2.000
I_1344 0.000 777.529 5.000
M_1345 0.000 401.769 8.000
K_1346 -11.867 -818.649 6.000
T_1347 -15.425 -90.974 9.000
I_1348 0.000 777.529 11.000
S_1349 -17.811 -90.060 12.000
Y_1350 -12.104 -274.939 12.000
E_1351 -23.258 -605.239 12.000
T_1352 -15.425 -90.974 9.000
L_1353 0.000 679.918 7.000
I_1354 0.000 777.529 5.000
A_1355 0.000 185.740 3.000
Y_1356 -9.265 -274.939 7.000
W_1357 -6.160 -203.500 12.000
Q_1358 -23.258 -643.904 12.000
R_1359 -25.574 -1015.709 10.000
A_1360 0.000 185.740 12.000
P_1361 0.000 -195.996 8.000
S_1362 -13.255 -90.060 7.000
P_1363 0.000 -195.996 7.000
E_1364 -21.132 -605.239 10.000
V_1365 0.000 613.196 11.000
S_1366 -17.098 -90.060 11.000
D_1367 -16.691 -475.402 7.000
F_1368 0.000 560.542 10.000
F_1369 0.000 560.542 7.000
S_1370 -4.441 -90.060 3.000
I_1371 0.000 777.529 7.000
L_1372 0.000 679.918 7.000
D_1373 -7.878 -475.402 4.000
V_1374 0.000 613.196 4.000
C_1375 0.000 322.480 8.000
L_1376 0.000 679.918 8.000
Q_1377 -18.409 -643.904 8.000
N_1378 -24.169 -507.047 13.000
F_1379 0.000 560.542 15.000
R_1380 -27.076 -1015.709 11.000
Y_1381 -9.265 -274.939 7.000
L_1382 0.000 679.918 10.000
G_1383 0.000 -27.649 10.000
K_1384 -17.811 -818.649 12.000
R_1385 -28.412 -1015.709 12.000
N_1386 -23.258 -507.047 12.000
I_1387 0.000 777.529 14.000
I_1388 0.000 777.529 12.000
R_1389 -21.845 -1015.709 8.000
K_1390 -14.420 -818.649 8.000
I_1391 0.000 777.529 8.000
A_1392 0.000 185.740 3.000
A_1393 0.000 185.740 0.000
A_1394 0.000 185.740 3.000
F_1395 0.000 560.542 3.000
K_1396 -4.441 -818.649 3.000
F_1397 0.000 560.542 7.000
V_1398 0.000 613.196 10.000
Q_1399 -21.132 -643.904 10.000
S_1400 -19.059 -90.060 14.000
T_1401 -21.060 -90.974 18.000
Q_1402 -27.773 -643.904 18.000
N_1403 -25.772 -507.047 15.000
N_1404 -25.772 -507.047 15.000
G_1405 0.000 -27.649 11.000
T_1406 -16.309 -90.974 10.000
L_1407 0.000 679.918 6.000
K_1408 -15.425 -818.649 9.000
G_1409 0.000 -27.649 10.000
S_1410 -16.309 -90.060 10.000
N_1411 -21.132 -507.047 10.000
P_1412 0.000 -195.996 10.000
S_1413 -17.098 -90.060 11.000
C_1414 0.000 322.480 10.000
Q_1415 -24.169 -643.904 13.000
T_1416 -16.309 -90.974 10.000
S_1417 -16.309 -90.060 10.000
G_1418 0.000 -27.649 6.000
L_1419 0.000 679.918 6.000
L_1420 0.000 679.918 7.000
S_1421 -14.420 -90.060 8.000
Q_1422 -18.409 -643.904 8.000
W_1423 -5.708 -203.500 10.000
M_1424 0.000 401.769 10.000
H_1425 -10.601 -583.484 9.000
S_1426 -17.098 -90.060 11.000
T_1427 -19.059 -90.974 14.000
S_1428 -19.059 -90.060 14.000
S_1429 -19.613 -90.060 15.000
H_1430 -12.104 -583.484 12.000
E_1431 -22.253 -605.239 11.000
G_1432 0.000 -27.649 11.000
H_1433 -12.518 -583.484 13.000
K_1434 -17.098 -818.649 11.000
Q_1435 -26.485 -643.904 16.000
H_1436 -13.896 -583.484 17.000
R_1437 -34.315 -1015.709 18.000
S_1438 -20.609 -90.060 17.000
Q_1439 -25.772 -643.904 15.000
T_1440 -16.309 -90.974 10.000
L_1441 0.000 679.918 7.000
P_1442 0.000 -195.996 3.000
I_1443 0.000 777.529 5.000
I_1444 0.000 777.529 5.000
R_1445 -21.845 -1015.709 8.000
G_1446 0.000 -27.649 12.000
K_1447 -17.811 -818.649 12.000
N_1448 -16.691 -507.047 7.000
A_1449 0.000 185.740 10.000
L_1450 0.000 679.918 11.000
S_1451 -13.255 -90.060 7.000
N_1452 -21.132 -507.047 10.000
P_1453 0.000 -195.996 10.000
K_1454 -13.255 -818.649 7.000
L_1455 0.000 679.918 7.000
L_1456 0.000 679.918 7.000
Q_1457 -7.878 -643.904 4.000
M_1458 0.000 401.769 8.000
L_1459 0.000 679.918 12.000
D_1460 -22.253 -475.402 11.000
N_1461 -22.253 -507.047 11.000
T_1462 -19.059 -90.974 14.000
M_1463 0.000 401.769 13.000
T_1464 -18.462 -90.974 13.000
S_1465 -18.462 -90.060 13.000
N_1466 -27.150 -507.047 17.000
S_1467 -21.060 -90.060 18.000
N_1468 -25.772 -507.047 15.000
E_1469 -25.772 -605.239 15.000
I_1470 0.000 777.529 12.000
D_1471 -18.409 -475.402 8.000
I_1472 0.000 777.529 6.000
V_1473 0.000 613.196 8.000
H_1474 -6.160 -583.484 4.000
H_1475 -9.978 -583.484 8.000
V_1476 0.000 613.196 11.000
D_1477 -24.169 -475.402 13.000
T_1478 -17.098 -90.974 11.000
E_1479 -25.772 -605.239 15.000
A_1480 0.000 185.740 11.000
N_1481 -18.409 -507.047 8.000
I_1482 0.000 777.529 7.000
A_1483 0.000 185.740 11.000
T_1484 -13.255 -90.974 7.000
E_1485 -16.691 -605.239 7.000
V_1486 0.000 613.196 7.000
C_1487 0.000 322.480 7.000
L_1488 0.000 679.918 3.000
T_1489 -4.441 -90.974 3.000
I_1490 0.000 777.529 7.000
L_1491 0.000 679.918 7.000
D_1492 -7.878 -475.402 4.000
L_1493 0.000 679.918 7.000
L_1494 0.000 679.918 7.000
S_1495 -4.441 -90.060 3.000
L_1496 0.000 679.918 6.000
F_1497 0.000 560.542 10.000
T_1498 -16.309 -90.974 10.000
Q_1499 -23.258 -643.904 12.000
T_1500 -20.127 -90.974 16.000
H_1501 -14.188 -583.484 18.000
Q_1502 -27.773 -643.904 18.000
R_1503 -31.716 -1015.709 15.000
Q_1504 -27.150 -643.904 17.000
L_1505 0.000 679.918 17.000
Q_1506 -23.258 -643.904 12.000
Q_1507 -23.258 -643.904 12.000
C_1508 0.000 322.480 12.000
D_1509 -23.258 -475.402 12.000
C_1510 0.000 322.480 12.000
Q_1511 -25.772 -643.904 15.000
N_1512 -22.253 -507.047 11.000
S_1513 -17.098 -90.060 11.000
L_1514 0.000 679.918 10.000
M_1515 0.000 401.769 11.000
K_1516 -14.420 -818.649 8.000
R_1517 -21.845 -1015.709 8.000
V_1518 0.000 613.196 12.000
F_1519 0.000 560.542 12.000
D_1520 -19.866 -475.402 9.000
T_1521 -15.425 -90.974 9.000
Y_1522 -10.601 -274.939 9.000
M_1523 0.000 401.769 5.000
L_1524 0.000 679.918 2.000
F_1525 0.000 560.542 4.000
F_1526 0.000 560.542 4.000
Q_1527 -18.409 -643.904 8.000
V_1528 0.000 613.196 12.000
N_1529 -25.772 -507.047 15.000
Q_1530 -22.253 -643.904 11.000
S_1531 -19.059 -90.060 14.000
A_1532 0.000 185.740 10.000
T_1533 -11.867 -90.974 6.000
A_1534 0.000 185.740 6.000
L_1535 0.000 679.918 8.000
K_1536 -10.149 -818.649 5.000
H_1537 -7.426 -583.484 5.000
V_1538 0.000 613.196 5.000
F_1539 0.000 560.542 5.000
A_1540 0.000 185.740 3.000
S_1541 -14.420 -90.060 8.000
L_1542 0.000 679.918 8.000
R_1543 -21.845 -1015.709 8.000
L_1544 0.000 679.918 5.000
F_1545 0.000 560.542 5.000
V_1546 0.000 613.196 3.000
C_1547 0.000 322.480 3.000
K_1548 -4.441 -818.649 3.000
F_1549 0.000 560.542 6.000
P_1550 0.000 -195.996 6.000
S_1551 -4.441 -90.060 3.000
A_1552 0.000 185.740 3.000
F_1553 0.000 560.542 7.000
F_1554 0.000 560.542 4.000
Q_1555 -7.878 -643.904 4.000
G_1556 0.000 -27.649 4.000
P_1557 0.000 -195.996 8.000
A_1558 0.000 185.740 4.000
D_1559 -7.878 -475.402 4.000
L_1560 0.000 679.918 4.000
C_1561 0.000 322.480 7.000
G_1562 0.000 -27.649 3.000
S_1563 -4.441 -90.060 3.000
F_1564 0.000 560.542 5.000
C_1565 0.000 322.480 9.000
Y_1566 -8.431 -274.939 6.000
E_1567 -14.591 -605.239 6.000
V_1568 0.000 613.196 9.000
L_1569 0.000 679.918 7.000
K_1570 -4.441 -818.649 3.000
C_1571 0.000 322.480 7.000
C_1572 0.000 322.480 9.000
N_1573 -22.253 -507.047 11.000
H_1574 -12.900 -583.484 14.000
R_1575 -35.072 -1015.709 19.000
S_1576 -21.060 -90.060 18.000
R_1577 -35.072 -1015.709 19.000
S_1578 -21.060 -90.060 18.000
T_1579 -21.060 -90.974 18.000
Q_1580 -27.150 -643.904 17.000
T_1581 -19.059 -90.974 14.000
E_1582 -25.003 -605.239 14.000
A_1583 0.000 185.740 10.000
S_1584 -13.255 -90.060 7.000
A_1585 0.000 185.740 3.000
L_1586 0.000 679.918 5.000
L_1587 0.000 679.918 2.000
Y_1588 -1.718 -274.939 2.000
F_1589 0.000 560.542 2.000
F_1590 0.000 560.542 7.000
M_1591 0.000 401.769 8.000
R_1592 -28.412 -1015.709 12.000
K_1593 -17.811 -818.649 12.000
N_1594 -26.485 -507.047 16.000
F_1595 0.000 560.542 11.000
E_1596 -23.258 -605.239 12.000
F_1597 0.000 560.542 11.000
N_1598 -25.772 -507.047 15.000
K_1599 -19.059 -818.649 14.000
Q_1600 -27.150 -643.904 17.000
K_1601 -18.462 -818.649 13.000
S_1602 -16.309 -90.060 10.000
I_1603 0.000 777.529 11.000
V_1604 0.000 613.196 11.000
R_1605 -25.574 -1015.709 10.000
S_1606 -16.309 -90.060 10.000
H_1607 -12.900 -583.484 14.000
L_1608 0.000 679.918 9.000
Q_1609 -14.591 -643.904 6.000
L_1610 0.000 679.918 7.000
I_1611 0.000 777.529 7.000
K_1612 -4.441 -818.649 3.000
A_1613 0.000 185.740 6.000
V_1614 0.000 613.196 10.000
S_1615 -13.255 -90.060 7.000
Q_1616 -16.691 -643.904 7.000
L_1617 0.000 679.918 7.000
I_1618 0.000 777.529 8.000
A_1619 0.000 185.740 4.000
D_1620 -7.878 -475.402 4.000
A_1621 0.000 185.740 4.000
G_1622 0.000 -27.649 4.000
I_1623 0.000 777.529 0.000
G_1624 0.000 -27.649 3.000
G_1625 0.000 -27.649 8.000
S_1626 -14.420 -90.060 8.000
R_1627 -28.412 -1015.709 12.000
F_1628 0.000 560.542 14.000
Q_1629 -25.003 -643.904 14.000
H_1630 -10.601 -583.484 9.000
S_1631 -15.425 -90.060 9.000
L_1632 0.000 679.918 5.000
A_1633 0.000 185.740 6.000
I_1634 0.000 777.529 7.000
T_1635 -17.098 -90.974 11.000
N_1636 -22.253 -507.047 11.000
N_1637 -22.253 -507.047 11.000
F_1638 0.000 560.542 12.000
A_1639 0.000 185.740 8.000
N_1640 -18.409 -507.047 8.000
G_1641 0.000 -27.649 11.000
D_1642 -25.772 -475.402 15.000
K_1643 -17.098 -818.649 11.000
Q_1644 -25.003 -643.904 14.000
M_1645 0.000 401.769 14.000
K_1646 -19.059 -818.649 14.000
N_1647 -25.003 -507.047 14.000
S_1648 -19.059 -90.060 14.000
N_1649 -22.253 -507.047 11.000
F_1650 0.000 560.542 7.000
P_1651 0.000 -195.996 8.000
A_1652 0.000 185.740 4.000
E_1653 -16.691 -605.239 7.000
V_1654 0.000 613.196 11.000
K_1655 -17.098 -818.649 11.000
D_1656 -21.132 -475.402 10.000
L_1657 0.000 679.918 13.000
T_1658 -19.613 -90.974 15.000
K_1659 -17.098 -818.649 11.000
R_1660 -32.645 -1015.709 16.000
I_1661 0.000 777.529 16.000
R_1662 -29.616 -1015.709 13.000
T_1663 -14.420 -90.974 8.000
V_1664 0.000 613.196 8.000
L_1665 0.000 679.918 3.000
M_1666 0.000 401.769 3.000
A_1667 0.000 185.740 3.000
T_1668 -13.255 -90.974 7.000
A_1669 0.000 185.740 7.000
Q_1670 -21.132 -643.904 10.000
M_1671 0.000 401.769 11.000
K_1672 -18.462 -818.649 13.000
E_1673 -24.169 -605.239 13.000
H_1674 -13.586 -583.484 16.000
E_1675 -27.150 -605.239 17.000
K_1676 -18.462 -818.649 13.000
D_1677 -25.772 -475.402 15.000
P_1678 0.000 -195.996 11.000
E_1679 -18.409 -605.239 8.000
M_1680 0.000 401.769 4.000
L_1681 0.000 679.918 8.000
V_1682 0.000 613.196 4.000
D_1683 -18.409 -475.402 8.000
L_1684 0.000 679.918 10.000
Q_1685 -24.169 -643.904 13.000
Y_1686 -10.601 -274.939 9.000
S_1687 -15.425 -90.060 9.000
L_1688 0.000 679.918 9.000
A_1689 0.000 185.740 10.000
N_1690 -19.866 -507.047 9.000
S_1691 -15.425 -90.060 9.000
Y_1692 -12.104 -274.939 12.000
A_1693 0.000 185.740 11.000
S_1694 -14.420 -90.060 8.000
T_1695 -16.309 -90.974 10.000
P_1696 0.000 -195.996 10.000
E_1697 -23.258 -605.239 12.000
L_1698 0.000 679.918 14.000
R_1699 -33.508 -1015.709 17.000
R_1700 -30.711 -1015.709 14.000
T_1701 -19.059 -90.974 14.000
W_1702 -6.358 -203.500 13.000
L_1703 0.000 679.918 11.000
E_1704 -18.409 -605.239 8.000
S_1705 -13.255 -90.060 7.000
M_1706 0.000 401.769 10.000
A_1707 0.000 185.740 6.000
K_1708 -10.149 -818.649 5.000
I_1709 0.000 777.529 5.000
H_1710 -11.154 -583.484 10.000
A_1711 0.000 185.740 11.000
R_1712 -27.076 -1015.709 11.000
N_1713 -24.169 -507.047 13.000
G_1714 0.000 -27.649 13.000
D_1715 -22.253 -475.402 11.000
L_1716 0.000 679.918 11.000
S_1717 -17.098 -90.060 11.000
E_1718 -16.691 -605.239 7.000
A_1719 0.000 185.740 7.000
A_1720 0.000 185.740 4.000
M_1721 0.000 401.769 2.000
C_1722 0.000 322.480 2.000
Y_1723 -6.160 -274.939 4.000
I_1724 0.000 777.529 4.000
H_1725 -6.160 -583.484 4.000
I_1726 0.000 777.529 2.000
A_1727 0.000 185.740 2.000
A_1728 0.000 185.740 0.000
L_1729 0.000 679.918 0.000
I_1730 0.000 777.529 4.000
A_1731 0.000 185.740 6.000
E_1732 -14.591 -605.239 6.000
Y_1733 -10.601 -274.939 9.000
L_1734 0.000 679.918 14.000
K_1735 -18.462 -818.649 13.000
R_1736 -27.076 -1015.709 11.000
K_1737 -18.462 -818.649 13.000
G_1738 0.000 -27.649 11.000
Y_1739 -10.601 -274.939 9.000
W_1740 -4.441 -203.500 6.000
K_1741 -16.309 -818.649 10.000
V_1742 0.000 613.196 11.000
E_1743 -21.132 -605.239 10.000
K_1744 -13.255 -818.649 7.000
I_1745 0.000 777.529 10.000
C_1746 0.000 322.480 6.000
T_1747 -11.867 -90.974 6.000
A_1748 0.000 185.740 6.000
S_1749 -11.867 -90.060 6.000
L_1750 0.000 679.918 6.000
L_1751 0.000 679.918 10.000
S_1752 -17.098 -90.060 11.000
E_1753 -25.003 -605.239 14.000
D_1754 -26.485 -475.402 16.000
T_1755 -18.462 -90.974 13.000
H_1756 -10.601 -583.484 9.000
P_1757 0.000 -195.996 9.000
C_1758 0.000 322.480 9.000
D_1759 -22.253 -475.402 11.000
S_1760 -19.059 -90.060 14.000
N_1761 -25.003 -507.047 14.000
S_1762 -16.309 -90.060 10.000
L_1763 0.000 679.918 10.000
L_1764 0.000 679.918 9.000
T_1765 -11.867 -90.974 6.000
T_1766 -15.425 -90.974 9.000
P_1767 0.000 -195.996 9.000
S_1768 -11.867 -90.060 6.000
G_1769 0.000 -27.649 6.000
G_1770 0.000 -27.649 6.000
S_1771 -4.441 -90.060 3.000
M_1772 0.000 401.769 6.000
F_1773 0.000 560.542 6.000
S_1774 -4.441 -90.060 3.000
M_1775 0.000 401.769 4.000
G_1776 0.000 -27.649 4.000
W_1777 -0.000 -203.500 1.000
P_1778 0.000 -195.996 1.000
A_1779 0.000 185.740 1.000
F_1780 0.000 560.542 3.000
L_1781 0.000 679.918 3.000
S_1782 -11.867 -90.060 6.000
I_1783 0.000 777.529 6.000
T_1784 -16.309 -90.974 10.000
P_1785 0.000 -195.996 7.000
N_1786 -21.132 -507.047 10.000
I_1787 0.000 777.529 11.000
K_1788 -19.613 -818.649 15.000
E_1789 -22.253 -605.239 11.000
E_1790 -22.253 -605.239 11.000
G_1791 0.000 -27.649 8.000
A_1792 0.000 185.740 7.000
M_1793 0.000 401.769 7.000
K_1794 -17.098 -818.649 11.000
E_1795 -25.003 -605.239 14.000
D_1796 -25.003 -475.402 14.000
S_1797 -17.098 -90.060 11.000
G_1798 0.000 -27.649 11.000
M_1799 0.000 401.769 11.000
Q_1800 -22.253 -643.904 11.000
D_1801 -22.253 -475.402 11.000
T_1802 -18.462 -90.974 13.000
P_1803 0.000 -195.996 13.000
Y_1804 -12.518 -274.939 13.000
N_1805 -25.003 -507.047 14.000
E_1806 -25.003 -605.239 14.000
N_1807 -23.258 -507.047 12.000
I_1808 0.000 777.529 8.000
L_1809 0.000 679.918 8.000
V_1810 0.000 613.196 8.000
E_1811 -18.409 -605.239 8.000
Q_1812 -21.132 -643.904 10.000
L_1813 0.000 679.918 10.000
Y_1814 -8.431 -274.939 6.000
M_1815 0.000 401.769 2.000
C_1816 0.000 322.480 6.000
V_1817 0.000 613.196 4.000
E_1818 -7.878 -605.239 4.000
F_1819 0.000 560.542 5.000
L_1820 0.000 679.918 8.000
W_1821 -4.824 -203.500 7.000
K_1822 -17.098 -818.649 11.000
S_1823 -20.127 -90.060 16.000
E_1824 -27.150 -605.239 17.000
R_1825 -34.315 -1015.709 18.000
Y_1826 -13.255 -274.939 15.000
E_1827 -22.253 -605.239 11.000
L_1828 0.000 679.918 6.000
I_1829 0.000 777.529 8.000
A_1830 0.000 185.740 4.000
D_1831 -18.409 -475.402 8.000
V_1832 0.000 613.196 11.000
N_1833 -22.253 -507.047 11.000
K_1834 -13.255 -818.649 7.000
P_1835 0.000 -195.996 7.000
I_1836 0.000 777.529 3.000
I_1837 0.000 777.529 0.000
A_1838 0.000 185.740 0.000
V_1839 0.000 613.196 4.000
F_1840 0.000 560.542 7.000
E_1841 -22.253 -605.239 11.000
K_1842 -20.127 -818.649 16.000
Q_1843 -28.912 -643.904 20.000
R_1844 -32.645 -1015.709 16.000
D_1845 -26.485 -475.402 16.000
F_1846 0.000 560.542 15.000
K_1847 -16.309 -818.649 10.000
K_1848 -15.425 -818.649 9.000
L_1849 0.000 679.918 13.000
S_1850 -16.309 -90.060 10.000
D_1851 -19.866 -475.402 9.000
L_1852 0.000 679.918 11.000
Y_1853 -12.104 -274.939 12.000
Y_1854 -9.978 -274.939 8.000
D_1855 -21.132 -475.402 10.000
I_1856 0.000 777.529 13.000
H_1857 -12.900 -583.484 14.000
R_1858 -28.412 -1015.709 12.000
S_1859 -17.811 -90.060 12.000
Y_1860 -12.518 -274.939 13.000
L_1861 0.000 679.918 8.000
K_1862 -10.149 -818.649 5.000
V_1863 0.000 613.196 7.000
A_1864 0.000 185.740 7.000
E_1865 -7.878 -605.239 4.000
V_1866 0.000 613.196 8.000
V_1867 0.000 613.196 11.000
N_1868 -22.253 -507.047 11.000
S_1869 -19.059 -90.060 14.000
E_1870 -28.359 -605.239 19.000
K_1871 -19.613 -818.649 15.000
R_1872 -28.412 -1015.709 12.000
L_1873 0.000 679.918 8.000
F_1874 0.000 560.542 10.000
G_1875 0.000 -27.649 7.000
R_1876 -23.856 -1015.709 9.000
Y_1877 -12.900 -274.939 14.000
Y_1878 -12.900 -274.939 14.000
R_1879 -23.856 -1015.709 9.000
V_1880 0.000 613.196 7.000
A_1881 0.000 185.740 7.000
F_1882 0.000 560.542 2.000
Y_1883 -8.431 -274.939 6.000
G_1884 0.000 -27.649 6.000
Q_1885 -14.591 -643.904 6.000
G_1886 0.000 -27.649 4.000
F_1887 0.000 560.542 8.000
F_1888 0.000 560.542 8.000
E_1889 -23.258 -605.239 12.000
E_1890 -26.485 -605.239 16.000
E_1891 -26.485 -605.239 16.000
E_1892 -25.772 -605.239 15.000
G_1893 0.000 -27.649 15.000
K_1894 -18.462 -818.649 13.000
E_1895 -19.866 -605.239 9.000
Y_1896 -11.652 -274.939 11.000
I_1897 0.000 777.529 11.000
Y_1898 -11.652 -274.939 11.000
K_1899 -15.425 -818.649 9.000
E_1900 -23.258 -605.239 12.000
P_1901 0.000 -195.996 10.000
K_1902 -16.309 -818.649 10.000
L_1903 0.000 679.918 6.000
T_1904 -11.867 -90.974 6.000
G_1905 0.000 -27.649 6.000
L_1906 0.000 679.918 10.000
S_1907 -13.255 -90.060 7.000
E_1908 -21.132 -605.239 10.000
I_1909 0.000 777.529 14.000
S_1910 -20.127 -90.060 16.000
Q_1911 -23.258 -643.904 12.000
R_1912 -28.412 -1015.709 12.000
L_1913 0.000 679.918 12.000
L_1914 0.000 679.918 8.000
K_1915 -10.149 -818.649 5.000
L_1916 0.000 679.918 5.000
Y_1917 -10.601 -274.939 9.000
A_1918 0.000 185.740 9.000
D_1919 -19.866 -475.402 9.000
K_1920 -13.255 -818.649 7.000
F_1921 0.000 560.542 7.000
G_1922 0.000 -27.649 7.000
A_1923 0.000 185.740 8.000
D_1924 -18.409 -475.402 8.000
N_1925 -22.253 -507.047 11.000
V_1926 0.000 613.196 11.000
K_1927 -13.255 -818.649 7.000
I_1928 0.000 777.529 7.000
I_1929 0.000 777.529 11.000
Q_1930 -22.253 -643.904 11.000
D_1931 -25.772 -475.402 15.000
S_1932 -21.060 -90.060 18.000
N_1933 -25.003 -507.047 14.000
K_1934 -19.059 -818.649 14.000
V_1935 0.000 613.196 11.000
N_1936 -21.132 -507.047 10.000
P_1937 0.000 -195.996 11.000
K_1938 -17.098 -818.649 11.000
D_1939 -22.253 -475.402 11.000
L_1940 0.000 679.918 11.000
D_1941 -22.253 -475.402 11.000
P_1942 0.000 -195.996 9.000
K_1943 -15.425 -818.649 9.000
Y_1944 -9.265 -274.939 7.000
A_1945 0.000 185.740 7.000
Y_1946 -9.978 -274.939 8.000
I_1947 0.000 777.529 6.000
Q_1948 -19.866 -643.904 9.000
V_1949 0.000 613.196 9.000
T_1950 -15.425 -90.974 9.000
Y_1951 -9.978 -274.939 8.000
V_1952 0.000 613.196 8.000
T_1953 -10.149 -90.974 5.000
P_1954 0.000 -195.996 3.000
F_1955 0.000 560.542 7.000
F_1956 0.000 560.542 8.000
E_1957 -22.253 -605.239 11.000
E_1958 -25.772 -605.239 15.000
K_1959 -19.613 -818.649 15.000
E_1960 -25.772 -605.239 15.000
I_1961 0.000 777.529 15.000
E_1962 -27.150 -605.239 17.000
D_1963 -26.485 -475.402 16.000
R_1964 -35.072 -1015.709 19.000
K_1965 -21.486 -818.649 19.000
T_1966 -19.613 -90.974 15.000
D_1967 -25.003 -475.402 14.000
F_1968 0.000 560.542 11.000
E_1969 -21.132 -605.239 10.000
M_1970 0.000 401.769 8.000
H_1971 -12.104 -583.484 12.000
H_1972 -9.978 -583.484 8.000
N_1973 -23.258 -507.047 12.000
I_1974 0.000 777.529 15.000
N_1975 -24.169 -507.047 13.000
R_1976 -23.856 -1015.709 9.000
F_1977 0.000 560.542 9.000
V_1978 0.000 613.196 9.000
F_1979 0.000 560.542 7.000
E_1980 -16.691 -605.239 7.000
T_1981 -13.255 -90.974 7.000
P_1982 0.000 -195.996 10.000
F_1983 0.000 560.542 6.000
T_1984 -11.867 -90.974 6.000
L_1985 0.000 679.918 6.000
S_1986 -15.425 -90.060 9.000
G_1987 0.000 -27.649 9.000
K_1988 -17.098 -818.649 11.000
K_1989 -14.420 -818.649 8.000
H_1990 -9.978 -583.484 8.000
G_1991 0.000 -27.649 5.000
G_1992 0.000 -27.649 2.000
V_1993 0.000 613.196 4.000
A_1994 0.000 185.740 8.000
E_1995 -18.409 -605.239 8.000
Q_1996 -22.253 -643.904 11.000
C_1997 0.000 322.480 16.000
K_1998 -20.609 -818.649 17.000
R_1999 -32.645 -1015.709 16.000
R_2000 -32.645 -1015.709 16.000
T_2001 -18.462 -90.974 13.000
I_2002 0.000 777.529 11.000
L_2003 0.000 679.918 9.000
T_2004 -15.425 -90.974 9.000
T_2005 -17.098 -90.974 11.000
S_2006 -17.098 -90.060 11.000
H_2007 -9.978 -583.484 8.000
L_2008 0.000 679.918 5.000
F_2009 0.000 560.542 4.000
P_2010 0.000 -195.996 2.000
Y_2011 -7.426 -274.939 5.000
V_2012 0.000 613.196 8.000
K_2013 -18.462 -818.649 13.000
K_2014 -17.098 -818.649 11.000
R_2015 -31.716 -1015.709 15.000
I_2016 0.000 777.529 12.000
Q_2017 -19.866 -643.904 9.000
V_2018 0.000 613.196 7.000
I_2019 0.000 777.529 11.000
S_2020 -16.309 -90.060 10.000
Q_2021 -24.169 -643.904 13.000
S_2022 -20.127 -90.060 16.000
S_2023 -20.609 -90.060 17.000
T_2024 -18.462 -90.974 13.000
E_2025 -25.003 -605.239 14.000
L_2026 0.000 679.918 11.000
N_2027 -18.409 -507.047 8.000
P_2028 0.000 -195.996 8.000
I_2029 0.000 777.529 8.000
E_2030 -7.878 -605.239 4.000
V_2031 0.000 613.196 4.000
A_2032 0.000 185.740 8.000
I_2033 0.000 777.529 8.000
D_2034 -18.409 -475.402 8.000
E_2035 -22.253 -605.239 11.000
M_2036 0.000 401.769 14.000
S_2037 -18.462 -90.060 13.000
K_2038 -15.425 -818.649 9.000
K_2039 -17.811 -818.649 12.000
V_2040 0.000 613.196 13.000
S_2041 -16.309 -90.060 10.000
E_2042 -22.253 -605.239 11.000
L_2043 0.000 679.918 15.000
N_2044 -23.258 -507.047 12.000
Q_2045 -18.409 -643.904 8.000
L_2046 0.000 679.918 11.000
C_2047 0.000 322.480 7.000
T_2048 -13.255 -90.974 7.000
M_2049 0.000 401.769 11.000
E_2050 -22.253 -605.239 11.000
E_2051 -23.258 -605.239 12.000
V_2052 0.000 613.196 12.000
D_2053 -18.409 -475.402 8.000
M_2054 0.000 401.769 9.000
I_2055 0.000 777.529 9.000
R_2056 -23.856 -1015.709 9.000
L_2057 0.000 679.918 9.000
Q_2058 -23.258 -643.904 12.000
L_2059 0.000 679.918 7.000
K_2060 -17.098 -818.649 11.000
L_2061 0.000 679.918 7.000
Q_2062 -21.132 -643.904 10.000
G_2063 0.000 -27.649 7.000
S_2064 -16.309 -90.060 10.000
V_2065 0.000 613.196 6.000
S_2066 -15.425 -90.060 9.000
V_2067 0.000 613.196 6.000
K_2068 -16.309 -818.649 10.000
V_2069 0.000 613.196 7.000
N_2070 -16.691 -507.047 7.000
A_2071 0.000 185.740 4.000
G_2072 0.000 -27.649 4.000
P_2073 0.000 -195.996 0.000
M_2074 0.000 401.769 2.000
A_2075 0.000 185.740 2.000
Y_2076 -9.265 -274.939 7.000
A_2077 0.000 185.740 7.000
R_2078 -19.414 -1015.709 7.000
A_2079 0.000 185.740 5.000
F_2080 0.000 560.542 9.000
L_2081 0.000 679.918 8.000
E_2082 -22.253 -605.239 11.000
E_2083 -25.772 -605.239 15.000
T_2084 -19.613 -90.974 15.000
N_2085 -25.003 -507.047 14.000
A_2086 0.000 185.740 13.000
K_2087 -17.811 -818.649 12.000
K_2088 -14.420 -818.649 8.000
Y_2089 -12.104 -274.939 12.000
P_2090 0.000 -195.996 13.000
D_2091 -25.003 -475.402 14.000
N_2092 -23.258 -507.047 12.000
Q_2093 -25.772 -643.904 15.000
V_2094 0.000 613.196 11.000
K_2095 -13.255 -818.649 7.000
L_2096 0.000 679.918 6.000
L_2097 0.000 679.918 10.000
K_2098 -13.255 -818.649 7.000
E_2099 -16.691 -605.239 7.000
I_2100 0.000 777.529 12.000
F_2101 0.000 560.542 13.000
R_2102 -23.856 -1015.709 9.000
Q_2103 -19.866 -643.904 9.000
F_2104 0.000 560.542 13.000
A_2105 0.000 185.740 8.000
D_2106 -7.878 -475.402 4.000
A_2107 0.000 185.740 4.000
C_2108 0.000 322.480 8.000
G_2109 0.000 -27.649 4.000
Q_2110 -7.878 -643.904 4.000
A_2111 0.000 185.740 8.000
L_2112 0.000 679.918 8.000
D_2113 -18.409 -475.402 8.000
V_2114 0.000 613.196 12.000
N_2115 -27.150 -507.047 17.000
E_2116 -24.169 -605.239 13.000
R_2117 -29.616 -1015.709 13.000
L_2118 0.000 679.918 12.000
I_2119 0.000 777.529 12.000
K_2120 -17.098 -818.649 11.000
E_2121 -25.772 -605.239 15.000
D_2122 -25.772 -475.402 15.000
Q_2123 -26.485 -643.904 16.000
L_2124 0.000 679.918 14.000
E_2125 -25.003 -605.239 14.000
Y_2126 -12.900 -274.939 14.000
Q_2127 -27.773 -643.904 18.000
E_2128 -25.003 -605.239 14.000
E_2129 -27.150 -605.239 17.000
L_2130 0.000 679.918 16.000
R_2131 -30.711 -1015.709 14.000
S_2132 -17.811 -90.060 12.000
H_2133 -13.255 -583.484 15.000
Y_2134 -12.900 -274.939 14.000
K_2135 -17.098 -818.649 11.000
D_2136 -19.866 -475.402 9.000
M_2137 0.000 401.769 10.000
L_2138 0.000 679.918 11.000
S_2139 -13.255 -90.060 7.000
E_2140 -21.132 -605.239 10.000
L_2141 0.000 679.918 13.000
S_2142 -16.309 -90.060 10.000
T_2143 -11.867 -90.974 6.000
V_2144 0.000 613.196 10.000
M_2145 0.000 401.769 11.000
N_2146 -23.258 -507.047 12.000
E_2147 -23.258 -605.239 12.000
Q_2148 -25.772 -643.904 15.000
I_2149 0.000 777.529 11.000
T_2150 -17.811 -90.974 12.000
G_2151 0.000 -27.649 12.000
R_2152 -32.645 -1015.709 16.000
D_2153 -24.169 -475.402 13.000
D_2154 -26.485 -475.402 16.000
L_2155 0.000 679.918 14.000
S_2156 -19.613 -90.060 15.000
K_2157 -17.098 -818.649 11.000
R_2158 -27.076 -1015.709 11.000
G_2159 0.000 -27.649 12.000
V_2160 0.000 613.196 13.000
D_2161 -22.253 -475.402 11.000
Q_2162 -22.253 -643.904 11.000
T_2163 -19.059 -90.974 14.000
C_2164 0.000 322.480 15.000
T_2165 -17.098 -90.974 11.000
R_2166 -21.845 -1015.709 8.000
V_2167 0.000 613.196 11.000
I_2168 0.000 777.529 11.000
S_2169 -11.867 -90.060 6.000
K_2170 -15.425 -818.649 9.000
A_2171 0.000 185.740 9.000
T_2172 -11.867 -90.974 6.000
P_2173 0.000 -195.996 3.000
A_2174 0.000 185.740 3.000
L_2175 0.000 679.918 3.000
P_2176 0.000 -195.996 3.000
T_2177 -11.867 -90.974 6.000
V_2178 0.000 613.196 6.000
S_2179 -15.425 -90.060 9.000
I_2180 0.000 777.529 9.000
S_2181 -17.811 -90.060 12.000
S_2182 -15.425 -90.060 9.000
S_2183 -18.462 -90.060 13.000
A_2184 0.000 185.740 10.000
E_2185 -16.691 -605.239 7.000
V_2186 0.000 613.196 4.000
