M_1 0.000 401.769 0.000
I_2 0.000 777.529 0.000
F_3 0.000 560.542 3.000
L_4 0.000 679.918 3.000
T_5 -4.441 -90.974 3.000
A_6 0.000 185.740 3.000
L_7 0.000 679.918 3.000
P_8 0.000 -195.996 0.000
L_9 0.000 679.918 1.000
F_10 0.000 560.542 1.000
W_11 -0.000 -203.500 1.000
I_12 0.000 777.529 1.000
M_13 0.000 401.769 4.000
I_14 0.000 777.529 3.000
S_15 -11.867 -90.060 6.000
A_16 0.000 185.740 11.000
S_17 -17.098 -90.060 11.000
R_18 -21.845 -1015.709 8.000
G_19 0.000 -27.649 10.000
G_20 0.000 -27.649 8.000
H_21 -4.441 -583.484 3.000
W_22 -2.723 -203.500 3.000
G_23 0.000 -27.649 4.000
A_24 0.000 185.740 2.000
W_25 -0.000 -203.500 1.000
M_26 0.000 401.769 4.000
P_27 0.000 -195.996 7.000
S_28 -11.867 -90.060 6.000
S_29 -15.425 -90.060 9.000
I_30 0.000 777.529 9.000
S_31 -11.867 -90.060 6.000
A_32 0.000 185.740 7.000
F_33 0.000 560.542 7.000
E_34 -16.691 -605.239 7.000
G_35 0.000 -27.649 7.000
T_36 -13.255 -90.974 7.000
C_37 0.000 322.480 6.000
V_38 0.000 613.196 6.000
S_39 -4.441 -90.060 3.000
I_40 0.000 777.529 3.000
P_41 0.000 -195.996 8.000
C_42 0.000 322.480 5.000
R_43 -23.856 -1015.709 9.000
F_44 0.000 560.542 9.000
D_45 -19.866 -475.402 9.000
F_46 0.000 560.542 8.000
P_47 0.000 -195.996 12.000
D_48 -18.409 -475.402 8.000
E_49 -24.169 -605.239 13.000
L_50 0.000 679.918 13.000
R_51 -23.856 -1015.709 9.000
P_52 0.000 -195.996 5.000
A_53 0.000 185.740 5.000
V_54 0.000 613.196 2.000
V_55 0.000 613.196 2.000
H_56 -1.718 -583.484 2.000
G_57 0.000 -27.649 3.000
V_58 0.000 613.196 5.000
W_59 -2.723 -203.500 3.000
Y_60 -9.265 -274.939 7.000
F_61 0.000 560.542 10.000
N_62 -19.866 -507.047 9.000
S_63 -15.425 -90.060 9.000
P_64 0.000 -195.996 9.000
Y_65 -9.978 -274.939 8.000
P_66 0.000 -195.996 9.000
K_67 -17.098 -818.649 11.000
N_68 -19.866 -507.047 9.000
Y_69 -10.601 -274.939 9.000
P_70 0.000 -195.996 6.000
P_71 0.000 -195.996 2.000
V_72 0.000 613.196 0.000
V_73 0.000 613.196 3.000
F_74 0.000 560.542 6.000
K_75 -17.098 -818.649 11.000
S_76 -19.059 -90.060 14.000
R_77 -34.315 -1015.709 18.000
T_78 -19.613 -90.974 15.000
Q_79 -23.258 -643.904 12.000
V_80 0.000 613.196 9.000
V_81 0.000 613.196 10.000
H_82 -10.601 -583.484 9.000
E_83 -19.866 -605.239 9.000
S_84 -18.462 -90.060 13.000
F_85 0.000 560.542 11.000
Q_86 -23.258 -643.904 12.000
G_87 0.000 -27.649 12.000
R_88 -33.508 -1015.709 17.000
S_89 -18.462 -90.060 13.000
R_90 -29.616 -1015.709 13.000
L_91 0.000 679.918 8.000
L_92 0.000 679.918 9.000
G_93 0.000 -27.649 4.000
D_94 -7.878 -475.402 4.000
L_95 0.000 679.918 4.000
G_96 0.000 -27.649 9.000
L_97 0.000 679.918 9.000
R_98 -23.856 -1015.709 9.000
N_99 -23.258 -507.047 12.000
C_100 0.000 322.480 12.000
T_101 -13.255 -90.974 7.000
L_102 0.000 679.918 3.000
L_103 0.000 679.918 6.000
L_104 0.000 679.918 7.000
S_105 -13.255 -90.060 7.000
N_106 -21.132 -507.047 10.000
V_107 0.000 613.196 10.000
S_108 -17.098 -90.060 11.000
P_109 0.000 -195.996 7.000
E_110 -16.691 -605.239 7.000
L_111 0.000 679.918 4.000
G_112 0.000 -27.649 7.000
G_113 0.000 -27.649 5.000
K_114 -13.255 -818.649 7.000
Y_115 -9.265 -274.939 7.000
Y_116 -12.104 -274.939 12.000
F_117 0.000 560.542 9.000
R_118 -27.076 -1015.709 11.000
G_119 0.000 -27.649 9.000
D_120 -19.866 -475.402 9.000
L_121 0.000 679.918 4.000
G_122 0.000 -27.649 6.000
G_123 0.000 -27.649 6.000
Y_124 -11.154 -274.939 10.000
N_125 -23.258 -507.047 12.000
Q_126 -25.772 -643.904 15.000
Y_127 -12.518 -274.939 13.000
T_128 -17.811 -90.974 12.000
F_129 0.000 560.542 12.000
S_130 -17.811 -90.060 12.000
E_131 -23.258 -605.239 12.000
H_132 -12.104 -583.484 12.000
S_133 -15.425 -90.060 9.000
V_134 0.000 613.196 9.000
L_135 0.000 679.918 7.000
D_136 -7.878 -475.402 4.000
I_137 0.000 777.529 8.000
V_138 0.000 613.196 11.000
N_139 -16.691 -507.047 7.000
T_140 -17.098 -90.974 11.000
P_141 0.000 -195.996 11.000
N_142 -16.691 -507.047 7.000
I_143 0.000 777.529 4.000
V_144 0.000 613.196 4.000
V_145 0.000 613.196 0.000
P_146 0.000 -195.996 4.000
P_147 0.000 -195.996 4.000
E_148 -7.878 -605.239 4.000
V_149 0.000 613.196 4.000
V_150 0.000 613.196 4.000
A_151 0.000 185.740 3.000
G_152 0.000 -27.649 7.000
T_153 -13.255 -90.974 7.000
E_154 -22.253 -605.239 11.000
V_155 0.000 613.196 11.000
E_156 -22.253 -605.239 11.000
V_157 0.000 613.196 7.000
S_158 -13.255 -90.060 7.000
C_159 0.000 322.480 3.000
M_160 0.000 401.769 3.000
V_161 0.000 613.196 4.000
P_162 0.000 -195.996 8.000
D_163 -18.409 -475.402 8.000
N_164 -18.409 -507.047 8.000
C_165 0.000 322.480 12.000
P_166 0.000 -195.996 8.000
E_167 -19.866 -605.239 9.000
L_168 0.000 679.918 9.000
R_169 -29.616 -1015.709 13.000
P_170 0.000 -195.996 9.000
E_171 -23.258 -605.239 12.000
L_172 0.000 679.918 8.000
S_173 -14.420 -90.060 8.000
W_174 -3.436 -203.500 4.000
L_175 0.000 679.918 6.000
G_176 0.000 -27.649 7.000
H_177 -8.431 -583.484 6.000
E_178 -14.591 -605.239 6.000
G_179 0.000 -27.649 6.000
L_180 0.000 679.918 8.000
G_181 0.000 -27.649 4.000
E_182 -7.878 -605.239 4.000
P_183 0.000 -195.996 4.000
A_184 0.000 185.740 4.000
V_185 0.000 613.196 0.000
L_186 0.000 679.918 5.000
G_187 0.000 -27.649 5.000
R_188 -25.574 -1015.709 10.000
L_189 0.000 679.918 14.000
R_190 -34.315 -1015.709 18.000
E_191 -27.150 -605.239 17.000
D_192 -27.150 -475.402 17.000
E_193 -25.772 -605.239 15.000
G_194 0.000 -27.649 12.000
T_195 -14.420 -90.974 8.000
W_196 -5.155 -203.500 8.000
V_197 0.000 613.196 8.000
Q_198 -18.409 -643.904 8.000
V_199 0.000 613.196 7.000
S_200 -13.255 -90.060 7.000
L_201 0.000 679.918 5.000
L_202 0.000 679.918 5.000
H_203 -1.718 -583.484 2.000
F_204 0.000 560.542 2.000
V_205 0.000 613.196 5.000
P_206 0.000 -195.996 8.000
T_207 -17.811 -90.974 12.000
R_208 -28.412 -1015.709 12.000
E_209 -26.485 -605.239 16.000
A_210 0.000 185.740 13.000
N_211 -21.132 -507.047 10.000
G_212 0.000 -27.649 11.000
H_213 -11.652 -583.484 11.000
R_214 -19.414 -1015.709 7.000
L_215 0.000 679.918 7.000
G_216 0.000 -27.649 9.000
C_217 0.000 322.480 4.000
Q_218 -16.691 -643.904 7.000
A_219 0.000 185.740 7.000
S_220 -13.255 -90.060 7.000
F_221 0.000 560.542 7.000
P_222 0.000 -195.996 10.000
N_223 -21.132 -507.047 10.000
T_224 -16.309 -90.974 10.000
T_225 -19.059 -90.974 14.000
L_226 0.000 679.918 10.000
Q_227 -22.253 -643.904 11.000
F_228 0.000 560.542 8.000
E_229 -21.132 -605.239 10.000
G_230 0.000 -27.649 6.000
Y_231 -10.601 -274.939 9.000
A_232 0.000 185.740 5.000
S_233 -15.425 -90.060 9.000
M_234 0.000 401.769 7.000
D_235 -21.132 -475.402 10.000
V_236 0.000 613.196 9.000
K_237 -15.425 -818.649 9.000
Y_238 -7.426 -274.939 5.000
P_239 0.000 -195.996 5.000
P_240 0.000 -195.996 2.000
V_241 0.000 613.196 0.000
I_242 0.000 777.529 4.000
V_243 0.000 613.196 4.000
E_244 -18.409 -605.239 8.000
M_245 0.000 401.769 11.000
N_246 -25.003 -507.047 14.000
S_247 -16.309 -90.060 10.000
S_248 -19.059 -90.060 14.000
V_249 0.000 613.196 10.000
E_250 -16.691 -605.239 7.000
A_251 0.000 185.740 8.000
I_252 0.000 777.529 8.000
E_253 -16.691 -605.239 7.000
G_254 0.000 -27.649 9.000
S_255 -15.425 -90.060 9.000
H_256 -9.978 -583.484 8.000
V_257 0.000 613.196 8.000
S_258 -10.149 -90.060 5.000
L_259 0.000 679.918 3.000
L_260 0.000 679.918 3.000
C_261 0.000 322.480 0.000
G_262 0.000 -27.649 4.000
A_263 0.000 185.740 7.000
D_264 -22.253 -475.402 11.000
S_265 -17.098 -90.060 11.000
N_266 -22.253 -507.047 11.000
P_267 0.000 -195.996 7.000
P_268 0.000 -195.996 4.000
P_269 0.000 -195.996 0.000
L_270 0.000 679.918 3.000
L_271 0.000 679.918 4.000
T_272 -7.878 -90.974 4.000
W_273 -5.447 -203.500 9.000
M_274 0.000 401.769 13.000
R_275 -25.574 -1015.709 10.000
D_276 -23.258 -475.402 12.000
G_277 0.000 -27.649 12.000
T_278 -13.255 -90.974 7.000
V_279 0.000 613.196 8.000
L_280 0.000 679.918 12.000
R_281 -23.856 -1015.709 9.000
E_282 -19.866 -605.239 9.000
A_283 0.000 185.740 9.000
V_284 0.000 613.196 8.000
A_285 0.000 185.740 7.000
E_286 -16.691 -605.239 7.000
S_287 -13.255 -90.060 7.000
L_288 0.000 679.918 7.000
L_289 0.000 679.918 7.000
L_290 0.000 679.918 4.000
E_291 -18.409 -605.239 8.000
L_292 0.000 679.918 12.000
E_293 -23.258 -605.239 12.000
E_294 -22.253 -605.239 11.000
V_295 0.000 613.196 11.000
T_296 -13.255 -90.974 7.000
P_297 0.000 -195.996 7.000
A_298 0.000 185.740 11.000
E_299 -18.409 -605.239 8.000
D_300 -18.409 -475.402 8.000
G_301 0.000 -27.649 10.000
V_302 0.000 613.196 6.000
Y_303 -1.718 -274.939 2.000
A_304 0.000 185.740 2.000
C_305 0.000 322.480 2.000
L_306 0.000 679.918 4.000
A_307 0.000 185.740 8.000
E_308 -18.409 -605.239 8.000
N_309 -21.132 -507.047 10.000
A_310 0.000 185.740 10.000
Y_311 -11.154 -274.939 10.000
G_312 0.000 -27.649 10.000
Q_313 -25.003 -643.904 14.000
D_314 -27.150 -475.402 17.000
N_315 -28.912 -507.047 20.000
R_316 -32.645 -1015.709 16.000
T_317 -17.811 -90.974 12.000
V_318 0.000 613.196 8.000
G_319 0.000 -27.649 6.000
L_320 0.000 679.918 3.000
S_321 -4.441 -90.060 3.000
V_322 0.000 613.196 5.000
M_323 0.000 401.769 5.000
Y_324 -1.718 -274.939 2.000
A_325 0.000 185.740 3.000
P_326 0.000 -195.996 6.000
W_327 -3.436 -203.500 4.000
K_328 -13.255 -818.649 7.000
P_329 0.000 -195.996 7.000
T_330 -16.309 -90.974 10.000
V_331 0.000 613.196 7.000
N_332 -21.132 -507.047 10.000
G_333 0.000 -27.649 7.000
T_334 -13.255 -90.974 7.000
M_335 0.000 401.769 3.000
V_336 0.000 613.196 3.000
A_337 0.000 185.740 4.000
V_338 0.000 613.196 4.000
E_339 -18.409 -605.239 8.000
G_340 0.000 -27.649 11.000
E_341 -22.253 -605.239 11.000
T_342 -16.309 -90.974 10.000
V_343 0.000 613.196 10.000
S_344 -11.867 -90.060 6.000
I_345 0.000 777.529 3.000
L_346 0.000 679.918 6.000
C_347 0.000 322.480 6.000
S_348 -16.309 -90.060 10.000
T_349 -18.462 -90.974 13.000
Q_350 -27.150 -643.904 17.000
S_351 -19.059 -90.060 14.000
N_352 -25.772 -507.047 15.000
P_353 0.000 -195.996 11.000
D_354 -18.409 -475.402 8.000
P_355 0.000 -195.996 4.000
I_356 0.000 777.529 7.000
L_357 0.000 679.918 3.000
T_358 -4.441 -90.974 3.000
I_359 0.000 777.529 6.000
F_360 0.000 560.542 10.000
K_361 -16.309 -818.649 10.000
E_362 -25.003 -605.239 14.000
K_363 -19.059 -818.649 14.000
Q_364 -22.253 -643.904 11.000
I_365 0.000 777.529 10.000
L_366 0.000 679.918 10.000
S_367 -11.867 -90.060 6.000
T_368 -11.867 -90.974 6.000
V_369 0.000 613.196 8.000
I_370 0.000 777.529 9.000
Y_371 -10.601 -274.939 9.000
E_372 -24.169 -605.239 13.000
S_373 -18.462 -90.060 13.000
E_374 -25.772 -605.239 15.000
L_375 0.000 679.918 11.000
Q_376 -23.258 -643.904 12.000
L_377 0.000 679.918 8.000
E_378 -18.409 -605.239 8.000
L_379 0.000 679.918 4.000
P_380 0.000 -195.996 4.000
A_381 0.000 185.740 3.000
V_382 0.000 613.196 3.000
S_383 -13.255 -90.060 7.000
P_384 0.000 -195.996 11.000
E_385 -25.772 -605.239 15.000
D_386 -23.258 -475.402 12.000
D_387 -26.485 -475.402 16.000
G_388 0.000 -27.649 14.000
E_389 -22.253 -605.239 11.000
Y_390 -9.265 -274.939 7.000
W_391 -4.824 -203.500 7.000
C_392 0.000 322.480 3.000
V_393 0.000 613.196 5.000
A_394 0.000 185.740 8.000
E_395 -23.258 -605.239 12.000
N_396 -25.003 -507.047 14.000
Q_397 -25.003 -643.904 14.000
Y_398 -12.900 -274.939 14.000
G_399 0.000 -27.649 15.000
Q_400 -22.253 -643.904 11.000
R_401 -28.412 -1015.709 12.000
A_402 0.000 185.740 12.000
T_403 -14.420 -90.974 8.000
A_404 0.000 185.740 7.000
F_405 0.000 560.542 7.000
N_406 -16.691 -507.047 7.000
L_407 0.000 679.918 7.000
S_408 -17.098 -90.060 11.000
V_409 0.000 613.196 7.000
E_410 -16.691 -605.239 7.000
F_411 0.000 560.542 4.000
A_412 0.000 185.740 4.000
P_413 0.000 -195.996 0.000
V_414 0.000 613.196 0.000
L_415 0.000 679.918 0.000
L_416 0.000 679.918 4.000
L_417 0.000 679.918 7.000
E_418 -19.866 -605.239 9.000
S_419 -15.425 -90.060 9.000
H_420 -10.601 -583.484 9.000
C_421 0.000 322.480 5.000
A_422 0.000 185.740 2.000
A_423 0.000 185.740 5.000
A_424 0.000 185.740 9.000
R_425 -28.412 -1015.709 12.000
D_426 -23.258 -475.402 12.000
T_427 -20.127 -90.974 16.000
V_428 0.000 613.196 11.000
Q_429 -16.691 -643.904 7.000
C_430 0.000 322.480 4.000
L_431 0.000 679.918 4.000
C_432 0.000 322.480 0.000
V_433 0.000 613.196 3.000
V_434 0.000 613.196 6.000
K_435 -16.309 -818.649 10.000
S_436 -16.309 -90.060 10.000
N_437 -25.003 -507.047 14.000
P_438 0.000 -195.996 11.000
E_439 -22.253 -605.239 11.000
P_440 0.000 -195.996 7.000
S_441 -13.255 -90.060 7.000
V_442 0.000 613.196 3.000
A_443 0.000 185.740 7.000
F_444 0.000 560.542 4.000
E_445 -7.878 -605.239 4.000
L_446 0.000 679.918 7.000
P_447 0.000 -195.996 12.000
S_448 -17.811 -90.060 12.000
R_449 -28.412 -1015.709 12.000
N_450 -25.772 -507.047 15.000
V_451 0.000 613.196 12.000
T_452 -17.098 -90.974 11.000
V_453 0.000 613.196 11.000
N_454 -25.003 -507.047 14.000
E_455 -25.772 -605.239 15.000
S_456 -21.889 -90.060 20.000
E_457 -28.912 -605.239 20.000
R_458 -32.645 -1015.709 16.000
E_459 -24.169 -605.239 13.000
F_460 0.000 560.542 11.000
V_461 0.000 613.196 9.000
Y_462 -10.601 -274.939 9.000
S_463 -19.059 -90.060 14.000
E_464 -27.150 -605.239 17.000
R_465 -31.716 -1015.709 15.000
S_466 -17.811 -90.060 12.000
G_467 0.000 -27.649 8.000
L_468 0.000 679.918 3.000
V_469 0.000 613.196 3.000
L_470 0.000 679.918 6.000
T_471 -11.867 -90.974 6.000
S_472 -11.867 -90.060 6.000
I_473 0.000 777.529 9.000
L_474 0.000 679.918 6.000
T_475 -14.420 -90.974 8.000
L_476 0.000 679.918 8.000
R_477 -28.412 -1015.709 12.000
G_478 0.000 -27.649 9.000
Q_479 -24.169 -643.904 13.000
A_480 0.000 185.740 8.000
Q_481 -18.409 -643.904 8.000
A_482 0.000 185.740 4.000
P_483 0.000 -195.996 9.000
P_484 0.000 -195.996 5.000
R_485 -11.867 -1015.709 5.000
V_486 0.000 613.196 5.000
I_487 0.000 777.529 8.000
C_488 0.000 322.480 3.000
T_489 -14.420 -90.974 8.000
A_490 0.000 185.740 12.000
R_491 -28.412 -1015.709 12.000
N_492 -22.253 -507.047 11.000
L_493 0.000 679.918 11.000
Y_494 -8.431 -274.939 6.000
G_495 0.000 -27.649 5.000
A_496 0.000 185.740 8.000
K_497 -11.867 -818.649 6.000
S_498 -16.309 -90.060 10.000
L_499 0.000 679.918 10.000
E_500 -16.691 -605.239 7.000
L_501 0.000 679.918 4.000
P_502 0.000 -195.996 8.000
F_503 0.000 560.542 4.000
Q_504 -7.878 -643.904 4.000
G_505 0.000 -27.649 6.000
A_506 0.000 185.740 11.000
H_507 -9.265 -583.484 7.000
R_508 -19.414 -1015.709 7.000
L_509 0.000 679.918 8.000
M_510 0.000 401.769 6.000
W_511 -3.436 -203.500 4.000
A_512 0.000 185.740 4.000
K_513 -7.878 -818.649 4.000
I_514 0.000 777.529 3.000
G_515 0.000 -27.649 3.000
P_516 0.000 -195.996 0.000
V_517 0.000 613.196 0.000
G_518 0.000 -27.649 0.000
A_519 0.000 185.740 0.000
V_520 0.000 613.196 0.000
V_521 0.000 613.196 0.000
A_522 0.000 185.740 0.000
F_523 0.000 560.542 0.000
A_524 0.000 185.740 0.000
I_525 0.000 777.529 0.000
L_526 0.000 679.918 0.000
I_527 0.000 777.529 0.000
A_528 0.000 185.740 0.000
I_529 0.000 777.529 0.000
V_530 0.000 613.196 2.000
C_531 0.000 322.480 2.000
Y_532 -7.426 -274.939 5.000
I_533 0.000 777.529 9.000
T_534 -17.811 -90.974 12.000
Q_535 -25.772 -643.904 15.000
T_536 -21.889 -90.974 20.000
R_537 -35.785 -1015.709 20.000
R_538 -35.072 -1015.709 19.000
K_539 -21.889 -818.649 20.000
K_540 -19.613 -818.649 15.000
N_541 -24.169 -507.047 13.000
V_542 0.000 613.196 14.000
T_543 -19.059 -90.974 14.000
E_544 -21.132 -605.239 10.000
S_545 -18.462 -90.060 13.000
P_546 0.000 -195.996 10.000
S_547 -15.425 -90.060 9.000
F_548 0.000 560.542 6.000
S_549 -11.867 -90.060 6.000
A_550 0.000 185.740 7.000
G_551 0.000 -27.649 11.000
D_552 -18.409 -475.402 8.000
N_553 -18.409 -507.047 8.000
P_554 0.000 -195.996 8.000
P_555 0.000 -195.996 4.000
V_556 0.000 613.196 0.000
L_557 0.000 679.918 3.000
F_558 0.000 560.542 6.000
S_559 -16.309 -90.060 10.000
S_560 -16.309 -90.060 10.000
D_561 -25.772 -475.402 15.000
F_562 0.000 560.542 12.000
R_563 -28.412 -1015.709 12.000
I_564 0.000 777.529 8.000
S_565 -14.420 -90.060 8.000
G_566 0.000 -27.649 3.000
A_567 0.000 185.740 7.000
P_568 0.000 -195.996 7.000
E_569 -19.866 -605.239 9.000
K_570 -18.462 -818.649 13.000
Y_571 -13.586 -274.939 16.000
E_572 -26.485 -605.239 16.000
S_573 -21.060 -90.060 18.000
E_574 -29.436 -605.239 21.000
R_575 -33.508 -1015.709 17.000
R_576 -30.711 -1015.709 14.000
L_577 0.000 679.918 13.000
G_578 0.000 -27.649 12.000
S_579 -17.811 -90.060 12.000
E_580 -27.150 -605.239 17.000
R_581 -33.508 -1015.709 17.000
R_582 -30.711 -1015.709 14.000
L_583 0.000 679.918 10.000
L_584 0.000 679.918 5.000
G_585 0.000 -27.649 5.000
L_586 0.000 679.918 5.000
R_587 -23.856 -1015.709 9.000
G_588 0.000 -27.649 9.000
E_589 -19.866 -605.239 9.000
P_590 0.000 -195.996 8.000
P_591 0.000 -195.996 8.000
E_592 -18.409 -605.239 8.000
L_593 0.000 679.918 8.000
D_594 -22.253 -475.402 11.000
L_595 0.000 679.918 9.000
S_596 -17.811 -90.060 12.000
Y_597 -11.154 -274.939 10.000
S_598 -18.462 -90.060 13.000
H_599 -12.900 -583.484 14.000
S_600 -17.811 -90.060 12.000
D_601 -19.866 -475.402 9.000
L_602 0.000 679.918 10.000
G_603 0.000 -27.649 12.000
K_604 -14.420 -818.649 8.000
R_605 -27.076 -1015.709 11.000
P_606 0.000 -195.996 14.000
T_607 -19.613 -90.974 15.000
K_608 -18.462 -818.649 13.000
D_609 -25.772 -475.402 15.000
S_610 -19.613 -90.060 15.000
Y_611 -12.104 -274.939 12.000
T_612 -17.098 -90.974 11.000
L_613 0.000 679.918 12.000
T_614 -19.059 -90.974 14.000
E_615 -22.253 -605.239 11.000
E_616 -22.253 -605.239 11.000
L_617 0.000 679.918 12.000
A_618 0.000 185.740 10.000
E_619 -14.591 -605.239 6.000
Y_620 -11.154 -274.939 10.000
A_621 0.000 185.740 10.000
E_622 -22.253 -605.239 11.000
I_623 0.000 777.529 9.000
R_624 -28.412 -1015.709 12.000
V_625 0.000 613.196 8.000
K_626 -14.420 -818.649 8.000
