M_1 0.000 401.769 8.000
D_2 -24.169 -475.402 13.000
E_3 -24.169 -605.239 13.000
R_4 -29.616 -1015.709 13.000
L_5 0.000 679.918 9.000
L_6 0.000 679.918 5.000
G_7 0.000 -27.649 0.000
P_8 0.000 -195.996 0.000
P_9 0.000 -195.996 0.000
P_10 0.000 -195.996 0.000
P_11 0.000 -195.996 0.000
G_12 0.000 -27.649 0.000
G_13 0.000 -27.649 5.000
G_14 0.000 -27.649 5.000
R_15 -11.867 -1015.709 5.000
G_16 0.000 -27.649 5.000
G_17 0.000 -27.649 5.000
L_18 0.000 679.918 0.000
G_19 0.000 -27.649 0.000
L_20 0.000 679.918 3.000
V_21 0.000 613.196 3.000
S_22 -13.255 -90.060 7.000
G_23 0.000 -27.649 7.000
E_24 -16.691 -605.239 7.000
P_25 0.000 -195.996 4.000
G_26 0.000 -27.649 4.000
G_27 0.000 -27.649 0.000
P_28 0.000 -195.996 4.000
G_29 0.000 -27.649 4.000
E_30 -7.878 -605.239 4.000
P_31 0.000 -195.996 4.000
P_32 0.000 -195.996 4.000
G_33 0.000 -27.649 0.000
G_34 0.000 -27.649 4.000
G_35 0.000 -27.649 4.000
D_36 -7.878 -475.402 4.000
P_37 0.000 -195.996 4.000
G_38 0.000 -27.649 4.000
G_39 0.000 -27.649 3.000
G_40 0.000 -27.649 3.000
S_41 -4.441 -90.060 3.000
G_42 0.000 -27.649 3.000
G_43 0.000 -27.649 3.000
V_44 0.000 613.196 0.000
P_45 0.000 -195.996 0.000
G_46 0.000 -27.649 5.000
G_47 0.000 -27.649 5.000
R_48 -21.845 -1015.709 8.000
G_49 0.000 -27.649 12.000
K_50 -20.127 -818.649 16.000
Q_51 -22.253 -643.904 11.000
D_52 -22.253 -475.402 11.000
I_53 0.000 777.529 12.000
G_54 0.000 -27.649 8.000
D_55 -7.878 -475.402 4.000
I_56 0.000 777.529 8.000
L_57 0.000 679.918 12.000
Q_58 -18.409 -643.904 8.000
Q_59 -18.409 -643.904 8.000
I_60 0.000 777.529 11.000
M_61 0.000 401.769 7.000
T_62 -11.867 -90.974 6.000
I_63 0.000 777.529 10.000
T_64 -19.059 -90.974 14.000
D_65 -25.003 -475.402 14.000
Q_66 -25.003 -643.904 14.000
S_67 -19.613 -90.060 15.000
L_68 0.000 679.918 15.000
D_69 -22.253 -475.402 11.000
E_70 -23.258 -605.239 12.000
A_71 0.000 185.740 12.000
Q_72 -22.253 -643.904 11.000
A_73 0.000 185.740 10.000
K_74 -17.811 -818.649 12.000
K_75 -14.420 -818.649 8.000
H_76 -9.978 -583.484 8.000
A_77 0.000 185.740 9.000
L_78 0.000 679.918 6.000
N_79 -14.591 -507.047 6.000
C_80 0.000 322.480 11.000
H_81 -11.652 -583.484 11.000
R_82 -25.574 -1015.709 10.000
M_83 0.000 401.769 10.000
K_84 -14.420 -818.649 8.000
P_85 0.000 -195.996 3.000
A_86 0.000 185.740 3.000
L_87 0.000 679.918 3.000
F_88 0.000 560.542 3.000
S_89 -4.441 -90.060 3.000
V_90 0.000 613.196 3.000
L_91 0.000 679.918 7.000
C_92 0.000 322.480 4.000
E_93 -16.691 -605.239 7.000
I_94 0.000 777.529 11.000
K_95 -19.059 -818.649 14.000
E_96 -24.169 -605.239 13.000
K_97 -18.462 -818.649 13.000
T_98 -16.309 -90.974 10.000
G_99 0.000 -27.649 9.000
L_100 0.000 679.918 6.000
S_101 -14.420 -90.060 8.000
I_102 0.000 777.529 11.000
R_103 -30.711 -1015.709 14.000
S_104 -19.613 -90.060 15.000
S_105 -21.486 -90.060 19.000
Q_106 -27.773 -643.904 18.000
E_107 -28.359 -605.239 19.000
E_108 -26.485 -605.239 16.000
E_109 -23.258 -605.239 12.000
P_110 0.000 -195.996 12.000
V_111 0.000 613.196 8.000
D_112 -18.409 -475.402 8.000
P_113 0.000 -195.996 8.000
Q_114 -18.409 -643.904 8.000
L_115 0.000 679.918 9.000
M_116 0.000 401.769 9.000
R_117 -23.856 -1015.709 9.000
L_118 0.000 679.918 13.000
D_119 -24.169 -475.402 13.000
N_120 -18.409 -507.047 8.000
M_121 0.000 401.769 8.000
L_122 0.000 679.918 4.000
L_123 0.000 679.918 4.000
A_124 0.000 185.740 4.000
E_125 -7.878 -605.239 4.000
G_126 0.000 -27.649 4.000
V_127 0.000 613.196 4.000
A_128 0.000 185.740 0.000
G_129 0.000 -27.649 4.000
P_130 0.000 -195.996 7.000
E_131 -16.691 -605.239 7.000
K_132 -13.255 -818.649 7.000
G_133 0.000 -27.649 7.000
G_134 0.000 -27.649 6.000
G_135 0.000 -27.649 3.000
S_136 -4.441 -90.060 3.000
A_137 0.000 185.740 3.000
A_138 0.000 185.740 3.000
A_139 0.000 185.740 0.000
A_140 0.000 185.740 0.000
A_141 0.000 185.740 0.000
A_142 0.000 185.740 0.000
A_143 0.000 185.740 0.000
A_144 0.000 185.740 3.000
A_145 0.000 185.740 3.000
S_146 -4.441 -90.060 3.000
G_147 0.000 -27.649 3.000
G_148 0.000 -27.649 3.000
G_149 0.000 -27.649 3.000
V_150 0.000 613.196 3.000
S_151 -13.255 -90.060 7.000
P_152 0.000 -195.996 11.000
D_153 -25.003 -475.402 14.000
N_154 -22.253 -507.047 11.000
S_155 -19.613 -90.060 15.000
I_156 0.000 777.529 13.000
E_157 -23.258 -605.239 12.000
H_158 -12.518 -583.484 13.000
S_159 -19.613 -90.060 15.000
D_160 -26.485 -475.402 16.000
Y_161 -13.896 -274.939 17.000
R_162 -33.508 -1015.709 17.000
S_163 -18.462 -90.060 13.000
K_164 -17.098 -818.649 11.000
L_165 0.000 679.918 10.000
A_166 0.000 185.740 7.000
Q_167 -19.866 -643.904 9.000
I_168 0.000 777.529 11.000
R_169 -27.076 -1015.709 11.000
H_170 -10.601 -583.484 9.000
I_171 0.000 777.529 11.000
Y_172 -10.601 -274.939 9.000
H_173 -11.652 -583.484 11.000
S_174 -17.098 -90.060 11.000
E_175 -24.169 -605.239 13.000
L_176 0.000 679.918 14.000
E_177 -24.169 -605.239 13.000
K_178 -18.462 -818.649 13.000
Y_179 -13.896 -274.939 17.000
E_180 -24.169 -605.239 13.000
Q_181 -21.132 -643.904 10.000
A_182 0.000 185.740 12.000
C_183 0.000 322.480 12.000
N_184 -18.409 -507.047 8.000
E_185 -22.253 -605.239 11.000
F_186 0.000 560.542 14.000
T_187 -17.811 -90.974 12.000
T_188 -14.420 -90.974 8.000
H_189 -9.978 -583.484 8.000
V_190 0.000 613.196 9.000
M_191 0.000 401.769 6.000
N_192 -7.878 -507.047 4.000
L_193 0.000 679.918 9.000
L_194 0.000 679.918 13.000
R_195 -29.616 -1015.709 13.000
E_196 -26.485 -605.239 16.000
Q_197 -29.436 -643.904 21.000
S_198 -21.486 -90.060 19.000
R_199 -35.785 -1015.709 20.000
T_200 -20.127 -90.974 16.000
R_201 -29.616 -1015.709 13.000
P_202 0.000 -195.996 8.000
V_203 0.000 613.196 5.000
A_204 0.000 185.740 3.000
P_205 0.000 -195.996 7.000
K_206 -13.255 -818.649 7.000
E_207 -22.253 -605.239 11.000
M_208 0.000 401.769 16.000
E_209 -24.169 -605.239 13.000
R_210 -23.856 -1015.709 9.000
M_211 0.000 401.769 12.000
V_212 0.000 613.196 8.000
S_213 -4.441 -90.060 3.000
I_214 0.000 777.529 5.000
I_215 0.000 777.529 10.000
H_216 -11.154 -583.484 10.000
R_217 -25.574 -1015.709 10.000
K_218 -18.462 -818.649 13.000
F_219 0.000 560.542 11.000
S_220 -11.867 -90.060 6.000
A_221 0.000 185.740 7.000
I_222 0.000 777.529 7.000
Q_223 -18.409 -643.904 8.000
M_224 0.000 401.769 8.000
Q_225 -22.253 -643.904 11.000
L_226 0.000 679.918 11.000
K_227 -19.059 -818.649 14.000
Q_228 -24.169 -643.904 13.000
S_229 -18.462 -90.060 13.000
T_230 -19.059 -90.974 14.000
C_231 0.000 322.480 10.000
E_232 -16.691 -605.239 7.000
A_233 0.000 185.740 4.000
V_234 0.000 613.196 4.000
M_235 0.000 401.769 0.000
I_236 0.000 777.529 5.000
L_237 0.000 679.918 8.000
R_238 -29.616 -1015.709 13.000
S_239 -18.462 -90.060 13.000
R_240 -29.616 -1015.709 13.000
F_241 0.000 560.542 12.000
L_242 0.000 679.918 9.000
D_243 -19.866 -475.402 9.000
A_244 0.000 185.740 14.000
R_245 -33.508 -1015.709 17.000
R_246 -34.315 -1015.709 18.000
K_247 -22.981 -818.649 23.000
R_248 -37.098 -1015.709 22.000
R_249 -33.508 -1015.709 17.000
N_250 -27.150 -507.047 17.000
F_251 0.000 560.542 15.000
S_252 -19.059 -90.060 14.000
K_253 -16.309 -818.649 10.000
Q_254 -24.169 -643.904 13.000
A_255 0.000 185.740 14.000
T_256 -17.098 -90.974 11.000
E_257 -16.691 -605.239 7.000
V_258 0.000 613.196 11.000
L_259 0.000 679.918 12.000
N_260 -21.132 -507.047 10.000
E_261 -21.132 -605.239 10.000
Y_262 -12.104 -274.939 12.000
F_263 0.000 560.542 11.000
Y_264 -10.601 -274.939 9.000
S_265 -13.255 -90.060 7.000
H_266 -11.154 -583.484 10.000
L_267 0.000 679.918 12.000
S_268 -15.425 -90.060 9.000
N_269 -19.866 -507.047 9.000
P_270 0.000 -195.996 9.000
Y_271 -10.601 -274.939 9.000
P_272 0.000 -195.996 9.000
S_273 -18.462 -90.060 13.000
E_274 -22.253 -605.239 11.000
E_275 -25.003 -605.239 14.000
A_276 0.000 185.740 15.000
K_277 -19.613 -818.649 15.000
E_278 -22.253 -605.239 11.000
E_279 -22.253 -605.239 11.000
L_280 0.000 679.918 11.000
A_281 0.000 185.740 10.000
K_282 -11.867 -818.649 6.000
K_283 -11.867 -818.649 6.000
C_284 0.000 322.480 6.000
G_285 0.000 -27.649 6.000
I_286 0.000 777.529 3.000
T_287 -11.867 -90.974 6.000
V_288 0.000 613.196 10.000
S_289 -16.309 -90.060 10.000
Q_290 -21.132 -643.904 10.000
V_291 0.000 613.196 14.000
S_292 -17.811 -90.060 12.000
N_293 -18.409 -507.047 8.000
W_294 -5.155 -203.500 8.000
F_295 0.000 560.542 9.000
G_296 0.000 -27.649 8.000
N_297 -23.258 -507.047 12.000
K_298 -17.811 -818.649 12.000
R_299 -33.508 -1015.709 17.000
I_300 0.000 777.529 15.000
R_301 -31.716 -1015.709 15.000
Y_302 -12.518 -274.939 13.000
K_303 -20.609 -818.649 17.000
K_304 -17.811 -818.649 12.000
N_305 -21.132 -507.047 10.000
I_306 0.000 777.529 10.000
G_307 0.000 -27.649 7.000
K_308 -13.255 -818.649 7.000
F_309 0.000 560.542 11.000
Q_310 -25.772 -643.904 15.000
E_311 -23.258 -605.239 12.000
E_312 -26.485 -605.239 16.000
A_313 0.000 185.740 12.000
N_314 -21.132 -507.047 10.000
I_315 0.000 777.529 6.000
Y_316 -8.431 -274.939 6.000
A_317 0.000 185.740 5.000
V_318 0.000 613.196 8.000
K_319 -11.867 -818.649 6.000
T_320 -11.867 -90.974 6.000
A_321 0.000 185.740 9.000
V_322 0.000 613.196 6.000
S_323 -11.867 -90.060 6.000
V_324 0.000 613.196 10.000
T_325 -16.309 -90.974 10.000
Q_326 -16.691 -643.904 7.000
G_327 0.000 -27.649 9.000
G_328 0.000 -27.649 9.000
H_329 -11.154 -583.484 10.000
S_330 -18.462 -90.060 13.000
R_331 -32.645 -1015.709 16.000
T_332 -20.609 -90.974 17.000
S_333 -19.059 -90.060 14.000
S_334 -17.811 -90.060 12.000
P_335 0.000 -195.996 9.000
T_336 -11.867 -90.974 6.000
P_337 0.000 -195.996 6.000
P_338 0.000 -195.996 9.000
S_339 -11.867 -90.060 6.000
S_340 -11.867 -90.060 6.000
A_341 0.000 185.740 9.000
G_342 0.000 -27.649 6.000
S_343 -4.441 -90.060 3.000
G_344 0.000 -27.649 6.000
G_345 0.000 -27.649 6.000
S_346 -13.255 -90.060 7.000
F_347 0.000 560.542 7.000
N_348 -21.132 -507.047 10.000
L_349 0.000 679.918 7.000
S_350 -16.309 -90.060 10.000
G_351 0.000 -27.649 6.000
S_352 -16.309 -90.060 10.000
G_353 0.000 -27.649 7.000
D_354 -16.691 -475.402 7.000
M_355 0.000 401.769 4.000
F_356 0.000 560.542 4.000
L_357 0.000 679.918 0.000
G_358 0.000 -27.649 0.000
M_359 0.000 401.769 0.000
P_360 0.000 -195.996 0.000
G_361 0.000 -27.649 4.000
L_362 0.000 679.918 4.000
N_363 -18.409 -507.047 8.000
G_364 0.000 -27.649 11.000
D_365 -24.169 -475.402 13.000
S_366 -17.811 -90.060 12.000
Y_367 -12.104 -274.939 12.000
S_368 -17.098 -90.060 11.000
A_369 0.000 185.740 12.000
S_370 -16.309 -90.060 10.000
Q_371 -22.253 -643.904 11.000
V_372 0.000 613.196 14.000
E_373 -22.253 -605.239 11.000
S_374 -17.811 -90.060 12.000
L_375 0.000 679.918 14.000
R_376 -29.616 -1015.709 13.000
H_377 -11.154 -583.484 10.000
S_378 -16.309 -90.060 10.000
M_379 0.000 401.769 5.000
G_380 0.000 -27.649 3.000
P_381 0.000 -195.996 0.000
G_382 0.000 -27.649 2.000
G_383 0.000 -27.649 2.000
Y_384 -8.431 -274.939 6.000
G_385 0.000 -27.649 10.000
D_386 -21.132 -475.402 10.000
N_387 -18.409 -507.047 8.000
L_388 0.000 679.918 8.000
G_389 0.000 -27.649 4.000
G_390 0.000 -27.649 4.000
G_391 0.000 -27.649 4.000
Q_392 -14.591 -643.904 6.000
M_393 0.000 401.769 9.000
Y_394 -10.601 -274.939 9.000
S_395 -16.309 -90.060 10.000
P_396 0.000 -195.996 14.000
R_397 -28.412 -1015.709 12.000
E_398 -25.003 -605.239 14.000
M_399 0.000 401.769 14.000
R_400 -29.616 -1015.709 13.000
A_401 0.000 185.740 9.000
N_402 -23.258 -507.047 12.000
G_403 0.000 -27.649 8.000
S_404 -17.811 -90.060 12.000
W_405 -6.160 -203.500 12.000
Q_406 -23.258 -643.904 12.000
E_407 -19.866 -605.239 9.000
A_408 0.000 185.740 11.000
V_409 0.000 613.196 7.000
T_410 -11.867 -90.974 6.000
P_411 0.000 -195.996 9.000
S_412 -15.425 -90.060 9.000
S_413 -15.425 -90.060 9.000
V_414 0.000 613.196 12.000
T_415 -15.425 -90.974 9.000
S_416 -15.425 -90.060 9.000
P_417 0.000 -195.996 13.000
T_418 -16.309 -90.974 10.000
E_419 -16.691 -605.239 7.000
G_420 0.000 -27.649 7.000
P_421 0.000 -195.996 7.000
G_422 0.000 -27.649 3.000
S_423 -10.149 -90.060 5.000
V_424 0.000 613.196 8.000
H_425 -12.104 -583.484 12.000
S_426 -17.811 -90.060 12.000
D_427 -25.772 -475.402 15.000
T_428 -20.609 -90.974 17.000
S_429 -19.059 -90.060 14.000
N_430 -21.132 -507.047 10.000
