M_1 0.000 401.769 5.000
G_2 0.000 -27.649 5.000
R_3 -11.867 -1015.709 5.000
G_4 0.000 -27.649 6.000
P_5 0.000 -195.996 10.000
W_6 -3.990 -203.500 5.000
D_7 -11.867 -475.402 5.000
A_8 0.000 185.740 5.000
G_9 0.000 -27.649 7.000
P_10 0.000 -195.996 8.000
S_11 -18.462 -90.060 13.000
R_12 -29.616 -1015.709 13.000
R_13 -29.616 -1015.709 13.000
L_14 0.000 679.918 10.000
L_15 0.000 679.918 5.000
P_16 0.000 -195.996 0.000
L_17 0.000 679.918 0.000
L_18 0.000 679.918 0.000
L_19 0.000 679.918 0.000
L_20 0.000 679.918 0.000
L_21 0.000 679.918 0.000
G_22 0.000 -27.649 0.000
L_23 0.000 679.918 5.000
A_24 0.000 185.740 5.000
R_25 -11.867 -1015.709 5.000
G_26 0.000 -27.649 5.000
A_27 0.000 185.740 5.000
A_28 0.000 185.740 0.000
G_29 0.000 -27.649 0.000
A_30 0.000 185.740 0.000
P_31 0.000 -195.996 0.000
G_32 0.000 -27.649 4.000
P_33 0.000 -195.996 4.000
D_34 -7.878 -475.402 4.000
G_35 0.000 -27.649 8.000
L_36 0.000 679.918 8.000
D_37 -7.878 -475.402 4.000
V_38 0.000 613.196 4.000
C_39 0.000 322.480 7.000
A_40 0.000 185.740 3.000
T_41 -10.149 -90.974 5.000
C_42 0.000 322.480 9.000
H_43 -11.652 -583.484 11.000
E_44 -18.409 -605.239 8.000
H_45 -11.652 -583.484 11.000
A_46 0.000 185.740 9.000
T_47 -15.425 -90.974 9.000
C_48 0.000 322.480 11.000
Q_49 -26.485 -643.904 16.000
Q_50 -27.150 -643.904 17.000
R_51 -33.508 -1015.709 17.000
E_52 -26.485 -605.239 16.000
G_53 0.000 -27.649 15.000
K_54 -16.309 -818.649 10.000
K_55 -11.867 -818.649 6.000
I_56 0.000 777.529 6.000
C_57 0.000 322.480 3.000
I_58 0.000 777.529 4.000
C_59 0.000 322.480 6.000
N_60 -14.591 -507.047 6.000
Y_61 -8.431 -274.939 6.000
G_62 0.000 -27.649 6.000
F_63 0.000 560.542 2.000
V_64 0.000 613.196 4.000
G_65 0.000 -27.649 4.000
N_66 -19.866 -507.047 9.000
G_67 0.000 -27.649 12.000
R_68 -32.645 -1015.709 16.000
T_69 -17.811 -90.974 12.000
Q_70 -23.258 -643.904 12.000
C_71 0.000 322.480 11.000
V_72 0.000 613.196 11.000
D_73 -22.253 -475.402 11.000
K_74 -19.613 -818.649 15.000
N_75 -25.772 -507.047 15.000
E_76 -25.772 -605.239 15.000
C_77 0.000 322.480 12.000
Q_78 -18.409 -643.904 8.000
F_79 0.000 560.542 4.000
G_80 0.000 -27.649 7.000
A_81 0.000 185.740 3.000
T_82 -4.441 -90.974 3.000
L_83 0.000 679.918 3.000
V_84 0.000 613.196 3.000
C_85 0.000 322.480 4.000
G_86 0.000 -27.649 6.000
N_87 -19.866 -507.047 9.000
H_88 -12.104 -583.484 12.000
T_89 -17.811 -90.974 12.000
S_90 -16.309 -90.060 10.000
C_91 0.000 322.480 12.000
H_92 -12.104 -583.484 12.000
N_93 -19.866 -507.047 9.000
T_94 -15.425 -90.974 9.000
P_95 0.000 -195.996 7.000
G_96 0.000 -27.649 3.000
G_97 0.000 -27.649 2.000
F_98 0.000 560.542 2.000
Y_99 -1.718 -274.939 2.000
C_100 0.000 322.480 2.000
I_101 0.000 777.529 2.000
C_102 0.000 322.480 4.000
L_103 0.000 679.918 4.000
E_104 -14.591 -605.239 6.000
G_105 0.000 -27.649 11.000
Y_106 -11.652 -274.939 11.000
R_107 -25.574 -1015.709 10.000
A_108 0.000 185.740 14.000
T_109 -20.127 -90.974 16.000
N_110 -25.772 -507.047 15.000
N_111 -27.773 -507.047 18.000
N_112 -27.773 -507.047 18.000
K_113 -19.059 -818.649 14.000
T_114 -16.309 -90.974 10.000
F_115 0.000 560.542 6.000
I_116 0.000 777.529 7.000
P_117 0.000 -195.996 8.000
N_118 -18.409 -507.047 8.000
D_119 -22.253 -475.402 11.000
G_120 0.000 -27.649 11.000
T_121 -13.255 -90.974 7.000
F_122 0.000 560.542 6.000
C_123 0.000 322.480 10.000
T_124 -13.255 -90.974 7.000
D_125 -22.253 -475.402 11.000
I_126 0.000 777.529 15.000
D_127 -23.258 -475.402 12.000
E_128 -23.258 -605.239 12.000
C_129 0.000 322.480 12.000
E_130 -22.253 -605.239 11.000
V_131 0.000 613.196 7.000
S_132 -13.255 -90.060 7.000
G_133 0.000 -27.649 3.000
L_134 0.000 679.918 8.000
C_135 0.000 322.480 7.000
R_136 -19.414 -1015.709 7.000
H_137 -9.265 -583.484 7.000
G_138 0.000 -27.649 12.000
G_139 0.000 -27.649 7.000
R_140 -11.867 -1015.709 5.000
C_141 0.000 322.480 9.000
V_142 0.000 613.196 12.000
N_143 -19.866 -507.047 9.000
T_144 -15.425 -90.974 9.000
H_145 -12.104 -583.484 12.000
G_146 0.000 -27.649 8.000
S_147 -15.425 -90.060 9.000
F_148 0.000 560.542 7.000
E_149 -19.866 -605.239 9.000
C_150 0.000 322.480 6.000
Y_151 -8.431 -274.939 6.000
C_152 0.000 322.480 6.000
M_153 0.000 401.769 6.000
D_154 -14.591 -475.402 6.000
G_155 0.000 -27.649 6.000
Y_156 -8.431 -274.939 6.000
L_157 0.000 679.918 7.000
P_158 0.000 -195.996 11.000
R_159 -23.856 -1015.709 9.000
N_160 -19.866 -507.047 9.000
G_161 0.000 -27.649 13.000
P_162 0.000 -195.996 8.000
E_163 -7.878 -605.239 4.000
P_164 0.000 -195.996 6.000
F_165 0.000 560.542 6.000
H_166 -7.426 -583.484 5.000
P_167 0.000 -195.996 8.000
T_168 -17.811 -90.974 12.000
T_169 -16.309 -90.974 10.000
D_170 -24.169 -475.402 13.000
A_171 0.000 185.740 13.000
T_172 -16.309 -90.974 10.000
S_173 -15.425 -90.060 9.000
C_174 0.000 322.480 13.000
T_175 -16.309 -90.974 10.000
E_176 -22.253 -605.239 11.000
I_177 0.000 777.529 11.000
D_178 -18.409 -475.402 8.000
C_179 0.000 322.480 7.000
G_180 0.000 -27.649 7.000
T_181 -4.441 -90.974 3.000
P_182 0.000 -195.996 7.000
P_183 0.000 -195.996 7.000
E_184 -7.878 -605.239 4.000
V_185 0.000 613.196 8.000
P_186 0.000 -195.996 8.000
D_187 -14.591 -475.402 6.000
G_188 0.000 -27.649 6.000
Y_189 -8.431 -274.939 6.000
I_190 0.000 777.529 2.000
I_191 0.000 777.529 6.000
G_192 0.000 -27.649 6.000
N_193 -19.866 -507.047 9.000
Y_194 -12.104 -274.939 12.000
T_195 -19.613 -90.974 15.000
S_196 -17.098 -90.060 11.000
S_197 -15.425 -90.060 9.000
L_198 0.000 679.918 9.000
G_199 0.000 -27.649 10.000
S_200 -13.255 -90.060 7.000
Q_201 -23.258 -643.904 12.000
V_202 0.000 613.196 14.000
R_203 -27.076 -1015.709 11.000
Y_204 -9.265 -274.939 7.000
A_205 0.000 185.740 12.000
C_206 0.000 322.480 11.000
R_207 -23.856 -1015.709 9.000
E_208 -19.866 -605.239 9.000
G_209 0.000 -27.649 9.000
F_210 0.000 560.542 7.000
F_211 0.000 560.542 3.000
S_212 -4.441 -90.060 3.000
V_213 0.000 613.196 7.000
P_214 0.000 -195.996 11.000
E_215 -22.253 -605.239 11.000
D_216 -22.253 -475.402 11.000
T_217 -19.059 -90.974 14.000
V_218 0.000 613.196 13.000
S_219 -15.425 -90.060 9.000
S_220 -15.425 -90.060 9.000
C_221 0.000 322.480 9.000
T_222 -11.867 -90.974 6.000
G_223 0.000 -27.649 3.000
L_224 0.000 679.918 6.000
G_225 0.000 -27.649 4.000
T_226 -14.420 -90.974 8.000
W_227 -5.944 -203.500 11.000
E_228 -22.253 -605.239 11.000
S_229 -17.098 -90.060 11.000
P_230 0.000 -195.996 10.000
K_231 -14.420 -818.649 8.000
L_232 0.000 679.918 5.000
H_233 -10.601 -583.484 9.000
C_234 0.000 322.480 10.000
Q_235 -21.132 -643.904 10.000
E_236 -23.258 -605.239 12.000
I_237 0.000 777.529 12.000
N_238 -18.409 -507.047 8.000
C_239 0.000 322.480 8.000
G_240 0.000 -27.649 8.000
N_241 -7.878 -507.047 4.000
P_242 0.000 -195.996 8.000
P_243 0.000 -195.996 8.000
E_244 -19.866 -605.239 9.000
M_245 0.000 401.769 11.000
R_246 -27.076 -1015.709 11.000
H_247 -9.265 -583.484 7.000
A_248 0.000 185.740 7.000
I_249 0.000 777.529 2.000
L_250 0.000 679.918 0.000
V_251 0.000 613.196 4.000
G_252 0.000 -27.649 6.000
N_253 -19.866 -507.047 9.000
H_254 -12.104 -583.484 12.000
S_255 -20.609 -90.060 17.000
S_256 -18.462 -90.060 13.000
R_257 -27.076 -1015.709 11.000
L_258 0.000 679.918 8.000
G_259 0.000 -27.649 5.000
G_260 0.000 -27.649 0.000
V_261 0.000 613.196 5.000
A_262 0.000 185.740 7.000
R_263 -19.414 -1015.709 7.000
Y_264 -9.265 -274.939 7.000
V_265 0.000 613.196 11.000
C_266 0.000 322.480 10.000
Q_267 -18.409 -643.904 8.000
E_268 -18.409 -605.239 8.000
G_269 0.000 -27.649 12.000
F_270 0.000 560.542 11.000
E_271 -16.691 -605.239 7.000
S_272 -13.255 -90.060 7.000
P_273 0.000 -195.996 7.000
G_274 0.000 -27.649 6.000
G_275 0.000 -27.649 3.000
K_276 -11.867 -818.649 6.000
I_277 0.000 777.529 9.000
T_278 -15.425 -90.974 9.000
S_279 -11.867 -90.060 6.000
V_280 0.000 613.196 9.000
C_281 0.000 322.480 10.000
T_282 -16.309 -90.974 10.000
E_283 -21.132 -605.239 10.000
K_284 -18.462 -818.649 13.000
G_285 0.000 -27.649 11.000
T_286 -17.811 -90.974 12.000
W_287 -6.358 -203.500 13.000
R_288 -32.645 -1015.709 16.000
E_289 -26.485 -605.239 16.000
S_290 -19.613 -90.060 15.000
T_291 -18.462 -90.974 13.000
L_292 0.000 679.918 9.000
T_293 -15.425 -90.974 9.000
C_294 0.000 322.480 10.000
T_295 -16.309 -90.974 10.000
E_296 -16.691 -605.239 7.000
I_297 0.000 777.529 10.000
L_298 0.000 679.918 10.000
T_299 -11.867 -90.974 6.000
K_300 -16.309 -818.649 10.000
I_301 0.000 777.529 14.000
N_302 -22.253 -507.047 11.000
D_303 -22.253 -475.402 11.000
V_304 0.000 613.196 11.000
S_305 -13.255 -90.060 7.000
L_306 0.000 679.918 7.000
F_307 0.000 560.542 11.000
N_308 -22.253 -507.047 11.000
D_309 -22.253 -475.402 11.000
T_310 -17.098 -90.974 11.000
C_311 0.000 322.480 12.000
V_312 0.000 613.196 9.000
R_313 -25.574 -1015.709 10.000
W_314 -5.708 -203.500 10.000
Q_315 -25.003 -643.904 14.000
I_316 0.000 777.529 12.000
N_317 -26.485 -507.047 16.000
S_318 -20.609 -90.060 17.000
R_319 -33.508 -1015.709 17.000
R_320 -33.508 -1015.709 17.000
I_321 0.000 777.529 14.000
N_322 -23.258 -507.047 12.000
P_323 0.000 -195.996 7.000
K_324 -16.309 -818.649 10.000
I_325 0.000 777.529 8.000
S_326 -14.420 -90.060 8.000
Y_327 -7.426 -274.939 5.000
V_328 0.000 613.196 8.000
I_329 0.000 777.529 5.000
S_330 -11.867 -90.060 6.000
I_331 0.000 777.529 6.000
K_332 -16.309 -818.649 10.000
G_333 0.000 -27.649 12.000
Q_334 -23.258 -643.904 12.000
R_335 -29.616 -1015.709 13.000
L_336 0.000 679.918 13.000
D_337 -19.866 -475.402 9.000
P_338 0.000 -195.996 8.000
M_339 0.000 401.769 11.000
E_340 -16.691 -605.239 7.000
S_341 -17.811 -90.060 12.000
V_342 0.000 613.196 16.000
R_343 -32.645 -1015.709 16.000
E_344 -26.485 -605.239 16.000
E_345 -26.485 -605.239 16.000
T_346 -19.613 -90.974 15.000
V_347 0.000 613.196 11.000
N_348 -21.132 -507.047 10.000
L_349 0.000 679.918 10.000
T_350 -19.059 -90.974 14.000
T_351 -18.462 -90.974 13.000
D_352 -27.773 -475.402 18.000
S_353 -21.060 -90.060 18.000
R_354 -31.716 -1015.709 15.000
T_355 -19.613 -90.974 15.000
P_356 0.000 -195.996 12.000
E_357 -16.691 -605.239 7.000
V_358 0.000 613.196 4.000
C_359 0.000 322.480 4.000
L_360 0.000 679.918 0.000
A_361 0.000 185.740 2.000
L_362 0.000 679.918 2.000
Y_363 -1.718 -274.939 2.000
P_364 0.000 -195.996 5.000
G_365 0.000 -27.649 9.000
T_366 -15.425 -90.974 9.000
N_367 -23.258 -507.047 12.000
Y_368 -12.104 -274.939 12.000
T_369 -18.462 -90.974 13.000
V_370 0.000 613.196 9.000
N_371 -21.132 -507.047 10.000
I_372 0.000 777.529 10.000
S_373 -16.309 -90.060 10.000
T_374 -11.867 -90.974 6.000
A_375 0.000 185.740 6.000
P_376 0.000 -195.996 8.000
P_377 0.000 -195.996 10.000
R_378 -29.616 -1015.709 13.000
R_379 -29.616 -1015.709 13.000
S_380 -18.462 -90.060 13.000
M_381 0.000 401.769 8.000
P_382 0.000 -195.996 3.000
A_383 0.000 185.740 0.000
V_384 0.000 613.196 0.000
I_385 0.000 777.529 0.000
G_386 0.000 -27.649 4.000
F_387 0.000 560.542 7.000
Q_388 -16.691 -643.904 7.000
T_389 -17.098 -90.974 11.000
A_390 0.000 185.740 11.000
E_391 -22.253 -605.239 11.000
V_392 0.000 613.196 8.000
D_393 -18.409 -475.402 8.000
L_394 0.000 679.918 8.000
L_395 0.000 679.918 12.000
E_396 -23.258 -605.239 12.000
D_397 -23.258 -475.402 12.000
D_398 -25.772 -475.402 15.000
G_399 0.000 -27.649 11.000
S_400 -17.098 -90.060 11.000
F_401 0.000 560.542 7.000
N_402 -21.132 -507.047 10.000
I_403 0.000 777.529 7.000
S_404 -13.255 -90.060 7.000
I_405 0.000 777.529 7.000
F_406 0.000 560.542 11.000
N_407 -22.253 -507.047 11.000
E_408 -22.253 -605.239 11.000
T_409 -17.098 -90.974 11.000
C_410 0.000 322.480 10.000
L_411 0.000 679.918 6.000
K_412 -13.255 -818.649 7.000
L_413 0.000 679.918 12.000
N_414 -27.150 -507.047 17.000
R_415 -33.508 -1015.709 17.000
R_416 -37.098 -1015.709 22.000
S_417 -22.271 -90.060 21.000
R_418 -32.645 -1015.709 16.000
K_419 -17.098 -818.649 11.000
V_420 0.000 613.196 11.000
G_421 0.000 -27.649 10.000
S_422 -15.425 -90.060 9.000
E_423 -19.866 -605.239 9.000
H_424 -11.652 -583.484 11.000
M_425 0.000 401.769 12.000
Y_426 -9.978 -274.939 8.000
Q_427 -19.866 -643.904 9.000
F_428 0.000 560.542 9.000
T_429 -13.255 -90.974 7.000
V_430 0.000 613.196 3.000
L_431 0.000 679.918 7.000
G_432 0.000 -27.649 9.000
Q_433 -21.132 -643.904 10.000
R_434 -28.412 -1015.709 12.000
W_435 -6.160 -203.500 12.000
Y_436 -9.978 -274.939 8.000
L_437 0.000 679.918 7.000
A_438 0.000 185.740 6.000
N_439 -16.691 -507.047 7.000
F_440 0.000 560.542 9.000
S_441 -15.425 -90.060 9.000
H_442 -9.978 -583.484 8.000
A_443 0.000 185.740 11.000
T_444 -14.420 -90.974 8.000
S_445 -16.309 -90.060 10.000
F_446 0.000 560.542 10.000
N_447 -21.132 -507.047 10.000
F_448 0.000 560.542 10.000
T_449 -19.613 -90.974 15.000
T_450 -19.613 -90.974 15.000
R_451 -35.072 -1015.709 19.000
E_452 -26.485 -605.239 16.000
Q_453 -24.169 -643.904 13.000
V_454 0.000 613.196 8.000
P_455 0.000 -195.996 4.000
V_456 0.000 613.196 0.000
V_457 0.000 613.196 0.000
C_458 0.000 322.480 4.000
L_459 0.000 679.918 4.000
D_460 -14.591 -475.402 6.000
L_461 0.000 679.918 6.000
Y_462 -10.601 -274.939 9.000
P_463 0.000 -195.996 8.000
T_464 -17.811 -90.974 12.000
T_465 -17.811 -90.974 12.000
D_466 -25.772 -475.402 15.000
Y_467 -12.104 -274.939 12.000
T_468 -18.462 -90.974 13.000
V_469 0.000 613.196 9.000
N_470 -21.132 -507.047 10.000
V_471 0.000 613.196 7.000
T_472 -13.255 -90.974 7.000
L_473 0.000 679.918 8.000
L_474 0.000 679.918 11.000
R_475 -21.845 -1015.709 8.000
S_476 -17.098 -90.060 11.000
P_477 0.000 -195.996 16.000
K_478 -18.462 -818.649 13.000
R_479 -29.616 -1015.709 13.000
H_480 -12.518 -583.484 13.000
S_481 -19.059 -90.060 14.000
V_482 0.000 613.196 9.000
Q_483 -21.132 -643.904 10.000
I_484 0.000 777.529 7.000
T_485 -13.255 -90.974 7.000
I_486 0.000 777.529 6.000
A_487 0.000 185.740 6.000
T_488 -4.441 -90.974 3.000
P_489 0.000 -195.996 3.000
P_490 0.000 -195.996 3.000
A_491 0.000 185.740 3.000
V_492 0.000 613.196 7.000
K_493 -16.309 -818.649 10.000
Q_494 -21.132 -643.904 10.000
T_495 -18.462 -90.974 13.000
I_496 0.000 777.529 14.000
S_497 -16.309 -90.060 10.000
N_498 -21.132 -507.047 10.000
I_499 0.000 777.529 10.000
S_500 -13.255 -90.060 7.000
G_501 0.000 -27.649 7.000
F_502 0.000 560.542 11.000
N_503 -22.253 -507.047 11.000
E_504 -22.253 -605.239 11.000
T_505 -17.098 -90.974 11.000
C_506 0.000 322.480 12.000
L_507 0.000 679.918 9.000
R_508 -27.076 -1015.709 11.000
W_509 -6.542 -203.500 14.000
R_510 -30.711 -1015.709 14.000
S_511 -17.811 -90.060 12.000
I_512 0.000 777.529 14.000
K_513 -15.425 -818.649 9.000
T_514 -16.309 -90.974 10.000
A_515 0.000 185.740 10.000
D_516 -22.253 -475.402 11.000
M_517 0.000 401.769 12.000
E_518 -23.258 -605.239 12.000
E_519 -21.132 -605.239 10.000
M_520 0.000 401.769 10.000
Y_521 -8.431 -274.939 6.000
L_522 0.000 679.918 4.000
F_523 0.000 560.542 4.000
H_524 -4.441 -583.484 3.000
I_525 0.000 777.529 3.000
W_526 -4.824 -203.500 7.000
G_527 0.000 -27.649 10.000
Q_528 -22.253 -643.904 11.000
R_529 -28.412 -1015.709 12.000
W_530 -6.873 -203.500 16.000
Y_531 -13.255 -274.939 15.000
Q_532 -25.003 -643.904 14.000
K_533 -18.462 -818.649 13.000
E_534 -22.253 -605.239 11.000
F_535 0.000 560.542 11.000
A_536 0.000 185.740 12.000
Q_537 -18.409 -643.904 8.000
E_538 -22.253 -605.239 11.000
M_539 0.000 401.769 11.000
T_540 -17.098 -90.974 11.000
F_541 0.000 560.542 7.000
N_542 -21.132 -507.047 10.000
I_543 0.000 777.529 10.000
S_544 -18.462 -90.060 13.000
S_545 -17.811 -90.060 12.000
S_546 -20.609 -90.060 17.000
S_547 -21.060 -90.060 18.000
R_548 -31.716 -1015.709 15.000
D_549 -26.485 -475.402 16.000
P_550 0.000 -195.996 13.000
E_551 -18.409 -605.239 8.000
V_552 0.000 613.196 4.000
C_553 0.000 322.480 8.000
L_554 0.000 679.918 4.000
D_555 -19.866 -475.402 9.000
L_556 0.000 679.918 9.000
R_557 -23.856 -1015.709 9.000
P_558 0.000 -195.996 8.000
G_559 0.000 -27.649 12.000
T_560 -15.425 -90.974 9.000
N_561 -24.169 -507.047 13.000
Y_562 -12.518 -274.939 13.000
N_563 -24.169 -507.047 13.000
V_564 0.000 613.196 9.000
S_565 -17.811 -90.060 12.000
L_566 0.000 679.918 8.000
R_567 -21.845 -1015.709 8.000
A_568 0.000 185.740 8.000
L_569 0.000 679.918 11.000
S_570 -16.309 -90.060 10.000
S_571 -16.309 -90.060 10.000
E_572 -21.132 -605.239 10.000
L_573 0.000 679.918 7.000
P_574 0.000 -195.996 4.000
V_575 0.000 613.196 0.000
V_576 0.000 613.196 3.000
I_577 0.000 777.529 3.000
S_578 -11.867 -90.060 6.000
L_579 0.000 679.918 9.000
T_580 -18.462 -90.974 13.000
T_581 -16.309 -90.974 10.000
Q_582 -24.169 -643.904 13.000
I_583 0.000 777.529 14.000
T_584 -17.098 -90.974 11.000
E_585 -16.691 -605.239 7.000
P_586 0.000 -195.996 7.000
P_587 0.000 -195.996 4.000
L_588 0.000 679.918 4.000
P_589 0.000 -195.996 4.000
E_590 -18.409 -605.239 8.000
V_591 0.000 613.196 8.000
E_592 -18.409 -605.239 8.000
F_593 0.000 560.542 7.000
F_594 0.000 560.542 7.000
T_595 -10.149 -90.974 5.000
V_596 0.000 613.196 10.000
H_597 -11.154 -583.484 10.000
R_598 -19.414 -1015.709 7.000
G_599 0.000 -27.649 7.000
P_600 0.000 -195.996 5.000
L_601 0.000 679.918 5.000
P_602 0.000 -195.996 5.000
R_603 -25.574 -1015.709 10.000
L_604 0.000 679.918 10.000
R_605 -31.716 -1015.709 15.000
L_606 0.000 679.918 13.000
R_607 -29.616 -1015.709 13.000
K_608 -17.098 -818.649 11.000
A_609 0.000 185.740 15.000
K_610 -18.462 -818.649 13.000
E_611 -25.003 -605.239 14.000
K_612 -19.059 -818.649 14.000
N_613 -22.253 -507.047 11.000
G_614 0.000 -27.649 7.000
P_615 0.000 -195.996 7.000
I_616 0.000 777.529 6.000
S_617 -14.420 -90.060 8.000
S_618 -17.811 -90.060 12.000
Y_619 -12.104 -274.939 12.000
Q_620 -19.866 -643.904 9.000
V_621 0.000 613.196 6.000
L_622 0.000 679.918 4.000
V_623 0.000 613.196 0.000
L_624 0.000 679.918 0.000
P_625 0.000 -195.996 0.000
L_626 0.000 679.918 0.000
A_627 0.000 185.740 4.000
L_628 0.000 679.918 7.000
Q_629 -21.132 -643.904 10.000
S_630 -16.309 -90.060 10.000
T_631 -18.462 -90.974 13.000
F_632 0.000 560.542 9.000
S_633 -16.309 -90.060 10.000
C_634 0.000 322.480 10.000
D_635 -25.003 -475.402 14.000
S_636 -17.098 -90.060 11.000
E_637 -22.253 -605.239 11.000
G_638 0.000 -27.649 10.000
A_639 0.000 185.740 10.000
S_640 -11.867 -90.060 6.000
S_641 -11.867 -90.060 6.000
F_642 0.000 560.542 9.000
F_643 0.000 560.542 10.000
S_644 -13.255 -90.060 7.000
N_645 -21.132 -507.047 10.000
A_646 0.000 185.740 14.000
S_647 -17.098 -90.060 11.000
D_648 -22.253 -475.402 11.000
A_649 0.000 185.740 11.000
D_650 -21.132 -475.402 10.000
G_651 0.000 -27.649 6.000
Y_652 -8.431 -274.939 6.000
V_653 0.000 613.196 2.000
A_654 0.000 185.740 6.000
A_655 0.000 185.740 4.000
E_656 -7.878 -605.239 4.000
L_657 0.000 679.918 4.000
L_658 0.000 679.918 7.000
A_659 0.000 185.740 7.000
K_660 -13.255 -818.649 7.000
D_661 -16.691 -475.402 7.000
V_662 0.000 613.196 11.000
P_663 0.000 -195.996 12.000
D_664 -18.409 -475.402 8.000
D_665 -18.409 -475.402 8.000
A_666 0.000 185.740 12.000
M_667 0.000 401.769 8.000
E_668 -7.878 -605.239 4.000
I_669 0.000 777.529 4.000
P_670 0.000 -195.996 4.000
I_671 0.000 777.529 4.000
G_672 0.000 -27.649 9.000
D_673 -19.866 -475.402 9.000
R_674 -27.076 -1015.709 11.000
L_675 0.000 679.918 13.000
Y_676 -10.601 -274.939 9.000
Y_677 -9.978 -274.939 8.000
G_678 0.000 -27.649 10.000
E_679 -21.132 -605.239 10.000
Y_680 -12.104 -274.939 12.000
Y_681 -12.104 -274.939 12.000
N_682 -18.409 -507.047 8.000
A_683 0.000 185.740 6.000
P_684 0.000 -195.996 7.000
L_685 0.000 679.918 8.000
K_686 -14.420 -818.649 8.000
R_687 -27.076 -1015.709 11.000
G_688 0.000 -27.649 15.000
S_689 -19.059 -90.060 14.000
D_690 -19.866 -475.402 9.000
Y_691 -10.601 -274.939 9.000
C_692 0.000 322.480 6.000
I_693 0.000 777.529 2.000
I_694 0.000 777.529 5.000
L_695 0.000 679.918 5.000
R_696 -21.845 -1015.709 8.000
I_697 0.000 777.529 11.000
T_698 -19.613 -90.974 15.000
S_699 -17.098 -90.060 11.000
E_700 -25.772 -605.239 15.000
W_701 -6.713 -203.500 15.000
N_702 -23.258 -507.047 12.000
K_703 -18.462 -818.649 13.000
V_704 0.000 613.196 17.000
R_705 -31.716 -1015.709 15.000
R_706 -31.716 -1015.709 15.000
H_707 -13.255 -583.484 15.000
S_708 -16.309 -90.060 10.000
C_709 0.000 322.480 5.000
A_710 0.000 185.740 4.000
V_711 0.000 613.196 1.000
W_712 -3.990 -203.500 5.000
A_713 0.000 185.740 5.000
Q_714 -18.409 -643.904 8.000
V_715 0.000 613.196 11.000
K_716 -19.059 -818.649 14.000
D_717 -24.169 -475.402 13.000
S_718 -18.462 -90.060 13.000
S_719 -16.309 -90.060 10.000
L_720 0.000 679.918 6.000
M_721 0.000 401.769 3.000
L_722 0.000 679.918 4.000
L_723 0.000 679.918 4.000
Q_724 -7.878 -643.904 4.000
M_725 0.000 401.769 4.000
A_726 0.000 185.740 4.000
G_727 0.000 -27.649 0.000
V_728 0.000 613.196 0.000
G_729 0.000 -27.649 0.000
L_730 0.000 679.918 3.000
G_731 0.000 -27.649 3.000
S_732 -4.441 -90.060 3.000
L_733 0.000 679.918 3.000
A_734 0.000 185.740 3.000
V_735 0.000 613.196 0.000
V_736 0.000 613.196 0.000
I_737 0.000 777.529 0.000
I_738 0.000 777.529 3.000
L_739 0.000 679.918 3.000
T_740 -4.441 -90.974 3.000
F_741 0.000 560.542 6.000
L_742 0.000 679.918 6.000
S_743 -11.867 -90.060 6.000
F_744 0.000 560.542 6.000
S_745 -11.867 -90.060 6.000
A_746 0.000 185.740 3.000
V_747 0.000 613.196 3.000
