M_1 0.000 401.769 5.000
A_2 0.000 185.740 9.000
R_3 -23.856 -1015.709 9.000
E_4 -23.258 -605.239 12.000
L_5 0.000 679.918 16.000
S_6 -19.059 -90.060 14.000
E_7 -24.169 -605.239 13.000
S_8 -18.462 -90.060 13.000
T_9 -16.309 -90.974 10.000
A_10 0.000 185.740 10.000
L_11 0.000 679.918 7.000
D_12 -18.409 -475.402 8.000
A_13 0.000 185.740 11.000
Q_14 -25.003 -643.904 14.000
S_15 -19.059 -90.060 14.000
T_16 -21.060 -90.974 18.000
E_17 -27.773 -605.239 18.000
D_18 -25.772 -475.402 15.000
Q_19 -26.485 -643.904 16.000
M_20 0.000 401.769 12.000
E_21 -18.409 -605.239 8.000
L_22 0.000 679.918 4.000
L_23 0.000 679.918 4.000
V_24 0.000 613.196 3.000
I_25 0.000 777.529 3.000
K_26 -13.255 -818.649 7.000
V_27 0.000 613.196 11.000
E_28 -25.772 -605.239 15.000
E_29 -26.485 -605.239 16.000
E_30 -26.485 -605.239 16.000
E_31 -23.258 -605.239 12.000
A_32 0.000 185.740 8.000
G_33 0.000 -27.649 4.000
F_34 0.000 560.542 3.000
P_35 0.000 -195.996 6.000
S_36 -11.867 -90.060 6.000
S_37 -16.309 -90.060 10.000
P_38 0.000 -195.996 10.000
D_39 -16.691 -475.402 7.000
L_40 0.000 679.918 7.000
G_41 0.000 -27.649 11.000
S_42 -13.255 -90.060 7.000
E_43 -21.132 -605.239 10.000
G_44 0.000 -27.649 15.000
S_45 -20.127 -90.060 16.000
R_46 -33.508 -1015.709 17.000
E_47 -27.150 -605.239 17.000
R_48 -35.072 -1015.709 19.000
F_49 0.000 560.542 14.000
R_50 -25.574 -1015.709 10.000
G_51 0.000 -27.649 10.000
F_52 0.000 560.542 12.000
R_53 -19.414 -1015.709 7.000
Y_54 -11.652 -274.939 11.000
P_55 0.000 -195.996 11.000
E_56 -14.591 -605.239 6.000
A_57 0.000 185.740 4.000
A_58 0.000 185.740 4.000
G_59 0.000 -27.649 5.000
P_60 0.000 -195.996 9.000
R_61 -23.856 -1015.709 9.000
E_62 -19.866 -605.239 9.000
A_63 0.000 185.740 12.000
L_64 0.000 679.918 12.000
S_65 -14.420 -90.060 8.000
R_66 -29.616 -1015.709 13.000
L_67 0.000 679.918 17.000
R_68 -30.711 -1015.709 14.000
E_69 -19.866 -605.239 9.000
L_70 0.000 679.918 14.000
C_71 0.000 322.480 13.000
R_72 -25.574 -1015.709 10.000
Q_73 -21.132 -643.904 10.000
W_74 -6.542 -203.500 14.000
L_75 0.000 679.918 9.000
Q_76 -19.866 -643.904 9.000
P_77 0.000 -195.996 8.000
E_78 -21.132 -605.239 10.000
M_79 0.000 401.769 9.000
H_80 -12.104 -583.484 12.000
S_81 -17.811 -90.060 12.000
K_82 -20.127 -818.649 16.000
E_83 -25.003 -605.239 14.000
Q_84 -22.253 -643.904 11.000
I_85 0.000 777.529 12.000
L_86 0.000 679.918 8.000
E_87 -7.878 -605.239 4.000
L_88 0.000 679.918 4.000
L_89 0.000 679.918 4.000
V_90 0.000 613.196 4.000
L_91 0.000 679.918 8.000
E_92 -18.409 -605.239 8.000
Q_93 -18.409 -643.904 8.000
F_94 0.000 560.542 11.000
L_95 0.000 679.918 7.000
T_96 -4.441 -90.974 3.000
I_97 0.000 777.529 3.000
L_98 0.000 679.918 3.000
P_99 0.000 -195.996 4.000
G_100 0.000 -27.649 4.000
N_101 -18.409 -507.047 8.000
L_102 0.000 679.918 11.000
Q_103 -23.258 -643.904 12.000
S_104 -14.420 -90.060 8.000
W_105 -6.358 -203.500 13.000
V_106 0.000 613.196 13.000
R_107 -30.711 -1015.709 14.000
E_108 -25.772 -605.239 15.000
Q_109 -25.772 -643.904 15.000
H_110 -12.900 -583.484 14.000
P_111 0.000 -195.996 13.000
E_112 -19.866 -605.239 9.000
S_113 -17.098 -90.060 11.000
G_114 0.000 -27.649 15.000
E_115 -22.253 -605.239 11.000
E_116 -18.409 -605.239 8.000
V_117 0.000 613.196 8.000
V_118 0.000 613.196 4.000
V_119 0.000 613.196 0.000
L_120 0.000 679.918 4.000
L_121 0.000 679.918 6.000
E_122 -14.591 -605.239 6.000
Y_123 -11.154 -274.939 10.000
L_124 0.000 679.918 15.000
E_125 -25.772 -605.239 15.000
R_126 -29.616 -1015.709 13.000
Q_127 -27.150 -643.904 17.000
L_128 0.000 679.918 17.000
D_129 -23.258 -475.402 12.000
E_130 -18.409 -605.239 8.000
P_131 0.000 -195.996 8.000
A_132 0.000 185.740 8.000
P_133 0.000 -195.996 4.000
Q_134 -16.691 -643.904 7.000
V_135 0.000 613.196 7.000
S_136 -13.255 -90.060 7.000
G_137 0.000 -27.649 7.000
V_138 0.000 613.196 11.000
D_139 -18.409 -475.402 8.000
Q_140 -23.258 -643.904 12.000
G_141 0.000 -27.649 16.000
Q_142 -23.258 -643.904 12.000
E_143 -18.409 -605.239 8.000
L_144 0.000 679.918 8.000
L_145 0.000 679.918 4.000
C_146 0.000 322.480 3.000
C_147 0.000 322.480 3.000
K_148 -4.441 -818.649 3.000
M_149 0.000 401.769 3.000
A_150 0.000 185.740 3.000
L_151 0.000 679.918 3.000
L_152 0.000 679.918 3.000
T_153 -4.441 -90.974 3.000
P_154 0.000 -195.996 3.000
A_155 0.000 185.740 3.000
P_156 0.000 -195.996 3.000
G_157 0.000 -27.649 7.000
S_158 -16.309 -90.060 10.000
Q_159 -24.169 -643.904 13.000
S_160 -20.609 -90.060 17.000
S_161 -19.059 -90.060 14.000
Q_162 -25.003 -643.904 14.000
F_163 0.000 560.542 11.000
Q_164 -18.409 -643.904 8.000
L_165 0.000 679.918 7.000
M_166 0.000 401.769 7.000
K_167 -4.441 -818.649 3.000
A_168 0.000 185.740 3.000
L_169 0.000 679.918 6.000
L_170 0.000 679.918 5.000
K_171 -15.425 -818.649 9.000
H_172 -12.104 -583.484 12.000
E_173 -23.258 -605.239 12.000
S_174 -15.425 -90.060 9.000
V_175 0.000 613.196 10.000
G_176 0.000 -27.649 10.000
S_177 -13.255 -90.060 7.000
Q_178 -16.691 -643.904 7.000
P_179 0.000 -195.996 11.000
L_180 0.000 679.918 12.000
Q_181 -24.169 -643.904 13.000
D_182 -24.169 -475.402 13.000
R_183 -29.616 -1015.709 13.000
V_184 0.000 613.196 13.000
L_185 0.000 679.918 9.000
Q_186 -7.878 -643.904 4.000
V_187 0.000 613.196 4.000
P_188 0.000 -195.996 4.000
V_189 0.000 613.196 0.000
L_190 0.000 679.918 2.000
A_191 0.000 185.740 2.000
H_192 -1.718 -583.484 2.000
G_193 0.000 -27.649 2.000
G_194 0.000 -27.649 2.000
C_195 0.000 322.480 5.000
C_196 0.000 322.480 9.000
R_197 -29.616 -1015.709 13.000
E_198 -26.485 -605.239 16.000
D_199 -26.485 -475.402 16.000
K_200 -17.098 -818.649 11.000
V_201 0.000 613.196 7.000
V_202 0.000 613.196 6.000
A_203 0.000 185.740 8.000
S_204 -14.420 -90.060 8.000
R_205 -27.076 -1015.709 11.000
L_206 0.000 679.918 11.000
T_207 -17.811 -90.974 12.000
P_208 0.000 -195.996 10.000
E_209 -25.003 -605.239 14.000
S_210 -17.098 -90.060 11.000
Q_211 -22.253 -643.904 11.000
G_212 0.000 -27.649 7.000
L_213 0.000 679.918 7.000
L_214 0.000 679.918 3.000
K_215 -13.255 -818.649 7.000
V_216 0.000 613.196 11.000
E_217 -22.253 -605.239 11.000
D_218 -18.409 -475.402 8.000
V_219 0.000 613.196 8.000
A_220 0.000 185.740 7.000
L_221 0.000 679.918 3.000
T_222 -11.867 -90.974 6.000
L_223 0.000 679.918 6.000
T_224 -16.309 -90.974 10.000
P_225 0.000 -195.996 8.000
E_226 -22.253 -605.239 11.000
W_227 -6.160 -203.500 12.000
T_228 -20.127 -90.974 16.000
Q_229 -26.485 -643.904 16.000
Q_230 -27.773 -643.904 18.000
D_231 -27.773 -475.402 18.000
S_232 -21.060 -90.060 18.000
S_233 -19.059 -90.060 14.000
Q_234 -25.003 -643.904 14.000
G_235 0.000 -27.649 11.000
N_236 -18.409 -507.047 8.000
L_237 0.000 679.918 9.000
C_238 0.000 322.480 13.000
R_239 -29.616 -1015.709 13.000
D_240 -26.485 -475.402 16.000
E_241 -28.912 -605.239 20.000
K_242 -21.486 -818.649 19.000
Q_243 -28.359 -643.904 19.000
E_244 -27.150 -605.239 17.000
N_245 -25.003 -507.047 14.000
H_246 -12.518 -583.484 13.000
G_247 0.000 -27.649 9.000
S_248 -10.149 -90.060 5.000
L_249 0.000 679.918 6.000
V_250 0.000 613.196 6.000
S_251 -4.441 -90.060 3.000
L_252 0.000 679.918 7.000
G_253 0.000 -27.649 11.000
D_254 -22.253 -475.402 11.000
E_255 -25.772 -605.239 15.000
K_256 -21.060 -818.649 18.000
Q_257 -27.150 -643.904 17.000
T_258 -20.127 -90.974 16.000
K_259 -21.060 -818.649 18.000
S_260 -21.060 -90.060 18.000
R_261 -31.716 -1015.709 15.000
D_262 -23.258 -475.402 12.000
L_263 0.000 679.918 9.000
P_264 0.000 -195.996 4.000
P_265 0.000 -195.996 4.000
A_266 0.000 185.740 8.000
E_267 -18.409 -605.239 8.000
E_268 -18.409 -605.239 8.000
L_269 0.000 679.918 12.000
P_270 0.000 -195.996 11.000
E_271 -22.253 -605.239 11.000
K_272 -18.462 -818.649 13.000
E_273 -24.169 -605.239 13.000
H_274 -12.104 -583.484 12.000
G_275 0.000 -27.649 9.000
K_276 -14.420 -818.649 8.000
I_277 0.000 777.529 6.000
S_278 -14.420 -90.060 8.000
C_279 0.000 322.480 5.000
H_280 -11.154 -583.484 10.000
L_281 0.000 679.918 11.000
R_282 -31.716 -1015.709 15.000
E_283 -24.169 -605.239 13.000
D_284 -24.169 -475.402 13.000
I_285 0.000 777.529 12.000
A_286 0.000 185.740 8.000
Q_287 -7.878 -643.904 4.000
I_288 0.000 777.529 7.000
P_289 0.000 -195.996 7.000
T_290 -4.441 -90.974 3.000
C_291 0.000 322.480 7.000
A_292 0.000 185.740 7.000
E_293 -7.878 -605.239 4.000
A_294 0.000 185.740 8.000
G_295 0.000 -27.649 12.000
E_296 -23.258 -605.239 12.000
Q_297 -23.258 -643.904 12.000
E_298 -27.150 -605.239 17.000
G_299 0.000 -27.649 13.000
R_300 -29.616 -1015.709 13.000
L_301 0.000 679.918 14.000
Q_302 -27.150 -643.904 17.000
R_303 -32.645 -1015.709 16.000
K_304 -21.486 -818.649 19.000
Q_305 -28.359 -643.904 19.000
K_306 -19.059 -818.649 14.000
N_307 -25.003 -507.047 14.000
A_308 0.000 185.740 10.000
T_309 -13.255 -90.974 7.000
G_310 0.000 -27.649 8.000
G_311 0.000 -27.649 13.000
R_312 -28.412 -1015.709 12.000
R_313 -28.412 -1015.709 12.000
H_314 -12.104 -583.484 12.000
I_315 0.000 777.529 9.000
C_316 0.000 322.480 8.000
H_317 -8.431 -583.484 6.000
E_318 -14.591 -605.239 6.000
C_319 0.000 322.480 9.000
G_320 0.000 -27.649 10.000
K_321 -11.867 -818.649 6.000
S_322 -11.867 -90.060 6.000
F_323 0.000 560.542 10.000
A_324 0.000 185.740 10.000
Q_325 -21.132 -643.904 10.000
S_326 -16.309 -90.060 10.000
S_327 -16.309 -90.060 10.000
G_328 0.000 -27.649 9.000
L_329 0.000 679.918 9.000
S_330 -14.420 -90.060 8.000
K_331 -18.462 -818.649 13.000
H_332 -14.188 -583.484 18.000
R_333 -31.716 -1015.709 15.000
R_334 -30.711 -1015.709 14.000
I_335 0.000 777.529 15.000
H_336 -11.154 -583.484 10.000
T_337 -15.425 -90.974 9.000
G_338 0.000 -27.649 12.000
E_339 -21.132 -605.239 10.000
K_340 -15.425 -818.649 9.000
P_341 0.000 -195.996 13.000
Y_342 -10.601 -274.939 9.000
E_343 -21.132 -605.239 10.000
C_344 0.000 322.480 14.000
E_345 -23.258 -605.239 12.000
E_346 -18.409 -605.239 8.000
C_347 0.000 322.480 11.000
G_348 0.000 -27.649 7.000
K_349 -4.441 -818.649 3.000
A_350 0.000 185.740 3.000
F_351 0.000 560.542 3.000
I_352 0.000 777.529 3.000
G_353 0.000 -27.649 6.000
S_354 -11.867 -90.060 6.000
S_355 -11.867 -90.060 6.000
A_356 0.000 185.740 6.000
L_357 0.000 679.918 3.000
V_358 0.000 613.196 2.000
I_359 0.000 777.529 6.000
H_360 -11.652 -583.484 11.000
Q_361 -22.253 -643.904 11.000
R_362 -29.616 -1015.709 13.000
V_363 0.000 613.196 14.000
H_364 -11.154 -583.484 10.000
T_365 -15.425 -90.974 9.000
G_366 0.000 -27.649 12.000
E_367 -21.132 -605.239 10.000
K_368 -15.425 -818.649 9.000
P_369 0.000 -195.996 13.000
Y_370 -10.601 -274.939 9.000
E_371 -21.132 -605.239 10.000
C_372 0.000 322.480 14.000
E_373 -23.258 -605.239 12.000
E_374 -18.409 -605.239 8.000
C_375 0.000 322.480 11.000
G_376 0.000 -27.649 7.000
K_377 -4.441 -818.649 3.000
A_378 0.000 185.740 6.000
F_379 0.000 560.542 8.000
S_380 -14.420 -90.060 8.000
H_381 -11.652 -583.484 11.000
S_382 -19.613 -90.060 15.000
S_383 -17.811 -90.060 12.000
D_384 -21.132 -475.402 10.000
L_385 0.000 679.918 10.000
I_386 0.000 777.529 9.000
K_387 -15.425 -818.649 9.000
H_388 -12.900 -583.484 14.000
Q_389 -27.150 -643.904 17.000
R_390 -32.645 -1015.709 16.000
T_391 -20.609 -90.974 17.000
H_392 -12.518 -583.484 13.000
T_393 -17.811 -90.974 12.000
G_394 0.000 -27.649 12.000
E_395 -21.132 -605.239 10.000
K_396 -15.425 -818.649 9.000
P_397 0.000 -195.996 13.000
Y_398 -10.601 -274.939 9.000
E_399 -21.132 -605.239 10.000
C_400 0.000 322.480 14.000
D_401 -23.258 -475.402 12.000
D_402 -18.409 -475.402 8.000
C_403 0.000 322.480 11.000
G_404 0.000 -27.649 10.000
K_405 -11.867 -818.649 6.000
T_406 -15.425 -90.974 9.000
F_407 0.000 560.542 13.000
S_408 -18.462 -90.060 13.000
Q_409 -21.132 -643.904 10.000
S_410 -18.462 -90.060 13.000
C_411 0.000 322.480 10.000
S_412 -11.867 -90.060 6.000
L_413 0.000 679.918 7.000
L_414 0.000 679.918 9.000
E_415 -18.409 -605.239 8.000
H_416 -12.518 -583.484 13.000
H_417 -12.518 -583.484 13.000
R_418 -27.076 -1015.709 11.000
I_419 0.000 777.529 12.000
H_420 -11.154 -583.484 10.000
T_421 -15.425 -90.974 9.000
G_422 0.000 -27.649 12.000
E_423 -21.132 -605.239 10.000
K_424 -15.425 -818.649 9.000
P_425 0.000 -195.996 13.000
Y_426 -10.601 -274.939 9.000
Q_427 -19.866 -643.904 9.000
C_428 0.000 322.480 9.000
S_429 -13.255 -90.060 7.000
M_430 0.000 401.769 3.000
C_431 0.000 322.480 6.000
G_432 0.000 -27.649 3.000
K_433 -4.441 -818.649 3.000
A_434 0.000 185.740 8.000
F_435 0.000 560.542 13.000
R_436 -29.616 -1015.709 13.000
R_437 -32.645 -1015.709 16.000
S_438 -21.060 -90.060 18.000
S_439 -18.462 -90.060 13.000
H_440 -9.978 -583.484 8.000
L_441 0.000 679.918 10.000
L_442 0.000 679.918 9.000
R_443 -27.076 -1015.709 11.000
H_444 -13.586 -583.484 16.000
Q_445 -26.485 -643.904 16.000
R_446 -29.616 -1015.709 13.000
I_447 0.000 777.529 14.000
H_448 -11.154 -583.484 10.000
T_449 -15.425 -90.974 9.000
G_450 0.000 -27.649 12.000
D_451 -25.003 -475.402 14.000
K_452 -17.098 -818.649 11.000
N_453 -25.772 -507.047 15.000
V_454 0.000 613.196 15.000
Q_455 -23.258 -643.904 12.000
E_456 -23.258 -605.239 12.000
P_457 0.000 -195.996 16.000
E_458 -23.258 -605.239 12.000
Q_459 -23.258 -643.904 12.000
G_460 0.000 -27.649 12.000
E_461 -19.866 -605.239 9.000
A_462 0.000 185.740 8.000
W_463 -5.944 -203.500 11.000
K_464 -17.811 -818.649 12.000
S_465 -17.811 -90.060 12.000
R_466 -31.716 -1015.709 15.000
M_467 0.000 401.769 15.000
E_468 -26.485 -605.239 16.000
S_469 -17.098 -90.060 11.000
Q_470 -25.772 -643.904 15.000
L_471 0.000 679.918 15.000
E_472 -23.258 -605.239 12.000
N_473 -23.258 -507.047 12.000
V_474 0.000 613.196 15.000
E_475 -22.253 -605.239 11.000
T_476 -13.255 -90.974 7.000
P_477 0.000 -195.996 10.000
M_478 0.000 401.769 8.000
S_479 -14.420 -90.060 8.000
Y_480 -9.978 -274.939 8.000
K_481 -17.811 -818.649 12.000
C_482 0.000 322.480 13.000
N_483 -22.253 -507.047 11.000
E_484 -23.258 -605.239 12.000
C_485 0.000 322.480 17.000
E_486 -26.485 -605.239 16.000
R_487 -28.412 -1015.709 12.000
S_488 -19.613 -90.060 15.000
F_489 0.000 560.542 15.000
T_490 -19.059 -90.974 14.000
Q_491 -25.003 -643.904 14.000
N_492 -25.003 -507.047 14.000
T_493 -17.098 -90.974 11.000
G_494 0.000 -27.649 7.000
L_495 0.000 679.918 7.000
I_496 0.000 777.529 6.000
E_497 -21.132 -605.239 10.000
H_498 -12.518 -583.484 13.000
Q_499 -24.169 -643.904 13.000
K_500 -17.098 -818.649 11.000
I_501 0.000 777.529 12.000
H_502 -9.978 -583.484 8.000
T_503 -15.425 -90.974 9.000
G_504 0.000 -27.649 12.000
E_505 -21.132 -605.239 10.000
K_506 -15.425 -818.649 9.000
P_507 0.000 -195.996 13.000
Y_508 -10.601 -274.939 9.000
Q_509 -21.132 -643.904 10.000
C_510 0.000 322.480 10.000
N_511 -18.409 -507.047 8.000
A_512 0.000 185.740 4.000
C_513 0.000 322.480 7.000
G_514 0.000 -27.649 3.000
K_515 -4.441 -818.649 3.000
G_516 0.000 -27.649 6.000
F_517 0.000 560.542 11.000
T_518 -14.420 -90.974 8.000
R_519 -27.076 -1015.709 11.000
I_520 0.000 777.529 13.000
S_521 -16.309 -90.060 10.000
Y_522 -7.426 -274.939 5.000
L_523 0.000 679.918 9.000
V_524 0.000 613.196 8.000
Q_525 -21.132 -643.904 10.000
H_526 -13.255 -583.484 15.000
Q_527 -27.773 -643.904 18.000
R_528 -32.645 -1015.709 16.000
S_529 -19.059 -90.060 14.000
H_530 -11.154 -583.484 10.000
V_531 0.000 613.196 8.000
G_532 0.000 -27.649 9.000
K_533 -13.255 -818.649 7.000
N_534 -16.691 -507.047 7.000
I_535 0.000 777.529 10.000
L_536 0.000 679.918 11.000
S_537 -13.255 -90.060 7.000
Q_538 -16.691 -643.904 7.000
