M_1 0.000 401.769 5.000
G_2 0.000 -27.649 9.000
R_3 -29.616 -1015.709 13.000
E_4 -27.150 -605.239 17.000
Q_5 -27.150 -643.904 17.000
D_6 -23.258 -475.402 12.000
L_7 0.000 679.918 8.000
I_8 0.000 777.529 4.000
L_9 0.000 679.918 0.000
A_10 0.000 185.740 3.000
V_11 0.000 613.196 7.000
K_12 -13.255 -818.649 7.000
N_13 -22.253 -507.047 11.000
G_14 0.000 -27.649 11.000
D_15 -22.253 -475.402 11.000
V_16 0.000 613.196 7.000
T_17 -13.255 -90.974 7.000
G_18 0.000 -27.649 7.000
V_19 0.000 613.196 10.000
Q_20 -16.691 -643.904 7.000
K_21 -13.255 -818.649 7.000
L_22 0.000 679.918 7.000
V_23 0.000 613.196 6.000
A_24 0.000 185.740 3.000
K_25 -11.867 -818.649 6.000
V_26 0.000 613.196 6.000
K_27 -15.425 -818.649 9.000
A_28 0.000 185.740 9.000
T_29 -17.811 -90.974 12.000
K_30 -17.811 -818.649 12.000
T_31 -17.811 -90.974 12.000
K_32 -15.425 -818.649 9.000
L_33 0.000 679.918 6.000
L_34 0.000 679.918 6.000
G_35 0.000 -27.649 6.000
S_36 -15.425 -90.060 9.000
T_37 -19.059 -90.974 14.000
K_38 -19.059 -818.649 14.000
R_39 -31.716 -1015.709 15.000
L_40 0.000 679.918 12.000
N_41 -24.169 -507.047 13.000
V_42 0.000 613.196 10.000
N_43 -25.003 -507.047 14.000
Y_44 -12.900 -274.939 14.000
Q_45 -25.003 -643.904 14.000
D_46 -25.003 -475.402 14.000
A_47 0.000 185.740 12.000
D_48 -18.409 -475.402 8.000
G_49 0.000 -27.649 7.000
F_50 0.000 560.542 7.000
S_51 -4.441 -90.060 3.000
A_52 0.000 185.740 5.000
L_53 0.000 679.918 7.000
H_54 -6.160 -583.484 4.000
H_55 -6.160 -583.484 4.000
A_56 0.000 185.740 4.000
A_57 0.000 185.740 2.000
L_58 0.000 679.918 0.000
G_59 0.000 -27.649 3.000
G_60 0.000 -27.649 3.000
S_61 -13.255 -90.060 7.000
L_62 0.000 679.918 7.000
E_63 -16.691 -605.239 7.000
L_64 0.000 679.918 4.000
I_65 0.000 777.529 4.000
A_66 0.000 185.740 0.000
L_67 0.000 679.918 0.000
L_68 0.000 679.918 4.000
L_69 0.000 679.918 4.000
E_70 -18.409 -605.239 8.000
A_71 0.000 185.740 8.000
Q_72 -22.253 -643.904 11.000
A_73 0.000 185.740 7.000
T_74 -17.098 -90.974 11.000
V_75 0.000 613.196 7.000
D_76 -21.132 -475.402 10.000
I_77 0.000 777.529 11.000
K_78 -19.059 -818.649 14.000
D_79 -25.003 -475.402 14.000
S_80 -19.059 -90.060 14.000
N_81 -22.253 -507.047 11.000
G_82 0.000 -27.649 12.000
M_83 0.000 401.769 9.000
R_84 -11.867 -1015.709 5.000
P_85 0.000 -195.996 7.000
L_86 0.000 679.918 9.000
H_87 -6.160 -583.484 4.000
Y_88 -6.160 -274.939 4.000
A_89 0.000 185.740 5.000
A_90 0.000 185.740 7.000
W_91 -3.990 -203.500 5.000
Q_92 -21.132 -643.904 10.000
G_93 0.000 -27.649 10.000
R_94 -29.616 -1015.709 13.000
L_95 0.000 679.918 9.000
E_96 -19.866 -605.239 9.000
P_97 0.000 -195.996 9.000
V_98 0.000 613.196 9.000
R_99 -11.867 -1015.709 5.000
L_100 0.000 679.918 5.000
L_101 0.000 679.918 10.000
L_102 0.000 679.918 5.000
R_103 -21.845 -1015.709 8.000
A_104 0.000 185.740 8.000
S_105 -14.420 -90.060 8.000
A_106 0.000 185.740 3.000
A_107 0.000 185.740 7.000
V_108 0.000 613.196 4.000
N_109 -7.878 -507.047 4.000
A_110 0.000 185.740 7.000
A_111 0.000 185.740 7.000
S_112 -13.255 -90.060 7.000
L_113 0.000 679.918 7.000
D_114 -22.253 -475.402 11.000
G_115 0.000 -27.649 8.000
Q_116 -18.409 -643.904 8.000
I_117 0.000 777.529 4.000
P_118 0.000 -195.996 6.000
L_119 0.000 679.918 2.000
H_120 -1.718 -583.484 2.000
L_121 0.000 679.918 2.000
A_122 0.000 185.740 6.000
A_123 0.000 185.740 6.000
Q_124 -14.591 -643.904 6.000
Y_125 -9.978 -274.939 8.000
G_126 0.000 -27.649 10.000
H_127 -11.154 -583.484 10.000
Y_128 -9.978 -274.939 8.000
E_129 -22.253 -605.239 11.000
V_130 0.000 613.196 13.000
S_131 -17.098 -90.060 11.000
E_132 -16.691 -605.239 7.000
M_133 0.000 401.769 7.000
L_134 0.000 679.918 8.000
L_135 0.000 679.918 6.000
Q_136 -21.132 -643.904 10.000
H_137 -12.518 -583.484 13.000
Q_138 -27.150 -643.904 17.000
S_139 -18.462 -90.060 13.000
N_140 -22.253 -507.047 11.000
P_141 0.000 -195.996 7.000
C_142 0.000 322.480 4.000
L_143 0.000 679.918 4.000
V_144 0.000 613.196 7.000
N_145 -16.691 -507.047 7.000
K_146 -16.309 -818.649 10.000
A_147 0.000 185.740 13.000
K_148 -17.811 -818.649 12.000
K_149 -15.425 -818.649 9.000
T_150 -15.425 -90.974 9.000
P_151 0.000 -195.996 10.000
L_152 0.000 679.918 7.000
D_153 -7.878 -475.402 4.000
L_154 0.000 679.918 4.000
A_155 0.000 185.740 8.000
C_156 0.000 322.480 4.000
E_157 -7.878 -605.239 4.000
F_158 0.000 560.542 9.000
G_159 0.000 -27.649 9.000
R_160 -21.845 -1015.709 8.000
L_161 0.000 679.918 8.000
K_162 -14.420 -818.649 8.000
V_163 0.000 613.196 7.000
A_164 0.000 185.740 7.000
Q_165 -7.878 -643.904 4.000
L_166 0.000 679.918 4.000
L_167 0.000 679.918 8.000
L_168 0.000 679.918 7.000
N_169 -19.866 -507.047 9.000
S_170 -15.425 -90.060 9.000
H_171 -10.601 -583.484 9.000
L_172 0.000 679.918 5.000
C_173 0.000 322.480 2.000
V_174 0.000 613.196 0.000
A_175 0.000 185.740 0.000
L_176 0.000 679.918 4.000
L_177 0.000 679.918 4.000
E_178 -18.409 -605.239 8.000
G_179 0.000 -27.649 8.000
E_180 -22.253 -605.239 11.000
A_181 0.000 185.740 11.000
K_182 -17.098 -818.649 11.000
D_183 -16.691 -475.402 7.000
P_184 0.000 -195.996 11.000
C_185 0.000 322.480 8.000
D_186 -18.409 -475.402 8.000
P_187 0.000 -195.996 10.000
N_188 -24.169 -507.047 13.000
Y_189 -12.104 -274.939 12.000
T_190 -17.811 -90.974 12.000
T_191 -14.420 -90.974 8.000
P_192 0.000 -195.996 8.000
L_193 0.000 679.918 5.000
H_194 -1.718 -583.484 2.000
L_195 0.000 679.918 2.000
A_196 0.000 185.740 5.000
A_197 0.000 185.740 7.000
K_198 -13.255 -818.649 7.000
N_199 -19.866 -507.047 9.000
G_200 0.000 -27.649 14.000
H_201 -13.255 -583.484 15.000
R_202 -27.076 -1015.709 11.000
E_203 -22.253 -605.239 11.000
V_204 0.000 613.196 14.000
I_205 0.000 777.529 13.000
R_206 -23.856 -1015.709 9.000
Q_207 -19.866 -643.904 9.000
L_208 0.000 679.918 14.000
L_209 0.000 679.918 9.000
R_210 -11.867 -1015.709 5.000
A_211 0.000 185.740 5.000
G_212 0.000 -27.649 9.000
I_213 0.000 777.529 4.000
E_214 -18.409 -605.239 8.000
I_215 0.000 777.529 13.000
N_216 -27.150 -507.047 17.000
R_217 -32.645 -1015.709 16.000
Q_218 -28.359 -643.904 19.000
T_219 -21.060 -90.974 18.000
K_220 -18.462 -818.649 13.000
T_221 -17.811 -90.974 12.000
G_222 0.000 -27.649 9.000
T_223 -11.867 -90.974 6.000
A_224 0.000 185.740 5.000
L_225 0.000 679.918 9.000
H_226 -8.431 -583.484 6.000
E_227 -14.591 -605.239 6.000
A_228 0.000 185.740 6.000
A_229 0.000 185.740 6.000
L_230 0.000 679.918 2.000
Y_231 -7.426 -274.939 5.000
G_232 0.000 -27.649 8.000
K_233 -17.811 -818.649 12.000
T_234 -16.309 -90.974 10.000
E_235 -21.132 -605.239 10.000
V_236 0.000 613.196 12.000
V_237 0.000 613.196 9.000
R_238 -11.867 -1015.709 5.000
L_239 0.000 679.918 5.000
L_240 0.000 679.918 9.000
L_241 0.000 679.918 4.000
E_242 -7.878 -605.239 4.000
G_243 0.000 -27.649 4.000
G_244 0.000 -27.649 8.000
V_245 0.000 613.196 4.000
D_246 -18.409 -475.402 8.000
V_247 0.000 613.196 8.000
N_248 -24.169 -507.047 13.000
I_249 0.000 777.529 13.000
R_250 -32.645 -1015.709 16.000
N_251 -25.003 -507.047 14.000
T_252 -21.060 -90.974 18.000
Y_253 -13.896 -274.939 17.000
N_254 -26.485 -507.047 16.000
Q_255 -24.169 -643.904 13.000
T_256 -17.098 -90.974 11.000
A_257 0.000 185.740 11.000
L_258 0.000 679.918 7.000
D_259 -7.878 -475.402 4.000
I_260 0.000 777.529 8.000
V_261 0.000 613.196 12.000
N_262 -18.409 -507.047 8.000
Q_263 -22.253 -643.904 11.000
F_264 0.000 560.542 14.000
T_265 -18.462 -90.974 13.000
T_266 -18.462 -90.974 13.000
S_267 -18.462 -90.060 13.000
Q_268 -24.169 -643.904 13.000
A_269 0.000 185.740 15.000
S_270 -20.127 -90.060 16.000
R_271 -28.412 -1015.709 12.000
E_272 -25.772 -605.239 15.000
I_273 0.000 777.529 16.000
K_274 -17.098 -818.649 11.000
Q_275 -16.691 -643.904 7.000
L_276 0.000 679.918 12.000
L_277 0.000 679.918 13.000
R_278 -23.856 -1015.709 9.000
E_279 -23.258 -605.239 12.000
A_280 0.000 185.740 12.000
S_281 -13.255 -90.060 7.000
G_282 0.000 -27.649 3.000
I_283 0.000 777.529 6.000
L_284 0.000 679.918 3.000
K_285 -14.420 -818.649 8.000
V_286 0.000 613.196 8.000
R_287 -21.845 -1015.709 8.000
A_288 0.000 185.740 8.000
L_289 0.000 679.918 12.000
K_290 -13.255 -818.649 7.000
D_291 -18.409 -475.402 8.000
F_292 0.000 560.542 12.000
W_293 -5.447 -203.500 9.000
N_294 -16.691 -507.047 7.000
L_295 0.000 679.918 11.000
H_296 -11.154 -583.484 10.000
D_297 -19.866 -475.402 9.000
P_298 0.000 -195.996 9.000
T_299 -13.255 -90.974 7.000
A_300 0.000 185.740 7.000
L_301 0.000 679.918 7.000
N_302 -19.866 -507.047 9.000
V_303 0.000 613.196 9.000
R_304 -23.856 -1015.709 9.000
A_305 0.000 185.740 9.000
G_306 0.000 -27.649 9.000
D_307 -7.878 -475.402 4.000
V_308 0.000 613.196 7.000
I_309 0.000 777.529 7.000
T_310 -4.441 -90.974 3.000
V_311 0.000 613.196 7.000
L_312 0.000 679.918 11.000
E_313 -21.132 -605.239 10.000
Q_314 -21.132 -643.904 10.000
H_315 -12.900 -583.484 14.000
P_316 0.000 -195.996 10.000
D_317 -22.253 -475.402 11.000
G_318 0.000 -27.649 10.000
R_319 -29.616 -1015.709 13.000
W_320 -5.447 -203.500 9.000
K_321 -17.098 -818.649 11.000
G_322 0.000 -27.649 6.000
H_323 -9.265 -583.484 7.000
I_324 0.000 777.529 8.000
H_325 -11.652 -583.484 11.000
E_326 -24.169 -605.239 13.000
S_327 -21.060 -90.060 18.000
Q_328 -26.485 -643.904 16.000
R_329 -31.716 -1015.709 15.000
G_330 0.000 -27.649 16.000
T_331 -20.609 -90.974 17.000
D_332 -23.258 -475.402 12.000
R_333 -28.412 -1015.709 12.000
I_334 0.000 777.529 11.000
G_335 0.000 -27.649 7.000
Y_336 -1.718 -274.939 2.000
F_337 0.000 560.542 2.000
P_338 0.000 -195.996 2.000
P_339 0.000 -195.996 0.000
G_340 0.000 -27.649 0.000
I_341 0.000 777.529 4.000
V_342 0.000 613.196 4.000
E_343 -7.878 -605.239 4.000
V_344 0.000 613.196 7.000
V_345 0.000 613.196 10.000
S_346 -17.098 -90.060 11.000
K_347 -17.098 -818.649 11.000
R_348 -27.076 -1015.709 11.000
V_349 0.000 613.196 8.000
G_350 0.000 -27.649 5.000
I_351 0.000 777.529 0.000
P_352 0.000 -195.996 0.000
A_353 0.000 185.740 5.000
A_354 0.000 185.740 5.000
R_355 -11.867 -1015.709 5.000
L_356 0.000 679.918 8.000
P_357 0.000 -195.996 8.000
S_358 -4.441 -90.060 3.000
A_359 0.000 185.740 6.000
P_360 0.000 -195.996 6.000
T_361 -4.441 -90.974 3.000
P_362 0.000 -195.996 8.000
L_363 0.000 679.918 8.000
R_364 -11.867 -1015.709 5.000
P_365 0.000 -195.996 5.000
G_366 0.000 -27.649 8.000
F_367 0.000 560.542 8.000
S_368 -17.098 -90.060 11.000
R_369 -27.076 -1015.709 11.000
T_370 -19.613 -90.974 15.000
P_371 0.000 -195.996 12.000
Q_372 -16.691 -643.904 7.000
P_373 0.000 -195.996 4.000
P_374 0.000 -195.996 8.000
A_375 0.000 185.740 8.000
E_376 -18.409 -605.239 8.000
E_377 -18.409 -605.239 8.000
P_378 0.000 -195.996 10.000
P_379 0.000 -195.996 6.000
H_380 -1.718 -583.484 2.000
P_381 0.000 -195.996 5.000
L_382 0.000 679.918 7.000
T_383 -14.420 -90.974 8.000
Y_384 -12.104 -274.939 12.000
S_385 -17.811 -90.060 12.000
Q_386 -19.866 -643.904 9.000
L_387 0.000 679.918 12.000
P_388 0.000 -195.996 9.000
R_389 -11.867 -1015.709 5.000
V_390 0.000 613.196 5.000
G_391 0.000 -27.649 8.000
L_392 0.000 679.918 3.000
S_393 -13.255 -90.060 7.000
P_394 0.000 -195.996 10.000
D_395 -21.132 -475.402 10.000
S_396 -13.255 -90.060 7.000
P_397 0.000 -195.996 7.000
A_398 0.000 185.740 7.000
G_399 0.000 -27.649 9.000
D_400 -24.169 -475.402 13.000
R_401 -32.645 -1015.709 16.000
N_402 -26.485 -507.047 16.000
S_403 -17.811 -90.060 12.000
V_404 0.000 613.196 10.000
G_405 0.000 -27.649 10.000
S_406 -13.255 -90.060 7.000
E_407 -21.132 -605.239 10.000
G_408 0.000 -27.649 10.000
S_409 -13.255 -90.060 7.000
V_410 0.000 613.196 6.000
G_411 0.000 -27.649 6.000
S_412 -14.420 -90.060 8.000
I_413 0.000 777.529 11.000
R_414 -27.076 -1015.709 11.000
S_415 -14.420 -90.060 8.000
A_416 0.000 185.740 11.000
G_417 0.000 -27.649 6.000
S_418 -13.255 -90.060 7.000
G_419 0.000 -27.649 10.000
Q_420 -24.169 -643.904 13.000
S_421 -19.059 -90.060 14.000
S_422 -19.059 -90.060 14.000
E_423 -24.169 -605.239 13.000
G_424 0.000 -27.649 14.000
T_425 -17.098 -90.974 11.000
N_426 -19.866 -507.047 9.000
G_427 0.000 -27.649 9.000
H_428 -8.431 -583.484 6.000
G_429 0.000 -27.649 2.000
P_430 0.000 -195.996 2.000
G_431 0.000 -27.649 0.000
L_432 0.000 679.918 0.000
L_433 0.000 679.918 4.000
I_434 0.000 777.529 8.000
E_435 -18.409 -605.239 8.000
N_436 -23.258 -507.047 12.000
A_437 0.000 185.740 12.000
Q_438 -18.409 -643.904 8.000
P_439 0.000 -195.996 4.000
L_440 0.000 679.918 7.000
P_441 0.000 -195.996 3.000
S_442 -4.441 -90.060 3.000
A_443 0.000 185.740 7.000
G_444 0.000 -27.649 11.000
E_445 -23.258 -605.239 12.000
D_446 -23.258 -475.402 12.000
Q_447 -23.258 -643.904 12.000
V_448 0.000 613.196 8.000
L_449 0.000 679.918 4.000
P_450 0.000 -195.996 0.000
G_451 0.000 -27.649 2.000
L_452 0.000 679.918 2.000
H_453 -1.718 -583.484 2.000
P_454 0.000 -195.996 5.000
P_455 0.000 -195.996 5.000
S_456 -4.441 -90.060 3.000
L_457 0.000 679.918 7.000
A_458 0.000 185.740 11.000
D_459 -18.409 -475.402 8.000
N_460 -22.253 -507.047 11.000
L_461 0.000 679.918 13.000
S_462 -19.059 -90.060 14.000
H_463 -11.154 -583.484 10.000
R_464 -25.574 -1015.709 10.000
P_465 0.000 -195.996 7.000
L_466 0.000 679.918 9.000
A_467 0.000 185.740 4.000
N_468 -19.866 -507.047 9.000
C_469 0.000 322.480 12.000
R_470 -28.412 -1015.709 12.000
S_471 -17.811 -90.060 12.000
G_472 0.000 -27.649 16.000
E_473 -22.253 -605.239 11.000
Q_474 -18.409 -643.904 8.000
I_475 0.000 777.529 11.000
F_476 0.000 560.542 11.000
T_477 -17.098 -90.974 11.000
Q_478 -22.253 -643.904 11.000
D_479 -26.485 -475.402 16.000
V_480 0.000 613.196 13.000
R_481 -29.616 -1015.709 13.000
P_482 0.000 -195.996 13.000
E_483 -24.169 -605.239 13.000
Q_484 -18.409 -643.904 8.000
L_485 0.000 679.918 12.000
L_486 0.000 679.918 8.000
E_487 -16.691 -605.239 7.000
G_488 0.000 -27.649 11.000
K_489 -17.098 -818.649 11.000
D_490 -22.253 -475.402 11.000
A_491 0.000 185.740 11.000
Q_492 -18.409 -643.904 8.000
A_493 0.000 185.740 6.000
I_494 0.000 777.529 10.000
H_495 -9.265 -583.484 7.000
N_496 -16.691 -507.047 7.000
W_497 -5.708 -203.500 10.000
L_498 0.000 679.918 12.000
S_499 -14.420 -90.060 8.000
E_500 -22.253 -605.239 11.000
F_501 0.000 560.542 11.000
Q_502 -23.258 -643.904 12.000
L_503 0.000 679.918 8.000
E_504 -21.132 -605.239 10.000
G_505 0.000 -27.649 9.000
Y_506 -10.601 -274.939 9.000
T_507 -13.255 -90.974 7.000
A_508 0.000 185.740 7.000
H_509 -7.426 -583.484 5.000
F_510 0.000 560.542 6.000
L_511 0.000 679.918 6.000
Q_512 -7.878 -643.904 4.000
A_513 0.000 185.740 6.000
G_514 0.000 -27.649 10.000
Y_515 -8.431 -274.939 6.000
D_516 -14.591 -475.402 6.000
V_517 0.000 613.196 9.000
P_518 0.000 -195.996 7.000
T_519 -11.867 -90.974 6.000
I_520 0.000 777.529 11.000
S_521 -17.098 -90.060 11.000
R_522 -27.076 -1015.709 11.000
M_523 0.000 401.769 11.000
T_524 -17.811 -90.974 12.000
P_525 0.000 -195.996 11.000
E_526 -22.253 -605.239 11.000
D_527 -22.253 -475.402 11.000
L_528 0.000 679.918 11.000
T_529 -13.255 -90.974 7.000
A_530 0.000 185.740 3.000
I_531 0.000 777.529 3.000
G_532 0.000 -27.649 3.000
V_533 0.000 613.196 6.000
T_534 -11.867 -90.974 6.000
K_535 -11.867 -818.649 6.000
P_536 0.000 -195.996 8.000
G_537 0.000 -27.649 10.000
H_538 -11.154 -583.484 10.000
R_539 -29.616 -1015.709 13.000
K_540 -18.462 -818.649 13.000
K_541 -17.098 -818.649 11.000
I_542 0.000 777.529 9.000
A_543 0.000 185.740 10.000
S_544 -13.255 -90.060 7.000
E_545 -16.691 -605.239 7.000
I_546 0.000 777.529 11.000
A_547 0.000 185.740 8.000
Q_548 -16.691 -643.904 7.000
L_549 0.000 679.918 7.000
S_550 -13.255 -90.060 7.000
I_551 0.000 777.529 7.000
A_552 0.000 185.740 8.000
E_553 -11.867 -605.239 5.000
W_554 -3.990 -203.500 5.000
L_555 0.000 679.918 8.000
P_556 0.000 -195.996 6.000
S_557 -10.149 -90.060 5.000
Y_558 -7.426 -274.939 5.000
I_559 0.000 777.529 8.000
P_560 0.000 -195.996 9.000
T_561 -13.255 -90.974 7.000
D_562 -16.691 -475.402 7.000
L_563 0.000 679.918 11.000
L_564 0.000 679.918 9.000
E_565 -11.867 -605.239 5.000
W_566 -3.990 -203.500 5.000
L_567 0.000 679.918 5.000
C_568 0.000 322.480 1.000
A_569 0.000 185.740 0.000
L_570 0.000 679.918 0.000
G_571 0.000 -27.649 0.000
L_572 0.000 679.918 4.000
P_573 0.000 -195.996 6.000
Q_574 -18.409 -643.904 8.000
Y_575 -11.652 -274.939 11.000
H_576 -13.255 -583.484 15.000
K_577 -17.098 -818.649 11.000
Q_578 -19.866 -643.904 9.000
L_579 0.000 679.918 10.000
V_580 0.000 613.196 10.000
S_581 -11.867 -90.060 6.000
S_582 -14.420 -90.060 8.000
G_583 0.000 -27.649 12.000
Y_584 -12.104 -274.939 12.000
D_585 -19.866 -475.402 9.000
S_586 -15.425 -90.060 9.000
M_587 0.000 401.769 7.000
G_588 0.000 -27.649 3.000
L_589 0.000 679.918 0.000
V_590 0.000 613.196 4.000
A_591 0.000 185.740 4.000
D_592 -16.691 -475.402 7.000
L_593 0.000 679.918 8.000
T_594 -17.811 -90.974 12.000
W_595 -6.160 -203.500 12.000
E_596 -23.258 -605.239 12.000
E_597 -24.169 -605.239 13.000
L_598 0.000 679.918 16.000
Q_599 -23.258 -643.904 12.000
E_600 -18.409 -605.239 8.000
I_601 0.000 777.529 8.000
G_602 0.000 -27.649 8.000
V_603 0.000 613.196 7.000
N_604 -16.691 -507.047 7.000
K_605 -13.255 -818.649 7.000
L_606 0.000 679.918 9.000
G_607 0.000 -27.649 9.000
H_608 -10.601 -583.484 9.000
Q_609 -23.258 -643.904 12.000
K_610 -17.811 -818.649 12.000
K_611 -16.309 -818.649 10.000
L_612 0.000 679.918 6.000
M_613 0.000 401.769 3.000
L_614 0.000 679.918 0.000
G_615 0.000 -27.649 3.000
V_616 0.000 613.196 8.000
K_617 -14.420 -818.649 8.000
R_618 -21.845 -1015.709 8.000
L_619 0.000 679.918 12.000
A_620 0.000 185.740 9.000
E_621 -19.866 -605.239 9.000
L_622 0.000 679.918 14.000
R_623 -30.711 -1015.709 14.000
R_624 -25.574 -1015.709 10.000
G_625 0.000 -27.649 10.000
L_626 0.000 679.918 9.000
L_627 0.000 679.918 4.000
Q_628 -18.409 -643.904 8.000
G_629 0.000 -27.649 8.000
E_630 -18.409 -605.239 8.000
A_631 0.000 185.740 7.000
L_632 0.000 679.918 11.000
S_633 -13.255 -90.060 7.000
E_634 -16.691 -605.239 7.000
G_635 0.000 -27.649 12.000
G_636 0.000 -27.649 14.000
R_637 -25.574 -1015.709 10.000
R_638 -25.574 -1015.709 10.000
L_639 0.000 679.918 13.000
A_640 0.000 185.740 8.000
K_641 -4.441 -818.649 3.000
G_642 0.000 -27.649 7.000
P_643 0.000 -195.996 7.000
E_644 -7.878 -605.239 4.000
L_645 0.000 679.918 4.000
M_646 0.000 401.769 4.000
A_647 0.000 185.740 4.000
I_648 0.000 777.529 4.000
E_649 -7.878 -605.239 4.000
G_650 0.000 -27.649 8.000
L_651 0.000 679.918 12.000
E_652 -18.409 -605.239 8.000
N_653 -23.258 -507.047 12.000
G_654 0.000 -27.649 12.000
E_655 -18.409 -605.239 8.000
G_656 0.000 -27.649 4.000
P_657 0.000 -195.996 7.000
A_658 0.000 185.740 3.000
T_659 -4.441 -90.974 3.000
A_660 0.000 185.740 3.000
G_661 0.000 -27.649 8.000
P_662 0.000 -195.996 5.000
R_663 -11.867 -1015.709 5.000
L_664 0.000 679.918 8.000
L_665 0.000 679.918 8.000
T_666 -13.255 -90.974 7.000
F_667 0.000 560.542 7.000
Q_668 -21.132 -643.904 10.000
G_669 0.000 -27.649 11.000
S_670 -17.098 -90.060 11.000
E_671 -21.132 -605.239 10.000
L_672 0.000 679.918 10.000
S_673 -17.098 -90.060 11.000
P_674 0.000 -195.996 7.000
E_675 -22.253 -605.239 11.000
L_676 0.000 679.918 8.000
Q_677 -18.409 -643.904 8.000
A_678 0.000 185.740 4.000
A_679 0.000 185.740 4.000
M_680 0.000 401.769 0.000
A_681 0.000 185.740 0.000
G_682 0.000 -27.649 0.000
G_683 0.000 -27.649 0.000
G_684 0.000 -27.649 4.000
P_685 0.000 -195.996 4.000
E_686 -7.878 -605.239 4.000
P_687 0.000 -195.996 4.000
L_688 0.000 679.918 4.000
P_689 0.000 -195.996 0.000
L_690 0.000 679.918 0.000
P_691 0.000 -195.996 0.000
P_692 0.000 -195.996 5.000
A_693 0.000 185.740 8.000
R_694 -21.845 -1015.709 8.000
S_695 -17.098 -90.060 11.000
P_696 0.000 -195.996 15.000
S_697 -19.059 -90.060 14.000
Q_698 -25.003 -643.904 14.000
E_699 -25.003 -605.239 14.000
S_700 -17.098 -90.060 11.000
I_701 0.000 777.529 7.000
G_702 0.000 -27.649 8.000
A_703 0.000 185.740 8.000
R_704 -29.616 -1015.709 13.000
S_705 -18.462 -90.060 13.000
R_706 -32.645 -1015.709 16.000
G_707 0.000 -27.649 11.000
S_708 -16.309 -90.060 10.000
G_709 0.000 -27.649 8.000
H_710 -12.104 -583.484 12.000
S_711 -18.462 -90.060 13.000
Q_712 -27.150 -643.904 17.000
E_713 -25.772 -605.239 15.000
Q_714 -23.258 -643.904 12.000
P_715 0.000 -195.996 8.000
A_716 0.000 185.740 8.000
P_717 0.000 -195.996 4.000
Q_718 -16.691 -643.904 7.000
P_719 0.000 -195.996 7.000
S_720 -13.255 -90.060 7.000
G_721 0.000 -27.649 7.000
G_722 0.000 -27.649 7.000
D_723 -16.691 -475.402 7.000
P_724 0.000 -195.996 7.000
S_725 -13.255 -90.060 7.000
P_726 0.000 -195.996 7.000
P_727 0.000 -195.996 11.000
Q_728 -24.169 -643.904 13.000
E_729 -27.150 -605.239 17.000
R_730 -33.508 -1015.709 17.000
N_731 -24.169 -507.047 13.000
L_732 0.000 679.918 13.000
P_733 0.000 -195.996 8.000
E_734 -16.691 -605.239 7.000
G_735 0.000 -27.649 11.000
T_736 -20.127 -90.974 16.000
E_737 -23.258 -605.239 12.000
R_738 -28.412 -1015.709 12.000
P_739 0.000 -195.996 12.000
P_740 0.000 -195.996 8.000
K_741 -4.441 -818.649 3.000
L_742 0.000 679.918 6.000
C_743 0.000 322.480 9.000
S_744 -11.867 -90.060 6.000
S_745 -11.867 -90.060 6.000
L_746 0.000 679.918 6.000
P_747 0.000 -195.996 7.000
G_748 0.000 -27.649 4.000
Q_749 -7.878 -643.904 4.000
G_750 0.000 -27.649 4.000
P_751 0.000 -195.996 4.000
P_752 0.000 -195.996 2.000
P_753 0.000 -195.996 2.000
Y_754 -1.718 -274.939 2.000
V_755 0.000 613.196 2.000
F_756 0.000 560.542 4.000
M_757 0.000 401.769 2.000
Y_758 -8.431 -274.939 6.000
P_759 0.000 -195.996 6.000
Q_760 -19.866 -643.904 9.000
G_761 0.000 -27.649 7.000
S_762 -16.309 -90.060 10.000
P_763 0.000 -195.996 9.000
S_764 -15.425 -90.060 9.000
S_765 -11.867 -90.060 6.000
P_766 0.000 -195.996 6.000
A_767 0.000 185.740 3.000
P_768 0.000 -195.996 0.000
G_769 0.000 -27.649 0.000
P_770 0.000 -195.996 0.000
P_771 0.000 -195.996 0.000
P_772 0.000 -195.996 0.000
G_773 0.000 -27.649 0.000
A_774 0.000 185.740 1.000
P_775 0.000 -195.996 1.000
W_776 -0.000 -203.500 1.000
A_777 0.000 185.740 4.000
F_778 0.000 560.542 6.000
S_779 -10.149 -90.060 5.000
Y_780 -7.426 -274.939 5.000
L_781 0.000 679.918 5.000
A_782 0.000 185.740 2.000
G_783 0.000 -27.649 0.000
P_784 0.000 -195.996 0.000
P_785 0.000 -195.996 3.000
A_786 0.000 185.740 3.000
T_787 -4.441 -90.974 3.000
P_788 0.000 -195.996 7.000
P_789 0.000 -195.996 7.000
D_790 -7.878 -475.402 4.000
P_791 0.000 -195.996 9.000
P_792 0.000 -195.996 9.000
R_793 -21.845 -1015.709 8.000
P_794 0.000 -195.996 13.000
K_795 -21.060 -818.649 18.000
R_796 -32.645 -1015.709 16.000
R_797 -34.315 -1015.709 18.000
S_798 -21.060 -90.060 18.000
H_799 -12.518 -583.484 13.000
S_800 -17.098 -90.060 11.000
L_801 0.000 679.918 13.000
S_802 -17.098 -90.060 11.000
R_803 -21.845 -1015.709 8.000
P_804 0.000 -195.996 8.000
G_805 0.000 -27.649 8.000
P_806 0.000 -195.996 7.000
T_807 -13.255 -90.974 7.000
E_808 -22.253 -605.239 11.000
G_809 0.000 -27.649 11.000
D_810 -23.258 -475.402 12.000
A_811 0.000 185.740 8.000
E_812 -23.258 -605.239 12.000
G_813 0.000 -27.649 8.000
E_814 -23.258 -605.239 12.000
A_815 0.000 185.740 8.000
E_816 -18.409 -605.239 8.000
G_817 0.000 -27.649 4.000
P_818 0.000 -195.996 4.000
V_819 0.000 613.196 3.000
G_820 0.000 -27.649 6.000
S_821 -11.867 -90.060 6.000
T_822 -11.867 -90.974 6.000
L_823 0.000 679.918 9.000
G_824 0.000 -27.649 8.000
S_825 -10.149 -90.060 5.000
Y_826 -9.978 -274.939 8.000
A_827 0.000 185.740 8.000
T_828 -14.420 -90.974 8.000
L_829 0.000 679.918 11.000
T_830 -20.127 -90.974 16.000
R_831 -29.616 -1015.709 13.000
R_832 -29.616 -1015.709 13.000
P_833 0.000 -195.996 15.000
G_834 0.000 -27.649 13.000
R_835 -21.845 -1015.709 8.000
S_836 -14.420 -90.060 8.000
A_837 0.000 185.740 8.000
L_838 0.000 679.918 8.000
V_839 0.000 613.196 8.000
R_840 -27.076 -1015.709 11.000
T_841 -17.098 -90.974 11.000
S_842 -19.059 -90.060 14.000
P_843 0.000 -195.996 9.000
S_844 -15.425 -90.060 9.000
V_845 0.000 613.196 6.000
T_846 -15.425 -90.974 9.000
P_847 0.000 -195.996 6.000
T_848 -11.867 -90.974 6.000
P_849 0.000 -195.996 8.000
A_850 0.000 185.740 8.000
R_851 -21.845 -1015.709 8.000
G_852 0.000 -27.649 8.000
T_853 -18.462 -90.974 13.000
P_854 0.000 -195.996 11.000
R_855 -31.716 -1015.709 15.000
S_856 -19.613 -90.060 15.000
Q_857 -25.772 -643.904 15.000
S_858 -16.309 -90.060 10.000
F_859 0.000 560.542 7.000
A_860 0.000 185.740 8.000
L_861 0.000 679.918 5.000
R_862 -25.574 -1015.709 10.000
A_863 0.000 185.740 15.000
R_864 -34.315 -1015.709 18.000
R_865 -29.616 -1015.709 13.000
K_866 -18.462 -818.649 13.000
G_867 0.000 -27.649 8.000
P_868 0.000 -195.996 3.000
P_869 0.000 -195.996 0.000
P_870 0.000 -195.996 0.000
P_871 0.000 -195.996 0.000
P_872 0.000 -195.996 3.000
P_873 0.000 -195.996 8.000
K_874 -14.420 -818.649 8.000
R_875 -27.076 -1015.709 11.000
L_876 0.000 679.918 14.000
S_877 -17.098 -90.060 11.000
S_878 -15.425 -90.060 9.000
V_879 0.000 613.196 9.000
S_880 -11.867 -90.060 6.000
G_881 0.000 -27.649 6.000
P_882 0.000 -195.996 6.000
S_883 -13.255 -90.060 7.000
P_884 0.000 -195.996 7.000
E_885 -16.691 -605.239 7.000
P_886 0.000 -195.996 4.000
P_887 0.000 -195.996 4.000
P_888 0.000 -195.996 4.000
L_889 0.000 679.918 8.000
D_890 -22.253 -475.402 11.000
E_891 -22.253 -605.239 11.000
S_892 -17.098 -90.060 11.000
P_893 0.000 -195.996 7.000
G_894 0.000 -27.649 6.000
P_895 0.000 -195.996 7.000
K_896 -13.255 -818.649 7.000
E_897 -16.691 -605.239 7.000
G_898 0.000 -27.649 10.000
A_899 0.000 185.740 7.000
T_900 -4.441 -90.974 3.000
G_901 0.000 -27.649 8.000
P_902 0.000 -195.996 13.000
R_903 -31.716 -1015.709 15.000
R_904 -34.315 -1015.709 18.000
R_905 -34.315 -1015.709 18.000
T_906 -20.127 -90.974 16.000
L_907 0.000 679.918 15.000
S_908 -16.309 -90.060 10.000
E_909 -16.691 -605.239 7.000
P_910 0.000 -195.996 7.000
A_911 0.000 185.740 4.000
G_912 0.000 -27.649 3.000
P_913 0.000 -195.996 7.000
S_914 -13.255 -90.060 7.000
E_915 -16.691 -605.239 7.000
P_916 0.000 -195.996 7.000
P_917 0.000 -195.996 4.000
G_918 0.000 -27.649 0.000
P_919 0.000 -195.996 0.000
P_920 0.000 -195.996 0.000
A_921 0.000 185.740 0.000
P_922 0.000 -195.996 0.000
A_923 0.000 185.740 0.000
G_924 0.000 -27.649 0.000
P_925 0.000 -195.996 3.000
A_926 0.000 185.740 7.000
S_927 -16.309 -90.060 10.000
D_928 -25.003 -475.402 14.000
T_929 -21.060 -90.974 18.000
E_930 -28.359 -605.239 19.000
E_931 -28.359 -605.239 19.000
E_932 -26.485 -605.239 16.000
E_933 -23.258 -605.239 12.000
P_934 0.000 -195.996 8.000
G_935 0.000 -27.649 8.000
P_936 0.000 -195.996 4.000
E_937 -16.691 -605.239 7.000
G_938 0.000 -27.649 7.000
T_939 -13.255 -90.974 7.000
P_940 0.000 -195.996 6.000
P_941 0.000 -195.996 11.000
S_942 -14.420 -90.060 8.000
R_943 -27.076 -1015.709 11.000
G_944 0.000 -27.649 14.000
S_945 -17.098 -90.060 11.000
S_946 -16.309 -90.060 10.000
G_947 0.000 -27.649 10.000
E_948 -16.691 -605.239 7.000
G_949 0.000 -27.649 4.000
L_950 0.000 679.918 4.000
P_951 0.000 -195.996 0.000
F_952 0.000 560.542 4.000
A_953 0.000 185.740 8.000
E_954 -18.409 -605.239 8.000
E_955 -23.258 -605.239 12.000
G_956 0.000 -27.649 12.000
N_957 -22.253 -507.047 11.000
L_958 0.000 679.918 7.000
T_959 -16.309 -90.974 10.000
I_960 0.000 777.529 10.000
K_961 -19.613 -818.649 15.000
Q_962 -23.258 -643.904 12.000
R_963 -31.716 -1015.709 15.000
P_964 0.000 -195.996 12.000
K_965 -14.420 -818.649 8.000
P_966 0.000 -195.996 3.000
A_967 0.000 185.740 3.000
G_968 0.000 -27.649 0.000
P_969 0.000 -195.996 0.000
P_970 0.000 -195.996 5.000
P_971 0.000 -195.996 9.000
R_972 -28.412 -1015.709 12.000
E_973 -23.258 -605.239 12.000
T_974 -17.811 -90.974 12.000
P_975 0.000 -195.996 7.000
V_976 0.000 613.196 3.000
P_977 0.000 -195.996 0.000
P_978 0.000 -195.996 0.000
G_979 0.000 -27.649 4.000
L_980 0.000 679.918 4.000
D_981 -18.409 -475.402 8.000
F_982 0.000 560.542 8.000
N_983 -22.253 -507.047 11.000
L_984 0.000 679.918 11.000
T_985 -19.059 -90.974 14.000
E_986 -25.003 -605.239 14.000
S_987 -20.609 -90.060 17.000
D_988 -25.003 -475.402 14.000
T_989 -18.462 -90.974 13.000
V_990 0.000 613.196 15.000
K_991 -20.127 -818.649 16.000
R_992 -29.616 -1015.709 13.000
R_993 -32.645 -1015.709 16.000
P_994 0.000 -195.996 13.000
K_995 -18.462 -818.649 13.000
C_996 0.000 322.480 12.000
R_997 -33.508 -1015.709 17.000
E_998 -27.773 -605.239 18.000
R_999 -34.315 -1015.709 18.000
E_1000 -24.169 -605.239 13.000
P_1001 0.000 -195.996 13.000
L_1002 0.000 679.918 11.000
Q_1003 -16.691 -643.904 7.000
T_1004 -13.255 -90.974 7.000
A_1005 0.000 185.740 7.000
L_1006 0.000 679.918 3.000
L_1007 0.000 679.918 0.000
A_1008 0.000 185.740 0.000
F_1009 0.000 560.542 0.000
G_1010 0.000 -27.649 0.000
V_1011 0.000 613.196 3.000
A_1012 0.000 185.740 3.000
S_1013 -11.867 -90.060 6.000
A_1014 0.000 185.740 6.000
T_1015 -11.867 -90.974 6.000
P_1016 0.000 -195.996 3.000
G_1017 0.000 -27.649 3.000
P_1018 0.000 -195.996 0.000
A_1019 0.000 185.740 0.000
A_1020 0.000 185.740 0.000
P_1021 0.000 -195.996 0.000
L_1022 0.000 679.918 3.000
P_1023 0.000 -195.996 3.000
S_1024 -11.867 -90.060 6.000
P_1025 0.000 -195.996 6.000
T_1026 -11.867 -90.974 6.000
P_1027 0.000 -195.996 7.000
G_1028 0.000 -27.649 10.000
E_1029 -16.691 -605.239 7.000
S_1030 -13.255 -90.060 7.000
P_1031 0.000 -195.996 7.000
P_1032 0.000 -195.996 6.000
A_1033 0.000 185.740 6.000
S_1034 -11.867 -90.060 6.000
S_1035 -11.867 -90.060 6.000
L_1036 0.000 679.918 10.000
P_1037 0.000 -195.996 7.000
Q_1038 -18.409 -643.904 8.000
P_1039 0.000 -195.996 8.000
E_1040 -22.253 -605.239 11.000
P_1041 0.000 -195.996 10.000
S_1042 -16.309 -90.060 10.000
S_1043 -11.867 -90.060 6.000
L_1044 0.000 679.918 6.000
P_1045 0.000 -195.996 7.000
A_1046 0.000 185.740 4.000
Q_1047 -7.878 -643.904 4.000
G_1048 0.000 -27.649 4.000
V_1049 0.000 613.196 7.000
P_1050 0.000 -195.996 3.000
T_1051 -4.441 -90.974 3.000
P_1052 0.000 -195.996 3.000
L_1053 0.000 679.918 3.000
A_1054 0.000 185.740 3.000
P_1055 0.000 -195.996 3.000
S_1056 -4.441 -90.060 3.000
P_1057 0.000 -195.996 3.000
A_1058 0.000 185.740 7.000
M_1059 0.000 401.769 4.000
Q_1060 -7.878 -643.904 4.000
P_1061 0.000 -195.996 4.000
P_1062 0.000 -195.996 4.000
V_1063 0.000 613.196 0.000
P_1064 0.000 -195.996 0.000
P_1065 0.000 -195.996 0.000
C_1066 0.000 322.480 0.000
P_1067 0.000 -195.996 0.000
G_1068 0.000 -27.649 0.000
P_1069 0.000 -195.996 0.000
G_1070 0.000 -27.649 4.000
L_1071 0.000 679.918 7.000
E_1072 -21.132 -605.239 10.000
S_1073 -16.309 -90.060 10.000
S_1074 -16.309 -90.060 10.000
A_1075 0.000 185.740 9.000
A_1076 0.000 185.740 11.000
S_1077 -15.425 -90.060 9.000
R_1078 -29.616 -1015.709 13.000
W_1079 -6.358 -203.500 13.000
N_1080 -25.003 -507.047 14.000
G_1081 0.000 -27.649 12.000
E_1082 -25.772 -605.239 15.000
T_1083 -17.098 -90.974 11.000
E_1084 -22.253 -605.239 11.000
P_1085 0.000 -195.996 7.000
P_1086 0.000 -195.996 4.000
A_1087 0.000 185.740 0.000
A_1088 0.000 185.740 0.000
P_1089 0.000 -195.996 0.000
A_1090 0.000 185.740 0.000
A_1091 0.000 185.740 0.000
L_1092 0.000 679.918 3.000
L_1093 0.000 679.918 3.000
K_1094 -4.441 -818.649 3.000
V_1095 0.000 613.196 3.000
P_1096 0.000 -195.996 3.000
G_1097 0.000 -27.649 0.000
A_1098 0.000 185.740 3.000
G_1099 0.000 -27.649 3.000
T_1100 -4.441 -90.974 3.000
A_1101 0.000 185.740 6.000
P_1102 0.000 -195.996 6.000
K_1103 -4.441 -818.649 3.000
P_1104 0.000 -195.996 6.000
V_1105 0.000 613.196 6.000
S_1106 -4.441 -90.060 3.000
V_1107 0.000 613.196 3.000
A_1108 0.000 185.740 6.000
C_1109 0.000 322.480 7.000
T_1110 -13.255 -90.974 7.000
Q_1111 -16.691 -643.904 7.000
L_1112 0.000 679.918 7.000
A_1113 0.000 185.740 7.000
F_1114 0.000 560.542 3.000
S_1115 -4.441 -90.060 3.000
G_1116 0.000 -27.649 6.000
P_1117 0.000 -195.996 6.000
K_1118 -4.441 -818.649 3.000
L_1119 0.000 679.918 3.000
A_1120 0.000 185.740 8.000
P_1121 0.000 -195.996 5.000
R_1122 -11.867 -1015.709 5.000
L_1123 0.000 679.918 5.000
G_1124 0.000 -27.649 10.000
P_1125 0.000 -195.996 5.000
R_1126 -11.867 -1015.709 5.000
P_1127 0.000 -195.996 5.000
V_1128 0.000 613.196 5.000
P_1129 0.000 -195.996 0.000
P_1130 0.000 -195.996 5.000
P_1131 0.000 -195.996 5.000
R_1132 -23.856 -1015.709 9.000
P_1133 0.000 -195.996 12.000
E_1134 -25.772 -605.239 15.000
S_1135 -16.309 -90.060 10.000
T_1136 -18.462 -90.974 13.000
G_1137 0.000 -27.649 9.000
T_1138 -11.867 -90.974 6.000
V_1139 0.000 613.196 3.000
G_1140 0.000 -27.649 3.000
P_1141 0.000 -195.996 4.000
G_1142 0.000 -27.649 4.000
Q_1143 -18.409 -643.904 8.000
A_1144 0.000 185.740 12.000
Q_1145 -27.150 -643.904 17.000
Q_1146 -24.169 -643.904 13.000
R_1147 -33.508 -1015.709 17.000
L_1148 0.000 679.918 17.000
E_1149 -26.485 -605.239 16.000
Q_1150 -25.003 -643.904 14.000
T_1151 -20.609 -90.974 17.000
S_1152 -20.127 -90.060 16.000
S_1153 -17.811 -90.060 12.000
S_1154 -15.425 -90.060 9.000
L_1155 0.000 679.918 6.000
A_1156 0.000 185.740 3.000
A_1157 0.000 185.740 0.000
A_1158 0.000 185.740 5.000
L_1159 0.000 679.918 5.000
R_1160 -11.867 -1015.709 5.000
A_1161 0.000 185.740 9.000
A_1162 0.000 185.740 12.000
E_1163 -21.132 -605.239 10.000
K_1164 -16.309 -818.649 10.000
S_1165 -16.309 -90.060 10.000
I_1166 0.000 777.529 9.000
G_1167 0.000 -27.649 9.000
T_1168 -16.309 -90.974 10.000
K_1169 -19.059 -818.649 14.000
E_1170 -27.773 -605.239 18.000
Q_1171 -25.772 -643.904 15.000
E_1172 -25.772 -605.239 15.000
G_1173 0.000 -27.649 11.000
T_1174 -16.309 -90.974 10.000
P_1175 0.000 -195.996 6.000
S_1176 -15.425 -90.060 9.000
A_1177 0.000 185.740 9.000
S_1178 -17.811 -90.060 12.000
T_1179 -17.098 -90.974 11.000
K_1180 -17.098 -818.649 11.000
H_1181 -9.978 -583.484 8.000
I_1182 0.000 777.529 9.000
L_1183 0.000 679.918 10.000
D_1184 -18.409 -475.402 8.000
D_1185 -22.253 -475.402 11.000
I_1186 0.000 777.529 14.000
S_1187 -16.309 -90.060 10.000
T_1188 -11.867 -90.974 6.000
M_1189 0.000 401.769 10.000
F_1190 0.000 560.542 7.000
D_1191 -7.878 -475.402 4.000
A_1192 0.000 185.740 4.000
L_1193 0.000 679.918 8.000
A_1194 0.000 185.740 8.000
D_1195 -18.409 -475.402 8.000
Q_1196 -23.258 -643.904 12.000
L_1197 0.000 679.918 12.000
D_1198 -18.409 -475.402 8.000
A_1199 0.000 185.740 4.000
M_1200 0.000 401.769 8.000
L_1201 0.000 679.918 4.000
D_1202 -7.878 -475.402 4.000
