M_1 0.000 401.769 0.000
A_2 0.000 185.740 0.000
G_3 0.000 -27.649 5.000
P_4 0.000 -195.996 5.000
R_5 -11.867 -1015.709 5.000
A_6 0.000 185.740 5.000
C_7 0.000 322.480 5.000
A_8 0.000 185.740 0.000
P_9 0.000 -195.996 0.000
L_10 0.000 679.918 0.000
L_11 0.000 679.918 0.000
L_12 0.000 679.918 0.000
L_13 0.000 679.918 0.000
L_14 0.000 679.918 0.000
L_15 0.000 679.918 0.000
L_16 0.000 679.918 4.000
G_17 0.000 -27.649 4.000
E_18 -7.878 -605.239 4.000
L_19 0.000 679.918 4.000
L_20 0.000 679.918 4.000
A_21 0.000 185.740 0.000
A_22 0.000 185.740 0.000
A_23 0.000 185.740 0.000
G_24 0.000 -27.649 4.000
A_25 0.000 185.740 9.000
Q_26 -19.866 -643.904 9.000
R_27 -23.856 -1015.709 9.000
V_28 0.000 613.196 9.000
G_29 0.000 -27.649 5.000
L_30 0.000 679.918 0.000
P_31 0.000 -195.996 0.000
G_32 0.000 -27.649 0.000
P_33 0.000 -195.996 0.000
P_34 0.000 -195.996 0.000
G_35 0.000 -27.649 0.000
P_36 0.000 -195.996 0.000
P_37 0.000 -195.996 0.000
G_38 0.000 -27.649 0.000
P_39 0.000 -195.996 0.000
P_40 0.000 -195.996 3.000
G_41 0.000 -27.649 3.000
K_42 -4.441 -818.649 3.000
P_43 0.000 -195.996 7.000
G_44 0.000 -27.649 11.000
Q_45 -18.409 -643.904 8.000
D_46 -18.409 -475.402 8.000
G_47 0.000 -27.649 12.000
I_48 0.000 777.529 8.000
D_49 -18.409 -475.402 8.000
G_50 0.000 -27.649 8.000
E_51 -18.409 -605.239 8.000
A_52 0.000 185.740 4.000
G_53 0.000 -27.649 4.000
P_54 0.000 -195.996 0.000
P_55 0.000 -195.996 0.000
G_56 0.000 -27.649 0.000
L_57 0.000 679.918 0.000
P_58 0.000 -195.996 0.000
G_59 0.000 -27.649 0.000
P_60 0.000 -195.996 0.000
P_61 0.000 -195.996 0.000
G_62 0.000 -27.649 3.000
P_63 0.000 -195.996 3.000
K_64 -4.441 -818.649 3.000
G_65 0.000 -27.649 3.000
A_66 0.000 185.740 3.000
P_67 0.000 -195.996 3.000
G_68 0.000 -27.649 3.000
K_69 -4.441 -818.649 3.000
P_70 0.000 -195.996 6.000
G_71 0.000 -27.649 6.000
K_72 -4.441 -818.649 3.000
P_73 0.000 -195.996 7.000
G_74 0.000 -27.649 7.000
E_75 -7.878 -605.239 4.000
A_76 0.000 185.740 4.000
G_77 0.000 -27.649 4.000
L_78 0.000 679.918 0.000
P_79 0.000 -195.996 0.000
G_80 0.000 -27.649 0.000
L_81 0.000 679.918 0.000
P_82 0.000 -195.996 0.000
G_83 0.000 -27.649 4.000
V_84 0.000 613.196 4.000
D_85 -7.878 -475.402 4.000
G_86 0.000 -27.649 7.000
L_87 0.000 679.918 7.000
T_88 -14.420 -90.974 8.000
G_89 0.000 -27.649 12.000
R_90 -28.412 -1015.709 12.000
D_91 -19.866 -475.402 9.000
G_92 0.000 -27.649 9.000
P_93 0.000 -195.996 4.000
P_94 0.000 -195.996 0.000
G_95 0.000 -27.649 3.000
P_96 0.000 -195.996 3.000
K_97 -4.441 -818.649 3.000
G_98 0.000 -27.649 3.000
A_99 0.000 185.740 3.000
P_100 0.000 -195.996 4.000
G_101 0.000 -27.649 9.000
E_102 -19.866 -605.239 9.000
R_103 -28.412 -1015.709 12.000
G_104 0.000 -27.649 12.000
S_105 -14.420 -90.060 8.000
L_106 0.000 679.918 3.000
G_107 0.000 -27.649 3.000
P_108 0.000 -195.996 0.000
P_109 0.000 -195.996 0.000
G_110 0.000 -27.649 0.000
P_111 0.000 -195.996 0.000
P_112 0.000 -195.996 0.000
G_113 0.000 -27.649 0.000
L_114 0.000 679.918 0.000
G_115 0.000 -27.649 3.000
G_116 0.000 -27.649 3.000
K_117 -4.441 -818.649 3.000
G_118 0.000 -27.649 3.000
L_119 0.000 679.918 3.000
P_120 0.000 -195.996 0.000
G_121 0.000 -27.649 0.000
P_122 0.000 -195.996 0.000
P_123 0.000 -195.996 4.000
G_124 0.000 -27.649 4.000
E_125 -7.878 -605.239 4.000
A_126 0.000 185.740 4.000
G_127 0.000 -27.649 7.000
V_128 0.000 613.196 3.000
S_129 -4.441 -90.060 3.000
G_130 0.000 -27.649 3.000
P_131 0.000 -195.996 3.000
P_132 0.000 -195.996 0.000
G_133 0.000 -27.649 0.000
G_134 0.000 -27.649 0.000
I_135 0.000 777.529 0.000
G_136 0.000 -27.649 5.000
L_137 0.000 679.918 5.000
R_138 -11.867 -1015.709 5.000
G_139 0.000 -27.649 5.000
P_140 0.000 -195.996 5.000
P_141 0.000 -195.996 0.000
G_142 0.000 -27.649 3.000
P_143 0.000 -195.996 3.000
S_144 -4.441 -90.060 3.000
G_145 0.000 -27.649 3.000
L_146 0.000 679.918 3.000
P_147 0.000 -195.996 0.000
G_148 0.000 -27.649 0.000
L_149 0.000 679.918 0.000
P_150 0.000 -195.996 0.000
G_151 0.000 -27.649 0.000
P_152 0.000 -195.996 0.000
P_153 0.000 -195.996 0.000
G_154 0.000 -27.649 0.000
P_155 0.000 -195.996 0.000
P_156 0.000 -195.996 0.000
G_157 0.000 -27.649 0.000
P_158 0.000 -195.996 0.000
P_159 0.000 -195.996 2.000
G_160 0.000 -27.649 2.000
H_161 -1.718 -583.484 2.000
P_162 0.000 -195.996 2.000
G_163 0.000 -27.649 2.000
V_164 0.000 613.196 0.000
L_165 0.000 679.918 4.000
P_166 0.000 -195.996 4.000
E_167 -7.878 -605.239 4.000
G_168 0.000 -27.649 7.000
A_169 0.000 185.740 11.000
T_170 -13.255 -90.974 7.000
D_171 -22.253 -475.402 11.000
L_172 0.000 679.918 11.000
Q_173 -18.409 -643.904 8.000
C_174 0.000 322.480 7.000
P_175 0.000 -195.996 7.000
S_176 -4.441 -90.060 3.000
I_177 0.000 777.529 3.000
C_178 0.000 322.480 3.000
P_179 0.000 -195.996 0.000
P_180 0.000 -195.996 0.000
G_181 0.000 -27.649 0.000
P_182 0.000 -195.996 0.000
P_183 0.000 -195.996 0.000
G_184 0.000 -27.649 0.000
P_185 0.000 -195.996 0.000
P_186 0.000 -195.996 0.000
G_187 0.000 -27.649 0.000
M_188 0.000 401.769 0.000
P_189 0.000 -195.996 0.000
G_190 0.000 -27.649 3.000
F_191 0.000 560.542 3.000
K_192 -4.441 -818.649 3.000
G_193 0.000 -27.649 6.000
P_194 0.000 -195.996 6.000
T_195 -10.149 -90.974 5.000
G_196 0.000 -27.649 8.000
Y_197 -9.978 -274.939 8.000
K_198 -15.425 -818.649 9.000
G_199 0.000 -27.649 13.000
E_200 -22.253 -605.239 11.000
Q_201 -23.258 -643.904 12.000
G_202 0.000 -27.649 12.000
E_203 -18.409 -605.239 8.000
V_204 0.000 613.196 7.000
G_205 0.000 -27.649 11.000
K_206 -13.255 -818.649 7.000
D_207 -22.253 -475.402 11.000
G_208 0.000 -27.649 14.000
E_209 -22.253 -605.239 11.000
K_210 -17.098 -818.649 11.000
G_211 0.000 -27.649 11.000
D_212 -16.691 -475.402 7.000
P_213 0.000 -195.996 4.000
G_214 0.000 -27.649 4.000
P_215 0.000 -195.996 0.000
P_216 0.000 -195.996 0.000
G_217 0.000 -27.649 0.000
P_218 0.000 -195.996 0.000
A_219 0.000 185.740 0.000
G_220 0.000 -27.649 0.000
L_221 0.000 679.918 0.000
P_222 0.000 -195.996 3.000
G_223 0.000 -27.649 3.000
S_224 -4.441 -90.060 3.000
V_225 0.000 613.196 3.000
G_226 0.000 -27.649 7.000
L_227 0.000 679.918 4.000
Q_228 -7.878 -643.904 4.000
G_229 0.000 -27.649 9.000
P_230 0.000 -195.996 9.000
R_231 -11.867 -1015.709 5.000
G_232 0.000 -27.649 10.000
L_233 0.000 679.918 10.000
R_234 -11.867 -1015.709 5.000
G_235 0.000 -27.649 5.000
L_236 0.000 679.918 5.000
P_237 0.000 -195.996 0.000
G_238 0.000 -27.649 0.000
P_239 0.000 -195.996 0.000
L_240 0.000 679.918 0.000
G_241 0.000 -27.649 0.000
P_242 0.000 -195.996 0.000
P_243 0.000 -195.996 4.000
G_244 0.000 -27.649 9.000
D_245 -19.866 -475.402 9.000
R_246 -23.856 -1015.709 9.000
G_247 0.000 -27.649 9.000
P_248 0.000 -195.996 5.000
I_249 0.000 777.529 0.000
G_250 0.000 -27.649 5.000
F_251 0.000 560.542 5.000
R_252 -11.867 -1015.709 5.000
G_253 0.000 -27.649 5.000
P_254 0.000 -195.996 5.000
P_255 0.000 -195.996 0.000
G_256 0.000 -27.649 0.000
I_257 0.000 777.529 0.000
P_258 0.000 -195.996 0.000
G_259 0.000 -27.649 0.000
A_260 0.000 185.740 0.000
P_261 0.000 -195.996 3.000
G_262 0.000 -27.649 3.000
K_263 -4.441 -818.649 3.000
A_264 0.000 185.740 7.000
G_265 0.000 -27.649 12.000
D_266 -19.866 -475.402 9.000
R_267 -29.616 -1015.709 13.000
G_268 0.000 -27.649 18.000
E_269 -25.003 -605.239 14.000
R_270 -23.856 -1015.709 9.000
G_271 0.000 -27.649 13.000
P_272 0.000 -195.996 9.000
E_273 -7.878 -605.239 4.000
G_274 0.000 -27.649 9.000
F_275 0.000 560.542 9.000
R_276 -11.867 -1015.709 5.000
G_277 0.000 -27.649 8.000
P_278 0.000 -195.996 8.000
K_279 -13.255 -818.649 7.000
G_280 0.000 -27.649 7.000
D_281 -16.691 -475.402 7.000
L_282 0.000 679.918 9.000
G_283 0.000 -27.649 9.000
R_284 -11.867 -1015.709 5.000
P_285 0.000 -195.996 5.000
G_286 0.000 -27.649 8.000
P_287 0.000 -195.996 3.000
K_288 -11.867 -818.649 6.000
G_289 0.000 -27.649 6.000
T_290 -11.867 -90.974 6.000
P_291 0.000 -195.996 3.000
G_292 0.000 -27.649 3.000
V_293 0.000 613.196 0.000
A_294 0.000 185.740 0.000
G_295 0.000 -27.649 3.000
P_296 0.000 -195.996 3.000
S_297 -13.255 -90.060 7.000
G_298 0.000 -27.649 7.000
E_299 -16.691 -605.239 7.000
P_300 0.000 -195.996 4.000
G_301 0.000 -27.649 4.000
M_302 0.000 401.769 0.000
P_303 0.000 -195.996 3.000
G_304 0.000 -27.649 7.000
K_305 -13.255 -818.649 7.000
D_306 -22.253 -475.402 11.000
G_307 0.000 -27.649 15.000
Q_308 -23.258 -643.904 12.000
N_309 -18.409 -507.047 8.000
G_310 0.000 -27.649 8.000
V_311 0.000 613.196 4.000
P_312 0.000 -195.996 0.000
G_313 0.000 -27.649 4.000
L_314 0.000 679.918 4.000
D_315 -18.409 -475.402 8.000
G_316 0.000 -27.649 11.000
Q_317 -22.253 -643.904 11.000
K_318 -17.098 -818.649 11.000
G_319 0.000 -27.649 11.000
E_320 -16.691 -605.239 7.000
A_321 0.000 185.740 9.000
G_322 0.000 -27.649 13.000
R_323 -23.856 -1015.709 9.000
N_324 -19.866 -507.047 9.000
G_325 0.000 -27.649 9.000
A_326 0.000 185.740 4.000
P_327 0.000 -195.996 4.000
G_328 0.000 -27.649 7.000
E_329 -16.691 -605.239 7.000
K_330 -13.255 -818.649 7.000
G_331 0.000 -27.649 11.000
P_332 0.000 -195.996 7.000
N_333 -7.878 -507.047 4.000
G_334 0.000 -27.649 4.000
L_335 0.000 679.918 4.000
P_336 0.000 -195.996 0.000
G_337 0.000 -27.649 0.000
L_338 0.000 679.918 0.000
P_339 0.000 -195.996 5.000
G_340 0.000 -27.649 5.000
R_341 -11.867 -1015.709 5.000
A_342 0.000 185.740 8.000
G_343 0.000 -27.649 11.000
S_344 -11.867 -90.060 6.000
K_345 -16.309 -818.649 10.000
G_346 0.000 -27.649 13.000
E_347 -21.132 -605.239 10.000
K_348 -17.098 -818.649 11.000
G_349 0.000 -27.649 16.000
E_350 -23.258 -605.239 12.000
R_351 -30.711 -1015.709 14.000
G_352 0.000 -27.649 14.000
R_353 -25.574 -1015.709 10.000
A_354 0.000 185.740 9.000
G_355 0.000 -27.649 9.000
E_356 -7.878 -605.239 4.000
L_357 0.000 679.918 8.000
G_358 0.000 -27.649 8.000
E_359 -7.878 -605.239 4.000
A_360 0.000 185.740 4.000
G_361 0.000 -27.649 7.000
P_362 0.000 -195.996 3.000
S_363 -13.255 -90.060 7.000
G_364 0.000 -27.649 7.000
E_365 -16.691 -605.239 7.000
P_366 0.000 -195.996 4.000
G_367 0.000 -27.649 4.000
V_368 0.000 613.196 0.000
P_369 0.000 -195.996 4.000
G_370 0.000 -27.649 4.000
D_371 -7.878 -475.402 4.000
A_372 0.000 185.740 4.000
G_373 0.000 -27.649 4.000
M_374 0.000 401.769 0.000
P_375 0.000 -195.996 4.000
G_376 0.000 -27.649 9.000
E_377 -19.866 -605.239 9.000
R_378 -29.616 -1015.709 13.000
G_379 0.000 -27.649 13.000
E_380 -19.866 -605.239 9.000
A_381 0.000 185.740 6.000
G_382 0.000 -27.649 11.000
H_383 -9.265 -583.484 7.000
R_384 -25.574 -1015.709 10.000
G_385 0.000 -27.649 10.000
S_386 -14.420 -90.060 8.000
A_387 0.000 185.740 3.000
G_388 0.000 -27.649 3.000
A_389 0.000 185.740 0.000
L_390 0.000 679.918 0.000
G_391 0.000 -27.649 4.000
P_392 0.000 -195.996 4.000
Q_393 -7.878 -643.904 4.000
G_394 0.000 -27.649 4.000
P_395 0.000 -195.996 4.000
P_396 0.000 -195.996 0.000
G_397 0.000 -27.649 0.000
A_398 0.000 185.740 0.000
P_399 0.000 -195.996 0.000
G_400 0.000 -27.649 5.000
V_401 0.000 613.196 5.000
R_402 -11.867 -1015.709 5.000
G_403 0.000 -27.649 9.000
F_404 0.000 560.542 9.000
Q_405 -18.409 -643.904 8.000
G_406 0.000 -27.649 11.000
Q_407 -22.253 -643.904 11.000
K_408 -16.309 -818.649 10.000
G_409 0.000 -27.649 10.000
S_410 -11.867 -90.060 6.000
M_411 0.000 401.769 7.000
G_412 0.000 -27.649 7.000
D_413 -7.878 -475.402 4.000
P_414 0.000 -195.996 4.000
G_415 0.000 -27.649 4.000
L_416 0.000 679.918 0.000
P_417 0.000 -195.996 0.000
G_418 0.000 -27.649 4.000
P_419 0.000 -195.996 4.000
Q_420 -7.878 -643.904 4.000
G_421 0.000 -27.649 9.000
L_422 0.000 679.918 9.000
R_423 -23.856 -1015.709 9.000
G_424 0.000 -27.649 9.000
D_425 -19.866 -475.402 9.000
V_426 0.000 613.196 8.000
G_427 0.000 -27.649 13.000
D_428 -19.866 -475.402 9.000
R_429 -23.856 -1015.709 9.000
G_430 0.000 -27.649 9.000
P_431 0.000 -195.996 5.000
G_432 0.000 -27.649 0.000
G_433 0.000 -27.649 0.000
A_434 0.000 185.740 0.000
A_435 0.000 185.740 0.000
G_436 0.000 -27.649 3.000
P_437 0.000 -195.996 3.000
K_438 -13.255 -818.649 7.000
G_439 0.000 -27.649 11.000
D_440 -22.253 -475.402 11.000
Q_441 -18.409 -643.904 8.000
G_442 0.000 -27.649 8.000
I_443 0.000 777.529 4.000
A_444 0.000 185.740 3.000
G_445 0.000 -27.649 7.000
S_446 -13.255 -90.060 7.000
D_447 -16.691 -475.402 7.000
G_448 0.000 -27.649 7.000
L_449 0.000 679.918 4.000
P_450 0.000 -195.996 4.000
G_451 0.000 -27.649 7.000
D_452 -16.691 -475.402 7.000
K_453 -17.098 -818.649 11.000
G_454 0.000 -27.649 11.000
E_455 -16.691 -605.239 7.000
L_456 0.000 679.918 4.000
G_457 0.000 -27.649 7.000
P_458 0.000 -195.996 3.000
S_459 -4.441 -90.060 3.000
G_460 0.000 -27.649 3.000
L_461 0.000 679.918 3.000
V_462 0.000 613.196 0.000
G_463 0.000 -27.649 3.000
P_464 0.000 -195.996 3.000
K_465 -13.255 -818.649 7.000
G_466 0.000 -27.649 10.000
E_467 -21.132 -605.239 10.000
S_468 -16.309 -90.060 10.000
G_469 0.000 -27.649 15.000
S_470 -17.098 -90.060 11.000
R_471 -28.412 -1015.709 12.000
G_472 0.000 -27.649 12.000
E_473 -19.866 -605.239 9.000
L_474 0.000 679.918 4.000
G_475 0.000 -27.649 7.000
P_476 0.000 -195.996 3.000
K_477 -11.867 -818.649 6.000
G_478 0.000 -27.649 10.000
T_479 -16.309 -90.974 10.000
Q_480 -16.691 -643.904 7.000
G_481 0.000 -27.649 11.000
P_482 0.000 -195.996 8.000
N_483 -16.691 -507.047 7.000
G_484 0.000 -27.649 10.000
T_485 -16.309 -90.974 10.000
S_486 -11.867 -90.060 6.000
G_487 0.000 -27.649 10.000
V_488 0.000 613.196 7.000
Q_489 -7.878 -643.904 4.000
G_490 0.000 -27.649 4.000
V_491 0.000 613.196 4.000
P_492 0.000 -195.996 0.000
G_493 0.000 -27.649 0.000
P_494 0.000 -195.996 0.000
P_495 0.000 -195.996 0.000
G_496 0.000 -27.649 0.000
P_497 0.000 -195.996 0.000
L_498 0.000 679.918 0.000
G_499 0.000 -27.649 4.000
L_500 0.000 679.918 4.000
Q_501 -7.878 -643.904 4.000
G_502 0.000 -27.649 4.000
V_503 0.000 613.196 4.000
P_504 0.000 -195.996 0.000
G_505 0.000 -27.649 0.000
V_506 0.000 613.196 0.000
P_507 0.000 -195.996 0.000
G_508 0.000 -27.649 3.000
I_509 0.000 777.529 3.000
T_510 -11.867 -90.974 6.000
G_511 0.000 -27.649 6.000
K_512 -11.867 -818.649 6.000
P_513 0.000 -195.996 3.000
G_514 0.000 -27.649 3.000
V_515 0.000 613.196 0.000
P_516 0.000 -195.996 3.000
G_517 0.000 -27.649 7.000
K_518 -13.255 -818.649 7.000
E_519 -21.132 -605.239 10.000
A_520 0.000 185.740 14.000
S_521 -19.613 -90.060 15.000
E_522 -26.485 -605.239 16.000
Q_523 -26.485 -643.904 16.000
R_524 -34.315 -1015.709 18.000
I_525 0.000 777.529 18.000
R_526 -30.711 -1015.709 14.000
E_527 -19.866 -605.239 9.000
L_528 0.000 679.918 9.000
C_529 0.000 322.480 4.000
G_530 0.000 -27.649 0.000
G_531 0.000 -27.649 0.000
M_532 0.000 401.769 3.000
I_533 0.000 777.529 7.000
S_534 -17.098 -90.060 11.000
E_535 -22.253 -605.239 11.000
Q_536 -22.253 -643.904 11.000
I_537 0.000 777.529 12.000
A_538 0.000 185.740 8.000
Q_539 -7.878 -643.904 4.000
L_540 0.000 679.918 4.000
A_541 0.000 185.740 6.000
A_542 0.000 185.740 2.000
H_543 -9.265 -583.484 7.000
L_544 0.000 679.918 10.000
R_545 -25.574 -1015.709 10.000
K_546 -14.420 -818.649 8.000
P_547 0.000 -195.996 8.000
L_548 0.000 679.918 3.000
A_549 0.000 185.740 0.000
P_550 0.000 -195.996 3.000
G_551 0.000 -27.649 3.000
S_552 -4.441 -90.060 3.000
I_553 0.000 777.529 8.000
G_554 0.000 -27.649 8.000
R_555 -11.867 -1015.709 5.000
P_556 0.000 -195.996 5.000
G_557 0.000 -27.649 5.000
P_558 0.000 -195.996 0.000
A_559 0.000 185.740 0.000
G_560 0.000 -27.649 0.000
P_561 0.000 -195.996 0.000
P_562 0.000 -195.996 0.000
G_563 0.000 -27.649 0.000
P_564 0.000 -195.996 0.000
P_565 0.000 -195.996 0.000
G_566 0.000 -27.649 0.000
P_567 0.000 -195.996 0.000
P_568 0.000 -195.996 3.000
G_569 0.000 -27.649 3.000
S_570 -4.441 -90.060 3.000
I_571 0.000 777.529 5.000
G_572 0.000 -27.649 5.000
H_573 -1.718 -583.484 2.000
P_574 0.000 -195.996 2.000
G_575 0.000 -27.649 7.000
A_576 0.000 185.740 5.000
R_577 -11.867 -1015.709 5.000
G_578 0.000 -27.649 5.000
P_579 0.000 -195.996 5.000
P_580 0.000 -195.996 2.000
G_581 0.000 -27.649 7.000
Y_582 -9.265 -274.939 7.000
R_583 -19.414 -1015.709 7.000
G_584 0.000 -27.649 10.000
P_585 0.000 -195.996 8.000
T_586 -13.255 -90.974 7.000
G_587 0.000 -27.649 7.000
E_588 -16.691 -605.239 7.000
L_589 0.000 679.918 8.000
G_590 0.000 -27.649 8.000
D_591 -7.878 -475.402 4.000
P_592 0.000 -195.996 4.000
G_593 0.000 -27.649 9.000
P_594 0.000 -195.996 5.000
R_595 -23.856 -1015.709 9.000
G_596 0.000 -27.649 13.000
N_597 -24.169 -507.047 13.000
Q_598 -23.258 -643.904 12.000
G_599 0.000 -27.649 17.000
D_600 -24.169 -475.402 13.000
R_601 -29.616 -1015.709 13.000
G_602 0.000 -27.649 16.000
D_603 -23.258 -475.402 12.000
K_604 -13.255 -818.649 7.000
G_605 0.000 -27.649 7.000
A_606 0.000 185.740 3.000
A_607 0.000 185.740 0.000
G_608 0.000 -27.649 0.000
A_609 0.000 185.740 0.000
G_610 0.000 -27.649 4.000
L_611 0.000 679.918 4.000
D_612 -7.878 -475.402 4.000
G_613 0.000 -27.649 8.000
P_614 0.000 -195.996 8.000
E_615 -18.409 -605.239 8.000
G_616 0.000 -27.649 12.000
D_617 -23.258 -475.402 12.000
Q_618 -18.409 -643.904 8.000
G_619 0.000 -27.649 12.000
P_620 0.000 -195.996 8.000
Q_621 -7.878 -643.904 4.000
G_622 0.000 -27.649 8.000
P_623 0.000 -195.996 8.000
Q_624 -7.878 -643.904 4.000
G_625 0.000 -27.649 4.000
V_626 0.000 613.196 4.000
P_627 0.000 -195.996 3.000
G_628 0.000 -27.649 6.000
T_629 -15.425 -90.974 9.000
S_630 -18.462 -90.060 13.000
K_631 -18.462 -818.649 13.000
D_632 -25.003 -475.402 14.000
G_633 0.000 -27.649 15.000
Q_634 -23.258 -643.904 12.000
D_635 -18.409 -475.402 8.000
G_636 0.000 -27.649 8.000
A_637 0.000 185.740 4.000
P_638 0.000 -195.996 4.000
G_639 0.000 -27.649 4.000
E_640 -7.878 -605.239 4.000
P_641 0.000 -195.996 4.000
G_642 0.000 -27.649 4.000
P_643 0.000 -195.996 0.000
P_644 0.000 -195.996 4.000
G_645 0.000 -27.649 4.000
D_646 -7.878 -475.402 4.000
P_647 0.000 -195.996 4.000
G_648 0.000 -27.649 4.000
L_649 0.000 679.918 0.000
P_650 0.000 -195.996 0.000
G_651 0.000 -27.649 0.000
A_652 0.000 185.740 0.000
I_653 0.000 777.529 0.000
G_654 0.000 -27.649 4.000
A_655 0.000 185.740 4.000
Q_656 -16.691 -643.904 7.000
G_657 0.000 -27.649 7.000
T_658 -13.255 -90.974 7.000
P_659 0.000 -195.996 3.000
G_660 0.000 -27.649 3.000
I_661 0.000 777.529 4.000
C_662 0.000 322.480 7.000
D_663 -21.132 -475.402 10.000
T_664 -16.309 -90.974 10.000
S_665 -16.309 -90.060 10.000
A_666 0.000 185.740 10.000
C_667 0.000 322.480 7.000
Q_668 -7.878 -643.904 4.000
G_669 0.000 -27.649 4.000
A_670 0.000 185.740 4.000
V_671 0.000 613.196 0.000
L_672 0.000 679.918 0.000
G_673 0.000 -27.649 0.000
G_674 0.000 -27.649 0.000
V_675 0.000 613.196 4.000
G_676 0.000 -27.649 7.000
E_677 -21.132 -605.239 10.000
K_678 -16.309 -818.649 10.000
S_679 -18.462 -90.060 13.000
G_680 0.000 -27.649 14.000
S_681 -19.059 -90.060 14.000
R_682 -30.711 -1015.709 14.000
S_683 -19.059 -90.060 14.000
S_684 -17.098 -90.060 11.000
