M_1 0.000 401.769 0.000
G_2 0.000 -27.649 0.000
L_3 0.000 679.918 0.000
P_4 0.000 -195.996 0.000
G_5 0.000 -27.649 0.000
L_6 0.000 679.918 0.000
F_7 0.000 560.542 0.000
C_8 0.000 322.480 0.000
L_9 0.000 679.918 0.000
A_10 0.000 185.740 0.000
V_11 0.000 613.196 0.000
L_12 0.000 679.918 0.000
A_13 0.000 185.740 3.000
A_14 0.000 185.740 6.000
S_15 -11.867 -90.060 6.000
S_16 -15.425 -90.060 9.000
F_17 0.000 560.542 12.000
S_18 -15.425 -90.060 9.000
K_19 -17.098 -818.649 11.000
A_20 0.000 185.740 15.000
R_21 -32.645 -1015.709 16.000
E_22 -27.150 -605.239 17.000
E_23 -27.150 -605.239 17.000
E_24 -25.772 -605.239 15.000
I_25 0.000 777.529 11.000
T_26 -13.255 -90.974 7.000
P_27 0.000 -195.996 3.000
V_28 0.000 613.196 6.000
V_29 0.000 613.196 3.000
S_30 -4.441 -90.060 3.000
I_31 0.000 777.529 5.000
A_32 0.000 185.740 8.000
Y_33 -7.426 -274.939 5.000
K_34 -10.149 -818.649 5.000
V_35 0.000 613.196 9.000
L_36 0.000 679.918 7.000
E_37 -7.878 -605.239 4.000
V_38 0.000 613.196 4.000
F_39 0.000 560.542 7.000
P_40 0.000 -195.996 3.000
K_41 -14.420 -818.649 8.000
G_42 0.000 -27.649 9.000
R_43 -23.856 -1015.709 9.000
W_44 -4.441 -203.500 6.000
V_45 0.000 613.196 6.000
L_46 0.000 679.918 4.000
I_47 0.000 777.529 3.000
T_48 -4.441 -90.974 3.000
C_49 0.000 322.480 3.000
C_50 0.000 322.480 3.000
A_51 0.000 185.740 4.000
P_52 0.000 -195.996 4.000
Q_53 -7.878 -643.904 4.000
P_54 0.000 -195.996 4.000
P_55 0.000 -195.996 4.000
P_56 0.000 -195.996 0.000
P_57 0.000 -195.996 3.000
I_58 0.000 777.529 5.000
T_59 -14.420 -90.974 8.000
Y_60 -9.978 -274.939 8.000
S_61 -14.420 -90.060 8.000
L_62 0.000 679.918 5.000
C_63 0.000 322.480 6.000
G_64 0.000 -27.649 6.000
T_65 -16.309 -90.974 10.000
K_66 -16.309 -818.649 10.000
N_67 -24.169 -507.047 13.000
I_68 0.000 777.529 10.000
K_69 -13.255 -818.649 7.000
V_70 0.000 613.196 6.000
A_71 0.000 185.740 9.000
K_72 -11.867 -818.649 6.000
K_73 -11.867 -818.649 6.000
V_74 0.000 613.196 9.000
V_75 0.000 613.196 9.000
K_76 -14.420 -818.649 8.000
T_77 -17.811 -90.974 12.000
H_78 -12.104 -583.484 12.000
E_79 -19.866 -605.239 9.000
P_80 0.000 -195.996 9.000
A_81 0.000 185.740 7.000
S_82 -13.255 -90.060 7.000
F_83 0.000 560.542 7.000
N_84 -22.253 -507.047 11.000
L_85 0.000 679.918 8.000
N_86 -22.253 -507.047 11.000
V_87 0.000 613.196 7.000
T_88 -16.309 -90.974 10.000
L_89 0.000 679.918 9.000
K_90 -17.811 -818.649 12.000
S_91 -15.425 -90.060 9.000
S_92 -18.462 -90.060 13.000
P_93 0.000 -195.996 10.000
D_94 -16.691 -475.402 7.000
L_95 0.000 679.918 7.000
L_96 0.000 679.918 9.000
T_97 -10.149 -90.974 5.000
Y_98 -7.426 -274.939 5.000
F_99 0.000 560.542 6.000
C_100 0.000 322.480 3.000
W_101 -3.436 -203.500 4.000
A_102 0.000 185.740 7.000
S_103 -16.309 -90.060 10.000
S_104 -17.811 -90.060 12.000
T_105 -17.811 -90.974 12.000
S_106 -15.425 -90.060 9.000
G_107 0.000 -27.649 8.000
A_108 0.000 185.740 5.000
H_109 -8.431 -583.484 6.000
V_110 0.000 613.196 9.000
D_111 -19.866 -475.402 9.000
S_112 -17.811 -90.060 12.000
A_113 0.000 185.740 12.000
R_114 -28.412 -1015.709 12.000
L_115 0.000 679.918 9.000
Q_116 -22.253 -643.904 11.000
M_117 0.000 401.769 7.000
H_118 -11.652 -583.484 11.000
W_119 -4.824 -203.500 7.000
E_120 -18.409 -605.239 8.000
L_121 0.000 679.918 9.000
W_122 -5.944 -203.500 11.000
S_123 -13.255 -90.060 7.000
K_124 -13.255 -818.649 7.000
P_125 0.000 -195.996 9.000
V_126 0.000 613.196 10.000
S_127 -13.255 -90.060 7.000
E_128 -23.258 -605.239 12.000
L_129 0.000 679.918 12.000
R_130 -29.616 -1015.709 13.000
A_131 0.000 185.740 9.000
N_132 -23.258 -507.047 12.000
F_133 0.000 560.542 7.000
T_134 -17.098 -90.974 11.000
L_135 0.000 679.918 11.000
Q_136 -26.485 -643.904 16.000
D_137 -24.169 -475.402 13.000
R_138 -29.616 -1015.709 13.000
G_139 0.000 -27.649 9.000
A_140 0.000 185.740 5.000
G_141 0.000 -27.649 5.000
P_142 0.000 -195.996 5.000
R_143 -23.856 -1015.709 9.000
V_144 0.000 613.196 9.000
E_145 -19.866 -605.239 9.000
M_146 0.000 401.769 4.000
I_147 0.000 777.529 8.000
C_148 0.000 322.480 4.000
Q_149 -16.691 -643.904 7.000
A_150 0.000 185.740 10.000
S_151 -16.309 -90.060 10.000
S_152 -15.425 -90.060 9.000
G_153 0.000 -27.649 9.000
S_154 -11.867 -90.060 6.000
P_155 0.000 -195.996 3.000
P_156 0.000 -195.996 6.000
I_157 0.000 777.529 7.000
T_158 -16.309 -90.974 10.000
N_159 -21.132 -507.047 10.000
S_160 -16.309 -90.060 10.000
L_161 0.000 679.918 7.000
I_162 0.000 777.529 6.000
G_163 0.000 -27.649 7.000
K_164 -13.255 -818.649 7.000
D_165 -22.253 -475.402 11.000
G_166 0.000 -27.649 11.000
Q_167 -21.132 -643.904 10.000
V_168 0.000 613.196 6.000
H_169 -11.154 -583.484 10.000
L_170 0.000 679.918 10.000
Q_171 -25.772 -643.904 15.000
Q_172 -24.169 -643.904 13.000
R_173 -29.616 -1015.709 13.000
P_174 0.000 -195.996 11.000
C_175 0.000 322.480 12.000
H_176 -11.652 -583.484 11.000
R_177 -27.076 -1015.709 11.000
Q_178 -22.253 -643.904 11.000
P_179 0.000 -195.996 13.000
A_180 0.000 185.740 8.000
N_181 -16.691 -507.047 7.000
F_182 0.000 560.542 7.000
S_183 -13.255 -90.060 7.000
F_184 0.000 560.542 3.000
L_185 0.000 679.918 6.000
P_186 0.000 -195.996 7.000
S_187 -16.309 -90.060 10.000
Q_188 -24.169 -643.904 13.000
T_189 -20.609 -90.974 17.000
S_190 -19.613 -90.060 15.000
D_191 -22.253 -475.402 11.000
W_192 -5.447 -203.500 9.000
F_193 0.000 560.542 6.000
W_194 -4.441 -203.500 6.000
C_195 0.000 322.480 5.000
Q_196 -11.867 -643.904 5.000
A_197 0.000 185.740 8.000
A_198 0.000 185.740 12.000
N_199 -18.409 -507.047 8.000
N_200 -23.258 -507.047 12.000
A_201 0.000 185.740 12.000
N_202 -23.258 -507.047 12.000
V_203 0.000 613.196 10.000
Q_204 -24.169 -643.904 13.000
H_205 -10.601 -583.484 9.000
S_206 -15.425 -90.060 9.000
A_207 0.000 185.740 8.000
L_208 0.000 679.918 6.000
T_209 -4.441 -90.974 3.000
V_210 0.000 613.196 3.000
V_211 0.000 613.196 3.000
P_212 0.000 -195.996 0.000
P_213 0.000 -195.996 0.000
G_214 0.000 -27.649 4.000
G_215 0.000 -27.649 8.000
D_216 -22.253 -475.402 11.000
Q_217 -22.253 -643.904 11.000
K_218 -19.613 -818.649 15.000
M_219 0.000 401.769 15.000
E_220 -23.258 -605.239 12.000
D_221 -24.169 -475.402 13.000
W_222 -6.358 -203.500 13.000
Q_223 -19.866 -643.904 9.000
G_224 0.000 -27.649 5.000
P_225 0.000 -195.996 8.000
L_226 0.000 679.918 7.000
E_227 -16.691 -605.239 7.000
S_228 -13.255 -90.060 7.000
P_229 0.000 -195.996 7.000
I_230 0.000 777.529 3.000
L_231 0.000 679.918 0.000
A_232 0.000 185.740 0.000
L_233 0.000 679.918 0.000
P_234 0.000 -195.996 2.000
L_235 0.000 679.918 7.000
Y_236 -11.154 -274.939 10.000
R_237 -29.616 -1015.709 13.000
S_238 -21.060 -90.060 18.000
T_239 -22.271 -90.974 21.000
R_240 -32.645 -1015.709 16.000
R_241 -32.645 -1015.709 16.000
L_242 0.000 679.918 17.000
S_243 -20.127 -90.060 16.000
E_244 -25.772 -605.239 15.000
E_245 -25.772 -605.239 15.000
E_246 -23.258 -605.239 12.000
F_247 0.000 560.542 8.000
G_248 0.000 -27.649 4.000
G_249 0.000 -27.649 5.000
F_250 0.000 560.542 5.000
R_251 -11.867 -1015.709 5.000
I_252 0.000 777.529 9.000
G_253 0.000 -27.649 9.000
N_254 -18.409 -507.047 8.000
G_255 0.000 -27.649 8.000
E_256 -24.169 -605.239 13.000
V_257 0.000 613.196 9.000
R_258 -30.711 -1015.709 14.000
G_259 0.000 -27.649 13.000
R_260 -29.616 -1015.709 13.000
K_261 -14.420 -818.649 8.000
A_262 0.000 185.740 8.000
A_263 0.000 185.740 3.000
A_264 0.000 185.740 0.000
M_265 0.000 401.769 0.000
