M_1 0.000 401.769 0.000
V_2 0.000 613.196 0.000
F_3 0.000 560.542 2.000
A_4 0.000 185.740 7.000
H_5 -9.265 -583.484 7.000
R_6 -27.076 -1015.709 11.000
M_7 0.000 401.769 15.000
D_8 -26.485 -475.402 16.000
N_9 -25.003 -507.047 14.000
S_10 -19.059 -90.060 14.000
K_11 -17.811 -818.649 12.000
P_12 0.000 -195.996 8.000
H_13 -7.426 -583.484 5.000
L_14 0.000 679.918 2.000
I_15 0.000 777.529 2.000
I_16 0.000 777.529 3.000
P_17 0.000 -195.996 3.000
T_18 -4.441 -90.974 3.000
L_19 0.000 679.918 3.000
L_20 0.000 679.918 3.000
V_21 0.000 613.196 0.000
P_22 0.000 -195.996 4.000
L_23 0.000 679.918 8.000
Q_24 -24.169 -643.904 13.000
N_25 -26.485 -507.047 16.000
R_26 -32.645 -1015.709 16.000
S_27 -19.613 -90.060 15.000
C_28 0.000 322.480 15.000
T_29 -18.462 -90.974 13.000
E_30 -21.132 -605.239 10.000
T_31 -18.462 -90.974 13.000
A_32 0.000 185.740 10.000
T_33 -11.867 -90.974 6.000
P_34 0.000 -195.996 3.000
L_35 0.000 679.918 6.000
P_36 0.000 -195.996 7.000
S_37 -15.425 -90.060 9.000
Q_38 -19.866 -643.904 9.000
Y_39 -10.601 -274.939 9.000
L_40 0.000 679.918 10.000
M_41 0.000 401.769 6.000
E_42 -16.691 -605.239 7.000
L_43 0.000 679.918 11.000
S_44 -19.613 -90.060 15.000
E_45 -24.169 -605.239 13.000
E_46 -26.485 -605.239 16.000
H_47 -12.900 -583.484 14.000
S_48 -16.309 -90.060 10.000
W_49 -5.447 -203.500 9.000
M_50 0.000 401.769 11.000
S_51 -17.811 -90.060 12.000
N_52 -25.003 -507.047 14.000
Q_53 -27.773 -643.904 18.000
T_54 -19.613 -90.974 15.000
D_55 -24.169 -475.402 13.000
L_56 0.000 679.918 11.000
H_57 -9.978 -583.484 8.000
Y_58 -6.160 -274.939 4.000
V_59 0.000 613.196 7.000
L_60 0.000 679.918 5.000
K_61 -4.441 -818.649 3.000
P_62 0.000 -195.996 7.000
G_63 0.000 -27.649 7.000
E_64 -7.878 -605.239 4.000
V_65 0.000 613.196 7.000
A_66 0.000 185.740 7.000
T_67 -11.867 -90.974 6.000
A_68 0.000 185.740 6.000
S_69 -11.867 -90.060 6.000
I_70 0.000 777.529 3.000
F_71 0.000 560.542 3.000
F_72 0.000 560.542 0.000
G_73 0.000 -27.649 0.000
I_74 0.000 777.529 1.000
L_75 0.000 679.918 1.000
W_76 -0.000 -203.500 1.000
L_77 0.000 679.918 4.000
F_78 0.000 560.542 4.000
S_79 -4.441 -90.060 3.000
I_80 0.000 777.529 3.000
F_81 0.000 560.542 7.000
G_82 0.000 -27.649 7.000
N_83 -16.691 -507.047 7.000
S_84 -13.255 -90.060 7.000
L_85 0.000 679.918 7.000
V_86 0.000 613.196 3.000
C_87 0.000 322.480 0.000
L_88 0.000 679.918 0.000
V_89 0.000 613.196 2.000
I_90 0.000 777.529 7.000
H_91 -11.154 -583.484 10.000
R_92 -31.716 -1015.709 15.000
S_93 -21.889 -90.060 20.000
R_94 -36.459 -1015.709 21.000
R_95 -35.785 -1015.709 20.000
T_96 -21.889 -90.974 20.000
Q_97 -27.773 -643.904 18.000
S_98 -20.127 -90.060 16.000
T_99 -20.609 -90.974 17.000
T_100 -19.613 -90.974 15.000
N_101 -23.258 -507.047 12.000
Y_102 -10.601 -274.939 9.000
F_103 0.000 560.542 6.000
V_104 0.000 613.196 5.000
V_105 0.000 613.196 3.000
S_106 -4.441 -90.060 3.000
M_107 0.000 401.769 3.000
A_108 0.000 185.740 3.000
C_109 0.000 322.480 4.000
A_110 0.000 185.740 4.000
D_111 -7.878 -475.402 4.000
L_112 0.000 679.918 4.000
L_113 0.000 679.918 7.000
I_114 0.000 777.529 3.000
S_115 -4.441 -90.060 3.000
V_116 0.000 613.196 6.000
A_117 0.000 185.740 9.000
S_118 -11.867 -90.060 6.000
T_119 -11.867 -90.974 6.000
P_120 0.000 -195.996 6.000
F_121 0.000 560.542 3.000
V_122 0.000 613.196 0.000
L_123 0.000 679.918 4.000
L_124 0.000 679.918 4.000
Q_125 -16.691 -643.904 7.000
F_126 0.000 560.542 10.000
T_127 -16.309 -90.974 10.000
T_128 -17.098 -90.974 11.000
G_129 0.000 -27.649 12.000
R_130 -28.412 -1015.709 12.000
W_131 -5.447 -203.500 9.000
T_132 -15.425 -90.974 9.000
L_133 0.000 679.918 7.000
G_134 0.000 -27.649 6.000
S_135 -11.867 -90.060 6.000
A_136 0.000 185.740 6.000
T_137 -15.425 -90.974 9.000
C_138 0.000 322.480 6.000
K_139 -11.867 -818.649 6.000
V_140 0.000 613.196 8.000
V_141 0.000 613.196 10.000
R_142 -19.414 -1015.709 7.000
Y_143 -11.652 -274.939 11.000
F_144 0.000 560.542 13.000
Q_145 -18.409 -643.904 8.000
Y_146 -10.601 -274.939 9.000
L_147 0.000 679.918 9.000
T_148 -10.149 -90.974 5.000
P_149 0.000 -195.996 3.000
G_150 0.000 -27.649 7.000
V_151 0.000 613.196 4.000
Q_152 -14.591 -643.904 6.000
I_153 0.000 777.529 6.000
Y_154 -8.431 -274.939 6.000
V_155 0.000 613.196 2.000
L_156 0.000 679.918 5.000
L_157 0.000 679.918 3.000
S_158 -4.441 -90.060 3.000
I_159 0.000 777.529 3.000
C_160 0.000 322.480 7.000
I_161 0.000 777.529 9.000
D_162 -19.866 -475.402 9.000
R_163 -27.076 -1015.709 11.000
F_164 0.000 560.542 14.000
Y_165 -11.154 -274.939 10.000
T_166 -10.149 -90.974 5.000
I_167 0.000 777.529 7.000
V_168 0.000 613.196 5.000
Y_169 -1.718 -274.939 2.000
P_170 0.000 -195.996 5.000
L_171 0.000 679.918 5.000
S_172 -11.867 -90.060 6.000
F_173 0.000 560.542 6.000
K_174 -15.425 -818.649 9.000
V_175 0.000 613.196 11.000
S_176 -19.613 -90.060 15.000
R_177 -31.716 -1015.709 15.000
E_178 -25.772 -605.239 15.000
K_179 -19.613 -818.649 15.000
A_180 0.000 185.740 13.000
K_181 -15.425 -818.649 9.000
K_182 -11.867 -818.649 6.000
M_183 0.000 401.769 6.000
I_184 0.000 777.529 3.000
A_185 0.000 185.740 3.000
A_186 0.000 185.740 4.000
S_187 -7.878 -90.060 4.000
W_188 -3.436 -203.500 4.000
V_189 0.000 613.196 8.000
F_190 0.000 560.542 5.000
D_191 -7.878 -475.402 4.000
A_192 0.000 185.740 4.000
G_193 0.000 -27.649 4.000
F_194 0.000 560.542 3.000
V_195 0.000 613.196 3.000
T_196 -4.441 -90.974 3.000
P_197 0.000 -195.996 3.000
V_198 0.000 613.196 3.000
L_199 0.000 679.918 0.000
F_200 0.000 560.542 2.000
F_201 0.000 560.542 2.000
Y_202 -7.426 -274.939 5.000
G_203 0.000 -27.649 9.000
S_204 -16.309 -90.060 10.000
N_205 -23.258 -507.047 12.000
W_206 -6.713 -203.500 15.000
D_207 -25.003 -475.402 14.000
S_208 -16.309 -90.060 10.000
H_209 -12.518 -583.484 13.000
C_210 0.000 322.480 11.000
N_211 -18.409 -507.047 8.000
Y_212 -8.431 -274.939 6.000
F_213 0.000 560.542 6.000
L_214 0.000 679.918 5.000
P_215 0.000 -195.996 6.000
S_216 -13.255 -90.060 7.000
S_217 -17.098 -90.060 11.000
W_218 -5.944 -203.500 11.000
E_219 -22.253 -605.239 11.000
G_220 0.000 -27.649 8.000
T_221 -15.425 -90.974 9.000
A_222 0.000 185.740 8.000
Y_223 -9.978 -274.939 8.000
T_224 -10.149 -90.974 5.000
V_225 0.000 613.196 7.000
I_226 0.000 777.529 5.000
H_227 -1.718 -583.484 2.000
F_228 0.000 560.542 2.000
L_229 0.000 679.918 2.000
V_230 0.000 613.196 0.000
G_231 0.000 -27.649 0.000
F_232 0.000 560.542 0.000
V_233 0.000 613.196 0.000
I_234 0.000 777.529 3.000
P_235 0.000 -195.996 3.000
S_236 -4.441 -90.060 3.000
V_237 0.000 613.196 3.000
L_238 0.000 679.918 3.000
I_239 0.000 777.529 0.000
I_240 0.000 777.529 0.000
L_241 0.000 679.918 2.000
F_242 0.000 560.542 6.000
Y_243 -10.601 -274.939 9.000
Q_244 -19.866 -643.904 9.000
K_245 -15.425 -818.649 9.000
V_246 0.000 613.196 10.000
I_247 0.000 777.529 8.000
K_248 -10.149 -818.649 5.000
Y_249 -8.431 -274.939 6.000
I_250 0.000 777.529 11.000
W_251 -5.155 -203.500 8.000
R_252 -16.309 -1015.709 6.000
I_253 0.000 777.529 9.000
G_254 0.000 -27.649 12.000
T_255 -13.255 -90.974 7.000
D_256 -23.258 -475.402 12.000
G_257 0.000 -27.649 15.000
R_258 -28.412 -1015.709 12.000
T_259 -18.462 -90.974 13.000
V_260 0.000 613.196 18.000
R_261 -32.645 -1015.709 16.000
R_262 -29.616 -1015.709 13.000
T_263 -20.609 -90.974 17.000
M_264 0.000 401.769 12.000
N_265 -16.691 -507.047 7.000
I_266 0.000 777.529 4.000
V_267 0.000 613.196 9.000
P_268 0.000 -195.996 8.000
R_269 -27.076 -1015.709 11.000
T_270 -17.098 -90.974 11.000
K_271 -19.059 -818.649 14.000
V_272 0.000 613.196 12.000
K_273 -15.425 -818.649 9.000
T_274 -15.425 -90.974 9.000
I_275 0.000 777.529 9.000
K_276 -11.867 -818.649 6.000
M_277 0.000 401.769 3.000
F_278 0.000 560.542 3.000
L_279 0.000 679.918 0.000
I_280 0.000 777.529 4.000
L_281 0.000 679.918 4.000
N_282 -7.878 -507.047 4.000
L_283 0.000 679.918 4.000
L_284 0.000 679.918 4.000
F_285 0.000 560.542 0.000
L_286 0.000 679.918 3.000
L_287 0.000 679.918 4.000
S_288 -7.878 -90.060 4.000
W_289 -3.436 -203.500 4.000
L_290 0.000 679.918 4.000
P_291 0.000 -195.996 3.000
F_292 0.000 560.542 2.000
H_293 -1.718 -583.484 2.000
V_294 0.000 613.196 6.000
A_295 0.000 185.740 6.000
Q_296 -11.867 -643.904 5.000
L_297 0.000 679.918 7.000
W_298 -4.824 -203.500 7.000
H_299 -7.426 -583.484 5.000
P_300 0.000 -195.996 9.000
H_301 -12.104 -583.484 12.000
E_302 -25.003 -605.239 14.000
Q_303 -26.485 -643.904 16.000
D_304 -27.150 -475.402 17.000
Y_305 -13.586 -274.939 16.000
K_306 -19.613 -818.649 15.000
K_307 -19.059 -818.649 14.000
S_308 -17.811 -90.060 12.000
S_309 -15.425 -90.060 9.000
L_310 0.000 679.918 6.000
V_311 0.000 613.196 6.000
F_312 0.000 560.542 3.000
T_313 -4.441 -90.974 3.000
A_314 0.000 185.740 6.000
I_315 0.000 777.529 7.000
T_316 -7.878 -90.974 4.000
W_317 -4.824 -203.500 7.000
I_318 0.000 777.529 7.000
S_319 -13.255 -90.060 7.000
F_320 0.000 560.542 9.000
S_321 -17.811 -90.060 12.000
S_322 -15.425 -90.060 9.000
S_323 -17.811 -90.060 12.000
A_324 0.000 185.740 12.000
S_325 -15.425 -90.060 9.000
K_326 -15.425 -818.649 9.000
P_327 0.000 -195.996 9.000
T_328 -14.420 -90.974 8.000
L_329 0.000 679.918 8.000
Y_330 -9.978 -274.939 8.000
S_331 -13.255 -90.060 7.000
I_332 0.000 777.529 11.000
Y_333 -10.601 -274.939 9.000
N_334 -21.132 -507.047 10.000
A_335 0.000 185.740 10.000
N_336 -24.169 -507.047 13.000
F_337 0.000 560.542 14.000
R_338 -30.711 -1015.709 14.000
R_339 -25.574 -1015.709 10.000
G_340 0.000 -27.649 13.000
M_341 0.000 401.769 12.000
K_342 -16.309 -818.649 10.000
E_343 -21.132 -605.239 10.000
T_344 -16.309 -90.974 10.000
F_345 0.000 560.542 7.000
C_346 0.000 322.480 6.000
M_347 0.000 401.769 6.000
S_348 -11.867 -90.060 6.000
S_349 -15.425 -90.060 9.000
M_350 0.000 401.769 9.000
K_351 -14.420 -818.649 8.000
C_352 0.000 322.480 10.000
Y_353 -12.518 -274.939 13.000
R_354 -30.711 -1015.709 14.000
S_355 -19.059 -90.060 14.000
N_356 -25.003 -507.047 14.000
A_357 0.000 185.740 12.000
Y_358 -10.601 -274.939 9.000
T_359 -14.420 -90.974 8.000
I_360 0.000 777.529 11.000
T_361 -17.811 -90.974 12.000
T_362 -17.811 -90.974 12.000
S_363 -20.609 -90.060 17.000
S_364 -19.059 -90.060 14.000
R_365 -27.076 -1015.709 11.000
M_366 0.000 401.769 11.000
A_367 0.000 185.740 11.000
K_368 -16.309 -818.649 10.000
K_369 -17.811 -818.649 12.000
N_370 -23.258 -507.047 12.000
Y_371 -10.601 -274.939 9.000
V_372 0.000 613.196 6.000
G_373 0.000 -27.649 5.000
I_374 0.000 777.529 7.000
S_375 -13.255 -90.060 7.000
E_376 -16.691 -605.239 7.000
I_377 0.000 777.529 10.000
P_378 0.000 -195.996 7.000
S_379 -4.441 -90.060 3.000
M_380 0.000 401.769 6.000
A_381 0.000 185.740 9.000
K_382 -11.867 -818.649 6.000
T_383 -15.425 -90.974 9.000
I_384 0.000 777.529 12.000
T_385 -18.462 -90.974 13.000
K_386 -18.462 -818.649 13.000
D_387 -24.169 -475.402 13.000
S_388 -17.811 -90.060 12.000
I_389 0.000 777.529 13.000
Y_390 -12.104 -274.939 12.000
D_391 -19.866 -475.402 9.000
S_392 -18.462 -90.060 13.000
F_393 0.000 560.542 16.000
D_394 -26.485 -475.402 16.000
R_395 -29.616 -1015.709 13.000
E_396 -26.485 -605.239 16.000
A_397 0.000 185.740 16.000
K_398 -19.059 -818.649 14.000
E_399 -24.169 -605.239 13.000
K_400 -18.462 -818.649 13.000
K_401 -16.309 -818.649 10.000
L_402 0.000 679.918 7.000
A_403 0.000 185.740 4.000
W_404 -0.000 -203.500 1.000
P_405 0.000 -195.996 5.000
I_406 0.000 777.529 8.000
N_407 -22.253 -507.047 11.000
S_408 -17.098 -90.060 11.000
N_409 -22.253 -507.047 11.000
P_410 0.000 -195.996 11.000
P_411 0.000 -195.996 11.000
N_412 -16.691 -507.047 7.000
T_413 -13.255 -90.974 7.000
F_414 0.000 560.542 7.000
V_415 0.000 613.196 3.000
