M_1 0.000 401.769 4.000
D_2 -7.878 -475.402 4.000
P_3 0.000 -195.996 4.000
L_4 0.000 679.918 4.000
A_5 0.000 185.740 0.000
P_6 0.000 -195.996 4.000
L_7 0.000 679.918 4.000
N_8 -7.878 -507.047 4.000
P_9 0.000 -195.996 4.000
L_10 0.000 679.918 9.000
I_11 0.000 777.529 5.000
R_12 -11.867 -1015.709 5.000
G_13 0.000 -27.649 10.000
P_14 0.000 -195.996 13.000
R_15 -21.845 -1015.709 8.000
T_16 -14.420 -90.974 8.000
P_17 0.000 -195.996 8.000
G_18 0.000 -27.649 8.000
L_19 0.000 679.918 10.000
R_20 -29.616 -1015.709 13.000
R_21 -33.508 -1015.709 17.000
T_22 -20.609 -90.974 17.000
E_23 -27.150 -605.239 17.000
P_24 0.000 -195.996 12.000
R_25 -28.412 -1015.709 12.000
L_26 0.000 679.918 13.000
T_27 -20.127 -90.974 16.000
R_28 -27.076 -1015.709 11.000
S_29 -20.127 -90.060 16.000
C_30 0.000 322.480 13.000
R_31 -21.845 -1015.709 8.000
G_32 0.000 -27.649 5.000
A_33 0.000 185.740 10.000
F_34 0.000 560.542 8.000
R_35 -21.845 -1015.709 8.000
S_36 -18.462 -90.060 13.000
P_37 0.000 -195.996 13.000
R_38 -21.845 -1015.709 8.000
P_39 0.000 -195.996 5.000
L_40 0.000 679.918 8.000
P_41 0.000 -195.996 6.000
K_42 -11.867 -818.649 6.000
S_43 -16.309 -90.060 10.000
G_44 0.000 -27.649 10.000
Q_45 -22.253 -643.904 11.000
A_46 0.000 185.740 8.000
D_47 -22.253 -475.402 11.000
G_48 0.000 -27.649 10.000
T_49 -19.059 -90.974 14.000
S_50 -19.059 -90.060 14.000
E_51 -27.150 -605.239 17.000
E_52 -25.003 -605.239 14.000
S_53 -18.462 -90.060 13.000
L_54 0.000 679.918 9.000
H_55 -10.601 -583.484 9.000
L_56 0.000 679.918 6.000
D_57 -21.132 -475.402 10.000
I_58 0.000 777.529 11.000
Q_59 -22.253 -643.904 11.000
K_60 -16.309 -818.649 10.000
L_61 0.000 679.918 14.000
K_62 -18.462 -818.649 13.000
E_63 -25.772 -605.239 15.000
K_64 -21.486 -818.649 19.000
R_65 -32.645 -1015.709 16.000
D_66 -23.258 -475.402 12.000
M_67 0.000 401.769 13.000
L_68 0.000 679.918 11.000
D_69 -22.253 -475.402 11.000
K_70 -17.098 -818.649 11.000
E_71 -25.003 -605.239 14.000
I_72 0.000 777.529 14.000
S_73 -17.098 -90.060 11.000
Q_74 -16.691 -643.904 7.000
F_75 0.000 560.542 10.000
V_76 0.000 613.196 11.000
S_77 -13.255 -90.060 7.000
E_78 -19.866 -605.239 9.000
G_79 0.000 -27.649 12.000
Y_80 -10.601 -274.939 9.000
S_81 -15.425 -90.060 9.000
V_82 0.000 613.196 13.000
D_83 -22.253 -475.402 11.000
E_84 -23.258 -605.239 12.000
L_85 0.000 679.918 16.000
E_86 -25.003 -605.239 14.000
D_87 -21.132 -475.402 10.000
H_88 -12.518 -583.484 13.000
I_89 0.000 777.529 13.000
T_90 -15.425 -90.974 9.000
Q_91 -19.866 -643.904 9.000
L_92 0.000 679.918 13.000
H_93 -12.104 -583.484 12.000
E_94 -23.258 -605.239 12.000
Y_95 -13.586 -274.939 16.000
N_96 -25.003 -507.047 14.000
D_97 -24.169 -475.402 13.000
I_98 0.000 777.529 15.000
K_99 -17.098 -818.649 11.000
D_100 -16.691 -475.402 7.000
V_101 0.000 613.196 11.000
G_102 0.000 -27.649 8.000
Q_103 -7.878 -643.904 4.000
M_104 0.000 401.769 4.000
L_105 0.000 679.918 4.000
M_106 0.000 401.769 3.000
G_107 0.000 -27.649 3.000
K_108 -4.441 -818.649 3.000
L_109 0.000 679.918 3.000
A_110 0.000 185.740 3.000
V_111 0.000 613.196 5.000
I_112 0.000 777.529 5.000
R_113 -11.867 -1015.709 5.000
G_114 0.000 -27.649 8.000
V_115 0.000 613.196 11.000
T_116 -15.425 -90.974 9.000
T_117 -18.462 -90.974 13.000
K_118 -18.462 -818.649 13.000
E_119 -23.258 -605.239 12.000
L_120 0.000 679.918 9.000
Y_121 -11.154 -274.939 10.000
P_122 0.000 -195.996 6.000
E_123 -14.591 -605.239 6.000
F_124 0.000 560.542 4.000
G_125 0.000 -27.649 8.000
L_126 0.000 679.918 4.000
D_127 -18.409 -475.402 8.000
M_128 0.000 401.769 12.000
N_129 -23.258 -507.047 12.000
D_130 -18.409 -475.402 8.000
