M_1 0.000 401.769 3.000
A_2 0.000 185.740 6.000
S_3 -15.425 -90.060 9.000
S_4 -17.811 -90.060 12.000
T_5 -17.811 -90.974 12.000
S_6 -15.425 -90.060 9.000
L_7 0.000 679.918 6.000
P_8 0.000 -195.996 3.000
A_9 0.000 185.740 0.000
P_10 0.000 -195.996 3.000
G_11 0.000 -27.649 8.000
S_12 -14.420 -90.060 8.000
R_13 -27.076 -1015.709 11.000
P_14 0.000 -195.996 14.000
K_15 -17.098 -818.649 11.000
K_16 -11.867 -818.649 6.000
P_17 0.000 -195.996 6.000
L_18 0.000 679.918 6.000
G_19 0.000 -27.649 3.000
K_20 -4.441 -818.649 3.000
M_21 0.000 401.769 7.000
A_22 0.000 185.740 8.000
D_23 -11.867 -475.402 5.000
W_24 -5.708 -203.500 10.000
F_25 0.000 560.542 14.000
R_26 -29.616 -1015.709 13.000
Q_27 -23.258 -643.904 12.000
T_28 -17.811 -90.974 12.000
L_29 0.000 679.918 10.000
L_30 0.000 679.918 9.000
K_31 -11.867 -818.649 6.000
K_32 -15.425 -818.649 9.000
P_33 0.000 -195.996 12.000
K_34 -19.059 -818.649 14.000
K_35 -17.098 -818.649 11.000
R_36 -31.716 -1015.709 15.000
P_37 0.000 -195.996 15.000
N_38 -23.258 -507.047 12.000
S_39 -17.098 -90.060 11.000
P_40 0.000 -195.996 14.000
E_41 -24.169 -605.239 13.000
S_42 -18.462 -90.060 13.000
T_43 -20.127 -90.974 16.000
S_44 -20.127 -90.060 16.000
S_45 -18.462 -90.060 13.000
D_46 -24.169 -475.402 13.000
A_47 0.000 185.740 14.000
S_48 -17.098 -90.060 11.000
Q_49 -21.132 -643.904 10.000
P_50 0.000 -195.996 13.000
T_51 -19.059 -90.974 14.000
S_52 -19.059 -90.060 14.000
Q_53 -27.150 -643.904 17.000
D_54 -25.003 -475.402 14.000
S_55 -17.098 -90.060 11.000
P_56 0.000 -195.996 7.000
L_57 0.000 679.918 3.000
P_58 0.000 -195.996 3.000
P_59 0.000 -195.996 3.000
S_60 -11.867 -90.060 6.000
L_61 0.000 679.918 9.000
S_62 -15.425 -90.060 9.000
S_63 -15.425 -90.060 9.000
V_64 0.000 613.196 12.000
T_65 -15.425 -90.974 9.000
S_66 -15.425 -90.060 9.000
P_67 0.000 -195.996 9.000
S_68 -11.867 -90.060 6.000
L_69 0.000 679.918 3.000
P_70 0.000 -195.996 6.000
P_71 0.000 -195.996 5.000
T_72 -10.149 -90.974 5.000
H_73 -9.978 -583.484 8.000
A_74 0.000 185.740 12.000
S_75 -17.811 -90.060 12.000
D_76 -21.132 -475.402 10.000
S_77 -18.462 -90.060 13.000
G_78 0.000 -27.649 13.000
S_79 -19.059 -90.060 14.000
S_80 -17.811 -90.060 12.000
R_81 -31.716 -1015.709 15.000
W_82 -6.713 -203.500 15.000
S_83 -20.127 -90.060 16.000
K_84 -18.462 -818.649 13.000
D_85 -26.485 -475.402 16.000
Y_86 -12.518 -274.939 13.000
D_87 -21.132 -475.402 10.000
V_88 0.000 613.196 6.000
C_89 0.000 322.480 4.000
V_90 0.000 613.196 2.000
C_91 0.000 322.480 5.000
H_92 -10.601 -583.484 9.000
S_93 -18.462 -90.060 13.000
E_94 -27.150 -605.239 17.000
E_95 -25.772 -605.239 15.000
D_96 -23.258 -475.402 12.000
L_97 0.000 679.918 8.000
V_98 0.000 613.196 4.000
A_99 0.000 185.740 4.000
A_100 0.000 185.740 8.000
Q_101 -18.409 -643.904 8.000
D_102 -18.409 -475.402 8.000
L_103 0.000 679.918 11.000
V_104 0.000 613.196 9.000
S_105 -10.149 -90.060 5.000
Y_106 -10.601 -274.939 9.000
L_107 0.000 679.918 9.000
E_108 -19.866 -605.239 9.000
G_109 0.000 -27.649 10.000
S_110 -16.309 -90.060 10.000
T_111 -15.425 -90.974 9.000
A_112 0.000 185.740 9.000
S_113 -17.098 -90.060 11.000
L_114 0.000 679.918 8.000
R_115 -21.845 -1015.709 8.000
C_116 0.000 322.480 5.000
F_117 0.000 560.542 9.000
L_118 0.000 679.918 4.000
Q_119 -19.866 -643.904 9.000
L_120 0.000 679.918 13.000
R_121 -29.616 -1015.709 13.000
D_122 -23.258 -475.402 12.000
A_123 0.000 185.740 12.000
T_124 -13.255 -90.974 7.000
P_125 0.000 -195.996 3.000
G_126 0.000 -27.649 3.000
G_127 0.000 -27.649 0.000
A_128 0.000 185.740 0.000
I_129 0.000 777.529 3.000
V_130 0.000 613.196 7.000
S_131 -13.255 -90.060 7.000
E_132 -16.691 -605.239 7.000
L_133 0.000 679.918 11.000
C_134 0.000 322.480 8.000
Q_135 -7.878 -643.904 4.000
A_136 0.000 185.740 7.000
L_137 0.000 679.918 10.000
S_138 -15.425 -90.060 9.000
S_139 -17.098 -90.060 11.000
S_140 -17.098 -90.060 11.000
H_141 -12.518 -583.484 13.000
C_142 0.000 322.480 10.000
R_143 -19.414 -1015.709 7.000
V_144 0.000 613.196 5.000
L_145 0.000 679.918 5.000
L_146 0.000 679.918 3.000
I_147 0.000 777.529 3.000
T_148 -4.441 -90.974 3.000
P_149 0.000 -195.996 3.000
G_150 0.000 -27.649 3.000
F_151 0.000 560.542 4.000
L_152 0.000 679.918 8.000
Q_153 -18.409 -643.904 8.000
D_154 -19.866 -475.402 9.000
P_155 0.000 -195.996 9.000
W_156 -5.155 -203.500 8.000
C_157 0.000 322.480 6.000
K_158 -16.309 -818.649 10.000
Y_159 -10.601 -274.939 9.000
Q_160 -19.866 -643.904 9.000
M_161 0.000 401.769 10.000
L_162 0.000 679.918 8.000
Q_163 -7.878 -643.904 4.000
A_164 0.000 185.740 7.000
L_165 0.000 679.918 11.000
T_166 -13.255 -90.974 7.000
E_167 -16.691 -605.239 7.000
A_168 0.000 185.740 7.000
P_169 0.000 -195.996 4.000
G_170 0.000 -27.649 4.000
A_171 0.000 185.740 4.000
E_172 -7.878 -605.239 4.000
G_173 0.000 -27.649 7.000
C_174 0.000 322.480 7.000
T_175 -4.441 -90.974 3.000
I_176 0.000 777.529 3.000
P_177 0.000 -195.996 3.000
L_178 0.000 679.918 3.000
L_179 0.000 679.918 3.000
S_180 -4.441 -90.060 3.000
G_181 0.000 -27.649 6.000
L_182 0.000 679.918 11.000
S_183 -14.420 -90.060 8.000
R_184 -21.845 -1015.709 8.000
A_185 0.000 185.740 10.000
A_186 0.000 185.740 7.000
Y_187 -1.718 -274.939 2.000
P_188 0.000 -195.996 6.000
P_189 0.000 -195.996 6.000
E_190 -19.866 -605.239 9.000
L_191 0.000 679.918 9.000
R_192 -23.856 -1015.709 9.000
F_193 0.000 560.542 7.000
M_194 0.000 401.769 9.000
Y_195 -6.160 -274.939 4.000
Y_196 -9.978 -274.939 8.000
V_197 0.000 613.196 8.000
D_198 -22.253 -475.402 11.000
G_199 0.000 -27.649 9.000
R_200 -23.856 -1015.709 9.000
G_201 0.000 -27.649 9.000
P_202 0.000 -195.996 9.000
D_203 -7.878 -475.402 4.000
G_204 0.000 -27.649 4.000
G_205 0.000 -27.649 9.000
F_206 0.000 560.542 9.000
R_207 -23.856 -1015.709 9.000
Q_208 -23.258 -643.904 12.000
V_209 0.000 613.196 16.000
K_210 -17.098 -818.649 11.000
E_211 -16.691 -605.239 7.000
A_212 0.000 185.740 7.000
V_213 0.000 613.196 9.000
M_214 0.000 401.769 7.000
R_215 -19.414 -1015.709 7.000
Y_216 -11.652 -274.939 11.000
L_217 0.000 679.918 14.000
Q_218 -19.866 -643.904 9.000
T_219 -16.309 -90.974 10.000
L_220 0.000 679.918 10.000
S_221 -11.867 -90.060 6.000
