M_1 0.000 401.769 7.000
T_2 -17.098 -90.974 11.000
Q_3 -22.253 -643.904 11.000
Q_4 -22.253 -643.904 11.000
P_5 0.000 -195.996 13.000
L_6 0.000 679.918 9.000
R_7 -11.867 -1015.709 5.000
G_8 0.000 -27.649 8.000
V_9 0.000 613.196 11.000
T_10 -11.867 -90.974 6.000
S_11 -17.098 -90.060 11.000
L_12 0.000 679.918 11.000
R_13 -28.412 -1015.709 12.000
F_14 0.000 560.542 13.000
N_15 -27.150 -507.047 17.000
Q_16 -26.485 -643.904 16.000
D_17 -28.359 -475.402 19.000
Q_18 -25.772 -643.904 15.000
S_19 -17.098 -90.060 11.000
C_20 0.000 322.480 7.000
F_21 0.000 560.542 3.000
C_22 0.000 322.480 0.000
C_23 0.000 322.480 0.000
A_24 0.000 185.740 4.000
M_25 0.000 401.769 7.000
E_26 -16.691 -605.239 7.000
T_27 -13.255 -90.974 7.000
G_28 0.000 -27.649 12.000
V_29 0.000 613.196 8.000
R_30 -19.414 -1015.709 7.000
I_31 0.000 777.529 11.000
Y_32 -11.652 -274.939 11.000
N_33 -21.132 -507.047 10.000
V_34 0.000 613.196 10.000
E_35 -18.409 -605.239 8.000
P_36 0.000 -195.996 4.000
L_37 0.000 679.918 8.000
M_38 0.000 401.769 7.000
E_39 -16.691 -605.239 7.000
K_40 -15.425 -818.649 9.000
G_41 0.000 -27.649 9.000
H_42 -10.601 -583.484 9.000
L_43 0.000 679.918 8.000
D_44 -23.258 -475.402 12.000
H_45 -12.900 -583.484 14.000
E_46 -25.003 -605.239 14.000
Q_47 -21.132 -643.904 10.000
V_48 0.000 613.196 11.000
G_49 0.000 -27.649 7.000
S_50 -4.441 -90.060 3.000
M_51 0.000 401.769 3.000
G_52 0.000 -27.649 3.000
L_53 0.000 679.918 4.000
V_54 0.000 613.196 4.000
E_55 -7.878 -605.239 4.000
M_56 0.000 401.769 6.000
L_57 0.000 679.918 11.000
H_58 -11.154 -583.484 10.000
R_59 -30.711 -1015.709 14.000
S_60 -19.059 -90.060 14.000
N_61 -23.258 -507.047 12.000
L_62 0.000 679.918 7.000
L_63 0.000 679.918 4.000
A_64 0.000 185.740 0.000
L_65 0.000 679.918 0.000
V_66 0.000 613.196 0.000
G_67 0.000 -27.649 0.000
G_68 0.000 -27.649 3.000
G_69 0.000 -27.649 6.000
S_70 -11.867 -90.060 6.000
S_71 -15.425 -90.060 9.000
P_72 0.000 -195.996 9.000
K_73 -15.425 -818.649 9.000
F_74 0.000 560.542 10.000
S_75 -16.309 -90.060 10.000
E_76 -21.132 -605.239 10.000
I_77 0.000 777.529 10.000
S_78 -13.255 -90.060 7.000
V_79 0.000 613.196 3.000
L_80 0.000 679.918 4.000
I_81 0.000 777.529 5.000
W_82 -5.447 -203.500 9.000
D_83 -19.866 -475.402 9.000
D_84 -25.003 -475.402 14.000
A_85 0.000 185.740 17.000
R_86 -29.616 -1015.709 13.000
E_87 -23.258 -605.239 12.000
G_88 0.000 -27.649 16.000
K_89 -19.059 -818.649 14.000
D_90 -24.169 -475.402 13.000
S_91 -20.609 -90.060 17.000
K_92 -20.609 -818.649 17.000
E_93 -24.169 -605.239 13.000
K_94 -16.309 -818.649 10.000
L_95 0.000 679.918 7.000
V_96 0.000 613.196 7.000
L_97 0.000 679.918 4.000
E_98 -16.691 -605.239 7.000
F_99 0.000 560.542 7.000
T_100 -16.309 -90.974 10.000
F_101 0.000 560.542 9.000
T_102 -15.425 -90.974 9.000
K_103 -11.867 -818.649 6.000
P_104 0.000 -195.996 6.000
V_105 0.000 613.196 6.000
L_106 0.000 679.918 3.000
S_107 -14.420 -90.060 8.000
V_108 0.000 613.196 8.000
R_109 -29.616 -1015.709 13.000
M_110 0.000 401.769 12.000
R_111 -32.645 -1015.709 16.000
H_112 -12.900 -583.484 14.000
D_113 -25.003 -475.402 14.000
K_114 -15.425 -818.649 9.000
I_115 0.000 777.529 7.000
V_116 0.000 613.196 3.000
I_117 0.000 777.529 0.000
V_118 0.000 613.196 3.000
L_119 0.000 679.918 7.000
K_120 -17.811 -818.649 12.000
N_121 -23.258 -507.047 12.000
R_122 -30.711 -1015.709 14.000
I_123 0.000 777.529 11.000
Y_124 -10.601 -274.939 9.000
V_125 0.000 613.196 7.000
Y_126 -9.265 -274.939 7.000
S_127 -10.149 -90.060 5.000
F_128 0.000 560.542 9.000
P_129 0.000 -195.996 11.000
D_130 -18.409 -475.402 8.000
N_131 -24.169 -507.047 13.000
P_132 0.000 -195.996 16.000
R_133 -28.412 -1015.709 12.000
K_134 -14.420 -818.649 8.000
L_135 0.000 679.918 12.000
F_136 0.000 560.542 7.000
E_137 -18.409 -605.239 8.000
F_138 0.000 560.542 11.000
D_139 -26.485 -475.402 16.000
T_140 -20.127 -90.974 16.000
R_141 -35.785 -1015.709 20.000
D_142 -26.485 -475.402 16.000
N_143 -26.485 -507.047 16.000
P_144 0.000 -195.996 11.000
K_145 -13.255 -818.649 7.000
G_146 0.000 -27.649 3.000
L_147 0.000 679.918 7.000
C_148 0.000 322.480 4.000
D_149 -7.878 -475.402 4.000
L_150 0.000 679.918 4.000
C_151 0.000 322.480 7.000
P_152 0.000 -195.996 3.000
S_153 -13.255 -90.060 7.000
L_154 0.000 679.918 10.000
E_155 -25.003 -605.239 14.000
K_156 -17.098 -818.649 11.000
Q_157 -22.253 -643.904 11.000
L_158 0.000 679.918 7.000
L_159 0.000 679.918 4.000
V_160 0.000 613.196 0.000
F_161 0.000 560.542 0.000
P_162 0.000 -195.996 2.000
G_163 0.000 -27.649 5.000
H_164 -7.426 -583.484 5.000
K_165 -10.149 -818.649 5.000
C_166 0.000 322.480 8.000
G_167 0.000 -27.649 6.000
S_168 -13.255 -90.060 7.000
L_169 0.000 679.918 7.000
Q_170 -16.691 -643.904 7.000
L_171 0.000 679.918 8.000
V_172 0.000 613.196 8.000
D_173 -7.878 -475.402 4.000
L_174 0.000 679.918 7.000
A_175 0.000 185.740 10.000
S_176 -15.425 -90.060 9.000
T_177 -15.425 -90.974 9.000
K_178 -15.425 -818.649 9.000
P_179 0.000 -195.996 9.000
G_180 0.000 -27.649 9.000
T_181 -15.425 -90.974 9.000
S_182 -15.425 -90.060 9.000
S_183 -15.425 -90.060 9.000
A_184 0.000 185.740 6.000
P_185 0.000 -195.996 6.000
F_186 0.000 560.542 3.000
T_187 -13.255 -90.974 7.000
I_188 0.000 777.529 7.000
N_189 -19.866 -507.047 9.000
A_190 0.000 185.740 10.000
H_191 -12.518 -583.484 13.000
Q_192 -24.169 -643.904 13.000
S_193 -18.462 -90.060 13.000
D_194 -22.253 -475.402 11.000
I_195 0.000 777.529 7.000
A_196 0.000 185.740 4.000
C_197 0.000 322.480 3.000
V_198 0.000 613.196 3.000
S_199 -13.255 -90.060 7.000
L_200 0.000 679.918 11.000
N_201 -22.253 -507.047 11.000
Q_202 -18.409 -643.904 8.000
P_203 0.000 -195.996 11.000
G_204 0.000 -27.649 7.000
T_205 -4.441 -90.974 3.000
V_206 0.000 613.196 3.000
V_207 0.000 613.196 6.000
A_208 0.000 185.740 3.000
S_209 -11.867 -90.060 6.000
A_210 0.000 185.740 10.000
S_211 -18.462 -90.060 13.000
Q_212 -21.132 -643.904 10.000
K_213 -18.462 -818.649 13.000
G_214 0.000 -27.649 10.000
T_215 -11.867 -90.974 6.000
L_216 0.000 679.918 8.000
I_217 0.000 777.529 8.000
R_218 -11.867 -1015.709 5.000
L_219 0.000 679.918 9.000
F_220 0.000 560.542 12.000
D_221 -22.253 -475.402 11.000
T_222 -19.059 -90.974 14.000
Q_223 -27.150 -643.904 17.000
S_224 -20.609 -90.060 17.000
K_225 -20.609 -818.649 17.000
E_226 -24.169 -605.239 13.000
K_227 -16.309 -818.649 10.000
L_228 0.000 679.918 11.000
V_229 0.000 613.196 7.000
E_230 -19.866 -605.239 9.000
L_231 0.000 679.918 14.000
R_232 -30.711 -1015.709 14.000
R_233 -29.616 -1015.709 13.000
G_234 0.000 -27.649 17.000
T_235 -17.811 -90.974 12.000
D_236 -16.691 -475.402 7.000
P_237 0.000 -195.996 10.000
A_238 0.000 185.740 7.000
T_239 -10.149 -90.974 5.000
L_240 0.000 679.918 5.000
Y_241 -7.426 -274.939 5.000
C_242 0.000 322.480 6.000
I_243 0.000 777.529 6.000
N_244 -16.691 -507.047 7.000
F_245 0.000 560.542 9.000
S_246 -18.462 -90.060 13.000
H_247 -12.104 -583.484 12.000
D_248 -25.772 -475.402 15.000
S_249 -17.811 -90.060 12.000
S_250 -16.309 -90.060 10.000
F_251 0.000 560.542 6.000
L_252 0.000 679.918 3.000
C_253 0.000 322.480 3.000
A_254 0.000 185.740 6.000
S_255 -16.309 -90.060 10.000
S_256 -18.462 -90.060 13.000
D_257 -24.169 -475.402 13.000
K_258 -18.462 -818.649 13.000
G_259 0.000 -27.649 10.000
T_260 -14.420 -90.974 8.000
V_261 0.000 613.196 5.000
H_262 -7.426 -583.484 5.000
I_263 0.000 777.529 2.000
F_264 0.000 560.542 2.000
A_265 0.000 185.740 3.000
L_266 0.000 679.918 7.000
K_267 -16.309 -818.649 10.000
D_268 -25.772 -475.402 15.000
T_269 -19.613 -90.974 15.000
R_270 -32.645 -1015.709 16.000
L_271 0.000 679.918 17.000
N_272 -28.359 -507.047 19.000
R_273 -33.508 -1015.709 17.000
R_274 -33.508 -1015.709 17.000
S_275 -18.462 -90.060 13.000
A_276 0.000 185.740 8.000
L_277 0.000 679.918 8.000
A_278 0.000 185.740 5.000
R_279 -11.867 -1015.709 5.000
V_280 0.000 613.196 8.000
G_281 0.000 -27.649 8.000
K_282 -4.441 -818.649 3.000
V_283 0.000 613.196 3.000
G_284 0.000 -27.649 3.000
P_285 0.000 -195.996 0.000
M_286 0.000 401.769 0.000
I_287 0.000 777.529 4.000
G_288 0.000 -27.649 6.000
Q_289 -14.591 -643.904 6.000
Y_290 -11.154 -274.939 10.000
V_291 0.000 613.196 13.000
D_292 -24.169 -475.402 13.000
S_293 -17.811 -90.060 12.000
Q_294 -25.772 -643.904 15.000
W_295 -5.944 -203.500 11.000
S_296 -14.420 -90.060 8.000
L_297 0.000 679.918 7.000
A_298 0.000 185.740 6.000
S_299 -11.867 -90.060 6.000
F_300 0.000 560.542 6.000
T_301 -11.867 -90.974 6.000
V_302 0.000 613.196 3.000
P_303 0.000 -195.996 7.000
A_304 0.000 185.740 7.000
E_305 -16.691 -605.239 7.000
S_306 -13.255 -90.060 7.000
A_307 0.000 185.740 7.000
C_308 0.000 322.480 3.000
I_309 0.000 777.529 0.000
C_310 0.000 322.480 0.000
A_311 0.000 185.740 0.000
F_312 0.000 560.542 5.000
G_313 0.000 -27.649 9.000
R_314 -28.412 -1015.709 12.000
N_315 -25.772 -507.047 15.000
T_316 -21.060 -90.974 18.000
S_317 -20.609 -90.060 17.000
K_318 -18.462 -818.649 13.000
N_319 -25.003 -507.047 14.000
V_320 0.000 613.196 14.000
N_321 -22.253 -507.047 11.000
S_322 -13.255 -90.060 7.000
V_323 0.000 613.196 7.000
I_324 0.000 777.529 3.000
A_325 0.000 185.740 0.000
I_326 0.000 777.529 0.000
C_327 0.000 322.480 4.000
V_328 0.000 613.196 4.000
D_329 -16.691 -475.402 7.000
G_330 0.000 -27.649 7.000
T_331 -15.425 -90.974 9.000
F_332 0.000 560.542 8.000
H_333 -11.154 -583.484 10.000
K_334 -13.255 -818.649 7.000
Y_335 -9.265 -274.939 7.000
V_336 0.000 613.196 8.000
F_337 0.000 560.542 5.000
T_338 -13.255 -90.974 7.000
P_339 0.000 -195.996 7.000
D_340 -22.253 -475.402 11.000
G_341 0.000 -27.649 8.000
N_342 -23.258 -507.047 12.000
C_343 0.000 322.480 13.000
N_344 -27.150 -507.047 17.000
R_345 -29.616 -1015.709 13.000
E_346 -24.169 -605.239 13.000
A_347 0.000 185.740 13.000
F_348 0.000 560.542 8.000
D_349 -14.591 -475.402 6.000
V_350 0.000 613.196 6.000
Y_351 -11.154 -274.939 10.000
L_352 0.000 679.918 6.000
D_353 -14.591 -475.402 6.000
I_354 0.000 777.529 8.000
C_355 0.000 322.480 12.000
D_356 -23.258 -475.402 12.000
D_357 -26.485 -475.402 16.000
D_358 -26.485 -475.402 16.000
D_359 -23.258 -475.402 12.000
F_360 0.000 560.542 8.000
