M_1 0.000 401.769 7.000
S_2 -13.255 -90.060 7.000
N_3 -19.866 -507.047 9.000
G_4 0.000 -27.649 12.000
Y_5 -12.104 -274.939 12.000
S_6 -17.811 -90.060 12.000
T_7 -20.127 -90.974 16.000
D_8 -27.773 -475.402 18.000
E_9 -25.772 -605.239 15.000
N_10 -27.150 -507.047 17.000
F_11 0.000 560.542 15.000
R_12 -27.076 -1015.709 11.000
Y_13 -9.265 -274.939 7.000
L_14 0.000 679.918 10.000
I_15 0.000 777.529 5.000
S_16 -4.441 -90.060 3.000
C_17 0.000 322.480 8.000
F_18 0.000 560.542 8.000
R_19 -25.574 -1015.709 10.000
A_20 0.000 185.740 10.000
R_21 -29.616 -1015.709 13.000
V_22 0.000 613.196 8.000
K_23 -16.309 -818.649 10.000
M_24 0.000 401.769 5.000
Y_25 -10.601 -274.939 9.000
I_26 0.000 777.529 6.000
Q_27 -21.132 -643.904 10.000
V_28 0.000 613.196 8.000
E_29 -18.409 -605.239 8.000
P_30 0.000 -195.996 4.000
V_31 0.000 613.196 8.000
L_32 0.000 679.918 6.000
D_33 -14.591 -475.402 6.000
Y_34 -10.601 -274.939 9.000
L_35 0.000 679.918 9.000
T_36 -10.149 -90.974 5.000
F_37 0.000 560.542 3.000
L_38 0.000 679.918 3.000
P_39 0.000 -195.996 4.000
A_40 0.000 185.740 4.000
E_41 -16.691 -605.239 7.000
V_42 0.000 613.196 11.000
K_43 -19.613 -818.649 15.000
E_44 -22.253 -605.239 11.000
Q_45 -25.772 -643.904 15.000
I_46 0.000 777.529 17.000
Q_47 -26.485 -643.904 16.000
R_48 -28.412 -1015.709 12.000
T_49 -17.811 -90.974 12.000
V_50 0.000 613.196 11.000
A_51 0.000 185.740 9.000
T_52 -11.867 -90.974 6.000
S_53 -16.309 -90.060 10.000
G_54 0.000 -27.649 10.000
N_55 -22.253 -507.047 11.000
M_56 0.000 401.769 8.000
Q_57 -18.409 -643.904 8.000
A_58 0.000 185.740 8.000
V_59 0.000 613.196 8.000
E_60 -7.878 -605.239 4.000
L_61 0.000 679.918 4.000
L_62 0.000 679.918 7.000
L_63 0.000 679.918 6.000
S_64 -11.867 -90.060 6.000
T_65 -16.309 -90.974 10.000
L_66 0.000 679.918 13.000
E_67 -21.132 -605.239 10.000
K_68 -13.255 -818.649 7.000
G_69 0.000 -27.649 8.000
V_70 0.000 613.196 6.000
W_71 -2.723 -203.500 3.000
H_72 -4.441 -583.484 3.000
L_73 0.000 679.918 4.000
G_74 0.000 -27.649 6.000
W_75 -5.447 -203.500 9.000
T_76 -18.462 -90.974 13.000
R_77 -29.616 -1015.709 13.000
E_78 -23.258 -605.239 12.000
F_79 0.000 560.542 13.000
V_80 0.000 613.196 8.000
E_81 -7.878 -605.239 4.000
A_82 0.000 185.740 9.000
L_83 0.000 679.918 14.000
R_84 -29.616 -1015.709 13.000
R_85 -29.616 -1015.709 13.000
T_86 -20.127 -90.974 16.000
G_87 0.000 -27.649 11.000
S_88 -11.867 -90.060 6.000
P_89 0.000 -195.996 3.000
L_90 0.000 679.918 3.000
A_91 0.000 185.740 5.000
A_92 0.000 185.740 7.000
R_93 -19.414 -1015.709 7.000
Y_94 -11.652 -274.939 11.000
M_95 0.000 401.769 11.000
N_96 -21.132 -507.047 10.000
P_97 0.000 -195.996 8.000
E_98 -22.253 -605.239 11.000
L_99 0.000 679.918 11.000
T_100 -17.098 -90.974 11.000
D_101 -16.691 -475.402 7.000
L_102 0.000 679.918 10.000
P_103 0.000 -195.996 7.000
S_104 -11.867 -90.060 6.000
P_105 0.000 -195.996 6.000
S_106 -16.309 -90.060 10.000
F_107 0.000 560.542 11.000
E_108 -22.253 -605.239 11.000
N_109 -21.132 -507.047 10.000
A_110 0.000 185.740 14.000
H_111 -12.900 -583.484 14.000
D_112 -23.258 -475.402 12.000
E_113 -23.258 -605.239 12.000
Y_114 -12.900 -274.939 14.000
L_115 0.000 679.918 10.000
Q_116 -14.591 -643.904 6.000
L_117 0.000 679.918 8.000
L_118 0.000 679.918 8.000
N_119 -7.878 -507.047 4.000
L_120 0.000 679.918 8.000
L_121 0.000 679.918 8.000
Q_122 -16.691 -643.904 7.000
P_123 0.000 -195.996 7.000
T_124 -13.255 -90.974 7.000
L_125 0.000 679.918 7.000
V_126 0.000 613.196 10.000
D_127 -16.691 -475.402 7.000
K_128 -13.255 -818.649 7.000
L_129 0.000 679.918 7.000
L_130 0.000 679.918 8.000
V_131 0.000 613.196 9.000
R_132 -23.856 -1015.709 9.000
D_133 -19.866 -475.402 9.000
V_134 0.000 613.196 13.000
L_135 0.000 679.918 11.000
D_136 -16.691 -475.402 7.000
K_137 -13.255 -818.649 7.000
C_138 0.000 322.480 11.000
M_139 0.000 401.769 11.000
E_140 -23.258 -605.239 12.000
E_141 -23.258 -605.239 12.000
E_142 -23.258 -605.239 12.000
L_143 0.000 679.918 11.000
L_144 0.000 679.918 7.000
T_145 -13.255 -90.974 7.000
I_146 0.000 777.529 11.000
E_147 -26.485 -605.239 16.000
D_148 -27.150 -475.402 17.000
R_149 -37.098 -1015.709 22.000
N_150 -27.773 -507.047 18.000
R_151 -30.711 -1015.709 14.000
I_152 0.000 777.529 9.000
A_153 0.000 185.740 5.000
A_154 0.000 185.740 4.000
A_155 0.000 185.740 8.000
E_156 -23.258 -605.239 12.000
N_157 -23.258 -507.047 12.000
N_158 -26.485 -507.047 16.000
G_159 0.000 -27.649 16.000
N_160 -25.772 -507.047 15.000
E_161 -22.253 -605.239 11.000
S_162 -17.098 -90.060 11.000
G_163 0.000 -27.649 12.000
V_164 0.000 613.196 12.000
R_165 -23.856 -1015.709 9.000
E_166 -19.866 -605.239 9.000
L_167 0.000 679.918 12.000
L_168 0.000 679.918 12.000
K_169 -14.420 -818.649 8.000
R_170 -21.845 -1015.709 8.000
I_171 0.000 777.529 12.000
V_172 0.000 613.196 12.000
Q_173 -22.253 -643.904 11.000
K_174 -19.613 -818.649 15.000
E_175 -26.485 -605.239 16.000
N_176 -23.258 -507.047 12.000
W_177 -6.160 -203.500 12.000
F_178 0.000 560.542 8.000
S_179 -7.878 -90.060 4.000
A_180 0.000 185.740 3.000
F_181 0.000 560.542 7.000
L_182 0.000 679.918 4.000
N_183 -7.878 -507.047 4.000
V_184 0.000 613.196 9.000
L_185 0.000 679.918 13.000
R_186 -28.412 -1015.709 12.000
Q_187 -23.258 -643.904 12.000
T_188 -20.127 -90.974 16.000
G_189 0.000 -27.649 15.000
N_190 -25.772 -507.047 15.000
N_191 -23.258 -507.047 12.000
E_192 -23.258 -605.239 12.000
L_193 0.000 679.918 12.000
V_194 0.000 613.196 12.000
Q_195 -18.409 -643.904 8.000
E_196 -22.253 -605.239 11.000
L_197 0.000 679.918 11.000
T_198 -16.309 -90.974 10.000
G_199 0.000 -27.649 10.000
S_200 -16.309 -90.060 10.000
D_201 -21.132 -475.402 10.000
C_202 0.000 322.480 14.000
S_203 -19.059 -90.060 14.000
E_204 -25.003 -605.239 14.000
S_205 -19.059 -90.060 14.000
N_206 -25.772 -507.047 15.000
A_207 0.000 185.740 11.000
E_208 -23.258 -605.239 12.000
I_209 0.000 777.529 12.000
E_210 -23.258 -605.239 12.000
N_211 -22.253 -507.047 11.000
L_212 0.000 679.918 15.000
S_213 -17.098 -90.060 11.000
Q_214 -22.253 -643.904 11.000
V_215 0.000 613.196 11.000
D_216 -18.409 -475.402 8.000
G_217 0.000 -27.649 8.000
P_218 0.000 -195.996 8.000
Q_219 -18.409 -643.904 8.000
V_220 0.000 613.196 12.000
E_221 -26.485 -605.239 16.000
E_222 -23.258 -605.239 12.000
Q_223 -23.258 -643.904 12.000
L_224 0.000 679.918 11.000
L_225 0.000 679.918 10.000
S_226 -15.425 -90.060 9.000
T_227 -15.425 -90.974 9.000
T_228 -18.462 -90.974 13.000
V_229 0.000 613.196 10.000
Q_230 -22.253 -643.904 11.000
P_231 0.000 -195.996 8.000
N_232 -23.258 -507.047 12.000
L_233 0.000 679.918 11.000
E_234 -25.772 -605.239 15.000
K_235 -17.098 -818.649 11.000
E_236 -23.258 -605.239 12.000
V_237 0.000 613.196 8.000
W_238 -3.990 -203.500 5.000
G_239 0.000 -27.649 5.000
M_240 0.000 401.769 9.000
E_241 -23.258 -605.239 12.000
N_242 -25.772 -507.047 15.000
N_243 -27.773 -507.047 18.000
S_244 -21.060 -90.060 18.000
S_245 -20.609 -90.060 17.000
E_246 -26.485 -605.239 16.000
S_247 -18.462 -90.060 13.000
S_248 -16.309 -90.060 10.000
F_249 0.000 560.542 10.000
A_250 0.000 185.740 10.000
D_251 -21.132 -475.402 10.000
S_252 -16.309 -90.060 10.000
S_253 -16.309 -90.060 10.000
V_254 0.000 613.196 9.000
V_255 0.000 613.196 10.000
S_256 -16.309 -90.060 10.000
E_257 -25.003 -605.239 14.000
S_258 -20.609 -90.060 17.000
D_259 -27.150 -475.402 17.000
T_260 -18.462 -90.974 13.000
S_261 -16.309 -90.060 10.000
L_262 0.000 679.918 10.000
A_263 0.000 185.740 7.000
E_264 -16.691 -605.239 7.000
G_265 0.000 -27.649 7.000
S_266 -16.309 -90.060 10.000
V_267 0.000 613.196 6.000
S_268 -11.867 -90.060 6.000
C_269 0.000 322.480 7.000
L_270 0.000 679.918 11.000
D_271 -22.253 -475.402 11.000
E_272 -22.253 -605.239 11.000
S_273 -17.098 -90.060 11.000
L_274 0.000 679.918 9.000
G_275 0.000 -27.649 9.000
H_276 -10.601 -583.484 9.000
N_277 -24.169 -507.047 13.000
S_278 -18.462 -90.060 13.000
N_279 -22.253 -507.047 11.000
M_280 0.000 401.769 10.000
G_281 0.000 -27.649 11.000
S_282 -16.309 -90.060 10.000
D_283 -21.132 -475.402 10.000
S_284 -18.462 -90.060 13.000
G_285 0.000 -27.649 10.000
T_286 -11.867 -90.974 6.000
M_287 0.000 401.769 6.000
G_288 0.000 -27.649 10.000
S_289 -16.309 -90.060 10.000
D_290 -25.003 -475.402 14.000
S_291 -21.060 -90.060 18.000
D_292 -28.359 -475.402 19.000
E_293 -28.359 -605.239 19.000
E_294 -26.485 -605.239 16.000
N_295 -23.258 -507.047 12.000
V_296 0.000 613.196 8.000
A_297 0.000 185.740 9.000
A_298 0.000 185.740 5.000
R_299 -21.845 -1015.709 8.000
A_300 0.000 185.740 8.000
S_301 -17.811 -90.060 12.000
P_302 0.000 -195.996 7.000
E_303 -22.253 -605.239 11.000
P_304 0.000 -195.996 8.000
E_305 -23.258 -605.239 12.000
L_306 0.000 679.918 8.000
Q_307 -24.169 -643.904 13.000
L_308 0.000 679.918 9.000
R_309 -27.076 -1015.709 11.000
P_310 0.000 -195.996 11.000
Y_311 -11.652 -274.939 11.000
Q_312 -21.132 -643.904 10.000
M_313 0.000 401.769 10.000
E_314 -18.409 -605.239 8.000
V_315 0.000 613.196 8.000
A_316 0.000 185.740 8.000
Q_317 -7.878 -643.904 4.000
P_318 0.000 -195.996 4.000
A_319 0.000 185.740 8.000
L_320 0.000 679.918 4.000
E_321 -16.691 -605.239 7.000
G_322 0.000 -27.649 11.000
K_323 -17.098 -818.649 11.000
N_324 -16.691 -507.047 7.000
I_325 0.000 777.529 7.000
I_326 0.000 777.529 4.000
I_327 0.000 777.529 0.000
C_328 0.000 322.480 0.000
L_329 0.000 679.918 3.000
P_330 0.000 -195.996 3.000
T_331 -11.867 -90.974 6.000
G_332 0.000 -27.649 6.000
S_333 -15.425 -90.060 9.000
G_334 0.000 -27.649 9.000
K_335 -19.059 -818.649 14.000
T_336 -17.098 -90.974 11.000
R_337 -27.076 -1015.709 11.000
V_338 0.000 613.196 8.000
A_339 0.000 185.740 7.000
V_340 0.000 613.196 2.000
Y_341 -1.718 -274.939 2.000
I_342 0.000 777.529 5.000
A_343 0.000 185.740 9.000
K_344 -15.425 -818.649 9.000
D_345 -19.866 -475.402 9.000
H_346 -12.518 -583.484 13.000
L_347 0.000 679.918 13.000
D_348 -23.258 -475.402 12.000
K_349 -18.462 -818.649 13.000
K_350 -20.127 -818.649 16.000
K_351 -17.811 -818.649 12.000
K_352 -17.811 -818.649 12.000
A_353 0.000 185.740 13.000
S_354 -16.309 -90.060 10.000
E_355 -16.691 -605.239 7.000
P_356 0.000 -195.996 10.000
G_357 0.000 -27.649 7.000
K_358 -4.441 -818.649 3.000
V_359 0.000 613.196 3.000
I_360 0.000 777.529 3.000
V_361 0.000 613.196 0.000
L_362 0.000 679.918 4.000
V_363 0.000 613.196 7.000
N_364 -16.691 -507.047 7.000
K_365 -13.255 -818.649 7.000
V_366 0.000 613.196 7.000
L_367 0.000 679.918 3.000
L_368 0.000 679.918 4.000
V_369 0.000 613.196 8.000
E_370 -18.409 -605.239 8.000
Q_371 -18.409 -643.904 8.000
L_372 0.000 679.918 13.000
F_373 0.000 560.542 12.000
R_374 -28.412 -1015.709 12.000
K_375 -17.811 -818.649 12.000
E_376 -26.485 -605.239 16.000
F_377 0.000 560.542 11.000
Q_378 -18.409 -643.904 8.000
P_379 0.000 -195.996 4.000
F_380 0.000 560.542 7.000
L_381 0.000 679.918 6.000
K_382 -13.255 -818.649 7.000
K_383 -15.425 -818.649 9.000
W_384 -6.542 -203.500 14.000
Y_385 -11.652 -274.939 11.000
R_386 -21.845 -1015.709 8.000
V_387 0.000 613.196 7.000
I_388 0.000 777.529 5.000
G_389 0.000 -27.649 3.000
L_390 0.000 679.918 3.000
S_391 -13.255 -90.060 7.000
G_392 0.000 -27.649 10.000
D_393 -25.003 -475.402 14.000
T_394 -17.098 -90.974 11.000
Q_395 -25.003 -643.904 14.000
L_396 0.000 679.918 10.000
K_397 -16.309 -818.649 10.000
I_398 0.000 777.529 6.000
S_399 -11.867 -90.060 6.000
F_400 0.000 560.542 7.000
P_401 0.000 -195.996 7.000
E_402 -7.878 -605.239 4.000
V_403 0.000 613.196 7.000
V_404 0.000 613.196 10.000
K_405 -11.867 -818.649 6.000
S_406 -16.309 -90.060 10.000
C_407 0.000 322.480 10.000
D_408 -16.691 -475.402 7.000
I_409 0.000 777.529 4.000
I_410 0.000 777.529 7.000
I_411 0.000 777.529 6.000
S_412 -11.867 -90.060 6.000
T_413 -16.309 -90.974 10.000
A_414 0.000 185.740 10.000
Q_415 -16.691 -643.904 7.000
I_416 0.000 777.529 8.000
L_417 0.000 679.918 12.000
E_418 -22.253 -605.239 11.000
N_419 -22.253 -507.047 11.000
S_420 -17.098 -90.060 11.000
L_421 0.000 679.918 11.000
L_422 0.000 679.918 7.000
N_423 -18.409 -507.047 8.000
L_424 0.000 679.918 12.000
E_425 -23.258 -605.239 12.000
N_426 -23.258 -507.047 12.000
G_427 0.000 -27.649 16.000
E_428 -23.258 -605.239 12.000
D_429 -18.409 -475.402 8.000
A_430 0.000 185.740 8.000
G_431 0.000 -27.649 8.000
V_432 0.000 613.196 4.000
Q_433 -16.691 -643.904 7.000
L_434 0.000 679.918 11.000
S_435 -17.098 -90.060 11.000
D_436 -21.132 -475.402 10.000
F_437 0.000 560.542 10.000
S_438 -13.255 -90.060 7.000
L_439 0.000 679.918 3.000
I_440 0.000 777.529 3.000
I_441 0.000 777.529 4.000
I_442 0.000 777.529 8.000
D_443 -18.409 -475.402 8.000
E_444 -21.132 -605.239 10.000
C_445 0.000 322.480 12.000
H_446 -11.652 -583.484 11.000
H_447 -11.652 -583.484 11.000
T_448 -19.059 -90.974 14.000
N_449 -26.485 -507.047 16.000
K_450 -19.059 -818.649 14.000
E_451 -22.253 -605.239 11.000
A_452 0.000 185.740 9.000
V_453 0.000 613.196 10.000
Y_454 -11.154 -274.939 10.000
N_455 -21.132 -507.047 10.000
N_456 -21.132 -507.047 10.000
I_457 0.000 777.529 13.000
M_458 0.000 401.769 11.000
R_459 -23.856 -1015.709 9.000
H_460 -10.601 -583.484 9.000
Y_461 -10.601 -274.939 9.000
L_462 0.000 679.918 8.000
M_463 0.000 401.769 9.000
Q_464 -16.691 -643.904 7.000
K_465 -16.309 -818.649 10.000
L_466 0.000 679.918 14.000
K_467 -19.059 -818.649 14.000
N_468 -26.485 -507.047 16.000
N_469 -26.485 -507.047 16.000
R_470 -32.645 -1015.709 16.000
L_471 0.000 679.918 15.000
K_472 -19.613 -818.649 15.000
K_473 -19.059 -818.649 14.000
E_474 -27.150 -605.239 17.000
N_475 -25.003 -507.047 14.000
K_476 -17.098 -818.649 11.000
P_477 0.000 -195.996 7.000
V_478 0.000 613.196 3.000
I_479 0.000 777.529 0.000
P_480 0.000 -195.996 0.000
L_481 0.000 679.918 4.000
P_482 0.000 -195.996 4.000
Q_483 -7.878 -643.904 4.000
I_484 0.000 777.529 4.000
L_485 0.000 679.918 4.000
G_486 0.000 -27.649 3.000
L_487 0.000 679.918 3.000
T_488 -11.867 -90.974 6.000
A_489 0.000 185.740 6.000
S_490 -11.867 -90.060 6.000
P_491 0.000 -195.996 3.000
G_492 0.000 -27.649 3.000
V_493 0.000 613.196 0.000
G_494 0.000 -27.649 0.000
G_495 0.000 -27.649 3.000
A_496 0.000 185.740 6.000
T_497 -16.309 -90.974 10.000
K_498 -16.309 -818.649 10.000
Q_499 -24.169 -643.904 13.000
A_500 0.000 185.740 10.000
K_501 -17.098 -818.649 11.000
A_502 0.000 185.740 11.000
E_503 -24.169 -605.239 13.000
E_504 -21.132 -605.239 10.000
H_505 -11.154 -583.484 10.000
I_506 0.000 777.529 9.000
L_507 0.000 679.918 5.000
K_508 -4.441 -818.649 3.000
L_509 0.000 679.918 3.000
C_510 0.000 322.480 7.000
A_511 0.000 185.740 4.000
N_512 -18.409 -507.047 8.000
L_513 0.000 679.918 8.000
D_514 -18.409 -475.402 8.000
A_515 0.000 185.740 7.000
F_516 0.000 560.542 7.000
T_517 -11.867 -90.974 6.000
I_518 0.000 777.529 9.000
K_519 -15.425 -818.649 9.000
T_520 -15.425 -90.974 9.000
V_521 0.000 613.196 13.000
K_522 -19.059 -818.649 14.000
E_523 -22.253 -605.239 11.000
N_524 -25.772 -507.047 15.000
L_525 0.000 679.918 16.000
D_526 -23.258 -475.402 12.000
Q_527 -22.253 -643.904 11.000
L_528 0.000 679.918 15.000
K_529 -19.613 -818.649 15.000
N_530 -22.253 -507.047 11.000
Q_531 -25.772 -643.904 15.000
I_532 0.000 777.529 16.000
Q_533 -23.258 -643.904 12.000
E_534 -18.409 -605.239 8.000
P_535 0.000 -195.996 11.000
C_536 0.000 322.480 10.000
K_537 -11.867 -818.649 6.000
K_538 -11.867 -818.649 6.000
F_539 0.000 560.542 6.000
A_540 0.000 185.740 3.000
I_541 0.000 777.529 4.000
A_542 0.000 185.740 4.000
D_543 -16.691 -475.402 7.000
A_544 0.000 185.740 12.000
T_545 -20.127 -90.974 16.000
R_546 -32.645 -1015.709 16.000
E_547 -26.485 -605.239 16.000
D_548 -24.169 -475.402 13.000
P_549 0.000 -195.996 11.000
F_550 0.000 560.542 11.000
K_551 -16.309 -818.649 10.000
E_552 -21.132 -605.239 10.000
K_553 -16.309 -818.649 10.000
L_554 0.000 679.918 11.000
L_555 0.000 679.918 7.000
E_556 -7.878 -605.239 4.000
I_557 0.000 777.529 7.000
M_558 0.000 401.769 12.000
T_559 -14.420 -90.974 8.000
R_560 -28.412 -1015.709 12.000
I_561 0.000 777.529 15.000
Q_562 -25.003 -643.904 14.000
T_563 -15.425 -90.974 9.000
Y_564 -12.518 -274.939 13.000
C_565 0.000 322.480 9.000
Q_566 -19.866 -643.904 9.000
M_567 0.000 401.769 7.000
S_568 -13.255 -90.060 7.000
P_569 0.000 -195.996 6.000
M_570 0.000 401.769 10.000
S_571 -13.255 -90.060 7.000
D_572 -16.691 -475.402 7.000
F_573 0.000 560.542 10.000
G_574 0.000 -27.649 11.000
T_575 -13.255 -90.974 7.000
Q_576 -19.866 -643.904 9.000
P_577 0.000 -195.996 13.000
Y_578 -12.900 -274.939 14.000
E_579 -22.253 -605.239 11.000
Q_580 -22.253 -643.904 11.000
W_581 -5.447 -203.500 9.000
A_582 0.000 185.740 9.000
I_583 0.000 777.529 5.000
Q_584 -18.409 -643.904 8.000
M_585 0.000 401.769 11.000
E_586 -25.003 -605.239 14.000
K_587 -16.309 -818.649 10.000
K_588 -16.309 -818.649 10.000
A_589 0.000 185.740 9.000
A_590 0.000 185.740 10.000
K_591 -13.255 -818.649 7.000
E_592 -22.253 -605.239 11.000
G_593 0.000 -27.649 16.000
N_594 -26.485 -507.047 16.000
R_595 -32.645 -1015.709 16.000
K_596 -22.271 -818.649 21.000
E_597 -27.150 -605.239 17.000
R_598 -28.412 -1015.709 12.000
V_599 0.000 613.196 9.000
C_600 0.000 322.480 9.000
A_601 0.000 185.740 6.000
E_602 -14.591 -605.239 6.000
H_603 -11.652 -583.484 11.000
L_604 0.000 679.918 14.000
R_605 -28.412 -1015.709 12.000
K_606 -19.059 -818.649 14.000
Y_607 -14.188 -274.939 18.000
N_608 -24.169 -507.047 13.000
E_609 -21.132 -605.239 10.000
A_610 0.000 185.740 12.000
L_611 0.000 679.918 8.000
Q_612 -18.409 -643.904 8.000
I_613 0.000 777.529 12.000
N_614 -25.772 -507.047 15.000
D_615 -22.253 -475.402 11.000
T_616 -20.127 -90.974 16.000
I_617 0.000 777.529 12.000
R_618 -21.845 -1015.709 8.000
M_619 0.000 401.769 9.000
I_620 0.000 777.529 9.000
D_621 -14.591 -475.402 6.000
A_622 0.000 185.740 9.000
Y_623 -11.652 -274.939 11.000
T_624 -13.255 -90.974 7.000
H_625 -11.652 -583.484 11.000
L_626 0.000 679.918 12.000
E_627 -19.866 -605.239 9.000
T_628 -15.425 -90.974 9.000
F_629 0.000 560.542 13.000
Y_630 -12.518 -274.939 13.000
N_631 -25.003 -507.047 14.000
E_632 -27.150 -605.239 17.000
E_633 -28.359 -605.239 19.000
K_634 -21.060 -818.649 18.000
D_635 -27.150 -475.402 17.000
K_636 -18.462 -818.649 13.000
K_637 -16.309 -818.649 10.000
F_638 0.000 560.542 6.000
A_639 0.000 185.740 3.000
V_640 0.000 613.196 4.000
I_641 0.000 777.529 8.000
E_642 -23.258 -605.239 12.000
D_643 -25.772 -475.402 15.000
D_644 -28.359 -475.402 19.000
S_645 -21.486 -90.060 19.000
D_646 -25.772 -475.402 15.000
E_647 -22.253 -605.239 11.000
G_648 0.000 -27.649 12.000
G_649 0.000 -27.649 12.000
D_650 -23.258 -475.402 12.000
D_651 -25.003 -475.402 14.000
E_652 -25.003 -605.239 14.000
Y_653 -12.900 -274.939 14.000
C_654 0.000 322.480 10.000
D_655 -21.132 -475.402 10.000
G_656 0.000 -27.649 12.000
D_657 -26.485 -475.402 16.000
E_658 -26.485 -605.239 16.000
D_659 -28.912 -475.402 20.000
E_660 -28.912 -605.239 20.000
D_661 -26.485 -475.402 16.000
D_662 -25.772 -475.402 15.000
L_663 0.000 679.918 14.000
K_664 -16.309 -818.649 10.000
K_665 -11.867 -818.649 6.000
P_666 0.000 -195.996 9.000
L_667 0.000 679.918 6.000
K_668 -13.255 -818.649 7.000
L_669 0.000 679.918 11.000
D_670 -25.003 -475.402 14.000
E_671 -25.772 -605.239 15.000
T_672 -21.889 -90.974 20.000
D_673 -26.485 -475.402 16.000
R_674 -28.412 -1015.709 12.000
F_675 0.000 560.542 9.000
L_676 0.000 679.918 8.000
M_677 0.000 401.769 3.000
T_678 -4.441 -90.974 3.000
L_679 0.000 679.918 3.000
F_680 0.000 560.542 7.000
F_681 0.000 560.542 8.000
E_682 -23.258 -605.239 12.000
N_683 -25.772 -507.047 15.000
N_684 -25.772 -507.047 15.000
K_685 -17.098 -818.649 11.000
M_686 0.000 401.769 10.000
L_687 0.000 679.918 11.000
K_688 -14.420 -818.649 8.000
R_689 -21.845 -1015.709 8.000
L_690 0.000 679.918 12.000
A_691 0.000 185.740 13.000
E_692 -18.409 -605.239 8.000
N_693 -23.258 -507.047 12.000
P_694 0.000 -195.996 14.000
E_695 -25.003 -605.239 14.000
Y_696 -12.900 -274.939 14.000
E_697 -27.773 -605.239 18.000
N_698 -27.150 -507.047 17.000
E_699 -25.772 -605.239 15.000
K_700 -19.059 -818.649 14.000
L_701 0.000 679.918 13.000
T_702 -15.425 -90.974 9.000
K_703 -17.098 -818.649 11.000
L_704 0.000 679.918 15.000
R_705 -31.716 -1015.709 15.000
N_706 -23.258 -507.047 12.000
T_707 -17.811 -90.974 12.000
I_708 0.000 777.529 11.000
M_709 0.000 401.769 11.000
E_710 -21.132 -605.239 10.000
Q_711 -24.169 -643.904 13.000
Y_712 -14.188 -274.939 18.000
T_713 -20.609 -90.974 17.000
R_714 -33.508 -1015.709 17.000
T_715 -21.486 -90.974 19.000
E_716 -28.359 -605.239 19.000
E_717 -25.003 -605.239 14.000
S_718 -20.127 -90.060 16.000
A_719 0.000 185.740 12.000
R_720 -21.845 -1015.709 8.000
G_721 0.000 -27.649 5.000
I_722 0.000 777.529 5.000
I_723 0.000 777.529 3.000
F_724 0.000 560.542 6.000
T_725 -15.425 -90.974 9.000
K_726 -19.059 -818.649 14.000
T_727 -21.060 -90.974 18.000
R_728 -34.315 -1015.709 18.000
Q_729 -25.772 -643.904 15.000
S_730 -19.059 -90.060 14.000
A_731 0.000 185.740 9.000
Y_732 -7.426 -274.939 5.000
A_733 0.000 185.740 5.000
L_734 0.000 679.918 9.000
S_735 -14.420 -90.060 8.000
Q_736 -18.409 -643.904 8.000
W_737 -5.944 -203.500 11.000
I_738 0.000 777.529 12.000
T_739 -17.811 -90.974 12.000
E_740 -25.772 -605.239 15.000
N_741 -27.773 -507.047 18.000
E_742 -25.772 -605.239 15.000
K_743 -17.098 -818.649 11.000
F_744 0.000 560.542 11.000
A_745 0.000 185.740 7.000
E_746 -7.878 -605.239 4.000
V_747 0.000 613.196 4.000
G_748 0.000 -27.649 7.000
V_749 0.000 613.196 3.000
K_750 -10.149 -818.649 5.000
A_751 0.000 185.740 7.000
H_752 -9.265 -583.484 7.000
H_753 -6.160 -583.484 4.000
L_754 0.000 679.918 4.000
I_755 0.000 777.529 2.000
G_756 0.000 -27.649 0.000
A_757 0.000 185.740 2.000
G_758 0.000 -27.649 5.000
H_759 -9.978 -583.484 8.000
S_760 -17.811 -90.060 12.000
S_761 -17.811 -90.060 12.000
E_762 -24.169 -605.239 13.000
F_763 0.000 560.542 10.000
K_764 -13.255 -818.649 7.000
P_765 0.000 -195.996 6.000
M_766 0.000 401.769 10.000
T_767 -17.098 -90.974 11.000
Q_768 -25.772 -643.904 15.000
N_769 -28.359 -507.047 19.000
E_770 -28.359 -605.239 19.000
Q_771 -28.359 -643.904 19.000
K_772 -19.613 -818.649 15.000
E_773 -22.253 -605.239 11.000
V_774 0.000 613.196 10.000
I_775 0.000 777.529 10.000
S_776 -11.867 -90.060 6.000
K_777 -17.098 -818.649 11.000
F_778 0.000 560.542 14.000
R_779 -27.076 -1015.709 11.000
T_780 -17.098 -90.974 11.000
G_781 0.000 -27.649 11.000
K_782 -16.309 -818.649 10.000
I_783 0.000 777.529 7.000
N_784 -16.691 -507.047 7.000
L_785 0.000 679.918 4.000
L_786 0.000 679.918 4.000
I_787 0.000 777.529 3.000
A_788 0.000 185.740 6.000
T_789 -11.867 -90.974 6.000
T_790 -11.867 -90.974 6.000
V_791 0.000 613.196 10.000
A_792 0.000 185.740 11.000
E_793 -18.409 -605.239 8.000
E_794 -18.409 -605.239 8.000
G_795 0.000 -27.649 12.000
L_796 0.000 679.918 8.000
D_797 -16.691 -475.402 7.000
I_798 0.000 777.529 11.000
K_799 -17.098 -818.649 11.000
E_800 -22.253 -605.239 11.000
C_801 0.000 322.480 11.000
N_802 -18.409 -507.047 8.000
I_803 0.000 777.529 4.000
V_804 0.000 613.196 9.000
I_805 0.000 777.529 7.000
R_806 -19.414 -1015.709 7.000
Y_807 -9.265 -274.939 7.000
G_808 0.000 -27.649 7.000
L_809 0.000 679.918 5.000
V_810 0.000 613.196 7.000
T_811 -17.098 -90.974 11.000
N_812 -22.253 -507.047 11.000
E_813 -22.253 -605.239 11.000
I_814 0.000 777.529 8.000
A_815 0.000 185.740 4.000
M_816 0.000 401.769 4.000
V_817 0.000 613.196 4.000
Q_818 -19.866 -643.904 9.000
A_819 0.000 185.740 9.000
R_820 -30.711 -1015.709 14.000
G_821 0.000 -27.649 10.000
R_822 -31.716 -1015.709 15.000
A_823 0.000 185.740 10.000
R_824 -30.711 -1015.709 14.000
A_825 0.000 185.740 13.000
D_826 -26.485 -475.402 16.000
E_827 -25.003 -605.239 14.000
S_828 -20.127 -90.060 16.000
T_829 -17.811 -90.974 12.000
Y_830 -9.978 -274.939 8.000
V_831 0.000 613.196 5.000
L_832 0.000 679.918 2.000
V_833 0.000 613.196 2.000
A_834 0.000 185.740 5.000
H_835 -7.426 -583.484 5.000
S_836 -14.420 -90.060 8.000
G_837 0.000 -27.649 8.000
S_838 -11.867 -90.060 6.000
G_839 0.000 -27.649 3.000
V_840 0.000 613.196 7.000
I_841 0.000 777.529 6.000
E_842 -21.132 -605.239 10.000
H_843 -12.518 -583.484 13.000
E_844 -24.169 -605.239 13.000
T_845 -18.462 -90.974 13.000
V_846 0.000 613.196 15.000
N_847 -22.253 -507.047 11.000
D_848 -24.169 -475.402 13.000
F_849 0.000 560.542 17.000
R_850 -32.645 -1015.709 16.000
E_851 -23.258 -605.239 12.000
K_852 -17.811 -818.649 12.000
M_853 0.000 401.769 9.000
M_854 0.000 401.769 8.000
Y_855 -7.426 -274.939 5.000
K_856 -10.149 -818.649 5.000
A_857 0.000 185.740 7.000
I_858 0.000 777.529 5.000
H_859 -1.718 -583.484 2.000
C_860 0.000 322.480 6.000
V_861 0.000 613.196 10.000
Q_862 -18.409 -643.904 8.000
N_863 -22.253 -507.047 11.000
M_864 0.000 401.769 11.000
K_865 -17.098 -818.649 11.000
P_866 0.000 -195.996 11.000
E_867 -24.169 -605.239 13.000
E_868 -21.132 -605.239 10.000
Y_869 -12.104 -274.939 12.000
A_870 0.000 185.740 11.000
H_871 -9.265 -583.484 7.000
K_872 -10.149 -818.649 5.000
I_873 0.000 777.529 9.000
L_874 0.000 679.918 7.000
E_875 -18.409 -605.239 8.000
L_876 0.000 679.918 8.000
Q_877 -23.258 -643.904 12.000
M_878 0.000 401.769 11.000
Q_879 -22.253 -643.904 11.000
S_880 -13.255 -90.060 7.000
I_881 0.000 777.529 11.000
M_882 0.000 401.769 10.000
E_883 -21.132 -605.239 10.000
K_884 -16.309 -818.649 10.000
K_885 -18.462 -818.649 13.000
M_886 0.000 401.769 12.000
K_887 -17.811 -818.649 12.000
T_888 -19.059 -90.974 14.000
K_889 -21.060 -818.649 18.000
R_890 -31.716 -1015.709 15.000
N_891 -23.258 -507.047 12.000
I_892 0.000 777.529 12.000
A_893 0.000 185.740 9.000
K_894 -13.255 -818.649 7.000
H_895 -11.154 -583.484 10.000
Y_896 -12.900 -274.939 14.000
K_897 -19.613 -818.649 15.000
N_898 -24.169 -507.047 13.000
N_899 -25.003 -507.047 14.000
P_900 0.000 -195.996 11.000
S_901 -13.255 -90.060 7.000
L_902 0.000 679.918 6.000
I_903 0.000 777.529 6.000
T_904 -4.441 -90.974 3.000
F_905 0.000 560.542 3.000
L_906 0.000 679.918 6.000
C_907 0.000 322.480 7.000
K_908 -13.255 -818.649 7.000
N_909 -21.132 -507.047 10.000
C_910 0.000 322.480 10.000
S_911 -13.255 -90.060 7.000
V_912 0.000 613.196 3.000
L_913 0.000 679.918 3.000
A_914 0.000 185.740 3.000
C_915 0.000 322.480 3.000
S_916 -13.255 -90.060 7.000
G_917 0.000 -27.649 11.000
E_918 -22.253 -605.239 11.000
D_919 -21.132 -475.402 10.000
I_920 0.000 777.529 10.000
H_921 -8.431 -583.484 6.000
V_922 0.000 613.196 6.000
I_923 0.000 777.529 9.000
E_924 -16.691 -605.239 7.000
K_925 -15.425 -818.649 9.000
M_926 0.000 401.769 11.000
H_927 -9.265 -583.484 7.000
H_928 -9.978 -583.484 8.000
V_929 0.000 613.196 8.000
N_930 -19.866 -507.047 9.000
M_931 0.000 401.769 7.000
T_932 -17.098 -90.974 11.000
P_933 0.000 -195.996 7.000
E_934 -21.132 -605.239 10.000
F_935 0.000 560.542 11.000
K_936 -17.098 -818.649 11.000
E_937 -19.866 -605.239 9.000
L_938 0.000 679.918 9.000
Y_939 -8.431 -274.939 6.000
I_940 0.000 777.529 7.000
V_941 0.000 613.196 11.000
R_942 -29.616 -1015.709 13.000
E_943 -26.485 -605.239 16.000
N_944 -26.485 -507.047 16.000
K_945 -17.098 -818.649 11.000
A_946 0.000 185.740 11.000
L_947 0.000 679.918 10.000
Q_948 -21.132 -643.904 10.000
K_949 -16.309 -818.649 10.000
K_950 -16.309 -818.649 10.000
C_951 0.000 322.480 10.000
A_952 0.000 185.740 9.000
D_953 -21.132 -475.402 10.000
Y_954 -11.154 -274.939 10.000
Q_955 -25.003 -643.904 14.000
I_956 0.000 777.529 10.000
N_957 -23.258 -507.047 12.000
G_958 0.000 -27.649 8.000
E_959 -18.409 -605.239 8.000
I_960 0.000 777.529 4.000
I_961 0.000 777.529 7.000
C_962 0.000 322.480 3.000
K_963 -4.441 -818.649 3.000
C_964 0.000 322.480 7.000
G_965 0.000 -27.649 7.000
Q_966 -11.867 -643.904 5.000
A_967 0.000 185.740 5.000
W_968 -5.155 -203.500 8.000
G_969 0.000 -27.649 4.000
T_970 -7.878 -90.974 4.000
M_971 0.000 401.769 3.000
M_972 0.000 401.769 5.000
V_973 0.000 613.196 5.000
H_974 -7.426 -583.484 5.000
K_975 -10.149 -818.649 5.000
G_976 0.000 -27.649 9.000
L_977 0.000 679.918 7.000
D_978 -7.878 -475.402 4.000
L_979 0.000 679.918 4.000
P_980 0.000 -195.996 4.000
C_981 0.000 322.480 3.000
L_982 0.000 679.918 3.000
K_983 -14.420 -818.649 8.000
I_984 0.000 777.529 12.000
R_985 -28.412 -1015.709 12.000
N_986 -19.866 -507.047 9.000
F_987 0.000 560.542 9.000
V_988 0.000 613.196 4.000
V_989 0.000 613.196 0.000
V_990 0.000 613.196 3.000
F_991 0.000 560.542 7.000
K_992 -17.098 -818.649 11.000
N_993 -25.003 -507.047 14.000
N_994 -27.150 -507.047 17.000
S_995 -20.609 -90.060 17.000
T_996 -20.127 -90.974 16.000
K_997 -20.127 -818.649 16.000
K_998 -19.613 -818.649 15.000
Q_999 -25.772 -643.904 15.000
Y_1000 -13.255 -274.939 15.000
K_1001 -18.462 -818.649 13.000
K_1002 -15.425 -818.649 9.000
W_1003 -5.944 -203.500 11.000
V_1004 0.000 613.196 8.000
E_1005 -11.867 -605.239 5.000
L_1006 0.000 679.918 4.000
P_1007 0.000 -195.996 7.000
I_1008 0.000 777.529 3.000
T_1009 -4.441 -90.974 3.000
F_1010 0.000 560.542 7.000
P_1011 0.000 -195.996 7.000
N_1012 -18.409 -507.047 8.000
L_1013 0.000 679.918 10.000
D_1014 -24.169 -475.402 13.000
Y_1015 -12.518 -274.939 13.000
S_1016 -18.462 -90.060 13.000
E_1017 -19.866 -605.239 9.000
C_1018 0.000 322.480 7.000
C_1019 0.000 322.480 4.000
L_1020 0.000 679.918 3.000
F_1021 0.000 560.542 7.000
S_1022 -17.098 -90.060 11.000
D_1023 -25.772 -475.402 15.000
E_1024 -25.772 -605.239 15.000
D_1025 -23.258 -475.402 12.000
