M_1 0.000 401.769 0.000
A_2 0.000 185.740 0.000
A_3 0.000 185.740 3.000
G_4 0.000 -27.649 3.000
S_5 -11.867 -90.060 6.000
I_6 0.000 777.529 9.000
T_7 -15.425 -90.974 9.000
T_8 -11.867 -90.974 6.000
L_9 0.000 679.918 6.000
P_10 0.000 -195.996 3.000
A_11 0.000 185.740 0.000
L_12 0.000 679.918 4.000
P_13 0.000 -195.996 8.000
E_14 -18.409 -605.239 8.000
D_15 -18.409 -475.402 8.000
G_16 0.000 -27.649 11.000
G_17 0.000 -27.649 7.000
S_18 -4.441 -90.060 3.000
G_19 0.000 -27.649 3.000
A_20 0.000 185.740 3.000
F_21 0.000 560.542 0.000
P_22 0.000 -195.996 0.000
P_23 0.000 -195.996 2.000
G_24 0.000 -27.649 2.000
H_25 -7.426 -583.484 5.000
F_26 0.000 560.542 9.000
K_27 -15.425 -818.649 9.000
D_28 -21.132 -475.402 10.000
P_29 0.000 -195.996 15.000
K_30 -17.811 -818.649 12.000
R_31 -25.574 -1015.709 10.000
L_32 0.000 679.918 10.000
Y_33 -11.154 -274.939 10.000
C_34 0.000 322.480 9.000
K_35 -15.425 -818.649 9.000
N_36 -16.691 -507.047 7.000
G_37 0.000 -27.649 7.000
G_38 0.000 -27.649 4.000
F_39 0.000 560.542 0.000
F_40 0.000 560.542 5.000
L_41 0.000 679.918 5.000
R_42 -19.414 -1015.709 7.000
I_43 0.000 777.529 7.000
H_44 -11.652 -583.484 11.000
P_45 0.000 -195.996 6.000
D_46 -22.253 -475.402 11.000
G_47 0.000 -27.649 9.000
R_48 -29.616 -1015.709 13.000
V_49 0.000 613.196 9.000
D_50 -19.866 -475.402 9.000
G_51 0.000 -27.649 9.000
V_52 0.000 613.196 13.000
R_53 -28.412 -1015.709 12.000
E_54 -25.772 -605.239 15.000
K_55 -21.486 -818.649 19.000
S_56 -19.059 -90.060 14.000
D_57 -23.258 -475.402 12.000
P_58 0.000 -195.996 9.000
H_59 -10.601 -583.484 9.000
I_60 0.000 777.529 5.000
K_61 -15.425 -818.649 9.000
L_62 0.000 679.918 7.000
Q_63 -22.253 -643.904 11.000
L_64 0.000 679.918 8.000
Q_65 -23.258 -643.904 12.000
A_66 0.000 185.740 12.000
E_67 -27.150 -605.239 17.000
E_68 -24.169 -605.239 13.000
R_69 -29.616 -1015.709 13.000
G_70 0.000 -27.649 9.000
V_71 0.000 613.196 8.000
V_72 0.000 613.196 3.000
S_73 -11.867 -90.060 6.000
I_74 0.000 777.529 6.000
K_75 -11.867 -818.649 6.000
G_76 0.000 -27.649 3.000
V_77 0.000 613.196 3.000
C_78 0.000 322.480 4.000
A_79 0.000 185.740 9.000
N_80 -22.253 -507.047 11.000
R_81 -27.076 -1015.709 11.000
Y_82 -11.652 -274.939 11.000
L_83 0.000 679.918 7.000
A_84 0.000 185.740 5.000
M_85 0.000 401.769 7.000
K_86 -17.098 -818.649 11.000
E_87 -22.253 -605.239 11.000
D_88 -26.485 -475.402 16.000
G_89 0.000 -27.649 13.000
R_90 -23.856 -1015.709 9.000
L_91 0.000 679.918 5.000
L_92 0.000 679.918 8.000
A_93 0.000 185.740 6.000
S_94 -11.867 -90.060 6.000
K_95 -11.867 -818.649 6.000
C_96 0.000 322.480 9.000
V_97 0.000 613.196 10.000
T_98 -17.098 -90.974 11.000
D_99 -22.253 -475.402 11.000
E_100 -22.253 -605.239 11.000
C_101 0.000 322.480 8.000
F_102 0.000 560.542 4.000
F_103 0.000 560.542 4.000
F_104 0.000 560.542 9.000
E_105 -19.866 -605.239 9.000
R_106 -29.616 -1015.709 13.000
L_107 0.000 679.918 16.000
E_108 -26.485 -605.239 16.000
S_109 -19.613 -90.060 15.000
N_110 -27.150 -507.047 17.000
N_111 -27.150 -507.047 17.000
Y_112 -13.896 -274.939 17.000
N_113 -25.772 -507.047 15.000
T_114 -20.127 -90.974 16.000
Y_115 -13.896 -274.939 17.000
R_116 -34.315 -1015.709 18.000
S_117 -21.060 -90.060 18.000
R_118 -34.315 -1015.709 18.000
K_119 -20.127 -818.649 16.000
Y_120 -13.586 -274.939 16.000
T_121 -17.811 -90.974 12.000
S_122 -17.098 -90.060 11.000
W_123 -5.447 -203.500 9.000
Y_124 -8.431 -274.939 6.000
V_125 0.000 613.196 3.000
A_126 0.000 185.740 5.000
L_127 0.000 679.918 8.000
K_128 -17.098 -818.649 11.000
R_129 -27.076 -1015.709 11.000
T_130 -19.613 -90.974 15.000
G_131 0.000 -27.649 14.000
Q_132 -23.258 -643.904 12.000
Y_133 -10.601 -274.939 9.000
K_134 -15.425 -818.649 9.000
L_135 0.000 679.918 8.000
G_136 0.000 -27.649 9.000
S_137 -15.425 -90.060 9.000
K_138 -15.425 -818.649 9.000
T_139 -15.425 -90.974 9.000
G_140 0.000 -27.649 6.000
P_141 0.000 -195.996 7.000
G_142 0.000 -27.649 7.000
Q_143 -16.691 -643.904 7.000
K_144 -13.255 -818.649 7.000
A_145 0.000 185.740 7.000
I_146 0.000 777.529 3.000
L_147 0.000 679.918 0.000
F_148 0.000 560.542 0.000
L_149 0.000 679.918 0.000
P_150 0.000 -195.996 3.000
M_151 0.000 401.769 3.000
S_152 -11.867 -90.060 6.000
A_153 0.000 185.740 9.000
K_154 -15.425 -818.649 9.000
S_155 -11.867 -90.060 6.000
