M_1 0.000 401.769 4.000
D_2 -16.691 -475.402 7.000
G_3 0.000 -27.649 12.000
K_4 -20.609 -818.649 17.000
R_5 -29.616 -1015.709 13.000
R_6 -29.616 -1015.709 13.000
P_7 0.000 -195.996 10.000
G_8 0.000 -27.649 5.000
P_9 0.000 -195.996 0.000
G_10 0.000 -27.649 0.000
P_11 0.000 -195.996 0.000
G_12 0.000 -27.649 0.000
V_13 0.000 613.196 0.000
P_14 0.000 -195.996 3.000
P_15 0.000 -195.996 8.000
K_16 -14.420 -818.649 8.000
R_17 -29.616 -1015.709 13.000
A_18 0.000 185.740 13.000
R_19 -25.574 -1015.709 10.000
G_20 0.000 -27.649 5.000
G_21 0.000 -27.649 6.000
L_22 0.000 679.918 5.000
W_23 -5.447 -203.500 9.000
D_24 -24.169 -475.402 13.000
D_25 -27.150 -475.402 17.000
D_26 -26.485 -475.402 16.000
D_27 -23.258 -475.402 12.000
A_28 0.000 185.740 13.000
P_29 0.000 -195.996 9.000
R_30 -21.845 -1015.709 8.000
P_31 0.000 -195.996 12.000
S_32 -17.811 -90.060 12.000
Q_33 -22.253 -643.904 11.000
F_34 0.000 560.542 15.000
E_35 -26.485 -605.239 16.000
E_36 -23.258 -605.239 12.000
D_37 -23.258 -475.402 12.000
L_38 0.000 679.918 8.000
A_39 0.000 185.740 4.000
L_40 0.000 679.918 4.000
M_41 0.000 401.769 8.000
E_42 -18.409 -605.239 8.000
E_43 -23.258 -605.239 12.000
M_44 0.000 401.769 12.000
E_45 -23.258 -605.239 12.000
A_46 0.000 185.740 10.000
E_47 -25.772 -605.239 15.000
H_48 -11.652 -583.484 11.000
R_49 -31.716 -1015.709 15.000
L_50 0.000 679.918 15.000
Q_51 -27.150 -643.904 17.000
E_52 -26.485 -605.239 16.000
Q_53 -28.912 -643.904 20.000
E_54 -28.912 -605.239 20.000
E_55 -28.912 -605.239 20.000
E_56 -26.485 -605.239 16.000
E_57 -26.485 -605.239 16.000
L_58 0.000 679.918 15.000
Q_59 -22.253 -643.904 11.000
S_60 -13.255 -90.060 7.000
V_61 0.000 613.196 11.000
L_62 0.000 679.918 7.000
E_63 -7.878 -605.239 4.000
G_64 0.000 -27.649 4.000
V_65 0.000 613.196 8.000
A_66 0.000 185.740 4.000
D_67 -18.409 -475.402 8.000
G_68 0.000 -27.649 8.000
Q_69 -18.409 -643.904 8.000
V_70 0.000 613.196 4.000
P_71 0.000 -195.996 7.000
P_72 0.000 -195.996 3.000
S_73 -4.441 -90.060 3.000
A_74 0.000 185.740 7.000
I_75 0.000 777.529 7.000
D_76 -19.866 -475.402 9.000
P_77 0.000 -195.996 10.000
R_78 -25.574 -1015.709 10.000
W_79 -5.944 -203.500 11.000
L_80 0.000 679.918 11.000
R_81 -23.856 -1015.709 9.000
P_82 0.000 -195.996 8.000
T_83 -14.420 -90.974 8.000
P_84 0.000 -195.996 3.000
P_85 0.000 -195.996 3.000
A_86 0.000 185.740 4.000
L_87 0.000 679.918 4.000
D_88 -18.409 -475.402 8.000
P_89 0.000 -195.996 11.000
Q_90 -25.772 -643.904 15.000
T_91 -17.098 -90.974 11.000
E_92 -22.253 -605.239 11.000
P_93 0.000 -195.996 7.000
L_94 0.000 679.918 4.000
I_95 0.000 777.529 4.000
F_96 0.000 560.542 8.000
Q_97 -18.409 -643.904 8.000
Q_98 -23.258 -643.904 12.000
L_99 0.000 679.918 12.000
E_100 -23.258 -605.239 12.000
I_101 0.000 777.529 10.000
D_102 -23.258 -475.402 12.000
H_103 -9.978 -583.484 8.000
Y_104 -9.978 -274.939 8.000
V_105 0.000 613.196 4.000
G_106 0.000 -27.649 2.000
P_107 0.000 -195.996 4.000
A_108 0.000 185.740 4.000
Q_109 -7.878 -643.904 4.000
P_110 0.000 -195.996 4.000
V_111 0.000 613.196 4.000
P_112 0.000 -195.996 0.000
G_113 0.000 -27.649 0.000
G_114 0.000 -27.649 0.000
P_115 0.000 -195.996 0.000
P_116 0.000 -195.996 3.000
P_117 0.000 -195.996 8.000
S_118 -14.420 -90.060 8.000
R_119 -27.076 -1015.709 11.000
G_120 0.000 -27.649 11.000
S_121 -14.420 -90.060 8.000
V_122 0.000 613.196 3.000
P_123 0.000 -195.996 3.000
V_124 0.000 613.196 5.000
L_125 0.000 679.918 5.000
R_126 -11.867 -1015.709 5.000
A_127 0.000 185.740 5.000
F_128 0.000 560.542 5.000
G_129 0.000 -27.649 3.000
V_130 0.000 613.196 7.000
T_131 -17.098 -90.974 11.000
D_132 -22.253 -475.402 11.000
E_133 -22.253 -605.239 11.000
G_134 0.000 -27.649 11.000
F_135 0.000 560.542 7.000
S_136 -4.441 -90.060 3.000
V_137 0.000 613.196 3.000
C_138 0.000 322.480 5.000
C_139 0.000 322.480 2.000
H_140 -6.160 -583.484 4.000
I_141 0.000 777.529 4.000
H_142 -6.160 -583.484 4.000
G_143 0.000 -27.649 2.000
F_144 0.000 560.542 2.000
A_145 0.000 185.740 2.000
P_146 0.000 -195.996 2.000
Y_147 -6.160 -274.939 4.000
F_148 0.000 560.542 7.000
Y_149 -9.265 -274.939 7.000
T_150 -10.149 -90.974 5.000
P_151 0.000 -195.996 5.000
A_152 0.000 185.740 3.000
P_153 0.000 -195.996 0.000
P_154 0.000 -195.996 0.000
G_155 0.000 -27.649 0.000
F_156 0.000 560.542 0.000
G_157 0.000 -27.649 4.000
P_158 0.000 -195.996 6.000
E_159 -14.591 -605.239 6.000
H_160 -8.431 -583.484 6.000
M_161 0.000 401.769 10.000
G_162 0.000 -27.649 6.000
D_163 -18.409 -475.402 8.000
L_164 0.000 679.918 13.000
Q_165 -27.150 -643.904 17.000
R_166 -29.616 -1015.709 13.000
E_167 -27.150 -605.239 17.000
L_168 0.000 679.918 13.000
N_169 -18.409 -507.047 8.000
L_170 0.000 679.918 4.000
A_171 0.000 185.740 7.000
I_172 0.000 777.529 8.000
S_173 -17.811 -90.060 12.000
R_174 -31.716 -1015.709 15.000
D_175 -28.912 -475.402 20.000
S_176 -20.609 -90.060 17.000
R_177 -28.412 -1015.709 12.000
G_178 0.000 -27.649 13.000
G_179 0.000 -27.649 14.000
R_180 -23.856 -1015.709 9.000
E_181 -23.258 -605.239 12.000
L_182 0.000 679.918 12.000
T_183 -13.255 -90.974 7.000
G_184 0.000 -27.649 3.000
P_185 0.000 -195.996 3.000
A_186 0.000 185.740 0.000
V_187 0.000 613.196 0.000
L_188 0.000 679.918 0.000
A_189 0.000 185.740 4.000
V_190 0.000 613.196 4.000
E_191 -7.878 -605.239 4.000
L_192 0.000 679.918 7.000
C_193 0.000 322.480 12.000
S_194 -17.811 -90.060 12.000
R_195 -31.716 -1015.709 15.000
E_196 -25.772 -605.239 15.000
S_197 -17.811 -90.060 12.000
M_198 0.000 401.769 7.000
F_199 0.000 560.542 5.000
G_200 0.000 -27.649 4.000
Y_201 -6.160 -274.939 4.000
H_202 -8.431 -583.484 6.000
G_203 0.000 -27.649 6.000
H_204 -6.160 -583.484 4.000
G_205 0.000 -27.649 5.000
P_206 0.000 -195.996 5.000
S_207 -4.441 -90.060 3.000
P_208 0.000 -195.996 3.000
F_209 0.000 560.542 8.000
L_210 0.000 679.918 5.000
R_211 -21.845 -1015.709 8.000
I_212 0.000 777.529 8.000
T_213 -14.420 -90.974 8.000
V_214 0.000 613.196 3.000
A_215 0.000 185.740 3.000
L_216 0.000 679.918 5.000
P_217 0.000 -195.996 5.000
R_218 -11.867 -1015.709 5.000
L_219 0.000 679.918 5.000
V_220 0.000 613.196 5.000
A_221 0.000 185.740 0.000
P_222 0.000 -195.996 5.000
A_223 0.000 185.740 10.000
R_224 -25.574 -1015.709 10.000
R_225 -25.574 -1015.709 10.000
L_226 0.000 679.918 14.000
L_227 0.000 679.918 13.000
E_228 -18.409 -605.239 8.000
Q_229 -18.409 -643.904 8.000
G_230 0.000 -27.649 13.000
I_231 0.000 777.529 9.000
R_232 -11.867 -1015.709 5.000
V_233 0.000 613.196 5.000
A_234 0.000 185.740 5.000
G_235 0.000 -27.649 0.000
L_236 0.000 679.918 3.000
G_237 0.000 -27.649 3.000
T_238 -11.867 -90.974 6.000
P_239 0.000 -195.996 6.000
S_240 -11.867 -90.060 6.000
F_241 0.000 560.542 3.000
A_242 0.000 185.740 5.000
P_243 0.000 -195.996 6.000
Y_244 -8.431 -274.939 6.000
E_245 -21.132 -605.239 10.000
A_246 0.000 185.740 10.000
N_247 -23.258 -507.047 12.000
V_248 0.000 613.196 8.000
D_249 -23.258 -475.402 12.000
F_250 0.000 560.542 8.000
E_251 -24.169 -605.239 13.000
I_252 0.000 777.529 9.000
R_253 -23.856 -1015.709 9.000
F_254 0.000 560.542 5.000
M_255 0.000 401.769 9.000
V_256 0.000 613.196 7.000
D_257 -22.253 -475.402 11.000
T_258 -17.098 -90.974 11.000
D_259 -22.253 -475.402 11.000
I_260 0.000 777.529 7.000
V_261 0.000 613.196 4.000
G_262 0.000 -27.649 4.000
C_263 0.000 322.480 5.000
N_264 -11.867 -507.047 5.000
W_265 -5.447 -203.500 9.000
L_266 0.000 679.918 9.000
E_267 -11.867 -605.239 5.000
L_268 0.000 679.918 4.000
P_269 0.000 -195.996 4.000
A_270 0.000 185.740 3.000
G_271 0.000 -27.649 5.000
K_272 -10.149 -818.649 5.000
Y_273 -7.426 -274.939 5.000
A_274 0.000 185.740 10.000
L_275 0.000 679.918 7.000
R_276 -21.845 -1015.709 8.000
L_277 0.000 679.918 12.000
K_278 -19.613 -818.649 15.000
E_279 -21.132 -605.239 10.000
K_280 -18.462 -818.649 13.000
A_281 0.000 185.740 14.000
T_282 -16.309 -90.974 10.000
Q_283 -22.253 -643.904 11.000
C_284 0.000 322.480 11.000
Q_285 -23.258 -643.904 12.000
L_286 0.000 679.918 8.000
E_287 -23.258 -605.239 12.000
A_288 0.000 185.740 8.000
D_289 -18.409 -475.402 8.000
V_290 0.000 613.196 5.000
L_291 0.000 679.918 8.000
W_292 -5.155 -203.500 8.000
S_293 -14.420 -90.060 8.000
D_294 -18.409 -475.402 8.000
V_295 0.000 613.196 10.000
V_296 0.000 613.196 9.000
S_297 -10.149 -90.060 5.000
H_298 -7.426 -583.484 5.000
P_299 0.000 -195.996 9.000
P_300 0.000 -195.996 6.000
E_301 -7.878 -605.239 4.000
G_302 0.000 -27.649 5.000
P_303 0.000 -195.996 9.000
W_304 -5.708 -203.500 10.000
Q_305 -21.132 -643.904 10.000
R_306 -25.574 -1015.709 10.000
I_307 0.000 777.529 9.000
A_308 0.000 185.740 5.000
P_309 0.000 -195.996 5.000
L_310 0.000 679.918 5.000
R_311 -11.867 -1015.709 5.000
V_312 0.000 613.196 8.000
L_313 0.000 679.918 8.000
S_314 -13.255 -90.060 7.000
F_315 0.000 560.542 7.000
D_316 -22.253 -475.402 11.000
I_317 0.000 777.529 8.000
E_318 -18.409 -605.239 8.000
C_319 0.000 322.480 4.000
A_320 0.000 185.740 9.000
G_321 0.000 -27.649 8.000
R_322 -21.845 -1015.709 8.000
K_323 -14.420 -818.649 8.000
G_324 0.000 -27.649 8.000
I_325 0.000 777.529 3.000
F_326 0.000 560.542 4.000
P_327 0.000 -195.996 4.000
E_328 -18.409 -605.239 8.000
P_329 0.000 -195.996 13.000
E_330 -27.150 -605.239 17.000
R_331 -29.616 -1015.709 13.000
D_332 -24.169 -475.402 13.000
P_333 0.000 -195.996 9.000
V_334 0.000 613.196 8.000
I_335 0.000 777.529 4.000
Q_336 -7.878 -643.904 4.000
I_337 0.000 777.529 7.000
C_338 0.000 322.480 7.000
S_339 -4.441 -90.060 3.000
L_340 0.000 679.918 3.000
G_341 0.000 -27.649 8.000
L_342 0.000 679.918 6.000
R_343 -16.309 -1015.709 6.000
W_344 -5.708 -203.500 10.000
G_345 0.000 -27.649 10.000
E_346 -19.866 -605.239 9.000
P_347 0.000 -195.996 8.000
E_348 -18.409 -605.239 8.000
P_349 0.000 -195.996 4.000
F_350 0.000 560.542 9.000
L_351 0.000 679.918 5.000
R_352 -11.867 -1015.709 5.000
L_353 0.000 679.918 5.000
A_354 0.000 185.740 8.000
L_355 0.000 679.918 3.000
T_356 -14.420 -90.974 8.000
L_357 0.000 679.918 8.000
R_358 -21.845 -1015.709 8.000
P_359 0.000 -195.996 5.000
C_360 0.000 322.480 5.000
A_361 0.000 185.740 0.000
P_362 0.000 -195.996 0.000
I_363 0.000 777.529 0.000
L_364 0.000 679.918 0.000
G_365 0.000 -27.649 3.000
A_366 0.000 185.740 3.000
K_367 -13.255 -818.649 7.000
V_368 0.000 613.196 10.000
Q_369 -23.258 -643.904 12.000
S_370 -18.462 -90.060 13.000
Y_371 -13.586 -274.939 16.000
E_372 -26.485 -605.239 16.000
K_373 -20.609 -818.649 17.000
E_374 -28.359 -605.239 19.000
E_375 -25.772 -605.239 15.000
D_376 -23.258 -475.402 12.000
L_377 0.000 679.918 12.000
L_378 0.000 679.918 8.000
Q_379 -11.867 -643.904 5.000
A_380 0.000 185.740 8.000
W_381 -5.944 -203.500 11.000
S_382 -13.255 -90.060 7.000
T_383 -13.255 -90.974 7.000
F_384 0.000 560.542 11.000
I_385 0.000 777.529 8.000
R_386 -11.867 -1015.709 5.000
I_387 0.000 777.529 9.000
M_388 0.000 401.769 9.000
D_389 -18.409 -475.402 8.000
P_390 0.000 -195.996 8.000
D_391 -18.409 -475.402 8.000
V_392 0.000 613.196 7.000
I_393 0.000 777.529 7.000
T_394 -10.149 -90.974 5.000
G_395 0.000 -27.649 9.000
Y_396 -10.601 -274.939 9.000
N_397 -21.132 -507.047 10.000
I_398 0.000 777.529 14.000
Q_399 -23.258 -643.904 12.000
N_400 -23.258 -507.047 12.000
F_401 0.000 560.542 12.000
D_402 -18.409 -475.402 8.000
L_403 0.000 679.918 6.000
P_404 0.000 -195.996 6.000
Y_405 -1.718 -274.939 2.000
L_406 0.000 679.918 5.000
I_407 0.000 777.529 10.000
S_408 -14.420 -90.060 8.000
R_409 -28.412 -1015.709 12.000
A_410 0.000 185.740 15.000
Q_411 -23.258 -643.904 12.000
T_412 -16.309 -90.974 10.000
L_413 0.000 679.918 10.000
K_414 -16.309 -818.649 10.000
V_415 0.000 613.196 10.000
Q_416 -21.132 -643.904 10.000
T_417 -13.255 -90.974 7.000
F_418 0.000 560.542 7.000
P_419 0.000 -195.996 3.000
F_420 0.000 560.542 0.000
L_421 0.000 679.918 5.000
G_422 0.000 -27.649 5.000
R_423 -11.867 -1015.709 5.000
V_424 0.000 613.196 5.000
A_425 0.000 185.740 5.000
G_426 0.000 -27.649 0.000
L_427 0.000 679.918 3.000
C_428 0.000 322.480 7.000
S_429 -13.255 -90.060 7.000
N_430 -23.258 -507.047 12.000
I_431 0.000 777.529 16.000
R_432 -32.645 -1015.709 16.000
D_433 -25.772 -475.402 15.000
S_434 -19.613 -90.060 15.000
S_435 -19.059 -90.060 14.000
F_436 0.000 560.542 13.000
Q_437 -24.169 -643.904 13.000
S_438 -19.059 -90.060 14.000
K_439 -20.609 -818.649 17.000
Q_440 -24.169 -643.904 13.000
T_441 -19.613 -90.974 15.000
G_442 0.000 -27.649 17.000
R_443 -33.508 -1015.709 17.000
R_444 -33.508 -1015.709 17.000
D_445 -28.912 -475.402 20.000
T_446 -19.613 -90.974 15.000
K_447 -16.309 -818.649 10.000
V_448 0.000 613.196 9.000
V_449 0.000 613.196 6.000
S_450 -4.441 -90.060 3.000
M_451 0.000 401.769 3.000
V_452 0.000 613.196 8.000
G_453 0.000 -27.649 5.000
R_454 -23.856 -1015.709 9.000
V_455 0.000 613.196 9.000
Q_456 -24.169 -643.904 13.000
M_457 0.000 401.769 8.000
D_458 -18.409 -475.402 8.000
M_459 0.000 401.769 8.000
L_460 0.000 679.918 8.000
Q_461 -7.878 -643.904 4.000
V_462 0.000 613.196 4.000
L_463 0.000 679.918 9.000
L_464 0.000 679.918 9.000
R_465 -27.076 -1015.709 11.000
E_466 -25.003 -605.239 14.000
Y_467 -12.900 -274.939 14.000
K_468 -19.059 -818.649 14.000
L_469 0.000 679.918 13.000
R_470 -29.616 -1015.709 13.000
S_471 -18.462 -90.060 13.000
Y_472 -12.518 -274.939 13.000
T_473 -17.811 -90.974 12.000
L_474 0.000 679.918 9.000
N_475 -16.691 -507.047 7.000
A_476 0.000 185.740 7.000
V_477 0.000 613.196 7.000
S_478 -10.149 -90.060 5.000
F_479 0.000 560.542 5.000
H_480 -7.426 -583.484 5.000
F_481 0.000 560.542 2.000
L_482 0.000 679.918 6.000
G_483 0.000 -27.649 8.000
E_484 -22.253 -605.239 11.000
Q_485 -25.772 -643.904 15.000
K_486 -21.486 -818.649 19.000
E_487 -25.772 -605.239 15.000
D_488 -25.772 -475.402 15.000
V_489 0.000 613.196 14.000
Q_490 -24.169 -643.904 13.000
H_491 -10.601 -583.484 9.000
S_492 -15.425 -90.060 9.000
I_493 0.000 777.529 8.000
I_494 0.000 777.529 10.000
T_495 -13.255 -90.974 7.000
D_496 -22.253 -475.402 11.000
L_497 0.000 679.918 15.000
Q_498 -23.258 -643.904 12.000
N_499 -23.258 -507.047 12.000
G_500 0.000 -27.649 16.000
N_501 -26.485 -507.047 16.000
D_502 -25.772 -475.402 15.000
Q_503 -28.912 -643.904 20.000
T_504 -22.271 -90.974 21.000
R_505 -37.098 -1015.709 22.000
R_506 -34.315 -1015.709 18.000
R_507 -31.716 -1015.709 15.000
L_508 0.000 679.918 10.000
A_509 0.000 185.740 7.000
V_510 0.000 613.196 2.000
Y_511 -1.718 -274.939 2.000
C_512 0.000 322.480 5.000
L_513 0.000 679.918 9.000
K_514 -13.255 -818.649 7.000
D_515 -19.866 -475.402 9.000
A_516 0.000 185.740 9.000
Y_517 -8.431 -274.939 6.000
L_518 0.000 679.918 2.000
P_519 0.000 -195.996 7.000
L_520 0.000 679.918 5.000
R_521 -11.867 -1015.709 5.000
L_522 0.000 679.918 9.000
L_523 0.000 679.918 14.000
E_524 -19.866 -605.239 9.000
R_525 -23.856 -1015.709 9.000
L_526 0.000 679.918 9.000
M_527 0.000 401.769 5.000
V_528 0.000 613.196 0.000
L_529 0.000 679.918 4.000
V_530 0.000 613.196 4.000
N_531 -7.878 -507.047 4.000
A_532 0.000 185.740 8.000
V_533 0.000 613.196 8.000
E_534 -7.878 -605.239 4.000
M_535 0.000 401.769 9.000
A_536 0.000 185.740 9.000
R_537 -21.845 -1015.709 8.000
V_538 0.000 613.196 8.000
T_539 -14.420 -90.974 8.000
G_540 0.000 -27.649 3.000
V_541 0.000 613.196 3.000
P_542 0.000 -195.996 3.000
L_543 0.000 679.918 5.000
S_544 -10.149 -90.060 5.000
Y_545 -7.426 -274.939 5.000
L_546 0.000 679.918 8.000
L_547 0.000 679.918 10.000
S_548 -14.420 -90.060 8.000
R_549 -28.412 -1015.709 12.000
G_550 0.000 -27.649 16.000
Q_551 -24.169 -643.904 13.000
Q_552 -22.253 -643.904 11.000
V_553 0.000 613.196 11.000
K_554 -13.255 -818.649 7.000
V_555 0.000 613.196 6.000
V_556 0.000 613.196 10.000
S_557 -13.255 -90.060 7.000
Q_558 -16.691 -643.904 7.000
L_559 0.000 679.918 12.000
L_560 0.000 679.918 13.000
R_561 -23.856 -1015.709 9.000
Q_562 -19.866 -643.904 9.000
A_563 0.000 185.740 11.000
M_564 0.000 401.769 10.000
H_565 -8.431 -583.484 6.000
E_566 -14.591 -605.239 6.000
G_567 0.000 -27.649 6.000
L_568 0.000 679.918 4.000
L_569 0.000 679.918 0.000
M_570 0.000 401.769 0.000
P_571 0.000 -195.996 0.000
V_572 0.000 613.196 3.000
V_573 0.000 613.196 6.000
K_574 -16.309 -818.649 10.000
S_575 -16.309 -90.060 10.000
E_576 -21.132 -605.239 10.000
G_577 0.000 -27.649 11.000
G_578 0.000 -27.649 12.000
E_579 -21.132 -605.239 10.000
D_580 -24.169 -475.402 13.000
Y_581 -12.518 -274.939 13.000
T_582 -15.425 -90.974 9.000
G_583 0.000 -27.649 8.000
A_584 0.000 185.740 6.000
T_585 -4.441 -90.974 3.000
V_586 0.000 613.196 7.000
I_587 0.000 777.529 7.000
E_588 -7.878 -605.239 4.000
P_589 0.000 -195.996 7.000
L_590 0.000 679.918 7.000
K_591 -10.149 -818.649 5.000
G_592 0.000 -27.649 7.000
Y_593 -11.652 -274.939 11.000
Y_594 -9.978 -274.939 8.000
D_595 -18.409 -475.402 8.000
V_596 0.000 613.196 6.000
P_597 0.000 -195.996 4.000
I_598 0.000 777.529 3.000
A_599 0.000 185.740 3.000
T_600 -13.255 -90.974 7.000
L_601 0.000 679.918 7.000
D_602 -21.132 -475.402 10.000
F_603 0.000 560.542 10.000
S_604 -16.309 -90.060 10.000
S_605 -14.420 -90.060 8.000
L_606 0.000 679.918 8.000
Y_607 -9.978 -274.939 8.000
P_608 0.000 -195.996 5.000
S_609 -10.149 -90.060 5.000
I_610 0.000 777.529 3.000
M_611 0.000 401.769 3.000
M_612 0.000 401.769 2.000
A_613 0.000 185.740 6.000
H_614 -8.431 -583.484 6.000
N_615 -14.591 -507.047 6.000
L_616 0.000 679.918 8.000
C_617 0.000 322.480 9.000
Y_618 -9.978 -274.939 8.000
T_619 -14.420 -90.974 8.000
T_620 -14.420 -90.974 8.000
L_621 0.000 679.918 11.000
L_622 0.000 679.918 8.000
R_623 -11.867 -1015.709 5.000
P_624 0.000 -195.996 8.000
G_625 0.000 -27.649 8.000
T_626 -13.255 -90.974 7.000
A_627 0.000 185.740 10.000
Q_628 -21.132 -643.904 10.000
K_629 -13.255 -818.649 7.000
L_630 0.000 679.918 7.000
G_631 0.000 -27.649 6.000
L_632 0.000 679.918 7.000
T_633 -17.098 -90.974 11.000
E_634 -25.772 -605.239 15.000
D_635 -25.772 -475.402 15.000
Q_636 -23.258 -643.904 12.000
F_637 0.000 560.542 13.000
I_638 0.000 777.529 12.000
R_639 -21.845 -1015.709 8.000
T_640 -17.098 -90.974 11.000
P_641 0.000 -195.996 11.000
T_642 -16.309 -90.974 10.000
G_643 0.000 -27.649 11.000
D_644 -22.253 -475.402 11.000
E_645 -18.409 -605.239 8.000
F_646 0.000 560.542 11.000
V_647 0.000 613.196 10.000
K_648 -15.425 -818.649 9.000
T_649 -15.425 -90.974 9.000
S_650 -19.059 -90.060 14.000
V_651 0.000 613.196 14.000
R_652 -27.076 -1015.709 11.000
K_653 -14.420 -818.649 8.000
G_654 0.000 -27.649 8.000
L_655 0.000 679.918 3.000
L_656 0.000 679.918 4.000
P_657 0.000 -195.996 4.000
Q_658 -7.878 -643.904 4.000
I_659 0.000 777.529 8.000
L_660 0.000 679.918 12.000
E_661 -18.409 -605.239 8.000
N_662 -18.409 -507.047 8.000
L_663 0.000 679.918 11.000
L_664 0.000 679.918 7.000
S_665 -14.420 -90.060 8.000
A_666 0.000 185.740 11.000
R_667 -32.645 -1015.709 16.000
K_668 -18.462 -818.649 13.000
R_669 -32.645 -1015.709 16.000
A_670 0.000 185.740 11.000
K_671 -17.811 -818.649 12.000
A_672 0.000 185.740 7.000
E_673 -16.691 -605.239 7.000
L_674 0.000 679.918 7.000
A_675 0.000 185.740 11.000
K_676 -16.309 -818.649 10.000
E_677 -25.003 -605.239 14.000
T_678 -19.059 -90.974 14.000
D_679 -22.253 -475.402 11.000
P_680 0.000 -195.996 12.000
L_681 0.000 679.918 14.000
R_682 -30.711 -1015.709 14.000
R_683 -30.711 -1015.709 14.000
Q_684 -25.003 -643.904 14.000
V_685 0.000 613.196 13.000
L_686 0.000 679.918 8.000
D_687 -19.866 -475.402 9.000
G_688 0.000 -27.649 13.000
R_689 -29.616 -1015.709 13.000
Q_690 -19.866 -643.904 9.000
L_691 0.000 679.918 9.000
A_692 0.000 185.740 7.000
L_693 0.000 679.918 3.000
K_694 -11.867 -818.649 6.000
V_695 0.000 613.196 6.000
S_696 -16.309 -90.060 10.000
A_697 0.000 185.740 10.000
N_698 -21.132 -507.047 10.000
S_699 -15.425 -90.060 9.000
V_700 0.000 613.196 9.000
Y_701 -7.426 -274.939 5.000
G_702 0.000 -27.649 5.000
F_703 0.000 560.542 5.000
T_704 -4.441 -90.974 3.000
G_705 0.000 -27.649 7.000
A_706 0.000 185.740 7.000
Q_707 -7.878 -643.904 4.000
V_708 0.000 613.196 7.000
G_709 0.000 -27.649 7.000
K_710 -4.441 -818.649 3.000
L_711 0.000 679.918 3.000
P_712 0.000 -195.996 3.000
C_713 0.000 322.480 4.000
L_714 0.000 679.918 4.000
E_715 -16.691 -605.239 7.000
I_716 0.000 777.529 11.000
S_717 -19.059 -90.060 14.000
Q_718 -21.132 -643.904 10.000
S_719 -18.462 -90.060 13.000
V_720 0.000 613.196 10.000
T_721 -11.867 -90.974 6.000
G_722 0.000 -27.649 3.000
F_723 0.000 560.542 8.000
G_724 0.000 -27.649 9.000
R_725 -23.856 -1015.709 9.000
Q_726 -19.866 -643.904 9.000
M_727 0.000 401.769 13.000
I_728 0.000 777.529 11.000
E_729 -21.132 -605.239 10.000
K_730 -18.462 -818.649 13.000
T_731 -20.609 -90.974 17.000
K_732 -18.462 -818.649 13.000
Q_733 -21.132 -643.904 10.000
L_734 0.000 679.918 11.000
V_735 0.000 613.196 11.000
E_736 -21.132 -605.239 10.000
S_737 -17.811 -90.060 12.000
K_738 -19.613 -818.649 15.000
Y_739 -11.652 -274.939 11.000
T_740 -17.811 -90.974 12.000
V_741 0.000 613.196 13.000
E_742 -22.253 -605.239 11.000
N_743 -21.132 -507.047 10.000
G_744 0.000 -27.649 13.000
Y_745 -12.104 -274.939 12.000
S_746 -17.098 -90.060 11.000
T_747 -17.098 -90.974 11.000
S_748 -17.811 -90.060 12.000
A_749 0.000 185.740 9.000
K_750 -11.867 -818.649 6.000
V_751 0.000 613.196 5.000
V_752 0.000 613.196 5.000
Y_753 -8.431 -274.939 6.000
G_754 0.000 -27.649 9.000
D_755 -24.169 -475.402 13.000
T_756 -19.059 -90.974 14.000
D_757 -25.003 -475.402 14.000
S_758 -16.309 -90.060 10.000
V_759 0.000 613.196 7.000
M_760 0.000 401.769 8.000
C_761 0.000 322.480 5.000
R_762 -11.867 -1015.709 5.000
F_763 0.000 560.542 5.000
G_764 0.000 -27.649 8.000
V_765 0.000 613.196 6.000
S_766 -11.867 -90.060 6.000
S_767 -11.867 -90.060 6.000
V_768 0.000 613.196 10.000
A_769 0.000 185.740 7.000
E_770 -7.878 -605.239 4.000
A_771 0.000 185.740 4.000
M_772 0.000 401.769 4.000
A_773 0.000 185.740 0.000
L_774 0.000 679.918 5.000
G_775 0.000 -27.649 9.000
R_776 -23.856 -1015.709 9.000
E_777 -19.866 -605.239 9.000
A_778 0.000 185.740 13.000
A_779 0.000 185.740 9.000
D_780 -11.867 -475.402 5.000
W_781 -5.155 -203.500 8.000
V_782 0.000 613.196 8.000
S_783 -11.867 -90.060 6.000
G_784 0.000 -27.649 5.000
H_785 -7.426 -583.484 5.000
F_786 0.000 560.542 5.000
P_787 0.000 -195.996 5.000
S_788 -4.441 -90.060 3.000
P_789 0.000 -195.996 8.000
I_790 0.000 777.529 8.000
R_791 -23.856 -1015.709 9.000
L_792 0.000 679.918 9.000
E_793 -24.169 -605.239 13.000
F_794 0.000 560.542 11.000
E_795 -22.253 -605.239 11.000
K_796 -15.425 -818.649 9.000
V_797 0.000 613.196 9.000
Y_798 -7.426 -274.939 5.000
F_799 0.000 560.542 4.000
P_800 0.000 -195.996 4.000
Y_801 -1.718 -274.939 2.000
L_802 0.000 679.918 2.000
L_803 0.000 679.918 5.000
I_804 0.000 777.529 6.000
S_805 -15.425 -90.060 9.000
K_806 -19.059 -818.649 14.000
K_807 -20.127 -818.649 16.000
R_808 -29.616 -1015.709 13.000
Y_809 -11.154 -274.939 10.000
A_810 0.000 185.740 7.000
G_811 0.000 -27.649 2.000
L_812 0.000 679.918 0.000
L_813 0.000 679.918 3.000
F_814 0.000 560.542 6.000
S_815 -17.098 -90.060 11.000
S_816 -17.098 -90.060 11.000
R_817 -31.716 -1015.709 15.000
P_818 0.000 -195.996 12.000
D_819 -22.253 -475.402 11.000
A_820 0.000 185.740 10.000
H_821 -13.255 -583.484 15.000
D_822 -22.253 -475.402 11.000
R_823 -31.716 -1015.709 15.000
M_824 0.000 401.769 13.000
D_825 -23.258 -475.402 12.000
C_826 0.000 322.480 7.000
K_827 -13.255 -818.649 7.000
G_828 0.000 -27.649 7.000
L_829 0.000 679.918 7.000
E_830 -7.878 -605.239 4.000
A_831 0.000 185.740 9.000
V_832 0.000 613.196 14.000
R_833 -30.711 -1015.709 14.000
R_834 -34.315 -1015.709 18.000
D_835 -27.773 -475.402 18.000
N_836 -24.169 -507.047 13.000
C_837 0.000 322.480 8.000
P_838 0.000 -195.996 4.000
L_839 0.000 679.918 0.000
V_840 0.000 613.196 4.000
A_841 0.000 185.740 4.000
N_842 -7.878 -507.047 4.000
L_843 0.000 679.918 7.000
V_844 0.000 613.196 7.000
T_845 -11.867 -90.974 6.000
A_846 0.000 185.740 6.000
S_847 -17.098 -90.060 11.000
L_848 0.000 679.918 13.000
R_849 -29.616 -1015.709 13.000
R_850 -25.574 -1015.709 10.000
L_851 0.000 679.918 10.000
L_852 0.000 679.918 9.000
I_853 0.000 777.529 9.000
D_854 -24.169 -475.402 13.000
R_855 -29.616 -1015.709 13.000
D_856 -27.150 -475.402 17.000
P_857 0.000 -195.996 13.000
E_858 -18.409 -605.239 8.000
G_859 0.000 -27.649 4.000
A_860 0.000 185.740 4.000
V_861 0.000 613.196 2.000
A_862 0.000 185.740 2.000
H_863 -8.431 -583.484 6.000
A_864 0.000 185.740 10.000
Q_865 -21.132 -643.904 10.000
D_866 -18.409 -475.402 8.000
V_867 0.000 613.196 11.000
I_868 0.000 777.529 11.000
S_869 -13.255 -90.060 7.000
D_870 -16.691 -475.402 7.000
L_871 0.000 679.918 7.000
L_872 0.000 679.918 8.000
C_873 0.000 322.480 9.000
N_874 -19.866 -507.047 9.000
R_875 -29.616 -1015.709 13.000
I_876 0.000 777.529 13.000
D_877 -23.258 -475.402 12.000
I_878 0.000 777.529 11.000
S_879 -17.098 -90.060 11.000
Q_880 -16.691 -643.904 7.000
L_881 0.000 679.918 7.000
V_882 0.000 613.196 7.000
I_883 0.000 777.529 6.000
T_884 -16.309 -90.974 10.000
K_885 -16.309 -818.649 10.000
E_886 -24.169 -605.239 13.000
L_887 0.000 679.918 15.000
T_888 -17.811 -90.974 12.000
R_889 -21.845 -1015.709 8.000
A_890 0.000 185.740 11.000
A_891 0.000 185.740 12.000
S_892 -15.425 -90.060 9.000
D_893 -19.866 -475.402 9.000
Y_894 -10.601 -274.939 9.000
A_895 0.000 185.740 9.000
G_896 0.000 -27.649 9.000
K_897 -13.255 -818.649 7.000
Q_898 -19.866 -643.904 9.000
A_899 0.000 185.740 9.000
H_900 -11.154 -583.484 10.000
V_901 0.000 613.196 6.000
E_902 -14.591 -605.239 6.000
L_903 0.000 679.918 8.000
A_904 0.000 185.740 13.000
E_905 -19.866 -605.239 9.000
R_906 -30.711 -1015.709 14.000
M_907 0.000 401.769 17.000
R_908 -34.315 -1015.709 18.000
K_909 -20.609 -818.649 17.000
R_910 -33.508 -1015.709 17.000
D_911 -23.258 -475.402 12.000
P_912 0.000 -195.996 12.000
G_913 0.000 -27.649 7.000
S_914 -4.441 -90.060 3.000
A_915 0.000 185.740 6.000
P_916 0.000 -195.996 6.000
S_917 -4.441 -90.060 3.000
L_918 0.000 679.918 7.000
G_919 0.000 -27.649 12.000
D_920 -19.866 -475.402 9.000
R_921 -23.856 -1015.709 9.000
V_922 0.000 613.196 11.000
P_923 0.000 -195.996 7.000
Y_924 -1.718 -274.939 2.000
V_925 0.000 613.196 2.000
I_926 0.000 777.529 5.000
I_927 0.000 777.529 3.000
S_928 -4.441 -90.060 3.000
A_929 0.000 185.740 6.000
A_930 0.000 185.740 6.000
K_931 -4.441 -818.649 3.000
G_932 0.000 -27.649 3.000
V_933 0.000 613.196 3.000
A_934 0.000 185.740 2.000
A_935 0.000 185.740 2.000
Y_936 -7.426 -274.939 5.000
M_937 0.000 401.769 8.000
K_938 -17.811 -818.649 12.000
S_939 -19.059 -90.060 14.000
E_940 -25.003 -605.239 14.000
D_941 -22.253 -475.402 11.000
P_942 0.000 -195.996 8.000
L_943 0.000 679.918 4.000
F_944 0.000 560.542 0.000
V_945 0.000 613.196 4.000
L_946 0.000 679.918 6.000
E_947 -19.866 -605.239 9.000
H_948 -10.601 -583.484 9.000
S_949 -15.425 -90.060 9.000
L_950 0.000 679.918 5.000
P_951 0.000 -195.996 7.000
I_952 0.000 777.529 7.000
D_953 -22.253 -475.402 11.000
T_954 -18.462 -90.974 13.000
Q_955 -25.772 -643.904 15.000
Y_956 -11.652 -274.939 11.000
Y_957 -12.104 -274.939 12.000
L_958 0.000 679.918 12.000
E_959 -25.003 -605.239 14.000
Q_960 -23.258 -643.904 12.000
Q_961 -23.258 -643.904 12.000
L_962 0.000 679.918 11.000
A_963 0.000 185.740 7.000
K_964 -4.441 -818.649 3.000
P_965 0.000 -195.996 3.000
L_966 0.000 679.918 8.000
L_967 0.000 679.918 5.000
R_968 -11.867 -1015.709 5.000
I_969 0.000 777.529 9.000
F_970 0.000 560.542 9.000
E_971 -7.878 -605.239 4.000
P_972 0.000 -195.996 4.000
I_973 0.000 777.529 4.000
L_974 0.000 679.918 4.000
G_975 0.000 -27.649 4.000
E_976 -19.866 -605.239 9.000
G_977 0.000 -27.649 9.000
R_978 -29.616 -1015.709 13.000
A_979 0.000 185.740 9.000
E_980 -19.866 -605.239 9.000
A_981 0.000 185.740 4.000
V_982 0.000 613.196 4.000
L_983 0.000 679.918 5.000
L_984 0.000 679.918 5.000
R_985 -23.856 -1015.709 9.000
G_986 0.000 -27.649 11.000
D_987 -25.003 -475.402 14.000
H_988 -12.900 -583.484 14.000
T_989 -19.059 -90.974 14.000
R_990 -29.616 -1015.709 13.000
C_991 0.000 322.480 14.000
K_992 -17.098 -818.649 11.000
T_993 -11.867 -90.974 6.000
V_994 0.000 613.196 9.000
L_995 0.000 679.918 6.000
T_996 -11.867 -90.974 6.000
G_997 0.000 -27.649 6.000
K_998 -11.867 -818.649 6.000
V_999 0.000 613.196 3.000
G_1000 0.000 -27.649 3.000
G_1001 0.000 -27.649 0.000
L_1002 0.000 679.918 0.000
L_1003 0.000 679.918 0.000
A_1004 0.000 185.740 0.000
F_1005 0.000 560.542 3.000
A_1006 0.000 185.740 8.000
K_1007 -18.462 -818.649 13.000
R_1008 -33.508 -1015.709 17.000
R_1009 -33.508 -1015.709 17.000
N_1010 -25.003 -507.047 14.000
C_1011 0.000 322.480 9.000
C_1012 0.000 322.480 4.000
I_1013 0.000 777.529 0.000
G_1014 0.000 -27.649 5.000
C_1015 0.000 322.480 8.000
R_1016 -21.845 -1015.709 8.000
T_1017 -14.420 -90.974 8.000
V_1018 0.000 613.196 11.000
L_1019 0.000 679.918 8.000
S_1020 -15.425 -90.060 9.000
H_1021 -10.601 -583.484 9.000
Q_1022 -19.866 -643.904 9.000
G_1023 0.000 -27.649 6.000
A_1024 0.000 185.740 4.000
V_1025 0.000 613.196 4.000
C_1026 0.000 322.480 4.000
E_1027 -7.878 -605.239 4.000
F_1028 0.000 560.542 8.000
C_1029 0.000 322.480 8.000
Q_1030 -19.866 -643.904 9.000
P_1031 0.000 -195.996 13.000
R_1032 -32.645 -1015.709 16.000
E_1033 -26.485 -605.239 16.000
S_1034 -20.127 -90.060 16.000
E_1035 -24.169 -605.239 13.000
L_1036 0.000 679.918 13.000
Y_1037 -12.518 -274.939 13.000
Q_1038 -24.169 -643.904 13.000
K_1039 -18.462 -818.649 13.000
E_1040 -25.003 -605.239 14.000
V_1041 0.000 613.196 12.000
S_1042 -15.425 -90.060 9.000
H_1043 -10.601 -583.484 9.000
L_1044 0.000 679.918 9.000
N_1045 -14.591 -507.047 6.000
A_1046 0.000 185.740 8.000
L_1047 0.000 679.918 12.000
E_1048 -24.169 -605.239 13.000
E_1049 -24.169 -605.239 13.000
R_1050 -32.645 -1015.709 16.000
F_1051 0.000 560.542 17.000
S_1052 -18.462 -90.060 13.000
R_1053 -23.856 -1015.709 9.000
L_1054 0.000 679.918 12.000
W_1055 -6.358 -203.500 13.000
T_1056 -14.420 -90.974 8.000
Q_1057 -23.258 -643.904 12.000
C_1058 0.000 322.480 16.000
Q_1059 -24.169 -643.904 13.000
R_1060 -29.616 -1015.709 13.000
C_1061 0.000 322.480 13.000
Q_1062 -23.258 -643.904 12.000
G_1063 0.000 -27.649 7.000
S_1064 -15.425 -90.060 9.000
L_1065 0.000 679.918 9.000
H_1066 -12.518 -583.484 13.000
E_1067 -21.132 -605.239 10.000
D_1068 -21.132 -475.402 10.000
V_1069 0.000 613.196 8.000
I_1070 0.000 777.529 7.000
C_1071 0.000 322.480 6.000
T_1072 -17.098 -90.974 11.000
S_1073 -19.613 -90.060 15.000
R_1074 -31.716 -1015.709 15.000
D_1075 -23.258 -475.402 12.000
C_1076 0.000 322.480 9.000
P_1077 0.000 -195.996 4.000
I_1078 0.000 777.529 2.000
F_1079 0.000 560.542 2.000
Y_1080 -9.265 -274.939 7.000
M_1081 0.000 401.769 10.000
R_1082 -29.616 -1015.709 13.000
K_1083 -17.098 -818.649 11.000
K_1084 -20.127 -818.649 16.000
V_1085 0.000 613.196 14.000
R_1086 -31.716 -1015.709 15.000
K_1087 -17.811 -818.649 12.000
D_1088 -26.485 -475.402 16.000
L_1089 0.000 679.918 15.000
E_1090 -26.485 -605.239 16.000
D_1091 -26.485 -475.402 16.000
Q_1092 -28.912 -643.904 20.000
E_1093 -26.485 -605.239 16.000
Q_1094 -23.258 -643.904 12.000
L_1095 0.000 679.918 13.000
L_1096 0.000 679.918 14.000
R_1097 -25.574 -1015.709 10.000
R_1098 -25.574 -1015.709 10.000
F_1099 0.000 560.542 10.000
G_1100 0.000 -27.649 5.000
P_1101 0.000 -195.996 0.000
P_1102 0.000 -195.996 0.000
G_1103 0.000 -27.649 4.000
P_1104 0.000 -195.996 4.000
E_1105 -11.867 -605.239 5.000
A_1106 0.000 185.740 5.000
W_1107 -3.990 -203.500 5.000
