M_1 0.000 401.769 5.000
H_2 -7.426 -583.484 5.000
T_3 -10.149 -90.974 5.000
C_4 0.000 322.480 5.000
C_5 0.000 322.480 3.000
P_6 0.000 -195.996 0.000
P_7 0.000 -195.996 3.000
V_8 0.000 613.196 3.000
T_9 -13.255 -90.974 7.000
L_10 0.000 679.918 11.000
E_11 -25.772 -605.239 15.000
Q_12 -23.258 -643.904 12.000
D_13 -25.003 -475.402 14.000
L_14 0.000 679.918 15.000
H_15 -12.900 -583.484 14.000
R_16 -25.574 -1015.709 10.000
K_17 -17.811 -818.649 12.000
M_18 0.000 401.769 13.000
H_19 -10.601 -583.484 9.000
S_20 -11.867 -90.060 6.000
W_21 -4.441 -203.500 6.000
M_22 0.000 401.769 8.000
L_23 0.000 679.918 8.000
Q_24 -16.691 -643.904 7.000
T_25 -13.255 -90.974 7.000
L_26 0.000 679.918 7.000
A_27 0.000 185.740 3.000
F_28 0.000 560.542 0.000
A_29 0.000 185.740 3.000
V_30 0.000 613.196 6.000
T_31 -11.867 -90.974 6.000
S_32 -11.867 -90.060 6.000
L_33 0.000 679.918 6.000
V_34 0.000 613.196 6.000
L_35 0.000 679.918 3.000
S_36 -4.441 -90.060 3.000
C_37 0.000 322.480 7.000
A_38 0.000 185.740 10.000
E_39 -16.691 -605.239 7.000
T_40 -17.098 -90.974 11.000
I_41 0.000 777.529 13.000
D_42 -22.253 -475.402 11.000
Y_43 -9.978 -274.939 8.000
Y_44 -12.104 -274.939 12.000
G_45 0.000 -27.649 8.000
E_46 -14.591 -605.239 6.000
I_47 0.000 777.529 8.000
C_48 0.000 322.480 12.000
D_49 -18.409 -475.402 8.000
N_50 -18.409 -507.047 8.000
A_51 0.000 185.740 8.000
C_52 0.000 322.480 4.000
P_53 0.000 -195.996 4.000
C_54 0.000 322.480 8.000
E_55 -22.253 -605.239 11.000
E_56 -25.772 -605.239 15.000
K_57 -19.613 -818.649 15.000
D_58 -22.253 -475.402 11.000
G_59 0.000 -27.649 7.000
I_60 0.000 777.529 7.000
L_61 0.000 679.918 3.000
T_62 -11.867 -90.974 6.000
V_63 0.000 613.196 6.000
S_64 -16.309 -90.060 10.000
C_65 0.000 322.480 11.000
E_66 -26.485 -605.239 16.000
N_67 -24.169 -507.047 13.000
R_68 -29.616 -1015.709 13.000
G_69 0.000 -27.649 9.000
I_70 0.000 777.529 8.000
I_71 0.000 777.529 3.000
S_72 -11.867 -90.060 6.000
L_73 0.000 679.918 10.000
S_74 -16.309 -90.060 10.000
E_75 -21.132 -605.239 10.000
I_76 0.000 777.529 10.000
S_77 -13.255 -90.060 7.000
P_78 0.000 -195.996 8.000
P_79 0.000 -195.996 8.000
R_80 -11.867 -1015.709 5.000
F_81 0.000 560.542 5.000
P_82 0.000 -195.996 7.000
I_83 0.000 777.529 4.000
Y_84 -6.160 -274.939 4.000
H_85 -6.160 -583.484 4.000
L_86 0.000 679.918 4.000
L_87 0.000 679.918 5.000
L_88 0.000 679.918 3.000
S_89 -13.255 -90.060 7.000
G_90 0.000 -27.649 7.000
N_91 -16.691 -507.047 7.000
L_92 0.000 679.918 8.000
L_93 0.000 679.918 13.000
N_94 -19.866 -507.047 9.000
R_95 -27.076 -1015.709 11.000
L_96 0.000 679.918 11.000
Y_97 -11.652 -274.939 11.000
P_98 0.000 -195.996 10.000
N_99 -21.132 -507.047 10.000
E_100 -18.409 -605.239 8.000
F_101 0.000 560.542 12.000
V_102 0.000 613.196 10.000
N_103 -19.866 -507.047 9.000
Y_104 -10.601 -274.939 9.000
T_105 -15.425 -90.974 9.000
G_106 0.000 -27.649 8.000
A_107 0.000 185.740 6.000
S_108 -4.441 -90.060 3.000
I_109 0.000 777.529 5.000
L_110 0.000 679.918 5.000
H_111 -1.718 -583.484 2.000
L_112 0.000 679.918 5.000
G_113 0.000 -27.649 9.000
S_114 -13.255 -90.060 7.000
N_115 -16.691 -507.047 7.000
V_116 0.000 613.196 11.000
I_117 0.000 777.529 12.000
Q_118 -18.409 -643.904 8.000
D_119 -23.258 -475.402 12.000
I_120 0.000 777.529 15.000
E_121 -22.253 -605.239 11.000
T_122 -13.255 -90.974 7.000
G_123 0.000 -27.649 7.000
A_124 0.000 185.740 5.000
F_125 0.000 560.542 2.000
H_126 -1.718 -583.484 2.000
G_127 0.000 -27.649 7.000
L_128 0.000 679.918 7.000
R_129 -11.867 -1015.709 5.000
G_130 0.000 -27.649 10.000
L_131 0.000 679.918 15.000
R_132 -25.574 -1015.709 10.000
R_133 -28.412 -1015.709 12.000
L_134 0.000 679.918 12.000
H_135 -11.652 -583.484 11.000
L_136 0.000 679.918 10.000
N_137 -25.003 -507.047 14.000
N_138 -25.772 -507.047 15.000
N_139 -25.772 -507.047 15.000
K_140 -19.613 -818.649 15.000
L_141 0.000 679.918 11.000
E_142 -16.691 -605.239 7.000
L_143 0.000 679.918 9.000
L_144 0.000 679.918 13.000
R_145 -29.616 -1015.709 13.000
D_146 -26.485 -475.402 16.000
D_147 -26.485 -475.402 16.000
T_148 -17.098 -90.974 11.000
F_149 0.000 560.542 7.000
L_150 0.000 679.918 3.000
G_151 0.000 -27.649 4.000
L_152 0.000 679.918 8.000
E_153 -18.409 -605.239 8.000
N_154 -23.258 -507.047 12.000
L_155 0.000 679.918 14.000
E_156 -21.132 -605.239 10.000
Y_157 -11.154 -274.939 10.000
L_158 0.000 679.918 10.000
Q_159 -21.132 -643.904 10.000
V_160 0.000 613.196 10.000
D_161 -25.003 -475.402 14.000
Y_162 -12.104 -274.939 12.000
N_163 -23.258 -507.047 12.000
Y_164 -11.652 -274.939 11.000
I_165 0.000 777.529 9.000
S_166 -10.149 -90.060 5.000
V_167 0.000 613.196 7.000
I_168 0.000 777.529 7.000
E_169 -18.409 -605.239 8.000
P_170 0.000 -195.996 8.000
N_171 -18.409 -507.047 8.000
A_172 0.000 185.740 4.000
F_173 0.000 560.542 7.000
G_174 0.000 -27.649 3.000
K_175 -10.149 -818.649 5.000
L_176 0.000 679.918 5.000
H_177 -7.426 -583.484 5.000
L_178 0.000 679.918 6.000
L_179 0.000 679.918 6.000
Q_180 -7.878 -643.904 4.000
V_181 0.000 613.196 4.000
L_182 0.000 679.918 4.000
I_183 0.000 777.529 4.000
L_184 0.000 679.918 8.000
N_185 -23.258 -507.047 12.000
D_186 -23.258 -475.402 12.000
N_187 -23.258 -507.047 12.000
L_188 0.000 679.918 11.000
L_189 0.000 679.918 10.000
S_190 -11.867 -90.060 6.000
S_191 -11.867 -90.060 6.000
L_192 0.000 679.918 10.000
P_193 0.000 -195.996 11.000
N_194 -18.409 -507.047 8.000
N_195 -18.409 -507.047 8.000
L_196 0.000 679.918 13.000
F_197 0.000 560.542 9.000
R_198 -11.867 -1015.709 5.000
F_199 0.000 560.542 5.000
V_200 0.000 613.196 5.000
P_201 0.000 -195.996 3.000
L_202 0.000 679.918 5.000
T_203 -10.149 -90.974 5.000
H_204 -10.601 -583.484 9.000
L_205 0.000 679.918 9.000
D_206 -22.253 -475.402 11.000
L_207 0.000 679.918 9.000
R_208 -29.616 -1015.709 13.000
G_209 0.000 -27.649 14.000
N_210 -25.003 -507.047 14.000
R_211 -28.412 -1015.709 12.000
L_212 0.000 679.918 12.000
K_213 -14.420 -818.649 8.000
L_214 0.000 679.918 3.000
L_215 0.000 679.918 5.000
P_216 0.000 -195.996 2.000
Y_217 -1.718 -274.939 2.000
V_218 0.000 613.196 2.000
G_219 0.000 -27.649 2.000
L_220 0.000 679.918 4.000
L_221 0.000 679.918 6.000
Q_222 -14.591 -643.904 6.000
H_223 -11.154 -583.484 10.000
M_224 0.000 401.769 13.000
D_225 -19.866 -475.402 9.000
K_226 -13.255 -818.649 7.000
V_227 0.000 613.196 11.000
V_228 0.000 613.196 7.000
E_229 -18.409 -605.239 8.000
L_230 0.000 679.918 8.000
Q_231 -23.258 -643.904 12.000
L_232 0.000 679.918 12.000
E_233 -26.485 -605.239 16.000
E_234 -23.258 -605.239 12.000
N_235 -24.169 -507.047 13.000
P_236 0.000 -195.996 13.000
W_237 -5.447 -203.500 9.000
N_238 -18.409 -507.047 8.000
C_239 0.000 322.480 8.000
S_240 -17.098 -90.060 11.000
C_241 0.000 322.480 7.000
E_242 -16.691 -605.239 7.000
L_243 0.000 679.918 7.000
I_244 0.000 777.529 7.000
S_245 -11.867 -90.060 6.000
L_246 0.000 679.918 10.000
K_247 -17.098 -818.649 11.000
D_248 -18.409 -475.402 8.000
W_249 -6.160 -203.500 12.000
L_250 0.000 679.918 12.000
D_251 -18.409 -475.402 8.000
S_252 -16.309 -90.060 10.000
I_253 0.000 777.529 12.000
S_254 -17.098 -90.060 11.000
Y_255 -9.978 -274.939 8.000
S_256 -14.420 -90.060 8.000
A_257 0.000 185.740 5.000
L_258 0.000 679.918 3.000
V_259 0.000 613.196 4.000
G_260 0.000 -27.649 4.000
D_261 -7.878 -475.402 4.000
V_262 0.000 613.196 4.000
V_263 0.000 613.196 8.000
C_264 0.000 322.480 7.000
E_265 -16.691 -605.239 7.000
T_266 -13.255 -90.974 7.000
P_267 0.000 -195.996 12.000
F_268 0.000 560.542 8.000
R_269 -19.414 -1015.709 7.000
L_270 0.000 679.918 7.000
H_271 -12.104 -583.484 12.000
G_272 0.000 -27.649 11.000
R_273 -27.076 -1015.709 11.000
D_274 -24.169 -475.402 13.000
L_275 0.000 679.918 17.000
D_276 -23.258 -475.402 12.000
E_277 -22.253 -605.239 11.000
V_278 0.000 613.196 14.000
S_279 -19.059 -90.060 14.000
K_280 -19.059 -818.649 14.000
Q_281 -25.003 -643.904 14.000
E_282 -22.253 -605.239 11.000
L_283 0.000 679.918 8.000
C_284 0.000 322.480 9.000
P_285 0.000 -195.996 10.000
R_286 -25.574 -1015.709 10.000
R_287 -25.574 -1015.709 10.000
L_288 0.000 679.918 13.000
I_289 0.000 777.529 12.000
S_290 -15.425 -90.060 9.000
D_291 -24.169 -475.402 13.000
Y_292 -12.518 -274.939 13.000
E_293 -25.772 -605.239 15.000
M_294 0.000 401.769 11.000
R_295 -29.616 -1015.709 13.000
P_296 0.000 -195.996 12.000
Q_297 -23.258 -643.904 12.000
T_298 -13.255 -90.974 7.000
P_299 0.000 -195.996 10.000
L_300 0.000 679.918 9.000
S_301 -15.425 -90.060 9.000
T_302 -15.425 -90.974 9.000
T_303 -17.098 -90.974 11.000
G_304 0.000 -27.649 8.000
Y_305 -9.265 -274.939 7.000
L_306 0.000 679.918 7.000
H_307 -11.154 -583.484 10.000
T_308 -14.420 -90.974 8.000
T_309 -14.420 -90.974 8.000
P_310 0.000 -195.996 9.000
A_311 0.000 185.740 6.000
S_312 -13.255 -90.060 7.000
V_313 0.000 613.196 10.000
N_314 -21.132 -507.047 10.000
S_315 -13.255 -90.060 7.000
V_316 0.000 613.196 10.000
A_317 0.000 185.740 9.000
T_318 -15.425 -90.974 9.000
S_319 -17.811 -90.060 12.000
S_320 -17.811 -90.060 12.000
S_321 -15.425 -90.060 9.000
A_322 0.000 185.740 8.000
V_323 0.000 613.196 8.000
Y_324 -7.426 -274.939 5.000
K_325 -10.149 -818.649 5.000
P_326 0.000 -195.996 5.000
P_327 0.000 -195.996 6.000
L_328 0.000 679.918 3.000
K_329 -4.441 -818.649 3.000
P_330 0.000 -195.996 6.000
P_331 0.000 -195.996 6.000
K_332 -11.867 -818.649 6.000
G_333 0.000 -27.649 11.000
T_334 -19.613 -90.974 15.000
R_335 -28.412 -1015.709 12.000
Q_336 -26.485 -643.904 16.000
P_337 0.000 -195.996 16.000
N_338 -22.253 -507.047 11.000
K_339 -17.811 -818.649 12.000
P_340 0.000 -195.996 12.000
R_341 -29.616 -1015.709 13.000
V_342 0.000 613.196 10.000
R_343 -29.616 -1015.709 13.000
P_344 0.000 -195.996 11.000
T_345 -20.127 -90.974 16.000
S_346 -19.613 -90.060 15.000
R_347 -31.716 -1015.709 15.000
Q_348 -25.772 -643.904 15.000
P_349 0.000 -195.996 15.000
S_350 -19.059 -90.060 14.000
K_351 -16.309 -818.649 10.000
D_352 -21.132 -475.402 10.000
L_353 0.000 679.918 9.000
G_354 0.000 -27.649 9.000
Y_355 -10.601 -274.939 9.000
S_356 -17.098 -90.060 11.000
N_357 -22.253 -507.047 11.000
Y_358 -10.601 -274.939 9.000
G_359 0.000 -27.649 9.000
P_360 0.000 -195.996 5.000
S_361 -4.441 -90.060 3.000
I_362 0.000 777.529 5.000
A_363 0.000 185.740 9.000
Y_364 -10.601 -274.939 9.000
Q_365 -23.258 -643.904 12.000
T_366 -19.613 -90.974 15.000
K_367 -18.462 -818.649 13.000
S_368 -15.425 -90.060 9.000
P_369 0.000 -195.996 6.000
V_370 0.000 613.196 3.000
P_371 0.000 -195.996 4.000
L_372 0.000 679.918 4.000
E_373 -7.878 -605.239 4.000
C_374 0.000 322.480 7.000
P_375 0.000 -195.996 7.000
T_376 -4.441 -90.974 3.000
A_377 0.000 185.740 6.000
C_378 0.000 322.480 6.000
S_379 -13.255 -90.060 7.000
C_380 0.000 322.480 7.000
N_381 -22.253 -507.047 11.000
L_382 0.000 679.918 8.000
Q_383 -22.253 -643.904 11.000
I_384 0.000 777.529 11.000
S_385 -17.098 -90.060 11.000
D_386 -16.691 -475.402 7.000
L_387 0.000 679.918 7.000
G_388 0.000 -27.649 8.000
L_389 0.000 679.918 4.000
N_390 -18.409 -507.047 8.000
V_391 0.000 613.196 8.000
N_392 -23.258 -507.047 12.000
C_393 0.000 322.480 12.000
Q_394 -27.150 -643.904 17.000
E_395 -26.485 -605.239 16.000
R_396 -32.645 -1015.709 16.000
K_397 -20.127 -818.649 16.000
I_398 0.000 777.529 15.000
E_399 -21.132 -605.239 10.000
S_400 -13.255 -90.060 7.000
I_401 0.000 777.529 11.000
A_402 0.000 185.740 7.000
E_403 -18.409 -605.239 8.000
L_404 0.000 679.918 8.000
Q_405 -22.253 -643.904 11.000
P_406 0.000 -195.996 7.000
K_407 -15.425 -818.649 9.000
P_408 0.000 -195.996 9.000
Y_409 -10.601 -274.939 9.000
N_410 -19.866 -507.047 9.000
P_411 0.000 -195.996 12.000
K_412 -16.309 -818.649 10.000
K_413 -14.420 -818.649 8.000
M_414 0.000 401.769 8.000
Y_415 -9.978 -274.939 8.000
L_416 0.000 679.918 9.000
T_417 -18.462 -90.974 13.000
E_418 -24.169 -605.239 13.000
N_419 -24.169 -507.047 13.000
Y_420 -11.154 -274.939 10.000
I_421 0.000 777.529 6.000
A_422 0.000 185.740 2.000
V_423 0.000 613.196 5.000
V_424 0.000 613.196 10.000
R_425 -29.616 -1015.709 13.000
R_426 -33.508 -1015.709 17.000
T_427 -20.609 -90.974 17.000
D_428 -23.258 -475.402 12.000
F_429 0.000 560.542 11.000
L_430 0.000 679.918 8.000
E_431 -16.691 -605.239 7.000
A_432 0.000 185.740 7.000
T_433 -13.255 -90.974 7.000
G_434 0.000 -27.649 7.000
L_435 0.000 679.918 7.000
D_436 -7.878 -475.402 4.000
L_437 0.000 679.918 6.000
L_438 0.000 679.918 6.000
H_439 -1.718 -583.484 2.000
L_440 0.000 679.918 6.000
G_441 0.000 -27.649 10.000
N_442 -24.169 -507.047 13.000
N_443 -24.169 -507.047 13.000
R_444 -32.645 -1015.709 16.000
I_445 0.000 777.529 12.000
S_446 -14.420 -90.060 8.000
M_447 0.000 401.769 7.000
I_448 0.000 777.529 11.000
Q_449 -24.169 -643.904 13.000
D_450 -24.169 -475.402 13.000
R_451 -29.616 -1015.709 13.000
A_452 0.000 185.740 9.000
F_453 0.000 560.542 9.000
G_454 0.000 -27.649 4.000
D_455 -16.691 -475.402 7.000
L_456 0.000 679.918 11.000
T_457 -17.098 -90.974 11.000
N_458 -23.258 -507.047 12.000
L_459 0.000 679.918 17.000
R_460 -30.711 -1015.709 14.000
R_461 -28.412 -1015.709 12.000
L_462 0.000 679.918 12.000
Y_463 -11.652 -274.939 11.000
L_464 0.000 679.918 6.000
N_465 -21.132 -507.047 10.000
G_466 0.000 -27.649 13.000
N_467 -24.169 -507.047 13.000
R_468 -29.616 -1015.709 13.000
I_469 0.000 777.529 18.000
E_470 -25.003 -605.239 14.000
R_471 -28.412 -1015.709 12.000
L_472 0.000 679.918 12.000
S_473 -17.811 -90.060 12.000
P_474 0.000 -195.996 7.000
E_475 -16.691 -605.239 7.000
L_476 0.000 679.918 6.000
F_477 0.000 560.542 6.000
Y_478 -1.718 -274.939 2.000
G_479 0.000 -27.649 6.000
L_480 0.000 679.918 9.000
Q_481 -16.691 -643.904 7.000
S_482 -17.098 -90.060 11.000
L_483 0.000 679.918 13.000
Q_484 -19.866 -643.904 9.000
Y_485 -8.431 -274.939 6.000
L_486 0.000 679.918 6.000
F_487 0.000 560.542 6.000
L_488 0.000 679.918 6.000
Q_489 -21.132 -643.904 10.000
Y_490 -11.154 -274.939 10.000
N_491 -21.132 -507.047 10.000
L_492 0.000 679.918 11.000
I_493 0.000 777.529 13.000
R_494 -23.856 -1015.709 9.000
E_495 -24.169 -605.239 13.000
I_496 0.000 777.529 16.000
Q_497 -22.253 -643.904 11.000
S_498 -16.309 -90.060 10.000
G_499 0.000 -27.649 10.000
T_500 -16.309 -90.974 10.000
F_501 0.000 560.542 7.000
D_502 -16.691 -475.402 7.000
P_503 0.000 -195.996 4.000
V_504 0.000 613.196 8.000
P_505 0.000 -195.996 4.000
N_506 -18.409 -507.047 8.000
L_507 0.000 679.918 8.000
Q_508 -18.409 -643.904 8.000
L_509 0.000 679.918 4.000
L_510 0.000 679.918 4.000
F_511 0.000 560.542 4.000
L_512 0.000 679.918 8.000
N_513 -23.258 -507.047 12.000
N_514 -23.258 -507.047 12.000
N_515 -23.258 -507.047 12.000
L_516 0.000 679.918 12.000
L_517 0.000 679.918 8.000
Q_518 -7.878 -643.904 4.000
A_519 0.000 185.740 4.000
M_520 0.000 401.769 7.000
P_521 0.000 -195.996 3.000
S_522 -4.441 -90.060 3.000
G_523 0.000 -27.649 3.000
V_524 0.000 613.196 6.000
F_525 0.000 560.542 3.000
S_526 -4.441 -90.060 3.000
G_527 0.000 -27.649 6.000
L_528 0.000 679.918 6.000
T_529 -4.441 -90.974 3.000
L_530 0.000 679.918 8.000
L_531 0.000 679.918 8.000
R_532 -23.856 -1015.709 9.000
L_533 0.000 679.918 9.000
N_534 -25.003 -507.047 14.000
L_535 0.000 679.918 12.000
R_536 -32.645 -1015.709 16.000
S_537 -19.059 -90.060 14.000
N_538 -25.003 -507.047 14.000
H_539 -12.104 -583.484 12.000
F_540 0.000 560.542 12.000
T_541 -14.420 -90.974 8.000
S_542 -11.867 -90.060 6.000
L_543 0.000 679.918 6.000
P_544 0.000 -195.996 6.000
V_545 0.000 613.196 3.000
S_546 -4.441 -90.060 3.000
G_547 0.000 -27.649 3.000
V_548 0.000 613.196 7.000
L_549 0.000 679.918 8.000
D_550 -18.409 -475.402 8.000
Q_551 -22.253 -643.904 11.000
L_552 0.000 679.918 14.000
K_553 -16.309 -818.649 10.000
S_554 -11.867 -90.060 6.000
L_555 0.000 679.918 10.000
I_556 0.000 777.529 7.000
Q_557 -18.409 -643.904 8.000
I_558 0.000 777.529 8.000
D_559 -21.132 -475.402 10.000
L_560 0.000 679.918 10.000
H_561 -12.900 -583.484 14.000
D_562 -21.132 -475.402 10.000
N_563 -22.253 -507.047 11.000
P_564 0.000 -195.996 13.000
W_565 -5.447 -203.500 9.000
D_566 -18.409 -475.402 8.000
C_567 0.000 322.480 8.000
T_568 -17.098 -90.974 11.000
C_569 0.000 322.480 7.000
D_570 -16.691 -475.402 7.000
I_571 0.000 777.529 4.000
V_572 0.000 613.196 4.000
G_573 0.000 -27.649 3.000
M_574 0.000 401.769 3.000
K_575 -7.878 -818.649 4.000
L_576 0.000 679.918 4.000
W_577 -5.155 -203.500 8.000
V_578 0.000 613.196 9.000
E_579 -19.866 -605.239 9.000
Q_580 -22.253 -643.904 11.000
L_581 0.000 679.918 11.000
K_582 -13.255 -818.649 7.000
V_583 0.000 613.196 3.000
G_584 0.000 -27.649 3.000
V_585 0.000 613.196 0.000
L_586 0.000 679.918 4.000
V_587 0.000 613.196 8.000
D_588 -18.409 -475.402 8.000
E_589 -18.409 -605.239 8.000
V_590 0.000 613.196 8.000
I_591 0.000 777.529 7.000
C_592 0.000 322.480 3.000
K_593 -4.441 -818.649 3.000
A_594 0.000 185.740 6.000
P_595 0.000 -195.996 9.000
K_596 -11.867 -818.649 6.000
K_597 -11.867 -818.649 6.000
F_598 0.000 560.542 10.000
A_599 0.000 185.740 10.000
E_600 -22.253 -605.239 11.000
T_601 -17.098 -90.974 11.000
D_602 -26.485 -475.402 16.000
M_603 0.000 401.769 15.000
R_604 -28.412 -1015.709 12.000
S_605 -17.098 -90.060 11.000
I_606 0.000 777.529 14.000
K_607 -18.462 -818.649 13.000
S_608 -16.309 -90.060 10.000
E_609 -21.132 -605.239 10.000
L_610 0.000 679.918 7.000
L_611 0.000 679.918 4.000
C_612 0.000 322.480 4.000
P_613 0.000 -195.996 6.000
D_614 -19.866 -475.402 9.000
Y_615 -12.518 -274.939 13.000
S_616 -18.462 -90.060 13.000
D_617 -19.866 -475.402 9.000
V_618 0.000 613.196 7.000
V_619 0.000 613.196 7.000
V_620 0.000 613.196 6.000
S_621 -11.867 -90.060 6.000
T_622 -15.425 -90.974 9.000
P_623 0.000 -195.996 9.000
T_624 -15.425 -90.974 9.000
P_625 0.000 -195.996 9.000
S_626 -15.425 -90.060 9.000
S_627 -16.309 -90.060 10.000
I_628 0.000 777.529 10.000
Q_629 -16.691 -643.904 7.000
V_630 0.000 613.196 4.000
P_631 0.000 -195.996 9.000
A_632 0.000 185.740 8.000
R_633 -27.076 -1015.709 11.000
T_634 -17.098 -90.974 11.000
S_635 -17.098 -90.060 11.000
A_636 0.000 185.740 9.000
V_637 0.000 613.196 6.000
T_638 -4.441 -90.974 3.000
P_639 0.000 -195.996 3.000
A_640 0.000 185.740 8.000
V_641 0.000 613.196 5.000
R_642 -23.856 -1015.709 9.000
L_643 0.000 679.918 12.000
N_644 -25.772 -507.047 15.000
S_645 -16.309 -90.060 10.000
T_646 -16.309 -90.974 10.000
G_647 0.000 -27.649 6.000
A_648 0.000 185.740 3.000
P_649 0.000 -195.996 3.000
A_650 0.000 185.740 3.000
S_651 -4.441 -90.060 3.000
L_652 0.000 679.918 3.000
G_653 0.000 -27.649 3.000
A_654 0.000 185.740 0.000
G_655 0.000 -27.649 0.000
G_656 0.000 -27.649 0.000
G_657 0.000 -27.649 3.000
A_658 0.000 185.740 6.000
S_659 -11.867 -90.060 6.000
S_660 -11.867 -90.060 6.000
V_661 0.000 613.196 6.000
P_662 0.000 -195.996 6.000
L_663 0.000 679.918 3.000
S_664 -4.441 -90.060 3.000
V_665 0.000 613.196 3.000
L_666 0.000 679.918 3.000
I_667 0.000 777.529 3.000
L_668 0.000 679.918 3.000
S_669 -4.441 -90.060 3.000
L_670 0.000 679.918 3.000
L_671 0.000 679.918 3.000
L_672 0.000 679.918 0.000
V_673 0.000 613.196 0.000
F_674 0.000 560.542 0.000
I_675 0.000 777.529 3.000
M_676 0.000 401.769 3.000
S_677 -4.441 -90.060 3.000
V_678 0.000 613.196 3.000
F_679 0.000 560.542 3.000
V_680 0.000 613.196 0.000
A_681 0.000 185.740 0.000
A_682 0.000 185.740 0.000
G_683 0.000 -27.649 0.000
L_684 0.000 679.918 0.000
F_685 0.000 560.542 0.000
V_686 0.000 613.196 0.000
L_687 0.000 679.918 0.000
V_688 0.000 613.196 3.000
M_689 0.000 401.769 8.000
K_690 -18.462 -818.649 13.000
R_691 -32.645 -1015.709 16.000
R_692 -35.072 -1015.709 19.000
K_693 -21.889 -818.649 20.000
K_694 -21.486 -818.649 19.000
N_695 -27.150 -507.047 17.000
Q_696 -27.773 -643.904 18.000
S_697 -20.609 -90.060 17.000
D_698 -26.485 -475.402 16.000
H_699 -13.255 -583.484 15.000
T_700 -19.613 -90.974 15.000
S_701 -19.613 -90.060 15.000
T_702 -20.609 -90.974 17.000
N_703 -27.150 -507.047 17.000
N_704 -27.773 -507.047 18.000
S_705 -19.613 -90.060 15.000
D_706 -25.003 -475.402 14.000
V_707 0.000 613.196 13.000
S_708 -16.309 -90.060 10.000
S_709 -16.309 -90.060 10.000
F_710 0.000 560.542 10.000
N_711 -22.253 -507.047 11.000
M_712 0.000 401.769 10.000
Q_713 -24.169 -643.904 13.000
Y_714 -10.601 -274.939 9.000
S_715 -17.098 -90.060 11.000
V_716 0.000 613.196 7.000
Y_717 -7.426 -274.939 5.000
G_718 0.000 -27.649 2.000
G_719 0.000 -27.649 2.000
G_720 0.000 -27.649 0.000
G_721 0.000 -27.649 3.000
G_722 0.000 -27.649 3.000
T_723 -4.441 -90.974 3.000
G_724 0.000 -27.649 5.000
G_725 0.000 -27.649 5.000
H_726 -6.160 -583.484 4.000
P_727 0.000 -195.996 4.000
H_728 -8.431 -583.484 6.000
A_729 0.000 185.740 4.000
H_730 -8.431 -583.484 6.000
V_731 0.000 613.196 6.000
H_732 -11.652 -583.484 11.000
H_733 -10.601 -583.484 9.000
R_734 -23.856 -1015.709 9.000
G_735 0.000 -27.649 7.000
P_736 0.000 -195.996 5.000
A_737 0.000 185.740 0.000
L_738 0.000 679.918 3.000
P_739 0.000 -195.996 3.000
K_740 -11.867 -818.649 6.000
V_741 0.000 613.196 9.000
K_742 -15.425 -818.649 9.000
T_743 -11.867 -90.974 6.000
P_744 0.000 -195.996 6.000
A_745 0.000 185.740 5.000
G_746 0.000 -27.649 2.000
H_747 -6.160 -583.484 4.000
V_748 0.000 613.196 8.000
Y_749 -11.154 -274.939 10.000
E_750 -18.409 -605.239 8.000
Y_751 -9.978 -274.939 8.000
I_752 0.000 777.529 8.000
P_753 0.000 -195.996 4.000
H_754 -1.718 -583.484 2.000
P_755 0.000 -195.996 2.000
L_756 0.000 679.918 4.000
G_757 0.000 -27.649 2.000
H_758 -1.718 -583.484 2.000
M_759 0.000 401.769 5.000
C_760 0.000 322.480 9.000
K_761 -13.255 -818.649 7.000
N_762 -16.691 -507.047 7.000
P_763 0.000 -195.996 9.000
I_764 0.000 777.529 11.000
Y_765 -11.154 -274.939 10.000
R_766 -31.716 -1015.709 15.000
S_767 -21.486 -90.060 19.000
R_768 -33.508 -1015.709 17.000
E_769 -26.485 -605.239 16.000
G_770 0.000 -27.649 16.000
N_771 -22.253 -507.047 11.000
S_772 -17.098 -90.060 11.000
V_773 0.000 613.196 15.000
E_774 -24.169 -605.239 13.000
D_775 -24.169 -475.402 13.000
Y_776 -13.896 -274.939 17.000
K_777 -18.462 -818.649 13.000
D_778 -22.253 -475.402 11.000
L_779 0.000 679.918 13.000
H_780 -11.154 -583.484 10.000
E_781 -19.866 -605.239 9.000
L_782 0.000 679.918 9.000
K_783 -16.309 -818.649 10.000
V_784 0.000 613.196 8.000
T_785 -17.098 -90.974 11.000
Y_786 -11.652 -274.939 11.000
S_787 -19.613 -90.060 15.000
S_788 -19.059 -90.060 14.000
N_789 -25.003 -507.047 14.000
H_790 -11.652 -583.484 11.000
H_791 -12.104 -583.484 12.000
L_792 0.000 679.918 12.000
Q_793 -25.003 -643.904 14.000
Q_794 -26.485 -643.904 16.000
Q_795 -28.912 -643.904 20.000
Q_796 -26.485 -643.904 16.000
Q_797 -23.258 -643.904 12.000
P_798 0.000 -195.996 8.000
P_799 0.000 -195.996 4.000
P_800 0.000 -195.996 0.000
P_801 0.000 -195.996 4.000
P_802 0.000 -195.996 8.000
Q_803 -18.409 -643.904 8.000
Q_804 -23.258 -643.904 12.000
P_805 0.000 -195.996 16.000
Q_806 -26.485 -643.904 16.000
Q_807 -23.258 -643.904 12.000
Q_808 -23.258 -643.904 12.000
P_809 0.000 -195.996 8.000
P_810 0.000 -195.996 8.000
P_811 0.000 -195.996 4.000
Q_812 -18.409 -643.904 8.000
L_813 0.000 679.918 8.000
Q_814 -23.258 -643.904 12.000
L_815 0.000 679.918 8.000
Q_816 -18.409 -643.904 8.000
P_817 0.000 -195.996 8.000
G_818 0.000 -27.649 12.000
E_819 -23.258 -605.239 12.000
E_820 -27.150 -605.239 17.000
E_821 -29.934 -605.239 22.000
R_822 -37.098 -1015.709 22.000
R_823 -36.459 -1015.709 21.000
E_824 -28.359 -605.239 19.000
S_825 -20.127 -90.060 16.000
H_826 -11.652 -583.484 11.000
H_827 -12.104 -583.484 12.000
L_828 0.000 679.918 12.000
R_829 -25.574 -1015.709 10.000
S_830 -14.420 -90.060 8.000
P_831 0.000 -195.996 10.000
A_832 0.000 185.740 8.000
Y_833 -7.426 -274.939 5.000
S_834 -14.420 -90.060 8.000
V_835 0.000 613.196 11.000
S_836 -15.425 -90.060 9.000
T_837 -16.309 -90.974 10.000
I_838 0.000 777.529 10.000
E_839 -23.258 -605.239 12.000
P_840 0.000 -195.996 13.000
R_841 -33.508 -1015.709 17.000
E_842 -24.169 -605.239 13.000
D_843 -24.169 -475.402 13.000
L_844 0.000 679.918 11.000
L_845 0.000 679.918 7.000
S_846 -4.441 -90.060 3.000
P_847 0.000 -195.996 7.000
V_848 0.000 613.196 11.000
Q_849 -18.409 -643.904 8.000
D_850 -23.258 -475.402 12.000
A_851 0.000 185.740 17.000
D_852 -24.169 -475.402 13.000
R_853 -27.076 -1015.709 11.000
F_854 0.000 560.542 16.000
Y_855 -12.104 -274.939 12.000
R_856 -19.414 -1015.709 7.000
G_857 0.000 -27.649 7.000
I_858 0.000 777.529 9.000
L_859 0.000 679.918 4.000
E_860 -18.409 -605.239 8.000
P_861 0.000 -195.996 11.000
D_862 -24.169 -475.402 13.000
K_863 -15.425 -818.649 9.000
H_864 -12.104 -583.484 12.000
C_865 0.000 322.480 11.000
S_866 -17.098 -90.060 11.000
T_867 -15.425 -90.974 9.000
T_868 -15.425 -90.974 9.000
P_869 0.000 -195.996 6.000
A_870 0.000 185.740 7.000
G_871 0.000 -27.649 7.000
N_872 -16.691 -507.047 7.000
S_873 -13.255 -90.060 7.000
L_874 0.000 679.918 11.000
P_875 0.000 -195.996 9.000
E_876 -14.591 -605.239 6.000
Y_877 -10.601 -274.939 9.000
P_878 0.000 -195.996 9.000
K_879 -10.149 -818.649 5.000
F_880 0.000 560.542 3.000
P_881 0.000 -195.996 6.000
C_882 0.000 322.480 3.000
S_883 -4.441 -90.060 3.000
P_884 0.000 -195.996 3.000
A_885 0.000 185.740 5.000
A_886 0.000 185.740 5.000
Y_887 -7.426 -274.939 5.000
T_888 -14.420 -90.974 8.000
F_889 0.000 560.542 8.000
S_890 -16.309 -90.060 10.000
P_891 0.000 -195.996 9.000
N_892 -24.169 -507.047 13.000
Y_893 -11.154 -274.939 10.000
D_894 -25.772 -475.402 15.000
L_895 0.000 679.918 16.000
R_896 -30.711 -1015.709 14.000
R_897 -28.412 -1015.709 12.000
P_898 0.000 -195.996 16.000
H_899 -12.518 -583.484 13.000
Q_900 -18.409 -643.904 8.000
Y_901 -11.154 -274.939 10.000
L_902 0.000 679.918 8.000
H_903 -6.160 -583.484 4.000
P_904 0.000 -195.996 2.000
G_905 0.000 -27.649 2.000
A_906 0.000 185.740 4.000
G_907 0.000 -27.649 7.000
D_908 -23.258 -475.402 12.000
S_909 -17.811 -90.060 12.000
R_910 -33.508 -1015.709 17.000
L_911 0.000 679.918 17.000
R_912 -30.711 -1015.709 14.000
E_913 -19.866 -605.239 9.000
P_914 0.000 -195.996 9.000
V_915 0.000 613.196 6.000
L_916 0.000 679.918 5.000
Y_917 -7.426 -274.939 5.000
S_918 -10.149 -90.060 5.000
P_919 0.000 -195.996 8.000
P_920 0.000 -195.996 6.000
S_921 -4.441 -90.060 3.000
A_922 0.000 185.740 3.000
V_923 0.000 613.196 3.000
F_924 0.000 560.542 4.000
V_925 0.000 613.196 4.000
E_926 -18.409 -605.239 8.000
P_927 0.000 -195.996 13.000
N_928 -27.150 -507.047 17.000
R_929 -33.508 -1015.709 17.000
N_930 -28.359 -507.047 19.000
E_931 -25.772 -605.239 15.000
Y_932 -12.900 -274.939 14.000
L_933 0.000 679.918 10.000
E_934 -19.866 -605.239 9.000
L_935 0.000 679.918 7.000
K_936 -16.309 -818.649 10.000
A_937 0.000 185.740 6.000
K_938 -16.309 -818.649 10.000
L_939 0.000 679.918 7.000
N_940 -22.253 -507.047 11.000
V_941 0.000 613.196 8.000
E_942 -23.258 -605.239 12.000
P_943 0.000 -195.996 10.000
D_944 -21.132 -475.402 10.000
Y_945 -11.154 -274.939 10.000
L_946 0.000 679.918 10.000
E_947 -14.591 -605.239 6.000
V_948 0.000 613.196 8.000
L_949 0.000 679.918 11.000
E_950 -22.253 -605.239 11.000
K_951 -19.059 -818.649 14.000
Q_952 -27.150 -643.904 17.000
T_953 -18.462 -90.974 13.000
T_954 -18.462 -90.974 13.000
F_955 0.000 560.542 13.000
S_956 -16.309 -90.060 10.000
Q_957 -16.691 -643.904 7.000
F_958 0.000 560.542 7.000
