M_1 0.000 401.769 0.000
A_2 0.000 185.740 4.000
L_3 0.000 679.918 4.000
Q_4 -18.409 -643.904 8.000
A_5 0.000 185.740 8.000
D_6 -23.258 -475.402 12.000
F_7 0.000 560.542 13.000
D_8 -24.169 -475.402 13.000
R_9 -23.856 -1015.709 9.000
A_10 0.000 185.740 13.000
A_11 0.000 185.740 13.000
E_12 -18.409 -605.239 8.000
D_13 -24.169 -475.402 13.000
V_14 0.000 613.196 16.000
R_15 -28.412 -1015.709 12.000
K_16 -17.098 -818.649 11.000
L_17 0.000 679.918 11.000
K_18 -17.098 -818.649 11.000
A_19 0.000 185.740 8.000
R_20 -28.412 -1015.709 12.000
P_21 0.000 -195.996 13.000
D_22 -24.169 -475.402 13.000
D_23 -23.258 -475.402 12.000
G_24 0.000 -27.649 12.000
E_25 -22.253 -605.239 11.000
L_26 0.000 679.918 11.000
K_27 -17.098 -818.649 11.000
E_28 -19.866 -605.239 9.000
L_29 0.000 679.918 9.000
Y_30 -8.431 -274.939 6.000
G_31 0.000 -27.649 4.000
L_32 0.000 679.918 7.000
Y_33 -10.601 -274.939 9.000
K_34 -15.425 -818.649 9.000
Q_35 -19.866 -643.904 9.000
A_36 0.000 185.740 7.000
I_37 0.000 777.529 4.000
V_38 0.000 613.196 4.000
G_39 0.000 -27.649 4.000
D_40 -18.409 -475.402 8.000
I_41 0.000 777.529 8.000
N_42 -18.409 -507.047 8.000
I_43 0.000 777.529 4.000
A_44 0.000 185.740 4.000
C_45 0.000 322.480 0.000
P_46 0.000 -195.996 0.000
G_47 0.000 -27.649 0.000
M_48 0.000 401.769 4.000
L_49 0.000 679.918 4.000
D_50 -16.691 -475.402 7.000
L_51 0.000 679.918 7.000
K_52 -16.309 -818.649 10.000
G_53 0.000 -27.649 6.000
K_54 -15.425 -818.649 9.000
A_55 0.000 185.740 7.000
K_56 -17.098 -818.649 11.000
W_57 -5.155 -203.500 8.000
E_58 -19.866 -605.239 9.000
A_59 0.000 185.740 10.000
W_60 -5.447 -203.500 9.000
N_61 -18.409 -507.047 8.000
L_62 0.000 679.918 11.000
K_63 -16.309 -818.649 10.000
K_64 -11.867 -818.649 6.000
G_65 0.000 -27.649 9.000
L_66 0.000 679.918 9.000
S_67 -16.309 -90.060 10.000
T_68 -19.059 -90.974 14.000
E_69 -25.003 -605.239 14.000
D_70 -25.003 -475.402 14.000
A_71 0.000 185.740 14.000
T_72 -16.309 -90.974 10.000
S_73 -14.420 -90.060 8.000
A_74 0.000 185.740 8.000
Y_75 -9.978 -274.939 8.000
I_76 0.000 777.529 8.000
S_77 -14.420 -90.060 8.000
K_78 -15.425 -818.649 9.000
A_79 0.000 185.740 13.000
K_80 -16.309 -818.649 10.000
E_81 -16.691 -605.239 7.000
L_82 0.000 679.918 11.000
I_83 0.000 777.529 11.000
E_84 -19.866 -605.239 9.000
K_85 -15.425 -818.649 9.000
Y_86 -10.601 -274.939 9.000
G_87 0.000 -27.649 5.000
I_88 0.000 777.529 2.000
