M_1 0.000 401.769 7.000
E_2 -21.132 -605.239 10.000
S_3 -17.811 -90.060 12.000
K_4 -19.613 -818.649 15.000
Y_5 -13.255 -274.939 15.000
K_6 -17.811 -818.649 12.000
E_7 -19.866 -605.239 9.000
I_8 0.000 777.529 7.000
L_9 0.000 679.918 4.000
L_10 0.000 679.918 3.000
L_11 0.000 679.918 6.000
T_12 -11.867 -90.974 6.000
S_13 -16.309 -90.060 10.000
L_14 0.000 679.918 14.000
D_15 -22.253 -475.402 11.000
N_16 -22.253 -507.047 11.000
I_17 0.000 777.529 15.000
T_18 -19.613 -90.974 15.000
D_19 -25.772 -475.402 15.000
E_20 -25.772 -605.239 15.000
E_21 -26.485 -605.239 16.000
L_22 0.000 679.918 17.000
D_23 -24.169 -475.402 13.000
R_24 -28.412 -1015.709 12.000
F_25 0.000 560.542 12.000
K_26 -14.420 -818.649 8.000
C_27 0.000 322.480 3.000
F_28 0.000 560.542 3.000
L_29 0.000 679.918 4.000
P_30 0.000 -195.996 8.000
D_31 -18.409 -475.402 8.000
E_32 -23.258 -605.239 12.000
F_33 0.000 560.542 12.000
N_34 -18.409 -507.047 8.000
I_35 0.000 777.529 7.000
A_36 0.000 185.740 7.000
T_37 -11.867 -90.974 6.000
G_38 0.000 -27.649 6.000
K_39 -14.420 -818.649 8.000
L_40 0.000 679.918 8.000
H_41 -9.978 -583.484 8.000
T_42 -15.425 -90.974 9.000
L_43 0.000 679.918 12.000
N_44 -24.169 -507.047 13.000
S_45 -18.462 -90.060 13.000
T_46 -20.127 -90.974 16.000
S_47 -20.127 -90.060 16.000
S_48 -18.462 -90.060 13.000
Q_49 -25.003 -643.904 14.000
L_50 0.000 679.918 11.000
D_51 -22.253 -475.402 11.000
L_52 0.000 679.918 12.000
K_53 -18.462 -818.649 13.000
R_54 -27.076 -1015.709 11.000
W_55 -5.944 -203.500 11.000
H_56 -9.978 -583.484 8.000
G_57 0.000 -27.649 3.000
V_58 0.000 613.196 5.000
C_59 0.000 322.480 7.000
S_60 -17.098 -90.060 11.000
E_61 -25.772 -605.239 15.000
E_62 -28.912 -605.239 20.000
D_63 -27.150 -475.402 17.000
R_64 -29.616 -1015.709 13.000
I_65 0.000 777.529 13.000
F_66 0.000 560.542 12.000
Q_67 -16.691 -643.904 7.000
K_68 -17.098 -818.649 11.000
L_69 0.000 679.918 13.000
N_70 -19.866 -507.047 9.000
Y_71 -8.431 -274.939 6.000
M_72 0.000 401.769 6.000
L_73 0.000 679.918 2.000
V_74 0.000 613.196 3.000
A_75 0.000 185.740 3.000
K_76 -4.441 -818.649 3.000
C_77 0.000 322.480 8.000
L_78 0.000 679.918 12.000
R_79 -29.616 -1015.709 13.000
E_80 -27.150 -605.239 17.000
E_81 -29.436 -605.239 21.000
Q_82 -28.359 -643.904 19.000
E_83 -25.772 -605.239 15.000
T_84 -17.098 -90.974 11.000
G_85 0.000 -27.649 7.000
I_86 0.000 777.529 3.000
C_87 0.000 322.480 3.000
G_88 0.000 -27.649 3.000
S_89 -11.867 -90.060 6.000
P_90 0.000 -195.996 9.000
S_91 -15.425 -90.060 9.000
S_92 -17.098 -90.060 11.000
A_93 0.000 185.740 14.000
R_94 -27.076 -1015.709 11.000
S_95 -17.098 -90.060 11.000
V_96 0.000 613.196 15.000
S_97 -18.462 -90.060 13.000
Q_98 -25.772 -643.904 15.000
S_99 -19.613 -90.060 15.000
R_100 -28.412 -1015.709 12.000
L_101 0.000 679.918 8.000
G_102 0.000 -27.649 8.000
L_103 0.000 679.918 3.000
S_104 -10.149 -90.060 5.000
F_105 0.000 560.542 5.000
H_106 -7.426 -583.484 5.000
G_107 0.000 -27.649 5.000
I_108 0.000 777.529 5.000
S_109 -13.255 -90.060 7.000
G_110 0.000 -27.649 7.000
N_111 -16.691 -507.047 7.000
A_112 0.000 185.740 4.000
C_113 0.000 322.480 4.000
