M_1 0.000 401.769 5.000
H_2 -9.265 -583.484 7.000
K_3 -17.098 -818.649 11.000
H_4 -12.518 -583.484 13.000
Q_5 -22.253 -643.904 11.000
H_6 -9.978 -583.484 8.000
C_7 0.000 322.480 9.000
C_8 0.000 322.480 5.000
K_9 -4.441 -818.649 3.000
C_10 0.000 322.480 7.000
P_11 0.000 -195.996 7.000
E_12 -14.591 -605.239 6.000
C_13 0.000 322.480 10.000
Y_14 -11.154 -274.939 10.000
E_15 -19.866 -605.239 9.000
V_16 0.000 613.196 14.000
T_17 -17.811 -90.974 12.000
R_18 -21.845 -1015.709 8.000
L_19 0.000 679.918 8.000
A_20 0.000 185.740 5.000
A_21 0.000 185.740 5.000
L_22 0.000 679.918 10.000
R_23 -25.574 -1015.709 10.000
R_24 -30.711 -1015.709 14.000
L_25 0.000 679.918 14.000
E_26 -19.866 -605.239 9.000
P_27 0.000 -195.996 4.000
P_28 0.000 -195.996 6.000
G_29 0.000 -27.649 2.000
Y_30 -8.431 -274.939 6.000
G_31 0.000 -27.649 7.000
D_32 -22.253 -475.402 11.000
W_33 -5.447 -203.500 9.000
Q_34 -19.866 -643.904 9.000
V_35 0.000 613.196 9.000
P_36 0.000 -195.996 8.000
D_37 -14.591 -475.402 6.000
P_38 0.000 -195.996 6.000
Y_39 -8.431 -274.939 6.000
G_40 0.000 -27.649 2.000
P_41 0.000 -195.996 2.000
G_42 0.000 -27.649 0.000
G_43 0.000 -27.649 4.000
G_44 0.000 -27.649 4.000
N_45 -7.878 -507.047 4.000
G_46 0.000 -27.649 7.000
A_47 0.000 185.740 7.000
S_48 -4.441 -90.060 3.000
A_49 0.000 185.740 5.000
G_50 0.000 -27.649 5.000
Y_51 -1.718 -274.939 2.000
G_52 0.000 -27.649 4.000
G_53 0.000 -27.649 7.000
Y_54 -9.978 -274.939 8.000
S_55 -17.811 -90.060 12.000
S_56 -19.613 -90.060 15.000
Q_57 -24.169 -643.904 13.000
T_58 -16.309 -90.974 10.000
L_59 0.000 679.918 10.000
P_60 0.000 -195.996 10.000
S_61 -13.255 -90.060 7.000
Q_62 -16.691 -643.904 7.000
A_63 0.000 185.740 7.000
G_64 0.000 -27.649 7.000
A_65 0.000 185.740 3.000
T_66 -11.867 -90.974 6.000
P_67 0.000 -195.996 6.000
T_68 -17.098 -90.974 11.000
P_69 0.000 -195.996 11.000
R_70 -30.711 -1015.709 14.000
T_71 -17.098 -90.974 11.000
K_72 -19.059 -818.649 14.000
A_73 0.000 185.740 9.000
K_74 -11.867 -818.649 6.000
L_75 0.000 679.918 3.000
I_76 0.000 777.529 6.000
P_77 0.000 -195.996 3.000
T_78 -14.420 -90.974 8.000
G_79 0.000 -27.649 12.000
R_80 -28.412 -1015.709 12.000
D_81 -19.866 -475.402 9.000
V_82 0.000 613.196 9.000
G_83 0.000 -27.649 4.000
P_84 0.000 -195.996 0.000
V_85 0.000 613.196 0.000
P_86 0.000 -195.996 3.000
P_87 0.000 -195.996 3.000
K_88 -4.441 -818.649 3.000
P_89 0.000 -195.996 3.000
V_90 0.000 613.196 3.000
P_91 0.000 -195.996 3.000
G_92 0.000 -27.649 6.000
K_93 -15.425 -818.649 9.000
S_94 -15.425 -90.060 9.000
T_95 -17.811 -90.974 12.000
P_96 0.000 -195.996 9.000
K_97 -16.309 -818.649 10.000
L_98 0.000 679.918 7.000
N_99 -21.132 -507.047 10.000
G_100 0.000 -27.649 7.000
S_101 -13.255 -90.060 7.000
G_102 0.000 -27.649 6.000
P_103 0.000 -195.996 7.000
S_104 -10.149 -90.060 5.000
W_105 -3.990 -203.500 5.000
W_106 -5.447 -203.500 9.000
P_107 0.000 -195.996 6.000
E_108 -18.409 -605.239 8.000
C_109 0.000 322.480 7.000
T_110 -16.309 -90.974 10.000
C_111 0.000 322.480 10.000
T_112 -19.613 -90.974 15.000
N_113 -26.485 -507.047 16.000
R_114 -33.508 -1015.709 17.000
D_115 -26.485 -475.402 16.000
W_116 -6.873 -203.500 16.000
Y_117 -13.255 -274.939 15.000
E_118 -22.253 -605.239 11.000
Q_119 -25.003 -643.904 14.000
V_120 0.000 613.196 12.000
N_121 -22.253 -507.047 11.000
G_122 0.000 -27.649 11.000
S_123 -17.098 -90.060 11.000
D_124 -16.691 -475.402 7.000
G_125 0.000 -27.649 7.000
M_126 0.000 401.769 7.000
F_127 0.000 560.542 5.000
K_128 -15.425 -818.649 9.000
Y_129 -12.518 -274.939 13.000
E_130 -24.169 -605.239 13.000
E_131 -21.132 -605.239 10.000
I_132 0.000 777.529 8.000
V_133 0.000 613.196 8.000
L_134 0.000 679.918 9.000
E_135 -19.866 -605.239 9.000
R_136 -29.616 -1015.709 13.000
G_137 0.000 -27.649 16.000
N_138 -23.258 -507.047 12.000
S_139 -13.255 -90.060 7.000
G_140 0.000 -27.649 7.000
L_141 0.000 679.918 3.000
G_142 0.000 -27.649 3.000
F_143 0.000 560.542 3.000
S_144 -4.441 -90.060 3.000
I_145 0.000 777.529 3.000
A_146 0.000 185.740 3.000
G_147 0.000 -27.649 0.000
G_148 0.000 -27.649 4.000
I_149 0.000 777.529 8.000
D_150 -18.409 -475.402 8.000
N_151 -21.132 -507.047 10.000
P_152 0.000 -195.996 10.000
H_153 -8.431 -583.484 6.000
V_154 0.000 613.196 6.000
P_155 0.000 -195.996 10.000
D_156 -18.409 -475.402 8.000
D_157 -18.409 -475.402 8.000
P_158 0.000 -195.996 8.000
G_159 0.000 -27.649 4.000
I_160 0.000 777.529 0.000
F_161 0.000 560.542 3.000
I_162 0.000 777.529 6.000
T_163 -11.867 -90.974 6.000
K_164 -11.867 -818.649 6.000
I_165 0.000 777.529 6.000
I_166 0.000 777.529 3.000
P_167 0.000 -195.996 0.000
G_168 0.000 -27.649 0.000
G_169 0.000 -27.649 0.000
A_170 0.000 185.740 0.000
A_171 0.000 185.740 0.000
A_172 0.000 185.740 4.000
M_173 0.000 401.769 4.000
D_174 -19.866 -475.402 9.000
G_175 0.000 -27.649 9.000
R_176 -23.856 -1015.709 9.000
L_177 0.000 679.918 5.000
G_178 0.000 -27.649 9.000
V_179 0.000 613.196 8.000
N_180 -18.409 -507.047 8.000
D_181 -18.409 -475.402 8.000
C_182 0.000 322.480 8.000
V_183 0.000 613.196 9.000
L_184 0.000 679.918 5.000
R_185 -23.856 -1015.709 9.000
V_186 0.000 613.196 13.000
N_187 -24.169 -507.047 13.000
E_188 -23.258 -605.239 12.000
V_189 0.000 613.196 12.000
D_190 -22.253 -475.402 11.000
V_191 0.000 613.196 11.000
S_192 -17.098 -90.060 11.000
E_193 -16.691 -605.239 7.000
V_194 0.000 613.196 9.000
V_195 0.000 613.196 9.000
H_196 -11.154 -583.484 10.000
S_197 -16.309 -90.060 10.000
R_198 -25.574 -1015.709 10.000
A_199 0.000 185.740 12.000
V_200 0.000 613.196 9.000
E_201 -7.878 -605.239 4.000
A_202 0.000 185.740 7.000
L_203 0.000 679.918 11.000
K_204 -13.255 -818.649 7.000
E_205 -16.691 -605.239 7.000
A_206 0.000 185.740 7.000
G_207 0.000 -27.649 4.000
P_208 0.000 -195.996 0.000
V_209 0.000 613.196 5.000
V_210 0.000 613.196 5.000
R_211 -11.867 -1015.709 5.000
L_212 0.000 679.918 5.000
V_213 0.000 613.196 10.000
V_214 0.000 613.196 10.000
R_215 -31.716 -1015.709 15.000
R_216 -35.072 -1015.709 19.000
R_217 -35.072 -1015.709 19.000
Q_218 -25.003 -643.904 14.000
P_219 0.000 -195.996 9.000
P_220 0.000 -195.996 8.000
P_221 0.000 -195.996 7.000
E_222 -16.691 -605.239 7.000
T_223 -13.255 -90.974 7.000
I_224 0.000 777.529 11.000
M_225 0.000 401.769 7.000
E_226 -18.409 -605.239 8.000
V_227 0.000 613.196 8.000
N_228 -18.409 -507.047 8.000
L_229 0.000 679.918 7.000
L_230 0.000 679.918 7.000
K_231 -4.441 -818.649 3.000
G_232 0.000 -27.649 6.000
P_233 0.000 -195.996 6.000
K_234 -4.441 -818.649 3.000
G_235 0.000 -27.649 3.000
L_236 0.000 679.918 3.000
G_237 0.000 -27.649 3.000
F_238 0.000 560.542 3.000
S_239 -4.441 -90.060 3.000
I_240 0.000 777.529 3.000
A_241 0.000 185.740 3.000
G_242 0.000 -27.649 0.000
G_243 0.000 -27.649 0.000
I_244 0.000 777.529 4.000
G_245 0.000 -27.649 8.000
N_246 -21.132 -507.047 10.000
Q_247 -21.132 -643.904 10.000
H_248 -11.154 -583.484 10.000
I_249 0.000 777.529 6.000
P_250 0.000 -195.996 6.000
G_251 0.000 -27.649 8.000
D_252 -22.253 -475.402 11.000
N_253 -22.253 -507.047 11.000
S_254 -18.462 -90.060 13.000
I_255 0.000 777.529 9.000
Y_256 -9.978 -274.939 8.000
I_257 0.000 777.529 8.000
T_258 -14.420 -90.974 8.000
K_259 -11.867 -818.649 6.000
I_260 0.000 777.529 10.000
I_261 0.000 777.529 7.000
E_262 -7.878 -605.239 4.000
G_263 0.000 -27.649 4.000
G_264 0.000 -27.649 4.000
A_265 0.000 185.740 4.000
A_266 0.000 185.740 7.000
Q_267 -22.253 -643.904 11.000
K_268 -17.098 -818.649 11.000
D_269 -26.485 -475.402 16.000
G_270 0.000 -27.649 12.000
R_271 -29.616 -1015.709 13.000
L_272 0.000 679.918 9.000
Q_273 -19.866 -643.904 9.000
I_274 0.000 777.529 8.000
G_275 0.000 -27.649 13.000
D_276 -19.866 -475.402 9.000
R_277 -23.856 -1015.709 9.000
L_278 0.000 679.918 9.000
L_279 0.000 679.918 5.000
A_280 0.000 185.740 4.000
V_281 0.000 613.196 8.000
N_282 -22.253 -507.047 11.000
N_283 -25.772 -507.047 15.000
T_284 -19.613 -90.974 15.000
N_285 -25.772 -507.047 15.000
L_286 0.000 679.918 15.000
Q_287 -23.258 -643.904 12.000
D_288 -24.169 -475.402 13.000
V_289 0.000 613.196 15.000
R_290 -31.716 -1015.709 15.000
H_291 -13.255 -583.484 15.000
E_292 -25.772 -605.239 15.000
E_293 -21.132 -605.239 10.000
A_294 0.000 185.740 8.000
V_295 0.000 613.196 7.000
A_296 0.000 185.740 3.000
S_297 -11.867 -90.060 6.000
L_298 0.000 679.918 10.000
K_299 -18.462 -818.649 13.000
N_300 -24.169 -507.047 13.000
T_301 -20.609 -90.974 17.000
S_302 -19.059 -90.060 14.000
D_303 -21.132 -475.402 10.000
M_304 0.000 401.769 9.000
V_305 0.000 613.196 6.000
Y_306 -7.426 -274.939 5.000
L_307 0.000 679.918 5.000
K_308 -10.149 -818.649 5.000
V_309 0.000 613.196 6.000
A_310 0.000 185.740 6.000
K_311 -4.441 -818.649 3.000
P_312 0.000 -195.996 6.000
G_313 0.000 -27.649 6.000
S_314 -10.149 -90.060 5.000
L_315 0.000 679.918 5.000
H_316 -10.601 -583.484 9.000
L_317 0.000 679.918 10.000
N_318 -21.132 -507.047 10.000
D_319 -21.132 -475.402 10.000
M_320 0.000 401.769 10.000
Y_321 -8.431 -274.939 6.000
A_322 0.000 185.740 2.000
P_323 0.000 -195.996 6.000
P_324 0.000 -195.996 6.000
D_325 -14.591 -475.402 6.000
Y_326 -10.601 -274.939 9.000
A_327 0.000 185.740 12.000
S_328 -14.420 -90.060 8.000
T_329 -15.425 -90.974 9.000
F_330 0.000 560.542 9.000
T_331 -11.867 -90.974 6.000
A_332 0.000 185.740 3.000
L_333 0.000 679.918 7.000
A_334 0.000 185.740 8.000
D_335 -21.132 -475.402 10.000
N_336 -21.132 -507.047 10.000
H_337 -12.518 -583.484 13.000
I_338 0.000 777.529 11.000
S_339 -17.098 -90.060 11.000
H_340 -12.104 -583.484 12.000
N_341 -25.772 -507.047 15.000
S_342 -17.811 -90.060 12.000
S_343 -16.309 -90.060 10.000
L_344 0.000 679.918 8.000
G_345 0.000 -27.649 5.000
Y_346 -1.718 -274.939 2.000
L_347 0.000 679.918 2.000
G_348 0.000 -27.649 2.000
A_349 0.000 185.740 4.000
V_350 0.000 613.196 7.000
E_351 -21.132 -605.239 10.000
S_352 -16.309 -90.060 10.000
K_353 -18.462 -818.649 13.000
V_354 0.000 613.196 11.000
S_355 -14.420 -90.060 8.000
Y_356 -7.426 -274.939 5.000
P_357 0.000 -195.996 5.000
A_358 0.000 185.740 2.000
P_359 0.000 -195.996 4.000
P_360 0.000 -195.996 4.000
Q_361 -7.878 -643.904 4.000
V_362 0.000 613.196 4.000
P_363 0.000 -195.996 7.000
P_364 0.000 -195.996 8.000
T_365 -16.309 -90.974 10.000
R_366 -29.616 -1015.709 13.000
Y_367 -12.518 -274.939 13.000
S_368 -16.309 -90.060 10.000
P_369 0.000 -195.996 5.000
I_370 0.000 777.529 8.000
P_371 0.000 -195.996 7.000
R_372 -19.414 -1015.709 7.000
H_373 -9.265 -583.484 7.000
M_374 0.000 401.769 7.000
L_375 0.000 679.918 6.000
A_376 0.000 185.740 8.000
E_377 -23.258 -605.239 12.000
E_378 -23.258 -605.239 12.000
D_379 -25.772 -475.402 15.000
F_380 0.000 560.542 16.000
T_381 -20.127 -90.974 16.000
R_382 -28.412 -1015.709 12.000
E_383 -27.150 -605.239 17.000
P_384 0.000 -195.996 17.000
R_385 -28.412 -1015.709 12.000
K_386 -14.420 -818.649 8.000
I_387 0.000 777.529 8.000
I_388 0.000 777.529 5.000
L_389 0.000 679.918 5.000
H_390 -7.426 -583.484 5.000
K_391 -14.420 -818.649 8.000
G_392 0.000 -27.649 11.000
S_393 -15.425 -90.060 9.000
T_394 -11.867 -90.974 6.000
G_395 0.000 -27.649 6.000
L_396 0.000 679.918 3.000
G_397 0.000 -27.649 4.000
F_398 0.000 560.542 4.000
N_399 -7.878 -507.047 4.000
I_400 0.000 777.529 4.000
V_401 0.000 613.196 4.000
G_402 0.000 -27.649 4.000
G_403 0.000 -27.649 8.000
E_404 -18.409 -605.239 8.000
D_405 -23.258 -475.402 12.000
G_406 0.000 -27.649 12.000
E_407 -18.409 -605.239 8.000
G_408 0.000 -27.649 4.000
I_409 0.000 777.529 4.000
F_410 0.000 560.542 3.000
V_411 0.000 613.196 3.000
S_412 -4.441 -90.060 3.000
F_413 0.000 560.542 3.000
I_414 0.000 777.529 3.000
L_415 0.000 679.918 0.000
A_416 0.000 185.740 0.000
G_417 0.000 -27.649 0.000
G_418 0.000 -27.649 0.000
P_419 0.000 -195.996 4.000
A_420 0.000 185.740 4.000
D_421 -16.691 -475.402 7.000
L_422 0.000 679.918 7.000
S_423 -17.098 -90.060 11.000
G_424 0.000 -27.649 7.000
E_425 -23.258 -605.239 12.000
L_426 0.000 679.918 14.000
R_427 -30.711 -1015.709 14.000
R_428 -30.711 -1015.709 14.000
G_429 0.000 -27.649 19.000
D_430 -25.003 -475.402 14.000
R_431 -23.856 -1015.709 9.000
I_432 0.000 777.529 12.000
L_433 0.000 679.918 8.000
S_434 -13.255 -90.060 7.000
V_435 0.000 613.196 7.000
N_436 -16.691 -507.047 7.000
G_437 0.000 -27.649 8.000
V_438 0.000 613.196 8.000
N_439 -19.866 -507.047 9.000
L_440 0.000 679.918 13.000
R_441 -29.616 -1015.709 13.000
N_442 -23.258 -507.047 12.000
A_443 0.000 185.740 14.000
T_444 -18.462 -90.974 13.000
H_445 -12.518 -583.484 13.000
E_446 -24.169 -605.239 13.000
Q_447 -21.132 -643.904 10.000
A_448 0.000 185.740 8.000
A_449 0.000 185.740 4.000
A_450 0.000 185.740 0.000
A_451 0.000 185.740 3.000
L_452 0.000 679.918 8.000
K_453 -14.420 -818.649 8.000
R_454 -21.845 -1015.709 8.000
A_455 0.000 185.740 12.000
G_456 0.000 -27.649 12.000
Q_457 -16.691 -643.904 7.000
S_458 -16.309 -90.060 10.000
V_459 0.000 613.196 10.000
T_460 -11.867 -90.974 6.000
I_461 0.000 777.529 3.000
V_462 0.000 613.196 7.000
A_463 0.000 185.740 6.000
Q_464 -22.253 -643.904 11.000
Y_465 -11.652 -274.939 11.000
R_466 -31.716 -1015.709 15.000
P_467 0.000 -195.996 15.000
E_468 -25.772 -605.239 15.000
E_469 -24.169 -605.239 13.000
Y_470 -14.188 -274.939 18.000
S_471 -19.059 -90.060 14.000
R_472 -30.711 -1015.709 14.000
F_473 0.000 560.542 15.000
E_474 -25.772 -605.239 15.000
S_475 -16.309 -90.060 10.000
K_476 -17.811 -818.649 12.000
I_477 0.000 777.529 12.000
H_478 -10.601 -583.484 9.000
D_479 -22.253 -475.402 11.000
L_480 0.000 679.918 15.000
R_481 -33.508 -1015.709 17.000
E_482 -24.169 -605.239 13.000
Q_483 -24.169 -643.904 13.000
M_484 0.000 401.769 12.000
M_485 0.000 401.769 11.000
N_486 -21.132 -507.047 10.000
S_487 -16.309 -90.060 10.000
S_488 -18.462 -90.060 13.000
M_489 0.000 401.769 12.000
S_490 -15.425 -90.060 9.000
S_491 -15.425 -90.060 9.000
G_492 0.000 -27.649 9.000
S_493 -15.425 -90.060 9.000
G_494 0.000 -27.649 6.000
S_495 -17.098 -90.060 11.000
L_496 0.000 679.918 11.000
R_497 -30.711 -1015.709 14.000
T_498 -19.613 -90.974 15.000
S_499 -21.060 -90.060 18.000
E_500 -27.773 -605.239 18.000
K_501 -21.060 -818.649 18.000
R_502 -31.716 -1015.709 15.000
S_503 -18.462 -90.060 13.000
L_504 0.000 679.918 10.000
Y_505 -11.154 -274.939 10.000
V_506 0.000 613.196 7.000
R_507 -19.414 -1015.709 7.000
A_508 0.000 185.740 5.000
L_509 0.000 679.918 9.000
F_510 0.000 560.542 6.000
D_511 -21.132 -475.402 10.000
Y_512 -13.255 -274.939 15.000
D_513 -27.773 -475.402 18.000
R_514 -35.072 -1015.709 19.000
T_515 -22.271 -90.974 21.000
R_516 -35.785 -1015.709 20.000
D_517 -25.772 -475.402 15.000
S_518 -17.811 -90.060 12.000
C_519 0.000 322.480 7.000
L_520 0.000 679.918 6.000
P_521 0.000 -195.996 7.000
S_522 -13.255 -90.060 7.000
Q_523 -16.691 -643.904 7.000
G_524 0.000 -27.649 10.000
L_525 0.000 679.918 7.000
S_526 -11.867 -90.060 6.000
F_527 0.000 560.542 8.000
S_528 -14.420 -90.060 8.000
Y_529 -10.601 -274.939 9.000
G_530 0.000 -27.649 9.000
D_531 -14.591 -475.402 6.000
I_532 0.000 777.529 6.000
L_533 0.000 679.918 6.000
H_534 -1.718 -583.484 2.000
V_535 0.000 613.196 6.000
I_536 0.000 777.529 6.000
N_537 -16.691 -507.047 7.000
A_538 0.000 185.740 11.000
S_539 -19.613 -90.060 15.000
D_540 -25.772 -475.402 15.000
D_541 -26.485 -475.402 16.000
E_542 -25.003 -605.239 14.000
W_543 -6.542 -203.500 14.000
W_544 -5.708 -203.500 10.000
Q_545 -22.253 -643.904 11.000
A_546 0.000 185.740 10.000
R_547 -23.856 -1015.709 9.000
L_548 0.000 679.918 8.000
V_549 0.000 613.196 8.000
T_550 -10.149 -90.974 5.000
P_551 0.000 -195.996 5.000
H_552 -10.601 -583.484 9.000
G_553 0.000 -27.649 9.000
E_554 -24.169 -605.239 13.000
S_555 -19.613 -90.060 15.000
E_556 -25.772 -605.239 15.000
Q_557 -22.253 -643.904 11.000
I_558 0.000 777.529 8.000
G_559 0.000 -27.649 4.000
V_560 0.000 613.196 0.000
I_561 0.000 777.529 3.000
P_562 0.000 -195.996 6.000
S_563 -15.425 -90.060 9.000
K_564 -19.059 -818.649 14.000
K_565 -19.059 -818.649 14.000
R_566 -31.716 -1015.709 15.000
V_567 0.000 613.196 15.000
E_568 -25.772 -605.239 15.000
K_569 -19.059 -818.649 14.000
K_570 -21.486 -818.649 19.000
E_571 -25.772 -605.239 15.000
R_572 -33.508 -1015.709 17.000
A_573 0.000 185.740 14.000
R_574 -29.616 -1015.709 13.000
L_575 0.000 679.918 11.000
K_576 -17.098 -818.649 11.000
T_577 -15.425 -90.974 9.000
V_578 0.000 613.196 9.000
K_579 -14.420 -818.649 8.000
F_580 0.000 560.542 5.000
H_581 -11.154 -583.484 10.000
A_582 0.000 185.740 10.000
R_583 -25.574 -1015.709 10.000
T_584 -14.420 -90.974 8.000
G_585 0.000 -27.649 8.000
M_586 0.000 401.769 7.000
I_587 0.000 777.529 7.000
E_588 -22.253 -605.239 11.000
S_589 -20.127 -90.060 16.000
N_590 -28.912 -507.047 20.000
R_591 -32.645 -1015.709 16.000
D_592 -24.169 -475.402 13.000
F_593 0.000 560.542 9.000
P_594 0.000 -195.996 4.000
G_595 0.000 -27.649 3.000
L_596 0.000 679.918 7.000
S_597 -17.098 -90.060 11.000
D_598 -24.169 -475.402 13.000
D_599 -25.772 -475.402 15.000
Y_600 -12.104 -274.939 12.000
Y_601 -9.978 -274.939 8.000
G_602 0.000 -27.649 7.000
A_603 0.000 185.740 9.000
K_604 -13.255 -818.649 7.000
N_605 -21.132 -507.047 10.000
L_606 0.000 679.918 10.000
K_607 -17.098 -818.649 11.000
G_608 0.000 -27.649 11.000
Q_609 -25.772 -643.904 15.000
E_610 -23.258 -605.239 12.000
D_611 -23.258 -475.402 12.000
A_612 0.000 185.740 8.000
I_613 0.000 777.529 7.000
L_614 0.000 679.918 5.000
S_615 -15.425 -90.060 9.000
Y_616 -10.601 -274.939 9.000
E_617 -19.866 -605.239 9.000
P_618 0.000 -195.996 9.000
V_619 0.000 613.196 12.000
T_620 -17.811 -90.974 12.000
R_621 -32.645 -1015.709 16.000
Q_622 -26.485 -643.904 16.000
E_623 -25.772 -605.239 15.000
I_624 0.000 777.529 12.000
H_625 -9.978 -583.484 8.000
Y_626 -10.601 -274.939 9.000
A_627 0.000 185.740 9.000
R_628 -19.414 -1015.709 7.000
P_629 0.000 -195.996 5.000
V_630 0.000 613.196 5.000
I_631 0.000 777.529 0.000
I_632 0.000 777.529 0.000
L_633 0.000 679.918 0.000
G_634 0.000 -27.649 0.000
P_635 0.000 -195.996 3.000
M_636 0.000 401.769 7.000
K_637 -17.811 -818.649 12.000
D_638 -23.258 -475.402 12.000
R_639 -32.645 -1015.709 16.000
V_640 0.000 613.196 17.000
N_641 -27.150 -507.047 17.000
D_642 -23.258 -475.402 12.000
D_643 -23.258 -475.402 12.000
L_644 0.000 679.918 11.000
I_645 0.000 777.529 11.000
S_646 -13.255 -90.060 7.000
E_647 -16.691 -605.239 7.000
F_648 0.000 560.542 9.000
P_649 0.000 -195.996 9.000
H_650 -7.426 -583.484 5.000
K_651 -10.149 -818.649 5.000
F_652 0.000 560.542 8.000
G_653 0.000 -27.649 6.000
S_654 -4.441 -90.060 3.000
C_655 0.000 322.480 3.000
V_656 0.000 613.196 5.000
P_657 0.000 -195.996 5.000
H_658 -9.978 -583.484 8.000
T_659 -18.462 -90.974 13.000
T_660 -18.462 -90.974 13.000
R_661 -32.645 -1015.709 16.000
P_662 0.000 -195.996 18.000
R_663 -35.072 -1015.709 19.000
R_664 -34.315 -1015.709 18.000
D_665 -29.934 -475.402 22.000
N_666 -27.150 -507.047 17.000
E_667 -26.485 -605.239 16.000
V_668 0.000 613.196 12.000
D_669 -23.258 -475.402 12.000
G_670 0.000 -27.649 12.000
Q_671 -25.003 -643.904 14.000
D_672 -23.258 -475.402 12.000
Y_673 -12.104 -274.939 12.000
H_674 -9.978 -583.484 8.000
F_675 0.000 560.542 4.000
V_676 0.000 613.196 5.000
V_677 0.000 613.196 8.000
S_678 -17.811 -90.060 12.000
R_679 -32.645 -1015.709 16.000
E_680 -26.485 -605.239 16.000
Q_681 -27.150 -643.904 17.000
M_682 0.000 401.769 15.000
E_683 -25.772 -605.239 15.000
K_684 -17.098 -818.649 11.000
D_685 -25.772 -475.402 15.000
I_686 0.000 777.529 15.000
Q_687 -26.485 -643.904 16.000
D_688 -25.772 -475.402 15.000
N_689 -25.772 -507.047 15.000
K_690 -17.098 -818.649 11.000
F_691 0.000 560.542 11.000
I_692 0.000 777.529 7.000
E_693 -7.878 -605.239 4.000
A_694 0.000 185.740 8.000
G_695 0.000 -27.649 8.000
Q_696 -18.409 -643.904 8.000
F_697 0.000 560.542 12.000
N_698 -26.485 -507.047 16.000
D_699 -23.258 -475.402 12.000
N_700 -25.003 -507.047 14.000
L_701 0.000 679.918 10.000
Y_702 -10.601 -274.939 9.000
G_703 0.000 -27.649 8.000
T_704 -14.420 -90.974 8.000
S_705 -16.309 -90.060 10.000
I_706 0.000 777.529 13.000
Q_707 -21.132 -643.904 10.000
S_708 -17.811 -90.060 12.000
V_709 0.000 613.196 12.000
R_710 -21.845 -1015.709 8.000
A_711 0.000 185.740 5.000
V_712 0.000 613.196 9.000
A_713 0.000 185.740 9.000
E_714 -19.866 -605.239 9.000
R_715 -28.412 -1015.709 12.000
G_716 0.000 -27.649 14.000
K_717 -16.309 -818.649 10.000
H_718 -7.426 -583.484 5.000
C_719 0.000 322.480 5.000
I_720 0.000 777.529 6.000
L_721 0.000 679.918 4.000
D_722 -16.691 -475.402 7.000
V_723 0.000 613.196 7.000
S_724 -17.098 -90.060 11.000
G_725 0.000 -27.649 7.000
N_726 -16.691 -507.047 7.000
A_727 0.000 185.740 7.000
I_728 0.000 777.529 12.000
K_729 -14.420 -818.649 8.000
R_730 -28.412 -1015.709 12.000
L_731 0.000 679.918 16.000
Q_732 -24.169 -643.904 13.000
Q_733 -23.258 -643.904 12.000
A_734 0.000 185.740 12.000
Q_735 -21.132 -643.904 10.000
L_736 0.000 679.918 6.000
Y_737 -8.431 -274.939 6.000
P_738 0.000 -195.996 2.000
I_739 0.000 777.529 2.000
A_740 0.000 185.740 0.000
I_741 0.000 777.529 0.000
F_742 0.000 560.542 3.000
I_743 0.000 777.529 3.000
K_744 -11.867 -818.649 6.000
P_745 0.000 -195.996 9.000
K_746 -15.425 -818.649 9.000
S_747 -16.309 -90.060 10.000
I_748 0.000 777.529 10.000
E_749 -16.691 -605.239 7.000
A_750 0.000 185.740 4.000
L_751 0.000 679.918 8.000
M_752 0.000 401.769 4.000
E_753 -18.409 -605.239 8.000
M_754 0.000 401.769 13.000
N_755 -27.773 -507.047 18.000
R_756 -34.315 -1015.709 18.000
R_757 -36.459 -1015.709 21.000
Q_758 -28.359 -643.904 19.000
T_759 -21.060 -90.974 18.000
Y_760 -13.896 -274.939 17.000
E_761 -24.169 -605.239 13.000
Q_762 -25.003 -643.904 14.000
A_763 0.000 185.740 15.000
N_764 -22.253 -507.047 11.000
K_765 -15.425 -818.649 9.000
I_766 0.000 777.529 13.000
Y_767 -12.104 -274.939 12.000
D_768 -19.866 -475.402 9.000
K_769 -15.425 -818.649 9.000
A_770 0.000 185.740 10.000
M_771 0.000 401.769 6.000
K_772 -13.255 -818.649 7.000
L_773 0.000 679.918 11.000
E_774 -25.772 -605.239 15.000
Q_775 -23.258 -643.904 12.000
E_776 -23.258 -605.239 12.000
F_777 0.000 560.542 12.000
G_778 0.000 -27.649 10.000
E_779 -14.591 -605.239 6.000
Y_780 -10.601 -274.939 9.000
F_781 0.000 560.542 9.000
T_782 -10.149 -90.974 5.000
A_783 0.000 185.740 3.000
I_784 0.000 777.529 7.000
V_785 0.000 613.196 4.000
Q_786 -18.409 -643.904 8.000
G_787 0.000 -27.649 11.000
D_788 -22.253 -475.402 11.000
S_789 -17.098 -90.060 11.000
L_790 0.000 679.918 15.000
E_791 -22.253 -605.239 11.000
E_792 -21.132 -605.239 10.000
I_793 0.000 777.529 14.000
Y_794 -12.518 -274.939 13.000
N_795 -19.866 -507.047 9.000
K_796 -17.811 -818.649 12.000
I_797 0.000 777.529 14.000
K_798 -16.309 -818.649 10.000
Q_799 -16.691 -643.904 7.000
I_800 0.000 777.529 11.000
I_801 0.000 777.529 12.000
E_802 -23.258 -605.239 12.000
D_803 -25.772 -475.402 15.000
Q_804 -25.772 -643.904 15.000
S_805 -18.462 -90.060 13.000
G_806 0.000 -27.649 11.000
H_807 -9.265 -583.484 7.000
Y_808 -7.426 -274.939 5.000
I_809 0.000 777.529 5.000
W_810 -2.723 -203.500 3.000
V_811 0.000 613.196 4.000
P_812 0.000 -195.996 4.000
S_813 -13.255 -90.060 7.000
P_814 0.000 -195.996 10.000
E_815 -21.132 -605.239 10.000
K_816 -13.255 -818.649 7.000
L_817 0.000 679.918 7.000
