M_1 0.000 401.769 3.000
L_2 0.000 679.918 7.000
T_3 -13.255 -90.974 7.000
E_4 -21.132 -605.239 10.000
A_5 0.000 185.740 10.000
S_6 -16.309 -90.060 10.000
L_7 0.000 679.918 6.000
S_8 -13.255 -90.060 7.000
I_9 0.000 777.529 4.000
W_10 -3.990 -203.500 5.000
G_11 0.000 -27.649 2.000
W_12 -3.990 -203.500 5.000
G_13 0.000 -27.649 4.000
S_14 -7.878 -90.060 4.000
L_15 0.000 679.918 3.000
G_16 0.000 -27.649 3.000
I_17 0.000 777.529 0.000
V_18 0.000 613.196 0.000
L_19 0.000 679.918 0.000
F_20 0.000 560.542 0.000
L_21 0.000 679.918 3.000
I_22 0.000 777.529 3.000
T_23 -4.441 -90.974 3.000
F_24 0.000 560.542 3.000
G_25 0.000 -27.649 3.000
P_26 0.000 -195.996 0.000
F_27 0.000 560.542 0.000
V_28 0.000 613.196 0.000
I_29 0.000 777.529 2.000
F_30 0.000 560.542 2.000
Y_31 -7.426 -274.939 5.000
L_32 0.000 679.918 5.000
T_33 -13.255 -90.974 7.000
F_34 0.000 560.542 5.000
Y_35 -7.426 -274.939 5.000
I_36 0.000 777.529 2.000
L_37 0.000 679.918 2.000
C_38 0.000 322.480 0.000
F_39 0.000 560.542 0.000
V_40 0.000 613.196 0.000
G_41 0.000 -27.649 0.000
G_42 0.000 -27.649 0.000
G_43 0.000 -27.649 0.000
L_44 0.000 679.918 0.000
V_45 0.000 613.196 3.000
V_46 0.000 613.196 3.000
T_47 -4.441 -90.974 3.000
L_48 0.000 679.918 3.000
L_49 0.000 679.918 3.000
F_50 0.000 560.542 3.000
G_51 0.000 -27.649 6.000
K_52 -16.309 -818.649 10.000
T_53 -18.462 -90.974 13.000
N_54 -27.150 -507.047 17.000
S_55 -20.609 -90.060 17.000
E_56 -26.485 -605.239 16.000
K_57 -17.811 -818.649 12.000
Y_58 -12.518 -274.939 13.000
L_59 0.000 679.918 13.000
E_60 -21.132 -605.239 10.000
Q_61 -23.258 -643.904 12.000
C_62 0.000 322.480 14.000
E_63 -24.169 -605.239 13.000
H_64 -10.601 -583.484 9.000
S_65 -15.425 -90.060 9.000
F_66 0.000 560.542 5.000
L_67 0.000 679.918 3.000
P_68 0.000 -195.996 3.000
P_69 0.000 -195.996 6.000
T_70 -11.867 -90.974 6.000
S_71 -11.867 -90.060 6.000
P_72 0.000 -195.996 6.000
G_73 0.000 -27.649 3.000
V_74 0.000 613.196 3.000
P_75 0.000 -195.996 3.000
K_76 -4.441 -818.649 3.000
C_77 0.000 322.480 7.000
L_78 0.000 679.918 11.000
E_79 -18.409 -605.239 8.000
E_80 -22.253 -605.239 11.000
M_81 0.000 401.769 16.000
K_82 -20.127 -818.649 16.000
R_83 -28.412 -1015.709 12.000
E_84 -27.150 -605.239 17.000
A_85 0.000 185.740 17.000
R_86 -28.412 -1015.709 12.000
T_87 -17.098 -90.974 11.000
I_88 0.000 777.529 11.000
K_89 -16.309 -818.649 10.000
I_90 0.000 777.529 12.000
D_91 -27.150 -475.402 17.000
R_92 -30.711 -1015.709 14.000
R_93 -33.508 -1015.709 17.000
L_94 0.000 679.918 13.000
T_95 -14.420 -90.974 8.000
G_96 0.000 -27.649 7.000
A_97 0.000 185.740 7.000
N_98 -7.878 -507.047 4.000
I_99 0.000 777.529 8.000
I_100 0.000 777.529 12.000
D_101 -18.409 -475.402 8.000
E_102 -18.409 -605.239 8.000
P_103 0.000 -195.996 12.000
L_104 0.000 679.918 12.000
Q_105 -18.409 -643.904 8.000
Q_106 -18.409 -643.904 8.000
V_107 0.000 613.196 12.000
I_108 0.000 777.529 8.000
Q_109 -16.691 -643.904 7.000
F_110 0.000 560.542 7.000
S_111 -17.811 -90.060 12.000
L_112 0.000 679.918 12.000
R_113 -30.711 -1015.709 14.000
D_114 -22.253 -475.402 11.000
Y_115 -13.255 -274.939 15.000
V_116 0.000 613.196 12.000
Q_117 -19.866 -643.904 9.000
Y_118 -10.601 -274.939 9.000
W_119 -5.944 -203.500 11.000
Y_120 -11.154 -274.939 10.000
Y_121 -9.978 -274.939 8.000
T_122 -16.309 -90.974 10.000
L_123 0.000 679.918 12.000
S_124 -19.059 -90.060 14.000
D_125 -25.772 -475.402 15.000
D_126 -27.773 -475.402 18.000
E_127 -25.772 -605.239 15.000
S_128 -17.098 -90.060 11.000
F_129 0.000 560.542 7.000
L_130 0.000 679.918 7.000
L_131 0.000 679.918 4.000
E_132 -19.866 -605.239 9.000
I_133 0.000 777.529 13.000
R_134 -32.645 -1015.709 16.000
Q_135 -23.258 -643.904 12.000
T_136 -20.127 -90.974 16.000
L_137 0.000 679.918 15.000
Q_138 -22.253 -643.904 11.000
N_139 -18.409 -507.047 8.000
A_140 0.000 185.740 8.000
L_141 0.000 679.918 8.000
I_142 0.000 777.529 4.000
Q_143 -7.878 -643.904 4.000
F_144 0.000 560.542 7.000
A_145 0.000 185.740 12.000
T_146 -17.098 -90.974 11.000
R_147 -30.711 -1015.709 14.000
S_148 -21.060 -90.060 18.000
K_149 -19.613 -818.649 15.000
E_150 -25.003 -605.239 14.000
I_151 0.000 777.529 12.000
D_152 -24.169 -475.402 13.000
W_153 -5.447 -203.500 9.000
Q_154 -22.253 -643.904 11.000
P_155 0.000 -195.996 7.000
Y_156 -10.601 -274.939 9.000
F_157 0.000 560.542 8.000
T_158 -18.462 -90.974 13.000
T_159 -17.098 -90.974 11.000
R_160 -27.076 -1015.709 11.000
I_161 0.000 777.529 12.000
V_162 0.000 613.196 13.000
D_163 -18.409 -475.402 8.000
D_164 -18.409 -475.402 8.000
F_165 0.000 560.542 11.000
G_166 0.000 -27.649 9.000
T_167 -10.149 -90.974 5.000
H_168 -11.154 -583.484 10.000
L_169 0.000 679.918 10.000
R_170 -19.414 -1015.709 7.000
V_171 0.000 613.196 10.000
F_172 0.000 560.542 13.000
R_173 -21.845 -1015.709 8.000
K_174 -17.811 -818.649 12.000
A_175 0.000 185.740 16.000
Q_176 -25.003 -643.904 14.000
Q_177 -22.253 -643.904 11.000
K_178 -19.059 -818.649 14.000
I_179 0.000 777.529 14.000
T_180 -18.462 -90.974 13.000
E_181 -25.003 -605.239 14.000
K_182 -21.060 -818.649 18.000
D_183 -28.359 -475.402 19.000
D_184 -25.772 -475.402 15.000
Q_185 -25.772 -643.904 15.000
V_186 0.000 613.196 11.000
K_187 -16.309 -818.649 10.000
G_188 0.000 -27.649 6.000
T_189 -16.309 -90.974 10.000
A_190 0.000 185.740 11.000
E_191 -22.253 -605.239 11.000
D_192 -18.409 -475.402 8.000
L_193 0.000 679.918 12.000
V_194 0.000 613.196 11.000
D_195 -16.691 -475.402 7.000
T_196 -13.255 -90.974 7.000
F_197 0.000 560.542 11.000
F_198 0.000 560.542 7.000
E_199 -18.409 -605.239 8.000
V_200 0.000 613.196 8.000
E_201 -23.258 -605.239 12.000
V_202 0.000 613.196 8.000
E_203 -23.258 -605.239 12.000
M_204 0.000 401.769 11.000
E_205 -25.772 -605.239 15.000
K_206 -17.098 -818.649 11.000
E_207 -22.253 -605.239 11.000
V_208 0.000 613.196 12.000
C_209 0.000 322.480 13.000
R_210 -23.856 -1015.709 9.000
D_211 -19.866 -475.402 9.000
L_212 0.000 679.918 9.000
V_213 0.000 613.196 7.000
C_214 0.000 322.480 6.000
T_215 -11.867 -90.974 6.000
S_216 -15.425 -90.060 9.000
P_217 0.000 -195.996 13.000
K_218 -19.059 -818.649 14.000
D_219 -25.772 -475.402 15.000
E_220 -25.772 -605.239 15.000
E_221 -23.258 -605.239 12.000
G_222 0.000 -27.649 8.000
F_223 0.000 560.542 9.000
L_224 0.000 679.918 9.000
R_225 -23.856 -1015.709 9.000
D_226 -19.866 -475.402 9.000
L_227 0.000 679.918 13.000
C_228 0.000 322.480 8.000
E_229 -7.878 -605.239 4.000
V_230 0.000 613.196 4.000
L_231 0.000 679.918 6.000
L_232 0.000 679.918 2.000
Y_233 -1.718 -274.939 2.000
L_234 0.000 679.918 2.000
L_235 0.000 679.918 2.000
L_236 0.000 679.918 0.000
P_237 0.000 -195.996 0.000
P_238 0.000 -195.996 4.000
G_239 0.000 -27.649 4.000
D_240 -18.409 -475.402 8.000
F_241 0.000 560.542 12.000
Q_242 -25.772 -643.904 15.000
N_243 -22.253 -507.047 11.000
K_244 -17.098 -818.649 11.000
I_245 0.000 777.529 12.000
M_246 0.000 401.769 10.000
R_247 -19.414 -1015.709 7.000
Y_248 -9.265 -274.939 7.000
F_249 0.000 560.542 12.000
V_250 0.000 613.196 11.000
R_251 -23.856 -1015.709 9.000
E_252 -19.866 -605.239 9.000
I_253 0.000 777.529 9.000
L_254 0.000 679.918 9.000
A_255 0.000 185.740 5.000
R_256 -11.867 -1015.709 5.000
G_257 0.000 -27.649 5.000
I_258 0.000 777.529 5.000
L_259 0.000 679.918 0.000
L_260 0.000 679.918 0.000
P_261 0.000 -195.996 0.000
L_262 0.000 679.918 4.000
I_263 0.000 777.529 8.000
N_264 -18.409 -507.047 8.000
Q_265 -22.253 -643.904 11.000
L_266 0.000 679.918 15.000
S_267 -17.098 -90.060 11.000
D_268 -22.253 -475.402 11.000
P_269 0.000 -195.996 13.000
D_270 -21.132 -475.402 10.000
Y_271 -11.154 -274.939 10.000
I_272 0.000 777.529 14.000
N_273 -23.258 -507.047 12.000
Q_274 -21.132 -643.904 10.000
Y_275 -11.154 -274.939 10.000
V_276 0.000 613.196 7.000
I_277 0.000 777.529 3.000
W_278 -0.000 -203.500 1.000
M_279 0.000 401.769 6.000
I_280 0.000 777.529 10.000
R_281 -28.412 -1015.709 12.000
D_282 -26.485 -475.402 16.000
S_283 -20.127 -90.060 16.000
N_284 -25.772 -507.047 15.000
C_285 0.000 322.480 13.000
N_286 -25.003 -507.047 14.000
Y_287 -11.154 -274.939 10.000
E_288 -21.132 -605.239 10.000
A_289 0.000 185.740 6.000
F_290 0.000 560.542 8.000
M_291 0.000 401.769 4.000
N_292 -7.878 -507.047 4.000
I_293 0.000 777.529 7.000
I_294 0.000 777.529 7.000
K_295 -11.867 -818.649 6.000
L_296 0.000 679.918 10.000
S_297 -19.059 -90.060 14.000
D_298 -22.253 -475.402 11.000
N_299 -22.253 -507.047 11.000
I_300 0.000 777.529 12.000
G_301 0.000 -27.649 8.000
E_302 -18.409 -605.239 8.000
L_303 0.000 679.918 8.000
E_304 -18.409 -605.239 8.000
A_305 0.000 185.740 9.000
V_306 0.000 613.196 13.000
R_307 -28.412 -1015.709 12.000
D_308 -23.258 -475.402 12.000
K_309 -17.811 -818.649 12.000
A_310 0.000 185.740 11.000
A_311 0.000 185.740 11.000
E_312 -18.409 -605.239 8.000
E_313 -23.258 -605.239 12.000
L_314 0.000 679.918 14.000
Q_315 -21.132 -643.904 10.000
Y_316 -11.652 -274.939 11.000
L_317 0.000 679.918 14.000
R_318 -25.574 -1015.709 10.000
S_319 -17.811 -90.060 12.000
L_320 0.000 679.918 15.000
D_321 -21.132 -475.402 10.000
T_322 -13.255 -90.974 7.000
A_323 0.000 185.740 11.000
G_324 0.000 -27.649 11.000
D_325 -18.409 -475.402 8.000
D_326 -23.258 -475.402 12.000
I_327 0.000 777.529 15.000
N_328 -22.253 -507.047 11.000
T_329 -16.309 -90.974 10.000
I_330 0.000 777.529 14.000
K_331 -19.059 -818.649 14.000
N_332 -22.253 -507.047 11.000
Q_333 -25.772 -643.904 15.000
I_334 0.000 777.529 15.000
N_335 -22.253 -507.047 11.000
S_336 -13.255 -90.060 7.000
L_337 0.000 679.918 7.000
L_338 0.000 679.918 3.000
F_339 0.000 560.542 3.000
V_340 0.000 613.196 6.000
K_341 -11.867 -818.649 6.000
K_342 -11.867 -818.649 6.000
V_343 0.000 613.196 10.000
C_344 0.000 322.480 10.000
D_345 -23.258 -475.402 12.000
S_346 -17.811 -90.060 12.000
R_347 -32.645 -1015.709 16.000
I_348 0.000 777.529 17.000
Q_349 -25.003 -643.904 14.000
R_350 -29.616 -1015.709 13.000
L_351 0.000 679.918 16.000
Q_352 -23.258 -643.904 12.000
S_353 -16.309 -90.060 10.000
G_354 0.000 -27.649 14.000
K_355 -16.309 -818.649 10.000
E_356 -22.253 -605.239 11.000
I_357 0.000 777.529 14.000
N_358 -22.253 -507.047 11.000
T_359 -16.309 -90.974 10.000
V_360 0.000 613.196 10.000
K_361 -11.867 -818.649 6.000
L_362 0.000 679.918 3.000
A_363 0.000 185.740 7.000
A_364 0.000 185.740 4.000
N_365 -7.878 -507.047 4.000
F_366 0.000 560.542 7.000
G_367 0.000 -27.649 7.000
K_368 -4.441 -818.649 3.000
L_369 0.000 679.918 6.000
C_370 0.000 322.480 6.000
T_371 -4.441 -90.974 3.000
V_372 0.000 613.196 3.000
P_373 0.000 -195.996 7.000
L_374 0.000 679.918 7.000
D_375 -16.691 -475.402 7.000
S_376 -13.255 -90.060 7.000
I_377 0.000 777.529 7.000
L_378 0.000 679.918 7.000
V_379 0.000 613.196 8.000
D_380 -18.409 -475.402 8.000
N_381 -18.409 -507.047 8.000
V_382 0.000 613.196 8.000
A_383 0.000 185.740 8.000
L_384 0.000 679.918 4.000
Q_385 -7.878 -643.904 4.000
F_386 0.000 560.542 4.000
F_387 0.000 560.542 8.000
M_388 0.000 401.769 6.000
D_389 -14.591 -475.402 6.000
Y_390 -11.154 -274.939 10.000
M_391 0.000 401.769 14.000
Q_392 -24.169 -643.904 13.000
Q_393 -22.253 -643.904 11.000
T_394 -17.098 -90.974 11.000
G_395 0.000 -27.649 11.000
G_396 0.000 -27.649 7.000
Q_397 -14.591 -643.904 6.000
A_398 0.000 185.740 6.000
H_399 -8.431 -583.484 6.000
L_400 0.000 679.918 2.000
F_401 0.000 560.542 3.000
F_402 0.000 560.542 1.000
W_403 -3.436 -203.500 4.000
M_404 0.000 401.769 4.000
T_405 -14.420 -90.974 8.000
V_406 0.000 613.196 7.000
E_407 -19.866 -605.239 9.000
G_408 0.000 -27.649 11.000
Y_409 -11.652 -274.939 11.000
R_410 -25.574 -1015.709 10.000
V_411 0.000 613.196 10.000
T_412 -17.811 -90.974 12.000
A_413 0.000 185.740 11.000
Q_414 -25.772 -643.904 15.000
Q_415 -23.258 -643.904 12.000
Q_416 -26.485 -643.904 16.000
L_417 0.000 679.918 12.000
E_418 -18.409 -605.239 8.000
V_419 0.000 613.196 4.000
L_420 0.000 679.918 7.000
L_421 0.000 679.918 8.000
S_422 -17.811 -90.060 12.000
R_423 -33.508 -1015.709 17.000
Q_424 -29.436 -643.904 21.000
R_425 -34.315 -1015.709 18.000
D_426 -26.485 -475.402 16.000
G_427 0.000 -27.649 14.000
K_428 -18.462 -818.649 13.000
H_429 -12.104 -583.484 12.000
Q_430 -26.485 -643.904 16.000
T_431 -20.609 -90.974 17.000
N_432 -27.773 -507.047 18.000
Q_433 -27.150 -643.904 17.000
T_434 -19.059 -90.974 14.000
K_435 -16.309 -818.649 10.000
G_436 0.000 -27.649 6.000
L_437 0.000 679.918 8.000
L_438 0.000 679.918 5.000
R_439 -11.867 -1015.709 5.000
A_440 0.000 185.740 5.000
A_441 0.000 185.740 5.000
A_442 0.000 185.740 0.000
V_443 0.000 613.196 0.000
G_444 0.000 -27.649 2.000
I_445 0.000 777.529 6.000
Y_446 -11.154 -274.939 10.000
E_447 -23.258 -605.239 12.000
Q_448 -23.258 -643.904 12.000
Y_449 -12.518 -274.939 13.000
L_450 0.000 679.918 13.000
S_451 -17.811 -90.060 12.000
E_452 -21.132 -605.239 10.000
K_453 -18.462 -818.649 13.000
A_454 0.000 185.740 10.000
S_455 -17.098 -90.060 11.000
P_456 0.000 -195.996 8.000
R_457 -27.076 -1015.709 11.000
V_458 0.000 613.196 8.000
T_459 -17.811 -90.974 12.000
V_460 0.000 613.196 11.000
D_461 -24.169 -475.402 13.000
D_462 -21.132 -475.402 10.000
Y_463 -11.154 -274.939 10.000
L_464 0.000 679.918 6.000
V_465 0.000 613.196 5.000
A_466 0.000 185.740 3.000
K_467 -4.441 -818.649 3.000
L_468 0.000 679.918 7.000
A_469 0.000 185.740 10.000
D_470 -16.691 -475.402 7.000
T_471 -17.098 -90.974 11.000
L_472 0.000 679.918 13.000
N_473 -24.169 -507.047 13.000
H_474 -12.900 -583.484 14.000
E_475 -25.003 -605.239 14.000
D_476 -24.169 -475.402 13.000
P_477 0.000 -195.996 11.000
T_478 -17.098 -90.974 11.000
P_479 0.000 -195.996 7.000
E_480 -16.691 -605.239 7.000
I_481 0.000 777.529 8.000
F_482 0.000 560.542 12.000
D_483 -18.409 -475.402 8.000
D_484 -23.258 -475.402 12.000
I_485 0.000 777.529 17.000
Q_486 -26.485 -643.904 16.000
R_487 -28.412 -1015.709 12.000
K_488 -19.059 -818.649 14.000
V_489 0.000 613.196 14.000
Y_490 -10.601 -274.939 9.000
E_491 -14.591 -605.239 6.000
L_492 0.000 679.918 6.000
M_493 0.000 401.769 9.000
L_494 0.000 679.918 9.000
R_495 -29.616 -1015.709 13.000
D_496 -27.773 -475.402 18.000
E_497 -27.773 -605.239 18.000
R_498 -31.716 -1015.709 15.000
F_499 0.000 560.542 11.000
Y_500 -11.154 -274.939 10.000
P_501 0.000 -195.996 5.000
S_502 -16.309 -90.060 10.000
F_503 0.000 560.542 12.000
R_504 -32.645 -1015.709 16.000
Q_505 -24.169 -643.904 13.000
N_506 -24.169 -507.047 13.000
A_507 0.000 185.740 10.000
L_508 0.000 679.918 6.000
Y_509 -9.265 -274.939 7.000
V_510 0.000 613.196 7.000
R_511 -19.414 -1015.709 7.000
M_512 0.000 401.769 5.000
L_513 0.000 679.918 9.000
A_514 0.000 185.740 4.000
E_515 -18.409 -605.239 8.000
L_516 0.000 679.918 8.000
D_517 -18.409 -475.402 8.000
M_518 0.000 401.769 7.000
L_519 0.000 679.918 11.000
K_520 -13.255 -818.649 7.000
D_521 -21.132 -475.402 10.000
P_522 0.000 -195.996 10.000
S_523 -17.811 -90.060 12.000
F_524 0.000 560.542 8.000
R_525 -27.076 -1015.709 11.000
G_526 0.000 -27.649 12.000
S_527 -20.127 -90.060 16.000
D_528 -22.253 -475.402 11.000
D_529 -25.772 -475.402 15.000
G_530 0.000 -27.649 12.000
D_531 -23.258 -475.402 12.000
G_532 0.000 -27.649 11.000
E_533 -22.253 -605.239 11.000
S_534 -17.098 -90.060 11.000
F_535 0.000 560.542 11.000
N_536 -21.132 -507.047 10.000
G_537 0.000 -27.649 7.000
S_538 -16.309 -90.060 10.000
P_539 0.000 -195.996 6.000
T_540 -15.425 -90.974 9.000
G_541 0.000 -27.649 6.000
S_542 -16.309 -90.060 10.000
I_543 0.000 777.529 7.000
N_544 -21.132 -507.047 10.000
L_545 0.000 679.918 7.000
S_546 -17.098 -90.060 11.000
L_547 0.000 679.918 11.000
D_548 -22.253 -475.402 11.000
D_549 -22.253 -475.402 11.000
L_550 0.000 679.918 15.000
S_551 -17.098 -90.060 11.000
N_552 -21.132 -507.047 10.000
V_553 0.000 613.196 13.000
S_554 -19.059 -90.060 14.000
S_555 -19.059 -90.060 14.000
D_556 -27.150 -475.402 17.000
D_557 -25.003 -475.402 14.000
S_558 -19.613 -90.060 15.000
V_559 0.000 613.196 11.000
Q_560 -19.866 -643.904 9.000
L_561 0.000 679.918 6.000
H_562 -9.978 -583.484 8.000
A_563 0.000 185.740 4.000
Y_564 -9.265 -274.939 7.000
I_565 0.000 777.529 9.000
S_566 -17.811 -90.060 12.000
D_567 -21.132 -475.402 10.000
T_568 -16.309 -90.974 10.000
G_569 0.000 -27.649 7.000
V_570 0.000 613.196 7.000
C_571 0.000 322.480 8.000
N_572 -21.132 -507.047 10.000
D_573 -21.132 -475.402 10.000
H_574 -12.518 -583.484 13.000
G_575 0.000 -27.649 12.000
K_576 -16.309 -818.649 10.000
T_577 -14.420 -90.974 8.000
Y_578 -9.978 -274.939 8.000
A_579 0.000 185.740 7.000
L_580 0.000 679.918 4.000
Y_581 -1.718 -274.939 2.000
A_582 0.000 185.740 5.000
I_583 0.000 777.529 5.000
T_584 -10.149 -90.974 5.000
V_585 0.000 613.196 10.000
H_586 -13.255 -583.484 15.000
R_587 -32.645 -1015.709 16.000
R_588 -32.645 -1015.709 16.000
N_589 -27.773 -507.047 18.000
L_590 0.000 679.918 16.000
N_591 -25.772 -507.047 15.000
S_592 -19.613 -90.060 15.000
E_593 -25.772 -605.239 15.000
E_594 -23.258 -605.239 12.000
M_595 0.000 401.769 12.000
W_596 -5.944 -203.500 11.000
K_597 -15.425 -818.649 9.000
T_598 -19.059 -90.974 14.000
Y_599 -14.188 -274.939 18.000
R_600 -33.508 -1015.709 17.000
R_601 -33.508 -1015.709 17.000
Y_602 -14.463 -274.939 19.000
S_603 -19.059 -90.060 14.000
D_604 -22.253 -475.402 11.000
F_605 0.000 560.542 13.000
H_606 -11.154 -583.484 10.000
D_607 -18.409 -475.402 8.000
F_608 0.000 560.542 8.000
H_609 -11.652 -583.484 11.000
M_610 0.000 401.769 7.000
R_611 -25.574 -1015.709 10.000
I_612 0.000 777.529 12.000
T_613 -20.127 -90.974 16.000
E_614 -22.253 -605.239 11.000
Q_615 -25.772 -643.904 15.000
F_616 0.000 560.542 15.000
E_617 -22.253 -605.239 11.000
S_618 -16.309 -90.060 10.000
L_619 0.000 679.918 13.000
S_620 -15.425 -90.060 9.000
S_621 -11.867 -90.060 6.000
I_622 0.000 777.529 9.000
L_623 0.000 679.918 6.000
K_624 -4.441 -818.649 3.000
L_625 0.000 679.918 3.000
P_626 0.000 -195.996 6.000
G_627 0.000 -27.649 6.000
K_628 -15.425 -818.649 9.000
K_629 -15.425 -818.649 9.000
T_630 -18.462 -90.974 13.000
F_631 0.000 560.542 14.000
N_632 -22.253 -507.047 11.000
N_633 -23.258 -507.047 12.000
M_634 0.000 401.769 17.000
D_635 -27.150 -475.402 17.000
R_636 -29.616 -1015.709 13.000
D_637 -24.169 -475.402 13.000
F_638 0.000 560.542 13.000
L_639 0.000 679.918 11.000
E_640 -23.258 -605.239 12.000
K_641 -19.613 -818.649 15.000
R_642 -34.315 -1015.709 18.000
K_643 -21.060 -818.649 18.000
K_644 -19.613 -818.649 15.000
D_645 -25.003 -475.402 14.000
L_646 0.000 679.918 11.000
N_647 -21.132 -507.047 10.000
A_648 0.000 185.740 6.000
Y_649 -11.154 -274.939 10.000
L_650 0.000 679.918 6.000
Q_651 -14.591 -643.904 6.000
L_652 0.000 679.918 4.000
L_653 0.000 679.918 4.000
L_654 0.000 679.918 0.000
A_655 0.000 185.740 4.000
P_656 0.000 -195.996 4.000
E_657 -7.878 -605.239 4.000
M_658 0.000 401.769 7.000
M_659 0.000 401.769 7.000
K_660 -11.867 -818.649 6.000
A_661 0.000 185.740 6.000
S_662 -11.867 -90.060 6.000
P_663 0.000 -195.996 3.000
A_664 0.000 185.740 3.000
L_665 0.000 679.918 2.000
A_666 0.000 185.740 4.000
H_667 -6.160 -583.484 4.000
Y_668 -8.431 -274.939 6.000
V_669 0.000 613.196 10.000
Y_670 -9.978 -274.939 8.000
D_671 -14.591 -475.402 6.000
F_672 0.000 560.542 10.000
L_673 0.000 679.918 12.000
E_674 -22.253 -605.239 11.000
N_675 -22.253 -507.047 11.000
K_676 -18.462 -818.649 13.000
A_677 0.000 185.740 12.000
Y_678 -11.652 -274.939 11.000
S_679 -14.420 -90.060 8.000
K_680 -17.098 -818.649 11.000
G_681 0.000 -27.649 9.000
K_682 -16.309 -818.649 10.000
G_683 0.000 -27.649 7.000
D_684 -16.691 -475.402 7.000
F_685 0.000 560.542 9.000
A_686 0.000 185.740 12.000
R_687 -21.845 -1015.709 8.000
K_688 -17.811 -818.649 12.000
M_689 0.000 401.769 15.000
D_690 -21.132 -475.402 10.000
T_691 -13.255 -90.974 7.000
F_692 0.000 560.542 11.000
V_693 0.000 613.196 7.000
N_694 -7.878 -507.047 4.000
P_695 0.000 -195.996 9.000
L_696 0.000 679.918 13.000
R_697 -28.412 -1015.709 12.000
N_698 -23.258 -507.047 12.000
S_699 -20.609 -90.060 17.000
M_700 0.000 401.769 16.000
R_701 -28.412 -1015.709 12.000
N_702 -23.258 -507.047 12.000
V_703 0.000 613.196 16.000
S_704 -17.098 -90.060 11.000
N_705 -16.691 -507.047 7.000
A_706 0.000 185.740 10.000
V_707 0.000 613.196 10.000
K_708 -11.867 -818.649 6.000
S_709 -11.867 -90.060 6.000
L_710 0.000 679.918 10.000
P_711 0.000 -195.996 10.000
D_712 -16.691 -475.402 7.000
S_713 -13.255 -90.060 7.000
L_714 0.000 679.918 11.000
A_715 0.000 185.740 7.000
E_716 -7.878 -605.239 4.000
G_717 0.000 -27.649 7.000
M_718 0.000 401.769 10.000
T_719 -11.867 -90.974 6.000
K_720 -15.425 -818.649 9.000
M_721 0.000 401.769 13.000
S_722 -19.059 -90.060 14.000
D_723 -22.253 -475.402 11.000
N_724 -22.253 -507.047 11.000
M_725 0.000 401.769 11.000
G_726 0.000 -27.649 7.000
K_727 -11.867 -818.649 6.000
M_728 0.000 401.769 10.000
S_729 -19.613 -90.060 15.000
E_730 -23.258 -605.239 12.000
R_731 -28.412 -1015.709 12.000
L_732 0.000 679.918 13.000
G_733 0.000 -27.649 13.000
Q_734 -18.409 -643.904 8.000
D_735 -22.253 -475.402 11.000
I_736 0.000 777.529 15.000
K_737 -19.059 -818.649 14.000
Q_738 -21.132 -643.904 10.000
S_739 -16.309 -90.060 10.000
F_740 0.000 560.542 10.000
F_741 0.000 560.542 6.000
K_742 -4.441 -818.649 3.000
V_743 0.000 613.196 3.000
P_744 0.000 -195.996 3.000
P_745 0.000 -195.996 0.000
L_746 0.000 679.918 0.000
I_747 0.000 777.529 3.000
P_748 0.000 -195.996 6.000
K_749 -16.309 -818.649 10.000
T_750 -18.462 -90.974 13.000
D_751 -27.150 -475.402 17.000
S_752 -19.059 -90.060 14.000
D_753 -25.772 -475.402 15.000
P_754 0.000 -195.996 13.000
E_755 -25.772 -605.239 15.000
H_756 -13.586 -583.484 16.000
R_757 -32.645 -1015.709 16.000
R_758 -31.716 -1015.709 15.000
V_759 0.000 613.196 13.000
S_760 -17.811 -90.060 12.000
A_761 0.000 185.740 7.000
Q_762 -22.253 -643.904 11.000
L_763 0.000 679.918 12.000
D_764 -26.485 -475.402 16.000
D_765 -23.258 -475.402 12.000
N_766 -26.485 -507.047 16.000
V_767 0.000 613.196 16.000
D_768 -26.485 -475.402 16.000
D_769 -23.258 -475.402 12.000
N_770 -23.258 -507.047 12.000
I_771 0.000 777.529 8.000
P_772 0.000 -195.996 9.000
L_773 0.000 679.918 5.000
R_774 -11.867 -1015.709 5.000
V_775 0.000 613.196 5.000
M_776 0.000 401.769 5.000
L_777 0.000 679.918 0.000
L_778 0.000 679.918 0.000
L_779 0.000 679.918 4.000
M_780 0.000 401.769 8.000
D_781 -18.409 -475.402 8.000
E_782 -18.409 -605.239 8.000
V_783 0.000 613.196 12.000
F_784 0.000 560.542 8.000
D_785 -16.691 -475.402 7.000
L_786 0.000 679.918 11.000
K_787 -20.127 -818.649 16.000
E_788 -26.485 -605.239 16.000
R_789 -35.785 -1015.709 20.000
N_790 -27.773 -507.047 18.000
Q_791 -25.003 -643.904 14.000
W_792 -6.542 -203.500 14.000
L_793 0.000 679.918 15.000
R_794 -31.716 -1015.709 15.000
R_795 -30.711 -1015.709 14.000
N_796 -27.150 -507.047 17.000
I_797 0.000 777.529 16.000
K_798 -17.098 -818.649 11.000
N_799 -16.691 -507.047 7.000
L_800 0.000 679.918 11.000
L_801 0.000 679.918 12.000
Q_802 -18.409 -643.904 8.000
Q_803 -18.409 -643.904 8.000
L_804 0.000 679.918 13.000
I_805 0.000 777.529 9.000
R_806 -21.845 -1015.709 8.000
A_807 0.000 185.740 10.000
T_808 -16.309 -90.974 10.000
Y_809 -10.601 -274.939 9.000
G_810 0.000 -27.649 12.000
D_811 -19.866 -475.402 9.000
T_812 -17.098 -90.974 11.000
I_813 0.000 777.529 16.000
N_814 -25.772 -507.047 15.000
R_815 -28.412 -1015.709 12.000
K_816 -17.811 -818.649 12.000
I_817 0.000 777.529 12.000
V_818 0.000 613.196 9.000
D_819 -14.591 -475.402 6.000
H_820 -11.154 -583.484 10.000
V_821 0.000 613.196 11.000
D_822 -16.691 -475.402 7.000
W_823 -5.155 -203.500 8.000
M_824 0.000 401.769 11.000
T_825 -13.255 -90.974 7.000
S_826 -16.309 -90.060 10.000
P_827 0.000 -195.996 14.000
E_828 -22.253 -605.239 11.000
Q_829 -18.409 -643.904 8.000
V_830 0.000 613.196 12.000
A_831 0.000 185.740 11.000
D_832 -16.691 -475.402 7.000
S_833 -16.309 -90.060 10.000
V_834 0.000 613.196 15.000
K_835 -17.098 -818.649 11.000
R_836 -29.616 -1015.709 13.000
F_837 0.000 560.542 17.000
R_838 -30.711 -1015.709 14.000
D_839 -19.866 -475.402 9.000
A_840 0.000 185.740 10.000
F_841 0.000 560.542 5.000
W_842 -3.990 -203.500 5.000
P_843 0.000 -195.996 5.000
N_844 -11.867 -507.047 5.000
G_845 0.000 -27.649 4.000
I_846 0.000 777.529 4.000
L_847 0.000 679.918 4.000
A_848 0.000 185.740 4.000
E_849 -7.878 -605.239 4.000
A_850 0.000 185.740 4.000
V_851 0.000 613.196 4.000
P_852 0.000 -195.996 5.000
C_853 0.000 322.480 9.000
R_854 -28.412 -1015.709 12.000
D_855 -25.772 -475.402 15.000
K_856 -19.613 -818.649 15.000
S_857 -19.613 -90.060 15.000
I_858 0.000 777.529 11.000
R_859 -29.616 -1015.709 13.000
M_860 0.000 401.769 13.000
R_861 -34.315 -1015.709 18.000
T_862 -18.462 -90.974 13.000
R_863 -29.616 -1015.709 13.000
V_864 0.000 613.196 8.000
A_865 0.000 185.740 8.000
G_866 0.000 -27.649 6.000
K_867 -15.425 -818.649 9.000
T_868 -15.425 -90.974 9.000
K_869 -15.425 -818.649 9.000
L_870 0.000 679.918 6.000
L_871 0.000 679.918 3.000
A_872 0.000 185.740 0.000
I_873 0.000 777.529 0.000
M_874 0.000 401.769 4.000
P_875 0.000 -195.996 8.000
D_876 -18.409 -475.402 8.000
E_877 -22.253 -605.239 11.000
L_878 0.000 679.918 13.000
K_879 -15.425 -818.649 9.000
H_880 -7.426 -583.484 5.000
I_881 0.000 777.529 5.000
I_882 0.000 777.529 2.000
G_883 0.000 -27.649 4.000
A_884 0.000 185.740 7.000
E_885 -21.132 -605.239 10.000
T_886 -19.613 -90.974 15.000
T_887 -21.060 -90.974 18.000
R_888 -30.711 -1015.709 14.000
K_889 -17.098 -818.649 11.000
G_890 0.000 -27.649 8.000
I_891 0.000 777.529 8.000
L_892 0.000 679.918 5.000
R_893 -11.867 -1015.709 5.000
V_894 0.000 613.196 9.000
F_895 0.000 560.542 9.000
E_896 -7.878 -605.239 4.000
M_897 0.000 401.769 8.000
F_898 0.000 560.542 10.000
Q_899 -21.132 -643.904 10.000
H_900 -12.900 -583.484 14.000
N_901 -25.003 -507.047 14.000
Q_902 -25.003 -643.904 14.000
L_903 0.000 679.918 17.000
N_904 -27.773 -507.047 18.000
R_905 -30.711 -1015.709 14.000
R_906 -30.711 -1015.709 14.000
M_907 0.000 401.769 12.000
V_908 0.000 613.196 7.000
Y_909 -1.718 -274.939 2.000
V_910 0.000 613.196 2.000
F_911 0.000 560.542 6.000
L_912 0.000 679.918 4.000
E_913 -7.878 -605.239 4.000
G_914 0.000 -27.649 4.000
F_915 0.000 560.542 8.000
L_916 0.000 679.918 7.000
E_917 -16.691 -605.239 7.000
T_918 -13.255 -90.974 7.000
L_919 0.000 679.918 7.000
F_920 0.000 560.542 7.000
P_921 0.000 -195.996 6.000
Q_922 -19.866 -643.904 9.000
Y_923 -10.601 -274.939 9.000
K_924 -19.059 -818.649 14.000
F_925 0.000 560.542 14.000
R_926 -28.412 -1015.709 12.000
E_927 -19.866 -605.239 9.000
L_928 0.000 679.918 13.000
F_929 0.000 560.542 11.000
N_930 -16.691 -507.047 7.000
K_931 -15.425 -818.649 9.000
L_932 0.000 679.918 12.000
H_933 -12.518 -583.484 13.000
S_934 -18.462 -90.060 13.000
R_935 -32.645 -1015.709 16.000
S_936 -21.060 -90.060 18.000
K_937 -19.613 -818.649 15.000
Q_938 -25.003 -643.904 14.000
M_939 0.000 401.769 14.000
Q_940 -24.169 -643.904 13.000
K_941 -17.811 -818.649 12.000
Y_942 -13.586 -274.939 16.000
K_943 -19.613 -818.649 15.000
Q_944 -23.258 -643.904 12.000
K_945 -19.059 -818.649 14.000
L_946 0.000 679.918 14.000
Q_947 -24.169 -643.904 13.000
T_948 -19.059 -90.974 14.000
T_949 -19.059 -90.974 14.000
Q_950 -21.132 -643.904 10.000
A_951 0.000 185.740 10.000
P_952 0.000 -195.996 7.000
S_953 -13.255 -90.060 7.000
L_954 0.000 679.918 10.000
Q_955 -25.772 -643.904 15.000
K_956 -17.811 -818.649 12.000
R_957 -28.412 -1015.709 12.000
