M_1 0.000 401.769 3.000
G_2 0.000 -27.649 7.000
T_3 -17.098 -90.974 11.000
D_4 -25.772 -475.402 15.000
N_5 -27.773 -507.047 18.000
Q_6 -26.485 -643.904 16.000
T_7 -17.811 -90.974 12.000
W_8 -5.944 -203.500 11.000
V_9 0.000 613.196 11.000
S_10 -14.420 -90.060 8.000
E_11 -16.691 -605.239 7.000
F_12 0.000 560.542 7.000
I_13 0.000 777.529 4.000
L_14 0.000 679.918 0.000
L_15 0.000 679.918 0.000
G_16 0.000 -27.649 3.000
L_17 0.000 679.918 6.000
S_18 -16.309 -90.060 10.000
S_19 -17.098 -90.060 11.000
D_20 -25.772 -475.402 15.000
W_21 -6.713 -203.500 15.000
D_22 -27.150 -475.402 17.000
T_23 -18.462 -90.974 13.000
R_24 -31.716 -1015.709 15.000
V_25 0.000 613.196 11.000
S_26 -14.420 -90.060 8.000
L_27 0.000 679.918 3.000
F_28 0.000 560.542 3.000
V_29 0.000 613.196 0.000
L_30 0.000 679.918 0.000
F_31 0.000 560.542 0.000
L_32 0.000 679.918 0.000
V_33 0.000 613.196 2.000
M_34 0.000 401.769 2.000
Y_35 -1.718 -274.939 2.000
V_36 0.000 613.196 5.000
V_37 0.000 613.196 5.000
T_38 -4.441 -90.974 3.000
V_39 0.000 613.196 3.000
L_40 0.000 679.918 7.000
G_41 0.000 -27.649 4.000
N_42 -7.878 -507.047 4.000
C_43 0.000 322.480 4.000
L_44 0.000 679.918 4.000
I_45 0.000 777.529 0.000
V_46 0.000 613.196 0.000
L_47 0.000 679.918 0.000
L_48 0.000 679.918 5.000
I_49 0.000 777.529 5.000
R_50 -23.856 -1015.709 9.000
L_51 0.000 679.918 12.000
D_52 -27.150 -475.402 17.000
S_53 -17.811 -90.060 12.000
R_54 -30.711 -1015.709 14.000
L_55 0.000 679.918 13.000
H_56 -11.154 -583.484 10.000
T_57 -10.149 -90.974 5.000
P_58 0.000 -195.996 7.000
M_59 0.000 401.769 5.000
Y_60 -1.718 -274.939 2.000
F_61 0.000 560.542 2.000
F_62 0.000 560.542 5.000
L_63 0.000 679.918 7.000
T_64 -13.255 -90.974 7.000
N_65 -21.132 -507.047 10.000
L_66 0.000 679.918 10.000
S_67 -13.255 -90.060 7.000
L_68 0.000 679.918 7.000
V_69 0.000 613.196 7.000
D_70 -16.691 -475.402 7.000
V_71 0.000 613.196 9.000
S_72 -15.425 -90.060 9.000
Y_73 -9.978 -274.939 8.000
A_74 0.000 185.740 11.000
T_75 -14.420 -90.974 8.000
S_76 -11.867 -90.060 6.000
V_77 0.000 613.196 6.000
V_78 0.000 613.196 7.000
P_79 0.000 -195.996 4.000
Q_80 -7.878 -643.904 4.000
L_81 0.000 679.918 4.000
L_82 0.000 679.918 6.000
A_83 0.000 185.740 2.000
H_84 -1.718 -583.484 2.000
F_85 0.000 560.542 2.000
L_86 0.000 679.918 6.000
A_87 0.000 185.740 6.000
E_88 -19.866 -605.239 9.000
H_89 -10.601 -583.484 9.000
K_90 -15.425 -818.649 9.000
A_91 0.000 185.740 5.000
I_92 0.000 777.529 3.000
P_93 0.000 -195.996 4.000
F_94 0.000 560.542 7.000
Q_95 -16.691 -643.904 7.000
S_96 -13.255 -90.060 7.000
C_97 0.000 322.480 7.000
A_98 0.000 185.740 7.000
A_99 0.000 185.740 4.000
Q_100 -7.878 -643.904 4.000
L_101 0.000 679.918 4.000
F_102 0.000 560.542 7.000
F_103 0.000 560.542 3.000
S_104 -4.441 -90.060 3.000
L_105 0.000 679.918 3.000
A_106 0.000 185.740 3.000
L_107 0.000 679.918 0.000
G_108 0.000 -27.649 0.000
G_109 0.000 -27.649 4.000
I_110 0.000 777.529 4.000
E_111 -7.878 -605.239 4.000
F_112 0.000 560.542 4.000
V_113 0.000 613.196 4.000
L_114 0.000 679.918 0.000
L_115 0.000 679.918 0.000
A_116 0.000 185.740 0.000
V_117 0.000 613.196 0.000
M_118 0.000 401.769 2.000
A_119 0.000 185.740 6.000
Y_120 -11.652 -274.939 11.000
D_121 -24.169 -475.402 13.000
R_122 -29.616 -1015.709 13.000
Y_123 -11.652 -274.939 11.000
V_124 0.000 613.196 7.000
A_125 0.000 185.740 2.000
V_126 0.000 613.196 4.000
C_127 0.000 322.480 4.000
D_128 -7.878 -475.402 4.000
A_129 0.000 185.740 9.000
L_130 0.000 679.918 11.000
R_131 -25.574 -1015.709 10.000
Y_132 -11.154 -274.939 10.000
S_133 -16.309 -90.060 10.000
A_134 0.000 185.740 5.000
I_135 0.000 777.529 5.000
M_136 0.000 401.769 2.000
H_137 -1.718 -583.484 2.000
G_138 0.000 -27.649 2.000
G_139 0.000 -27.649 2.000
L_140 0.000 679.918 0.000
C_141 0.000 322.480 5.000
A_142 0.000 185.740 5.000
R_143 -11.867 -1015.709 5.000
L_144 0.000 679.918 5.000
A_145 0.000 185.740 8.000
I_146 0.000 777.529 6.000
T_147 -13.255 -90.974 7.000
S_148 -13.255 -90.060 7.000
W_149 -5.708 -203.500 10.000
V_150 0.000 613.196 7.000
S_151 -7.878 -90.060 4.000
G_152 0.000 -27.649 3.000
F_153 0.000 560.542 6.000
I_154 0.000 777.529 6.000
S_155 -11.867 -90.060 6.000
S_156 -11.867 -90.060 6.000
P_157 0.000 -195.996 10.000
V_158 0.000 613.196 10.000
Q_159 -16.691 -643.904 7.000
T_160 -13.255 -90.974 7.000
A_161 0.000 185.740 10.000
I_162 0.000 777.529 6.000
T_163 -13.255 -90.974 7.000
F_164 0.000 560.542 7.000
Q_165 -16.691 -643.904 7.000
L_166 0.000 679.918 4.000
P_167 0.000 -195.996 4.000
M_168 0.000 401.769 5.000
C_169 0.000 322.480 9.000
R_170 -28.412 -1015.709 12.000
N_171 -23.258 -507.047 12.000
K_172 -17.811 -818.649 12.000
F_173 0.000 560.542 11.000
I_174 0.000 777.529 9.000
D_175 -14.591 -475.402 6.000
H_176 -10.601 -583.484 9.000
I_177 0.000 777.529 9.000
S_178 -15.425 -90.060 9.000
C_179 0.000 322.480 7.000
E_180 -16.691 -605.239 7.000
L_181 0.000 679.918 4.000
L_182 0.000 679.918 4.000
A_183 0.000 185.740 0.000
V_184 0.000 613.196 5.000
V_185 0.000 613.196 5.000
R_186 -11.867 -1015.709 5.000
L_187 0.000 679.918 5.000
A_188 0.000 185.740 5.000
C_189 0.000 322.480 4.000
V_190 0.000 613.196 7.000
D_191 -21.132 -475.402 10.000
T_192 -18.462 -90.974 13.000
S_193 -20.609 -90.060 17.000
S_194 -20.609 -90.060 17.000
N_195 -25.003 -507.047 14.000
E_196 -25.003 -605.239 14.000
V_197 0.000 613.196 11.000
T_198 -13.255 -90.974 7.000
I_199 0.000 777.529 3.000
M_200 0.000 401.769 6.000
V_201 0.000 613.196 6.000
S_202 -11.867 -90.060 6.000
S_203 -11.867 -90.060 6.000
I_204 0.000 777.529 6.000
V_205 0.000 613.196 3.000
L_206 0.000 679.918 0.000
L_207 0.000 679.918 3.000
M_208 0.000 401.769 3.000
T_209 -4.441 -90.974 3.000
P_210 0.000 -195.996 3.000
F_211 0.000 560.542 3.000
C_212 0.000 322.480 0.000
L_213 0.000 679.918 0.000
V_214 0.000 613.196 0.000
L_215 0.000 679.918 3.000
L_216 0.000 679.918 5.000
S_217 -10.149 -90.060 5.000
Y_218 -10.601 -274.939 9.000
I_219 0.000 777.529 9.000
Q_220 -14.591 -643.904 6.000
I_221 0.000 777.529 7.000
I_222 0.000 777.529 10.000
S_223 -11.867 -90.060 6.000
T_224 -11.867 -90.974 6.000
I_225 0.000 777.529 9.000
L_226 0.000 679.918 6.000
K_227 -13.255 -818.649 7.000
I_228 0.000 777.529 10.000
Q_229 -25.772 -643.904 15.000
S_230 -20.127 -90.060 16.000
R_231 -32.645 -1015.709 16.000
E_232 -27.150 -605.239 17.000
G_233 0.000 -27.649 17.000
R_234 -31.716 -1015.709 15.000
K_235 -17.098 -818.649 11.000
K_236 -17.098 -818.649 11.000
A_237 0.000 185.740 8.000
F_238 0.000 560.542 8.000
H_239 -7.426 -583.484 5.000
T_240 -10.149 -90.974 5.000
C_241 0.000 322.480 8.000
A_242 0.000 185.740 8.000
S_243 -10.149 -90.060 5.000
H_244 -9.978 -583.484 8.000
L_245 0.000 679.918 8.000
T_246 -10.149 -90.974 5.000
V_247 0.000 613.196 3.000
V_248 0.000 613.196 3.000
A_249 0.000 185.740 0.000
L_250 0.000 679.918 2.000
C_251 0.000 322.480 2.000
Y_252 -1.718 -274.939 2.000
G_253 0.000 -27.649 2.000
V_254 0.000 613.196 2.000
A_255 0.000 185.740 0.000
I_256 0.000 777.529 3.000
F_257 0.000 560.542 5.000
T_258 -10.149 -90.974 5.000
Y_259 -10.601 -274.939 9.000
I_260 0.000 777.529 9.000
Q_261 -18.409 -643.904 8.000
P_262 0.000 -195.996 9.000
H_263 -12.104 -583.484 12.000
S_264 -14.420 -90.060 8.000
S_265 -17.098 -90.060 11.000
P_266 0.000 -195.996 9.000
S_267 -11.867 -90.060 6.000
V_268 0.000 613.196 7.000
L_269 0.000 679.918 11.000
Q_270 -22.253 -643.904 11.000
E_271 -22.253 -605.239 11.000
K_272 -17.098 -818.649 11.000
L_273 0.000 679.918 10.000
F_274 0.000 560.542 6.000
S_275 -4.441 -90.060 3.000
V_276 0.000 613.196 5.000
F_277 0.000 560.542 5.000
Y_278 -1.718 -274.939 2.000
A_279 0.000 185.740 2.000
I_280 0.000 777.529 5.000
L_281 0.000 679.918 3.000
T_282 -4.441 -90.974 3.000
P_283 0.000 -195.996 3.000
M_284 0.000 401.769 7.000
L_285 0.000 679.918 4.000
N_286 -7.878 -507.047 4.000
P_287 0.000 -195.996 4.000
M_288 0.000 401.769 6.000
I_289 0.000 777.529 5.000
Y_290 -7.426 -274.939 5.000
S_291 -16.309 -90.060 10.000
L_292 0.000 679.918 14.000
R_293 -31.716 -1015.709 15.000
N_294 -26.485 -507.047 16.000
K_295 -20.127 -818.649 16.000
E_296 -25.003 -605.239 14.000
V_297 0.000 613.196 10.000
K_298 -13.255 -818.649 7.000
G_299 0.000 -27.649 4.000
A_300 0.000 185.740 8.000
W_301 -5.155 -203.500 8.000
Q_302 -18.409 -643.904 8.000
K_303 -14.420 -818.649 8.000
L_304 0.000 679.918 8.000
L_305 0.000 679.918 7.000
W_306 -3.436 -203.500 4.000
K_307 -13.255 -818.649 7.000
F_308 0.000 560.542 7.000
S_309 -11.867 -90.060 6.000
G_310 0.000 -27.649 6.000
L_311 0.000 679.918 9.000
T_312 -15.425 -90.974 9.000
S_313 -15.425 -90.060 9.000
K_314 -15.425 -818.649 9.000
L_315 0.000 679.918 9.000
A_316 0.000 185.740 6.000
T_317 -4.441 -90.974 3.000
