M_1 0.000 401.769 6.000
S_2 -17.098 -90.060 11.000
S_3 -17.098 -90.060 11.000
R_4 -29.616 -1015.709 13.000
G_5 0.000 -27.649 13.000
H_6 -12.518 -583.484 13.000
S_7 -14.420 -90.060 8.000
T_8 -14.420 -90.974 8.000
L_9 0.000 679.918 11.000
P_10 0.000 -195.996 11.000
R_11 -21.845 -1015.709 8.000
T_12 -14.420 -90.974 8.000
L_13 0.000 679.918 8.000
M_14 0.000 401.769 3.000
A_15 0.000 185.740 5.000
P_16 0.000 -195.996 5.000
R_17 -11.867 -1015.709 5.000
M_18 0.000 401.769 8.000
I_19 0.000 777.529 12.000
S_20 -13.255 -90.060 7.000
E_21 -22.253 -605.239 11.000
G_22 0.000 -27.649 11.000
D_23 -18.409 -475.402 8.000
I_24 0.000 777.529 4.000
G_25 0.000 -27.649 4.000
G_26 0.000 -27.649 0.000
I_27 0.000 777.529 4.000
A_28 0.000 185.740 4.000
Q_29 -16.691 -643.904 7.000
I_30 0.000 777.529 10.000
T_31 -18.462 -90.974 13.000
S_32 -15.425 -90.060 9.000
S_33 -15.425 -90.060 9.000
L_34 0.000 679.918 6.000
F_35 0.000 560.542 3.000
L_36 0.000 679.918 5.000
G_37 0.000 -27.649 5.000
R_38 -21.845 -1015.709 8.000
G_39 0.000 -27.649 8.000
S_40 -14.420 -90.060 8.000
V_41 0.000 613.196 6.000
A_42 0.000 185.740 10.000
S_43 -17.811 -90.060 12.000
N_44 -25.003 -507.047 14.000
R_45 -30.711 -1015.709 14.000
H_46 -11.652 -583.484 11.000
L_47 0.000 679.918 11.000
L_48 0.000 679.918 6.000
Q_49 -19.866 -643.904 9.000
A_50 0.000 185.740 9.000
R_51 -23.856 -1015.709 9.000
G_52 0.000 -27.649 8.000
I_53 0.000 777.529 8.000
T_54 -4.441 -90.974 3.000
C_55 0.000 322.480 3.000
I_56 0.000 777.529 7.000
V_57 0.000 613.196 4.000
N_58 -16.691 -507.047 7.000
A_59 0.000 185.740 7.000
T_60 -17.098 -90.974 11.000
I_61 0.000 777.529 7.000
E_62 -16.691 -605.239 7.000
I_63 0.000 777.529 8.000
P_64 0.000 -195.996 8.000
N_65 -18.409 -507.047 8.000
F_66 0.000 560.542 9.000
N_67 -19.866 -507.047 9.000
W_68 -5.447 -203.500 9.000
P_69 0.000 -195.996 9.000
Q_70 -19.866 -643.904 9.000
F_71 0.000 560.542 10.000
E_72 -21.132 -605.239 10.000
Y_73 -10.601 -274.939 9.000
V_74 0.000 613.196 9.000
K_75 -10.149 -818.649 5.000
V_76 0.000 613.196 3.000
P_77 0.000 -195.996 3.000
L_78 0.000 679.918 4.000
A_79 0.000 185.740 4.000
D_80 -7.878 -475.402 4.000
M_81 0.000 401.769 6.000
P_82 0.000 -195.996 6.000
H_83 -1.718 -583.484 2.000
A_84 0.000 185.740 2.000
P_85 0.000 -195.996 2.000
I_86 0.000 777.529 0.000
G_87 0.000 -27.649 2.000
L_88 0.000 679.918 2.000
Y_89 -8.431 -274.939 6.000
F_90 0.000 560.542 9.000
D_91 -19.866 -475.402 9.000
T_92 -13.255 -90.974 7.000
V_93 0.000 613.196 11.000
A_94 0.000 185.740 10.000
D_95 -16.691 -475.402 7.000
K_96 -15.425 -818.649 9.000
I_97 0.000 777.529 12.000
H_98 -9.978 -583.484 8.000
S_99 -14.420 -90.060 8.000
V_100 0.000 613.196 13.000
S_101 -19.059 -90.060 14.000
R_102 -29.616 -1015.709 13.000
K_103 -18.462 -818.649 13.000
H_104 -11.154 -583.484 10.000
G_105 0.000 -27.649 8.000
A_106 0.000 185.740 5.000
T_107 -4.441 -90.974 3.000
L_108 0.000 679.918 5.000
V_109 0.000 613.196 5.000
H_110 -1.718 -583.484 2.000
C_111 0.000 322.480 2.000
A_112 0.000 185.740 2.000
A_113 0.000 185.740 0.000
G_114 0.000 -27.649 3.000
V_115 0.000 613.196 8.000
S_116 -17.098 -90.060 11.000
R_117 -27.076 -1015.709 11.000
S_118 -19.059 -90.060 14.000
A_119 0.000 185.740 11.000
T_120 -11.867 -90.974 6.000
L_121 0.000 679.918 3.000
C_122 0.000 322.480 3.000
I_123 0.000 777.529 2.000
A_124 0.000 185.740 2.000
Y_125 -1.718 -274.939 2.000
L_126 0.000 679.918 5.000
M_127 0.000 401.769 5.000
K_128 -10.149 -818.649 5.000
F_129 0.000 560.542 9.000
H_130 -10.601 -583.484 9.000
N_131 -14.591 -507.047 6.000
V_132 0.000 613.196 6.000
C_133 0.000 322.480 4.000
L_134 0.000 679.918 4.000
L_135 0.000 679.918 4.000
E_136 -14.591 -605.239 6.000
A_137 0.000 185.740 10.000
Y_138 -11.652 -274.939 11.000
N_139 -16.691 -507.047 7.000
W_140 -5.708 -203.500 10.000
V_141 0.000 613.196 8.000
K_142 -15.425 -818.649 9.000
A_143 0.000 185.740 13.000
R_144 -29.616 -1015.709 13.000
R_145 -25.574 -1015.709 10.000
P_146 0.000 -195.996 10.000
V_147 0.000 613.196 10.000
I_148 0.000 777.529 5.000
R_149 -23.856 -1015.709 9.000
P_150 0.000 -195.996 9.000
N_151 -19.866 -507.047 9.000
V_152 0.000 613.196 4.000
G_153 0.000 -27.649 5.000
F_154 0.000 560.542 6.000
W_155 -5.708 -203.500 10.000
R_156 -25.574 -1015.709 10.000
Q_157 -21.132 -643.904 10.000
L_158 0.000 679.918 13.000
I_159 0.000 777.529 10.000
D_160 -21.132 -475.402 10.000
Y_161 -13.255 -274.939 15.000
E_162 -28.359 -605.239 19.000
R_163 -31.716 -1015.709 15.000
Q_164 -24.169 -643.904 13.000
L_165 0.000 679.918 9.000
F_166 0.000 560.542 7.000
G_167 0.000 -27.649 6.000
K_168 -15.425 -818.649 9.000
S_169 -15.425 -90.060 9.000
T_170 -17.811 -90.974 12.000
V_171 0.000 613.196 9.000
K_172 -11.867 -818.649 6.000
M_173 0.000 401.769 7.000
V_174 0.000 613.196 10.000
Q_175 -16.691 -643.904 7.000
T_176 -15.425 -90.974 9.000
P_177 0.000 -195.996 9.000
Y_178 -7.426 -274.939 5.000
G_179 0.000 -27.649 2.000
I_180 0.000 777.529 2.000
V_181 0.000 613.196 4.000
P_182 0.000 -195.996 4.000
D_183 -14.591 -475.402 6.000
V_184 0.000 613.196 10.000
Y_185 -12.518 -274.939 13.000
E_186 -24.169 -605.239 13.000
K_187 -20.127 -818.649 16.000
E_188 -28.359 -605.239 19.000
S_189 -20.609 -90.060 17.000
R_190 -30.711 -1015.709 14.000
H_191 -11.154 -583.484 10.000
L_192 0.000 679.918 7.000
M_193 0.000 401.769 4.000
P_194 0.000 -195.996 3.000
Y_195 -4.441 -274.939 3.000
W_196 -2.723 -203.500 3.000
G_197 0.000 -27.649 3.000
I_198 0.000 777.529 1.000
