M_1 0.000 401.769 4.000
E_2 -14.591 -605.239 6.000
P_3 0.000 -195.996 6.000
H_4 -8.431 -583.484 6.000
V_5 0.000 613.196 2.000
L_6 0.000 679.918 2.000
G_7 0.000 -27.649 0.000
A_8 0.000 185.740 0.000
V_9 0.000 613.196 2.000
L_10 0.000 679.918 3.000
Y_11 -4.441 -274.939 3.000
W_12 -2.723 -203.500 3.000
L_13 0.000 679.918 3.000
L_14 0.000 679.918 1.000
L_15 0.000 679.918 0.000
P_16 0.000 -195.996 0.000
C_17 0.000 322.480 0.000
A_18 0.000 185.740 0.000
L_19 0.000 679.918 0.000
L_20 0.000 679.918 0.000
A_21 0.000 185.740 0.000
A_22 0.000 185.740 0.000
C_23 0.000 322.480 0.000
L_24 0.000 679.918 5.000
L_25 0.000 679.918 5.000
R_26 -21.845 -1015.709 8.000
F_27 0.000 560.542 8.000
S_28 -14.420 -90.060 8.000
G_29 0.000 -27.649 6.000
L_30 0.000 679.918 6.000
S_31 -4.441 -90.060 3.000
L_32 0.000 679.918 5.000
V_33 0.000 613.196 5.000
Y_34 -1.718 -274.939 2.000
L_35 0.000 679.918 2.000
L_36 0.000 679.918 2.000
F_37 0.000 560.542 0.000
L_38 0.000 679.918 0.000
L_39 0.000 679.918 0.000
L_40 0.000 679.918 0.000
L_41 0.000 679.918 1.000
P_42 0.000 -195.996 1.000
W_43 -0.000 -203.500 1.000
F_44 0.000 560.542 1.000
P_45 0.000 -195.996 1.000
G_46 0.000 -27.649 3.000
P_47 0.000 -195.996 8.000
T_48 -14.420 -90.974 8.000
R_49 -21.845 -1015.709 8.000
C_50 0.000 322.480 8.000
G_51 0.000 -27.649 9.000
L_52 0.000 679.918 4.000
Q_53 -14.591 -643.904 6.000
G_54 0.000 -27.649 9.000
H_55 -10.601 -583.484 9.000
T_56 -16.309 -90.974 10.000
G_57 0.000 -27.649 10.000
R_58 -21.845 -1015.709 8.000
L_59 0.000 679.918 10.000
L_60 0.000 679.918 10.000
R_61 -11.867 -1015.709 5.000
A_62 0.000 185.740 5.000
L_63 0.000 679.918 5.000
L_64 0.000 679.918 0.000
G_65 0.000 -27.649 3.000
L_66 0.000 679.918 3.000
S_67 -4.441 -90.060 3.000
L_68 0.000 679.918 3.000
L_69 0.000 679.918 3.000
F_70 0.000 560.542 0.000
L_71 0.000 679.918 0.000
V_72 0.000 613.196 2.000
A_73 0.000 185.740 2.000
H_74 -1.718 -583.484 2.000
L_75 0.000 679.918 2.000
A_76 0.000 185.740 6.000
L_77 0.000 679.918 4.000
Q_78 -7.878 -643.904 4.000
I_79 0.000 777.529 4.000
C_80 0.000 322.480 6.000
L_81 0.000 679.918 2.000
H_82 -1.718 -583.484 2.000
I_83 0.000 777.529 2.000
V_84 0.000 613.196 7.000
P_85 0.000 -195.996 5.000
R_86 -23.856 -1015.709 9.000
L_87 0.000 679.918 13.000
D_88 -24.169 -475.402 13.000
Q_89 -18.409 -643.904 8.000
L_90 0.000 679.918 8.000
L_91 0.000 679.918 4.000
G_92 0.000 -27.649 3.000
P_93 0.000 -195.996 3.000
S_94 -11.867 -90.060 6.000
C_95 0.000 322.480 11.000
S_96 -17.811 -90.060 12.000
R_97 -29.616 -1015.709 13.000
W_98 -6.873 -203.500 16.000
E_99 -24.169 -605.239 13.000
T_100 -17.098 -90.974 11.000
L_101 0.000 679.918 15.000
S_102 -18.462 -90.060 13.000
R_103 -25.574 -1015.709 10.000
H_104 -11.154 -583.484 10.000
I_105 0.000 777.529 7.000
G_106 0.000 -27.649 5.000
V_107 0.000 613.196 8.000
T_108 -14.420 -90.974 8.000
R_109 -28.412 -1015.709 12.000
L_110 0.000 679.918 12.000
D_111 -23.258 -475.402 12.000
L_112 0.000 679.918 11.000
K_113 -17.098 -818.649 11.000
D_114 -16.691 -475.402 7.000
I_115 0.000 777.529 11.000
P_116 0.000 -195.996 8.000
N_117 -7.878 -507.047 4.000
A_118 0.000 185.740 9.000
I_119 0.000 777.529 9.000
R_120 -11.867 -1015.709 5.000
L_121 0.000 679.918 5.000
V_122 0.000 613.196 5.000
A_123 0.000 185.740 4.000
P_124 0.000 -195.996 4.000
D_125 -7.878 -475.402 4.000
L_126 0.000 679.918 4.000
G_127 0.000 -27.649 4.000
I_128 0.000 777.529 0.000
L_129 0.000 679.918 0.000
V_130 0.000 613.196 3.000
V_131 0.000 613.196 6.000
S_132 -11.867 -90.060 6.000
S_133 -11.867 -90.060 6.000
V_134 0.000 613.196 6.000
C_135 0.000 322.480 3.000
L_136 0.000 679.918 0.000
G_137 0.000 -27.649 0.000
I_138 0.000 777.529 0.000
C_139 0.000 322.480 5.000
G_140 0.000 -27.649 5.000
R_141 -11.867 -1015.709 5.000
L_142 0.000 679.918 10.000
A_143 0.000 185.740 14.000
R_144 -28.412 -1015.709 12.000
N_145 -27.150 -507.047 17.000
T_146 -22.271 -90.974 21.000
R_147 -35.072 -1015.709 19.000
Q_148 -25.772 -643.904 15.000
S_149 -19.059 -90.060 14.000
P_150 0.000 -195.996 9.000
H_151 -11.154 -583.484 10.000
P_152 0.000 -195.996 11.000
R_153 -27.076 -1015.709 11.000
E_154 -24.169 -605.239 13.000
L_155 0.000 679.918 17.000
D_156 -26.485 -475.402 16.000
D_157 -26.485 -475.402 16.000
D_158 -29.436 -475.402 21.000
E_159 -29.436 -605.239 21.000
R_160 -33.508 -1015.709 17.000
D_161 -27.150 -475.402 17.000
V_162 0.000 613.196 13.000
D_163 -22.253 -475.402 11.000
A_164 0.000 185.740 7.000
S_165 -16.309 -90.060 10.000
P_166 0.000 -195.996 6.000
T_167 -11.867 -90.974 6.000
A_168 0.000 185.740 3.000
G_169 0.000 -27.649 7.000
L_170 0.000 679.918 8.000
Q_171 -18.409 -643.904 8.000
E_172 -18.409 -605.239 8.000
A_173 0.000 185.740 11.000
A_174 0.000 185.740 7.000
T_175 -4.441 -90.974 3.000
L_176 0.000 679.918 3.000
A_177 0.000 185.740 6.000
P_178 0.000 -195.996 8.000
T_179 -18.462 -90.974 13.000
R_180 -32.645 -1015.709 16.000
R_181 -36.459 -1015.709 21.000
S_182 -21.060 -90.060 18.000
R_183 -29.616 -1015.709 13.000
L_184 0.000 679.918 8.000
A_185 0.000 185.740 10.000
A_186 0.000 185.740 5.000
R_187 -25.574 -1015.709 10.000
F_188 0.000 560.542 10.000
R_189 -29.616 -1015.709 13.000
V_190 0.000 613.196 8.000
T_191 -16.309 -90.974 10.000
A_192 0.000 185.740 6.000
H_193 -8.431 -583.484 6.000
W_194 -2.723 -203.500 3.000
L_195 0.000 679.918 3.000
L_196 0.000 679.918 1.000
V_197 0.000 613.196 0.000
A_198 0.000 185.740 0.000
A_199 0.000 185.740 5.000
G_200 0.000 -27.649 5.000
R_201 -11.867 -1015.709 5.000
V_202 0.000 613.196 5.000
L_203 0.000 679.918 5.000
A_204 0.000 185.740 3.000
V_205 0.000 613.196 3.000
T_206 -4.441 -90.974 3.000
L_207 0.000 679.918 3.000
L_208 0.000 679.918 3.000
A_209 0.000 185.740 0.000
L_210 0.000 679.918 0.000
A_211 0.000 185.740 0.000
G_212 0.000 -27.649 0.000
I_213 0.000 777.529 2.000
A_214 0.000 185.740 2.000
H_215 -7.426 -583.484 5.000
P_216 0.000 -195.996 5.000
S_217 -10.149 -90.060 5.000
A_218 0.000 185.740 6.000
L_219 0.000 679.918 9.000
S_220 -11.867 -90.060 6.000
S_221 -14.420 -90.060 8.000
V_222 0.000 613.196 8.000
Y_223 -7.426 -274.939 5.000
L_224 0.000 679.918 2.000
L_225 0.000 679.918 2.000
L_226 0.000 679.918 0.000
F_227 0.000 560.542 0.000
L_228 0.000 679.918 0.000
A_229 0.000 185.740 0.000
L_230 0.000 679.918 3.000
C_231 0.000 322.480 4.000
T_232 -10.149 -90.974 5.000
W_233 -3.990 -203.500 5.000
W_234 -3.990 -203.500 5.000
A_235 0.000 185.740 4.000
C_236 0.000 322.480 3.000
H_237 -1.718 -583.484 2.000
F_238 0.000 560.542 2.000
P_239 0.000 -195.996 5.000
I_240 0.000 777.529 6.000
S_241 -17.098 -90.060 11.000
T_242 -17.098 -90.974 11.000
R_243 -27.076 -1015.709 11.000
G_244 0.000 -27.649 11.000
F_245 0.000 560.542 13.000
S_246 -14.420 -90.060 8.000
R_247 -21.845 -1015.709 8.000
L_248 0.000 679.918 8.000
C_249 0.000 322.480 5.000
V_250 0.000 613.196 0.000
A_251 0.000 185.740 0.000
V_252 0.000 613.196 0.000
G_253 0.000 -27.649 0.000
C_254 0.000 322.480 0.000
F_255 0.000 560.542 0.000
G_256 0.000 -27.649 0.000
A_257 0.000 185.740 2.000
G_258 0.000 -27.649 2.000
H_259 -1.718 -583.484 2.000
L_260 0.000 679.918 2.000
I_261 0.000 777.529 2.000
C_262 0.000 322.480 2.000
L_263 0.000 679.918 2.000
Y_264 -6.160 -274.939 4.000
C_265 0.000 322.480 8.000
Y_266 -9.978 -274.939 8.000
Q_267 -14.591 -643.904 6.000
M_268 0.000 401.769 6.000
P_269 0.000 -195.996 4.000
L_270 0.000 679.918 4.000
A_271 0.000 185.740 4.000
Q_272 -7.878 -643.904 4.000
A_273 0.000 185.740 4.000
L_274 0.000 679.918 4.000
L_275 0.000 679.918 0.000
P_276 0.000 -195.996 0.000
P_277 0.000 -195.996 0.000
A_278 0.000 185.740 0.000
G_279 0.000 -27.649 1.000
I_280 0.000 777.529 1.000
W_281 -4.441 -203.500 6.000
A_282 0.000 185.740 6.000
R_283 -16.309 -1015.709 6.000
V_284 0.000 613.196 5.000
L_285 0.000 679.918 5.000
G_286 0.000 -27.649 3.000
L_287 0.000 679.918 7.000
K_288 -13.255 -818.649 7.000
D_289 -16.691 -475.402 7.000
F_290 0.000 560.542 7.000
V_291 0.000 613.196 4.000
G_292 0.000 -27.649 3.000
P_293 0.000 -195.996 7.000
T_294 -13.255 -90.974 7.000
N_295 -21.132 -507.047 10.000
C_296 0.000 322.480 13.000
S_297 -16.309 -90.060 10.000
S_298 -14.420 -90.060 8.000
P_299 0.000 -195.996 8.000
H_300 -7.426 -583.484 5.000
A_301 0.000 185.740 2.000
L_302 0.000 679.918 2.000
V_303 0.000 613.196 4.000
L_304 0.000 679.918 7.000
N_305 -16.691 -507.047 7.000
T_306 -13.255 -90.974 7.000
G_307 0.000 -27.649 11.000
L_308 0.000 679.918 8.000
D_309 -11.867 -475.402 5.000
W_310 -3.990 -203.500 5.000
P_311 0.000 -195.996 7.000
V_312 0.000 613.196 3.000
Y_313 -7.426 -274.939 5.000
A_314 0.000 185.740 5.000
S_315 -10.149 -90.060 5.000
P_316 0.000 -195.996 3.000
G_317 0.000 -27.649 3.000
V_318 0.000 613.196 0.000
L_319 0.000 679.918 0.000
L_320 0.000 679.918 0.000
L_321 0.000 679.918 0.000
L_322 0.000 679.918 2.000
C_323 0.000 322.480 2.000
Y_324 -7.426 -274.939 5.000
A_325 0.000 185.740 5.000
T_326 -14.420 -90.974 8.000
A_327 0.000 185.740 6.000
S_328 -17.098 -90.060 11.000
L_329 0.000 679.918 11.000
R_330 -27.076 -1015.709 11.000
K_331 -18.462 -818.649 13.000
L_332 0.000 679.918 13.000
R_333 -25.574 -1015.709 10.000
A_334 0.000 185.740 12.000
Y_335 -12.104 -274.939 12.000
R_336 -25.574 -1015.709 10.000
P_337 0.000 -195.996 10.000
S_338 -17.811 -90.060 12.000
G_339 0.000 -27.649 12.000
Q_340 -25.772 -643.904 15.000
R_341 -32.645 -1015.709 16.000
K_342 -20.127 -818.649 16.000
E_343 -23.258 -605.239 12.000
A_344 0.000 185.740 10.000
A_345 0.000 185.740 7.000
K_346 -10.149 -818.649 5.000
G_347 0.000 -27.649 9.000
Y_348 -10.601 -274.939 9.000
E_349 -22.253 -605.239 11.000
A_350 0.000 185.740 15.000
R_351 -29.616 -1015.709 13.000
E_352 -24.169 -605.239 13.000
L_353 0.000 679.918 13.000
E_354 -18.409 -605.239 8.000
L_355 0.000 679.918 8.000
A_356 0.000 185.740 8.000
E_357 -18.409 -605.239 8.000
L_358 0.000 679.918 12.000
D_359 -24.169 -475.402 13.000
Q_360 -19.866 -643.904 9.000
W_361 -6.358 -203.500 13.000
P_362 0.000 -195.996 13.000
Q_363 -25.003 -643.904 14.000
E_364 -27.150 -605.239 17.000
R_365 -35.785 -1015.709 20.000
E_366 -28.912 -605.239 20.000
S_367 -21.889 -90.060 20.000
D_368 -27.150 -475.402 17.000
Q_369 -24.169 -643.904 13.000
H_370 -11.154 -583.484 10.000
V_371 0.000 613.196 6.000
V_372 0.000 613.196 5.000
P_373 0.000 -195.996 3.000
T_374 -4.441 -90.974 3.000
A_375 0.000 185.740 7.000
P_376 0.000 -195.996 10.000
D_377 -22.253 -475.402 11.000
T_378 -17.098 -90.974 11.000
E_379 -25.772 -605.239 15.000
A_380 0.000 185.740 15.000
D_381 -23.258 -475.402 12.000
N_382 -18.409 -507.047 8.000
C_383 0.000 322.480 8.000
I_384 0.000 777.529 6.000
V_385 0.000 613.196 6.000
H_386 -8.431 -583.484 6.000
E_387 -19.866 -605.239 9.000
L_388 0.000 679.918 9.000
T_389 -17.098 -90.974 11.000
G_390 0.000 -27.649 10.000
Q_391 -24.169 -643.904 13.000
S_392 -16.309 -90.060 10.000
S_393 -16.309 -90.060 10.000
V_394 0.000 613.196 11.000
L_395 0.000 679.918 13.000
R_396 -25.574 -1015.709 10.000
R_397 -25.574 -1015.709 10.000
P_398 0.000 -195.996 15.000
V_399 0.000 613.196 10.000
R_400 -21.845 -1015.709 8.000
P_401 0.000 -195.996 13.000
K_402 -18.462 -818.649 13.000
R_403 -28.412 -1015.709 12.000
A_404 0.000 185.740 12.000
E_405 -25.003 -605.239 14.000
P_406 0.000 -195.996 13.000
R_407 -29.616 -1015.709 13.000
E_408 -23.258 -605.239 12.000
A_409 0.000 185.740 12.000
S_410 -13.255 -90.060 7.000
P_411 0.000 -195.996 5.000
L_412 0.000 679.918 8.000
H_413 -7.426 -583.484 5.000
S_414 -10.149 -90.060 5.000
L_415 0.000 679.918 7.000
G_416 0.000 -27.649 5.000
H_417 -1.718 -583.484 2.000
L_418 0.000 679.918 2.000
I_419 0.000 777.529 6.000
M_420 0.000 401.769 8.000
D_421 -22.253 -475.402 11.000
Q_422 -24.169 -643.904 13.000
S_423 -18.462 -90.060 13.000
Y_424 -10.601 -274.939 9.000
V_425 0.000 613.196 5.000
C_426 0.000 322.480 2.000
A_427 0.000 185.740 0.000
L_428 0.000 679.918 0.000
I_429 0.000 777.529 0.000
A_430 0.000 185.740 0.000
M_431 0.000 401.769 0.000
M_432 0.000 401.769 1.000
V_433 0.000 613.196 4.000
W_434 -3.436 -203.500 4.000
S_435 -13.255 -90.060 7.000
I_436 0.000 777.529 9.000
T_437 -16.309 -90.974 10.000
Y_438 -11.154 -274.939 10.000
H_439 -11.652 -583.484 11.000
S_440 -14.420 -90.060 8.000
W_441 -5.447 -203.500 9.000
L_442 0.000 679.918 7.000
T_443 -7.878 -90.974 4.000
F_444 0.000 560.542 3.000
V_445 0.000 613.196 3.000
L_446 0.000 679.918 0.000
L_447 0.000 679.918 1.000
L_448 0.000 679.918 1.000
W_449 -0.000 -203.500 1.000
A_450 0.000 185.740 1.000
C_451 0.000 322.480 1.000
L_452 0.000 679.918 1.000
I_453 0.000 777.529 4.000
W_454 -3.436 -203.500 4.000
T_455 -15.425 -90.974 9.000
V_456 0.000 613.196 12.000
R_457 -32.645 -1015.709 16.000
S_458 -19.613 -90.060 15.000
R_459 -35.072 -1015.709 19.000
H_460 -12.900 -583.484 14.000
Q_461 -22.253 -643.904 11.000
L_462 0.000 679.918 6.000
A_463 0.000 185.740 4.000
M_464 0.000 401.769 0.000
L_465 0.000 679.918 3.000
C_466 0.000 322.480 3.000
S_467 -4.441 -90.060 3.000
P_468 0.000 -195.996 3.000
C_469 0.000 322.480 3.000
I_470 0.000 777.529 0.000
L_471 0.000 679.918 2.000
L_472 0.000 679.918 2.000
Y_473 -1.718 -274.939 2.000
G_474 0.000 -27.649 5.000
M_475 0.000 401.769 5.000
T_476 -4.441 -90.974 3.000
L_477 0.000 679.918 3.000
C_478 0.000 322.480 3.000
C_479 0.000 322.480 5.000
L_480 0.000 679.918 7.000
R_481 -19.414 -1015.709 7.000
Y_482 -9.978 -274.939 8.000
V_483 0.000 613.196 8.000
W_484 -2.723 -203.500 3.000
A_485 0.000 185.740 5.000
M_486 0.000 401.769 5.000
D_487 -19.866 -475.402 9.000
L_488 0.000 679.918 9.000
R_489 -29.616 -1015.709 13.000
P_490 0.000 -195.996 9.000
E_491 -19.866 -605.239 9.000
L_492 0.000 679.918 7.000
P_493 0.000 -195.996 10.000
T_494 -11.867 -90.974 6.000
T_495 -11.867 -90.974 6.000
L_496 0.000 679.918 6.000
G_497 0.000 -27.649 3.000
P_498 0.000 -195.996 3.000
V_499 0.000 613.196 3.000
S_500 -14.420 -90.060 8.000
L_501 0.000 679.918 12.000
R_502 -28.412 -1015.709 12.000
Q_503 -19.866 -643.904 9.000
L_504 0.000 679.918 9.000
G_505 0.000 -27.649 8.000
L_506 0.000 679.918 6.000
E_507 -19.866 -605.239 9.000
H_508 -12.900 -583.484 14.000
T_509 -20.127 -90.974 16.000
R_510 -28.412 -1015.709 12.000
Y_511 -11.154 -274.939 10.000
P_512 0.000 -195.996 7.000
C_513 0.000 322.480 6.000
L_514 0.000 679.918 4.000
D_515 -7.878 -475.402 4.000
L_516 0.000 679.918 4.000
G_517 0.000 -27.649 4.000
A_518 0.000 185.740 0.000
M_519 0.000 401.769 0.000
L_520 0.000 679.918 2.000
L_521 0.000 679.918 5.000
Y_522 -7.426 -274.939 5.000
T_523 -14.420 -90.974 8.000
L_524 0.000 679.918 8.000
T_525 -13.255 -90.974 7.000
F_526 0.000 560.542 4.000
W_527 -3.436 -203.500 4.000
L_528 0.000 679.918 1.000
L_529 0.000 679.918 6.000
L_530 0.000 679.918 9.000
R_531 -23.856 -1015.709 9.000
Q_532 -19.866 -643.904 9.000
F_533 0.000 560.542 12.000
V_534 0.000 613.196 11.000
K_535 -16.309 -818.649 10.000
E_536 -21.132 -605.239 10.000
K_537 -16.309 -818.649 10.000
L_538 0.000 679.918 10.000
L_539 0.000 679.918 7.000
K_540 -7.878 -818.649 4.000
W_541 -5.155 -203.500 8.000
A_542 0.000 185.740 11.000
E_543 -18.409 -605.239 8.000
S_544 -13.255 -90.060 7.000
P_545 0.000 -195.996 7.000
A_546 0.000 185.740 3.000
A_547 0.000 185.740 3.000
L_548 0.000 679.918 7.000
T_549 -13.255 -90.974 7.000
E_550 -21.132 -605.239 10.000
V_551 0.000 613.196 10.000
T_552 -13.255 -90.974 7.000
V_553 0.000 613.196 7.000
A_554 0.000 185.740 10.000
D_555 -22.253 -475.402 11.000
T_556 -17.098 -90.974 11.000
E_557 -25.003 -605.239 14.000
P_558 0.000 -195.996 15.000
T_559 -19.613 -90.974 15.000
R_560 -31.716 -1015.709 15.000
T_561 -21.060 -90.974 18.000
Q_562 -25.772 -643.904 15.000
T_563 -16.309 -90.974 10.000
L_564 0.000 679.918 11.000
L_565 0.000 679.918 10.000
Q_566 -16.691 -643.904 7.000
S_567 -13.255 -90.060 7.000
L_568 0.000 679.918 11.000
G_569 0.000 -27.649 7.000
E_570 -7.878 -605.239 4.000
L_571 0.000 679.918 7.000
V_572 0.000 613.196 7.000
K_573 -4.441 -818.649 3.000
G_574 0.000 -27.649 5.000
V_575 0.000 613.196 5.000
Y_576 -7.426 -274.939 5.000
A_577 0.000 185.740 7.000
K_578 -14.420 -818.649 8.000
Y_579 -8.431 -274.939 6.000
W_580 -5.155 -203.500 8.000
I_581 0.000 777.529 5.000
Y_582 -4.441 -274.939 3.000
V_583 0.000 613.196 2.000
C_584 0.000 322.480 2.000
A_585 0.000 185.740 0.000
G_586 0.000 -27.649 0.000
M_587 0.000 401.769 0.000
F_588 0.000 560.542 0.000
I_589 0.000 777.529 0.000
V_590 0.000 613.196 3.000
V_591 0.000 613.196 3.000
S_592 -4.441 -90.060 3.000
F_593 0.000 560.542 3.000
A_594 0.000 185.740 8.000
G_595 0.000 -27.649 5.000
R_596 -11.867 -1015.709 5.000
L_597 0.000 679.918 5.000
V_598 0.000 613.196 7.000
V_599 0.000 613.196 5.000
Y_600 -7.426 -274.939 5.000
K_601 -10.149 -818.649 5.000
I_602 0.000 777.529 7.000
V_603 0.000 613.196 5.000
Y_604 -1.718 -274.939 2.000
M_605 0.000 401.769 2.000
F_606 0.000 560.542 2.000
L_607 0.000 679.918 0.000
F_608 0.000 560.542 0.000
L_609 0.000 679.918 0.000
L_610 0.000 679.918 0.000
C_611 0.000 322.480 3.000
L_612 0.000 679.918 3.000
T_613 -4.441 -90.974 3.000
L_614 0.000 679.918 7.000
F_615 0.000 560.542 7.000
Q_616 -14.591 -643.904 6.000
V_617 0.000 613.196 8.000
Y_618 -11.652 -274.939 11.000
Y_619 -9.265 -274.939 7.000
S_620 -14.420 -90.060 8.000
L_621 0.000 679.918 11.000
W_622 -6.160 -203.500 12.000
R_623 -23.856 -1015.709 9.000
K_624 -15.425 -818.649 9.000
L_625 0.000 679.918 11.000
L_626 0.000 679.918 6.000
K_627 -4.441 -818.649 3.000
A_628 0.000 185.740 4.000
F_629 0.000 560.542 5.000
W_630 -1.718 -203.500 2.000
W_631 -1.718 -203.500 2.000
L_632 0.000 679.918 2.000
V_633 0.000 613.196 1.000
V_634 0.000 613.196 2.000
A_635 0.000 185.740 5.000
Y_636 -7.426 -274.939 5.000
T_637 -10.149 -90.974 5.000
M_638 0.000 401.769 5.000
L_639 0.000 679.918 3.000
V_640 0.000 613.196 0.000
L_641 0.000 679.918 0.000
I_642 0.000 777.529 0.000
A_643 0.000 185.740 2.000
V_644 0.000 613.196 5.000
Y_645 -7.426 -274.939 5.000
T_646 -15.425 -90.974 9.000
F_647 0.000 560.542 9.000
Q_648 -22.253 -643.904 11.000
F_649 0.000 560.542 12.000
Q_650 -23.258 -643.904 12.000
D_651 -18.409 -475.402 8.000
F_652 0.000 560.542 8.000
P_653 0.000 -195.996 6.000
A_654 0.000 185.740 3.000
Y_655 -9.978 -274.939 8.000
W_656 -6.160 -203.500 12.000
R_657 -28.412 -1015.709 12.000
N_658 -24.169 -507.047 13.000
L_659 0.000 679.918 12.000
T_660 -13.255 -90.974 7.000
G_661 0.000 -27.649 6.000
F_662 0.000 560.542 10.000
T_663 -17.098 -90.974 11.000
D_664 -25.772 -475.402 15.000
E_665 -25.772 -605.239 15.000
Q_666 -23.258 -643.904 12.000
L_667 0.000 679.918 12.000
G_668 0.000 -27.649 8.000
D_669 -7.878 -475.402 4.000
L_670 0.000 679.918 4.000
G_671 0.000 -27.649 8.000
L_672 0.000 679.918 8.000
E_673 -18.409 -605.239 8.000
Q_674 -22.253 -643.904 11.000
F_675 0.000 560.542 11.000
S_676 -16.309 -90.060 10.000
V_677 0.000 613.196 10.000
S_678 -16.309 -90.060 10.000
E_679 -16.691 -605.239 7.000
L_680 0.000 679.918 10.000
F_681 0.000 560.542 10.000
S_682 -11.867 -90.060 6.000
S_683 -11.867 -90.060 6.000
I_684 0.000 777.529 6.000
L_685 0.000 679.918 3.000
V_686 0.000 613.196 0.000
P_687 0.000 -195.996 0.000
G_688 0.000 -27.649 0.000
F_689 0.000 560.542 0.000
F_690 0.000 560.542 0.000
L_691 0.000 679.918 0.000
L_692 0.000 679.918 0.000
A_693 0.000 185.740 0.000
C_694 0.000 322.480 0.000
I_695 0.000 777.529 4.000
L_696 0.000 679.918 4.000
Q_697 -14.591 -643.904 6.000
L_698 0.000 679.918 8.000
H_699 -9.978 -583.484 8.000
Y_700 -8.431 -274.939 6.000
F_701 0.000 560.542 11.000
H_702 -10.601 -583.484 9.000
R_703 -19.414 -1015.709 7.000
P_704 0.000 -195.996 7.000
F_705 0.000 560.542 9.000
M_706 0.000 401.769 4.000
Q_707 -16.691 -643.904 7.000
L_708 0.000 679.918 11.000
T_709 -17.098 -90.974 11.000
D_710 -22.253 -475.402 11.000
M_711 0.000 401.769 13.000
E_712 -21.132 -605.239 10.000
H_713 -10.601 -583.484 9.000
V_714 0.000 613.196 9.000
S_715 -10.149 -90.060 5.000
L_716 0.000 679.918 3.000
P_717 0.000 -195.996 6.000
G_718 0.000 -27.649 8.000
T_719 -14.420 -90.974 8.000
R_720 -21.845 -1015.709 8.000
L_721 0.000 679.918 13.000
P_722 0.000 -195.996 11.000
R_723 -16.309 -1015.709 6.000
W_724 -5.155 -203.500 8.000
A_725 0.000 185.740 13.000
H_726 -12.104 -583.484 12.000
R_727 -31.716 -1015.709 15.000
Q_728 -25.772 -643.904 15.000
D_729 -24.169 -475.402 13.000
A_730 0.000 185.740 11.000
V_731 0.000 613.196 7.000
S_732 -11.867 -90.060 6.000
G_733 0.000 -27.649 6.000
T_734 -11.867 -90.974 6.000
P_735 0.000 -195.996 3.000
L_736 0.000 679.918 8.000
L_737 0.000 679.918 9.000
R_738 -29.616 -1015.709 13.000
E_739 -27.150 -605.239 17.000
E_740 -29.436 -605.239 21.000
Q_741 -28.912 -643.904 20.000
Q_742 -27.773 -643.904 18.000
E_743 -27.773 -605.239 18.000
H_744 -14.188 -583.484 18.000
Q_745 -27.773 -643.904 18.000
Q_746 -27.773 -643.904 18.000
Q_747 -28.912 -643.904 20.000
Q_748 -28.912 -643.904 20.000
Q_749 -28.912 -643.904 20.000
E_750 -28.912 -605.239 20.000
E_751 -28.912 -605.239 20.000
E_752 -28.912 -605.239 20.000
E_753 -28.912 -605.239 20.000
E_754 -28.912 -605.239 20.000
E_755 -28.912 -605.239 20.000
E_756 -28.359 -605.239 19.000
D_757 -28.912 -475.402 20.000
S_758 -21.889 -90.060 20.000
R_759 -35.785 -1015.709 20.000
D_760 -26.485 -475.402 16.000
E_761 -24.169 -605.239 13.000
G_762 0.000 -27.649 8.000
L_763 0.000 679.918 4.000
G_764 0.000 -27.649 0.000
V_765 0.000 613.196 3.000
A_766 0.000 185.740 3.000
T_767 -10.149 -90.974 5.000
P_768 0.000 -195.996 9.000
H_769 -10.601 -583.484 9.000
Q_770 -19.866 -643.904 9.000
A_771 0.000 185.740 13.000
T_772 -17.098 -90.974 11.000
Q_773 -16.691 -643.904 7.000
V_774 0.000 613.196 11.000
P_775 0.000 -195.996 8.000
E_776 -7.878 -605.239 4.000
G_777 0.000 -27.649 4.000
A_778 0.000 185.740 7.000
A_779 0.000 185.740 4.000
K_780 -7.878 -818.649 4.000
W_781 -3.436 -203.500 4.000
G_782 0.000 -27.649 4.000
L_783 0.000 679.918 1.000
V_784 0.000 613.196 4.000
A_785 0.000 185.740 9.000
E_786 -19.866 -605.239 9.000
R_787 -23.856 -1015.709 9.000
L_788 0.000 679.918 13.000
L_789 0.000 679.918 9.000
E_790 -7.878 -605.239 4.000
L_791 0.000 679.918 4.000
A_792 0.000 185.740 4.000
A_793 0.000 185.740 0.000
G_794 0.000 -27.649 3.000
F_795 0.000 560.542 7.000
S_796 -13.255 -90.060 7.000
D_797 -16.691 -475.402 7.000
V_798 0.000 613.196 10.000
L_799 0.000 679.918 12.000
S_800 -14.420 -90.060 8.000
R_801 -28.412 -1015.709 12.000
V_802 0.000 613.196 12.000
Q_803 -19.866 -643.904 9.000
V_804 0.000 613.196 4.000
F_805 0.000 560.542 9.000
L_806 0.000 679.918 10.000
R_807 -25.574 -1015.709 10.000
R_808 -25.574 -1015.709 10.000
L_809 0.000 679.918 14.000
L_810 0.000 679.918 9.000
E_811 -14.591 -605.239 6.000
L_812 0.000 679.918 6.000
H_813 -8.431 -583.484 6.000
V_814 0.000 613.196 5.000
F_815 0.000 560.542 5.000
K_816 -4.441 -818.649 3.000
L_817 0.000 679.918 3.000
V_818 0.000 613.196 3.000
A_819 0.000 185.740 2.000
L_820 0.000 679.918 5.000
Y_821 -7.426 -274.939 5.000
T_822 -11.867 -90.974 6.000
V_823 0.000 613.196 6.000
W_824 -3.436 -203.500 4.000
V_825 0.000 613.196 1.000
A_826 0.000 185.740 4.000
L_827 0.000 679.918 7.000
K_828 -13.255 -818.649 7.000
E_829 -21.132 -605.239 10.000
V_830 0.000 613.196 10.000
S_831 -13.255 -90.060 7.000
V_832 0.000 613.196 7.000
M_833 0.000 401.769 7.000
N_834 -7.878 -507.047 4.000
L_835 0.000 679.918 4.000
L_836 0.000 679.918 4.000
L_837 0.000 679.918 0.000
V_838 0.000 613.196 0.000
V_839 0.000 613.196 1.000
L_840 0.000 679.918 1.000
W_841 -0.000 -203.500 1.000
A_842 0.000 185.740 1.000
F_843 0.000 560.542 1.000
A_844 0.000 185.740 0.000
L_845 0.000 679.918 2.000
P_846 0.000 -195.996 2.000
Y_847 -9.265 -274.939 7.000
P_848 0.000 -195.996 7.000
R_849 -28.412 -1015.709 12.000
F_850 0.000 560.542 10.000
R_851 -25.574 -1015.709 10.000
P_852 0.000 -195.996 5.000
M_853 0.000 401.769 8.000
A_854 0.000 185.740 3.000
S_855 -4.441 -90.060 3.000
C_856 0.000 322.480 6.000
L_857 0.000 679.918 9.000
S_858 -11.867 -90.060 6.000
T_859 -13.255 -90.974 7.000
V_860 0.000 613.196 10.000
W_861 -4.824 -203.500 7.000
T_862 -7.878 -90.974 4.000
C_863 0.000 322.480 4.000
V_864 0.000 613.196 3.000
I_865 0.000 777.529 0.000
I_866 0.000 777.529 0.000
V_867 0.000 613.196 3.000
C_868 0.000 322.480 3.000
K_869 -4.441 -818.649 3.000
M_870 0.000 401.769 5.000
L_871 0.000 679.918 9.000
Y_872 -8.431 -274.939 6.000
Q_873 -19.866 -643.904 9.000
L_874 0.000 679.918 9.000
K_875 -13.255 -818.649 7.000
V_876 0.000 613.196 7.000
V_877 0.000 613.196 7.000
N_878 -18.409 -507.047 8.000
P_879 0.000 -195.996 12.000
Q_880 -25.003 -643.904 14.000
E_881 -24.169 -605.239 13.000
Y_882 -13.586 -274.939 16.000
S_883 -20.127 -90.060 16.000
S_884 -17.811 -90.060 12.000
N_885 -24.169 -507.047 13.000
C_886 0.000 322.480 14.000
T_887 -17.098 -90.974 11.000
E_888 -16.691 -605.239 7.000
P_889 0.000 -195.996 7.000
F_890 0.000 560.542 8.000
P_891 0.000 -195.996 7.000
N_892 -21.132 -507.047 10.000
S_893 -19.059 -90.060 14.000
T_894 -19.059 -90.974 14.000
N_895 -21.132 -507.047 10.000
L_896 0.000 679.918 7.000
L_897 0.000 679.918 7.000
P_898 0.000 -195.996 7.000
T_899 -13.255 -90.974 7.000
E_900 -21.132 -605.239 10.000
I_901 0.000 777.529 14.000
S_902 -19.059 -90.060 14.000
Q_903 -21.132 -643.904 10.000
S_904 -16.309 -90.060 10.000
L_905 0.000 679.918 9.000
L_906 0.000 679.918 10.000
Y_907 -9.265 -274.939 7.000
R_908 -19.414 -1015.709 7.000
G_909 0.000 -27.649 7.000
P_910 0.000 -195.996 9.000
V_911 0.000 613.196 4.000
D_912 -7.878 -475.402 4.000
P_913 0.000 -195.996 8.000
A_914 0.000 185.740 9.000
N_915 -11.867 -507.047 5.000
W_916 -3.990 -203.500 5.000
F_917 0.000 560.542 5.000
G_918 0.000 -27.649 6.000
V_919 0.000 613.196 8.000
R_920 -21.845 -1015.709 8.000
K_921 -14.420 -818.649 8.000
G_922 0.000 -27.649 8.000
F_923 0.000 560.542 7.000
P_924 0.000 -195.996 4.000
N_925 -7.878 -507.047 4.000
L_926 0.000 679.918 6.000
G_927 0.000 -27.649 6.000
Y_928 -8.431 -274.939 6.000
I_929 0.000 777.529 10.000
Q_930 -23.258 -643.904 12.000
N_931 -21.132 -507.047 10.000
H_932 -12.900 -583.484 14.000
L_933 0.000 679.918 10.000
Q_934 -14.591 -643.904 6.000
V_935 0.000 613.196 4.000
L_936 0.000 679.918 4.000
L_937 0.000 679.918 0.000
L_938 0.000 679.918 0.000
L_939 0.000 679.918 0.000
V_940 0.000 613.196 4.000
F_941 0.000 560.542 4.000
E_942 -7.878 -605.239 4.000
A_943 0.000 185.740 4.000
I_944 0.000 777.529 6.000
V_945 0.000 613.196 7.000
Y_946 -12.104 -274.939 12.000
R_947 -32.645 -1015.709 16.000
R_948 -35.785 -1015.709 20.000
Q_949 -28.912 -643.904 20.000
E_950 -27.150 -605.239 17.000
H_951 -13.896 -583.484 17.000
Y_952 -14.188 -274.939 18.000
R_953 -34.315 -1015.709 18.000
R_954 -34.315 -1015.709 18.000
Q_955 -28.912 -643.904 20.000
H_956 -13.255 -583.484 15.000
Q_957 -21.132 -643.904 10.000
L_958 0.000 679.918 6.000
A_959 0.000 185.740 4.000
P_960 0.000 -195.996 0.000
L_961 0.000 679.918 0.000
P_962 0.000 -195.996 4.000
A_963 0.000 185.740 4.000
Q_964 -7.878 -643.904 4.000
A_965 0.000 185.740 4.000
V_966 0.000 613.196 4.000
F_967 0.000 560.542 3.000
A_968 0.000 185.740 3.000
S_969 -11.867 -90.060 6.000
G_970 0.000 -27.649 11.000
T_971 -19.613 -90.974 15.000
R_972 -32.645 -1015.709 16.000
Q_973 -26.485 -643.904 16.000
Q_974 -27.150 -643.904 17.000
L_975 0.000 679.918 16.000
D_976 -26.485 -475.402 16.000
Q_977 -23.258 -643.904 12.000
D_978 -23.258 -475.402 12.000
L_979 0.000 679.918 8.000
L_980 0.000 679.918 4.000
G_981 0.000 -27.649 0.000
C_982 0.000 322.480 3.000
L_983 0.000 679.918 5.000
K_984 -10.149 -818.649 5.000
Y_985 -7.426 -274.939 5.000
F_986 0.000 560.542 9.000
I_987 0.000 777.529 6.000
N_988 -7.878 -507.047 4.000
F_989 0.000 560.542 4.000
F_990 0.000 560.542 6.000
F_991 0.000 560.542 5.000
Y_992 -7.426 -274.939 5.000
K_993 -10.149 -818.649 5.000
F_994 0.000 560.542 5.000
G_995 0.000 -27.649 7.000
L_996 0.000 679.918 4.000
E_997 -7.878 -605.239 4.000
I_998 0.000 777.529 4.000
C_999 0.000 322.480 4.000
F_1000 0.000 560.542 0.000
L_1001 0.000 679.918 0.000
M_1002 0.000 401.769 0.000
A_1003 0.000 185.740 4.000
V_1004 0.000 613.196 4.000
N_1005 -7.878 -507.047 4.000
V_1006 0.000 613.196 4.000
I_1007 0.000 777.529 8.000
G_1008 0.000 -27.649 9.000
Q_1009 -19.866 -643.904 9.000
R_1010 -29.616 -1015.709 13.000
M_1011 0.000 401.769 13.000
N_1012 -19.866 -507.047 9.000
F_1013 0.000 560.542 4.000
L_1014 0.000 679.918 7.000
V_1015 0.000 613.196 3.000
T_1016 -10.149 -90.974 5.000
L_1017 0.000 679.918 5.000
H_1018 -7.426 -583.484 5.000
G_1019 0.000 -27.649 3.000
C_1020 0.000 322.480 3.000
W_1021 -0.000 -203.500 1.000
L_1022 0.000 679.918 1.000
V_1023 0.000 613.196 1.000
A_1024 0.000 185.740 0.000
I_1025 0.000 777.529 3.000
L_1026 0.000 679.918 8.000
T_1027 -18.462 -90.974 13.000
R_1028 -31.716 -1015.709 15.000
R_1029 -35.785 -1015.709 20.000
H_1030 -14.973 -583.484 21.000
R_1031 -32.645 -1015.709 16.000
Q_1032 -22.253 -643.904 11.000
A_1033 0.000 185.740 9.000
I_1034 0.000 777.529 9.000
A_1035 0.000 185.740 5.000
R_1036 -16.309 -1015.709 6.000
L_1037 0.000 679.918 6.000
W_1038 -5.708 -203.500 10.000
P_1039 0.000 -195.996 7.000
N_1040 -16.691 -507.047 7.000
Y_1041 -8.431 -274.939 6.000
C_1042 0.000 322.480 6.000
L_1043 0.000 679.918 2.000
F_1044 0.000 560.542 0.000
L_1045 0.000 679.918 0.000
A_1046 0.000 185.740 0.000
L_1047 0.000 679.918 0.000
F_1048 0.000 560.542 0.000
L_1049 0.000 679.918 2.000
L_1050 0.000 679.918 6.000
Y_1051 -9.978 -274.939 8.000
Q_1052 -18.409 -643.904 8.000
Y_1053 -9.978 -274.939 8.000
L_1054 0.000 679.918 6.000
L_1055 0.000 679.918 2.000
C_1056 0.000 322.480 0.000
L_1057 0.000 679.918 0.000
G_1058 0.000 -27.649 0.000
M_1059 0.000 401.769 0.000
P_1060 0.000 -195.996 0.000
P_1061 0.000 -195.996 0.000
A_1062 0.000 185.740 0.000
L_1063 0.000 679.918 0.000
C_1064 0.000 322.480 4.000
I_1065 0.000 777.529 6.000
D_1066 -14.591 -475.402 6.000
Y_1067 -9.265 -274.939 7.000
P_1068 0.000 -195.996 12.000
W_1069 -5.447 -203.500 9.000
R_1070 -25.574 -1015.709 10.000
W_1071 -6.713 -203.500 15.000
S_1072 -19.059 -90.060 14.000
R_1073 -23.856 -1015.709 9.000
A_1074 0.000 185.740 8.000
V_1075 0.000 613.196 5.000
P_1076 0.000 -195.996 4.000
M_1077 0.000 401.769 7.000
N_1078 -16.691 -507.047 7.000
S_1079 -13.255 -90.060 7.000
A_1080 0.000 185.740 7.000
L_1081 0.000 679.918 6.000
I_1082 0.000 777.529 4.000
K_1083 -7.878 -818.649 4.000
W_1084 -4.441 -203.500 6.000
L_1085 0.000 679.918 6.000
Y_1086 -4.441 -274.939 3.000
L_1087 0.000 679.918 6.000
P_1088 0.000 -195.996 6.000
D_1089 -7.878 -475.402 4.000
F_1090 0.000 560.542 9.000
F_1091 0.000 560.542 9.000
R_1092 -11.867 -1015.709 5.000
A_1093 0.000 185.740 9.000
P_1094 0.000 -195.996 12.000
N_1095 -21.132 -507.047 10.000
S_1096 -19.059 -90.060 14.000
T_1097 -19.059 -90.974 14.000
N_1098 -21.132 -507.047 10.000
L_1099 0.000 679.918 10.000
I_1100 0.000 777.529 11.000
S_1101 -13.255 -90.060 7.000
D_1102 -16.691 -475.402 7.000
F_1103 0.000 560.542 7.000
L_1104 0.000 679.918 4.000
L_1105 0.000 679.918 0.000
L_1106 0.000 679.918 0.000
L_1107 0.000 679.918 0.000
C_1108 0.000 322.480 3.000
A_1109 0.000 185.740 7.000
S_1110 -17.098 -90.060 11.000
Q_1111 -23.258 -643.904 12.000
Q_1112 -26.485 -643.904 16.000
W_1113 -6.358 -203.500 13.000
Q_1114 -19.866 -643.904 9.000
V_1115 0.000 613.196 8.000
F_1116 0.000 560.542 7.000
S_1117 -13.255 -90.060 7.000
A_1118 0.000 185.740 12.000
E_1119 -25.772 -605.239 15.000
R_1120 -32.645 -1015.709 16.000
T_1121 -21.889 -90.974 20.000
E_1122 -27.150 -605.239 17.000
E_1123 -26.485 -605.239 16.000
W_1124 -7.165 -203.500 18.000
Q_1125 -25.003 -643.904 14.000
R_1126 -25.574 -1015.709 10.000
M_1127 0.000 401.769 9.000
A_1128 0.000 185.740 5.000
G_1129 0.000 -27.649 4.000
V_1130 0.000 613.196 7.000
N_1131 -22.253 -507.047 11.000
T_1132 -20.127 -90.974 16.000
D_1133 -26.485 -475.402 16.000
R_1134 -32.645 -1015.709 16.000
L_1135 0.000 679.918 13.000
E_1136 -19.866 -605.239 9.000
P_1137 0.000 -195.996 9.000
L_1138 0.000 679.918 9.000
R_1139 -23.856 -1015.709 9.000
G_1140 0.000 -27.649 9.000
E_1141 -24.169 -605.239 13.000
P_1142 0.000 -195.996 8.000
N_1143 -18.409 -507.047 8.000
P_1144 0.000 -195.996 4.000
V_1145 0.000 613.196 8.000
P_1146 0.000 -195.996 4.000
N_1147 -7.878 -507.047 4.000
F_1148 0.000 560.542 6.000
I_1149 0.000 777.529 6.000
H_1150 -9.265 -583.484 7.000
C_1151 0.000 322.480 10.000
R_1152 -28.412 -1015.709 12.000
S_1153 -16.309 -90.060 10.000
Y_1154 -12.900 -274.939 14.000
L_1155 0.000 679.918 9.000
D_1156 -14.591 -475.402 6.000
M_1157 0.000 401.769 7.000
L_1158 0.000 679.918 7.000
K_1159 -4.441 -818.649 3.000
V_1160 0.000 613.196 3.000
A_1161 0.000 185.740 3.000
V_1162 0.000 613.196 5.000
F_1163 0.000 560.542 7.000
R_1164 -19.414 -1015.709 7.000
Y_1165 -9.265 -274.939 7.000
L_1166 0.000 679.918 8.000
F_1167 0.000 560.542 3.000
W_1168 -0.000 -203.500 1.000
L_1169 0.000 679.918 1.000
V_1170 0.000 613.196 1.000
L_1171 0.000 679.918 0.000
V_1172 0.000 613.196 0.000
V_1173 0.000 613.196 0.000
V_1174 0.000 613.196 0.000
F_1175 0.000 560.542 3.000
V_1176 0.000 613.196 3.000
T_1177 -4.441 -90.974 3.000
G_1178 0.000 -27.649 6.000
A_1179 0.000 185.740 11.000
T_1180 -14.420 -90.974 8.000
R_1181 -27.076 -1015.709 11.000
I_1182 0.000 777.529 11.000
S_1183 -14.420 -90.060 8.000
I_1184 0.000 777.529 3.000
F_1185 0.000 560.542 3.000
G_1186 0.000 -27.649 0.000
L_1187 0.000 679.918 2.000
G_1188 0.000 -27.649 2.000
Y_1189 -1.718 -274.939 2.000
L_1190 0.000 679.918 2.000
L_1191 0.000 679.918 2.000
A_1192 0.000 185.740 0.000
C_1193 0.000 322.480 2.000
F_1194 0.000 560.542 2.000
Y_1195 -1.718 -274.939 2.000
L_1196 0.000 679.918 2.000
L_1197 0.000 679.918 2.000
L_1198 0.000 679.918 0.000
F_1199 0.000 560.542 3.000
G_1200 0.000 -27.649 3.000
T_1201 -4.441 -90.974 3.000
A_1202 0.000 185.740 3.000
L_1203 0.000 679.918 7.000
L_1204 0.000 679.918 9.000
Q_1205 -24.169 -643.904 13.000
R_1206 -32.645 -1015.709 16.000
D_1207 -29.436 -475.402 21.000
T_1208 -20.609 -90.974 17.000
R_1209 -33.508 -1015.709 17.000
A_1210 0.000 185.740 13.000
R_1211 -25.574 -1015.709 10.000
L_1212 0.000 679.918 5.000
V_1213 0.000 613.196 6.000
L_1214 0.000 679.918 5.000
W_1215 -3.990 -203.500 5.000
D_1216 -11.867 -475.402 5.000
C_1217 0.000 322.480 5.000
L_1218 0.000 679.918 4.000
I_1219 0.000 777.529 2.000
L_1220 0.000 679.918 6.000
Y_1221 -8.431 -274.939 6.000
N_1222 -19.866 -507.047 9.000
V_1223 0.000 613.196 9.000
T_1224 -13.255 -90.974 7.000
V_1225 0.000 613.196 3.000
I_1226 0.000 777.529 6.000
I_1227 0.000 777.529 6.000
S_1228 -16.309 -90.060 10.000
K_1229 -16.309 -818.649 10.000
N_1230 -21.132 -507.047 10.000
M_1231 0.000 401.769 10.000
L_1232 0.000 679.918 7.000
S_1233 -4.441 -90.060 3.000
L_1234 0.000 679.918 3.000
L_1235 0.000 679.918 3.000
A_1236 0.000 185.740 0.000
C_1237 0.000 322.480 0.000
V_1238 0.000 613.196 0.000
F_1239 0.000 560.542 4.000
V_1240 0.000 613.196 8.000
E_1241 -18.409 -605.239 8.000
Q_1242 -23.258 -643.904 12.000
M_1243 0.000 401.769 15.000
Q_1244 -22.253 -643.904 11.000
T_1245 -13.255 -90.974 7.000
G_1246 0.000 -27.649 7.000
F_1247 0.000 560.542 4.000
C_1248 0.000 322.480 1.000
W_1249 -0.000 -203.500 1.000
V_1250 0.000 613.196 5.000
I_1251 0.000 777.529 5.000
Q_1252 -7.878 -643.904 4.000
L_1253 0.000 679.918 7.000
F_1254 0.000 560.542 7.000
S_1255 -4.441 -90.060 3.000
L_1256 0.000 679.918 3.000
V_1257 0.000 613.196 6.000
C_1258 0.000 322.480 3.000
T_1259 -11.867 -90.974 6.000
V_1260 0.000 613.196 6.000
K_1261 -14.420 -818.649 8.000
G_1262 0.000 -27.649 7.000
Y_1263 -11.652 -274.939 11.000
Y_1264 -9.978 -274.939 8.000
D_1265 -22.253 -475.402 11.000
P_1266 0.000 -195.996 13.000
K_1267 -17.098 -818.649 11.000
E_1268 -16.691 -605.239 7.000
M_1269 0.000 401.769 11.000
M_1270 0.000 401.769 13.000
D_1271 -24.169 -475.402 13.000
R_1272 -33.508 -1015.709 17.000
D_1273 -29.436 -475.402 21.000
Q_1274 -27.150 -643.904 17.000
D_1275 -23.258 -475.402 12.000
C_1276 0.000 322.480 8.000
L_1277 0.000 679.918 4.000
L_1278 0.000 679.918 0.000
P_1279 0.000 -195.996 4.000
V_1280 0.000 613.196 8.000
E_1281 -18.409 -605.239 8.000
E_1282 -18.409 -605.239 8.000
A_1283 0.000 185.740 8.000
G_1284 0.000 -27.649 4.000
I_1285 0.000 777.529 1.000
I_1286 0.000 777.529 5.000
W_1287 -5.155 -203.500 8.000
D_1288 -18.409 -475.402 8.000
S_1289 -14.420 -90.060 8.000
V_1290 0.000 613.196 7.000
C_1291 0.000 322.480 3.000
F_1292 0.000 560.542 0.000
F_1293 0.000 560.542 0.000
F_1294 0.000 560.542 0.000
L_1295 0.000 679.918 0.000
L_1296 0.000 679.918 4.000
L_1297 0.000 679.918 9.000
Q_1298 -25.003 -643.904 14.000
R_1299 -30.711 -1015.709 14.000
R_1300 -30.711 -1015.709 14.000
V_1301 0.000 613.196 10.000
F_1302 0.000 560.542 8.000
L_1303 0.000 679.918 5.000
S_1304 -13.255 -90.060 7.000
H_1305 -10.601 -583.484 9.000
Y_1306 -10.601 -274.939 9.000
Y_1307 -9.978 -274.939 8.000
L_1308 0.000 679.918 6.000
H_1309 -10.601 -583.484 9.000
V_1310 0.000 613.196 7.000
R_1311 -27.076 -1015.709 11.000
A_1312 0.000 185.740 9.000
D_1313 -24.169 -475.402 13.000
L_1314 0.000 679.918 8.000
Q_1315 -22.253 -643.904 11.000
A_1316 0.000 185.740 7.000
T_1317 -13.255 -90.974 7.000
A_1318 0.000 185.740 3.000
L_1319 0.000 679.918 3.000
L_1320 0.000 679.918 3.000
A_1321 0.000 185.740 8.000
S_1322 -14.420 -90.060 8.000
R_1323 -21.845 -1015.709 8.000
G_1324 0.000 -27.649 8.000
F_1325 0.000 560.542 5.000
A_1326 0.000 185.740 2.000
L_1327 0.000 679.918 6.000
Y_1328 -8.431 -274.939 6.000
N_1329 -14.591 -507.047 6.000
A_1330 0.000 185.740 10.000
A_1331 0.000 185.740 8.000
N_1332 -16.691 -507.047 7.000
L_1333 0.000 679.918 10.000
K_1334 -16.309 -818.649 10.000
S_1335 -16.309 -90.060 10.000
I_1336 0.000 777.529 10.000
D_1337 -19.866 -475.402 9.000
F_1338 0.000 560.542 11.000
H_1339 -13.586 -583.484 16.000
R_1340 -28.412 -1015.709 12.000
R_1341 -32.645 -1015.709 16.000
I_1342 0.000 777.529 18.000
E_1343 -26.485 -605.239 16.000
E_1344 -25.003 -605.239 14.000
K_1345 -19.059 -818.649 14.000
S_1346 -16.309 -90.060 10.000
L_1347 0.000 679.918 10.000
A_1348 0.000 185.740 7.000
Q_1349 -16.691 -643.904 7.000
L_1350 0.000 679.918 12.000
K_1351 -20.127 -818.649 16.000
R_1352 -28.412 -1015.709 12.000
Q_1353 -26.485 -643.904 16.000
M_1354 0.000 401.769 18.000
E_1355 -24.169 -605.239 13.000
R_1356 -30.711 -1015.709 14.000
I_1357 0.000 777.529 14.000
R_1358 -29.616 -1015.709 13.000
A_1359 0.000 185.740 12.000
K_1360 -20.127 -818.649 16.000
Q_1361 -25.003 -643.904 14.000
E_1362 -26.485 -605.239 16.000
K_1363 -21.060 -818.649 18.000
H_1364 -14.188 -583.484 18.000
R_1365 -30.711 -1015.709 14.000
Q_1366 -26.485 -643.904 16.000
G_1367 0.000 -27.649 14.000
R_1368 -29.616 -1015.709 13.000
V_1369 0.000 613.196 14.000
D_1370 -27.150 -475.402 17.000
R_1371 -33.508 -1015.709 17.000
S_1372 -20.609 -90.060 17.000
R_1373 -33.508 -1015.709 17.000
P_1374 0.000 -195.996 16.000
Q_1375 -26.485 -643.904 16.000
D_1376 -22.253 -475.402 11.000
T_1377 -17.098 -90.974 11.000
L_1378 0.000 679.918 7.000
G_1379 0.000 -27.649 6.000
P_1380 0.000 -195.996 7.000
K_1381 -13.255 -818.649 7.000
D_1382 -16.691 -475.402 7.000
P_1383 0.000 -195.996 7.000
G_1384 0.000 -27.649 8.000
L_1385 0.000 679.918 4.000
E_1386 -7.878 -605.239 4.000
P_1387 0.000 -195.996 4.000
G_1388 0.000 -27.649 8.000
P_1389 0.000 -195.996 7.000
D_1390 -16.691 -475.402 7.000
S_1391 -13.255 -90.060 7.000
P_1392 0.000 -195.996 7.000
G_1393 0.000 -27.649 6.000
G_1394 0.000 -27.649 6.000
S_1395 -11.867 -90.060 6.000
S_1396 -11.867 -90.060 6.000
P_1397 0.000 -195.996 11.000
P_1398 0.000 -195.996 13.000
R_1399 -30.711 -1015.709 14.000
R_1400 -31.716 -1015.709 15.000
Q_1401 -26.485 -643.904 16.000
W_1402 -6.873 -203.500 16.000
W_1403 -5.944 -203.500 11.000
R_1404 -21.845 -1015.709 8.000
P_1405 0.000 -195.996 7.000
W_1406 -5.708 -203.500 10.000
L_1407 0.000 679.918 7.000
D_1408 -16.691 -475.402 7.000
H_1409 -10.601 -583.484 9.000
A_1410 0.000 185.740 9.000
T_1411 -10.149 -90.974 5.000
V_1412 0.000 613.196 5.000
I_1413 0.000 777.529 8.000
H_1414 -7.426 -583.484 5.000
S_1415 -15.425 -90.060 9.000
G_1416 0.000 -27.649 11.000
D_1417 -19.866 -475.402 9.000
Y_1418 -8.431 -274.939 6.000
F_1419 0.000 560.542 6.000
L_1420 0.000 679.918 6.000
F_1421 0.000 560.542 7.000
E_1422 -22.253 -605.239 11.000
S_1423 -19.059 -90.060 14.000
D_1424 -27.773 -475.402 18.000
S_1425 -21.060 -90.060 18.000
E_1426 -28.359 -605.239 19.000
E_1427 -28.359 -605.239 19.000
E_1428 -28.912 -605.239 20.000
E_1429 -26.485 -605.239 16.000
E_1430 -23.258 -605.239 12.000
A_1431 0.000 185.740 8.000
V_1432 0.000 613.196 8.000
P_1433 0.000 -195.996 8.000
E_1434 -18.409 -605.239 8.000
D_1435 -24.169 -475.402 13.000
P_1436 0.000 -195.996 13.000
R_1437 -28.412 -1015.709 12.000
P_1438 0.000 -195.996 8.000
S_1439 -17.811 -90.060 12.000
A_1440 0.000 185.740 10.000
Q_1441 -21.132 -643.904 10.000
S_1442 -13.255 -90.060 7.000
A_1443 0.000 185.740 11.000
F_1444 0.000 560.542 7.000
Q_1445 -7.878 -643.904 4.000
L_1446 0.000 679.918 6.000
A_1447 0.000 185.740 10.000
Y_1448 -8.431 -274.939 6.000
Q_1449 -16.691 -643.904 7.000
A_1450 0.000 185.740 7.000
W_1451 -5.155 -203.500 8.000
V_1452 0.000 613.196 8.000
T_1453 -14.420 -90.974 8.000
N_1454 -22.253 -507.047 11.000
A_1455 0.000 185.740 11.000
Q_1456 -18.409 -643.904 8.000
A_1457 0.000 185.740 4.000
V_1458 0.000 613.196 9.000
L_1459 0.000 679.918 10.000
R_1460 -31.716 -1015.709 15.000
R_1461 -35.072 -1015.709 19.000
R_1462 -37.706 -1015.709 23.000
Q_1463 -29.934 -643.904 22.000
Q_1464 -29.436 -643.904 21.000
E_1465 -28.912 -605.239 20.000
Q_1466 -28.912 -643.904 20.000
E_1467 -26.485 -605.239 16.000
Q_1468 -27.150 -643.904 17.000
A_1469 0.000 185.740 17.000
R_1470 -33.508 -1015.709 17.000
Q_1471 -27.150 -643.904 17.000
E_1472 -27.150 -605.239 17.000
Q_1473 -23.258 -643.904 12.000
A_1474 0.000 185.740 12.000
G_1475 0.000 -27.649 8.000
Q_1476 -7.878 -643.904 4.000
L_1477 0.000 679.918 7.000
P_1478 0.000 -195.996 7.000
T_1479 -4.441 -90.974 3.000
G_1480 0.000 -27.649 3.000
G_1481 0.000 -27.649 3.000
G_1482 0.000 -27.649 3.000
P_1483 0.000 -195.996 7.000
S_1484 -17.098 -90.060 11.000
Q_1485 -22.253 -643.904 11.000
E_1486 -25.772 -605.239 15.000
V_1487 0.000 613.196 12.000
E_1488 -18.409 -605.239 8.000
P_1489 0.000 -195.996 8.000
A_1490 0.000 185.740 8.000
E_1491 -7.878 -605.239 4.000
G_1492 0.000 -27.649 8.000
P_1493 0.000 -195.996 12.000
E_1494 -18.409 -605.239 8.000
E_1495 -18.409 -605.239 8.000
A_1496 0.000 185.740 8.000
A_1497 0.000 185.740 4.000
A_1498 0.000 185.740 5.000
G_1499 0.000 -27.649 8.000
R_1500 -25.574 -1015.709 10.000
S_1501 -16.309 -90.060 10.000
H_1502 -11.154 -583.484 10.000
V_1503 0.000 613.196 9.000
V_1504 0.000 613.196 11.000
Q_1505 -19.866 -643.904 9.000
R_1506 -23.856 -1015.709 9.000
V_1507 0.000 613.196 12.000
L_1508 0.000 679.918 11.000
S_1509 -11.867 -90.060 6.000
T_1510 -16.309 -90.974 10.000
A_1511 0.000 185.740 10.000
Q_1512 -16.691 -643.904 7.000
F_1513 0.000 560.542 5.000
L_1514 0.000 679.918 5.000
W_1515 -0.000 -203.500 1.000
M_1516 0.000 401.769 1.000
L_1517 0.000 679.918 5.000
G_1518 0.000 -27.649 4.000
Q_1519 -7.878 -643.904 4.000
A_1520 0.000 185.740 4.000
L_1521 0.000 679.918 8.000
V_1522 0.000 613.196 8.000
D_1523 -18.409 -475.402 8.000
E_1524 -22.253 -605.239 11.000
L_1525 0.000 679.918 16.000
T_1526 -18.462 -90.974 13.000
R_1527 -23.856 -1015.709 9.000
W_1528 -6.358 -203.500 13.000
L_1529 0.000 679.918 14.000
Q_1530 -19.866 -643.904 9.000
E_1531 -22.253 -605.239 11.000
F_1532 0.000 560.542 16.000
T_1533 -19.059 -90.974 14.000
R_1534 -28.412 -1015.709 12.000
H_1535 -12.104 -583.484 12.000
H_1536 -12.104 -583.484 12.000
G_1537 0.000 -27.649 7.000
T_1538 -14.420 -90.974 8.000
M_1539 0.000 401.769 10.000
S_1540 -16.309 -90.060 10.000
D_1541 -16.691 -475.402 7.000
V_1542 0.000 613.196 12.000
L_1543 0.000 679.918 9.000
R_1544 -23.856 -1015.709 9.000
A_1545 0.000 185.740 14.000
E_1546 -26.485 -605.239 16.000
R_1547 -27.076 -1015.709 11.000
Y_1548 -11.652 -274.939 11.000
L_1549 0.000 679.918 10.000
L_1550 0.000 679.918 9.000
T_1551 -17.098 -90.974 11.000
Q_1552 -22.253 -643.904 11.000
E_1553 -22.253 -605.239 11.000
L_1554 0.000 679.918 12.000
L_1555 0.000 679.918 8.000
Q_1556 -7.878 -643.904 4.000
G_1557 0.000 -27.649 8.000
G_1558 0.000 -27.649 8.000
E_1559 -14.591 -605.239 6.000
V_1560 0.000 613.196 11.000
H_1561 -11.652 -583.484 11.000
R_1562 -19.414 -1015.709 7.000
G_1563 0.000 -27.649 7.000
V_1564 0.000 613.196 9.000
L_1565 0.000 679.918 8.000
D_1566 -18.409 -475.402 8.000
Q_1567 -21.132 -643.904 10.000
L_1568 0.000 679.918 13.000
Y_1569 -12.104 -274.939 12.000
T_1570 -17.811 -90.974 12.000
S_1571 -17.811 -90.060 12.000
Q_1572 -25.003 -643.904 14.000
A_1573 0.000 185.740 11.000
E_1574 -22.253 -605.239 11.000
A_1575 0.000 185.740 7.000
T_1576 -13.255 -90.974 7.000
L_1577 0.000 679.918 3.000
P_1578 0.000 -195.996 3.000
G_1579 0.000 -27.649 3.000
P_1580 0.000 -195.996 7.000
T_1581 -13.255 -90.974 7.000
E_1582 -16.691 -605.239 7.000
A_1583 0.000 185.740 11.000
P_1584 0.000 -195.996 8.000
N_1585 -7.878 -507.047 4.000
A_1586 0.000 185.740 7.000
P_1587 0.000 -195.996 10.000
S_1588 -11.867 -90.060 6.000
T_1589 -15.425 -90.974 9.000
V_1590 0.000 613.196 12.000
S_1591 -15.425 -90.060 9.000
S_1592 -11.867 -90.060 6.000
G_1593 0.000 -27.649 6.000
L_1594 0.000 679.918 3.000
G_1595 0.000 -27.649 4.000
A_1596 0.000 185.740 8.000
E_1597 -18.409 -605.239 8.000
E_1598 -18.409 -605.239 8.000
P_1599 0.000 -195.996 11.000
L_1600 0.000 679.918 10.000
S_1601 -11.867 -90.060 6.000
S_1602 -15.425 -90.060 9.000
M_1603 0.000 401.769 13.000
T_1604 -19.059 -90.974 14.000
D_1605 -22.253 -475.402 11.000
D_1606 -22.253 -475.402 11.000
M_1607 0.000 401.769 11.000
G_1608 0.000 -27.649 7.000
S_1609 -4.441 -90.060 3.000
P_1610 0.000 -195.996 6.000
L_1611 0.000 679.918 9.000
S_1612 -11.867 -90.060 6.000
T_1613 -14.420 -90.974 8.000
G_1614 0.000 -27.649 10.000
Y_1615 -11.154 -274.939 10.000
H_1616 -12.104 -583.484 12.000
T_1617 -19.613 -90.974 15.000
R_1618 -29.616 -1015.709 13.000
S_1619 -19.059 -90.060 14.000
G_1620 0.000 -27.649 15.000
S_1621 -19.059 -90.060 14.000
E_1622 -22.253 -605.239 11.000
E_1623 -22.253 -605.239 11.000
A_1624 0.000 185.740 11.000
V_1625 0.000 613.196 11.000
T_1626 -13.255 -90.974 7.000
D_1627 -16.691 -475.402 7.000
P_1628 0.000 -195.996 11.000
G_1629 0.000 -27.649 13.000
E_1630 -24.169 -605.239 13.000
R_1631 -29.616 -1015.709 13.000
E_1632 -24.169 -605.239 13.000
A_1633 0.000 185.740 9.000
G_1634 0.000 -27.649 7.000
A_1635 0.000 185.740 3.000
S_1636 -10.149 -90.060 5.000
L_1637 0.000 679.918 9.000
Y_1638 -10.601 -274.939 9.000
Q_1639 -14.591 -643.904 6.000
G_1640 0.000 -27.649 6.000
L_1641 0.000 679.918 9.000
M_1642 0.000 401.769 8.000
R_1643 -21.845 -1015.709 8.000
T_1644 -17.098 -90.974 11.000
A_1645 0.000 185.740 15.000
S_1646 -16.309 -90.060 10.000
E_1647 -16.691 -605.239 7.000
L_1648 0.000 679.918 7.000
L_1649 0.000 679.918 8.000
L_1650 0.000 679.918 9.000
D_1651 -25.003 -475.402 14.000
R_1652 -30.711 -1015.709 14.000
R_1653 -35.072 -1015.709 19.000
L_1654 0.000 679.918 15.000
R_1655 -25.574 -1015.709 10.000
I_1656 0.000 777.529 9.000
P_1657 0.000 -195.996 9.000
E_1658 -18.409 -605.239 8.000
L_1659 0.000 679.918 12.000
E_1660 -23.258 -605.239 12.000
E_1661 -23.258 -605.239 12.000
A_1662 0.000 185.740 12.000
E_1663 -18.409 -605.239 8.000
L_1664 0.000 679.918 4.000
F_1665 0.000 560.542 8.000
A_1666 0.000 185.740 4.000
E_1667 -18.409 -605.239 8.000
G_1668 0.000 -27.649 8.000
Q_1669 -24.169 -643.904 13.000
G_1670 0.000 -27.649 9.000
R_1671 -23.856 -1015.709 9.000
A_1672 0.000 185.740 10.000
L_1673 0.000 679.918 10.000
R_1674 -11.867 -1015.709 5.000
L_1675 0.000 679.918 10.000
L_1676 0.000 679.918 10.000
R_1677 -11.867 -1015.709 5.000
A_1678 0.000 185.740 7.000
V_1679 0.000 613.196 11.000
Y_1680 -8.431 -274.939 6.000
Q_1681 -14.591 -643.904 6.000
C_1682 0.000 322.480 6.000
V_1683 0.000 613.196 4.000
A_1684 0.000 185.740 2.000
A_1685 0.000 185.740 5.000
H_1686 -10.601 -583.484 9.000
S_1687 -15.425 -90.060 9.000
E_1688 -19.866 -605.239 9.000
L_1689 0.000 679.918 7.000
L_1690 0.000 679.918 6.000
C_1691 0.000 322.480 2.000
Y_1692 -1.718 -274.939 2.000
F_1693 0.000 560.542 2.000
I_1694 0.000 777.529 2.000
I_1695 0.000 777.529 0.000
I_1696 0.000 777.529 4.000
L_1697 0.000 679.918 6.000
N_1698 -14.591 -507.047 6.000
H_1699 -8.431 -583.484 6.000
M_1700 0.000 401.769 9.000
V_1701 0.000 613.196 5.000
T_1702 -11.867 -90.974 6.000
A_1703 0.000 185.740 6.000
S_1704 -11.867 -90.060 6.000
A_1705 0.000 185.740 6.000
G_1706 0.000 -27.649 6.000
S_1707 -4.441 -90.060 3.000
L_1708 0.000 679.918 3.000
V_1709 0.000 613.196 3.000
L_1710 0.000 679.918 0.000
P_1711 0.000 -195.996 0.000
V_1712 0.000 613.196 0.000
L_1713 0.000 679.918 0.000
V_1714 0.000 613.196 0.000
F_1715 0.000 560.542 1.000
L_1716 0.000 679.918 1.000
W_1717 -0.000 -203.500 1.000
A_1718 0.000 185.740 1.000
M_1719 0.000 401.769 4.000
L_1720 0.000 679.918 3.000
S_1721 -4.441 -90.060 3.000
I_1722 0.000 777.529 8.000
P_1723 0.000 -195.996 8.000
R_1724 -21.845 -1015.709 8.000
P_1725 0.000 -195.996 11.000
S_1726 -20.127 -90.060 16.000
K_1727 -17.098 -818.649 11.000
R_1728 -28.412 -1015.709 12.000
F_1729 0.000 560.542 9.000
W_1730 -5.447 -203.500 9.000
M_1731 0.000 401.769 4.000
T_1732 -7.878 -90.974 4.000
A_1733 0.000 185.740 3.000
I_1734 0.000 777.529 3.000
V_1735 0.000 613.196 3.000
F_1736 0.000 560.542 7.000
T_1737 -13.255 -90.974 7.000
E_1738 -16.691 -605.239 7.000
I_1739 0.000 777.529 7.000
A_1740 0.000 185.740 4.000
V_1741 0.000 613.196 0.000
V_1742 0.000 613.196 3.000
V_1743 0.000 613.196 5.000
K_1744 -10.149 -818.649 5.000
Y_1745 -7.426 -274.939 5.000
L_1746 0.000 679.918 9.000
F_1747 0.000 560.542 6.000
Q_1748 -7.878 -643.904 4.000
F_1749 0.000 560.542 4.000
G_1750 0.000 -27.649 4.000
F_1751 0.000 560.542 0.000
F_1752 0.000 560.542 1.000
P_1753 0.000 -195.996 5.000
W_1754 -5.155 -203.500 8.000
N_1755 -21.132 -507.047 10.000
S_1756 -16.309 -90.060 10.000
H_1757 -10.601 -583.484 9.000
V_1758 0.000 613.196 5.000
V_1759 0.000 613.196 7.000
L_1760 0.000 679.918 10.000
R_1761 -28.412 -1015.709 12.000
R_1762 -32.645 -1015.709 16.000
Y_1763 -14.725 -274.939 20.000
E_1764 -27.773 -605.239 18.000
N_1765 -24.169 -507.047 13.000
K_1766 -18.462 -818.649 13.000
P_1767 0.000 -195.996 9.000
Y_1768 -7.426 -274.939 5.000
F_1769 0.000 560.542 2.000
P_1770 0.000 -195.996 7.000
P_1771 0.000 -195.996 5.000
R_1772 -11.867 -1015.709 5.000
I_1773 0.000 777.529 5.000
L_1774 0.000 679.918 5.000
G_1775 0.000 -27.649 4.000
L_1776 0.000 679.918 7.000
E_1777 -21.132 -605.239 10.000
K_1778 -19.059 -818.649 14.000
T_1779 -19.059 -90.974 14.000
D_1780 -23.258 -475.402 12.000
G_1781 0.000 -27.649 9.000
Y_1782 -10.601 -274.939 9.000
I_1783 0.000 777.529 7.000
K_1784 -17.098 -818.649 11.000
Y_1785 -10.601 -274.939 9.000
D_1786 -19.866 -475.402 9.000
L_1787 0.000 679.918 10.000
V_1788 0.000 613.196 8.000
Q_1789 -7.878 -643.904 4.000
L_1790 0.000 679.918 4.000
M_1791 0.000 401.769 4.000
A_1792 0.000 185.740 0.000
L_1793 0.000 679.918 0.000
F_1794 0.000 560.542 2.000
F_1795 0.000 560.542 7.000
H_1796 -11.154 -583.484 10.000
R_1797 -30.711 -1015.709 14.000
S_1798 -19.059 -90.060 14.000
Q_1799 -23.258 -643.904 12.000
L_1800 0.000 679.918 7.000
L_1801 0.000 679.918 6.000
C_1802 0.000 322.480 2.000
Y_1803 -1.718 -274.939 2.000
G_1804 0.000 -27.649 3.000
L_1805 0.000 679.918 7.000
W_1806 -4.824 -203.500 7.000
D_1807 -22.253 -475.402 11.000
H_1808 -13.255 -583.484 15.000
E_1809 -27.773 -605.239 18.000
E_1810 -27.150 -605.239 17.000
D_1811 -25.772 -475.402 15.000
S_1812 -19.059 -90.060 14.000
P_1813 0.000 -195.996 13.000
S_1814 -18.462 -90.060 13.000
K_1815 -17.811 -818.649 12.000
E_1816 -26.485 -605.239 16.000
H_1817 -13.586 -583.484 16.000
D_1818 -26.485 -475.402 16.000
K_1819 -17.811 -818.649 12.000
S_1820 -19.059 -90.060 14.000
G_1821 0.000 -27.649 14.000
E_1822 -25.772 -605.239 15.000
E_1823 -26.485 -605.239 16.000
E_1824 -26.485 -605.239 16.000
Q_1825 -23.258 -643.904 12.000
G_1826 0.000 -27.649 12.000
A_1827 0.000 185.740 12.000
E_1828 -18.409 -605.239 8.000
E_1829 -18.409 -605.239 8.000
G_1830 0.000 -27.649 8.000
P_1831 0.000 -195.996 4.000
G_1832 0.000 -27.649 0.000
V_1833 0.000 613.196 0.000
P_1834 0.000 -195.996 0.000
A_1835 0.000 185.740 3.000
A_1836 0.000 185.740 6.000
T_1837 -16.309 -90.974 10.000
T_1838 -19.059 -90.974 14.000
E_1839 -26.485 -605.239 16.000
D_1840 -24.169 -475.402 13.000
H_1841 -12.900 -583.484 14.000
I_1842 0.000 777.529 10.000
Q_1843 -21.132 -643.904 10.000
V_1844 0.000 613.196 8.000
E_1845 -24.169 -605.239 13.000
A_1846 0.000 185.740 9.000
R_1847 -23.856 -1015.709 9.000
V_1848 0.000 613.196 5.000
G_1849 0.000 -27.649 8.000
P_1850 0.000 -195.996 7.000
T_1851 -13.255 -90.974 7.000
D_1852 -21.132 -475.402 10.000
G_1853 0.000 -27.649 10.000
T_1854 -17.098 -90.974 11.000
P_1855 0.000 -195.996 7.000
E_1856 -22.253 -605.239 11.000
P_1857 0.000 -195.996 8.000
Q_1858 -23.258 -643.904 12.000
V_1859 0.000 613.196 8.000
E_1860 -24.169 -605.239 13.000
L_1861 0.000 679.918 9.000
R_1862 -30.711 -1015.709 14.000
P_1863 0.000 -195.996 14.000
R_1864 -33.508 -1015.709 17.000
D_1865 -27.150 -475.402 17.000
T_1866 -22.635 -90.974 22.000
R_1867 -33.508 -1015.709 17.000
R_1868 -32.645 -1015.709 16.000
I_1869 0.000 777.529 13.000
S_1870 -18.462 -90.060 13.000
L_1871 0.000 679.918 8.000
R_1872 -29.616 -1015.709 13.000
F_1873 0.000 560.542 15.000
R_1874 -35.785 -1015.709 20.000
R_1875 -34.315 -1015.709 18.000
R_1876 -36.459 -1015.709 21.000
K_1877 -21.889 -818.649 20.000
K_1878 -19.613 -818.649 15.000
E_1879 -21.132 -605.239 10.000
G_1880 0.000 -27.649 7.000
P_1881 0.000 -195.996 9.000
A_1882 0.000 185.740 8.000
R_1883 -21.845 -1015.709 8.000
K_1884 -14.420 -818.649 8.000
G_1885 0.000 -27.649 8.000
A_1886 0.000 185.740 3.000
A_1887 0.000 185.740 0.000
A_1888 0.000 185.740 4.000
I_1889 0.000 777.529 4.000
E_1890 -18.409 -605.239 8.000
A_1891 0.000 185.740 12.000
E_1892 -27.150 -605.239 17.000
D_1893 -27.150 -475.402 17.000
R_1894 -36.459 -1015.709 21.000
E_1895 -29.436 -605.239 21.000
E_1896 -29.436 -605.239 21.000
E_1897 -26.485 -605.239 16.000
E_1898 -26.485 -605.239 16.000
G_1899 0.000 -27.649 16.000
E_1900 -26.485 -605.239 16.000
E_1901 -25.772 -605.239 15.000
E_1902 -28.359 -605.239 19.000
K_1903 -19.613 -818.649 15.000
E_1904 -22.253 -605.239 11.000
A_1905 0.000 185.740 10.000
P_1906 0.000 -195.996 7.000
T_1907 -14.420 -90.974 8.000
G_1908 0.000 -27.649 12.000
R_1909 -31.716 -1015.709 15.000
E_1910 -27.150 -605.239 17.000
K_1911 -20.609 -818.649 17.000
R_1912 -31.716 -1015.709 15.000
P_1913 0.000 -195.996 16.000
S_1914 -20.127 -90.060 16.000
R_1915 -27.076 -1015.709 11.000
S_1916 -17.098 -90.060 11.000
G_1917 0.000 -27.649 13.000
G_1918 0.000 -27.649 8.000
R_1919 -25.574 -1015.709 10.000
V_1920 0.000 613.196 10.000
R_1921 -25.574 -1015.709 10.000
A_1922 0.000 185.740 5.000
A_1923 0.000 185.740 10.000
G_1924 0.000 -27.649 10.000
R_1925 -25.574 -1015.709 10.000
R_1926 -30.711 -1015.709 14.000
L_1927 0.000 679.918 14.000
Q_1928 -19.866 -643.904 9.000
G_1929 0.000 -27.649 4.000
F_1930 0.000 560.542 4.000
C_1931 0.000 322.480 3.000
L_1932 0.000 679.918 3.000
S_1933 -4.441 -90.060 3.000
L_1934 0.000 679.918 7.000
A_1935 0.000 185.740 7.000
Q_1936 -16.691 -643.904 7.000
G_1937 0.000 -27.649 9.000
T_1938 -19.059 -90.974 14.000
Y_1939 -11.154 -274.939 10.000
R_1940 -25.574 -1015.709 10.000
P_1941 0.000 -195.996 12.000
L_1942 0.000 679.918 15.000
R_1943 -25.574 -1015.709 10.000
R_1944 -25.574 -1015.709 10.000
F_1945 0.000 560.542 12.000
F_1946 0.000 560.542 11.000
H_1947 -8.431 -583.484 6.000
D_1948 -14.591 -475.402 6.000
I_1949 0.000 777.529 8.000
L_1950 0.000 679.918 9.000
H_1951 -9.978 -583.484 8.000
T_1952 -16.309 -90.974 10.000
K_1953 -19.613 -818.649 15.000
Y_1954 -12.518 -274.939 13.000
R_1955 -25.574 -1015.709 10.000
A_1956 0.000 185.740 10.000
A_1957 0.000 185.740 12.000
T_1958 -13.255 -90.974 7.000
D_1959 -19.866 -475.402 9.000
V_1960 0.000 613.196 9.000
Y_1961 -8.431 -274.939 6.000
A_1962 0.000 185.740 2.000
L_1963 0.000 679.918 2.000
M_1964 0.000 401.769 0.000
F_1965 0.000 560.542 0.000
L_1966 0.000 679.918 4.000
A_1967 0.000 185.740 4.000
D_1968 -7.878 -475.402 4.000
V_1969 0.000 613.196 8.000
V_1970 0.000 613.196 8.000
D_1971 -7.878 -475.402 4.000
F_1972 0.000 560.542 4.000
I_1973 0.000 777.529 4.000
I_1974 0.000 777.529 0.000
I_1975 0.000 777.529 0.000
I_1976 0.000 777.529 0.000
F_1977 0.000 560.542 0.000
G_1978 0.000 -27.649 1.000
F_1979 0.000 560.542 1.000
W_1980 -0.000 -203.500 1.000
A_1981 0.000 185.740 1.000
F_1982 0.000 560.542 4.000
G_1983 0.000 -27.649 5.000
K_1984 -14.420 -818.649 8.000
H_1985 -9.978 -583.484 8.000
S_1986 -14.420 -90.060 8.000
A_1987 0.000 185.740 8.000
A_1988 0.000 185.740 10.000
T_1989 -13.255 -90.974 7.000
D_1990 -21.132 -475.402 10.000
I_1991 0.000 777.529 13.000
T_1992 -18.462 -90.974 13.000
S_1993 -15.425 -90.060 9.000
S_1994 -17.811 -90.060 12.000
L_1995 0.000 679.918 13.000
S_1996 -19.059 -90.060 14.000
D_1997 -25.772 -475.402 15.000
D_1998 -25.772 -475.402 15.000
Q_1999 -23.258 -643.904 12.000
V_2000 0.000 613.196 12.000
P_2001 0.000 -195.996 8.000
E_2002 -7.878 -605.239 4.000
A_2003 0.000 185.740 4.000
F_2004 0.000 560.542 4.000
L_2005 0.000 679.918 0.000
V_2006 0.000 613.196 0.000
M_2007 0.000 401.769 0.000
L_2008 0.000 679.918 0.000
L_2009 0.000 679.918 4.000
I_2010 0.000 777.529 4.000
Q_2011 -16.691 -643.904 7.000
F_2012 0.000 560.542 10.000
S_2013 -16.309 -90.060 10.000
T_2014 -11.867 -90.974 6.000
M_2015 0.000 401.769 6.000
V_2016 0.000 613.196 7.000
V_2017 0.000 613.196 9.000
D_2018 -19.866 -475.402 9.000
R_2019 -23.856 -1015.709 9.000
A_2020 0.000 185.740 11.000
L_2021 0.000 679.918 7.000
Y_2022 -9.265 -274.939 7.000
L_2023 0.000 679.918 10.000
R_2024 -29.616 -1015.709 13.000
K_2025 -17.098 -818.649 11.000
T_2026 -17.098 -90.974 11.000
V_2027 0.000 613.196 6.000
L_2028 0.000 679.918 6.000
G_2029 0.000 -27.649 3.000
K_2030 -4.441 -818.649 3.000
L_2031 0.000 679.918 3.000
A_2032 0.000 185.740 7.000
F_2033 0.000 560.542 4.000
Q_2034 -7.878 -643.904 4.000
V_2035 0.000 613.196 4.000
A_2036 0.000 185.740 4.000
L_2037 0.000 679.918 0.000
V_2038 0.000 613.196 0.000
L_2039 0.000 679.918 0.000
A_2040 0.000 185.740 2.000
I_2041 0.000 777.529 2.000
H_2042 -4.441 -583.484 3.000
L_2043 0.000 679.918 3.000
W_2044 -2.723 -203.500 3.000
M_2045 0.000 401.769 1.000
F_2046 0.000 560.542 1.000
F_2047 0.000 560.542 0.000
I_2048 0.000 777.529 0.000
L_2049 0.000 679.918 0.000
P_2050 0.000 -195.996 0.000
A_2051 0.000 185.740 3.000
V_2052 0.000 613.196 7.000
T_2053 -17.811 -90.974 12.000
E_2054 -23.258 -605.239 12.000
R_2055 -28.412 -1015.709 12.000
M_2056 0.000 401.769 13.000
F_2057 0.000 560.542 13.000
N_2058 -23.258 -507.047 12.000
Q_2059 -23.258 -643.904 12.000
N_2060 -23.258 -507.047 12.000
V_2061 0.000 613.196 8.000
V_2062 0.000 613.196 8.000
A_2063 0.000 185.740 4.000
Q_2064 -11.867 -643.904 5.000
L_2065 0.000 679.918 7.000
W_2066 -4.824 -203.500 7.000
Y_2067 -4.441 -274.939 3.000
F_2068 0.000 560.542 6.000
V_2069 0.000 613.196 5.000
K_2070 -4.441 -818.649 3.000
C_2071 0.000 322.480 5.000
I_2072 0.000 777.529 5.000
Y_2073 -1.718 -274.939 2.000
F_2074 0.000 560.542 2.000
A_2075 0.000 185.740 5.000
L_2076 0.000 679.918 3.000
S_2077 -10.149 -90.060 5.000
A_2078 0.000 185.740 9.000
Y_2079 -10.601 -274.939 9.000
Q_2080 -22.253 -643.904 11.000
I_2081 0.000 777.529 11.000
R_2082 -23.856 -1015.709 9.000
C_2083 0.000 322.480 7.000
G_2084 0.000 -27.649 7.000
Y_2085 -7.426 -274.939 5.000
P_2086 0.000 -195.996 10.000
T_2087 -16.309 -90.974 10.000
R_2088 -21.845 -1015.709 8.000
I_2089 0.000 777.529 8.000
L_2090 0.000 679.918 9.000
G_2091 0.000 -27.649 4.000
N_2092 -7.878 -507.047 4.000
F_2093 0.000 560.542 7.000
L_2094 0.000 679.918 10.000
T_2095 -15.425 -90.974 9.000
K_2096 -17.098 -818.649 11.000
K_2097 -19.613 -818.649 15.000
Y_2098 -12.900 -274.939 14.000
N_2099 -22.253 -507.047 11.000
H_2100 -12.104 -583.484 12.000
L_2101 0.000 679.918 10.000
N_2102 -14.591 -507.047 6.000
L_2103 0.000 679.918 4.000
F_2104 0.000 560.542 4.000
L_2105 0.000 679.918 4.000
F_2106 0.000 560.542 4.000
Q_2107 -7.878 -643.904 4.000
G_2108 0.000 -27.649 9.000
F_2109 0.000 560.542 9.000
R_2110 -11.867 -1015.709 5.000
L_2111 0.000 679.918 5.000
V_2112 0.000 613.196 5.000
P_2113 0.000 -195.996 0.000
F_2114 0.000 560.542 0.000
L_2115 0.000 679.918 4.000
V_2116 0.000 613.196 4.000
E_2117 -19.866 -605.239 9.000
L_2118 0.000 679.918 9.000
R_2119 -23.856 -1015.709 9.000
A_2120 0.000 185.740 5.000
V_2121 0.000 613.196 9.000
M_2122 0.000 401.769 5.000
D_2123 -11.867 -475.402 5.000
W_2124 -4.441 -203.500 6.000
V_2125 0.000 613.196 9.000
W_2126 -5.447 -203.500 9.000
T_2127 -17.098 -90.974 11.000
D_2128 -25.003 -475.402 14.000
T_2129 -18.462 -90.974 13.000
T_2130 -18.462 -90.974 13.000
L_2131 0.000 679.918 9.000
S_2132 -15.425 -90.060 9.000
L_2133 0.000 679.918 9.000
S_2134 -16.309 -90.060 10.000
S_2135 -13.255 -90.060 7.000
W_2136 -4.824 -203.500 7.000
M_2137 0.000 401.769 4.000
C_2138 0.000 322.480 5.000
V_2139 0.000 613.196 8.000
E_2140 -18.409 -605.239 8.000
D_2141 -21.132 -475.402 10.000
I_2142 0.000 777.529 10.000
Y_2143 -11.154 -274.939 10.000
A_2144 0.000 185.740 6.000
N_2145 -14.591 -507.047 6.000
I_2146 0.000 777.529 4.000
F_2147 0.000 560.542 4.000
I_2148 0.000 777.529 3.000
I_2149 0.000 777.529 3.000
K_2150 -11.867 -818.649 6.000
C_2151 0.000 322.480 11.000
S_2152 -19.613 -90.060 15.000
R_2153 -31.716 -1015.709 15.000
E_2154 -28.359 -605.239 19.000
T_2155 -21.486 -90.974 19.000
E_2156 -27.150 -605.239 17.000
K_2157 -19.613 -818.649 15.000
K_2158 -17.811 -818.649 12.000
Y_2159 -12.104 -274.939 12.000
P_2160 0.000 -195.996 9.000
Q_2161 -19.866 -643.904 9.000
P_2162 0.000 -195.996 7.000
K_2163 -17.098 -818.649 11.000
G_2164 0.000 -27.649 10.000
Q_2165 -24.169 -643.904 13.000
K_2166 -18.462 -818.649 13.000
K_2167 -20.127 -818.649 16.000
K_2168 -17.811 -818.649 12.000
K_2169 -15.425 -818.649 9.000
I_2170 0.000 777.529 9.000
V_2171 0.000 613.196 8.000
K_2172 -10.149 -818.649 5.000
Y_2173 -7.426 -274.939 5.000
G_2174 0.000 -27.649 5.000
M_2175 0.000 401.769 2.000
G_2176 0.000 -27.649 0.000
G_2177 0.000 -27.649 0.000
L_2178 0.000 679.918 0.000
I_2179 0.000 777.529 0.000
I_2180 0.000 777.529 0.000
L_2181 0.000 679.918 0.000
F_2182 0.000 560.542 0.000
L_2183 0.000 679.918 0.000
I_2184 0.000 777.529 0.000
A_2185 0.000 185.740 0.000
I_2186 0.000 777.529 1.000
I_2187 0.000 777.529 1.000
W_2188 -0.000 -203.500 1.000
F_2189 0.000 560.542 1.000
P_2190 0.000 -195.996 1.000
L_2191 0.000 679.918 0.000
L_2192 0.000 679.918 0.000
F_2193 0.000 560.542 3.000
M_2194 0.000 401.769 3.000
S_2195 -4.441 -90.060 3.000
L_2196 0.000 679.918 8.000
V_2197 0.000 613.196 11.000
R_2198 -21.845 -1015.709 8.000
S_2199 -14.420 -90.060 8.000
V_2200 0.000 613.196 8.000
V_2201 0.000 613.196 3.000
G_2202 0.000 -27.649 0.000
V_2203 0.000 613.196 4.000
V_2204 0.000 613.196 8.000
N_2205 -18.409 -507.047 8.000
Q_2206 -18.409 -643.904 8.000
P_2207 0.000 -195.996 12.000
I_2208 0.000 777.529 8.000
D_2209 -16.691 -475.402 7.000
V_2210 0.000 613.196 7.000
T_2211 -16.309 -90.974 10.000
V_2212 0.000 613.196 6.000
T_2213 -15.425 -90.974 9.000
L_2214 0.000 679.918 6.000
K_2215 -11.867 -818.649 6.000
L_2216 0.000 679.918 3.000
G_2217 0.000 -27.649 5.000
G_2218 0.000 -27.649 6.000
Y_2219 -8.431 -274.939 6.000
E_2220 -14.591 -605.239 6.000
P_2221 0.000 -195.996 6.000
L_2222 0.000 679.918 7.000
F_2223 0.000 560.542 3.000
T_2224 -11.867 -90.974 6.000
M_2225 0.000 401.769 6.000
S_2226 -16.309 -90.060 10.000
A_2227 0.000 185.740 11.000
Q_2228 -22.253 -643.904 11.000
Q_2229 -22.253 -643.904 11.000
P_2230 0.000 -195.996 11.000
S_2231 -13.255 -90.060 7.000
I_2232 0.000 777.529 3.000
I_2233 0.000 777.529 3.000
P_2234 0.000 -195.996 3.000
F_2235 0.000 560.542 3.000
T_2236 -13.255 -90.974 7.000
A_2237 0.000 185.740 7.000
Q_2238 -19.866 -643.904 9.000
A_2239 0.000 185.740 10.000
Y_2240 -12.900 -274.939 14.000
E_2241 -21.132 -605.239 10.000
E_2242 -24.169 -605.239 13.000
L_2243 0.000 679.918 16.000
S_2244 -20.127 -90.060 16.000
R_2245 -28.412 -1015.709 12.000
Q_2246 -26.485 -643.904 16.000
F_2247 0.000 560.542 13.000
D_2248 -23.258 -475.402 12.000
P_2249 0.000 -195.996 8.000
Q_2250 -18.409 -643.904 8.000
P_2251 0.000 -195.996 4.000
L_2252 0.000 679.918 4.000
A_2253 0.000 185.740 4.000
M_2254 0.000 401.769 4.000
Q_2255 -7.878 -643.904 4.000
F_2256 0.000 560.542 7.000
I_2257 0.000 777.529 11.000
S_2258 -15.425 -90.060 9.000
Q_2259 -23.258 -643.904 12.000
Y_2260 -12.104 -274.939 12.000
S_2261 -18.462 -90.060 13.000
P_2262 0.000 -195.996 13.000
E_2263 -22.253 -605.239 11.000
D_2264 -18.409 -475.402 8.000
I_2265 0.000 777.529 11.000
V_2266 0.000 613.196 7.000
T_2267 -13.255 -90.974 7.000
A_2268 0.000 185.740 7.000
Q_2269 -22.253 -643.904 11.000
I_2270 0.000 777.529 8.000
E_2271 -22.253 -605.239 11.000
G_2272 0.000 -27.649 10.000
S_2273 -16.309 -90.060 10.000
S_2274 -11.867 -90.060 6.000
G_2275 0.000 -27.649 6.000
A_2276 0.000 185.740 4.000
L_2277 0.000 679.918 6.000
W_2278 -4.441 -203.500 6.000
R_2279 -23.856 -1015.709 9.000
I_2280 0.000 777.529 9.000
S_2281 -14.420 -90.060 8.000
P_2282 0.000 -195.996 6.000
P_2283 0.000 -195.996 11.000
S_2284 -14.420 -90.060 8.000
R_2285 -28.412 -1015.709 12.000
A_2286 0.000 185.740 12.000
Q_2287 -23.258 -643.904 12.000
M_2288 0.000 401.769 12.000
K_2289 -20.127 -818.649 16.000
R_2290 -28.412 -1015.709 12.000
E_2291 -25.003 -605.239 14.000
L_2292 0.000 679.918 15.000
Y_2293 -11.154 -274.939 10.000
N_2294 -19.866 -507.047 9.000
G_2295 0.000 -27.649 9.000
T_2296 -17.098 -90.974 11.000
A_2297 0.000 185.740 7.000
D_2298 -21.132 -475.402 10.000
I_2299 0.000 777.529 7.000
T_2300 -17.811 -90.974 12.000
L_2301 0.000 679.918 8.000
R_2302 -27.076 -1015.709 11.000
F_2303 0.000 560.542 9.000
T_2304 -18.462 -90.974 13.000
W_2305 -5.155 -203.500 8.000
N_2306 -23.258 -507.047 12.000
F_2307 0.000 560.542 14.000
Q_2308 -27.150 -643.904 17.000
R_2309 -29.616 -1015.709 13.000
D_2310 -24.169 -475.402 13.000
L_2311 0.000 679.918 12.000
A_2312 0.000 185.740 7.000
K_2313 -4.441 -818.649 3.000
G_2314 0.000 -27.649 6.000
G_2315 0.000 -27.649 6.000
T_2316 -13.255 -90.974 7.000
V_2317 0.000 613.196 9.000
E_2318 -19.866 -605.239 9.000
Y_2319 -11.154 -274.939 10.000
A_2320 0.000 185.740 14.000
N_2321 -24.169 -507.047 13.000
E_2322 -24.169 -605.239 13.000
K_2323 -18.462 -818.649 13.000
H_2324 -10.601 -583.484 9.000
M_2325 0.000 401.769 5.000
L_2326 0.000 679.918 2.000
A_2327 0.000 185.740 0.000
L_2328 0.000 679.918 0.000
A_2329 0.000 185.740 4.000
P_2330 0.000 -195.996 7.000
N_2331 -21.132 -507.047 10.000
S_2332 -16.309 -90.060 10.000
T_2333 -19.613 -90.974 15.000
A_2334 0.000 185.740 16.000
R_2335 -33.508 -1015.709 17.000
R_2336 -30.711 -1015.709 14.000
Q_2337 -25.003 -643.904 14.000
L_2338 0.000 679.918 12.000
A_2339 0.000 185.740 7.000
S_2340 -4.441 -90.060 3.000
L_2341 0.000 679.918 7.000
L_2342 0.000 679.918 7.000
E_2343 -16.691 -605.239 7.000
G_2344 0.000 -27.649 10.000
T_2345 -19.059 -90.974 14.000
S_2346 -19.059 -90.060 14.000
D_2347 -27.150 -475.402 17.000
Q_2348 -25.003 -643.904 14.000
S_2349 -17.098 -90.060 11.000
V_2350 0.000 613.196 7.000
V_2351 0.000 613.196 3.000
I_2352 0.000 777.529 4.000
P_2353 0.000 -195.996 4.000
N_2354 -7.878 -507.047 4.000
L_2355 0.000 679.918 4.000
F_2356 0.000 560.542 7.000
P_2357 0.000 -195.996 5.000
K_2358 -10.149 -818.649 5.000
Y_2359 -11.154 -274.939 10.000
I_2360 0.000 777.529 10.000
R_2361 -19.414 -1015.709 7.000
A_2362 0.000 185.740 9.000
P_2363 0.000 -195.996 9.000
N_2364 -7.878 -507.047 4.000
G_2365 0.000 -27.649 8.000
P_2366 0.000 -195.996 8.000
E_2367 -18.409 -605.239 8.000
A_2368 0.000 185.740 8.000
N_2369 -18.409 -507.047 8.000
P_2370 0.000 -195.996 7.000
V_2371 0.000 613.196 11.000
K_2372 -13.255 -818.649 7.000
Q_2373 -22.253 -643.904 11.000
L_2374 0.000 679.918 11.000
Q_2375 -23.258 -643.904 12.000
P_2376 0.000 -195.996 12.000
N_2377 -26.485 -507.047 16.000
E_2378 -23.258 -605.239 12.000
E_2379 -26.485 -605.239 16.000
A_2380 0.000 185.740 14.000
D_2381 -21.132 -475.402 10.000
Y_2382 -8.431 -274.939 6.000
L_2383 0.000 679.918 6.000
G_2384 0.000 -27.649 7.000
V_2385 0.000 613.196 5.000
R_2386 -23.856 -1015.709 9.000
I_2387 0.000 777.529 9.000
Q_2388 -25.003 -643.904 14.000
L_2389 0.000 679.918 14.000
R_2390 -34.315 -1015.709 18.000
R_2391 -34.315 -1015.709 18.000
E_2392 -27.773 -605.239 18.000
Q_2393 -24.169 -643.904 13.000
G_2394 0.000 -27.649 8.000
A_2395 0.000 185.740 4.000
G_2396 0.000 -27.649 3.000
A_2397 0.000 185.740 3.000
T_2398 -4.441 -90.974 3.000
G_2399 0.000 -27.649 3.000
F_2400 0.000 560.542 7.000
L_2401 0.000 679.918 5.000
E_2402 -14.591 -605.239 6.000
W_2403 -4.441 -203.500 6.000
W_2404 -4.441 -203.500 6.000
V_2405 0.000 613.196 6.000
I_2406 0.000 777.529 5.000
E_2407 -18.409 -605.239 8.000
L_2408 0.000 679.918 12.000
Q_2409 -23.258 -643.904 12.000
E_2410 -24.169 -605.239 13.000
C_2411 0.000 322.480 16.000
R_2412 -32.645 -1015.709 16.000
T_2413 -17.811 -90.974 12.000
D_2414 -26.485 -475.402 16.000
C_2415 0.000 322.480 11.000
N_2416 -18.409 -507.047 8.000
L_2417 0.000 679.918 4.000
L_2418 0.000 679.918 4.000
P_2419 0.000 -195.996 0.000
M_2420 0.000 401.769 0.000
V_2421 0.000 613.196 0.000
I_2422 0.000 777.529 3.000
F_2423 0.000 560.542 7.000
S_2424 -16.309 -90.060 10.000
D_2425 -21.132 -475.402 10.000
K_2426 -18.462 -818.649 13.000
V_2427 0.000 613.196 10.000
S_2428 -11.867 -90.060 6.000
P_2429 0.000 -195.996 6.000
P_2430 0.000 -195.996 6.000
S_2431 -4.441 -90.060 3.000
L_2432 0.000 679.918 3.000
G_2433 0.000 -27.649 3.000
F_2434 0.000 560.542 0.000
L_2435 0.000 679.918 0.000
A_2436 0.000 185.740 2.000
G_2437 0.000 -27.649 2.000
Y_2438 -1.718 -274.939 2.000
G_2439 0.000 -27.649 2.000
I_2440 0.000 777.529 2.000
M_2441 0.000 401.769 0.000
G_2442 0.000 -27.649 2.000
L_2443 0.000 679.918 2.000
Y_2444 -7.426 -274.939 5.000
V_2445 0.000 613.196 5.000
S_2446 -10.149 -90.060 5.000
I_2447 0.000 777.529 3.000
V_2448 0.000 613.196 3.000
L_2449 0.000 679.918 0.000
V_2450 0.000 613.196 0.000
I_2451 0.000 777.529 3.000
G_2452 0.000 -27.649 3.000
K_2453 -4.441 -818.649 3.000
F_2454 0.000 560.542 8.000
V_2455 0.000 613.196 8.000
R_2456 -11.867 -1015.709 5.000
G_2457 0.000 -27.649 5.000
F_2458 0.000 560.542 8.000
F_2459 0.000 560.542 7.000
S_2460 -13.255 -90.060 7.000
E_2461 -21.132 -605.239 10.000
I_2462 0.000 777.529 12.000
S_2463 -17.811 -90.060 12.000
H_2464 -9.978 -583.484 8.000
S_2465 -14.420 -90.060 8.000
I_2466 0.000 777.529 5.000
M_2467 0.000 401.769 7.000
F_2468 0.000 560.542 8.000
E_2469 -18.409 -605.239 8.000
E_2470 -18.409 -605.239 8.000
L_2471 0.000 679.918 8.000
P_2472 0.000 -195.996 4.000
C_2473 0.000 322.480 4.000
V_2474 0.000 613.196 9.000
D_2475 -19.866 -475.402 9.000
R_2476 -23.856 -1015.709 9.000
I_2477 0.000 777.529 12.000
L_2478 0.000 679.918 8.000
K_2479 -4.441 -818.649 3.000
L_2480 0.000 679.918 7.000
C_2481 0.000 322.480 11.000
Q_2482 -18.409 -643.904 8.000
D_2483 -18.409 -475.402 8.000
I_2484 0.000 777.529 8.000
F_2485 0.000 560.542 4.000
L_2486 0.000 679.918 5.000
V_2487 0.000 613.196 9.000
R_2488 -28.412 -1015.709 12.000
E_2489 -27.150 -605.239 17.000
T_2490 -22.271 -90.974 21.000
R_2491 -32.645 -1015.709 16.000
E_2492 -26.485 -605.239 16.000
L_2493 0.000 679.918 13.000
E_2494 -23.258 -605.239 12.000
L_2495 0.000 679.918 12.000
E_2496 -26.485 -605.239 16.000
E_2497 -23.258 -605.239 12.000
E_2498 -25.003 -605.239 14.000
L_2499 0.000 679.918 10.000
Y_2500 -10.601 -274.939 9.000
A_2501 0.000 185.740 5.000
K_2502 -10.149 -818.649 5.000
L_2503 0.000 679.918 3.000
I_2504 0.000 777.529 3.000
F_2505 0.000 560.542 2.000
L_2506 0.000 679.918 7.000
Y_2507 -11.154 -274.939 10.000
R_2508 -25.574 -1015.709 10.000
S_2509 -19.059 -90.060 14.000
P_2510 0.000 -195.996 15.000
E_2511 -21.132 -605.239 10.000
T_2512 -13.255 -90.974 7.000
M_2513 0.000 401.769 10.000
I_2514 0.000 777.529 7.000
K_2515 -13.255 -818.649 7.000
W_2516 -6.160 -203.500 12.000
T_2517 -20.127 -90.974 16.000
R_2518 -32.645 -1015.709 16.000
E_2519 -28.359 -605.239 19.000
K_2520 -20.127 -818.649 16.000
E_2521 -22.253 -605.239 11.000
