M_1 0.000 401.769 0.000
A_2 0.000 185.740 3.000
L_3 0.000 679.918 8.000
S_4 -14.420 -90.060 8.000
R_5 -21.845 -1015.709 8.000
G_6 0.000 -27.649 8.000
L_7 0.000 679.918 10.000
P_8 0.000 -195.996 9.000
R_9 -23.856 -1015.709 9.000
E_10 -19.866 -605.239 9.000
L_11 0.000 679.918 13.000
A_12 0.000 185.740 8.000
E_13 -7.878 -605.239 4.000
A_14 0.000 185.740 4.000
V_15 0.000 613.196 4.000
A_16 0.000 185.740 0.000
G_17 0.000 -27.649 5.000
G_18 0.000 -27.649 5.000
R_19 -11.867 -1015.709 5.000
V_20 0.000 613.196 5.000
L_21 0.000 679.918 5.000
V_22 0.000 613.196 0.000
V_23 0.000 613.196 0.000
G_24 0.000 -27.649 0.000
A_25 0.000 185.740 0.000
G_26 0.000 -27.649 0.000
G_27 0.000 -27.649 0.000
I_28 0.000 777.529 0.000
G_29 0.000 -27.649 4.000
C_30 0.000 322.480 4.000
E_31 -7.878 -605.239 4.000
L_32 0.000 679.918 7.000
L_33 0.000 679.918 11.000
K_34 -13.255 -818.649 7.000
N_35 -16.691 -507.047 7.000
L_36 0.000 679.918 7.000
V_37 0.000 613.196 7.000
L_38 0.000 679.918 3.000
T_39 -4.441 -90.974 3.000
G_40 0.000 -27.649 6.000
F_41 0.000 560.542 8.000
S_42 -10.149 -90.060 5.000
H_43 -10.601 -583.484 9.000
I_44 0.000 777.529 9.000
D_45 -14.591 -475.402 6.000
L_46 0.000 679.918 8.000
I_47 0.000 777.529 8.000
D_48 -18.409 -475.402 8.000
L_49 0.000 679.918 11.000
D_50 -22.253 -475.402 11.000
T_51 -17.098 -90.974 11.000
I_52 0.000 777.529 11.000
D_53 -21.132 -475.402 10.000
V_54 0.000 613.196 11.000
S_55 -17.098 -90.060 11.000
N_56 -22.253 -507.047 11.000
L_57 0.000 679.918 16.000
N_58 -27.150 -507.047 17.000
R_59 -29.616 -1015.709 13.000
Q_60 -24.169 -643.904 13.000
F_61 0.000 560.542 9.000
L_62 0.000 679.918 8.000
F_63 0.000 560.542 7.000
Q_64 -21.132 -643.904 10.000
K_65 -17.811 -818.649 12.000
K_66 -17.811 -818.649 12.000
H_67 -9.978 -583.484 8.000
V_68 0.000 613.196 10.000
G_69 0.000 -27.649 10.000
R_70 -27.076 -1015.709 11.000
S_71 -17.098 -90.060 11.000
K_72 -19.613 -818.649 15.000
A_73 0.000 185.740 10.000
Q_74 -16.691 -643.904 7.000
V_75 0.000 613.196 7.000
A_76 0.000 185.740 11.000
K_77 -16.309 -818.649 10.000
E_78 -21.132 -605.239 10.000
S_79 -16.309 -90.060 10.000
V_80 0.000 613.196 11.000
L_81 0.000 679.918 7.000
Q_82 -14.591 -643.904 6.000
F_83 0.000 560.542 6.000
Y_84 -10.601 -274.939 9.000
P_85 0.000 -195.996 5.000
K_86 -15.425 -818.649 9.000
A_87 0.000 185.740 7.000
N_88 -16.691 -507.047 7.000
I_89 0.000 777.529 4.000
V_90 0.000 613.196 6.000
A_91 0.000 185.740 4.000
Y_92 -9.978 -274.939 8.000
H_93 -11.652 -583.484 11.000
D_94 -22.253 -475.402 11.000
S_95 -15.425 -90.060 9.000
I_96 0.000 777.529 11.000
M_97 0.000 401.769 7.000
N_98 -18.409 -507.047 8.000
P_99 0.000 -195.996 10.000
D_100 -25.003 -475.402 14.000
Y_101 -11.154 -274.939 10.000
N_102 -25.003 -507.047 14.000
V_103 0.000 613.196 10.000
E_104 -18.409 -605.239 8.000
F_105 0.000 560.542 9.000
F_106 0.000 560.542 13.000
R_107 -23.856 -1015.709 9.000
Q_108 -19.866 -643.904 9.000
F_109 0.000 560.542 9.000
I_110 0.000 777.529 4.000
L_111 0.000 679.918 0.000
V_112 0.000 613.196 4.000
M_113 0.000 401.769 4.000
N_114 -7.878 -507.047 4.000
A_115 0.000 185.740 8.000
L_116 0.000 679.918 12.000
D_117 -24.169 -475.402 13.000
N_118 -24.169 -507.047 13.000
R_119 -29.616 -1015.709 13.000
A_120 0.000 185.740 14.000
A_121 0.000 185.740 14.000
R_122 -27.076 -1015.709 11.000
N_123 -22.253 -507.047 11.000
H_124 -13.255 -583.484 15.000
V_125 0.000 613.196 15.000
N_126 -22.253 -507.047 11.000
R_127 -23.856 -1015.709 9.000
M_128 0.000 401.769 9.000
C_129 0.000 322.480 5.000
L_130 0.000 679.918 0.000
A_131 0.000 185.740 4.000
A_132 0.000 185.740 4.000
D_133 -7.878 -475.402 4.000
V_134 0.000 613.196 4.000
P_135 0.000 -195.996 4.000
L_136 0.000 679.918 4.000
I_137 0.000 777.529 7.000
E_138 -16.691 -605.239 7.000
S_139 -16.309 -90.060 10.000
G_140 0.000 -27.649 10.000
T_141 -11.867 -90.974 6.000
A_142 0.000 185.740 5.000
G_143 0.000 -27.649 5.000
Y_144 -1.718 -274.939 2.000
L_145 0.000 679.918 6.000
G_146 0.000 -27.649 6.000
Q_147 -16.691 -643.904 7.000
V_148 0.000 613.196 10.000
T_149 -16.309 -90.974 10.000
T_150 -15.425 -90.974 9.000
I_151 0.000 777.529 12.000
K_152 -15.425 -818.649 9.000
K_153 -11.867 -818.649 6.000
G_154 0.000 -27.649 9.000
V_155 0.000 613.196 10.000
T_156 -13.255 -90.974 7.000
E_157 -19.866 -605.239 9.000
C_158 0.000 322.480 13.000
Y_159 -11.154 -274.939 10.000
E_160 -18.409 -605.239 8.000
C_161 0.000 322.480 8.000
H_162 -10.601 -583.484 9.000
P_163 0.000 -195.996 5.000
K_164 -14.420 -818.649 8.000
P_165 0.000 -195.996 10.000
T_166 -19.613 -90.974 15.000
Q_167 -25.772 -643.904 15.000
R_168 -31.716 -1015.709 15.000
T_169 -17.811 -90.974 12.000
F_170 0.000 560.542 8.000
P_171 0.000 -195.996 3.000
G_172 0.000 -27.649 3.000
C_173 0.000 322.480 3.000
T_174 -14.420 -90.974 8.000
I_175 0.000 777.529 12.000
R_176 -31.716 -1015.709 15.000
N_177 -23.258 -507.047 12.000
T_178 -19.613 -90.974 15.000
P_179 0.000 -195.996 14.000
S_180 -16.309 -90.060 10.000
E_181 -16.691 -605.239 7.000
P_182 0.000 -195.996 9.000
I_183 0.000 777.529 6.000
H_184 -1.718 -583.484 2.000
C_185 0.000 322.480 2.000
I_186 0.000 777.529 3.000
V_187 0.000 613.196 1.000
W_188 -3.436 -203.500 4.000
A_189 0.000 185.740 6.000
K_190 -11.867 -818.649 6.000
Y_191 -7.426 -274.939 5.000
L_192 0.000 679.918 9.000
F_193 0.000 560.542 10.000
N_194 -18.409 -507.047 8.000
Q_195 -18.409 -643.904 8.000
L_196 0.000 679.918 8.000
F_197 0.000 560.542 8.000
G_198 0.000 -27.649 8.000
E_199 -23.258 -605.239 12.000
E_200 -23.258 -605.239 12.000
D_201 -26.485 -475.402 16.000
A_202 0.000 185.740 16.000
D_203 -26.485 -475.402 16.000
Q_204 -23.258 -643.904 12.000
E_205 -25.772 -605.239 15.000
V_206 0.000 613.196 11.000
S_207 -17.098 -90.060 11.000
P_208 0.000 -195.996 12.000
D_209 -23.258 -475.402 12.000
R_210 -29.616 -1015.709 13.000
A_211 0.000 185.740 13.000
D_212 -24.169 -475.402 13.000
P_213 0.000 -195.996 8.000
E_214 -18.409 -605.239 8.000
A_215 0.000 185.740 5.000
A_216 0.000 185.740 9.000
W_217 -3.990 -203.500 5.000
E_218 -18.409 -605.239 8.000
P_219 0.000 -195.996 12.000
T_220 -17.098 -90.974 11.000
E_221 -22.253 -605.239 11.000
A_222 0.000 185.740 11.000
E_223 -24.169 -605.239 13.000
A_224 0.000 185.740 9.000
R_225 -30.711 -1015.709 14.000
A_226 0.000 185.740 10.000
R_227 -29.616 -1015.709 13.000
A_228 0.000 185.740 12.000
S_229 -20.127 -90.060 16.000
N_230 -25.772 -507.047 15.000
E_231 -25.772 -605.239 15.000
D_232 -26.485 -475.402 16.000
G_233 0.000 -27.649 12.000
D_234 -22.253 -475.402 11.000
I_235 0.000 777.529 12.000
K_236 -17.811 -818.649 12.000
R_237 -27.076 -1015.709 11.000
I_238 0.000 777.529 14.000
S_239 -19.059 -90.060 14.000
T_240 -18.462 -90.974 13.000
K_241 -19.059 -818.649 14.000
E_242 -22.253 -605.239 11.000
W_243 -5.944 -203.500 11.000
A_244 0.000 185.740 11.000
K_245 -16.309 -818.649 10.000
S_246 -15.425 -90.060 9.000
T_247 -17.098 -90.974 11.000
G_248 0.000 -27.649 12.000
Y_249 -10.601 -274.939 9.000
D_250 -14.591 -475.402 6.000
P_251 0.000 -195.996 9.000
V_252 0.000 613.196 7.000
K_253 -4.441 -818.649 3.000
L_254 0.000 679.918 6.000
F_255 0.000 560.542 9.000
T_256 -11.867 -90.974 6.000
K_257 -11.867 -818.649 6.000
L_258 0.000 679.918 9.000
F_259 0.000 560.542 10.000
K_260 -17.098 -818.649 11.000
D_261 -22.253 -475.402 11.000
D_262 -26.485 -475.402 16.000
I_263 0.000 777.529 15.000
R_264 -27.076 -1015.709 11.000
Y_265 -9.265 -274.939 7.000
L_266 0.000 679.918 10.000
L_267 0.000 679.918 5.000
T_268 -13.255 -90.974 7.000
M_269 0.000 401.769 10.000
D_270 -21.132 -475.402 10.000
K_271 -14.420 -818.649 8.000
L_272 0.000 679.918 13.000
W_273 -6.160 -203.500 12.000
R_274 -30.711 -1015.709 14.000
K_275 -20.609 -818.649 17.000
R_276 -32.645 -1015.709 16.000
K_277 -17.098 -818.649 11.000
P_278 0.000 -195.996 8.000
P_279 0.000 -195.996 3.000
V_280 0.000 613.196 0.000
P_281 0.000 -195.996 4.000
L_282 0.000 679.918 5.000
D_283 -11.867 -475.402 5.000
W_284 -5.447 -203.500 9.000
A_285 0.000 185.740 9.000
E_286 -19.866 -605.239 9.000
V_287 0.000 613.196 11.000
Q_288 -25.772 -643.904 15.000
S_289 -17.098 -90.060 11.000
Q_290 -25.772 -643.904 15.000
G_291 0.000 -27.649 15.000
E_292 -25.772 -605.239 15.000
E_293 -25.772 -605.239 15.000
T_294 -19.613 -90.974 15.000
N_295 -25.003 -507.047 14.000
A_296 0.000 185.740 14.000
S_297 -19.613 -90.060 15.000
D_298 -25.772 -475.402 15.000
Q_299 -28.359 -643.904 19.000
Q_300 -28.912 -643.904 20.000
N_301 -26.485 -507.047 16.000
E_302 -26.485 -605.239 16.000
P_303 0.000 -195.996 12.000
Q_304 -18.409 -643.904 8.000
L_305 0.000 679.918 4.000
G_306 0.000 -27.649 7.000
L_307 0.000 679.918 7.000
K_308 -17.098 -818.649 11.000
D_309 -25.772 -475.402 15.000
Q_310 -25.772 -643.904 15.000
Q_311 -23.258 -643.904 12.000
V_312 0.000 613.196 12.000
L_313 0.000 679.918 8.000
D_314 -16.691 -475.402 7.000
V_315 0.000 613.196 10.000
K_316 -17.811 -818.649 12.000
S_317 -14.420 -90.060 8.000
Y_318 -12.518 -274.939 13.000
A_319 0.000 185.740 10.000
R_320 -19.414 -1015.709 7.000
L_321 0.000 679.918 8.000
F_322 0.000 560.542 11.000
S_323 -15.425 -90.060 9.000
K_324 -15.425 -818.649 9.000
S_325 -18.462 -90.060 13.000
I_326 0.000 777.529 13.000
E_327 -21.132 -605.239 10.000
T_328 -17.811 -90.974 12.000
L_329 0.000 679.918 12.000
R_330 -25.574 -1015.709 10.000
V_331 0.000 613.196 7.000
H_332 -9.265 -583.484 7.000
L_333 0.000 679.918 6.000
A_334 0.000 185.740 9.000
E_335 -16.691 -605.239 7.000
K_336 -17.098 -818.649 11.000
G_337 0.000 -27.649 11.000
D_338 -16.691 -475.402 7.000
G_339 0.000 -27.649 8.000
A_340 0.000 185.740 8.000
E_341 -7.878 -605.239 4.000
L_342 0.000 679.918 5.000
I_343 0.000 777.529 9.000
W_344 -5.155 -203.500 8.000
D_345 -23.258 -475.402 12.000
K_346 -20.127 -818.649 16.000
D_347 -25.772 -475.402 15.000
D_348 -25.003 -475.402 14.000
P_349 0.000 -195.996 11.000
S_350 -13.255 -90.060 7.000
A_351 0.000 185.740 7.000
M_352 0.000 401.769 7.000
D_353 -7.878 -475.402 4.000
F_354 0.000 560.542 7.000
V_355 0.000 613.196 10.000
T_356 -11.867 -90.974 6.000
S_357 -11.867 -90.060 6.000
A_358 0.000 185.740 10.000
A_359 0.000 185.740 7.000
N_360 -19.866 -507.047 9.000
L_361 0.000 679.918 9.000
R_362 -27.076 -1015.709 11.000
M_363 0.000 401.769 7.000
H_364 -9.265 -583.484 7.000
I_365 0.000 777.529 5.000
F_366 0.000 560.542 5.000
S_367 -13.255 -90.060 7.000
M_368 0.000 401.769 7.000
N_369 -21.132 -507.047 10.000
M_370 0.000 401.769 10.000
K_371 -19.613 -818.649 15.000
S_372 -17.098 -90.060 11.000
R_373 -31.716 -1015.709 15.000
F_374 0.000 560.542 12.000
D_375 -23.258 -475.402 12.000
I_376 0.000 777.529 10.000
K_377 -16.309 -818.649 10.000
S_378 -11.867 -90.060 6.000
M_379 0.000 401.769 6.000
A_380 0.000 185.740 7.000
G_381 0.000 -27.649 4.000
N_382 -7.878 -507.047 4.000
I_383 0.000 777.529 4.000
I_384 0.000 777.529 4.000
P_385 0.000 -195.996 0.000
A_386 0.000 185.740 0.000
I_387 0.000 777.529 3.000
A_388 0.000 185.740 6.000
T_389 -16.309 -90.974 10.000
T_390 -16.309 -90.974 10.000
N_391 -21.132 -507.047 10.000
A_392 0.000 185.740 7.000
V_393 0.000 613.196 4.000
I_394 0.000 777.529 0.000
A_395 0.000 185.740 0.000
G_396 0.000 -27.649 0.000
L_397 0.000 679.918 0.000
I_398 0.000 777.529 0.000
V_399 0.000 613.196 4.000
L_400 0.000 679.918 4.000
E_401 -7.878 -605.239 4.000
G_402 0.000 -27.649 7.000
L_403 0.000 679.918 7.000
K_404 -4.441 -818.649 3.000
I_405 0.000 777.529 6.000
L_406 0.000 679.918 6.000
S_407 -11.867 -90.060 6.000
G_408 0.000 -27.649 6.000
K_409 -16.309 -818.649 10.000
I_410 0.000 777.529 11.000
D_411 -22.253 -475.402 11.000
Q_412 -24.169 -643.904 13.000
C_413 0.000 322.480 16.000
R_414 -28.412 -1015.709 12.000
T_415 -14.420 -90.974 8.000
I_416 0.000 777.529 8.000
F_417 0.000 560.542 7.000
L_418 0.000 679.918 7.000
N_419 -22.253 -507.047 11.000
K_420 -17.098 -818.649 11.000
Q_421 -25.772 -643.904 15.000
P_422 0.000 -195.996 11.000
N_423 -24.169 -507.047 13.000
P_424 0.000 -195.996 12.000
R_425 -31.716 -1015.709 15.000
K_426 -17.098 -818.649 11.000
K_427 -17.098 -818.649 11.000
L_428 0.000 679.918 6.000
L_429 0.000 679.918 3.000
V_430 0.000 613.196 0.000
P_431 0.000 -195.996 0.000
C_432 0.000 322.480 0.000
A_433 0.000 185.740 4.000
L_434 0.000 679.918 4.000
D_435 -7.878 -475.402 4.000
P_436 0.000 -195.996 8.000
P_437 0.000 -195.996 8.000
N_438 -18.409 -507.047 8.000
P_439 0.000 -195.996 8.000
N_440 -21.132 -507.047 10.000
C_441 0.000 322.480 6.000
Y_442 -8.431 -274.939 6.000
V_443 0.000 613.196 2.000
C_444 0.000 322.480 5.000
A_445 0.000 185.740 6.000
S_446 -11.867 -90.060 6.000
K_447 -16.309 -818.649 10.000
P_448 0.000 -195.996 10.000
E_449 -21.132 -605.239 10.000
V_450 0.000 613.196 7.000
T_451 -17.811 -90.974 12.000
V_452 0.000 613.196 8.000
R_453 -28.412 -1015.709 12.000
L_454 0.000 679.918 9.000
N_455 -22.253 -507.047 11.000
V_456 0.000 613.196 9.000
H_457 -10.601 -583.484 9.000
K_458 -14.420 -818.649 8.000
V_459 0.000 613.196 8.000
T_460 -11.867 -90.974 6.000
V_461 0.000 613.196 6.000
L_462 0.000 679.918 6.000
T_463 -13.255 -90.974 7.000
L_464 0.000 679.918 11.000
Q_465 -25.003 -643.904 14.000
D_466 -22.253 -475.402 11.000
K_467 -17.098 -818.649 11.000
I_468 0.000 777.529 10.000
V_469 0.000 613.196 10.000
K_470 -16.309 -818.649 10.000
E_471 -21.132 -605.239 10.000
K_472 -16.309 -818.649 10.000
F_473 0.000 560.542 7.000
A_474 0.000 185.740 3.000
M_475 0.000 401.769 0.000
V_476 0.000 613.196 0.000
A_477 0.000 185.740 4.000
P_478 0.000 -195.996 4.000
D_479 -18.409 -475.402 8.000
V_480 0.000 613.196 8.000
Q_481 -23.258 -643.904 12.000
I_482 0.000 777.529 12.000
E_483 -23.258 -605.239 12.000
D_484 -22.253 -475.402 11.000
G_485 0.000 -27.649 11.000
K_486 -16.309 -818.649 10.000
G_487 0.000 -27.649 6.000
T_488 -11.867 -90.974 6.000
I_489 0.000 777.529 3.000
L_490 0.000 679.918 6.000
I_491 0.000 777.529 6.000
S_492 -16.309 -90.060 10.000
S_493 -19.059 -90.060 14.000
E_494 -25.003 -605.239 14.000
E_495 -25.772 -605.239 15.000
G_496 0.000 -27.649 15.000
E_497 -25.772 -605.239 15.000
T_498 -17.098 -90.974 11.000
E_499 -25.772 -605.239 15.000
A_500 0.000 185.740 15.000
N_501 -25.003 -507.047 14.000
N_502 -24.169 -507.047 13.000
H_503 -13.586 -583.484 16.000
K_504 -17.811 -818.649 12.000
K_505 -17.098 -818.649 11.000
L_506 0.000 679.918 13.000
S_507 -16.309 -90.060 10.000
E_508 -16.691 -605.239 7.000
F_509 0.000 560.542 7.000
G_510 0.000 -27.649 9.000
I_511 0.000 777.529 9.000
R_512 -23.856 -1015.709 9.000
N_513 -23.258 -507.047 12.000
G_514 0.000 -27.649 17.000
S_515 -17.811 -90.060 12.000
R_516 -28.412 -1015.709 12.000
L_517 0.000 679.918 12.000
Q_518 -24.169 -643.904 13.000
A_519 0.000 185.740 12.000
D_520 -23.258 -475.402 12.000
D_521 -18.409 -475.402 8.000
F_522 0.000 560.542 12.000
L_523 0.000 679.918 12.000
Q_524 -21.132 -643.904 10.000
D_525 -24.169 -475.402 13.000
Y_526 -12.518 -274.939 13.000
T_527 -15.425 -90.974 9.000
L_528 0.000 679.918 5.000
L_529 0.000 679.918 7.000
I_530 0.000 777.529 4.000
N_531 -7.878 -507.047 4.000
I_532 0.000 777.529 6.000
L_533 0.000 679.918 9.000
H_534 -10.601 -583.484 9.000
S_535 -18.462 -90.060 13.000
E_536 -24.169 -605.239 13.000
D_537 -22.253 -475.402 11.000
L_538 0.000 679.918 11.000
G_539 0.000 -27.649 11.000
K_540 -13.255 -818.649 7.000
D_541 -22.253 -475.402 11.000
V_542 0.000 613.196 11.000
E_543 -23.258 -605.239 12.000
F_544 0.000 560.542 8.000
E_545 -18.409 -605.239 8.000
V_546 0.000 613.196 4.000
V_547 0.000 613.196 8.000
G_548 0.000 -27.649 4.000
D_549 -7.878 -475.402 4.000
A_550 0.000 185.740 8.000
P_551 0.000 -195.996 11.000
E_552 -16.691 -605.239 7.000
K_553 -13.255 -818.649 7.000
V_554 0.000 613.196 7.000
G_555 0.000 -27.649 6.000
P_556 0.000 -195.996 7.000
K_557 -13.255 -818.649 7.000
Q_558 -22.253 -643.904 11.000
A_559 0.000 185.740 15.000
E_560 -23.258 -605.239 12.000
D_561 -18.409 -475.402 8.000
A_562 0.000 185.740 11.000
A_563 0.000 185.740 10.000
K_564 -11.867 -818.649 6.000
S_565 -15.425 -90.060 9.000
I_566 0.000 777.529 13.000
T_567 -16.309 -90.974 10.000
N_568 -21.132 -507.047 10.000
G_569 0.000 -27.649 14.000
S_570 -19.613 -90.060 15.000
D_571 -22.253 -475.402 11.000
D_572 -22.253 -475.402 11.000
G_573 0.000 -27.649 12.000
A_574 0.000 185.740 8.000
Q_575 -16.691 -643.904 7.000
P_576 0.000 -195.996 10.000
S_577 -18.462 -90.060 13.000
T_578 -17.811 -90.974 12.000
S_579 -17.811 -90.060 12.000
T_580 -18.462 -90.974 13.000
A_581 0.000 185.740 14.000
Q_582 -25.772 -643.904 15.000
E_583 -26.485 -605.239 16.000
Q_584 -28.912 -643.904 20.000
D_585 -26.485 -475.402 16.000
D_586 -23.258 -475.402 12.000
V_587 0.000 613.196 8.000
L_588 0.000 679.918 4.000
I_589 0.000 777.529 4.000
V_590 0.000 613.196 7.000
D_591 -22.253 -475.402 11.000
S_592 -19.613 -90.060 15.000
D_593 -28.359 -475.402 19.000
E_594 -28.359 -605.239 19.000
E_595 -28.359 -605.239 19.000
D_596 -27.773 -475.402 18.000
S_597 -21.060 -90.060 18.000
S_598 -21.060 -90.060 18.000
N_599 -25.003 -507.047 14.000
N_600 -25.772 -507.047 15.000
A_601 0.000 185.740 12.000
D_602 -22.253 -475.402 11.000
V_603 0.000 613.196 11.000
S_604 -19.613 -90.060 15.000
E_605 -25.772 -605.239 15.000
E_606 -28.912 -605.239 20.000
E_607 -28.912 -605.239 20.000
R_608 -36.459 -1015.709 21.000
S_609 -21.889 -90.060 20.000
R_610 -36.459 -1015.709 21.000
K_611 -21.486 -818.649 19.000
R_612 -32.645 -1015.709 16.000
K_613 -19.613 -818.649 15.000
L_614 0.000 679.918 16.000
D_615 -25.003 -475.402 14.000
E_616 -25.772 -605.239 15.000
K_617 -21.486 -818.649 19.000
E_618 -25.772 -605.239 15.000
N_619 -25.003 -507.047 14.000
L_620 0.000 679.918 11.000
S_621 -16.309 -90.060 10.000
A_622 0.000 185.740 11.000
K_623 -19.059 -818.649 14.000
R_624 -32.645 -1015.709 16.000
S_625 -20.127 -90.060 16.000
R_626 -33.508 -1015.709 17.000
I_627 0.000 777.529 16.000
E_628 -26.485 -605.239 16.000
Q_629 -25.772 -643.904 15.000
K_630 -21.486 -818.649 19.000
E_631 -25.772 -605.239 15.000
E_632 -25.772 -605.239 15.000
L_633 0.000 679.918 16.000
D_634 -23.258 -475.402 12.000
D_635 -18.409 -475.402 8.000
V_636 0.000 613.196 8.000
I_637 0.000 777.529 4.000
A_638 0.000 185.740 4.000
L_639 0.000 679.918 4.000
D_640 -7.878 -475.402 4.000
