M_1 0.000 401.769 0.000
M_2 0.000 401.769 0.000
A_3 0.000 185.740 4.000
M_4 0.000 401.769 7.000
N_5 -21.132 -507.047 10.000
S_6 -19.059 -90.060 14.000
K_7 -19.059 -818.649 14.000
Q_8 -21.132 -643.904 10.000
P_9 0.000 -195.996 7.000
F_10 0.000 560.542 4.000
G_11 0.000 -27.649 2.000
M_12 0.000 401.769 2.000
H_13 -1.718 -583.484 2.000
P_14 0.000 -195.996 2.000
V_15 0.000 613.196 6.000
L_16 0.000 679.918 8.000
Q_17 -18.409 -643.904 8.000
E_18 -22.253 -605.239 11.000
P_19 0.000 -195.996 11.000
K_20 -16.309 -818.649 10.000
F_21 0.000 560.542 9.000
S_22 -15.425 -90.060 9.000
S_23 -14.420 -90.060 8.000
L_24 0.000 679.918 11.000
H_25 -9.978 -583.484 8.000
S_26 -14.420 -90.060 8.000
G_27 0.000 -27.649 12.000
S_28 -16.309 -90.060 10.000
E_29 -16.691 -605.239 7.000
A_30 0.000 185.740 12.000
M_31 0.000 401.769 14.000
R_32 -25.574 -1015.709 10.000
R_33 -25.574 -1015.709 10.000
V_34 0.000 613.196 10.000
C_35 0.000 322.480 5.000
L_36 0.000 679.918 0.000
P_37 0.000 -195.996 0.000
A_38 0.000 185.740 4.000
P_39 0.000 -195.996 4.000
Q_40 -18.409 -643.904 8.000
L_41 0.000 679.918 8.000
Q_42 -23.258 -643.904 12.000
G_43 0.000 -27.649 8.000
N_44 -18.409 -507.047 8.000
I_45 0.000 777.529 4.000
F_46 0.000 560.542 7.000
G_47 0.000 -27.649 3.000
S_48 -13.255 -90.060 7.000
F_49 0.000 560.542 11.000
D_50 -25.003 -475.402 14.000
E_51 -22.253 -605.239 11.000
S_52 -17.098 -90.060 11.000
L_53 0.000 679.918 7.000
L_54 0.000 679.918 8.000
A_55 0.000 185.740 5.000
R_56 -23.856 -1015.709 9.000
A_57 0.000 185.740 9.000
E_58 -19.866 -605.239 9.000
A_59 0.000 185.740 4.000
L_60 0.000 679.918 4.000
A_61 0.000 185.740 0.000
A_62 0.000 185.740 4.000
V_63 0.000 613.196 4.000
D_64 -7.878 -475.402 4.000
I_65 0.000 777.529 7.000
V_66 0.000 613.196 9.000
S_67 -10.149 -90.060 5.000
H_68 -9.978 -583.484 8.000
G_69 0.000 -27.649 12.000
K_70 -17.098 -818.649 11.000
N_71 -19.866 -507.047 9.000
H_72 -10.601 -583.484 9.000
P_73 0.000 -195.996 9.000
F_74 0.000 560.542 5.000
K_75 -13.255 -818.649 7.000
P_76 0.000 -195.996 7.000
D_77 -21.132 -475.402 10.000
A_78 0.000 185.740 9.000
T_79 -17.098 -90.974 11.000
Y_80 -11.154 -274.939 10.000
H_81 -11.154 -583.484 10.000
T_82 -16.309 -90.974 10.000
M_83 0.000 401.769 11.000
S_84 -15.425 -90.060 9.000
S_85 -11.867 -90.060 6.000
V_86 0.000 613.196 6.000
P_87 0.000 -195.996 6.000
C_88 0.000 322.480 6.000
T_89 -15.425 -90.974 9.000
S_90 -17.811 -90.060 12.000
T_91 -19.613 -90.974 15.000
S_92 -19.613 -90.060 15.000
S_93 -17.811 -90.060 12.000
T_94 -15.425 -90.974 9.000
V_95 0.000 613.196 6.000
P_96 0.000 -195.996 6.000
I_97 0.000 777.529 5.000
S_98 -10.149 -90.060 5.000
H_99 -7.426 -583.484 5.000
P_100 0.000 -195.996 5.000
A_101 0.000 185.740 2.000
A_102 0.000 185.740 3.000
L_103 0.000 679.918 6.000
T_104 -14.420 -90.974 8.000
S_105 -14.420 -90.060 8.000
H_106 -11.154 -583.484 10.000
P_107 0.000 -195.996 9.000
H_108 -8.431 -583.484 6.000
H_109 -6.160 -583.484 4.000
A_110 0.000 185.740 6.000
V_111 0.000 613.196 8.000
H_112 -8.431 -583.484 6.000
Q_113 -14.591 -643.904 6.000
G_114 0.000 -27.649 10.000
L_115 0.000 679.918 8.000
E_116 -18.409 -605.239 8.000
G_117 0.000 -27.649 8.000
D_118 -18.409 -475.402 8.000
L_119 0.000 679.918 8.000
L_120 0.000 679.918 10.000
E_121 -14.591 -605.239 6.000
H_122 -10.601 -583.484 9.000
I_123 0.000 777.529 9.000
S_124 -14.420 -90.060 8.000
P_125 0.000 -195.996 6.000
T_126 -15.425 -90.974 9.000
L_127 0.000 679.918 6.000
S_128 -15.425 -90.060 9.000
V_129 0.000 613.196 6.000
S_130 -11.867 -90.060 6.000
G_131 0.000 -27.649 3.000
L_132 0.000 679.918 3.000
G_133 0.000 -27.649 0.000
A_134 0.000 185.740 4.000
P_135 0.000 -195.996 6.000
E_136 -19.866 -605.239 9.000
H_137 -10.601 -583.484 9.000
S_138 -15.425 -90.060 9.000
V_139 0.000 613.196 5.000
M_140 0.000 401.769 3.000
P_141 0.000 -195.996 4.000
A_142 0.000 185.740 4.000
Q_143 -14.591 -643.904 6.000
I_144 0.000 777.529 6.000
H_145 -9.978 -583.484 8.000
P_146 0.000 -195.996 6.000
H_147 -8.431 -583.484 6.000
H_148 -6.160 -583.484 4.000
L_149 0.000 679.918 4.000
G_150 0.000 -27.649 2.000
A_151 0.000 185.740 0.000
M_152 0.000 401.769 2.000
G_153 0.000 -27.649 2.000
H_154 -6.160 -583.484 4.000
L_155 0.000 679.918 8.000
H_156 -9.978 -583.484 8.000
Q_157 -14.591 -643.904 6.000
A_158 0.000 185.740 6.000
M_159 0.000 401.769 4.000
G_160 0.000 -27.649 3.000
M_161 0.000 401.769 5.000
S_162 -10.149 -90.060 5.000
H_163 -9.265 -583.484 7.000
P_164 0.000 -195.996 10.000
H_165 -9.265 -583.484 7.000
T_166 -10.149 -90.974 5.000
V_167 0.000 613.196 5.000
A_168 0.000 185.740 5.000
P_169 0.000 -195.996 5.000
H_170 -7.426 -583.484 5.000
S_171 -10.149 -90.060 5.000
A_172 0.000 185.740 5.000
M_173 0.000 401.769 3.000
P_174 0.000 -195.996 0.000
A_175 0.000 185.740 0.000
C_176 0.000 322.480 3.000
L_177 0.000 679.918 7.000
S_178 -13.255 -90.060 7.000
D_179 -22.253 -475.402 11.000
V_180 0.000 613.196 14.000
E_181 -25.772 -605.239 15.000
S_182 -17.098 -90.060 11.000
D_183 -26.485 -475.402 16.000
P_184 0.000 -195.996 16.000
R_185 -29.616 -1015.709 13.000
E_186 -24.169 -605.239 13.000
L_187 0.000 679.918 13.000
E_188 -18.409 -605.239 8.000
A_189 0.000 185.740 4.000
F_190 0.000 560.542 8.000
A_191 0.000 185.740 9.000
E_192 -19.866 -605.239 9.000
R_193 -28.412 -1015.709 12.000
F_194 0.000 560.542 16.000
K_195 -20.609 -818.649 17.000
Q_196 -27.150 -643.904 17.000
R_197 -33.508 -1015.709 17.000
R_198 -33.508 -1015.709 17.000
I_199 0.000 777.529 13.000
K_200 -14.420 -818.649 8.000
L_201 0.000 679.918 3.000
G_202 0.000 -27.649 6.000
V_203 0.000 613.196 7.000
T_204 -13.255 -90.974 7.000
Q_205 -22.253 -643.904 11.000
A_206 0.000 185.740 11.000
D_207 -18.409 -475.402 8.000
V_208 0.000 613.196 4.000
G_209 0.000 -27.649 4.000
A_210 0.000 185.740 0.000
A_211 0.000 185.740 0.000
L_212 0.000 679.918 4.000
A_213 0.000 185.740 4.000
N_214 -16.691 -507.047 7.000
L_215 0.000 679.918 7.000
K_216 -13.255 -818.649 7.000
I_217 0.000 777.529 3.000
P_218 0.000 -195.996 3.000
G_219 0.000 -27.649 0.000
V_220 0.000 613.196 3.000
G_221 0.000 -27.649 3.000
S_222 -11.867 -90.060 6.000
L_223 0.000 679.918 10.000
S_224 -18.462 -90.060 13.000
Q_225 -24.169 -643.904 13.000
S_226 -18.462 -90.060 13.000
T_227 -16.309 -90.974 10.000
I_228 0.000 777.529 11.000
C_229 0.000 322.480 8.000
R_230 -23.856 -1015.709 9.000
F_231 0.000 560.542 12.000
E_232 -23.258 -605.239 12.000
S_233 -16.309 -90.060 10.000
L_234 0.000 679.918 10.000
T_235 -15.425 -90.974 9.000
L_236 0.000 679.918 8.000
S_237 -17.811 -90.060 12.000
H_238 -12.518 -583.484 13.000
N_239 -24.169 -507.047 13.000
N_240 -21.132 -507.047 10.000
M_241 0.000 401.769 8.000
I_242 0.000 777.529 4.000
A_243 0.000 185.740 3.000
L_244 0.000 679.918 3.000
K_245 -4.441 -818.649 3.000
P_246 0.000 -195.996 3.000
V_247 0.000 613.196 7.000
L_248 0.000 679.918 4.000
Q_249 -11.867 -643.904 5.000
A_250 0.000 185.740 5.000
W_251 -5.447 -203.500 9.000
L_252 0.000 679.918 9.000
E_253 -19.866 -605.239 9.000
E_254 -23.258 -605.239 12.000
A_255 0.000 185.740 12.000
E_256 -18.409 -605.239 8.000
A_257 0.000 185.740 6.000
A_258 0.000 185.740 11.000
Y_259 -11.652 -274.939 11.000
R_260 -30.711 -1015.709 14.000
E_261 -27.773 -605.239 18.000
K_262 -21.486 -818.649 19.000
N_263 -27.150 -507.047 17.000
S_264 -18.462 -90.060 13.000
K_265 -19.059 -818.649 14.000
P_266 0.000 -195.996 10.000
E_267 -16.691 -605.239 7.000
L_268 0.000 679.918 8.000
F_269 0.000 560.542 8.000
N_270 -16.691 -507.047 7.000
G_271 0.000 -27.649 11.000
S_272 -20.127 -90.060 16.000
E_273 -25.772 -605.239 15.000
R_274 -35.785 -1015.709 20.000
K_275 -21.889 -818.649 20.000
R_276 -36.459 -1015.709 21.000
K_277 -21.486 -818.649 19.000
R_278 -35.072 -1015.709 19.000
T_279 -19.059 -90.974 14.000
S_280 -17.098 -90.060 11.000
I_281 0.000 777.529 6.000
A_282 0.000 185.740 3.000
A_283 0.000 185.740 4.000
P_284 0.000 -195.996 7.000
E_285 -23.258 -605.239 12.000
K_286 -19.613 -818.649 15.000
R_287 -31.716 -1015.709 15.000
S_288 -19.613 -90.060 15.000
L_289 0.000 679.918 12.000
E_290 -19.866 -605.239 9.000
A_291 0.000 185.740 6.000
Y_292 -8.431 -274.939 6.000
F_293 0.000 560.542 2.000
A_294 0.000 185.740 6.000
I_295 0.000 777.529 4.000
Q_296 -19.866 -643.904 9.000
P_297 0.000 -195.996 9.000
R_298 -28.412 -1015.709 12.000
P_299 0.000 -195.996 11.000
S_300 -19.613 -90.060 15.000
S_301 -18.462 -90.060 13.000
E_302 -24.169 -605.239 13.000
K_303 -16.309 -818.649 10.000
I_304 0.000 777.529 7.000
A_305 0.000 185.740 3.000
A_306 0.000 185.740 0.000
I_307 0.000 777.529 4.000
A_308 0.000 185.740 7.000
E_309 -16.691 -605.239 7.000
K_310 -17.098 -818.649 11.000
L_311 0.000 679.918 11.000
D_312 -21.132 -475.402 10.000
L_313 0.000 679.918 10.000
K_314 -19.059 -818.649 14.000
K_315 -16.309 -818.649 10.000
N_316 -21.132 -507.047 10.000
V_317 0.000 613.196 12.000
V_318 0.000 613.196 9.000
R_319 -16.309 -1015.709 6.000
V_320 0.000 613.196 6.000
W_321 -4.441 -203.500 6.000
F_322 0.000 560.542 5.000
C_323 0.000 322.480 9.000
N_324 -24.169 -507.047 13.000
Q_325 -27.150 -643.904 17.000
R_326 -35.785 -1015.709 20.000
Q_327 -28.912 -643.904 20.000
K_328 -21.486 -818.649 19.000
Q_329 -28.359 -643.904 19.000
K_330 -19.613 -818.649 15.000
R_331 -31.716 -1015.709 15.000
M_332 0.000 401.769 13.000
K_333 -18.462 -818.649 13.000
Y_334 -9.978 -274.939 8.000
S_335 -14.420 -90.060 8.000
A_336 0.000 185.740 7.000
V_337 0.000 613.196 5.000
H_338 -1.718 -583.484 2.000
