M_1 0.000 401.769 3.000
L_2 0.000 679.918 6.000
K_3 -11.867 -818.649 6.000
K_4 -11.867 -818.649 6.000
M_5 0.000 401.769 10.000
G_6 0.000 -27.649 7.000
E_7 -7.878 -605.239 4.000
A_8 0.000 185.740 4.000
V_9 0.000 613.196 9.000
A_10 0.000 185.740 5.000
R_11 -11.867 -1015.709 5.000
V_12 0.000 613.196 10.000
A_13 0.000 185.740 13.000
R_14 -21.845 -1015.709 8.000
K_15 -17.811 -818.649 12.000
V_16 0.000 613.196 16.000
N_17 -25.003 -507.047 14.000
E_18 -22.253 -605.239 11.000
T_19 -19.613 -90.974 15.000
V_20 0.000 613.196 14.000
E_21 -21.132 -605.239 10.000
S_22 -16.309 -90.060 10.000
G_23 0.000 -27.649 14.000
S_24 -18.462 -90.060 13.000
D_25 -21.132 -475.402 10.000
T_26 -19.059 -90.974 14.000
L_27 0.000 679.918 11.000
D_28 -16.691 -475.402 7.000
L_29 0.000 679.918 8.000
A_30 0.000 185.740 8.000
E_31 -16.691 -605.239 7.000
C_32 0.000 322.480 7.000
K_33 -13.255 -818.649 7.000
L_34 0.000 679.918 6.000
V_35 0.000 613.196 6.000
S_36 -4.441 -90.060 3.000
F_37 0.000 560.542 3.000
P_38 0.000 -195.996 3.000
I_39 0.000 777.529 0.000
G_40 0.000 -27.649 2.000
I_41 0.000 777.529 5.000
Y_42 -7.426 -274.939 5.000
K_43 -10.149 -818.649 5.000
V_44 0.000 613.196 10.000
L_45 0.000 679.918 12.000
R_46 -23.856 -1015.709 9.000
N_47 -23.258 -507.047 12.000
V_48 0.000 613.196 12.000
S_49 -17.098 -90.060 11.000
G_50 0.000 -27.649 7.000
Q_51 -19.866 -643.904 9.000
I_52 0.000 777.529 6.000
H_53 -8.431 -583.484 6.000
L_54 0.000 679.918 5.000
I_55 0.000 777.529 5.000
T_56 -4.441 -90.974 3.000
L_57 0.000 679.918 7.000
A_58 0.000 185.740 11.000
N_59 -23.258 -507.047 12.000
N_60 -23.258 -507.047 12.000
E_61 -25.772 -605.239 15.000
L_62 0.000 679.918 14.000
K_63 -16.309 -818.649 10.000
S_64 -15.425 -90.060 9.000
L_65 0.000 679.918 12.000
T_66 -17.811 -90.974 12.000
S_67 -15.425 -90.060 9.000
K_68 -15.425 -818.649 9.000
F_69 0.000 560.542 9.000
M_70 0.000 401.769 9.000
T_71 -11.867 -90.974 6.000
T_72 -15.425 -90.974 9.000
F_73 0.000 560.542 13.000
S_74 -16.309 -90.060 10.000
Q_75 -23.258 -643.904 12.000
L_76 0.000 679.918 16.000
R_77 -29.616 -1015.709 13.000
E_78 -22.253 -605.239 11.000
L_79 0.000 679.918 11.000
H_80 -11.154 -583.484 10.000
L_81 0.000 679.918 6.000
E_82 -21.132 -605.239 10.000
G_83 0.000 -27.649 8.000
N_84 -18.409 -507.047 8.000
F_85 0.000 560.542 6.000
L_86 0.000 679.918 11.000
H_87 -9.265 -583.484 7.000
R_88 -19.414 -1015.709 7.000
L_89 0.000 679.918 10.000
P_90 0.000 -195.996 12.000
S_91 -13.255 -90.060 7.000
E_92 -21.132 -605.239 10.000
V_93 0.000 613.196 10.000
S_94 -13.255 -90.060 7.000
A_95 0.000 185.740 7.000
L_96 0.000 679.918 9.000
Q_97 -14.591 -643.904 6.000
H_98 -10.601 -583.484 9.000
L_99 0.000 679.918 9.000
K_100 -10.149 -818.649 5.000
A_101 0.000 185.740 7.000
I_102 0.000 777.529 7.000
D_103 -16.691 -475.402 7.000
L_104 0.000 679.918 12.000
S_105 -20.127 -90.060 16.000
R_106 -32.645 -1015.709 16.000
N_107 -26.485 -507.047 16.000
Q_108 -27.150 -643.904 17.000
F_109 0.000 560.542 16.000
Q_110 -23.258 -643.904 12.000
D_111 -18.409 -475.402 8.000
F_112 0.000 560.542 12.000
P_113 0.000 -195.996 12.000
E_114 -18.409 -605.239 8.000
Q_115 -22.253 -643.904 11.000
L_116 0.000 679.918 11.000
T_117 -13.255 -90.974 7.000
A_118 0.000 185.740 3.000
L_119 0.000 679.918 3.000
P_120 0.000 -195.996 0.000
A_121 0.000 185.740 4.000
L_122 0.000 679.918 7.000
E_123 -16.691 -605.239 7.000
T_124 -17.098 -90.974 11.000
I_125 0.000 777.529 11.000
N_126 -22.253 -507.047 11.000
L_127 0.000 679.918 12.000
E_128 -26.485 -605.239 16.000
E_129 -26.485 -605.239 16.000
N_130 -26.485 -507.047 16.000
E_131 -23.258 -605.239 12.000
I_132 0.000 777.529 12.000
V_133 0.000 613.196 8.000
D_134 -7.878 -475.402 4.000
V_135 0.000 613.196 4.000
P_136 0.000 -195.996 8.000
V_137 0.000 613.196 7.000
E_138 -16.691 -605.239 7.000
K_139 -13.255 -818.649 7.000
L_140 0.000 679.918 7.000
A_141 0.000 185.740 3.000
A_142 0.000 185.740 0.000
M_143 0.000 401.769 0.000
P_144 0.000 -195.996 0.000
A_145 0.000 185.740 5.000
L_146 0.000 679.918 8.000
R_147 -21.845 -1015.709 8.000
S_148 -17.811 -90.060 12.000
I_149 0.000 777.529 12.000
N_150 -23.258 -507.047 12.000
L_151 0.000 679.918 9.000
R_152 -29.616 -1015.709 13.000
F_153 0.000 560.542 9.000
N_154 -19.866 -507.047 9.000
P_155 0.000 -195.996 8.000
L_156 0.000 679.918 8.000
N_157 -18.409 -507.047 8.000
A_158 0.000 185.740 8.000
E_159 -24.169 -605.239 13.000
V_160 0.000 613.196 9.000
R_161 -23.856 -1015.709 9.000
V_162 0.000 613.196 5.000
I_163 0.000 777.529 5.000
A_164 0.000 185.740 0.000
P_165 0.000 -195.996 0.000
P_166 0.000 -195.996 0.000
L_167 0.000 679.918 3.000
I_168 0.000 777.529 3.000
K_169 -13.255 -818.649 7.000
F_170 0.000 560.542 7.000
D_171 -16.691 -475.402 7.000
M_172 0.000 401.769 4.000
L_173 0.000 679.918 7.000
M_174 0.000 401.769 3.000
S_175 -13.255 -90.060 7.000
P_176 0.000 -195.996 7.000
E_177 -16.691 -605.239 7.000
G_178 0.000 -27.649 9.000
A_179 0.000 185.740 9.000
R_180 -11.867 -1015.709 5.000
A_181 0.000 185.740 5.000
P_182 0.000 -195.996 5.000
L_183 0.000 679.918 0.000
P_184 0.000 -195.996 0.000
