M_1 0.000 401.769 4.000
D_2 -16.691 -475.402 7.000
A_3 0.000 185.740 7.000
T_4 -13.255 -90.974 7.000
A_5 0.000 185.740 7.000
L_6 0.000 679.918 12.000
E_7 -24.169 -605.239 13.000
R_8 -29.616 -1015.709 13.000
D_9 -24.169 -475.402 13.000
A_10 0.000 185.740 13.000
V_11 0.000 613.196 8.000
Q_12 -7.878 -643.904 4.000
F_13 0.000 560.542 9.000
A_14 0.000 185.740 9.000
R_15 -11.867 -1015.709 5.000
L_16 0.000 679.918 5.000
A_17 0.000 185.740 9.000
V_18 0.000 613.196 9.000
Q_19 -24.169 -643.904 13.000
R_20 -31.716 -1015.709 15.000
D_21 -28.359 -475.402 19.000
H_22 -13.255 -583.484 15.000
E_23 -25.772 -605.239 15.000
G_24 0.000 -27.649 13.000
R_25 -30.711 -1015.709 14.000
Y_26 -12.900 -274.939 14.000
S_27 -19.059 -90.060 14.000
E_28 -19.866 -605.239 9.000
A_29 0.000 185.740 7.000
V_30 0.000 613.196 6.000
F_31 0.000 560.542 4.000
Y_32 -9.265 -274.939 7.000
Y_33 -11.652 -274.939 11.000
K_34 -17.098 -818.649 11.000
E_35 -19.866 -605.239 9.000
A_36 0.000 185.740 11.000
A_37 0.000 185.740 8.000
Q_38 -7.878 -643.904 4.000
A_39 0.000 185.740 4.000
L_40 0.000 679.918 6.000
I_41 0.000 777.529 2.000
Y_42 -8.431 -274.939 6.000
A_43 0.000 185.740 6.000
E_44 -14.591 -605.239 6.000
M_45 0.000 401.769 4.000
A_46 0.000 185.740 7.000
G_47 0.000 -27.649 6.000
S_48 -11.867 -90.060 6.000
S_49 -16.309 -90.060 10.000
L_50 0.000 679.918 14.000
E_51 -22.253 -605.239 11.000
N_52 -23.258 -507.047 12.000
I_53 0.000 777.529 16.000
Q_54 -25.772 -643.904 15.000
E_55 -22.253 -605.239 11.000
K_56 -19.059 -818.649 14.000
I_57 0.000 777.529 14.000
T_58 -17.811 -90.974 12.000
E_59 -19.866 -605.239 9.000
Y_60 -12.518 -274.939 13.000
L_61 0.000 679.918 15.000
E_62 -22.253 -605.239 11.000
R_63 -29.616 -1015.709 13.000
V_64 0.000 613.196 13.000
Q_65 -19.866 -643.904 9.000
A_66 0.000 185.740 6.000
L_67 0.000 679.918 9.000
H_68 -7.426 -583.484 5.000
S_69 -10.149 -90.060 5.000
A_70 0.000 185.740 9.000
V_71 0.000 613.196 10.000
Q_72 -21.132 -643.904 10.000
S_73 -18.462 -90.060 13.000
K_74 -18.462 -818.649 13.000
S_75 -18.462 -90.060 13.000
A_76 0.000 185.740 10.000
D_77 -16.691 -475.402 7.000
P_78 0.000 -195.996 7.000
L_79 0.000 679.918 10.000
K_80 -15.425 -818.649 9.000
S_81 -17.098 -90.060 11.000
K_82 -19.613 -818.649 15.000
H_83 -12.104 -583.484 12.000
Q_84 -24.169 -643.904 13.000
L_85 0.000 679.918 10.000
D_86 -23.258 -475.402 12.000
L_87 0.000 679.918 13.000
E_88 -24.169 -605.239 13.000
R_89 -27.076 -1015.709 11.000
A_90 0.000 185.740 11.000
H_91 -9.265 -583.484 7.000
F_92 0.000 560.542 2.000
L_93 0.000 679.918 5.000
V_94 0.000 613.196 7.000
T_95 -13.255 -90.974 7.000
Q_96 -16.691 -643.904 7.000
A_97 0.000 185.740 11.000
F_98 0.000 560.542 12.000
D_99 -23.258 -475.402 12.000
E_100 -26.485 -605.239 16.000
D_101 -28.359 -475.402 19.000
E_102 -28.359 -605.239 19.000
K_103 -21.486 -818.649 19.000
E_104 -25.772 -605.239 15.000
N_105 -25.772 -507.047 15.000
V_106 0.000 613.196 16.000
E_107 -23.258 -605.239 12.000
D_108 -18.409 -475.402 8.000
A_109 0.000 185.740 12.000
I_110 0.000 777.529 8.000
E_111 -14.591 -605.239 6.000
L_112 0.000 679.918 9.000
Y_113 -12.518 -274.939 13.000
T_114 -15.425 -90.974 9.000
E_115 -19.866 -605.239 9.000
A_116 0.000 185.740 11.000
V_117 0.000 613.196 8.000
D_118 -7.878 -475.402 4.000
L_119 0.000 679.918 4.000
C_120 0.000 322.480 7.000
L_121 0.000 679.918 6.000
K_122 -15.425 -818.649 9.000
T_123 -17.098 -90.974 11.000
S_124 -19.613 -90.060 15.000
Y_125 -13.255 -274.939 15.000
E_126 -23.258 -605.239 12.000
T_127 -18.462 -90.974 13.000
A_128 0.000 185.740 14.000
D_129 -21.132 -475.402 10.000
K_130 -13.255 -818.649 7.000
V_131 0.000 613.196 11.000
L_132 0.000 679.918 11.000
Q_133 -22.253 -643.904 11.000
N_134 -22.253 -507.047 11.000
K_135 -19.059 -818.649 14.000
L_136 0.000 679.918 14.000
K_137 -16.309 -818.649 10.000
Q_138 -16.691 -643.904 7.000
L_139 0.000 679.918 12.000
A_140 0.000 185.740 13.000
R_141 -23.856 -1015.709 9.000
Q_142 -19.866 -643.904 9.000
A_143 0.000 185.740 13.000
L_144 0.000 679.918 13.000
D_145 -19.866 -475.402 9.000
R_146 -29.616 -1015.709 13.000
A_147 0.000 185.740 13.000
E_148 -19.866 -605.239 9.000
A_149 0.000 185.740 7.000
L_150 0.000 679.918 11.000
S_151 -13.255 -90.060 7.000
E_152 -16.691 -605.239 7.000
P_153 0.000 -195.996 10.000
L_154 0.000 679.918 10.000
T_155 -11.867 -90.974 6.000
K_156 -11.867 -818.649 6.000
P_157 0.000 -195.996 6.000
V_158 0.000 613.196 6.000
G_159 0.000 -27.649 3.000
K_160 -11.867 -818.649 6.000
I_161 0.000 777.529 9.000
S_162 -17.811 -90.060 12.000
S_163 -17.811 -90.060 12.000
T_164 -17.811 -90.974 12.000
S_165 -17.811 -90.060 12.000
V_166 0.000 613.196 9.000
K_167 -15.425 -818.649 9.000
P_168 0.000 -195.996 6.000
K_169 -11.867 -818.649 6.000
P_170 0.000 -195.996 3.000
P_171 0.000 -195.996 3.000
P_172 0.000 -195.996 5.000
V_173 0.000 613.196 5.000
R_174 -19.414 -1015.709 7.000
A_175 0.000 185.740 7.000
H_176 -9.265 -583.484 7.000
F_177 0.000 560.542 2.000
P_178 0.000 -195.996 2.000
L_179 0.000 679.918 0.000
G_180 0.000 -27.649 4.000
A_181 0.000 185.740 4.000
N_182 -7.878 -507.047 4.000
P_183 0.000 -195.996 4.000
F_184 0.000 560.542 8.000
L_185 0.000 679.918 9.000
E_186 -19.866 -605.239 9.000
R_187 -29.616 -1015.709 13.000
P_188 0.000 -195.996 16.000
Q_189 -23.258 -643.904 12.000
S_190 -13.255 -90.060 7.000
F_191 0.000 560.542 10.000
I_192 0.000 777.529 6.000
S_193 -13.255 -90.060 7.000
P_194 0.000 -195.996 10.000
Q_195 -21.132 -643.904 10.000
S_196 -17.098 -90.060 11.000
C_197 0.000 322.480 11.000
D_198 -22.253 -475.402 11.000
A_199 0.000 185.740 8.000
Q_200 -23.258 -643.904 12.000
G_201 0.000 -27.649 13.000
Q_202 -25.772 -643.904 15.000
R_203 -30.711 -1015.709 14.000
Y_204 -12.900 -274.939 14.000
T_205 -19.059 -90.974 14.000
A_206 0.000 185.740 13.000
E_207 -22.253 -605.239 11.000
E_208 -23.258 -605.239 12.000
I_209 0.000 777.529 12.000
E_210 -18.409 -605.239 8.000
V_211 0.000 613.196 9.000
L_212 0.000 679.918 12.000
R_213 -27.076 -1015.709 11.000
T_214 -19.059 -90.974 14.000
T_215 -20.609 -90.974 17.000
S_216 -17.811 -90.060 12.000
K_217 -18.462 -818.649 13.000
I_218 0.000 777.529 10.000
N_219 -16.691 -507.047 7.000
G_220 0.000 -27.649 8.000
I_221 0.000 777.529 10.000
E_222 -14.591 -605.239 6.000
Y_223 -8.431 -274.939 6.000
V_224 0.000 613.196 6.000
P_225 0.000 -195.996 2.000
F_226 0.000 560.542 4.000
M_227 0.000 401.769 4.000
N_228 -18.409 -507.047 8.000
V_229 0.000 613.196 8.000
D_230 -24.169 -475.402 13.000
L_231 0.000 679.918 13.000
R_232 -34.315 -1015.709 18.000
E_233 -25.003 -605.239 14.000
R_234 -30.711 -1015.709 14.000
F_235 0.000 560.542 11.000
A_236 0.000 185.740 7.000
Y_237 -1.718 -274.939 2.000
P_238 0.000 -195.996 2.000
M_239 0.000 401.769 2.000
P_240 0.000 -195.996 0.000
F_241 0.000 560.542 4.000
C_242 0.000 322.480 9.000
D_243 -21.132 -475.402 10.000
R_244 -25.574 -1015.709 10.000
W_245 -6.358 -203.500 13.000
G_246 0.000 -27.649 9.000
K_247 -7.878 -818.649 4.000
L_248 0.000 679.918 3.000
P_249 0.000 -195.996 6.000
L_250 0.000 679.918 3.000
S_251 -11.867 -90.060 6.000
P_252 0.000 -195.996 10.000
K_253 -18.462 -818.649 13.000
Q_254 -24.169 -643.904 13.000
K_255 -20.127 -818.649 16.000
T_256 -18.462 -90.974 13.000
T_257 -17.811 -90.974 12.000
F_258 0.000 560.542 12.000
S_259 -16.309 -90.060 10.000
K_260 -13.255 -818.649 7.000
W_261 -6.160 -203.500 12.000
V_262 0.000 613.196 9.000
R_263 -25.574 -1015.709 10.000
P_264 0.000 -195.996 13.000
E_265 -24.169 -605.239 13.000
D_266 -22.253 -475.402 11.000
L_267 0.000 679.918 15.000
T_268 -19.613 -90.974 15.000
N_269 -22.253 -507.047 11.000
N_270 -25.003 -507.047 14.000
P_271 0.000 -195.996 11.000
T_272 -13.255 -90.974 7.000
M_273 0.000 401.769 5.000
I_274 0.000 777.529 8.000
Y_275 -7.426 -274.939 5.000
T_276 -14.420 -90.974 8.000
V_277 0.000 613.196 11.000
S_278 -15.425 -90.060 9.000
S_279 -15.425 -90.060 9.000
F_280 0.000 560.542 9.000
S_281 -15.425 -90.060 9.000
I_282 0.000 777.529 10.000
K_283 -18.462 -818.649 13.000
Q_284 -21.132 -643.904 10.000
T_285 -16.309 -90.974 10.000
I_286 0.000 777.529 10.000
V_287 0.000 613.196 10.000
S_288 -13.255 -90.060 7.000
D_289 -21.132 -475.402 10.000
C_290 0.000 322.480 10.000
S_291 -13.255 -90.060 7.000
F_292 0.000 560.542 3.000
V_293 0.000 613.196 6.000
A_294 0.000 185.740 3.000
S_295 -4.441 -90.060 3.000
L_296 0.000 679.918 3.000
A_297 0.000 185.740 6.000
I_298 0.000 777.529 3.000
S_299 -4.441 -90.060 3.000
A_300 0.000 185.740 5.000
A_301 0.000 185.740 9.000
Y_302 -11.652 -274.939 11.000
E_303 -26.485 -605.239 16.000
R_304 -32.645 -1015.709 16.000
R_305 -34.315 -1015.709 18.000
F_306 0.000 560.542 17.000
N_307 -25.772 -507.047 15.000
K_308 -16.309 -818.649 10.000
K_309 -16.309 -818.649 10.000
L_310 0.000 679.918 9.000
I_311 0.000 777.529 6.000
T_312 -4.441 -90.974 3.000
G_313 0.000 -27.649 3.000
I_314 0.000 777.529 5.000
I_315 0.000 777.529 2.000
Y_316 -8.431 -274.939 6.000
P_317 0.000 -195.996 10.000
Q_318 -24.169 -643.904 13.000
N_319 -25.772 -507.047 15.000
K_320 -19.613 -818.649 15.000
D_321 -25.772 -475.402 15.000
G_322 0.000 -27.649 11.000
E_323 -23.258 -605.239 12.000
P_324 0.000 -195.996 10.000
E_325 -25.003 -605.239 14.000
Y_326 -11.154 -274.939 10.000
N_327 -21.132 -507.047 10.000
P_328 0.000 -195.996 6.000
C_329 0.000 322.480 7.000
G_330 0.000 -27.649 5.000
K_331 -10.149 -818.649 5.000
Y_332 -7.426 -274.939 5.000
M_333 0.000 401.769 8.000
V_334 0.000 613.196 5.000
K_335 -10.149 -818.649 5.000
L_336 0.000 679.918 5.000
H_337 -10.601 -583.484 9.000
L_338 0.000 679.918 6.000
N_339 -14.591 -507.047 6.000
G_340 0.000 -27.649 4.000
V_341 0.000 613.196 9.000
P_342 0.000 -195.996 8.000
R_343 -21.845 -1015.709 8.000
K_344 -14.420 -818.649 8.000
V_345 0.000 613.196 8.000
I_346 0.000 777.529 7.000
I_347 0.000 777.529 8.000
D_348 -23.258 -475.402 12.000
D_349 -23.258 -475.402 12.000
Q_350 -23.258 -643.904 12.000
L_351 0.000 679.918 8.000
P_352 0.000 -195.996 8.000
V_353 0.000 613.196 6.000
D_354 -19.866 -475.402 9.000
H_355 -10.601 -583.484 9.000
K_356 -18.462 -818.649 13.000
G_357 0.000 -27.649 9.000
E_358 -16.691 -605.239 7.000
L_359 0.000 679.918 4.000
L_360 0.000 679.918 7.000
C_361 0.000 322.480 5.000
S_362 -14.420 -90.060 8.000
Y_363 -12.104 -274.939 12.000
S_364 -20.127 -90.060 16.000
N_365 -26.485 -507.047 16.000
N_366 -27.150 -507.047 17.000
K_367 -21.060 -818.649 18.000
S_368 -19.059 -90.060 14.000
E_369 -22.253 -605.239 11.000
L_370 0.000 679.918 8.000
W_371 -5.155 -203.500 8.000
V_372 0.000 613.196 4.000
S_373 -7.878 -90.060 4.000
L_374 0.000 679.918 7.000
I_375 0.000 777.529 10.000
E_376 -16.691 -605.239 7.000
K_377 -15.425 -818.649 9.000
A_378 0.000 185.740 9.000
Y_379 -9.978 -274.939 8.000
M_380 0.000 401.769 5.000
K_381 -10.149 -818.649 5.000
V_382 0.000 613.196 3.000
M_383 0.000 401.769 3.000
G_384 0.000 -27.649 2.000
G_385 0.000 -27.649 6.000
Y_386 -8.431 -274.939 6.000
D_387 -14.591 -475.402 6.000
F_388 0.000 560.542 6.000
P_389 0.000 -195.996 7.000
G_390 0.000 -27.649 7.000
S_391 -16.309 -90.060 10.000
N_392 -25.003 -507.047 14.000
S_393 -19.059 -90.060 14.000
N_394 -25.772 -507.047 15.000
I_395 0.000 777.529 11.000
D_396 -21.132 -475.402 10.000
L_397 0.000 679.918 6.000
H_398 -8.431 -583.484 6.000
A_399 0.000 185.740 5.000
L_400 0.000 679.918 5.000
T_401 -7.878 -90.974 4.000
G_402 0.000 -27.649 4.000
W_403 -3.436 -203.500 4.000
I_404 0.000 777.529 5.000
P_405 0.000 -195.996 10.000
E_406 -19.866 -605.239 9.000
R_407 -23.856 -1015.709 9.000
I_408 0.000 777.529 9.000
A_409 0.000 185.740 7.000
M_410 0.000 401.769 5.000
H_411 -10.601 -583.484 9.000
S_412 -17.811 -90.060 12.000
D_413 -26.485 -475.402 16.000
S_414 -20.609 -90.060 17.000
Q_415 -25.003 -643.904 14.000
T_416 -18.462 -90.974 13.000
F_417 0.000 560.542 13.000
S_418 -18.462 -90.060 13.000
K_419 -19.059 -818.649 14.000
D_420 -27.150 -475.402 17.000
N_421 -25.003 -507.047 14.000
S_422 -20.127 -90.060 16.000
F_423 0.000 560.542 12.000
R_424 -21.845 -1015.709 8.000
M_425 0.000 401.769 7.000
L_426 0.000 679.918 11.000
Y_427 -11.652 -274.939 11.000
Q_428 -22.253 -643.904 11.000
R_429 -29.616 -1015.709 13.000
F_430 0.000 560.542 14.000
H_431 -11.154 -583.484 10.000
K_432 -15.425 -818.649 9.000
G_433 0.000 -27.649 9.000
D_434 -16.691 -475.402 7.000
V_435 0.000 613.196 4.000
L_436 0.000 679.918 7.000
I_437 0.000 777.529 3.000
T_438 -11.867 -90.974 6.000
A_439 0.000 185.740 9.000
S_440 -15.425 -90.060 9.000
T_441 -11.867 -90.974 6.000
G_442 0.000 -27.649 6.000
M_443 0.000 401.769 6.000
M_444 0.000 401.769 7.000
T_445 -13.255 -90.974 7.000
E_446 -22.253 -605.239 11.000
A_447 0.000 185.740 11.000
E_448 -23.258 -605.239 12.000
G_449 0.000 -27.649 11.000
E_450 -23.258 -605.239 12.000
K_451 -14.420 -818.649 8.000
W_452 -5.155 -203.500 8.000
G_453 0.000 -27.649 4.000
L_454 0.000 679.918 1.000
V_455 0.000 613.196 3.000
P_456 0.000 -195.996 5.000
T_457 -10.149 -90.974 5.000
H_458 -9.265 -583.484 7.000
A_459 0.000 185.740 7.000
Y_460 -6.160 -274.939 4.000
A_461 0.000 185.740 2.000
V_462 0.000 613.196 6.000
L_463 0.000 679.918 4.000
D_464 -19.866 -475.402 9.000
I_465 0.000 777.529 13.000
R_466 -29.616 -1015.709 13.000
E_467 -23.258 -605.239 12.000
F_468 0.000 560.542 12.000
K_469 -13.255 -818.649 7.000
G_470 0.000 -27.649 8.000
L_471 0.000 679.918 8.000
R_472 -11.867 -1015.709 5.000
F_473 0.000 560.542 9.000
I_474 0.000 777.529 9.000
Q_475 -16.691 -643.904 7.000
L_476 0.000 679.918 11.000
K_477 -17.098 -818.649 11.000
N_478 -18.409 -507.047 8.000
P_479 0.000 -195.996 11.000
W_480 -5.708 -203.500 10.000
S_481 -11.867 -90.060 6.000
H_482 -11.652 -583.484 11.000
L_483 0.000 679.918 11.000
R_484 -27.076 -1015.709 11.000
W_485 -5.447 -203.500 9.000
K_486 -19.059 -818.649 14.000
G_487 0.000 -27.649 11.000
R_488 -29.616 -1015.709 13.000
Y_489 -12.900 -274.939 14.000
S_490 -21.060 -90.060 18.000
E_491 -27.150 -605.239 17.000
N_492 -25.772 -507.047 15.000
D_493 -25.772 -475.402 15.000
V_494 0.000 613.196 15.000
K_495 -17.811 -818.649 12.000
N_496 -22.253 -507.047 11.000
W_497 -5.944 -203.500 11.000
T_498 -17.811 -90.974 12.000
P_499 0.000 -195.996 8.000
E_500 -22.253 -605.239 11.000
L_501 0.000 679.918 11.000
Q_502 -24.169 -643.904 13.000
K_503 -15.425 -818.649 9.000
Y_504 -12.518 -274.939 13.000
L_505 0.000 679.918 9.000
N_506 -21.132 -507.047 10.000
F_507 0.000 560.542 8.000
D_508 -24.169 -475.402 13.000
P_509 0.000 -195.996 12.000
R_510 -28.412 -1015.709 12.000
T_511 -17.811 -90.974 12.000
A_512 0.000 185.740 15.000
Q_513 -21.132 -643.904 10.000
K_514 -17.098 -818.649 11.000
I_515 0.000 777.529 15.000
D_516 -22.253 -475.402 11.000
N_517 -18.409 -507.047 8.000
G_518 0.000 -27.649 8.000
I_519 0.000 777.529 5.000
F_520 0.000 560.542 1.000
W_521 -3.436 -203.500 4.000
I_522 0.000 777.529 5.000
S_523 -15.425 -90.060 9.000
W_524 -6.160 -203.500 12.000
D_525 -23.258 -475.402 12.000
D_526 -19.866 -475.402 9.000
L_527 0.000 679.918 12.000
C_528 0.000 322.480 10.000
Q_529 -18.409 -643.904 8.000
Y_530 -12.104 -274.939 12.000
Y_531 -12.104 -274.939 12.000
D_532 -18.409 -475.402 8.000
V_533 0.000 613.196 8.000
I_534 0.000 777.529 6.000
Y_535 -7.426 -274.939 5.000
L_536 0.000 679.918 6.000
S_537 -16.309 -90.060 10.000
W_538 -5.155 -203.500 8.000
N_539 -18.409 -507.047 8.000
P_540 0.000 -195.996 5.000
G_541 0.000 -27.649 4.000
L_542 0.000 679.918 3.000
F_543 0.000 560.542 7.000
K_544 -16.309 -818.649 10.000
E_545 -24.169 -605.239 13.000
S_546 -18.462 -90.060 13.000
T_547 -16.309 -90.974 10.000
C_548 0.000 322.480 8.000
I_549 0.000 777.529 8.000
H_550 -9.978 -583.484 8.000
S_551 -15.425 -90.060 9.000
T_552 -18.462 -90.974 13.000
W_553 -5.944 -203.500 11.000
D_554 -22.253 -475.402 11.000
A_555 0.000 185.740 12.000
K_556 -17.098 -818.649 11.000
Q_557 -16.691 -643.904 7.000
G_558 0.000 -27.649 7.000
P_559 0.000 -195.996 7.000
V_560 0.000 613.196 7.000
K_561 -13.255 -818.649 7.000
D_562 -19.866 -475.402 9.000
A_563 0.000 185.740 12.000
Y_564 -10.601 -274.939 9.000
S_565 -10.149 -90.060 5.000
L_566 0.000 679.918 9.000
A_567 0.000 185.740 11.000
N_568 -18.409 -507.047 8.000
N_569 -23.258 -507.047 12.000
P_570 0.000 -195.996 14.000
Q_571 -24.169 -643.904 13.000
Y_572 -10.601 -274.939 9.000
K_573 -18.462 -818.649 13.000
L_574 0.000 679.918 9.000
E_575 -22.253 -605.239 11.000
V_576 0.000 613.196 8.000
Q_577 -18.409 -643.904 8.000
C_578 0.000 322.480 8.000
P_579 0.000 -195.996 8.000
Q_580 -7.878 -643.904 4.000
G_581 0.000 -27.649 4.000
G_582 0.000 -27.649 4.000
A_583 0.000 185.740 0.000
A_584 0.000 185.740 1.000
V_585 0.000 613.196 1.000
W_586 -0.000 -203.500 1.000
V_587 0.000 613.196 1.000
L_588 0.000 679.918 4.000
L_589 0.000 679.918 8.000
S_590 -16.309 -90.060 10.000
R_591 -25.574 -1015.709 10.000
H_592 -12.518 -583.484 13.000
I_593 0.000 777.529 14.000
T_594 -17.811 -90.974 12.000
D_595 -25.003 -475.402 14.000
K_596 -21.060 -818.649 18.000
D_597 -25.772 -475.402 15.000
D_598 -22.253 -475.402 11.000
F_599 0.000 560.542 12.000
A_600 0.000 185.740 12.000
N_601 -24.169 -507.047 13.000
N_602 -27.150 -507.047 17.000
R_603 -33.508 -1015.709 17.000
E_604 -24.169 -605.239 13.000
F_605 0.000 560.542 12.000
I_606 0.000 777.529 7.000
T_607 -4.441 -90.974 3.000
M_608 0.000 401.769 3.000
V_609 0.000 613.196 5.000
V_610 0.000 613.196 5.000
Y_611 -9.978 -274.939 8.000
K_612 -17.811 -818.649 12.000
T_613 -17.811 -90.974 12.000
D_614 -24.169 -475.402 13.000
G_615 0.000 -27.649 13.000
K_616 -16.309 -818.649 10.000
K_617 -14.420 -818.649 8.000
V_618 0.000 613.196 10.000
Y_619 -9.265 -274.939 7.000
Y_620 -6.160 -274.939 4.000
P_621 0.000 -195.996 8.000
A_622 0.000 185.740 6.000
D_623 -7.878 -475.402 4.000
P_624 0.000 -195.996 4.000
P_625 0.000 -195.996 6.000
P_626 0.000 -195.996 2.000
Y_627 -8.431 -274.939 6.000
I_628 0.000 777.529 6.000
D_629 -14.591 -475.402 6.000
G_630 0.000 -27.649 9.000
I_631 0.000 777.529 9.000
R_632 -23.856 -1015.709 9.000
I_633 0.000 777.529 12.000
N_634 -23.258 -507.047 12.000
S_635 -15.425 -90.060 9.000
P_636 0.000 -195.996 11.000
H_637 -9.265 -583.484 7.000
Y_638 -9.265 -274.939 7.000
L_639 0.000 679.918 10.000
T_640 -14.420 -90.974 8.000
K_641 -15.425 -818.649 9.000
I_642 0.000 777.529 9.000
K_643 -15.425 -818.649 9.000
L_644 0.000 679.918 9.000
T_645 -15.425 -90.974 9.000
T_646 -11.867 -90.974 6.000
P_647 0.000 -195.996 9.000
G_648 0.000 -27.649 8.000
T_649 -14.420 -90.974 8.000
H_650 -9.978 -583.484 8.000
T_651 -17.098 -90.974 11.000
F_652 0.000 560.542 8.000
T_653 -11.867 -90.974 6.000
L_654 0.000 679.918 3.000
V_655 0.000 613.196 6.000
V_656 0.000 613.196 7.000
S_657 -15.425 -90.060 9.000
Q_658 -24.169 -643.904 13.000
Y_659 -13.586 -274.939 16.000
E_660 -27.150 -605.239 17.000
K_661 -20.609 -818.649 17.000
Q_662 -27.773 -643.904 18.000
N_663 -25.003 -507.047 14.000
T_664 -18.462 -90.974 13.000
I_665 0.000 777.529 11.000
H_666 -11.154 -583.484 10.000
Y_667 -9.265 -274.939 7.000
T_668 -17.811 -90.974 12.000
V_669 0.000 613.196 10.000
R_670 -25.574 -1015.709 10.000
V_671 0.000 613.196 10.000
Y_672 -11.154 -274.939 10.000
S_673 -10.149 -90.060 5.000
A_674 0.000 185.740 8.000
C_675 0.000 322.480 6.000
S_676 -11.867 -90.060 6.000
F_677 0.000 560.542 6.000
T_678 -15.425 -90.974 9.000
F_679 0.000 560.542 9.000
S_680 -15.425 -90.060 9.000
K_681 -11.867 -818.649 6.000
I_682 0.000 777.529 9.000
P_683 0.000 -195.996 6.000
S_684 -10.149 -90.060 5.000
P_685 0.000 -195.996 8.000
Y_686 -9.978 -274.939 8.000
T_687 -14.420 -90.974 8.000
L_688 0.000 679.918 11.000
S_689 -19.059 -90.060 14.000
K_690 -17.098 -818.649 11.000
R_691 -31.716 -1015.709 15.000
I_692 0.000 777.529 12.000
N_693 -23.258 -507.047 12.000
G_694 0.000 -27.649 8.000
K_695 -17.098 -818.649 11.000
W_696 -4.824 -203.500 7.000
S_697 -17.098 -90.060 11.000
G_698 0.000 -27.649 11.000
Q_699 -21.132 -643.904 10.000
S_700 -13.255 -90.060 7.000
A_701 0.000 185.740 7.000
G_702 0.000 -27.649 3.000
G_703 0.000 -27.649 0.000
C_704 0.000 322.480 4.000
G_705 0.000 -27.649 4.000
N_706 -18.409 -507.047 8.000
F_707 0.000 560.542 12.000
Q_708 -25.772 -643.904 15.000
E_709 -24.169 -605.239 13.000
T_710 -20.127 -90.974 16.000
H_711 -13.586 -583.484 16.000
K_712 -20.127 -818.649 16.000
N_713 -24.169 -507.047 13.000
N_714 -22.253 -507.047 11.000
P_715 0.000 -195.996 10.000
I_716 0.000 777.529 10.000
Y_717 -8.431 -274.939 6.000
Q_718 -18.409 -643.904 8.000
F_719 0.000 560.542 8.000
H_720 -11.154 -583.484 10.000
I_721 0.000 777.529 9.000
E_722 -23.258 -605.239 12.000
K_723 -16.309 -818.649 10.000
T_724 -16.309 -90.974 10.000
G_725 0.000 -27.649 6.000
P_726 0.000 -195.996 3.000
L_727 0.000 679.918 0.000
L_728 0.000 679.918 4.000
I_729 0.000 777.529 4.000
E_730 -19.866 -605.239 9.000
L_731 0.000 679.918 9.000
R_732 -23.856 -1015.709 9.000
G_733 0.000 -27.649 10.000
P_734 0.000 -195.996 14.000
R_735 -27.076 -1015.709 11.000
Q_736 -25.003 -643.904 14.000
Y_737 -12.900 -274.939 14.000
S_738 -15.425 -90.060 9.000
V_739 0.000 613.196 5.000
G_740 0.000 -27.649 7.000
F_741 0.000 560.542 4.000
E_742 -7.878 -605.239 4.000
V_743 0.000 613.196 7.000
V_744 0.000 613.196 7.000
T_745 -11.867 -90.974 6.000
V_746 0.000 613.196 9.000
S_747 -15.425 -90.060 9.000
T_748 -11.867 -90.974 6.000
L_749 0.000 679.918 10.000
G_750 0.000 -27.649 7.000
D_751 -7.878 -475.402 4.000
P_752 0.000 -195.996 4.000
G_753 0.000 -27.649 6.000
P_754 0.000 -195.996 2.000
H_755 -1.718 -583.484 2.000
G_756 0.000 -27.649 2.000
F_757 0.000 560.542 7.000
L_758 0.000 679.918 8.000
R_759 -27.076 -1015.709 11.000
K_760 -19.059 -818.649 14.000
S_761 -19.059 -90.060 14.000
S_762 -18.462 -90.060 13.000
G_763 0.000 -27.649 12.000
D_764 -25.003 -475.402 14.000
Y_765 -11.652 -274.939 11.000
R_766 -27.076 -1015.709 11.000
C_767 0.000 322.480 7.000
G_768 0.000 -27.649 5.000
F_769 0.000 560.542 2.000
C_770 0.000 322.480 2.000
Y_771 -8.431 -274.939 6.000
L_772 0.000 679.918 6.000
E_773 -21.132 -605.239 10.000
L_774 0.000 679.918 12.000
E_775 -23.258 -605.239 12.000
N_776 -18.409 -507.047 8.000
I_777 0.000 777.529 11.000
P_778 0.000 -195.996 7.000
S_779 -4.441 -90.060 3.000
G_780 0.000 -27.649 3.000
I_781 0.000 777.529 7.000
F_782 0.000 560.542 4.000
N_783 -7.878 -507.047 4.000
I_784 0.000 777.529 4.000
I_785 0.000 777.529 7.000
P_786 0.000 -195.996 6.000
S_787 -11.867 -90.060 6.000
T_788 -11.867 -90.974 6.000
F_789 0.000 560.542 6.000
L_790 0.000 679.918 6.000
P_791 0.000 -195.996 7.000
K_792 -17.098 -818.649 11.000
Q_793 -22.253 -643.904 11.000
E_794 -22.253 -605.239 11.000
G_795 0.000 -27.649 8.000
P_796 0.000 -195.996 4.000
F_797 0.000 560.542 0.000
F_798 0.000 560.542 4.000
L_799 0.000 679.918 4.000
D_800 -18.409 -475.402 8.000
F_801 0.000 560.542 11.000
N_802 -22.253 -507.047 11.000
S_803 -13.255 -90.060 7.000
I_804 0.000 777.529 7.000
I_805 0.000 777.529 3.000
P_806 0.000 -195.996 3.000
I_807 0.000 777.529 3.000
K_808 -11.867 -818.649 6.000
I_809 0.000 777.529 10.000
T_810 -16.309 -90.974 10.000
Q_811 -22.253 -643.904 11.000
L_812 0.000 679.918 11.000
Q_813 -18.409 -643.904 8.000
