M_1 0.000 401.769 0.000
G_2 0.000 -27.649 0.000
L_3 0.000 679.918 0.000
L_4 0.000 679.918 3.000
P_5 0.000 -195.996 3.000
K_6 -4.441 -818.649 3.000
L_7 0.000 679.918 3.000
G_8 0.000 -27.649 6.000
A_9 0.000 185.740 7.000
S_10 -13.255 -90.060 7.000
Q_11 -21.132 -643.904 10.000
G_12 0.000 -27.649 14.000
S_13 -19.059 -90.060 14.000
D_14 -24.169 -475.402 13.000
T_15 -20.127 -90.974 16.000
S_16 -20.127 -90.060 16.000
T_17 -20.609 -90.974 17.000
S_18 -19.059 -90.060 14.000
R_19 -27.076 -1015.709 11.000
A_20 0.000 185.740 13.000
G_21 0.000 -27.649 10.000
R_22 -11.867 -1015.709 5.000
C_23 0.000 322.480 10.000
A_24 0.000 185.740 13.000
R_25 -21.845 -1015.709 8.000
S_26 -14.420 -90.060 8.000
V_27 0.000 613.196 8.000
F_28 0.000 560.542 7.000
G_29 0.000 -27.649 4.000
N_30 -16.691 -507.047 7.000
I_31 0.000 777.529 7.000
K_32 -13.255 -818.649 7.000
V_33 0.000 613.196 3.000
F_34 0.000 560.542 3.000
V_35 0.000 613.196 0.000
L_36 0.000 679.918 4.000
C_37 0.000 322.480 4.000
Q_38 -7.878 -643.904 4.000
G_39 0.000 -27.649 4.000
L_40 0.000 679.918 8.000
L_41 0.000 679.918 4.000
Q_42 -7.878 -643.904 4.000
L_43 0.000 679.918 8.000
C_44 0.000 322.480 8.000
Q_45 -7.878 -643.904 4.000
L_46 0.000 679.918 6.000
L_47 0.000 679.918 9.000
Y_48 -7.426 -274.939 5.000
S_49 -13.255 -90.060 7.000
A_50 0.000 185.740 7.000
Y_51 -9.978 -274.939 8.000
F_52 0.000 560.542 8.000
K_53 -17.098 -818.649 11.000
S_54 -15.425 -90.060 9.000
S_55 -17.811 -90.060 12.000
L_56 0.000 679.918 12.000
T_57 -15.425 -90.974 9.000
T_58 -16.309 -90.974 10.000
I_59 0.000 777.529 13.000
E_60 -25.772 -605.239 15.000
K_61 -17.811 -818.649 12.000
R_62 -28.412 -1015.709 12.000
F_63 0.000 560.542 8.000
G_64 0.000 -27.649 8.000
L_65 0.000 679.918 6.000
S_66 -15.425 -90.060 9.000
S_67 -17.811 -90.060 12.000
S_68 -19.613 -90.060 15.000
S_69 -17.811 -90.060 12.000
S_70 -15.425 -90.060 9.000
G_71 0.000 -27.649 6.000
L_72 0.000 679.918 6.000
I_73 0.000 777.529 6.000
S_74 -11.867 -90.060 6.000
S_75 -16.309 -90.060 10.000
L_76 0.000 679.918 14.000
N_77 -22.253 -507.047 11.000
E_78 -22.253 -605.239 11.000
I_79 0.000 777.529 15.000
S_80 -17.098 -90.060 11.000
N_81 -16.691 -507.047 7.000
A_82 0.000 185.740 7.000
I_83 0.000 777.529 4.000
L_84 0.000 679.918 0.000
I_85 0.000 777.529 0.000
I_86 0.000 777.529 0.000
F_87 0.000 560.542 3.000
V_88 0.000 613.196 5.000
S_89 -10.149 -90.060 5.000
Y_90 -7.426 -274.939 5.000
F_91 0.000 560.542 8.000
G_92 0.000 -27.649 10.000
S_93 -14.420 -90.060 8.000
R_94 -25.574 -1015.709 10.000
V_95 0.000 613.196 15.000
H_96 -12.104 -583.484 12.000
R_97 -28.412 -1015.709 12.000
P_98 0.000 -195.996 12.000
R_99 -25.574 -1015.709 10.000
L_100 0.000 679.918 5.000
I_101 0.000 777.529 5.000
G_102 0.000 -27.649 0.000
I_103 0.000 777.529 0.000
G_104 0.000 -27.649 0.000
G_105 0.000 -27.649 0.000
L_106 0.000 679.918 0.000
F_107 0.000 560.542 0.000
L_108 0.000 679.918 0.000
A_109 0.000 185.740 0.000
A_110 0.000 185.740 0.000
G_111 0.000 -27.649 0.000
A_112 0.000 185.740 0.000
F_113 0.000 560.542 0.000
I_114 0.000 777.529 3.000
L_115 0.000 679.918 3.000
T_116 -4.441 -90.974 3.000
L_117 0.000 679.918 5.000
P_118 0.000 -195.996 5.000
H_119 -1.718 -583.484 2.000
F_120 0.000 560.542 5.000
L_121 0.000 679.918 9.000
S_122 -13.255 -90.060 7.000
E_123 -19.866 -605.239 9.000
P_124 0.000 -195.996 13.000
Y_125 -12.104 -274.939 12.000
Q_126 -22.253 -643.904 11.000
Y_127 -11.652 -274.939 11.000
T_128 -15.425 -90.974 9.000
L_129 0.000 679.918 8.000
A_130 0.000 185.740 9.000
S_131 -11.867 -90.060 6.000
T_132 -16.309 -90.974 10.000
G_133 0.000 -27.649 14.000
N_134 -25.003 -507.047 14.000
N_135 -26.485 -507.047 16.000
S_136 -20.127 -90.060 16.000
R_137 -32.645 -1015.709 16.000
L_138 0.000 679.918 12.000
Q_139 -24.169 -643.904 13.000
A_140 0.000 185.740 8.000
E_141 -18.409 -605.239 8.000
L_142 0.000 679.918 8.000
C_143 0.000 322.480 11.000
Q_144 -19.866 -643.904 9.000
K_145 -16.309 -818.649 10.000
H_146 -12.900 -583.484 14.000
W_147 -6.542 -203.500 14.000
Q_148 -22.253 -643.904 11.000
D_149 -19.866 -475.402 9.000
L_150 0.000 679.918 8.000
P_151 0.000 -195.996 7.000
P_152 0.000 -195.996 6.000
S_153 -11.867 -90.060 6.000
K_154 -14.420 -818.649 8.000
C_155 0.000 322.480 11.000
H_156 -11.652 -583.484 11.000
S_157 -17.098 -90.060 11.000
T_158 -19.613 -90.974 15.000
T_159 -20.609 -90.974 17.000
Q_160 -25.003 -643.904 14.000
N_161 -25.772 -507.047 15.000
P_162 0.000 -195.996 15.000
Q_163 -25.772 -643.904 15.000
K_164 -19.059 -818.649 14.000
E_165 -27.150 -605.239 17.000
T_166 -20.127 -90.974 16.000
S_167 -18.462 -90.060 13.000
S_168 -16.309 -90.060 10.000
M_169 0.000 401.769 7.000
W_170 -3.436 -203.500 4.000
G_171 0.000 -27.649 1.000
L_172 0.000 679.918 1.000
M_173 0.000 401.769 0.000
V_174 0.000 613.196 0.000
V_175 0.000 613.196 4.000
A_176 0.000 185.740 4.000
Q_177 -7.878 -643.904 4.000
L_178 0.000 679.918 4.000
L_179 0.000 679.918 4.000
A_180 0.000 185.740 0.000
G_181 0.000 -27.649 0.000
I_182 0.000 777.529 3.000
G_183 0.000 -27.649 3.000
T_184 -4.441 -90.974 3.000
V_185 0.000 613.196 3.000
P_186 0.000 -195.996 7.000
I_187 0.000 777.529 4.000
Q_188 -7.878 -643.904 4.000
P_189 0.000 -195.996 4.000
F_190 0.000 560.542 4.000
G_191 0.000 -27.649 3.000
I_192 0.000 777.529 5.000
S_193 -10.149 -90.060 5.000
Y_194 -10.601 -274.939 9.000
V_195 0.000 613.196 13.000
D_196 -21.132 -475.402 10.000
D_197 -22.253 -475.402 11.000
F_198 0.000 560.542 15.000
S_199 -17.098 -90.060 11.000
E_200 -21.132 -605.239 10.000
P_201 0.000 -195.996 14.000
S_202 -19.059 -90.060 14.000
N_203 -21.132 -507.047 10.000
S_204 -16.309 -90.060 10.000
P_205 0.000 -195.996 9.000
L_206 0.000 679.918 5.000
Y_207 -7.426 -274.939 5.000
I_208 0.000 777.529 5.000
S_209 -10.149 -90.060 5.000
I_210 0.000 777.529 3.000
L_211 0.000 679.918 3.000
F_212 0.000 560.542 0.000
A_213 0.000 185.740 3.000
I_214 0.000 777.529 3.000
S_215 -4.441 -90.060 3.000
V_216 0.000 613.196 3.000
F_217 0.000 560.542 3.000
G_218 0.000 -27.649 0.000
P_219 0.000 -195.996 0.000
A_220 0.000 185.740 0.000
F_221 0.000 560.542 2.000
G_222 0.000 -27.649 2.000
Y_223 -1.718 -274.939 2.000
L_224 0.000 679.918 2.000
L_225 0.000 679.918 5.000
G_226 0.000 -27.649 3.000
S_227 -4.441 -90.060 3.000
V_228 0.000 613.196 3.000
M_229 0.000 401.769 7.000
L_230 0.000 679.918 4.000
Q_231 -7.878 -643.904 4.000
I_232 0.000 777.529 4.000
F_233 0.000 560.542 8.000
V_234 0.000 613.196 6.000
D_235 -14.591 -475.402 6.000
Y_236 -11.652 -274.939 11.000
G_237 0.000 -27.649 11.000
R_238 -27.076 -1015.709 11.000
V_239 0.000 613.196 12.000
N_240 -23.258 -507.047 12.000
T_241 -13.255 -90.974 7.000
A_242 0.000 185.740 7.000
A_243 0.000 185.740 7.000
V_244 0.000 613.196 4.000
N_245 -7.878 -507.047 4.000
L_246 0.000 679.918 4.000
V_247 0.000 613.196 4.000
P_248 0.000 -195.996 4.000
G_249 0.000 -27.649 4.000
D_250 -19.866 -475.402 9.000
P_251 0.000 -195.996 10.000
R_252 -25.574 -1015.709 10.000
W_253 -4.441 -203.500 6.000
I_254 0.000 777.529 6.000
G_255 0.000 -27.649 2.000
A_256 0.000 185.740 2.000
W_257 -1.718 -203.500 2.000
W_258 -1.718 -203.500 2.000
L_259 0.000 679.918 2.000
G_260 0.000 -27.649 1.000
L_261 0.000 679.918 0.000
L_262 0.000 679.918 3.000
I_263 0.000 777.529 6.000
S_264 -11.867 -90.060 6.000
S_265 -11.867 -90.060 6.000
A_266 0.000 185.740 6.000
L_267 0.000 679.918 3.000
L_268 0.000 679.918 0.000
V_269 0.000 613.196 3.000
L_270 0.000 679.918 6.000
T_271 -11.867 -90.974 6.000
S_272 -11.867 -90.060 6.000
F_273 0.000 560.542 6.000
P_274 0.000 -195.996 3.000
F_275 0.000 560.542 0.000
F_276 0.000 560.542 0.000
F_277 0.000 560.542 0.000
F_278 0.000 560.542 5.000
P_279 0.000 -195.996 5.000
R_280 -11.867 -1015.709 5.000
A_281 0.000 185.740 5.000
M_282 0.000 401.769 5.000
P_283 0.000 -195.996 0.000
I_284 0.000 777.529 0.000
G_285 0.000 -27.649 3.000
A_286 0.000 185.740 8.000
K_287 -14.420 -818.649 8.000
R_288 -21.845 -1015.709 8.000
A_289 0.000 185.740 8.000
P_290 0.000 -195.996 8.000
A_291 0.000 185.740 3.000
T_292 -13.255 -90.974 7.000
A_293 0.000 185.740 11.000
D_294 -22.253 -475.402 11.000
E_295 -24.169 -605.239 13.000
A_296 0.000 185.740 16.000
R_297 -28.412 -1015.709 12.000
K_298 -17.811 -818.649 12.000
L_299 0.000 679.918 16.000
E_300 -22.253 -605.239 11.000
E_301 -22.253 -605.239 11.000
A_302 0.000 185.740 14.000
K_303 -19.613 -818.649 15.000
S_304 -17.098 -90.060 11.000
R_305 -30.711 -1015.709 14.000
G_306 0.000 -27.649 11.000
S_307 -14.420 -90.060 8.000
L_308 0.000 679.918 7.000
V_309 0.000 613.196 7.000
D_310 -7.878 -475.402 4.000
F_311 0.000 560.542 7.000
I_312 0.000 777.529 12.000
K_313 -14.420 -818.649 8.000
R_314 -21.845 -1015.709 8.000
F_315 0.000 560.542 8.000
P_316 0.000 -195.996 5.000
C_317 0.000 322.480 0.000
I_318 0.000 777.529 0.000
F_319 0.000 560.542 5.000
L_320 0.000 679.918 5.000
R_321 -11.867 -1015.709 5.000
L_322 0.000 679.918 5.000
L_323 0.000 679.918 9.000
M_324 0.000 401.769 7.000
N_325 -16.691 -507.047 7.000
S_326 -13.255 -90.060 7.000
L_327 0.000 679.918 7.000
F_328 0.000 560.542 3.000
V_329 0.000 613.196 0.000
L_330 0.000 679.918 0.000
V_331 0.000 613.196 0.000
V_332 0.000 613.196 0.000
L_333 0.000 679.918 4.000
A_334 0.000 185.740 4.000
Q_335 -16.691 -643.904 7.000
C_336 0.000 322.480 7.000
T_337 -16.309 -90.974 10.000
F_338 0.000 560.542 9.000
S_339 -15.425 -90.060 9.000
S_340 -11.867 -90.060 6.000
V_341 0.000 613.196 6.000
I_342 0.000 777.529 3.000
A_343 0.000 185.740 0.000
G_344 0.000 -27.649 3.000
L_345 0.000 679.918 6.000
S_346 -11.867 -90.060 6.000
T_347 -11.867 -90.974 6.000
F_348 0.000 560.542 10.000
L_349 0.000 679.918 10.000
N_350 -16.691 -507.047 7.000
K_351 -13.255 -818.649 7.000
F_352 0.000 560.542 11.000
L_353 0.000 679.918 10.000
E_354 -22.253 -605.239 11.000
K_355 -18.462 -818.649 13.000
Q_356 -24.169 -643.904 13.000
Y_357 -12.104 -274.939 12.000
G_358 0.000 -27.649 12.000
T_359 -14.420 -90.974 8.000
S_360 -11.867 -90.060 6.000
A_361 0.000 185.740 8.000
A_362 0.000 185.740 5.000
Y_363 -8.431 -274.939 6.000
A_364 0.000 185.740 6.000
N_365 -14.591 -507.047 6.000
F_366 0.000 560.542 4.000
L_367 0.000 679.918 4.000
I_368 0.000 777.529 0.000
G_369 0.000 -27.649 0.000
A_370 0.000 185.740 4.000
V_371 0.000 613.196 4.000
N_372 -7.878 -507.047 4.000
L_373 0.000 679.918 4.000
P_374 0.000 -195.996 4.000
A_375 0.000 185.740 0.000
A_376 0.000 185.740 0.000
A_377 0.000 185.740 0.000
L_378 0.000 679.918 0.000
G_379 0.000 -27.649 0.000
M_380 0.000 401.769 0.000
L_381 0.000 679.918 0.000
F_382 0.000 560.542 0.000
G_383 0.000 -27.649 0.000
G_384 0.000 -27.649 0.000
I_385 0.000 777.529 0.000
L_386 0.000 679.918 3.000
M_387 0.000 401.769 8.000
K_388 -14.420 -818.649 8.000
R_389 -21.845 -1015.709 8.000
F_390 0.000 560.542 8.000
V_391 0.000 613.196 8.000
F_392 0.000 560.542 3.000
S_393 -13.255 -90.060 7.000
L_394 0.000 679.918 7.000
Q_395 -16.691 -643.904 7.000
A_396 0.000 185.740 4.000
I_397 0.000 777.529 9.000
P_398 0.000 -195.996 5.000
R_399 -11.867 -1015.709 5.000
I_400 0.000 777.529 8.000
A_401 0.000 185.740 11.000
T_402 -11.867 -90.974 6.000
T_403 -11.867 -90.974 6.000
I_404 0.000 777.529 9.000
I_405 0.000 777.529 6.000
T_406 -11.867 -90.974 6.000
I_407 0.000 777.529 6.000
S_408 -11.867 -90.060 6.000
M_409 0.000 401.769 3.000
I_410 0.000 777.529 3.000
L_411 0.000 679.918 0.000
C_412 0.000 322.480 0.000
V_413 0.000 613.196 0.000
P_414 0.000 -195.996 0.000
L_415 0.000 679.918 0.000
F_416 0.000 560.542 0.000
F_417 0.000 560.542 0.000
M_418 0.000 401.769 0.000
G_419 0.000 -27.649 3.000
C_420 0.000 322.480 6.000
S_421 -11.867 -90.060 6.000
T_422 -15.425 -90.974 9.000
P_423 0.000 -195.996 9.000
T_424 -11.867 -90.974 6.000
V_425 0.000 613.196 7.000
A_426 0.000 185.740 7.000
E_427 -14.591 -605.239 6.000
V_428 0.000 613.196 6.000
Y_429 -8.431 -274.939 6.000
P_430 0.000 -195.996 5.000
P_431 0.000 -195.996 8.000
S_432 -15.425 -90.060 9.000
T_433 -17.811 -90.974 12.000
S_434 -19.613 -90.060 15.000
S_435 -17.811 -90.060 12.000
S_436 -17.098 -90.060 11.000
I_437 0.000 777.529 8.000
H_438 -10.601 -583.484 9.000
P_439 0.000 -195.996 9.000
Q_440 -19.866 -643.904 9.000
S_441 -13.255 -90.060 7.000
P_442 0.000 -195.996 7.000
A_443 0.000 185.740 8.000
C_444 0.000 322.480 10.000
R_445 -30.711 -1015.709 14.000
R_446 -30.711 -1015.709 14.000
D_447 -27.150 -475.402 17.000
C_448 0.000 322.480 12.000
S_449 -13.255 -90.060 7.000
C_450 0.000 322.480 7.000
P_451 0.000 -195.996 10.000
D_452 -16.691 -475.402 7.000
S_453 -13.255 -90.060 7.000
I_454 0.000 777.529 9.000
F_455 0.000 560.542 5.000
H_456 -1.718 -583.484 2.000
P_457 0.000 -195.996 2.000
V_458 0.000 613.196 2.000
C_459 0.000 322.480 4.000
G_460 0.000 -27.649 8.000
D_461 -18.409 -475.402 8.000
N_462 -18.409 -507.047 8.000
G_463 0.000 -27.649 12.000
I_464 0.000 777.529 10.000
E_465 -14.591 -605.239 6.000
Y_466 -10.601 -274.939 9.000
L_467 0.000 679.918 9.000
S_468 -10.149 -90.060 5.000
P_469 0.000 -195.996 5.000
C_470 0.000 322.480 5.000
H_471 -1.718 -583.484 2.000
A_472 0.000 185.740 2.000
G_473 0.000 -27.649 5.000
C_474 0.000 322.480 7.000
S_475 -13.255 -90.060 7.000
N_476 -22.253 -507.047 11.000
I_477 0.000 777.529 11.000
N_478 -22.253 -507.047 11.000
M_479 0.000 401.769 10.000
S_480 -16.309 -90.060 10.000
S_481 -15.425 -90.060 9.000
A_482 0.000 185.740 12.000
T_483 -17.811 -90.974 12.000
S_484 -18.462 -90.060 13.000
K_485 -18.462 -818.649 13.000
Q_486 -21.132 -643.904 10.000
L_487 0.000 679.918 9.000
I_488 0.000 777.529 6.000
Y_489 -8.431 -274.939 6.000
L_490 0.000 679.918 6.000
N_491 -19.866 -507.047 9.000
C_492 0.000 322.480 7.000
S_493 -13.255 -90.060 7.000
C_494 0.000 322.480 6.000
V_495 0.000 613.196 6.000
T_496 -4.441 -90.974 3.000
G_497 0.000 -27.649 6.000
G_498 0.000 -27.649 6.000
S_499 -11.867 -90.060 6.000
A_500 0.000 185.740 6.000
S_501 -15.425 -90.060 9.000
A_502 0.000 185.740 9.000
K_503 -15.425 -818.649 9.000
T_504 -15.425 -90.974 9.000
G_505 0.000 -27.649 9.000
S_506 -11.867 -90.060 6.000
C_507 0.000 322.480 3.000
P_508 0.000 -195.996 3.000
V_509 0.000 613.196 0.000
P_510 0.000 -195.996 0.000
C_511 0.000 322.480 2.000
A_512 0.000 185.740 2.000
H_513 -1.718 -583.484 2.000
F_514 0.000 560.542 2.000
L_515 0.000 679.918 2.000
L_516 0.000 679.918 0.000
P_517 0.000 -195.996 0.000
A_518 0.000 185.740 0.000
I_519 0.000 777.529 0.000
F_520 0.000 560.542 0.000
L_521 0.000 679.918 3.000
I_522 0.000 777.529 3.000
S_523 -4.441 -90.060 3.000
F_524 0.000 560.542 6.000
V_525 0.000 613.196 6.000
S_526 -4.441 -90.060 3.000
L_527 0.000 679.918 3.000
I_528 0.000 777.529 3.000
A_529 0.000 185.740 0.000
C_530 0.000 322.480 3.000
I_531 0.000 777.529 5.000
S_532 -15.425 -90.060 9.000
H_533 -10.601 -583.484 9.000
N_534 -19.866 -507.047 9.000
P_535 0.000 -195.996 8.000
L_536 0.000 679.918 6.000
Y_537 -1.718 -274.939 2.000
M_538 0.000 401.769 2.000
M_539 0.000 401.769 2.000
V_540 0.000 613.196 5.000
L_541 0.000 679.918 5.000
R_542 -11.867 -1015.709 5.000
V_543 0.000 613.196 9.000
V_544 0.000 613.196 13.000
N_545 -23.258 -507.047 12.000
Q_546 -26.485 -643.904 16.000
E_547 -28.359 -605.239 19.000
E_548 -27.773 -605.239 18.000
K_549 -19.059 -818.649 14.000
S_550 -16.309 -90.060 10.000
F_551 0.000 560.542 6.000
A_552 0.000 185.740 3.000
I_553 0.000 777.529 0.000
G_554 0.000 -27.649 4.000
V_555 0.000 613.196 4.000
Q_556 -7.878 -643.904 4.000
F_557 0.000 560.542 4.000
L_558 0.000 679.918 4.000
L_559 0.000 679.918 5.000
M_560 0.000 401.769 5.000
R_561 -11.867 -1015.709 5.000
L_562 0.000 679.918 5.000
L_563 0.000 679.918 6.000
A_564 0.000 185.740 1.000
W_565 -0.000 -203.500 1.000
L_566 0.000 679.918 4.000
P_567 0.000 -195.996 4.000
S_568 -4.441 -90.060 3.000
P_569 0.000 -195.996 3.000
A_570 0.000 185.740 5.000
L_571 0.000 679.918 2.000
Y_572 -1.718 -274.939 2.000
G_573 0.000 -27.649 5.000
L_574 0.000 679.918 5.000
T_575 -13.255 -90.974 7.000
I_576 0.000 777.529 9.000
D_577 -23.258 -475.402 12.000
H_578 -10.601 -583.484 9.000
S_579 -15.425 -90.060 9.000
C_580 0.000 322.480 10.000
I_581 0.000 777.529 9.000
R_582 -25.574 -1015.709 10.000
W_583 -6.358 -203.500 13.000
N_584 -24.169 -507.047 13.000
S_585 -14.420 -90.060 8.000
L_586 0.000 679.918 7.000
C_587 0.000 322.480 3.000
L_588 0.000 679.918 5.000
G_589 0.000 -27.649 10.000
R_590 -25.574 -1015.709 10.000
R_591 -25.574 -1015.709 10.000
G_592 0.000 -27.649 10.000
A_593 0.000 185.740 5.000
C_594 0.000 322.480 2.000
A_595 0.000 185.740 4.000
Y_596 -9.978 -274.939 8.000
Y_597 -12.104 -274.939 12.000
D_598 -26.485 -475.402 16.000
N_599 -25.003 -507.047 14.000
D_600 -23.258 -475.402 12.000
A_601 0.000 185.740 13.000
L_602 0.000 679.918 13.000
R_603 -30.711 -1015.709 14.000
D_604 -26.485 -475.402 16.000
R_605 -32.645 -1015.709 16.000
Y_606 -11.652 -274.939 11.000
L_607 0.000 679.918 7.000
G_608 0.000 -27.649 6.000
L_609 0.000 679.918 4.000
Q_610 -7.878 -643.904 4.000
M_611 0.000 401.769 6.000
G_612 0.000 -27.649 9.000
Y_613 -7.426 -274.939 5.000
K_614 -10.149 -818.649 5.000
A_615 0.000 185.740 5.000
L_616 0.000 679.918 3.000
G_617 0.000 -27.649 0.000
M_618 0.000 401.769 0.000
L_619 0.000 679.918 0.000
L_620 0.000 679.918 0.000
L_621 0.000 679.918 0.000
C_622 0.000 322.480 0.000
F_623 0.000 560.542 3.000
I_624 0.000 777.529 4.000
S_625 -15.425 -90.060 9.000
W_626 -5.447 -203.500 9.000
R_627 -28.412 -1015.709 12.000
V_628 0.000 613.196 12.000
K_629 -19.613 -818.649 15.000
K_630 -18.462 -818.649 13.000
N_631 -27.150 -507.047 17.000
K_632 -20.127 -818.649 16.000
E_633 -27.150 -605.239 17.000
Y_634 -12.518 -274.939 13.000
N_635 -25.003 -507.047 14.000
V_636 0.000 613.196 13.000
Q_637 -22.253 -643.904 11.000
K_638 -13.255 -818.649 7.000
A_639 0.000 185.740 7.000
A_640 0.000 185.740 3.000
G_641 0.000 -27.649 0.000
L_642 0.000 679.918 0.000
I_643 0.000 777.529 0.000
