M_1 0.000 401.769 0.000
G_2 0.000 -27.649 0.000
G_3 0.000 -27.649 3.000
L_4 0.000 679.918 3.000
T_5 -11.867 -90.974 6.000
A_6 0.000 185.740 10.000
S_7 -16.309 -90.060 10.000
D_8 -19.866 -475.402 9.000
V_9 0.000 613.196 9.000
H_10 -10.601 -583.484 9.000
P_11 0.000 -195.996 5.000
T_12 -10.149 -90.974 5.000
L_13 0.000 679.918 3.000
G_14 0.000 -27.649 7.000
V_15 0.000 613.196 4.000
Q_16 -7.878 -643.904 4.000
L_17 0.000 679.918 7.000
F_18 0.000 560.542 7.000
S_19 -4.441 -90.060 3.000
A_20 0.000 185.740 3.000
G_21 0.000 -27.649 3.000
I_22 0.000 777.529 0.000
A_23 0.000 185.740 0.000
A_24 0.000 185.740 0.000
C_25 0.000 322.480 0.000
L_26 0.000 679.918 4.000
A_27 0.000 185.740 4.000
D_28 -7.878 -475.402 4.000
V_29 0.000 613.196 7.000
I_30 0.000 777.529 7.000
T_31 -4.441 -90.974 3.000
F_32 0.000 560.542 3.000
P_33 0.000 -195.996 7.000
L_34 0.000 679.918 7.000
D_35 -16.691 -475.402 7.000
T_36 -16.309 -90.974 10.000
A_37 0.000 185.740 10.000
K_38 -17.098 -818.649 11.000
V_39 0.000 613.196 8.000
R_40 -28.412 -1015.709 12.000
L_41 0.000 679.918 9.000
Q_42 -24.169 -643.904 13.000
V_43 0.000 613.196 8.000
Q_44 -23.258 -643.904 12.000
G_45 0.000 -27.649 8.000
E_46 -18.409 -605.239 8.000
C_47 0.000 322.480 7.000
P_48 0.000 -195.996 10.000
T_49 -15.425 -90.974 9.000
S_50 -15.425 -90.060 9.000
S_51 -15.425 -90.060 9.000
V_52 0.000 613.196 11.000
I_53 0.000 777.529 10.000
R_54 -25.574 -1015.709 10.000
Y_55 -11.154 -274.939 10.000
K_56 -16.309 -818.649 10.000
G_57 0.000 -27.649 5.000
V_58 0.000 613.196 3.000
L_59 0.000 679.918 3.000
G_60 0.000 -27.649 3.000
T_61 -11.867 -90.974 6.000
I_62 0.000 777.529 6.000
T_63 -11.867 -90.974 6.000
A_64 0.000 185.740 3.000
V_65 0.000 613.196 6.000
V_66 0.000 613.196 6.000
K_67 -16.309 -818.649 10.000
T_68 -16.309 -90.974 10.000
E_69 -25.772 -605.239 15.000
G_70 0.000 -27.649 12.000
R_71 -28.412 -1015.709 12.000
M_72 0.000 401.769 8.000
K_73 -16.309 -818.649 10.000
L_74 0.000 679.918 8.000
Y_75 -9.978 -274.939 8.000
S_76 -10.149 -90.060 5.000
G_77 0.000 -27.649 5.000
L_78 0.000 679.918 3.000
P_79 0.000 -195.996 0.000
A_80 0.000 185.740 0.000
G_81 0.000 -27.649 4.000
L_82 0.000 679.918 9.000
Q_83 -24.169 -643.904 13.000
R_84 -29.616 -1015.709 13.000
Q_85 -26.485 -643.904 16.000
I_86 0.000 777.529 15.000
S_87 -16.309 -90.060 10.000
S_88 -15.425 -90.060 9.000
A_89 0.000 185.740 9.000
S_90 -17.098 -90.060 11.000
L_91 0.000 679.918 8.000
R_92 -21.845 -1015.709 8.000
I_93 0.000 777.529 5.000
G_94 0.000 -27.649 7.000
L_95 0.000 679.918 6.000
Y_96 -10.601 -274.939 9.000
D_97 -19.866 -475.402 9.000
T_98 -18.462 -90.974 13.000
V_99 0.000 613.196 15.000
Q_100 -22.253 -643.904 11.000
E_101 -18.409 -605.239 8.000
F_102 0.000 560.542 11.000
L_103 0.000 679.918 7.000
T_104 -4.441 -90.974 3.000
A_105 0.000 185.740 6.000
G_106 0.000 -27.649 10.000
K_107 -16.309 -818.649 10.000
E_108 -21.132 -605.239 10.000
T_109 -16.309 -90.974 10.000
A_110 0.000 185.740 10.000
P_111 0.000 -195.996 6.000
S_112 -4.441 -90.060 3.000
L_113 0.000 679.918 6.000
G_114 0.000 -27.649 9.000
S_115 -11.867 -90.060 6.000
K_116 -11.867 -818.649 6.000
I_117 0.000 777.529 6.000
L_118 0.000 679.918 3.000
A_119 0.000 185.740 0.000
G_120 0.000 -27.649 3.000
L_121 0.000 679.918 6.000
T_122 -11.867 -90.974 6.000
T_123 -11.867 -90.974 6.000
G_124 0.000 -27.649 6.000
G_125 0.000 -27.649 3.000
V_126 0.000 613.196 0.000
A_127 0.000 185.740 0.000
V_128 0.000 613.196 0.000
F_129 0.000 560.542 0.000
I_130 0.000 777.529 4.000
G_131 0.000 -27.649 4.000
Q_132 -16.691 -643.904 7.000
P_133 0.000 -195.996 11.000
T_134 -17.098 -90.974 11.000
E_135 -16.691 -605.239 7.000
V_136 0.000 613.196 10.000
V_137 0.000 613.196 7.000
K_138 -14.420 -818.649 8.000
V_139 0.000 613.196 8.000
R_140 -28.412 -1015.709 12.000
L_141 0.000 679.918 9.000
Q_142 -24.169 -643.904 13.000
A_143 0.000 185.740 11.000
Q_144 -24.169 -643.904 13.000
S_145 -15.425 -90.060 9.000
H_146 -11.652 -583.484 11.000
L_147 0.000 679.918 7.000
H_148 -6.160 -583.484 4.000
G_149 0.000 -27.649 5.000
I_150 0.000 777.529 5.000
K_151 -14.420 -818.649 8.000
P_152 0.000 -195.996 10.000
R_153 -29.616 -1015.709 13.000
Y_154 -11.154 -274.939 10.000
T_155 -18.462 -90.974 13.000
G_156 0.000 -27.649 10.000
T_157 -17.811 -90.974 12.000
Y_158 -10.601 -274.939 9.000
N_159 -22.253 -507.047 11.000
A_160 0.000 185.740 13.000
Y_161 -11.652 -274.939 11.000
R_162 -19.414 -1015.709 7.000
I_163 0.000 777.529 7.000
I_164 0.000 777.529 8.000
A_165 0.000 185.740 6.000
T_166 -16.309 -90.974 10.000
T_167 -16.309 -90.974 10.000
E_168 -21.132 -605.239 10.000
G_169 0.000 -27.649 10.000
L_170 0.000 679.918 7.000
T_171 -4.441 -90.974 3.000
G_172 0.000 -27.649 4.000
L_173 0.000 679.918 7.000
W_174 -3.436 -203.500 4.000
K_175 -13.255 -818.649 7.000
G_176 0.000 -27.649 10.000
T_177 -15.425 -90.974 9.000
T_178 -16.309 -90.974 10.000
P_179 0.000 -195.996 10.000
N_180 -16.691 -507.047 7.000
L_181 0.000 679.918 9.000
M_182 0.000 401.769 12.000
R_183 -21.845 -1015.709 8.000
S_184 -14.420 -90.060 8.000
V_185 0.000 613.196 8.000
I_186 0.000 777.529 7.000
I_187 0.000 777.529 4.000
N_188 -16.691 -507.047 7.000
C_189 0.000 322.480 11.000
T_190 -17.098 -90.974 11.000
E_191 -16.691 -605.239 7.000
L_192 0.000 679.918 10.000
V_193 0.000 613.196 9.000
T_194 -15.425 -90.974 9.000
Y_195 -10.601 -274.939 9.000
D_196 -19.866 -475.402 9.000
L_197 0.000 679.918 9.000
M_198 0.000 401.769 11.000
K_199 -13.255 -818.649 7.000
E_200 -16.691 -605.239 7.000
A_201 0.000 185.740 7.000
F_202 0.000 560.542 7.000
V_203 0.000 613.196 7.000
K_204 -17.098 -818.649 11.000
N_205 -22.253 -507.047 11.000
N_206 -22.253 -507.047 11.000
I_207 0.000 777.529 8.000
L_208 0.000 679.918 8.000
A_209 0.000 185.740 8.000
D_210 -18.409 -475.402 8.000
D_211 -18.409 -475.402 8.000
V_212 0.000 613.196 8.000
P_213 0.000 -195.996 6.000
C_214 0.000 322.480 2.000
H_215 -1.718 -583.484 2.000
L_216 0.000 679.918 5.000
V_217 0.000 613.196 5.000
S_218 -4.441 -90.060 3.000
A_219 0.000 185.740 3.000
L_220 0.000 679.918 3.000
I_221 0.000 777.529 0.000
A_222 0.000 185.740 0.000
G_223 0.000 -27.649 0.000
F_224 0.000 560.542 0.000
C_225 0.000 322.480 3.000
A_226 0.000 185.740 3.000
T_227 -4.441 -90.974 3.000
A_228 0.000 185.740 6.000
M_229 0.000 401.769 9.000
S_230 -11.867 -90.060 6.000
S_231 -11.867 -90.060 6.000
P_232 0.000 -195.996 10.000
V_233 0.000 613.196 7.000
D_234 -7.878 -475.402 4.000
V_235 0.000 613.196 7.000
V_236 0.000 613.196 10.000
K_237 -17.098 -818.649 11.000
T_238 -17.098 -90.974 11.000
R_239 -27.076 -1015.709 11.000
F_240 0.000 560.542 12.000
I_241 0.000 777.529 12.000
N_242 -16.691 -507.047 7.000
S_243 -13.255 -90.060 7.000
P_244 0.000 -195.996 7.000
P_245 0.000 -195.996 7.000
G_246 0.000 -27.649 6.000
Q_247 -19.866 -643.904 9.000
Y_248 -12.104 -274.939 12.000
K_249 -17.811 -818.649 12.000
S_250 -14.420 -90.060 8.000
V_251 0.000 613.196 10.000
P_252 0.000 -195.996 7.000
N_253 -7.878 -507.047 4.000
C_254 0.000 322.480 4.000
A_255 0.000 185.740 7.000
M_256 0.000 401.769 3.000
K_257 -4.441 -818.649 3.000
V_258 0.000 613.196 6.000
F_259 0.000 560.542 10.000
T_260 -17.098 -90.974 11.000
N_261 -22.253 -507.047 11.000
E_262 -22.253 -605.239 11.000
G_263 0.000 -27.649 11.000
P_264 0.000 -195.996 7.000
T_265 -4.441 -90.974 3.000
A_266 0.000 185.740 3.000
F_267 0.000 560.542 6.000
F_268 0.000 560.542 3.000
K_269 -4.441 -818.649 3.000
G_270 0.000 -27.649 3.000
L_271 0.000 679.918 3.000
V_272 0.000 613.196 3.000
P_273 0.000 -195.996 3.000
S_274 -4.441 -90.060 3.000
F_275 0.000 560.542 8.000
L_276 0.000 679.918 8.000
R_277 -11.867 -1015.709 5.000
L_278 0.000 679.918 8.000
G_279 0.000 -27.649 9.000
S_280 -14.420 -90.060 8.000
W_281 -5.155 -203.500 8.000
N_282 -18.409 -507.047 8.000
V_283 0.000 613.196 5.000
I_284 0.000 777.529 4.000
M_285 0.000 401.769 0.000
F_286 0.000 560.542 0.000
V_287 0.000 613.196 0.000
C_288 0.000 322.480 4.000
F_289 0.000 560.542 8.000
E_290 -18.409 -605.239 8.000
Q_291 -22.253 -643.904 11.000
L_292 0.000 679.918 16.000
K_293 -20.127 -818.649 16.000
R_294 -28.412 -1015.709 12.000
E_295 -25.772 -605.239 15.000
L_296 0.000 679.918 15.000
S_297 -18.462 -90.060 13.000
K_298 -19.059 -818.649 14.000
S_299 -21.060 -90.060 18.000
R_300 -34.315 -1015.709 18.000
Q_301 -25.772 -643.904 15.000
T_302 -20.127 -90.974 16.000
M_303 0.000 401.769 11.000
D_304 -16.691 -475.402 7.000
C_305 0.000 322.480 7.000
A_306 0.000 185.740 7.000
T_307 -4.441 -90.974 3.000
