M_1 0.000 401.769 3.000
A_2 0.000 185.740 7.000
S_3 -17.098 -90.060 11.000
Q_4 -22.253 -643.904 11.000
E_5 -25.772 -605.239 15.000
F_6 0.000 560.542 12.000
E_7 -23.258 -605.239 12.000
V_8 0.000 613.196 8.000
E_9 -18.409 -605.239 8.000
A_10 0.000 185.740 4.000
I_11 0.000 777.529 8.000
V_12 0.000 613.196 7.000
D_13 -23.258 -475.402 12.000
K_14 -20.127 -818.649 16.000
R_15 -35.785 -1015.709 20.000
Q_16 -28.359 -643.904 19.000
D_17 -28.912 -475.402 20.000
K_18 -19.613 -818.649 15.000
N_19 -25.772 -507.047 15.000
G_20 0.000 -27.649 14.000
N_21 -25.772 -507.047 15.000
T_22 -18.462 -90.974 13.000
Q_23 -24.169 -643.904 13.000
Y_24 -10.601 -274.939 9.000
L_25 0.000 679.918 11.000
V_26 0.000 613.196 8.000
R_27 -23.856 -1015.709 9.000
W_28 -5.447 -203.500 9.000
K_29 -17.098 -818.649 11.000
G_30 0.000 -27.649 10.000
Y_31 -12.104 -274.939 12.000
D_32 -24.169 -475.402 13.000
K_33 -20.609 -818.649 17.000
Q_34 -28.359 -643.904 19.000
D_35 -27.773 -475.402 18.000
D_36 -26.485 -475.402 16.000
T_37 -20.127 -90.974 16.000
W_38 -6.160 -203.500 12.000
E_39 -23.258 -605.239 12.000
P_40 0.000 -195.996 13.000
E_41 -25.003 -605.239 14.000
Q_42 -21.132 -643.904 10.000
H_43 -11.154 -583.484 10.000
L_44 0.000 679.918 10.000
M_45 0.000 401.769 6.000
N_46 -18.409 -507.047 8.000
C_47 0.000 322.480 11.000
E_48 -22.253 -605.239 11.000
K_49 -13.255 -818.649 7.000
C_50 0.000 322.480 9.000
V_51 0.000 613.196 9.000
H_52 -8.431 -583.484 6.000
D_53 -21.132 -475.402 10.000
F_54 0.000 560.542 15.000
N_55 -27.773 -507.047 18.000
R_56 -34.315 -1015.709 18.000
R_57 -36.459 -1015.709 21.000
Q_58 -29.436 -643.904 21.000
T_59 -21.486 -90.974 19.000
E_60 -27.773 -605.239 18.000
K_61 -20.609 -818.649 17.000
Q_62 -27.150 -643.904 17.000
K_63 -18.462 -818.649 13.000
K_64 -18.462 -818.649 13.000
L_65 0.000 679.918 10.000
T_66 -16.309 -90.974 10.000
W_67 -5.708 -203.500 10.000
T_68 -18.462 -90.974 13.000
T_69 -18.462 -90.974 13.000
T_70 -20.609 -90.974 17.000
S_71 -19.059 -90.060 14.000
R_72 -27.076 -1015.709 11.000
I_73 0.000 777.529 11.000
F_74 0.000 560.542 12.000
S_75 -17.098 -90.060 11.000
N_76 -22.253 -507.047 11.000
N_77 -26.485 -507.047 16.000
A_78 0.000 185.740 18.000
R_79 -35.072 -1015.709 19.000
R_80 -34.315 -1015.709 18.000
R_81 -36.459 -1015.709 21.000
T_82 -22.271 -90.974 21.000
S_83 -21.486 -90.060 19.000
R_84 -33.508 -1015.709 17.000
S_85 -20.609 -90.060 17.000
T_86 -19.059 -90.974 14.000
K_87 -18.462 -818.649 13.000
A_88 0.000 185.740 12.000
N_89 -23.258 -507.047 12.000
Y_90 -12.104 -274.939 12.000
S_91 -20.127 -90.060 16.000
K_92 -19.613 -818.649 15.000
N_93 -24.169 -507.047 13.000
S_94 -18.462 -90.060 13.000
P_95 0.000 -195.996 13.000
K_96 -15.425 -818.649 9.000
T_97 -11.867 -90.974 6.000
P_98 0.000 -195.996 9.000
V_99 0.000 613.196 10.000
T_100 -16.309 -90.974 10.000
D_101 -23.258 -475.402 12.000
K_102 -19.059 -818.649 14.000
H_103 -13.586 -583.484 16.000
H_104 -13.255 -583.484 15.000
R_105 -31.716 -1015.709 15.000
S_106 -20.609 -90.060 17.000
K_107 -19.613 -818.649 15.000
N_108 -24.169 -507.047 13.000
C_109 0.000 322.480 10.000
K_110 -13.255 -818.649 7.000
L_111 0.000 679.918 3.000
F_112 0.000 560.542 3.000
A_113 0.000 185.740 3.000
A_114 0.000 185.740 6.000
S_115 -16.309 -90.060 10.000
K_116 -16.309 -818.649 10.000
N_117 -25.772 -507.047 15.000
V_118 0.000 613.196 17.000
R_119 -33.508 -1015.709 17.000
R_120 -29.616 -1015.709 13.000
K_121 -18.462 -818.649 13.000
A_122 0.000 185.740 11.000
A_123 0.000 185.740 9.000
S_124 -11.867 -90.060 6.000
T_125 -15.425 -90.974 9.000
L_126 0.000 679.918 13.000
S_127 -18.462 -90.060 13.000
D_128 -24.169 -475.402 13.000
T_129 -20.609 -90.974 17.000
K_130 -19.059 -818.649 14.000
N_131 -25.003 -507.047 14.000
M_132 0.000 401.769 11.000
E_133 -18.409 -605.239 8.000
I_134 0.000 777.529 8.000
I_135 0.000 777.529 11.000
N_136 -21.132 -507.047 10.000
S_137 -16.309 -90.060 10.000
T_138 -19.059 -90.974 14.000
I_139 0.000 777.529 13.000
E_140 -21.132 -605.239 10.000
T_141 -13.255 -90.974 7.000
L_142 0.000 679.918 7.000
A_143 0.000 185.740 7.000
P_144 0.000 -195.996 7.000
D_145 -16.691 -475.402 7.000
S_146 -13.255 -90.060 7.000
P_147 0.000 -195.996 11.000
F_148 0.000 560.542 9.000
D_149 -19.866 -475.402 9.000
H_150 -12.104 -583.484 12.000
K_151 -19.613 -818.649 15.000
K_152 -17.098 -818.649 11.000
T_153 -17.811 -90.974 12.000
V_154 0.000 613.196 9.000
S_155 -11.867 -90.060 6.000
G_156 0.000 -27.649 7.000
F_157 0.000 560.542 10.000
Q_158 -16.691 -643.904 7.000
K_159 -17.098 -818.649 11.000
L_160 0.000 679.918 14.000
E_161 -21.132 -605.239 10.000
K_162 -17.098 -818.649 11.000
L_163 0.000 679.918 11.000
D_164 -16.691 -475.402 7.000
P_165 0.000 -195.996 4.000
I_166 0.000 777.529 4.000
A_167 0.000 185.740 4.000
A_168 0.000 185.740 8.000
D_169 -23.258 -475.402 12.000
Q_170 -26.485 -643.904 16.000
Q_171 -28.359 -643.904 19.000
D_172 -25.772 -475.402 15.000
T_173 -17.098 -90.974 11.000
V_174 0.000 613.196 7.000
V_175 0.000 613.196 6.000
F_176 0.000 560.542 3.000
K_177 -11.867 -818.649 6.000
V_178 0.000 613.196 10.000
T_179 -16.309 -90.974 10.000
E_180 -21.132 -605.239 10.000
G_181 0.000 -27.649 10.000
K_182 -13.255 -818.649 7.000
L_183 0.000 679.918 8.000
L_184 0.000 679.918 12.000
R_185 -23.856 -1015.709 9.000
D_186 -19.866 -475.402 9.000
P_187 0.000 -195.996 12.000
L_188 0.000 679.918 9.000
S_189 -10.149 -90.060 5.000
H_190 -7.426 -583.484 5.000
P_191 0.000 -195.996 5.000
G_192 0.000 -27.649 6.000
A_193 0.000 185.740 8.000
E_194 -22.253 -605.239 11.000
Q_195 -22.253 -643.904 11.000
T_196 -17.098 -90.974 11.000
G_197 0.000 -27.649 11.000
I_198 0.000 777.529 11.000
Q_199 -22.253 -643.904 11.000
N_200 -25.003 -507.047 14.000
K_201 -21.060 -818.649 18.000
T_202 -19.059 -90.974 14.000
Q_203 -23.258 -643.904 12.000
M_204 0.000 401.769 9.000
H_205 -8.431 -583.484 6.000
P_206 0.000 -195.996 2.000
L_207 0.000 679.918 5.000
M_208 0.000 401.769 7.000
S_209 -13.255 -90.060 7.000
Q_210 -21.132 -643.904 10.000
M_211 0.000 401.769 10.000
S_212 -16.309 -90.060 10.000
G_213 0.000 -27.649 6.000
S_214 -15.425 -90.060 9.000
V_215 0.000 613.196 6.000
T_216 -15.425 -90.974 9.000
A_217 0.000 185.740 6.000
S_218 -11.867 -90.060 6.000
M_219 0.000 401.769 6.000
A_220 0.000 185.740 6.000
T_221 -11.867 -90.974 6.000
G_222 0.000 -27.649 6.000
S_223 -15.425 -90.060 9.000
A_224 0.000 185.740 11.000
T_225 -19.059 -90.974 14.000
R_226 -27.076 -1015.709 11.000
K_227 -17.098 -818.649 11.000
G_228 0.000 -27.649 8.000
I_229 0.000 777.529 3.000
V_230 0.000 613.196 0.000
V_231 0.000 613.196 0.000
L_232 0.000 679.918 4.000
I_233 0.000 777.529 4.000
D_234 -7.878 -475.402 4.000
P_235 0.000 -195.996 4.000
L_236 0.000 679.918 4.000
A_237 0.000 185.740 4.000
A_238 0.000 185.740 4.000
N_239 -16.691 -507.047 7.000
G_240 0.000 -27.649 10.000
T_241 -19.059 -90.974 14.000
T_242 -16.309 -90.974 10.000
D_243 -23.258 -475.402 12.000
M_244 0.000 401.769 12.000
H_245 -12.104 -583.484 12.000
T_246 -14.420 -90.974 8.000
S_247 -14.420 -90.060 8.000
V_248 0.000 613.196 11.000
P_249 0.000 -195.996 8.000
R_250 -21.845 -1015.709 8.000
V_251 0.000 613.196 8.000
K_252 -14.420 -818.649 8.000
G_253 0.000 -27.649 7.000
G_254 0.000 -27.649 12.000
Q_255 -24.169 -643.904 13.000
R_256 -29.616 -1015.709 13.000
N_257 -26.485 -507.047 16.000
I_258 0.000 777.529 16.000
T_259 -19.613 -90.974 15.000
D_260 -25.003 -475.402 14.000
D_261 -28.359 -475.402 19.000
S_262 -20.127 -90.060 16.000
R_263 -32.645 -1015.709 16.000
G_264 0.000 -27.649 12.000
Q_265 -19.866 -643.904 9.000
P_266 0.000 -195.996 4.000
F_267 0.000 560.542 7.000
I_268 0.000 777.529 6.000
K_269 -11.867 -818.649 6.000
K_270 -14.420 -818.649 8.000
M_271 0.000 401.769 8.000
H_272 -9.978 -583.484 8.000
F_273 0.000 560.542 5.000
T_274 -16.309 -90.974 10.000
I_275 0.000 777.529 8.000
R_276 -27.076 -1015.709 11.000
L_277 0.000 679.918 12.000
T_278 -19.613 -90.974 15.000
E_279 -21.132 -605.239 10.000
S_280 -16.309 -90.060 10.000
A_281 0.000 185.740 10.000
I_282 0.000 777.529 8.000
T_283 -16.309 -90.974 10.000
Y_284 -12.900 -274.939 14.000
R_285 -30.711 -1015.709 14.000
D_286 -22.253 -475.402 11.000
I_287 0.000 777.529 9.000
V_288 0.000 613.196 7.000
V_289 0.000 613.196 6.000
K_290 -16.309 -818.649 10.000
K_291 -19.059 -818.649 14.000
E_292 -25.003 -605.239 14.000
D_293 -22.253 -475.402 11.000
G_294 0.000 -27.649 11.000
F_295 0.000 560.542 11.000
T_296 -13.255 -90.974 7.000
Q_297 -16.691 -643.904 7.000
I_298 0.000 777.529 7.000
V_299 0.000 613.196 7.000
L_300 0.000 679.918 6.000
S_301 -17.098 -90.060 11.000
T_302 -19.059 -90.974 14.000
R_303 -33.508 -1015.709 17.000
S_304 -21.060 -90.060 18.000
T_305 -21.060 -90.974 18.000
E_306 -27.150 -605.239 17.000
K_307 -19.059 -818.649 14.000
N_308 -22.253 -507.047 11.000
A_309 0.000 185.740 11.000
L_310 0.000 679.918 11.000
N_311 -22.253 -507.047 11.000
T_312 -17.098 -90.974 11.000
E_313 -22.253 -605.239 11.000
V_314 0.000 613.196 10.000
I_315 0.000 777.529 11.000
K_316 -13.255 -818.649 7.000
E_317 -16.691 -605.239 7.000
M_318 0.000 401.769 11.000
V_319 0.000 613.196 8.000
N_320 -7.878 -507.047 4.000
A_321 0.000 185.740 8.000
L_322 0.000 679.918 11.000
N_323 -16.691 -507.047 7.000
S_324 -13.255 -90.060 7.000
A_325 0.000 185.740 7.000
A_326 0.000 185.740 7.000
A_327 0.000 185.740 8.000
D_328 -22.253 -475.402 11.000
D_329 -25.003 -475.402 14.000
S_330 -19.059 -90.060 14.000
K_331 -16.309 -818.649 10.000
L_332 0.000 679.918 6.000
V_333 0.000 613.196 3.000
L_334 0.000 679.918 3.000
F_335 0.000 560.542 3.000
S_336 -4.441 -90.060 3.000
A_337 0.000 185.740 3.000
A_338 0.000 185.740 6.000
G_339 0.000 -27.649 3.000
S_340 -4.441 -90.060 3.000
V_341 0.000 613.196 3.000
F_342 0.000 560.542 3.000
C_343 0.000 322.480 0.000
C_344 0.000 322.480 0.000
G_345 0.000 -27.649 4.000
L_346 0.000 679.918 4.000
D_347 -7.878 -475.402 4.000
F_348 0.000 560.542 6.000
G_349 0.000 -27.649 6.000
Y_350 -1.718 -274.939 2.000
F_351 0.000 560.542 7.000
V_352 0.000 613.196 9.000
R_353 -19.414 -1015.709 7.000
H_354 -12.104 -583.484 12.000
L_355 0.000 679.918 16.000
R_356 -31.716 -1015.709 15.000
N_357 -27.773 -507.047 18.000
D_358 -29.934 -475.402 22.000
R_359 -35.785 -1015.709 20.000
N_360 -26.485 -507.047 16.000
T_361 -19.613 -90.974 15.000
A_362 0.000 185.740 10.000
S_363 -16.309 -90.060 10.000
L_364 0.000 679.918 7.000
E_365 -16.691 -605.239 7.000
M_366 0.000 401.769 8.000
V_367 0.000 613.196 11.000
D_368 -16.691 -475.402 7.000
T_369 -16.309 -90.974 10.000
I_370 0.000 777.529 14.000
K_371 -16.309 -818.649 10.000
N_372 -16.691 -507.047 7.000
F_373 0.000 560.542 11.000
V_374 0.000 613.196 11.000
N_375 -16.691 -507.047 7.000
T_376 -13.255 -90.974 7.000
F_377 0.000 560.542 11.000
I_378 0.000 777.529 7.000
Q_379 -16.691 -643.904 7.000
F_380 0.000 560.542 10.000
K_381 -16.309 -818.649 10.000
K_382 -11.867 -818.649 6.000
P_383 0.000 -195.996 6.000
I_384 0.000 777.529 3.000
V_385 0.000 613.196 3.000
V_386 0.000 613.196 3.000
S_387 -13.255 -90.060 7.000
V_388 0.000 613.196 7.000
N_389 -16.691 -507.047 7.000
G_390 0.000 -27.649 4.000
P_391 0.000 -195.996 4.000
A_392 0.000 185.740 0.000
I_393 0.000 777.529 0.000
G_394 0.000 -27.649 0.000
L_395 0.000 679.918 0.000
G_396 0.000 -27.649 3.000
A_397 0.000 185.740 3.000
S_398 -4.441 -90.060 3.000
I_399 0.000 777.529 3.000
L_400 0.000 679.918 3.000
P_401 0.000 -195.996 0.000
L_402 0.000 679.918 4.000
C_403 0.000 322.480 4.000
D_404 -7.878 -475.402 4.000
L_405 0.000 679.918 5.000
V_406 0.000 613.196 5.000
W_407 -3.990 -203.500 5.000
A_408 0.000 185.740 9.000
N_409 -23.258 -507.047 12.000
E_410 -22.253 -605.239 11.000
K_411 -17.811 -818.649 12.000
A_412 0.000 185.740 8.000
W_413 -5.155 -203.500 8.000
F_414 0.000 560.542 8.000
Q_415 -18.409 -643.904 8.000
T_416 -15.425 -90.974 9.000
P_417 0.000 -195.996 12.000
Y_418 -11.652 -274.939 11.000
T_419 -14.420 -90.974 8.000
T_420 -14.420 -90.974 8.000
F_421 0.000 560.542 10.000
G_422 0.000 -27.649 10.000
Q_423 -16.691 -643.904 7.000
S_424 -17.098 -90.060 11.000
P_425 0.000 -195.996 11.000
D_426 -16.691 -475.402 7.000
G_427 0.000 -27.649 7.000
C_428 0.000 322.480 10.000
S_429 -11.867 -90.060 6.000
S_430 -15.425 -90.060 9.000
I_431 0.000 777.529 9.000
T_432 -11.867 -90.974 6.000
F_433 0.000 560.542 6.000
P_434 0.000 -195.996 6.000
K_435 -4.441 -818.649 3.000
M_436 0.000 401.769 3.000
M_437 0.000 401.769 6.000
G_438 0.000 -27.649 3.000
K_439 -11.867 -818.649 6.000
A_440 0.000 185.740 6.000
S_441 -16.309 -90.060 10.000
A_442 0.000 185.740 11.000
N_443 -22.253 -507.047 11.000
E_444 -18.409 -605.239 8.000
M_445 0.000 401.769 8.000
L_446 0.000 679.918 4.000
I_447 0.000 777.529 0.000
A_448 0.000 185.740 5.000
G_449 0.000 -27.649 8.000
R_450 -21.845 -1015.709 8.000
K_451 -17.098 -818.649 11.000
L_452 0.000 679.918 11.000
T_453 -17.098 -90.974 11.000
A_454 0.000 185.740 12.000
R_455 -28.412 -1015.709 12.000
E_456 -19.866 -605.239 9.000
A_457 0.000 185.740 9.000
C_458 0.000 322.480 7.000
A_459 0.000 185.740 3.000
K_460 -4.441 -818.649 3.000
G_461 0.000 -27.649 3.000
L_462 0.000 679.918 6.000
V_463 0.000 613.196 7.000
S_464 -13.255 -90.060 7.000
Q_465 -16.691 -643.904 7.000
V_466 0.000 613.196 7.000
F_467 0.000 560.542 7.000
L_468 0.000 679.918 3.000
T_469 -11.867 -90.974 6.000
G_470 0.000 -27.649 6.000
T_471 -15.425 -90.974 9.000
F_472 0.000 560.542 10.000
T_473 -19.059 -90.974 14.000
Q_474 -22.253 -643.904 11.000
E_475 -22.253 -605.239 11.000
V_476 0.000 613.196 8.000
M_477 0.000 401.769 8.000
I_478 0.000 777.529 4.000
Q_479 -16.691 -643.904 7.000
I_480 0.000 777.529 11.000
K_481 -17.098 -818.649 11.000
E_482 -16.691 -605.239 7.000
L_483 0.000 679.918 10.000
A_484 0.000 185.740 9.000
S_485 -15.425 -90.060 9.000
Y_486 -10.601 -274.939 9.000
N_487 -19.866 -507.047 9.000
A_488 0.000 185.740 6.000
I_489 0.000 777.529 4.000
V_490 0.000 613.196 4.000
L_491 0.000 679.918 8.000
E_492 -18.409 -605.239 8.000
E_493 -22.253 -605.239 11.000
C_494 0.000 322.480 11.000
K_495 -13.255 -818.649 7.000
A_496 0.000 185.740 3.000
L_497 0.000 679.918 8.000
V_498 0.000 613.196 5.000
R_499 -23.856 -1015.709 9.000
C_500 0.000 322.480 9.000
N_501 -23.258 -507.047 12.000
I_502 0.000 777.529 7.000
K_503 -17.098 -818.649 11.000
L_504 0.000 679.918 7.000
E_505 -22.253 -605.239 11.000
L_506 0.000 679.918 12.000
E_507 -23.258 -605.239 12.000
Q_508 -23.258 -643.904 12.000
A_509 0.000 185.740 16.000
N_510 -27.150 -507.047 17.000
E_511 -27.150 -605.239 17.000
R_512 -33.508 -1015.709 17.000
E_513 -27.150 -605.239 17.000
C_514 0.000 322.480 13.000
E_515 -18.409 -605.239 8.000
V_516 0.000 613.196 9.000
L_517 0.000 679.918 12.000
R_518 -21.845 -1015.709 8.000
K_519 -15.425 -818.649 9.000
I_520 0.000 777.529 12.000
W_521 -5.708 -203.500 10.000
S_522 -13.255 -90.060 7.000
S_523 -17.098 -90.060 11.000
A_524 0.000 185.740 10.000
Q_525 -16.691 -643.904 7.000
G_526 0.000 -27.649 8.000
I_527 0.000 777.529 11.000
E_528 -16.691 -605.239 7.000
S_529 -13.255 -90.060 7.000
M_530 0.000 401.769 10.000
L_531 0.000 679.918 8.000
K_532 -10.149 -818.649 5.000
Y_533 -10.601 -274.939 9.000
V_534 0.000 613.196 13.000
E_535 -24.169 -605.239 13.000
N_536 -22.253 -507.047 11.000
K_537 -19.613 -818.649 15.000
I_538 0.000 777.529 15.000
D_539 -22.253 -475.402 11.000
E_540 -18.409 -605.239 8.000
F_541 0.000 560.542 8.000
