M_1 0.000 401.769 5.000
W_2 -3.990 -203.500 5.000
Q_3 -11.867 -643.904 5.000
P_4 0.000 -195.996 8.000
A_5 0.000 185.740 11.000
T_6 -17.811 -90.974 12.000
E_7 -23.258 -605.239 12.000
R_8 -32.645 -1015.709 16.000
L_9 0.000 679.918 15.000
Q_10 -22.253 -643.904 11.000
H_11 -11.154 -583.484 10.000
F_12 0.000 560.542 13.000
Q_13 -19.866 -643.904 9.000
T_14 -13.255 -90.974 7.000
M_15 0.000 401.769 10.000
L_16 0.000 679.918 9.000
K_17 -15.425 -818.649 9.000
S_18 -15.425 -90.060 9.000
K_19 -18.462 -818.649 13.000
L_20 0.000 679.918 10.000
N_21 -16.691 -507.047 7.000
V_22 0.000 613.196 7.000
L_23 0.000 679.918 7.000
T_24 -11.867 -90.974 6.000
L_25 0.000 679.918 9.000
K_26 -18.462 -818.649 13.000
K_27 -16.309 -818.649 10.000
E_28 -21.132 -605.239 10.000
P_29 0.000 -195.996 7.000
L_30 0.000 679.918 4.000
P_31 0.000 -195.996 0.000
A_32 0.000 185.740 0.000
V_33 0.000 613.196 0.000
I_34 0.000 777.529 2.000
F_35 0.000 560.542 6.000
H_36 -8.431 -583.484 6.000
E_37 -21.132 -605.239 10.000
P_38 0.000 -195.996 10.000
E_39 -18.409 -605.239 8.000
A_40 0.000 185.740 8.000
I_41 0.000 777.529 8.000
E_42 -7.878 -605.239 4.000
L_43 0.000 679.918 7.000
C_44 0.000 322.480 10.000
T_45 -15.425 -90.974 9.000
T_46 -15.425 -90.974 9.000
T_47 -15.425 -90.974 9.000
P_48 0.000 -195.996 6.000
L_49 0.000 679.918 6.000
M_50 0.000 401.769 6.000
K_51 -17.098 -818.649 11.000
T_52 -19.059 -90.974 14.000
R_53 -32.645 -1015.709 16.000
T_54 -20.127 -90.974 16.000
H_55 -12.518 -583.484 13.000
S_56 -14.420 -90.060 8.000
G_57 0.000 -27.649 8.000
C_58 0.000 322.480 6.000
K_59 -11.867 -818.649 6.000
V_60 0.000 613.196 8.000
T_61 -14.420 -90.974 8.000
Y_62 -7.426 -274.939 5.000
L_63 0.000 679.918 8.000
G_64 0.000 -27.649 5.000
K_65 -11.867 -818.649 6.000
V_66 0.000 613.196 9.000
S_67 -17.811 -90.060 12.000
T_68 -15.425 -90.974 9.000
T_69 -15.425 -90.974 9.000
G_70 0.000 -27.649 10.000
M_71 0.000 401.769 7.000
Q_72 -7.878 -643.904 4.000
F_73 0.000 560.542 7.000
L_74 0.000 679.918 7.000
S_75 -4.441 -90.060 3.000
G_76 0.000 -27.649 6.000
C_77 0.000 322.480 10.000
T_78 -16.309 -90.974 10.000
E_79 -21.132 -605.239 10.000
K_80 -16.309 -818.649 10.000
P_81 0.000 -195.996 7.000
V_82 0.000 613.196 7.000
I_83 0.000 777.529 4.000
E_84 -11.867 -605.239 5.000
L_85 0.000 679.918 8.000
W_86 -5.944 -203.500 11.000
K_87 -15.425 -818.649 9.000
K_88 -17.811 -818.649 12.000
H_89 -11.652 -583.484 11.000
T_90 -14.420 -90.974 8.000
L_91 0.000 679.918 10.000
A_92 0.000 185.740 12.000
R_93 -29.616 -1015.709 13.000
E_94 -24.169 -605.239 13.000
D_95 -24.169 -475.402 13.000
V_96 0.000 613.196 8.000
F_97 0.000 560.542 4.000
P_98 0.000 -195.996 4.000
A_99 0.000 185.740 4.000
N_100 -7.878 -507.047 4.000
A_101 0.000 185.740 4.000
L_102 0.000 679.918 8.000
L_103 0.000 679.918 4.000
E_104 -19.866 -605.239 9.000
I_105 0.000 777.529 9.000
R_106 -23.856 -1015.709 9.000
P_107 0.000 -195.996 9.000
F_108 0.000 560.542 9.000
Q_109 -11.867 -643.904 5.000
V_110 0.000 613.196 5.000
W_111 -4.824 -203.500 7.000
L_112 0.000 679.918 5.000
H_113 -7.426 -583.484 5.000
H_114 -9.978 -583.484 8.000
L_115 0.000 679.918 10.000
D_116 -22.253 -475.402 11.000
H_117 -10.601 -583.484 9.000
K_118 -18.462 -818.649 13.000
G_119 0.000 -27.649 9.000
E_120 -21.132 -605.239 10.000
A_121 0.000 185.740 7.000
T_122 -15.425 -90.974 9.000
V_123 0.000 613.196 5.000
H_124 -10.601 -583.484 9.000
M_125 0.000 401.769 9.000
D_126 -19.866 -475.402 9.000
T_127 -17.098 -90.974 11.000
F_128 0.000 560.542 11.000
Q_129 -16.691 -643.904 7.000
V_130 0.000 613.196 9.000
A_131 0.000 185.740 9.000
R_132 -11.867 -1015.709 5.000
I_133 0.000 777.529 7.000
A_134 0.000 185.740 7.000
Y_135 -7.426 -274.939 5.000
C_136 0.000 322.480 5.000
T_137 -15.425 -90.974 9.000
A_138 0.000 185.740 9.000
D_139 -24.169 -475.402 13.000
H_140 -11.154 -583.484 10.000
N_141 -24.169 -507.047 13.000
V_142 0.000 613.196 9.000
S_143 -17.098 -90.060 11.000
P_144 0.000 -195.996 7.000
N_145 -16.691 -507.047 7.000
I_146 0.000 777.529 4.000
F_147 0.000 560.542 5.000
A_148 0.000 185.740 1.000
W_149 -2.723 -203.500 3.000
V_150 0.000 613.196 8.000
Y_151 -12.104 -274.939 12.000
R_152 -27.076 -1015.709 11.000
E_153 -25.772 -605.239 15.000
I_154 0.000 777.529 17.000
N_155 -26.485 -507.047 16.000
D_156 -23.258 -475.402 12.000
D_157 -25.772 -475.402 15.000
L_158 0.000 679.918 13.000
S_159 -18.462 -90.060 13.000
Y_160 -10.601 -274.939 9.000
Q_161 -24.169 -643.904 13.000
M_162 0.000 401.769 10.000
D_163 -21.132 -475.402 10.000
C_164 0.000 322.480 6.000
H_165 -8.431 -583.484 6.000
A_166 0.000 185.740 6.000
V_167 0.000 613.196 6.000
E_168 -18.409 -605.239 8.000
C_169 0.000 322.480 11.000
E_170 -25.003 -605.239 14.000
S_171 -16.309 -90.060 10.000
K_172 -19.059 -818.649 14.000
L_173 0.000 679.918 10.000
E_174 -21.132 -605.239 10.000
A_175 0.000 185.740 10.000
K_176 -16.309 -818.649 10.000
K_177 -11.867 -818.649 6.000
L_178 0.000 679.918 8.000
A_179 0.000 185.740 5.000
H_180 -1.718 -583.484 2.000
A_181 0.000 185.740 2.000
M_182 0.000 401.769 6.000
M_183 0.000 401.769 4.000
E_184 -7.878 -605.239 4.000
A_185 0.000 185.740 9.000
F_186 0.000 560.542 12.000
R_187 -27.076 -1015.709 11.000
K_188 -17.098 -818.649 11.000
T_189 -18.462 -90.974 13.000
F_190 0.000 560.542 11.000
H_191 -9.978 -583.484 8.000
S_192 -14.420 -90.060 8.000
M_193 0.000 401.769 11.000
K_194 -18.462 -818.649 13.000
S_195 -16.309 -90.060 10.000
D_196 -25.772 -475.402 15.000
G_197 0.000 -27.649 12.000
R_198 -27.076 -1015.709 11.000
I_199 0.000 777.529 10.000
H_200 -12.900 -583.484 14.000
S_201 -17.811 -90.060 12.000
N_202 -25.772 -507.047 15.000
S_203 -20.127 -90.060 16.000
S_204 -20.609 -90.060 17.000
S_205 -20.609 -90.060 17.000
E_206 -25.003 -605.239 14.000
E_207 -25.003 -605.239 14.000
V_208 0.000 613.196 15.000
S_209 -19.613 -90.060 15.000
Q_210 -22.253 -643.904 11.000
E_211 -25.772 -605.239 15.000
L_212 0.000 679.918 15.000
E_213 -25.772 -605.239 15.000
S_214 -19.613 -90.060 15.000
D_215 -25.772 -475.402 15.000
D_216 -22.253 -475.402 11.000
G_217 0.000 -27.649 8.000
