M_1 0.000 401.769 0.000
F_2 0.000 560.542 4.000
V_3 0.000 613.196 8.000
Q_4 -23.258 -643.904 12.000
E_5 -25.772 -605.239 15.000
E_6 -25.772 -605.239 15.000
K_7 -17.098 -818.649 11.000
I_8 0.000 777.529 7.000
F_9 0.000 560.542 3.000
A_10 0.000 185.740 3.000
G_11 0.000 -27.649 3.000
K_12 -4.441 -818.649 3.000
V_13 0.000 613.196 8.000
L_14 0.000 679.918 8.000
R_15 -19.414 -1015.709 7.000
L_16 0.000 679.918 7.000
H_17 -9.265 -583.484 7.000
I_18 0.000 777.529 2.000
C_19 0.000 322.480 5.000
A_20 0.000 185.740 7.000
S_21 -13.255 -90.060 7.000
D_22 -16.691 -475.402 7.000
G_23 0.000 -27.649 11.000
A_24 0.000 185.740 9.000
E_25 -11.867 -605.239 5.000
W_26 -5.447 -203.500 9.000
L_27 0.000 679.918 13.000
E_28 -19.866 -605.239 9.000
E_29 -22.253 -605.239 11.000
A_30 0.000 185.740 15.000
T_31 -19.613 -90.974 15.000
E_32 -25.003 -605.239 14.000
D_33 -27.150 -475.402 17.000
T_34 -19.059 -90.974 14.000
S_35 -19.059 -90.060 14.000
V_36 0.000 613.196 13.000
E_37 -21.132 -605.239 10.000
K_38 -16.309 -818.649 10.000
L_39 0.000 679.918 14.000
K_40 -19.613 -818.649 15.000
E_41 -23.258 -605.239 12.000
R_42 -28.412 -1015.709 12.000
C_43 0.000 322.480 12.000
L_44 0.000 679.918 10.000
K_45 -10.149 -818.649 5.000
H_46 -7.426 -583.484 5.000
C_47 0.000 322.480 7.000
A_48 0.000 185.740 4.000
H_49 -7.426 -583.484 5.000
G_50 0.000 -27.649 5.000
S_51 -15.425 -90.060 9.000
L_52 0.000 679.918 11.000
E_53 -22.253 -605.239 11.000
D_54 -22.253 -475.402 11.000
P_55 0.000 -195.996 14.000
K_56 -16.309 -818.649 10.000
S_57 -15.425 -90.060 9.000
I_58 0.000 777.529 11.000
T_59 -16.309 -90.974 10.000
H_60 -11.154 -583.484 10.000
H_61 -11.154 -583.484 10.000
K_62 -13.255 -818.649 7.000
L_63 0.000 679.918 7.000
I_64 0.000 777.529 5.000
H_65 -1.718 -583.484 2.000
A_66 0.000 185.740 5.000
A_67 0.000 185.740 9.000
S_68 -17.811 -90.060 12.000
E_69 -23.258 -605.239 12.000
R_70 -28.412 -1015.709 12.000
V_71 0.000 613.196 12.000
L_72 0.000 679.918 12.000
S_73 -13.255 -90.060 7.000
D_74 -23.258 -475.402 12.000
A_75 0.000 185.740 15.000
R_76 -28.412 -1015.709 12.000
T_77 -14.420 -90.974 8.000
I_78 0.000 777.529 12.000
L_79 0.000 679.918 11.000
E_80 -23.258 -605.239 12.000
E_81 -23.258 -605.239 12.000
N_82 -26.485 -507.047 16.000
I_83 0.000 777.529 16.000
Q_84 -26.485 -643.904 16.000
D_85 -26.485 -475.402 16.000
Q_86 -26.485 -643.904 16.000
D_87 -23.258 -475.402 12.000
V_88 0.000 613.196 8.000
L_89 0.000 679.918 4.000
L_90 0.000 679.918 0.000
L_91 0.000 679.918 3.000
I_92 0.000 777.529 6.000
K_93 -17.098 -818.649 11.000
K_94 -17.098 -818.649 11.000
R_95 -27.076 -1015.709 11.000
A_96 0.000 185.740 11.000
P_97 0.000 -195.996 8.000
S_98 -4.441 -90.060 3.000
P_99 0.000 -195.996 3.000
L_100 0.000 679.918 6.000
P_101 0.000 -195.996 3.000
K_102 -4.441 -818.649 3.000
M_103 0.000 401.769 7.000
A_104 0.000 185.740 7.000
D_105 -16.691 -475.402 7.000
V_106 0.000 613.196 7.000
S_107 -17.098 -90.060 11.000
A_108 0.000 185.740 11.000
E_109 -25.003 -605.239 14.000
E_110 -25.003 -605.239 14.000
K_111 -20.609 -818.649 17.000
K_112 -20.609 -818.649 17.000
K_113 -20.609 -818.649 17.000
Q_114 -27.773 -643.904 18.000
D_115 -27.773 -475.402 18.000
Q_116 -25.772 -643.904 15.000
K_117 -17.098 -818.649 11.000
A_118 0.000 185.740 11.000
P_119 0.000 -195.996 10.000
D_120 -22.253 -475.402 11.000
K_121 -17.098 -818.649 11.000
E_122 -22.253 -605.239 11.000
A_123 0.000 185.740 7.000
I_124 0.000 777.529 9.000
L_125 0.000 679.918 5.000
R_126 -21.845 -1015.709 8.000
A_127 0.000 185.740 8.000
T_128 -17.811 -90.974 12.000
A_129 0.000 185.740 7.000
N_130 -16.691 -507.047 7.000
L_131 0.000 679.918 7.000
P_132 0.000 -195.996 9.000
S_133 -15.425 -90.060 9.000
Y_134 -10.601 -274.939 9.000
N_135 -24.169 -507.047 13.000
M_136 0.000 401.769 15.000
D_137 -24.169 -475.402 13.000
R_138 -23.856 -1015.709 9.000
A_139 0.000 185.740 9.000
A_140 0.000 185.740 9.000
V_141 0.000 613.196 7.000
Q_142 -22.253 -643.904 11.000
T_143 -17.098 -90.974 11.000
N_144 -26.485 -507.047 16.000
M_145 0.000 401.769 16.000
R_146 -29.616 -1015.709 13.000
D_147 -24.169 -475.402 13.000
F_148 0.000 560.542 16.000
Q_149 -25.772 -643.904 15.000
T_150 -17.098 -90.974 11.000
E_151 -26.485 -605.239 16.000
L_152 0.000 679.918 15.000
R_153 -28.412 -1015.709 12.000
K_154 -14.420 -818.649 8.000
I_155 0.000 777.529 8.000
L_156 0.000 679.918 6.000
V_157 0.000 613.196 3.000
S_158 -4.441 -90.060 3.000
L_159 0.000 679.918 7.000
I_160 0.000 777.529 7.000
E_161 -7.878 -605.239 4.000
V_162 0.000 613.196 8.000
A_163 0.000 185.740 11.000
Q_164 -16.691 -643.904 7.000
K_165 -13.255 -818.649 7.000
L_166 0.000 679.918 7.000
L_167 0.000 679.918 3.000
A_168 0.000 185.740 4.000
L_169 0.000 679.918 4.000
N_170 -18.409 -507.047 8.000
P_171 0.000 -195.996 8.000
D_172 -18.409 -475.402 8.000
A_173 0.000 185.740 8.000
V_174 0.000 613.196 8.000
E_175 -7.878 -605.239 4.000
L_176 0.000 679.918 7.000
F_177 0.000 560.542 10.000
K_178 -11.867 -818.649 6.000
K_179 -16.309 -818.649 10.000
A_180 0.000 185.740 10.000
N_181 -16.691 -507.047 7.000
A_182 0.000 185.740 4.000
M_183 0.000 401.769 8.000
L_184 0.000 679.918 8.000
D_185 -23.258 -475.402 12.000
E_186 -26.485 -605.239 16.000
D_187 -28.912 -475.402 20.000
E_188 -28.912 -605.239 20.000
D_189 -29.436 -475.402 21.000
E_190 -27.150 -605.239 17.000
R_191 -33.508 -1015.709 17.000
V_192 0.000 613.196 17.000
D_193 -24.169 -475.402 13.000
E_194 -18.409 -605.239 8.000
A_195 0.000 185.740 8.000
A_196 0.000 185.740 9.000
L_197 0.000 679.918 9.000
R_198 -23.856 -1015.709 9.000
Q_199 -23.258 -643.904 12.000
L_200 0.000 679.918 16.000
T_201 -17.098 -90.974 11.000
E_202 -16.691 -605.239 7.000
M_203 0.000 401.769 7.000
G_204 0.000 -27.649 4.000
F_205 0.000 560.542 4.000
P_206 0.000 -195.996 8.000
E_207 -24.169 -605.239 13.000
N_208 -24.169 -507.047 13.000
R_209 -32.645 -1015.709 16.000
A_210 0.000 185.740 15.000
T_211 -17.098 -90.974 11.000
K_212 -11.867 -818.649 6.000
A_213 0.000 185.740 10.000
L_214 0.000 679.918 7.000
Q_215 -18.409 -643.904 8.000
L_216 0.000 679.918 10.000
N_217 -21.132 -507.047 10.000
H_218 -10.601 -583.484 9.000
M_219 0.000 401.769 9.000
S_220 -10.149 -90.060 5.000
V_221 0.000 613.196 7.000
P_222 0.000 -195.996 7.000
Q_223 -7.878 -643.904 4.000
A_224 0.000 185.740 8.000
M_225 0.000 401.769 9.000
E_226 -11.867 -605.239 5.000
W_227 -3.990 -203.500 5.000
L_228 0.000 679.918 9.000
I_229 0.000 777.529 7.000
E_230 -14.591 -605.239 6.000
H_231 -11.154 -583.484 10.000
A_232 0.000 185.740 14.000
E_233 -21.132 -605.239 10.000
D_234 -22.253 -475.402 11.000
P_235 0.000 -195.996 11.000
T_236 -17.098 -90.974 11.000
I_237 0.000 777.529 10.000
D_238 -21.132 -475.402 10.000
T_239 -13.255 -90.974 7.000
P_240 0.000 -195.996 7.000
L_241 0.000 679.918 3.000
P_242 0.000 -195.996 4.000
G_243 0.000 -27.649 4.000
Q_244 -7.878 -643.904 4.000
A_245 0.000 185.740 4.000
P_246 0.000 -195.996 8.000
P_247 0.000 -195.996 4.000
E_248 -18.409 -605.239 8.000
A_249 0.000 185.740 8.000
E_250 -18.409 -605.239 8.000
G_251 0.000 -27.649 7.000
A_252 0.000 185.740 7.000
T_253 -4.441 -90.974 3.000
A_254 0.000 185.740 3.000
A_255 0.000 185.740 6.000
A_256 0.000 185.740 7.000
S_257 -13.255 -90.060 7.000
E_258 -16.691 -605.239 7.000
A_259 0.000 185.740 7.000
A_260 0.000 185.740 4.000
A_261 0.000 185.740 0.000
G_262 0.000 -27.649 3.000
A_263 0.000 185.740 3.000
S_264 -11.867 -90.060 6.000
A_265 0.000 185.740 10.000
T_266 -19.059 -90.974 14.000
D_267 -25.772 -475.402 15.000
E_268 -25.772 -605.239 15.000
E_269 -27.150 -605.239 17.000
A_270 0.000 185.740 17.000
R_271 -33.508 -1015.709 17.000
D_272 -24.169 -475.402 13.000
E_273 -26.485 -605.239 16.000
L_274 0.000 679.918 15.000
T_275 -17.098 -90.974 11.000
E_276 -16.691 -605.239 7.000
I_277 0.000 777.529 10.000
F_278 0.000 560.542 10.000
K_279 -11.867 -818.649 6.000
K_280 -17.098 -818.649 11.000
I_281 0.000 777.529 16.000
R_282 -32.645 -1015.709 16.000
R_283 -34.315 -1015.709 18.000
K_284 -22.635 -818.649 22.000
R_285 -33.508 -1015.709 17.000
E_286 -27.150 -605.239 17.000
F_287 0.000 560.542 14.000
R_288 -29.616 -1015.709 13.000
A_289 0.000 185.740 9.000
D_290 -25.003 -475.402 14.000
A_291 0.000 185.740 9.000
R_292 -23.856 -1015.709 9.000
A_293 0.000 185.740 5.000
V_294 0.000 613.196 8.000
I_295 0.000 777.529 3.000
S_296 -4.441 -90.060 3.000
L_297 0.000 679.918 7.000
M_298 0.000 401.769 7.000
E_299 -7.878 -605.239 4.000
M_300 0.000 401.769 4.000
G_301 0.000 -27.649 8.000
F_302 0.000 560.542 8.000
D_303 -22.253 -475.402 11.000
E_304 -25.772 -605.239 15.000
K_305 -19.613 -818.649 15.000
E_306 -22.253 -605.239 11.000
V_307 0.000 613.196 11.000
I_308 0.000 777.529 8.000
D_309 -7.878 -475.402 4.000
A_310 0.000 185.740 9.000
L_311 0.000 679.918 9.000
R_312 -23.856 -1015.709 9.000
V_313 0.000 613.196 13.000
N_314 -27.150 -507.047 17.000
N_315 -26.485 -507.047 16.000
N_316 -28.912 -507.047 20.000
Q_317 -28.912 -643.904 20.000
Q_318 -26.485 -643.904 16.000
N_319 -23.258 -507.047 12.000
A_320 0.000 185.740 8.000
A_321 0.000 185.740 8.000
C_322 0.000 322.480 5.000
E_323 -11.867 -605.239 5.000
W_324 -3.990 -203.500 5.000
L_325 0.000 679.918 5.000
L_326 0.000 679.918 5.000
G_327 0.000 -27.649 9.000
D_328 -23.258 -475.402 12.000
R_329 -28.412 -1015.709 12.000
K_330 -19.613 -818.649 15.000
P_331 0.000 -195.996 11.000
S_332 -16.309 -90.060 10.000
P_333 0.000 -195.996 11.000
E_334 -22.253 -605.239 11.000
E_335 -23.258 -605.239 12.000
L_336 0.000 679.918 15.000
D_337 -22.253 -475.402 11.000
K_338 -13.255 -818.649 7.000
G_339 0.000 -27.649 11.000
I_340 0.000 777.529 7.000
D_341 -18.409 -475.402 8.000
P_342 0.000 -195.996 11.000
D_343 -22.253 -475.402 11.000
S_344 -13.255 -90.060 7.000
P_345 0.000 -195.996 7.000
L_346 0.000 679.918 7.000
F_347 0.000 560.542 4.000
Q_348 -7.878 -643.904 4.000
A_349 0.000 185.740 4.000
I_350 0.000 777.529 8.000
L_351 0.000 679.918 8.000
D_352 -18.409 -475.402 8.000
N_353 -18.409 -507.047 8.000
P_354 0.000 -195.996 8.000
V_355 0.000 613.196 8.000
V_356 0.000 613.196 4.000
Q_357 -7.878 -643.904 4.000
L_358 0.000 679.918 4.000
G_359 0.000 -27.649 7.000
L_360 0.000 679.918 7.000
T_361 -13.255 -90.974 7.000
N_362 -21.132 -507.047 10.000
P_363 0.000 -195.996 13.000
K_364 -16.309 -818.649 10.000
T_365 -11.867 -90.974 6.000
L_366 0.000 679.918 6.000
L_367 0.000 679.918 3.000
A_368 0.000 185.740 4.000
F_369 0.000 560.542 8.000
E_370 -18.409 -605.239 8.000
D_371 -18.409 -475.402 8.000
M_372 0.000 401.769 12.000
L_373 0.000 679.918 12.000
E_374 -18.409 -605.239 8.000
N_375 -18.409 -507.047 8.000
P_376 0.000 -195.996 12.000
L_377 0.000 679.918 11.000
N_378 -21.132 -507.047 10.000
S_379 -19.059 -90.060 14.000
T_380 -19.613 -90.974 15.000
Q_381 -22.253 -643.904 11.000
W_382 -6.160 -203.500 12.000
M_383 0.000 401.769 13.000
N_384 -19.866 -507.047 9.000
D_385 -23.258 -475.402 12.000
P_386 0.000 -195.996 15.000
E_387 -22.253 -605.239 11.000
T_388 -13.255 -90.974 7.000
G_389 0.000 -27.649 7.000
P_390 0.000 -195.996 3.000
V_391 0.000 613.196 0.000
M_392 0.000 401.769 4.000
L_393 0.000 679.918 4.000
Q_394 -16.691 -643.904 7.000
I_395 0.000 777.529 12.000
S_396 -17.811 -90.060 12.000
R_397 -21.845 -1015.709 8.000
I_398 0.000 777.529 12.000
F_399 0.000 560.542 12.000
Q_400 -16.691 -643.904 7.000
T_401 -17.098 -90.974 11.000
L_402 0.000 679.918 16.000
N_403 -25.772 -507.047 15.000
R_404 -28.412 -1015.709 12.000
T_405 -17.811 -90.974 12.000
