M_1 0.000 401.769 7.000
R_2 -27.076 -1015.709 11.000
H_3 -13.255 -583.484 15.000
E_4 -25.772 -605.239 15.000
E_5 -21.132 -605.239 10.000
L_6 0.000 679.918 11.000
L_7 0.000 679.918 10.000
T_8 -15.425 -90.974 9.000
K_9 -15.425 -818.649 9.000
T_10 -18.462 -90.974 13.000
F_11 0.000 560.542 10.000
Q_12 -16.691 -643.904 7.000
G_13 0.000 -27.649 4.000
P_14 0.000 -195.996 4.000
A_15 0.000 185.740 0.000
V_16 0.000 613.196 0.000
V_17 0.000 613.196 0.000
C_18 0.000 322.480 3.000
G_19 0.000 -27.649 3.000
T_20 -11.867 -90.974 6.000
P_21 0.000 -195.996 9.000
T_22 -17.098 -90.974 11.000
S_23 -14.420 -90.060 8.000
H_24 -11.154 -583.484 10.000
V_25 0.000 613.196 7.000
Y_26 -6.160 -274.939 4.000
M_27 0.000 401.769 5.000
F_28 0.000 560.542 9.000
K_29 -13.255 -818.649 7.000
N_30 -21.132 -507.047 10.000
G_31 0.000 -27.649 10.000
S_32 -17.098 -90.060 11.000
G_33 0.000 -27.649 10.000
D_34 -21.132 -475.402 10.000
S_35 -17.098 -90.060 11.000
G_36 0.000 -27.649 14.000
D_37 -24.169 -475.402 13.000
S_38 -19.059 -90.060 14.000
S_39 -21.060 -90.060 18.000
E_40 -27.773 -605.239 18.000
E_41 -27.773 -605.239 18.000
E_42 -27.150 -605.239 17.000
S_43 -21.060 -90.060 18.000
H_44 -12.900 -583.484 14.000
R_45 -25.574 -1015.709 10.000
V_46 0.000 613.196 7.000
V_47 0.000 613.196 10.000
L_48 0.000 679.918 5.000
R_49 -25.574 -1015.709 10.000
P_50 0.000 -195.996 10.000
R_51 -29.616 -1015.709 13.000
G_52 0.000 -27.649 12.000
K_53 -20.609 -818.649 17.000
E_54 -25.003 -605.239 14.000
R_55 -33.508 -1015.709 17.000
H_56 -13.896 -583.484 17.000
K_57 -18.462 -818.649 13.000
S_58 -14.420 -90.060 8.000
G_59 0.000 -27.649 8.000
V_60 0.000 613.196 9.000
H_61 -8.431 -583.484 6.000
Q_62 -14.591 -643.904 6.000
P_63 0.000 -195.996 10.000
P_64 0.000 -195.996 8.000
Q_65 -7.878 -643.904 4.000
A_66 0.000 185.740 4.000
G_67 0.000 -27.649 4.000
A_68 0.000 185.740 4.000
G_69 0.000 -27.649 4.000
D_70 -7.878 -475.402 4.000
V_71 0.000 613.196 4.000
V_72 0.000 613.196 4.000
L_73 0.000 679.918 4.000
L_74 0.000 679.918 9.000
Q_75 -24.169 -643.904 13.000
R_76 -29.616 -1015.709 13.000
E_77 -24.169 -605.239 13.000
L_78 0.000 679.918 13.000
A_79 0.000 185.740 12.000
Q_80 -23.258 -643.904 12.000
E_81 -25.772 -605.239 15.000
D_82 -25.772 -475.402 15.000
S_83 -19.613 -90.060 15.000
L_84 0.000 679.918 14.000
N_85 -21.132 -507.047 10.000
K_86 -13.255 -818.649 7.000
L_87 0.000 679.918 7.000
A_88 0.000 185.740 7.000
L_89 0.000 679.918 6.000
Q_90 -14.591 -643.904 6.000
Y_91 -8.431 -274.939 6.000
G_92 0.000 -27.649 9.000
C_93 0.000 322.480 5.000
K_94 -4.441 -818.649 3.000
V_95 0.000 613.196 7.000
A_96 0.000 185.740 7.000
D_97 -16.691 -475.402 7.000
I_98 0.000 777.529 10.000
K_99 -16.309 -818.649 10.000
K_100 -16.309 -818.649 10.000
V_101 0.000 613.196 14.000
N_102 -22.253 -507.047 11.000
N_103 -18.409 -507.047 8.000
F_104 0.000 560.542 13.000
I_105 0.000 777.529 13.000
R_106 -29.616 -1015.709 13.000
E_107 -27.150 -605.239 17.000
Q_108 -27.150 -643.904 17.000
D_109 -25.003 -475.402 14.000
L_110 0.000 679.918 10.000
Y_111 -8.431 -274.939 6.000
A_112 0.000 185.740 5.000
L_113 0.000 679.918 8.000
K_114 -11.867 -818.649 6.000
S_115 -15.425 -90.060 9.000
V_116 0.000 613.196 9.000
K_117 -11.867 -818.649 6.000
I_118 0.000 777.529 3.000
P_119 0.000 -195.996 8.000
V_120 0.000 613.196 9.000
R_121 -27.076 -1015.709 11.000
N_122 -22.253 -507.047 11.000
H_123 -11.652 -583.484 11.000
G_124 0.000 -27.649 6.000
I_125 0.000 777.529 2.000
L_126 0.000 679.918 4.000
M_127 0.000 401.769 7.000
E_128 -19.866 -605.239 9.000
T_129 -17.811 -90.974 12.000
H_130 -13.586 -583.484 16.000
K_131 -17.811 -818.649 12.000
E_132 -23.258 -605.239 12.000
L_133 0.000 679.918 10.000
K_134 -13.255 -818.649 7.000
P_135 0.000 -195.996 3.000
L_136 0.000 679.918 6.000
L_137 0.000 679.918 3.000
S_138 -11.867 -90.060 6.000
P_139 0.000 -195.996 9.000
S_140 -18.462 -90.060 13.000
S_141 -18.462 -90.060 13.000
E_142 -26.485 -605.239 16.000
T_143 -18.462 -90.974 13.000
T_144 -18.462 -90.974 13.000
V_145 0.000 613.196 9.000
T_146 -16.309 -90.974 10.000
V_147 0.000 613.196 7.000
E_148 -16.691 -605.239 7.000
L_149 0.000 679.918 8.000
P_150 0.000 -195.996 8.000
E_151 -18.409 -605.239 8.000
A_152 0.000 185.740 13.000
D_153 -24.169 -475.402 13.000
R_154 -23.856 -1015.709 9.000
A_155 0.000 185.740 9.000
G_156 0.000 -27.649 5.000
A_157 0.000 185.740 3.000
G_158 0.000 -27.649 3.000
T_159 -4.441 -90.974 3.000
G_160 0.000 -27.649 7.000
A_161 0.000 185.740 7.000
Q_162 -7.878 -643.904 4.000
A_163 0.000 185.740 8.000
G_164 0.000 -27.649 8.000
Q_165 -7.878 -643.904 4.000
L_166 0.000 679.918 4.000
M_167 0.000 401.769 4.000
G_168 0.000 -27.649 0.000
F_169 0.000 560.542 3.000
F_170 0.000 560.542 3.000
K_171 -4.441 -818.649 3.000
G_172 0.000 -27.649 7.000
I_173 0.000 777.529 11.000
D_174 -23.258 -475.402 12.000
Q_175 -23.258 -643.904 12.000
D_176 -26.485 -475.402 16.000
I_177 0.000 777.529 17.000
E_178 -24.169 -605.239 13.000
R_179 -23.856 -1015.709 9.000
A_180 0.000 185.740 13.000
V_181 0.000 613.196 12.000
Q_182 -22.253 -643.904 11.000
S_183 -17.098 -90.060 11.000
E_184 -22.253 -605.239 11.000
I_185 0.000 777.529 7.000
F_186 0.000 560.542 6.000
L_187 0.000 679.918 6.000
H_188 -10.601 -583.484 9.000
E_189 -22.253 -605.239 11.000
S_190 -17.098 -90.060 11.000
Y_191 -10.601 -274.939 9.000
C_192 0.000 322.480 9.000
M_193 0.000 401.769 9.000
D_194 -21.132 -475.402 10.000
T_195 -17.811 -90.974 12.000
S_196 -20.127 -90.060 16.000
H_197 -12.104 -583.484 12.000
Q_198 -19.866 -643.904 9.000
P_199 0.000 -195.996 6.000
L_200 0.000 679.918 4.000
L_201 0.000 679.918 0.000
P_202 0.000 -195.996 0.000
A_203 0.000 185.740 0.000
P_204 0.000 -195.996 3.000
P_205 0.000 -195.996 6.000
K_206 -11.867 -818.649 6.000
T_207 -11.867 -90.974 6.000
P_208 0.000 -195.996 10.000
M_209 0.000 401.769 7.000
D_210 -7.878 -475.402 4.000
G_211 0.000 -27.649 8.000
A_212 0.000 185.740 8.000
D_213 -7.878 -475.402 4.000
C_214 0.000 322.480 4.000
G_215 0.000 -27.649 8.000
I_216 0.000 777.529 5.000
Q_217 -14.591 -643.904 6.000
W_218 -5.708 -203.500 10.000
W_219 -5.708 -203.500 10.000
N_220 -14.591 -507.047 6.000
A_221 0.000 185.740 5.000
V_222 0.000 613.196 4.000
F_223 0.000 560.542 0.000
I_224 0.000 777.529 0.000
M_225 0.000 401.769 0.000
L_226 0.000 679.918 0.000
L_227 0.000 679.918 0.000
I_228 0.000 777.529 0.000
G_229 0.000 -27.649 0.000
I_230 0.000 777.529 0.000
V_231 0.000 613.196 0.000
L_232 0.000 679.918 0.000
P_233 0.000 -195.996 0.000
V_234 0.000 613.196 2.000
F_235 0.000 560.542 2.000
Y_236 -1.718 -274.939 2.000
L_237 0.000 679.918 4.000
V_238 0.000 613.196 4.000
Y_239 -7.426 -274.939 5.000
F_240 0.000 560.542 5.000
K_241 -15.425 -818.649 9.000
I_242 0.000 777.529 7.000
Q_243 -21.132 -643.904 10.000
A_244 0.000 185.740 7.000
S_245 -17.098 -90.060 11.000
G_246 0.000 -27.649 10.000
E_247 -21.132 -605.239 10.000
T_248 -17.098 -90.974 11.000
P_249 0.000 -195.996 14.000
N_250 -21.132 -507.047 10.000
S_251 -17.098 -90.060 11.000
L_252 0.000 679.918 14.000
N_253 -24.169 -507.047 13.000
T_254 -16.309 -90.974 10.000
T_255 -16.309 -90.974 10.000
V_256 0.000 613.196 6.000
I_257 0.000 777.529 7.000
P_258 0.000 -195.996 4.000
N_259 -16.691 -507.047 7.000
G_260 0.000 -27.649 7.000
S_261 -13.255 -90.060 7.000
M_262 0.000 401.769 3.000
A_263 0.000 185.740 3.000
M_264 0.000 401.769 3.000
G_265 0.000 -27.649 3.000
T_266 -4.441 -90.974 3.000
V_267 0.000 613.196 3.000
P_268 0.000 -195.996 7.000
G_269 0.000 -27.649 4.000
Q_270 -7.878 -643.904 4.000
A_271 0.000 185.740 9.000
P_272 0.000 -195.996 9.000
R_273 -11.867 -1015.709 5.000
L_274 0.000 679.918 5.000
A_275 0.000 185.740 5.000
V_276 0.000 613.196 0.000
A_277 0.000 185.740 0.000
V_278 0.000 613.196 0.000
P_279 0.000 -195.996 0.000
A_280 0.000 185.740 3.000
V_281 0.000 613.196 6.000
T_282 -11.867 -90.974 6.000
S_283 -16.309 -90.060 10.000
A_284 0.000 185.740 13.000
D_285 -25.003 -475.402 14.000
S_286 -17.098 -90.060 11.000
Q_287 -25.003 -643.904 14.000
F_288 0.000 560.542 14.000
S_289 -19.059 -90.060 14.000
Q_290 -24.169 -643.904 13.000
T_291 -20.609 -90.974 17.000
T_292 -19.059 -90.974 14.000
Q_293 -21.132 -643.904 10.000
A_294 0.000 185.740 10.000
G_295 0.000 -27.649 7.000
S_296 -4.441 -90.060 3.000
