M_1 0.000 401.769 8.000
E_2 -23.258 -605.239 12.000
E_3 -23.258 -605.239 12.000
Q_4 -25.003 -643.904 14.000
G_5 0.000 -27.649 13.000
H_6 -12.518 -583.484 13.000
S_7 -15.425 -90.060 9.000
E_8 -24.169 -605.239 13.000
M_9 0.000 401.769 11.000
E_10 -18.409 -605.239 8.000
I_11 0.000 777.529 4.000
I_12 0.000 777.529 7.000
P_13 0.000 -195.996 7.000
S_14 -16.309 -90.060 10.000
E_15 -23.258 -605.239 12.000
S_16 -17.811 -90.060 12.000
H_17 -11.652 -583.484 11.000
P_18 0.000 -195.996 7.000
H_19 -9.978 -583.484 8.000
I_20 0.000 777.529 6.000
Q_21 -14.591 -643.904 6.000
L_22 0.000 679.918 7.000
L_23 0.000 679.918 10.000
K_24 -16.309 -818.649 10.000
S_25 -19.613 -90.060 15.000
N_26 -28.359 -507.047 19.000
R_27 -32.645 -1015.709 16.000
E_28 -24.169 -605.239 13.000
L_29 0.000 679.918 9.000
L_30 0.000 679.918 7.000
V_31 0.000 613.196 5.000
T_32 -10.149 -90.974 5.000
H_33 -11.154 -583.484 10.000
I_34 0.000 777.529 14.000
R_35 -30.711 -1015.709 14.000
N_36 -26.485 -507.047 16.000
T_37 -20.127 -90.974 16.000
Q_38 -22.253 -643.904 11.000
C_39 0.000 322.480 7.000
L_40 0.000 679.918 8.000
V_41 0.000 613.196 8.000
D_42 -18.409 -475.402 8.000
N_43 -18.409 -507.047 8.000
L_44 0.000 679.918 11.000
L_45 0.000 679.918 11.000
K_46 -17.098 -818.649 11.000
N_47 -24.169 -507.047 13.000
D_48 -24.169 -475.402 13.000
Y_49 -12.518 -274.939 13.000
F_50 0.000 560.542 9.000
S_51 -15.425 -90.060 9.000
A_52 0.000 185.740 11.000
E_53 -22.253 -605.239 11.000
D_54 -23.258 -475.402 12.000
A_55 0.000 185.740 12.000
E_56 -18.409 -605.239 8.000
I_57 0.000 777.529 4.000
V_58 0.000 613.196 4.000
C_59 0.000 322.480 0.000
A_60 0.000 185.740 0.000
C_61 0.000 322.480 3.000
P_62 0.000 -195.996 7.000
T_63 -13.255 -90.974 7.000
Q_64 -22.253 -643.904 11.000
P_65 0.000 -195.996 14.000
D_66 -22.253 -475.402 11.000
K_67 -17.811 -818.649 12.000
V_68 0.000 613.196 15.000
R_69 -27.076 -1015.709 11.000
K_70 -14.420 -818.649 8.000
I_71 0.000 777.529 12.000
L_72 0.000 679.918 7.000
D_73 -7.878 -475.402 4.000
L_74 0.000 679.918 8.000
V_75 0.000 613.196 11.000
Q_76 -21.132 -643.904 10.000
S_77 -16.309 -90.060 10.000
K_78 -19.059 -818.649 14.000
G_79 0.000 -27.649 14.000
E_80 -22.253 -605.239 11.000
E_81 -22.253 -605.239 11.000
V_82 0.000 613.196 15.000
S_83 -17.098 -90.060 11.000
E_84 -16.691 -605.239 7.000
F_85 0.000 560.542 7.000
F_86 0.000 560.542 6.000
L_87 0.000 679.918 2.000
Y_88 -1.718 -274.939 2.000
L_89 0.000 679.918 6.000
L_90 0.000 679.918 10.000
Q_91 -18.409 -643.904 8.000
Q_92 -18.409 -643.904 8.000
L_93 0.000 679.918 12.000
A_94 0.000 185.740 8.000
D_95 -14.591 -475.402 6.000
A_96 0.000 185.740 6.000
Y_97 -11.154 -274.939 10.000
V_98 0.000 613.196 6.000
D_99 -22.253 -475.402 11.000
L_100 0.000 679.918 9.000
R_101 -25.574 -1015.709 10.000
P_102 0.000 -195.996 6.000
W_103 -4.441 -203.500 6.000
L_104 0.000 679.918 5.000
L_105 0.000 679.918 5.000
E_106 -7.878 -605.239 4.000
I_107 0.000 777.529 4.000
G_108 0.000 -27.649 7.000
F_109 0.000 560.542 3.000
S_110 -11.867 -90.060 6.000
P_111 0.000 -195.996 6.000
S_112 -11.867 -90.060 6.000
L_113 0.000 679.918 6.000
L_114 0.000 679.918 10.000
T_115 -16.309 -90.974 10.000
Q_116 -24.169 -643.904 13.000
S_117 -18.462 -90.060 13.000
K_118 -16.309 -818.649 10.000
V_119 0.000 613.196 6.000
V_120 0.000 613.196 7.000
V_121 0.000 613.196 7.000
N_122 -22.253 -507.047 11.000
T_123 -17.098 -90.974 11.000
D_124 -22.253 -475.402 11.000
P_125 0.000 -195.996 10.000
V_126 0.000 613.196 12.000
S_127 -16.309 -90.060 10.000
R_128 -29.616 -1015.709 13.000
Y_129 -13.896 -274.939 17.000
T_130 -21.060 -90.974 18.000
Q_131 -24.169 -643.904 13.000
Q_132 -26.485 -643.904 16.000
L_133 0.000 679.918 15.000
R_134 -29.616 -1015.709 13.000
H_135 -10.601 -583.484 9.000
H_136 -10.601 -583.484 9.000
L_137 0.000 679.918 9.000
G_138 0.000 -27.649 11.000
R_139 -28.412 -1015.709 12.000
D_140 -25.772 -475.402 15.000
S_141 -19.613 -90.060 15.000
K_142 -16.309 -818.649 10.000
F_143 0.000 560.542 6.000
V_144 0.000 613.196 3.000
L_145 0.000 679.918 2.000
C_146 0.000 322.480 2.000
Y_147 -8.431 -274.939 6.000
A_148 0.000 185.740 9.000
Q_149 -24.169 -643.904 13.000
K_150 -19.613 -818.649 15.000
E_151 -25.772 -605.239 15.000
E_152 -22.253 -605.239 11.000
L_153 0.000 679.918 8.000
L_154 0.000 679.918 8.000
L_155 0.000 679.918 8.000
E_156 -18.409 -605.239 8.000
E_157 -21.132 -605.239 10.000
I_158 0.000 777.529 10.000
Y_159 -11.154 -274.939 10.000
M_160 0.000 401.769 9.000
D_161 -19.866 -475.402 9.000
T_162 -13.255 -90.974 7.000
I_163 0.000 777.529 11.000
M_164 0.000 401.769 7.000
E_165 -7.878 -605.239 4.000
L_166 0.000 679.918 4.000
V_167 0.000 613.196 4.000
G_168 0.000 -27.649 3.000
F_169 0.000 560.542 7.000
S_170 -17.098 -90.060 11.000
N_171 -25.003 -507.047 14.000
E_172 -25.003 -605.239 14.000
S_173 -17.098 -90.060 11.000
L_174 0.000 679.918 10.000
G_175 0.000 -27.649 6.000
S_176 -13.255 -90.060 7.000
L_177 0.000 679.918 10.000
N_178 -21.132 -507.047 10.000
S_179 -13.255 -90.060 7.000
L_180 0.000 679.918 7.000
A_181 0.000 185.740 3.000
C_182 0.000 322.480 0.000
L_183 0.000 679.918 4.000
L_184 0.000 679.918 6.000
D_185 -19.866 -475.402 9.000
H_186 -12.104 -583.484 12.000
T_187 -17.811 -90.974 12.000
T_188 -14.420 -90.974 8.000
G_189 0.000 -27.649 6.000
I_190 0.000 777.529 7.000
L_191 0.000 679.918 8.000
N_192 -23.258 -507.047 12.000
E_193 -23.258 -605.239 12.000
Q_194 -26.485 -643.904 16.000
G_195 0.000 -27.649 15.000
E_196 -22.253 -605.239 11.000
T_197 -13.255 -90.974 7.000
I_198 0.000 777.529 7.000
F_199 0.000 560.542 3.000
I_200 0.000 777.529 0.000
L_201 0.000 679.918 4.000
G_202 0.000 -27.649 4.000
D_203 -7.878 -475.402 4.000
A_204 0.000 185.740 4.000
G_205 0.000 -27.649 4.000
V_206 0.000 613.196 3.000
G_207 0.000 -27.649 6.000
K_208 -11.867 -818.649 6.000
S_209 -11.867 -90.060 6.000
M_210 0.000 401.769 6.000
L_211 0.000 679.918 7.000
L_212 0.000 679.918 9.000
Q_213 -19.866 -643.904 9.000
R_214 -29.616 -1015.709 13.000
L_215 0.000 679.918 16.000
Q_216 -23.258 -643.904 12.000
S_217 -14.420 -90.060 8.000
L_218 0.000 679.918 8.000
W_219 -4.824 -203.500 7.000
A_220 0.000 185.740 4.000
T_221 -15.425 -90.974 9.000
G_222 0.000 -27.649 8.000
R_223 -28.412 -1015.709 12.000
L_224 0.000 679.918 9.000
D_225 -19.866 -475.402 9.000
A_226 0.000 185.740 4.000
G_227 0.000 -27.649 7.000
V_228 0.000 613.196 3.000
K_229 -4.441 -818.649 3.000
F_230 0.000 560.542 3.000
F_231 0.000 560.542 5.000
F_232 0.000 560.542 2.000
H_233 -9.265 -583.484 7.000
F_234 0.000 560.542 7.000
R_235 -28.412 -1015.709 12.000
C_236 0.000 322.480 10.000
R_237 -25.574 -1015.709 10.000
M_238 0.000 401.769 8.000
F_239 0.000 560.542 8.000
S_240 -4.441 -90.060 3.000
C_241 0.000 322.480 6.000
F_242 0.000 560.542 10.000
K_243 -16.309 -818.649 10.000
E_244 -25.003 -605.239 14.000
S_245 -21.486 -90.060 19.000
D_246 -26.485 -475.402 16.000
R_247 -28.412 -1015.709 12.000
L_248 0.000 679.918 9.000
C_249 0.000 322.480 9.000
L_250 0.000 679.918 8.000
Q_251 -18.409 -643.904 8.000
D_252 -18.409 -475.402 8.000
L_253 0.000 679.918 8.000
L_254 0.000 679.918 7.000
F_255 0.000 560.542 5.000
K_256 -13.255 -818.649 7.000
H_257 -9.265 -583.484 7.000
Y_258 -10.601 -274.939 9.000
C_259 0.000 322.480 6.000
Y_260 -9.978 -274.939 8.000
P_261 0.000 -195.996 11.000
E_262 -25.772 -605.239 15.000
R_263 -29.616 -1015.709 13.000
D_264 -27.150 -475.402 17.000
P_265 0.000 -195.996 17.000
E_266 -23.258 -605.239 12.000
E_267 -18.409 -605.239 8.000
V_268 0.000 613.196 8.000
F_269 0.000 560.542 4.000
A_270 0.000 185.740 0.000
F_271 0.000 560.542 0.000
L_272 0.000 679.918 5.000
L_273 0.000 679.918 5.000
R_274 -11.867 -1015.709 5.000
F_275 0.000 560.542 7.000
P_276 0.000 -195.996 7.000
H_277 -1.718 -583.484 2.000
V_278 0.000 613.196 2.000
A_279 0.000 185.740 2.000
L_280 0.000 679.918 3.000
F_281 0.000 560.542 3.000
T_282 -13.255 -90.974 7.000
F_283 0.000 560.542 7.000
D_284 -16.691 -475.402 7.000
G_285 0.000 -27.649 8.000
L_286 0.000 679.918 12.000
D_287 -18.409 -475.402 8.000
E_288 -21.132 -605.239 10.000
L_289 0.000 679.918 13.000
H_290 -12.518 -583.484 13.000
S_291 -15.425 -90.060 9.000
D_292 -24.169 -475.402 13.000
L_293 0.000 679.918 11.000
D_294 -22.253 -475.402 11.000
L_295 0.000 679.918 12.000
S_296 -17.811 -90.060 12.000
R_297 -21.845 -1015.709 8.000
V_298 0.000 613.196 12.000
P_299 0.000 -195.996 12.000
D_300 -21.132 -475.402 10.000
S_301 -16.309 -90.060 10.000
S_302 -16.309 -90.060 10.000
C_303 0.000 322.480 7.000
P_304 0.000 -195.996 8.000
W_305 -3.990 -203.500 5.000
E_306 -11.867 -605.239 5.000
P_307 0.000 -195.996 7.000
A_308 0.000 185.740 6.000
H_309 -1.718 -583.484 2.000
P_310 0.000 -195.996 2.000
L_311 0.000 679.918 2.000
V_312 0.000 613.196 0.000
L_313 0.000 679.918 0.000
L_314 0.000 679.918 4.000
A_315 0.000 185.740 4.000
N_316 -7.878 -507.047 4.000
L_317 0.000 679.918 7.000
L_318 0.000 679.918 7.000
S_319 -11.867 -90.060 6.000
G_320 0.000 -27.649 6.000
K_321 -11.867 -818.649 6.000
L_322 0.000 679.918 6.000
L_323 0.000 679.918 6.000
K_324 -4.441 -818.649 3.000
G_325 0.000 -27.649 6.000
A_326 0.000 185.740 9.000
S_327 -11.867 -90.060 6.000
K_328 -11.867 -818.649 6.000
L_329 0.000 679.918 9.000
L_330 0.000 679.918 6.000
T_331 -14.420 -90.974 8.000
A_332 0.000 185.740 11.000
R_333 -27.076 -1015.709 11.000
T_334 -14.420 -90.974 8.000
G_335 0.000 -27.649 12.000
I_336 0.000 777.529 7.000
E_337 -7.878 -605.239 4.000
V_338 0.000 613.196 9.000
P_339 0.000 -195.996 13.000
R_340 -23.856 -1015.709 9.000
Q_341 -19.866 -643.904 9.000
F_342 0.000 560.542 14.000
L_343 0.000 679.918 12.000
R_344 -27.076 -1015.709 11.000
K_345 -17.098 -818.649 11.000
K_346 -17.098 -818.649 11.000
V_347 0.000 613.196 6.000
L_348 0.000 679.918 8.000
L_349 0.000 679.918 5.000
R_350 -11.867 -1015.709 5.000
G_351 0.000 -27.649 8.000
F_352 0.000 560.542 8.000
S_353 -11.867 -90.060 6.000
P_354 0.000 -195.996 8.000
S_355 -14.420 -90.060 8.000
H_356 -11.154 -583.484 10.000
L_357 0.000 679.918 10.000
R_358 -23.856 -1015.709 9.000
A_359 0.000 185.740 7.000
Y_360 -12.104 -274.939 12.000
A_361 0.000 185.740 12.000
R_362 -28.412 -1015.709 12.000
R_363 -25.574 -1015.709 10.000
M_364 0.000 401.769 10.000
F_365 0.000 560.542 9.000
P_366 0.000 -195.996 9.000
E_367 -19.866 -605.239 9.000
R_368 -23.856 -1015.709 9.000
A_369 0.000 185.740 13.000
L_370 0.000 679.918 13.000
Q_371 -24.169 -643.904 13.000
D_372 -24.169 -475.402 13.000
R_373 -29.616 -1015.709 13.000
L_374 0.000 679.918 12.000
L_375 0.000 679.918 12.000
S_376 -13.255 -90.060 7.000
Q_377 -22.253 -643.904 11.000
L_378 0.000 679.918 11.000
E_379 -23.258 -605.239 12.000
A_380 0.000 185.740 8.000
N_381 -23.258 -507.047 12.000
P_382 0.000 -195.996 8.000
N_383 -18.409 -507.047 8.000
L_384 0.000 679.918 7.000
C_385 0.000 322.480 7.000
S_386 -4.441 -90.060 3.000
L_387 0.000 679.918 6.000
C_388 0.000 322.480 6.000
S_389 -4.441 -90.060 3.000
V_390 0.000 613.196 3.000
P_391 0.000 -195.996 3.000
L_392 0.000 679.918 0.000
F_393 0.000 560.542 1.000
C_394 0.000 322.480 1.000
W_395 -0.000 -203.500 1.000
I_396 0.000 777.529 1.000
I_397 0.000 777.529 6.000
F_398 0.000 560.542 5.000
R_399 -11.867 -1015.709 5.000
C_400 0.000 322.480 9.000
F_401 0.000 560.542 11.000
Q_402 -14.591 -643.904 6.000
H_403 -11.652 -583.484 11.000
F_404 0.000 560.542 11.000
R_405 -19.414 -1015.709 7.000
A_406 0.000 185.740 5.000
A_407 0.000 185.740 9.000
F_408 0.000 560.542 4.000
E_409 -16.691 -605.239 7.000
G_410 0.000 -27.649 7.000
S_411 -17.098 -90.060 11.000
P_412 0.000 -195.996 7.000
Q_413 -16.691 -643.904 7.000
L_414 0.000 679.918 8.000
P_415 0.000 -195.996 8.000
D_416 -16.691 -475.402 7.000
C_417 0.000 322.480 7.000
T_418 -16.309 -90.974 10.000
M_419 0.000 401.769 6.000
T_420 -15.425 -90.974 9.000
L_421 0.000 679.918 10.000
T_422 -16.309 -90.974 10.000
D_423 -16.691 -475.402 7.000
V_424 0.000 613.196 7.000
F_425 0.000 560.542 4.000
L_426 0.000 679.918 0.000
L_427 0.000 679.918 3.000
V_428 0.000 613.196 7.000
T_429 -13.255 -90.974 7.000
E_430 -19.866 -605.239 9.000
V_431 0.000 613.196 9.000
H_432 -11.154 -583.484 10.000
L_433 0.000 679.918 11.000
N_434 -22.253 -507.047 11.000
R_435 -29.616 -1015.709 13.000
M_436 0.000 401.769 13.000
Q_437 -23.258 -643.904 12.000
P_438 0.000 -195.996 10.000
S_439 -16.309 -90.060 10.000
S_440 -11.867 -90.060 6.000
L_441 0.000 679.918 10.000
V_442 0.000 613.196 12.000
Q_443 -24.169 -643.904 13.000
R_444 -32.645 -1015.709 16.000
N_445 -29.436 -507.047 21.000
T_446 -21.889 -90.974 20.000
R_447 -31.716 -1015.709 15.000
S_448 -17.098 -90.060 11.000
P_449 0.000 -195.996 12.000
V_450 0.000 613.196 10.000
E_451 -16.691 -605.239 7.000
T_452 -15.425 -90.974 9.000
L_453 0.000 679.918 9.000
H_454 -7.426 -583.484 5.000
A_455 0.000 185.740 7.000
G_456 0.000 -27.649 11.000
R_457 -28.412 -1015.709 12.000
D_458 -23.258 -475.402 12.000
T_459 -17.811 -90.974 12.000
L_460 0.000 679.918 10.000
C_461 0.000 322.480 6.000
S_462 -4.441 -90.060 3.000
L_463 0.000 679.918 7.000
G_464 0.000 -27.649 7.000
Q_465 -7.878 -643.904 4.000
V_466 0.000 613.196 6.000
A_467 0.000 185.740 11.000
H_468 -9.265 -583.484 7.000
R_469 -19.414 -1015.709 7.000
G_470 0.000 -27.649 11.000
M_471 0.000 401.769 12.000
E_472 -21.132 -605.239 10.000
K_473 -16.309 -818.649 10.000
S_474 -16.309 -90.060 10.000
L_475 0.000 679.918 6.000
F_476 0.000 560.542 3.000
V_477 0.000 613.196 3.000
F_478 0.000 560.542 7.000
T_479 -17.098 -90.974 11.000
Q_480 -25.772 -643.904 15.000
E_481 -25.772 -605.239 15.000
E_482 -26.485 -605.239 16.000
V_483 0.000 613.196 12.000
Q_484 -22.253 -643.904 11.000
A_485 0.000 185.740 7.000
S_486 -13.255 -90.060 7.000
G_487 0.000 -27.649 7.000
L_488 0.000 679.918 11.000
Q_489 -24.169 -643.904 13.000
E_490 -27.150 -605.239 17.000
R_491 -33.508 -1015.709 17.000
D_492 -27.150 -475.402 17.000
M_493 0.000 401.769 13.000
Q_494 -18.409 -643.904 8.000
L_495 0.000 679.918 4.000
G_496 0.000 -27.649 4.000
F_497 0.000 560.542 5.000
L_498 0.000 679.918 5.000
R_499 -11.867 -1015.709 5.000
A_500 0.000 185.740 5.000
L_501 0.000 679.918 9.000
P_502 0.000 -195.996 4.000
E_503 -7.878 -605.239 4.000
L_504 0.000 679.918 4.000
G_505 0.000 -27.649 4.000
P_506 0.000 -195.996 0.000
G_507 0.000 -27.649 4.000
G_508 0.000 -27.649 8.000
D_509 -23.258 -475.402 12.000
Q_510 -25.772 -643.904 15.000
Q_511 -27.150 -643.904 17.000
S_512 -20.609 -90.060 17.000
Y_513 -12.518 -274.939 13.000
E_514 -19.866 -605.239 9.000
F_515 0.000 560.542 8.000
F_516 0.000 560.542 6.000
H_517 -7.426 -583.484 5.000
L_518 0.000 679.918 5.000
T_519 -15.425 -90.974 9.000
L_520 0.000 679.918 7.000
Q_521 -16.691 -643.904 7.000
A_522 0.000 185.740 4.000
F_523 0.000 560.542 7.000
F_524 0.000 560.542 3.000
T_525 -4.441 -90.974 3.000
A_526 0.000 185.740 3.000
F_527 0.000 560.542 3.000
F_528 0.000 560.542 0.000
L_529 0.000 679.918 0.000
V_530 0.000 613.196 4.000
L_531 0.000 679.918 8.000
D_532 -24.169 -475.402 13.000
D_533 -24.169 -475.402 13.000
R_534 -29.616 -1015.709 13.000
V_535 0.000 613.196 12.000
G_536 0.000 -27.649 12.000
T_537 -17.098 -90.974 11.000
Q_538 -22.253 -643.904 11.000
E_539 -22.253 -605.239 11.000
L_540 0.000 679.918 13.000
L_541 0.000 679.918 9.000
R_542 -11.867 -1015.709 5.000
F_543 0.000 560.542 9.000
F_544 0.000 560.542 13.000
Q_545 -19.866 -643.904 9.000
E_546 -19.866 -605.239 9.000
W_547 -5.447 -203.500 9.000
M_548 0.000 401.769 5.000
P_549 0.000 -195.996 1.000
P_550 0.000 -195.996 0.000
A_551 0.000 185.740 0.000
G_552 0.000 -27.649 0.000
A_553 0.000 185.740 3.000
A_554 0.000 185.740 6.000
T_555 -15.425 -90.974 9.000
T_556 -15.425 -90.974 9.000
S_557 -17.098 -90.060 11.000
C_558 0.000 322.480 8.000
Y_559 -7.426 -274.939 5.000
P_560 0.000 -195.996 2.000
P_561 0.000 -195.996 2.000
F_562 0.000 560.542 0.000
L_563 0.000 679.918 0.000
P_564 0.000 -195.996 4.000
F_565 0.000 560.542 4.000
Q_566 -7.878 -643.904 4.000
C_567 0.000 322.480 8.000
L_568 0.000 679.918 8.000
Q_569 -16.691 -643.904 7.000
G_570 0.000 -27.649 7.000
S_571 -13.255 -90.060 7.000
G_572 0.000 -27.649 3.000
P_573 0.000 -195.996 8.000
A_574 0.000 185.740 9.000
R_575 -29.616 -1015.709 13.000
E_576 -24.169 -605.239 13.000
D_577 -24.169 -475.402 13.000
L_578 0.000 679.918 11.000
F_579 0.000 560.542 11.000
K_580 -16.309 -818.649 10.000
N_581 -25.003 -507.047 14.000
K_582 -20.127 -818.649 16.000
D_583 -24.169 -475.402 13.000
H_584 -12.518 -583.484 13.000
F_585 0.000 560.542 10.000
Q_586 -19.866 -643.904 9.000
F_587 0.000 560.542 11.000
T_588 -17.098 -90.974 11.000
N_589 -16.691 -507.047 7.000
L_590 0.000 679.918 7.000
F_591 0.000 560.542 4.000
L_592 0.000 679.918 0.000
C_593 0.000 322.480 0.000
G_594 0.000 -27.649 0.000
L_595 0.000 679.918 3.000
L_596 0.000 679.918 6.000
S_597 -11.867 -90.060 6.000
K_598 -15.425 -818.649 9.000
A_599 0.000 185.740 13.000
K_600 -18.462 -818.649 13.000
Q_601 -21.132 -643.904 10.000
K_602 -16.309 -818.649 10.000
L_603 0.000 679.918 12.000
L_604 0.000 679.918 10.000
R_605 -19.414 -1015.709 7.000
H_606 -9.265 -583.484 7.000
L_607 0.000 679.918 7.000
V_608 0.000 613.196 2.000
P_609 0.000 -195.996 0.000
A_610 0.000 185.740 0.000
A_611 0.000 185.740 0.000
A_612 0.000 185.740 5.000
L_613 0.000 679.918 10.000
R_614 -29.616 -1015.709 13.000
R_615 -34.315 -1015.709 18.000
K_616 -22.271 -818.649 21.000
R_617 -32.645 -1015.709 16.000
K_618 -17.098 -818.649 11.000
A_619 0.000 185.740 9.000
L_620 0.000 679.918 4.000
W_621 -2.723 -203.500 3.000
A_622 0.000 185.740 3.000
H_623 -4.441 -583.484 3.000
L_624 0.000 679.918 5.000
F_625 0.000 560.542 8.000
S_626 -11.867 -90.060 6.000
S_627 -17.098 -90.060 11.000
L_628 0.000 679.918 11.000
R_629 -25.574 -1015.709 10.000
G_630 0.000 -27.649 7.000
Y_631 -11.154 -274.939 10.000
L_632 0.000 679.918 8.000
K_633 -14.420 -818.649 8.000
S_634 -11.867 -90.060 6.000
L_635 0.000 679.918 11.000
P_636 0.000 -195.996 8.000
R_637 -23.856 -1015.709 9.000
V_638 0.000 613.196 9.000
Q_639 -24.169 -643.904 13.000
V_640 0.000 613.196 11.000
E_641 -22.253 -605.239 11.000
S_642 -17.098 -90.060 11.000
F_643 0.000 560.542 15.000
N_644 -22.253 -507.047 11.000
Q_645 -23.258 -643.904 12.000
V_646 0.000 613.196 12.000
Q_647 -18.409 -643.904 8.000
A_648 0.000 185.740 4.000
M_649 0.000 401.769 7.000
P_650 0.000 -195.996 3.000
T_651 -4.441 -90.974 3.000
F_652 0.000 560.542 4.000
I_653 0.000 777.529 4.000
W_654 -0.000 -203.500 1.000
M_655 0.000 401.769 6.000
L_656 0.000 679.918 6.000
R_657 -11.867 -1015.709 5.000
C_658 0.000 322.480 7.000
I_659 0.000 777.529 11.000
Y_660 -10.601 -274.939 9.000
E_661 -24.169 -605.239 13.000
T_662 -20.127 -90.974 16.000
Q_663 -27.773 -643.904 18.000
S_664 -20.609 -90.060 17.000
Q_665 -25.003 -643.904 14.000
K_666 -16.309 -818.649 10.000
V_667 0.000 613.196 11.000
G_668 0.000 -27.649 7.000
Q_669 -7.878 -643.904 4.000
L_670 0.000 679.918 4.000
A_671 0.000 185.740 9.000
A_672 0.000 185.740 5.000
R_673 -11.867 -1015.709 5.000
G_674 0.000 -27.649 5.000
I_675 0.000 777.529 5.000
C_676 0.000 322.480 4.000
A_677 0.000 185.740 6.000
N_678 -14.591 -507.047 6.000
Y_679 -10.601 -274.939 9.000
L_680 0.000 679.918 9.000
K_681 -14.420 -818.649 8.000
L_682 0.000 679.918 8.000
T_683 -14.420 -90.974 8.000
Y_684 -10.601 -274.939 9.000
C_685 0.000 322.480 9.000
N_686 -14.591 -507.047 6.000
A_687 0.000 185.740 7.000
C_688 0.000 322.480 7.000
S_689 -13.255 -90.060 7.000
A_690 0.000 185.740 7.000
D_691 -21.132 -475.402 10.000
C_692 0.000 322.480 7.000
S_693 -13.255 -90.060 7.000
A_694 0.000 185.740 6.000
L_695 0.000 679.918 6.000
S_696 -4.441 -90.060 3.000
F_697 0.000 560.542 3.000
V_698 0.000 613.196 5.000
L_699 0.000 679.918 4.000
H_700 -6.160 -583.484 4.000
H_701 -6.160 -583.484 4.000
F_702 0.000 560.542 7.000
P_703 0.000 -195.996 10.000
K_704 -14.420 -818.649 8.000
R_705 -21.845 -1015.709 8.000
L_706 0.000 679.918 8.000
A_707 0.000 185.740 9.000
L_708 0.000 679.918 4.000
D_709 -18.409 -475.402 8.000
L_710 0.000 679.918 12.000
D_711 -26.485 -475.402 16.000
N_712 -26.485 -507.047 16.000
N_713 -26.485 -507.047 16.000
N_714 -26.485 -507.047 16.000
L_715 0.000 679.918 16.000
N_716 -25.003 -507.047 14.000
D_717 -21.132 -475.402 10.000
Y_718 -11.154 -274.939 10.000
G_719 0.000 -27.649 11.000
V_720 0.000 613.196 11.000
R_721 -23.856 -1015.709 9.000
E_722 -24.169 -605.239 13.000
L_723 0.000 679.918 13.000
Q_724 -18.409 -643.904 8.000
P_725 0.000 -195.996 4.000
C_726 0.000 322.480 7.000
F_727 0.000 560.542 8.000
S_728 -14.420 -90.060 8.000
R_729 -27.076 -1015.709 11.000
L_730 0.000 679.918 11.000
T_731 -14.420 -90.974 8.000
V_732 0.000 613.196 8.000
L_733 0.000 679.918 8.000
R_734 -21.845 -1015.709 8.000
L_735 0.000 679.918 8.000
S_736 -17.811 -90.060 12.000
V_737 0.000 613.196 11.000
N_738 -22.253 -507.047 11.000
Q_739 -22.253 -643.904 11.000
I_740 0.000 777.529 15.000
T_741 -17.098 -90.974 11.000
D_742 -16.691 -475.402 7.000
G_743 0.000 -27.649 7.000
G_744 0.000 -27.649 7.000
V_745 0.000 613.196 3.000
K_746 -4.441 -818.649 3.000
V_747 0.000 613.196 6.000
L_748 0.000 679.918 10.000
S_749 -17.098 -90.060 11.000
E_750 -22.253 -605.239 11.000
E_751 -25.003 -605.239 14.000
L_752 0.000 679.918 14.000
T_753 -17.811 -90.974 12.000
K_754 -17.098 -818.649 11.000
Y_755 -11.652 -274.939 11.000
K_756 -14.420 -818.649 8.000
I_757 0.000 777.529 8.000
V_758 0.000 613.196 8.000
T_759 -10.149 -90.974 5.000
Y_760 -7.426 -274.939 5.000
L_761 0.000 679.918 5.000
G_762 0.000 -27.649 4.000
L_763 0.000 679.918 6.000
Y_764 -11.154 -274.939 10.000
N_765 -25.003 -507.047 14.000
N_766 -25.003 -507.047 14.000
Q_767 -25.772 -643.904 15.000
I_768 0.000 777.529 15.000
T_769 -17.098 -90.974 11.000
D_770 -16.691 -475.402 7.000
V_771 0.000 613.196 7.000
G_772 0.000 -27.649 9.000
A_773 0.000 185.740 7.000
R_774 -19.414 -1015.709 7.000
Y_775 -11.154 -274.939 10.000
V_776 0.000 613.196 13.000
T_777 -14.420 -90.974 8.000
K_778 -11.867 -818.649 6.000
I_779 0.000 777.529 10.000
L_780 0.000 679.918 11.000
D_781 -18.409 -475.402 8.000
E_782 -22.253 -605.239 11.000
C_783 0.000 322.480 11.000
K_784 -13.255 -818.649 7.000
G_785 0.000 -27.649 6.000
L_786 0.000 679.918 8.000
T_787 -10.149 -90.974 5.000
H_788 -9.978 -583.484 8.000
L_789 0.000 679.918 8.000
K_790 -10.149 -818.649 5.000
L_791 0.000 679.918 6.000
G_792 0.000 -27.649 10.000
K_793 -16.309 -818.649 10.000
N_794 -21.132 -507.047 10.000
K_795 -18.462 -818.649 13.000
I_796 0.000 777.529 13.000
T_797 -18.462 -90.974 13.000
S_798 -16.309 -90.060 10.000
E_799 -21.132 -605.239 10.000
G_800 0.000 -27.649 10.000
G_801 0.000 -27.649 9.000
K_802 -10.149 -818.649 5.000
Y_803 -7.426 -274.939 5.000
L_804 0.000 679.918 5.000
A_805 0.000 185.740 2.000
L_806 0.000 679.918 0.000
A_807 0.000 185.740 3.000
V_808 0.000 613.196 7.000
K_809 -16.309 -818.649 10.000
N_810 -24.169 -507.047 13.000
S_811 -20.127 -90.060 16.000
K_812 -18.462 -818.649 13.000
S_813 -17.811 -90.060 12.000
I_814 0.000 777.529 13.000
S_815 -16.309 -90.060 10.000
E_816 -16.691 -605.239 7.000
V_817 0.000 613.196 7.000
G_818 0.000 -27.649 5.000
M_819 0.000 401.769 1.000
W_820 -3.990 -203.500 5.000
G_821 0.000 -27.649 9.000
N_822 -19.866 -507.047 9.000
Q_823 -18.409 -643.904 8.000
V_824 0.000 613.196 12.000
G_825 0.000 -27.649 12.000
D_826 -18.409 -475.402 8.000
E_827 -18.409 -605.239 8.000
G_828 0.000 -27.649 11.000
A_829 0.000 185.740 7.000
K_830 -4.441 -818.649 3.000
A_831 0.000 185.740 3.000
F_832 0.000 560.542 7.000
A_833 0.000 185.740 4.000
E_834 -7.878 -605.239 4.000
A_835 0.000 185.740 9.000
L_836 0.000 679.918 13.000
R_837 -27.076 -1015.709 11.000
N_838 -22.253 -507.047 11.000
H_839 -12.900 -583.484 14.000
P_840 0.000 -195.996 9.000
S_841 -14.420 -90.060 8.000
L_842 0.000 679.918 9.000
T_843 -15.425 -90.974 9.000
T_844 -15.425 -90.974 9.000
L_845 0.000 679.918 9.000
S_846 -11.867 -90.060 6.000
L_847 0.000 679.918 6.000
A_848 0.000 185.740 10.000
S_849 -13.255 -90.060 7.000
N_850 -16.691 -507.047 7.000
G_851 0.000 -27.649 10.000
I_852 0.000 777.529 10.000
S_853 -16.309 -90.060 10.000
T_854 -16.309 -90.974 10.000
E_855 -21.132 -605.239 10.000
G_856 0.000 -27.649 10.000
G_857 0.000 -27.649 10.000
K_858 -11.867 -818.649 6.000
S_859 -11.867 -90.060 6.000
L_860 0.000 679.918 11.000
A_861 0.000 185.740 8.000
R_862 -11.867 -1015.709 5.000
A_863 0.000 185.740 9.000
L_864 0.000 679.918 13.000
Q_865 -23.258 -643.904 12.000
Q_866 -25.772 -643.904 15.000
N_867 -27.773 -507.047 18.000
T_868 -19.059 -90.974 14.000
S_869 -19.059 -90.060 14.000
L_870 0.000 679.918 10.000
E_871 -16.691 -605.239 7.000
I_872 0.000 777.529 5.000
L_873 0.000 679.918 5.000
W_874 -3.436 -203.500 4.000
L_875 0.000 679.918 8.000
T_876 -17.811 -90.974 12.000
Q_877 -25.772 -643.904 15.000
N_878 -25.772 -507.047 15.000
E_879 -26.485 -605.239 16.000
L_880 0.000 679.918 16.000
N_881 -26.485 -507.047 16.000
D_882 -23.258 -475.402 12.000
E_883 -23.258 -605.239 12.000
V_884 0.000 613.196 12.000
A_885 0.000 185.740 11.000
E_886 -16.691 -605.239 7.000
S_887 -13.255 -90.060 7.000
L_888 0.000 679.918 11.000
A_889 0.000 185.740 7.000
E_890 -7.878 -605.239 4.000
M_891 0.000 401.769 7.000
L_892 0.000 679.918 7.000
K_893 -13.255 -818.649 7.000
V_894 0.000 613.196 11.000
N_895 -25.003 -507.047 14.000
Q_896 -22.253 -643.904 11.000
T_897 -19.059 -90.974 14.000
L_898 0.000 679.918 12.000
K_899 -14.420 -818.649 8.000
H_900 -8.431 -583.484 6.000
L_901 0.000 679.918 6.000
W_902 -2.723 -203.500 3.000
L_903 0.000 679.918 5.000
I_904 0.000 777.529 9.000
Q_905 -23.258 -643.904 12.000
N_906 -23.258 -507.047 12.000
Q_907 -25.772 -643.904 15.000
I_908 0.000 777.529 11.000
T_909 -16.309 -90.974 10.000
A_910 0.000 185.740 6.000
K_911 -15.425 -818.649 9.000
G_912 0.000 -27.649 6.000
T_913 -16.309 -90.974 10.000
A_914 0.000 185.740 7.000
Q_915 -16.691 -643.904 7.000
L_916 0.000 679.918 8.000
A_917 0.000 185.740 8.000
D_918 -7.878 -475.402 4.000
A_919 0.000 185.740 8.000
L_920 0.000 679.918 11.000
Q_921 -22.253 -643.904 11.000
S_922 -19.059 -90.060 14.000
N_923 -25.003 -507.047 14.000
T_924 -16.309 -90.974 10.000
G_925 0.000 -27.649 10.000
I_926 0.000 777.529 10.000
T_927 -13.255 -90.974 7.000
E_928 -16.691 -605.239 7.000
I_929 0.000 777.529 7.000
C_930 0.000 322.480 8.000
L_931 0.000 679.918 4.000
N_932 -18.409 -507.047 8.000
G_933 0.000 -27.649 8.000
N_934 -18.409 -507.047 8.000
L_935 0.000 679.918 7.000
I_936 0.000 777.529 7.000
K_937 -13.255 -818.649 7.000
P_938 0.000 -195.996 11.000
E_939 -22.253 -605.239 11.000
E_940 -22.253 -605.239 11.000
A_941 0.000 185.740 11.000
K_942 -15.425 -818.649 9.000
V_943 0.000 613.196 9.000
Y_944 -12.518 -274.939 13.000
E_945 -25.003 -605.239 14.000
D_946 -27.150 -475.402 17.000
E_947 -28.912 -605.239 20.000
K_948 -20.127 -818.649 16.000
R_949 -28.412 -1015.709 12.000
I_950 0.000 777.529 8.000
I_951 0.000 777.529 5.000
C_952 0.000 322.480 0.000
F_953 0.000 560.542 0.000
