M_1 0.000 401.769 0.000
A_2 0.000 185.740 0.000
A_3 0.000 185.740 0.000
P_4 0.000 -195.996 4.000
P_5 0.000 -195.996 4.000
Q_6 -19.866 -643.904 9.000
L_7 0.000 679.918 9.000
R_8 -23.856 -1015.709 9.000
A_9 0.000 185.740 5.000
L_10 0.000 679.918 5.000
L_11 0.000 679.918 0.000
V_12 0.000 613.196 0.000
V_13 0.000 613.196 4.000
V_14 0.000 613.196 4.000
N_15 -7.878 -507.047 4.000
A_16 0.000 185.740 4.000
L_17 0.000 679.918 9.000
L_18 0.000 679.918 8.000
R_19 -29.616 -1015.709 13.000
K_20 -21.060 -818.649 18.000
R_21 -35.785 -1015.709 20.000
R_22 -33.508 -1015.709 17.000
Y_23 -12.900 -274.939 14.000
H_24 -10.601 -583.484 9.000
A_25 0.000 185.740 4.000
A_26 0.000 185.740 2.000
L_27 0.000 679.918 0.000
A_28 0.000 185.740 0.000
V_29 0.000 613.196 3.000
L_30 0.000 679.918 3.000
K_31 -4.441 -818.649 3.000
G_32 0.000 -27.649 8.000
F_33 0.000 560.542 12.000
R_34 -23.856 -1015.709 9.000
N_35 -19.866 -507.047 9.000
G_36 0.000 -27.649 9.000
A_37 0.000 185.740 6.000
V_38 0.000 613.196 2.000
Y_39 -1.718 -274.939 2.000
G_40 0.000 -27.649 5.000
A_41 0.000 185.740 5.000
K_42 -14.420 -818.649 8.000
I_43 0.000 777.529 8.000
R_44 -21.845 -1015.709 8.000
A_45 0.000 185.740 7.000
P_46 0.000 -195.996 7.000
H_47 -1.718 -583.484 2.000
A_48 0.000 185.740 2.000
L_49 0.000 679.918 2.000
V_50 0.000 613.196 3.000
M_51 0.000 401.769 3.000
T_52 -4.441 -90.974 3.000
F_53 0.000 560.542 3.000
L_54 0.000 679.918 8.000
F_55 0.000 560.542 9.000
R_56 -23.856 -1015.709 9.000
N_57 -23.258 -507.047 12.000
G_58 0.000 -27.649 12.000
S_59 -17.098 -90.060 11.000
L_60 0.000 679.918 11.000
Q_61 -25.003 -643.904 14.000
E_62 -22.253 -605.239 11.000
K_63 -17.811 -818.649 12.000
L_64 0.000 679.918 8.000
W_65 -3.436 -203.500 4.000
A_66 0.000 185.740 1.000
I_67 0.000 777.529 5.000
L_68 0.000 679.918 4.000
Q_69 -16.691 -643.904 7.000
A_70 0.000 185.740 9.000
T_71 -15.425 -90.974 9.000
Y_72 -9.265 -274.939 7.000
I_73 0.000 777.529 10.000
H_74 -9.978 -583.484 8.000
S_75 -16.309 -90.060 10.000
W_76 -5.708 -203.500 10.000
N_77 -18.409 -507.047 8.000
L_78 0.000 679.918 10.000
A_79 0.000 185.740 9.000
R_80 -11.867 -1015.709 5.000
F_81 0.000 560.542 5.000
V_82 0.000 613.196 8.000
F_83 0.000 560.542 5.000
T_84 -14.420 -90.974 8.000
Y_85 -9.978 -274.939 8.000
K_86 -14.420 -818.649 8.000
G_87 0.000 -27.649 10.000
L_88 0.000 679.918 8.000
R_89 -11.867 -1015.709 5.000
A_90 0.000 185.740 9.000
L_91 0.000 679.918 12.000
Q_92 -19.866 -643.904 9.000
S_93 -15.425 -90.060 9.000
Y_94 -12.518 -274.939 13.000
I_95 0.000 777.529 9.000
Q_96 -19.866 -643.904 9.000
G_97 0.000 -27.649 10.000
K_98 -17.811 -818.649 12.000
T_99 -14.420 -90.974 8.000
Y_100 -9.978 -274.939 8.000
P_101 0.000 -195.996 7.000
A_102 0.000 185.740 4.000
H_103 -1.718 -583.484 2.000
A_104 0.000 185.740 2.000
F_105 0.000 560.542 2.000
L_106 0.000 679.918 0.000
A_107 0.000 185.740 0.000
A_108 0.000 185.740 0.000
F_109 0.000 560.542 0.000
L_110 0.000 679.918 0.000
G_111 0.000 -27.649 0.000
G_112 0.000 -27.649 0.000
I_113 0.000 777.529 0.000
L_114 0.000 679.918 0.000
V_115 0.000 613.196 0.000
F_116 0.000 560.542 4.000
G_117 0.000 -27.649 8.000
E_118 -23.258 -605.239 12.000
N_119 -26.485 -507.047 16.000
N_120 -26.485 -507.047 16.000
N_121 -26.485 -507.047 16.000
I_122 0.000 777.529 15.000
N_123 -25.772 -507.047 15.000
S_124 -17.098 -90.060 11.000
Q_125 -25.772 -643.904 15.000
I_126 0.000 777.529 11.000
N_127 -21.132 -507.047 10.000
M_128 0.000 401.769 6.000
Y_129 -8.431 -274.939 6.000
L_130 0.000 679.918 5.000
L_131 0.000 679.918 10.000
S_132 -14.420 -90.060 8.000
R_133 -21.845 -1015.709 8.000
V_134 0.000 613.196 8.000
L_135 0.000 679.918 5.000
F_136 0.000 560.542 0.000
A_137 0.000 185.740 3.000
L_138 0.000 679.918 8.000
S_139 -14.420 -90.060 8.000
R_140 -21.845 -1015.709 8.000
L_141 0.000 679.918 8.000
A_142 0.000 185.740 9.000
V_143 0.000 613.196 7.000
E_144 -16.691 -605.239 7.000
K_145 -15.425 -818.649 9.000
G_146 0.000 -27.649 9.000
Y_147 -7.426 -274.939 5.000
I_148 0.000 777.529 6.000
P_149 0.000 -195.996 6.000
E_150 -19.866 -605.239 9.000
P_151 0.000 -195.996 10.000
R_152 -30.711 -1015.709 14.000
W_153 -5.708 -203.500 10.000
D_154 -21.132 -475.402 10.000
P_155 0.000 -195.996 5.000
F_156 0.000 560.542 4.000
P_157 0.000 -195.996 0.000
L_158 0.000 679.918 3.000
L_159 0.000 679.918 3.000
T_160 -4.441 -90.974 3.000
A_161 0.000 185.740 3.000
V_162 0.000 613.196 4.000
V_163 0.000 613.196 1.000
W_164 -0.000 -203.500 1.000
G_165 0.000 -27.649 1.000
L_166 0.000 679.918 1.000
V_167 0.000 613.196 1.000
L_168 0.000 679.918 1.000
W_169 -0.000 -203.500 1.000
L_170 0.000 679.918 5.000
F_171 0.000 560.542 7.000
E_172 -18.409 -605.239 8.000
Y_173 -12.518 -274.939 13.000
H_174 -13.586 -583.484 16.000
R_175 -31.716 -1015.709 15.000
S_176 -18.462 -90.060 13.000
T_177 -19.613 -90.974 15.000
L_178 0.000 679.918 10.000
Q_179 -21.132 -643.904 10.000
P_180 0.000 -195.996 7.000
S_181 -17.098 -90.060 11.000
L_182 0.000 679.918 10.000
Q_183 -24.169 -643.904 13.000
S_184 -16.309 -90.060 10.000
S_185 -18.462 -90.060 13.000
M_186 0.000 401.769 11.000
T_187 -14.420 -90.974 8.000
Y_188 -9.265 -274.939 7.000
L_189 0.000 679.918 11.000
Y_190 -12.104 -274.939 12.000
E_191 -24.169 -605.239 13.000
D_192 -27.150 -475.402 17.000
S_193 -19.613 -90.060 15.000
N_194 -23.258 -507.047 12.000
V_195 0.000 613.196 10.000
W_196 -5.944 -203.500 11.000
H_197 -9.265 -583.484 7.000
D_198 -21.132 -475.402 10.000
I_199 0.000 777.529 13.000
S_200 -17.098 -90.060 11.000
D_201 -16.691 -475.402 7.000
F_202 0.000 560.542 7.000
L_203 0.000 679.918 6.000
V_204 0.000 613.196 6.000
Y_205 -10.601 -274.939 9.000
N_206 -23.258 -507.047 12.000
K_207 -20.609 -818.649 17.000
S_208 -19.613 -90.060 15.000
R_209 -30.711 -1015.709 14.000
P_210 0.000 -195.996 15.000
S_211 -17.811 -90.060 12.000
N_212 -16.691 -507.047 7.000
