M_1 0.000 401.769 4.000
N_2 -18.409 -507.047 8.000
L_3 0.000 679.918 8.000
D_4 -22.253 -475.402 11.000
G_5 0.000 -27.649 10.000
T_6 -16.309 -90.974 10.000
S_7 -11.867 -90.060 6.000
G_8 0.000 -27.649 6.000
G_9 0.000 -27.649 3.000
F_10 0.000 560.542 0.000
P_11 0.000 -195.996 4.000
A_12 0.000 185.740 8.000
E_13 -23.258 -605.239 12.000
E_14 -25.003 -605.239 14.000
D_15 -26.485 -475.402 16.000
H_16 -13.586 -583.484 16.000
H_17 -13.586 -583.484 16.000
N_18 -26.485 -507.047 16.000
E_19 -28.359 -605.239 19.000
E_20 -29.436 -605.239 21.000
R_21 -35.785 -1015.709 20.000
Q_22 -28.359 -643.904 19.000
T_23 -21.486 -90.974 19.000
K_24 -20.609 -818.649 17.000
N_25 -27.773 -507.047 18.000
K_26 -21.060 -818.649 18.000
R_27 -34.315 -1015.709 18.000
K_28 -20.609 -818.649 17.000
T_29 -20.127 -90.974 16.000
K_30 -20.127 -818.649 16.000
H_31 -13.255 -583.484 15.000
R_32 -31.716 -1015.709 15.000
H_33 -12.104 -583.484 12.000
K_34 -18.462 -818.649 13.000
F_35 0.000 560.542 12.000
S_36 -19.059 -90.060 14.000
E_37 -22.253 -605.239 11.000
E_38 -22.253 -605.239 11.000
L_39 0.000 679.918 12.000
L_40 0.000 679.918 12.000
Q_41 -18.409 -643.904 8.000
E_42 -22.253 -605.239 11.000
L_43 0.000 679.918 15.000
K_44 -17.098 -818.649 11.000
E_45 -16.691 -605.239 7.000
I_46 0.000 777.529 7.000
F_47 0.000 560.542 8.000
G_48 0.000 -27.649 8.000
E_49 -18.409 -605.239 8.000
N_50 -21.132 -507.047 10.000
C_51 0.000 322.480 10.000
Y_52 -11.154 -274.939 10.000
P_53 0.000 -195.996 8.000
D_54 -22.253 -475.402 11.000
Y_55 -12.104 -274.939 12.000
T_56 -20.609 -90.974 17.000
T_57 -20.127 -90.974 16.000
R_58 -33.508 -1015.709 17.000
K_59 -19.059 -818.649 14.000
T_60 -17.098 -90.974 11.000
L_61 0.000 679.918 6.000
A_62 0.000 185.740 6.000
I_63 0.000 777.529 3.000
K_64 -13.255 -818.649 7.000
F_65 0.000 560.542 7.000
D_66 -16.691 -475.402 7.000
C_67 0.000 322.480 4.000
P_68 0.000 -195.996 8.000
V_69 0.000 613.196 4.000
N_70 -7.878 -507.047 4.000
V_71 0.000 613.196 8.000
I_72 0.000 777.529 12.000
D_73 -19.866 -475.402 9.000
N_74 -19.866 -507.047 9.000
W_75 -6.358 -203.500 13.000
F_76 0.000 560.542 13.000
Q_77 -23.258 -643.904 12.000
N_78 -26.485 -507.047 16.000
K_79 -20.127 -818.649 16.000
R_80 -33.508 -1015.709 17.000
A_81 0.000 185.740 13.000
R_82 -25.574 -1015.709 10.000
L_83 0.000 679.918 5.000
P_84 0.000 -195.996 5.000
P_85 0.000 -195.996 4.000
A_86 0.000 185.740 9.000
E_87 -25.003 -605.239 14.000
R_88 -35.072 -1015.709 19.000
R_89 -35.072 -1015.709 19.000
R_90 -31.716 -1015.709 15.000
I_91 0.000 777.529 10.000
F_92 0.000 560.542 5.000
V_93 0.000 613.196 4.000
L_94 0.000 679.918 7.000
Q_95 -21.132 -643.904 10.000
K_96 -17.811 -818.649 12.000
K_97 -20.127 -818.649 16.000
H_98 -12.104 -583.484 12.000
D_99 -19.866 -475.402 9.000
F_100 0.000 560.542 6.000
P_101 0.000 -195.996 8.000
V_102 0.000 613.196 4.000
Q_103 -14.591 -643.904 6.000
A_104 0.000 185.740 9.000
H_105 -10.601 -583.484 9.000
S_106 -10.149 -90.060 5.000
F_107 0.000 560.542 8.000
L_108 0.000 679.918 6.000
S_109 -13.255 -90.060 7.000
C_110 0.000 322.480 11.000
Q_111 -25.003 -643.904 14.000
E_112 -25.772 -605.239 15.000
T_113 -19.613 -90.974 15.000
Q_114 -22.253 -643.904 11.000
A_115 0.000 185.740 7.000
A_116 0.000 185.740 6.000
A_117 0.000 185.740 6.000
H_118 -9.978 -583.484 8.000
N_119 -18.409 -507.047 8.000
Y_120 -11.652 -274.939 11.000
A_121 0.000 185.740 12.000
T_122 -17.811 -90.974 12.000
K_123 -18.462 -818.649 13.000
Q_124 -24.169 -643.904 13.000
S_125 -18.462 -90.060 13.000
L_126 0.000 679.918 10.000
S_127 -11.867 -90.060 6.000
G_128 0.000 -27.649 7.000
A_129 0.000 185.740 12.000
Q_130 -19.866 -643.904 9.000
R_131 -23.856 -1015.709 9.000
A_132 0.000 185.740 9.000
L_133 0.000 679.918 10.000
M_134 0.000 401.769 10.000
R_135 -25.574 -1015.709 10.000
R_136 -25.574 -1015.709 10.000
A_137 0.000 185.740 10.000
G_138 0.000 -27.649 8.000
C_139 0.000 322.480 5.000
S_140 -10.149 -90.060 5.000
H_141 -10.601 -583.484 9.000
L_142 0.000 679.918 12.000
E_143 -24.169 -605.239 13.000
K_144 -17.811 -818.649 12.000
Q_145 -23.258 -643.904 12.000
W_146 -5.155 -203.500 8.000
I_147 0.000 777.529 8.000
P_148 0.000 -195.996 8.000
S_149 -17.098 -90.060 11.000
Q_150 -22.253 -643.904 11.000
E_151 -22.253 -605.239 11.000
M_152 0.000 401.769 10.000
G_153 0.000 -27.649 10.000
Y_154 -8.431 -274.939 6.000
N_155 -14.591 -507.047 6.000
C_156 0.000 322.480 9.000
F_157 0.000 560.542 7.000
S_158 -13.255 -90.060 7.000
L_159 0.000 679.918 11.000
E_160 -25.772 -605.239 15.000
N_161 -26.485 -507.047 16.000
Q_162 -28.359 -643.904 19.000
E_163 -25.772 -605.239 15.000
T_164 -19.059 -90.974 14.000
P_165 0.000 -195.996 14.000
S_166 -19.059 -90.060 14.000
Q_167 -22.253 -643.904 11.000
Q_168 -22.253 -643.904 11.000
V_169 0.000 613.196 8.000
G_170 0.000 -27.649 8.000
P_171 0.000 -195.996 4.000
Q_172 -16.691 -643.904 7.000
C_173 0.000 322.480 9.000
S_174 -15.425 -90.060 9.000
Y_175 -10.601 -274.939 9.000
L_176 0.000 679.918 12.000
E_177 -19.866 -605.239 9.000
K_178 -13.255 -818.649 7.000
P_179 0.000 -195.996 7.000
G_180 0.000 -27.649 3.000
I_181 0.000 777.529 3.000
P_182 0.000 -195.996 7.000
S_183 -17.098 -90.060 11.000
Q_184 -22.253 -643.904 11.000
Q_185 -22.253 -643.904 11.000
V_186 0.000 613.196 11.000
G_187 0.000 -27.649 11.000
S_188 -13.255 -90.060 7.000
Q_189 -21.132 -643.904 10.000
C_190 0.000 322.480 12.000
S_191 -15.425 -90.060 9.000
Y_192 -10.601 -274.939 9.000
L_193 0.000 679.918 12.000
E_194 -19.866 -605.239 9.000
K_195 -13.255 -818.649 7.000
L_196 0.000 679.918 7.000
G_197 0.000 -27.649 3.000
I_198 0.000 777.529 3.000
P_199 0.000 -195.996 7.000
S_200 -17.098 -90.060 11.000
Q_201 -22.253 -643.904 11.000
Q_202 -22.253 -643.904 11.000
V_203 0.000 613.196 11.000
A_204 0.000 185.740 11.000
S_205 -16.309 -90.060 10.000
Q_206 -24.169 -643.904 13.000
S_207 -19.613 -90.060 15.000
S_208 -17.811 -90.060 12.000
Y_209 -9.978 -274.939 8.000
L_210 0.000 679.918 8.000
V_211 0.000 613.196 5.000
T_212 -11.867 -90.974 6.000
G_213 0.000 -27.649 10.000
T_214 -18.462 -90.974 13.000
E_215 -23.258 -605.239 12.000
K_216 -17.811 -818.649 12.000
H_217 -10.601 -583.484 9.000
P_218 0.000 -195.996 5.000
G_219 0.000 -27.649 2.000
C_220 0.000 322.480 0.000
A_221 0.000 185.740 0.000
M_222 0.000 401.769 2.000
G_223 0.000 -27.649 2.000
Y_224 -1.718 -274.939 2.000
G_225 0.000 -27.649 6.000
G_226 0.000 -27.649 9.000
D_227 -16.691 -475.402 7.000
T_228 -16.309 -90.974 10.000
G_229 0.000 -27.649 10.000
S_230 -14.420 -90.060 8.000
G_231 0.000 -27.649 8.000
H_232 -9.978 -583.484 8.000
S_233 -14.420 -90.060 8.000
G_234 0.000 -27.649 8.000
S_235 -14.420 -90.060 8.000
G_236 0.000 -27.649 8.000
H_237 -11.652 -583.484 11.000
S_238 -14.420 -90.060 8.000
T_239 -16.309 -90.974 10.000
A_240 0.000 185.740 10.000
Y_241 -9.265 -274.939 7.000
H_242 -6.160 -583.484 4.000
F_243 0.000 560.542 7.000
L_244 0.000 679.918 7.000
S_245 -15.425 -90.060 9.000
Y_246 -12.104 -274.939 12.000
N_247 -23.258 -507.047 12.000
S_248 -18.462 -90.060 13.000
A_249 0.000 185.740 11.000
E_250 -16.691 -605.239 7.000
C_251 0.000 322.480 6.000
L_252 0.000 679.918 6.000
H_253 -1.718 -583.484 2.000
P_254 0.000 -195.996 2.000
P_255 0.000 -195.996 5.000
P_256 0.000 -195.996 6.000
S_257 -11.867 -90.060 6.000
S_258 -11.867 -90.060 6.000
V_259 0.000 613.196 8.000
P_260 0.000 -195.996 5.000
Y_261 -6.160 -274.939 4.000
F_262 0.000 560.542 4.000
H_263 -9.978 -583.484 8.000
G_264 0.000 -27.649 11.000
E_265 -25.003 -605.239 14.000
R_266 -32.645 -1015.709 16.000
T_267 -21.486 -90.974 19.000
E_268 -27.773 -605.239 18.000
T_269 -20.609 -90.974 17.000
K_270 -20.609 -818.649 17.000
E_271 -27.150 -605.239 17.000
S_272 -20.127 -90.060 16.000
Q_273 -24.169 -643.904 13.000
H_274 -12.104 -583.484 12.000
A_275 0.000 185.740 9.000
S_276 -10.149 -90.060 5.000
P_277 0.000 -195.996 3.000
F_278 0.000 560.542 3.000
L_279 0.000 679.918 4.000
L_280 0.000 679.918 6.000
D_281 -14.591 -475.402 6.000
Y_282 -11.154 -274.939 10.000
A_283 0.000 185.740 10.000
Q_284 -14.591 -643.904 6.000
G_285 0.000 -27.649 6.000
A_286 0.000 185.740 6.000
Y_287 -1.718 -274.939 2.000
G_288 0.000 -27.649 5.000
V_289 0.000 613.196 8.000
K_290 -16.309 -818.649 10.000
K_291 -17.811 -818.649 12.000
D_292 -23.258 -475.402 12.000
H_293 -10.601 -583.484 9.000
C_294 0.000 322.480 6.000
L_295 0.000 679.918 5.000
C_296 0.000 322.480 3.000
S_297 -4.441 -90.060 3.000
F_298 0.000 560.542 3.000
C_299 0.000 322.480 6.000
L_300 0.000 679.918 3.000
S_301 -4.441 -90.060 3.000
L_302 0.000 679.918 3.000
L_303 0.000 679.918 7.000
G_304 0.000 -27.649 8.000
Q_305 -23.258 -643.904 12.000
Q_306 -26.485 -643.904 16.000
Q_307 -28.912 -643.904 20.000
Q_308 -28.912 -643.904 20.000
N_309 -27.150 -507.047 17.000
D_310 -27.150 -475.402 17.000
W_311 -6.713 -203.500 15.000
Q_312 -24.169 -643.904 13.000
Y_313 -10.601 -274.939 9.000
H_314 -12.104 -583.484 12.000
L_315 0.000 679.918 12.000
Q_316 -23.258 -643.904 12.000
Q_317 -25.003 -643.904 14.000
H_318 -14.188 -583.484 18.000
Q_319 -25.003 -643.904 14.000
Q_320 -25.003 -643.904 14.000
P_321 0.000 -195.996 16.000
Q_322 -25.003 -643.904 14.000
N_323 -21.132 -507.047 10.000
Y_324 -12.900 -274.939 14.000
L_325 0.000 679.918 10.000
E_326 -14.591 -605.239 6.000
G_327 0.000 -27.649 4.000
M_328 0.000 401.769 4.000
M_329 0.000 401.769 4.000
L_330 0.000 679.918 8.000
Q_331 -23.258 -643.904 12.000
E_332 -23.258 -605.239 12.000
Q_333 -23.258 -643.904 12.000
L_334 0.000 679.918 8.000
P_335 0.000 -195.996 8.000
M_336 0.000 401.769 7.000
D_337 -16.691 -475.402 7.000
S_338 -13.255 -90.060 7.000
G_339 0.000 -27.649 8.000
P_340 0.000 -195.996 8.000
W_341 -3.990 -203.500 5.000
D_342 -11.867 -475.402 5.000
L_343 0.000 679.918 8.000
G_344 0.000 -27.649 11.000
K_345 -14.420 -818.649 8.000
Q_346 -22.253 -643.904 11.000
W_347 -6.542 -203.500 14.000
S_348 -17.098 -90.060 11.000
S_349 -17.098 -90.060 11.000
A_350 0.000 185.740 13.000
Q_351 -25.003 -643.904 14.000
S_352 -17.098 -90.060 11.000
Q_353 -25.772 -643.904 15.000
L_354 0.000 679.918 14.000
Q_355 -25.772 -643.904 15.000
S_356 -17.098 -90.060 11.000
Q_357 -22.253 -643.904 11.000
L_358 0.000 679.918 11.000
P_359 0.000 -195.996 12.000
Q_360 -23.258 -643.904 12.000
N_361 -23.258 -507.047 12.000
N_362 -25.772 -507.047 15.000
G_363 0.000 -27.649 11.000
K_364 -13.255 -818.649 7.000
P_365 0.000 -195.996 3.000
L_366 0.000 679.918 6.000
C_367 0.000 322.480 7.000
S_368 -13.255 -90.060 7.000
Q_369 -22.253 -643.904 11.000
L_370 0.000 679.918 13.000
Q_371 -21.132 -643.904 10.000
H_372 -10.601 -583.484 9.000
M_373 0.000 401.769 9.000
S_374 -15.425 -90.060 9.000
L_375 0.000 679.918 7.000
Q_376 -16.691 -643.904 7.000
I_377 0.000 777.529 4.000
A_378 0.000 185.740 8.000
A_379 0.000 185.740 7.000
D_380 -16.691 -475.402 7.000
S_381 -13.255 -90.060 7.000
P_382 0.000 -195.996 7.000
L_383 0.000 679.918 3.000
L_384 0.000 679.918 0.000
P_385 0.000 -195.996 0.000
L_386 0.000 679.918 4.000
G_387 0.000 -27.649 8.000
Q_388 -18.409 -643.904 8.000
D_389 -23.258 -475.402 12.000
M_390 0.000 401.769 16.000
Q_391 -27.150 -643.904 17.000
E_392 -24.169 -605.239 13.000
R_393 -32.645 -1015.709 16.000
A_394 0.000 185.740 16.000
S_395 -20.127 -90.060 16.000
E_396 -22.253 -605.239 11.000
Q_397 -26.485 -643.904 16.000
P_398 0.000 -195.996 16.000
R_399 -32.645 -1015.709 16.000
T_400 -17.811 -90.974 12.000
Q_401 -26.485 -643.904 16.000
M_402 0.000 401.769 15.000
Q_403 -23.258 -643.904 12.000
Q_404 -18.409 -643.904 8.000
L_405 0.000 679.918 8.000
