M_1 0.000 401.769 4.000
A_2 0.000 185.740 4.000
Q_3 -16.691 -643.904 7.000
V_4 0.000 613.196 7.000
S_5 -17.098 -90.060 11.000
I_6 0.000 777.529 11.000
N_7 -25.772 -507.047 15.000
N_8 -25.003 -507.047 14.000
D_9 -27.150 -475.402 17.000
Y_10 -13.896 -274.939 17.000
S_11 -19.059 -90.060 14.000
E_12 -25.003 -605.239 14.000
W_13 -6.160 -203.500 12.000
D_14 -23.258 -475.402 12.000
L_15 0.000 679.918 11.000
S_16 -19.059 -90.060 14.000
T_17 -16.309 -90.974 10.000
D_18 -21.132 -475.402 10.000
A_19 0.000 185.740 11.000
G_20 0.000 -27.649 13.000
E_21 -19.866 -605.239 9.000
R_22 -30.711 -1015.709 14.000
A_23 0.000 185.740 14.000
R_24 -25.574 -1015.709 10.000
L_25 0.000 679.918 9.000
L_26 0.000 679.918 12.000
Q_27 -16.691 -643.904 7.000
S_28 -13.255 -90.060 7.000
P_29 0.000 -195.996 7.000
C_30 0.000 322.480 7.000
V_31 0.000 613.196 7.000
D_32 -16.691 -475.402 7.000
T_33 -13.255 -90.974 7.000
A_34 0.000 185.740 10.000
P_35 0.000 -195.996 9.000
K_36 -16.309 -818.649 10.000
S_37 -17.098 -90.060 11.000
E_38 -25.772 -605.239 15.000
W_39 -6.160 -203.500 12.000
E_40 -23.258 -605.239 12.000
A_41 0.000 185.740 8.000
S_42 -13.255 -90.060 7.000
P_43 0.000 -195.996 3.000
G_44 0.000 -27.649 3.000
G_45 0.000 -27.649 4.000
L_46 0.000 679.918 9.000
D_47 -19.866 -475.402 9.000
R_48 -28.412 -1015.709 12.000
G_49 0.000 -27.649 15.000
T_50 -19.059 -90.974 14.000
T_51 -17.811 -90.974 12.000
S_52 -17.811 -90.060 12.000
T_53 -15.425 -90.974 9.000
L_54 0.000 679.918 6.000
G_55 0.000 -27.649 3.000
A_56 0.000 185.740 0.000
I_57 0.000 777.529 0.000
F_58 0.000 560.542 0.000
I_59 0.000 777.529 0.000
V_60 0.000 613.196 4.000
V_61 0.000 613.196 4.000
N_62 -7.878 -507.047 4.000
A_63 0.000 185.740 4.000
C_64 0.000 322.480 4.000
L_65 0.000 679.918 0.000
G_66 0.000 -27.649 0.000
A_67 0.000 185.740 0.000
G_68 0.000 -27.649 0.000
L_69 0.000 679.918 4.000
L_70 0.000 679.918 4.000
N_71 -7.878 -507.047 4.000
F_72 0.000 560.542 4.000
P_73 0.000 -195.996 4.000
A_74 0.000 185.740 0.000
A_75 0.000 185.740 3.000
F_76 0.000 560.542 6.000
S_77 -11.867 -90.060 6.000
T_78 -11.867 -90.974 6.000
A_79 0.000 185.740 6.000
G_80 0.000 -27.649 3.000
G_81 0.000 -27.649 0.000
V_82 0.000 613.196 0.000
A_83 0.000 185.740 0.000
A_84 0.000 185.740 0.000
G_85 0.000 -27.649 0.000
I_86 0.000 777.529 0.000
A_87 0.000 185.740 4.000
L_88 0.000 679.918 4.000
Q_89 -7.878 -643.904 4.000
M_90 0.000 401.769 4.000
G_91 0.000 -27.649 4.000
M_92 0.000 401.769 0.000
L_93 0.000 679.918 0.000
V_94 0.000 613.196 0.000
F_95 0.000 560.542 0.000
I_96 0.000 777.529 3.000
I_97 0.000 777.529 3.000
S_98 -4.441 -90.060 3.000
G_99 0.000 -27.649 3.000
L_100 0.000 679.918 3.000
V_101 0.000 613.196 0.000
I_102 0.000 777.529 0.000
L_103 0.000 679.918 2.000
A_104 0.000 185.740 2.000
Y_105 -7.426 -274.939 5.000
C_106 0.000 322.480 9.000
S_107 -15.425 -90.060 9.000
Q_108 -21.132 -643.904 10.000
A_109 0.000 185.740 14.000
S_110 -19.613 -90.060 15.000
N_111 -26.485 -507.047 16.000
E_112 -28.359 -605.239 19.000
R_113 -34.315 -1015.709 18.000
T_114 -21.060 -90.974 18.000
Y_115 -14.188 -274.939 18.000
Q_116 -24.169 -643.904 13.000
E_117 -21.132 -605.239 10.000
V_118 0.000 613.196 9.000
V_119 0.000 613.196 5.000
W_120 -0.000 -203.500 1.000
A_121 0.000 185.740 1.000
V_122 0.000 613.196 1.000
C_123 0.000 322.480 3.000
G_124 0.000 -27.649 3.000
K_125 -11.867 -818.649 6.000
L_126 0.000 679.918 6.000
T_127 -11.867 -90.974 6.000
G_128 0.000 -27.649 3.000
V_129 0.000 613.196 3.000
L_130 0.000 679.918 4.000
C_131 0.000 322.480 4.000
E_132 -7.878 -605.239 4.000
V_133 0.000 613.196 4.000
A_134 0.000 185.740 4.000
I_135 0.000 777.529 0.000
A_136 0.000 185.740 2.000
V_137 0.000 613.196 5.000
Y_138 -7.426 -274.939 5.000
T_139 -10.149 -90.974 5.000
F_140 0.000 560.542 8.000
G_141 0.000 -27.649 6.000
T_142 -4.441 -90.974 3.000
C_143 0.000 322.480 3.000
I_144 0.000 777.529 3.000
A_145 0.000 185.740 0.000
F_146 0.000 560.542 0.000
L_147 0.000 679.918 0.000
I_148 0.000 777.529 0.000
I_149 0.000 777.529 0.000
I_150 0.000 777.529 4.000
G_151 0.000 -27.649 8.000
D_152 -23.258 -475.402 12.000
Q_153 -26.485 -643.904 16.000
Q_154 -28.359 -643.904 19.000
D_155 -25.772 -475.402 15.000
K_156 -17.098 -818.649 11.000
I_157 0.000 777.529 7.000
I_158 0.000 777.529 3.000
A_159 0.000 185.740 0.000
V_160 0.000 613.196 0.000
M_161 0.000 401.769 3.000
A_162 0.000 185.740 7.000
K_163 -13.255 -818.649 7.000
E_164 -22.253 -605.239 11.000
P_165 0.000 -195.996 11.000
E_166 -18.409 -605.239 8.000
G_167 0.000 -27.649 7.000
A_168 0.000 185.740 7.000
S_169 -4.441 -90.060 3.000
G_170 0.000 -27.649 4.000
P_171 0.000 -195.996 6.000
W_172 -4.441 -203.500 6.000
Y_173 -11.154 -274.939 10.000
T_174 -19.613 -90.974 15.000
D_175 -27.150 -475.402 17.000
R_176 -31.716 -1015.709 15.000
K_177 -19.613 -818.649 15.000
F_178 0.000 560.542 11.000
T_179 -15.425 -90.974 9.000
I_180 0.000 777.529 6.000
S_181 -15.425 -90.060 9.000
L_182 0.000 679.918 6.000
T_183 -11.867 -90.974 6.000
A_184 0.000 185.740 3.000
F_185 0.000 560.542 3.000
L_186 0.000 679.918 0.000
F_187 0.000 560.542 0.000
I_188 0.000 777.529 0.000
L_189 0.000 679.918 0.000
P_190 0.000 -195.996 3.000
L_191 0.000 679.918 3.000
S_192 -4.441 -90.060 3.000
I_193 0.000 777.529 8.000
P_194 0.000 -195.996 12.000
R_195 -23.856 -1015.709 9.000
E_196 -19.866 -605.239 9.000
I_197 0.000 777.529 9.000
G_198 0.000 -27.649 8.000
F_199 0.000 560.542 7.000
Q_200 -19.866 -643.904 9.000
K_201 -15.425 -818.649 9.000
Y_202 -12.104 -274.939 12.000
A_203 0.000 185.740 8.000
S_204 -10.149 -90.060 5.000
F_205 0.000 560.542 6.000
L_206 0.000 679.918 6.000
S_207 -4.441 -90.060 3.000
V_208 0.000 613.196 3.000
V_209 0.000 613.196 6.000
G_210 0.000 -27.649 4.000
T_211 -11.867 -90.974 6.000
W_212 -4.441 -203.500 6.000
Y_213 -10.601 -274.939 9.000
V_214 0.000 613.196 6.000
T_215 -10.149 -90.974 5.000
A_216 0.000 185.740 3.000
I_217 0.000 777.529 3.000
V_218 0.000 613.196 0.000
I_219 0.000 777.529 3.000
I_220 0.000 777.529 5.000
K_221 -10.149 -818.649 5.000
Y_222 -8.431 -274.939 6.000
I_223 0.000 777.529 6.000
W_224 -4.824 -203.500 7.000
P_225 0.000 -195.996 8.000
D_226 -23.258 -475.402 12.000
K_227 -17.098 -818.649 11.000
E_228 -25.003 -605.239 14.000
M_229 0.000 401.769 10.000
T_230 -13.255 -90.974 7.000
P_231 0.000 -195.996 7.000
G_232 0.000 -27.649 7.000
N_233 -7.878 -507.047 4.000
I_234 0.000 777.529 7.000
L_235 0.000 679.918 12.000
T_236 -14.420 -90.974 8.000
R_237 -21.845 -1015.709 8.000
P_238 0.000 -195.996 11.000
A_239 0.000 185.740 9.000
S_240 -7.878 -90.060 4.000
W_241 -3.436 -203.500 4.000
M_242 0.000 401.769 4.000
A_243 0.000 185.740 1.000
V_244 0.000 613.196 4.000
F_245 0.000 560.542 4.000
N_246 -7.878 -507.047 4.000
A_247 0.000 185.740 4.000
M_248 0.000 401.769 7.000
P_249 0.000 -195.996 3.000
T_250 -4.441 -90.974 3.000
I_251 0.000 777.529 3.000
C_252 0.000 322.480 3.000
F_253 0.000 560.542 0.000
G_254 0.000 -27.649 4.000
F_255 0.000 560.542 4.000
Q_256 -14.591 -643.904 6.000
C_257 0.000 322.480 6.000
H_258 -10.601 -583.484 9.000
V_259 0.000 613.196 8.000
S_260 -14.420 -90.060 8.000
S_261 -11.867 -90.060 6.000
V_262 0.000 613.196 6.000
P_263 0.000 -195.996 3.000
V_264 0.000 613.196 4.000
F_265 0.000 560.542 7.000
N_266 -16.691 -507.047 7.000
S_267 -17.098 -90.060 11.000
M_268 0.000 401.769 15.000
Q_269 -22.253 -643.904 11.000
Q_270 -23.258 -643.904 12.000
P_271 0.000 -195.996 12.000
E_272 -22.253 -605.239 11.000
V_273 0.000 613.196 10.000
K_274 -17.098 -818.649 11.000
T_275 -13.255 -90.974 7.000
W_276 -4.824 -203.500 7.000
G_277 0.000 -27.649 4.000
G_278 0.000 -27.649 1.000
V_279 0.000 613.196 3.000
V_280 0.000 613.196 3.000
T_281 -4.441 -90.974 3.000
A_282 0.000 185.740 3.000
A_283 0.000 185.740 3.000
M_284 0.000 401.769 0.000
V_285 0.000 613.196 0.000
I_286 0.000 777.529 0.000
A_287 0.000 185.740 0.000
L_288 0.000 679.918 0.000
A_289 0.000 185.740 2.000
V_290 0.000 613.196 2.000
Y_291 -1.718 -274.939 2.000
M_292 0.000 401.769 5.000
G_293 0.000 -27.649 5.000
T_294 -4.441 -90.974 3.000
G_295 0.000 -27.649 3.000
I_296 0.000 777.529 3.000
C_297 0.000 322.480 0.000
G_298 0.000 -27.649 0.000
F_299 0.000 560.542 3.000
L_300 0.000 679.918 3.000
T_301 -4.441 -90.974 3.000
F_302 0.000 560.542 3.000
G_303 0.000 -27.649 3.000
A_304 0.000 185.740 0.000
A_305 0.000 185.740 4.000
V_306 0.000 613.196 4.000
D_307 -18.409 -475.402 8.000
P_308 0.000 -195.996 8.000
D_309 -18.409 -475.402 8.000
V_310 0.000 613.196 4.000
L_311 0.000 679.918 7.000
L_312 0.000 679.918 5.000
S_313 -10.149 -90.060 5.000
Y_314 -9.978 -274.939 8.000
P_315 0.000 -195.996 12.000
S_316 -18.462 -90.060 13.000
E_317 -22.253 -605.239 11.000
D_318 -22.253 -475.402 11.000
M_319 0.000 401.769 8.000
A_320 0.000 185.740 4.000
V_321 0.000 613.196 0.000
A_322 0.000 185.740 0.000
V_323 0.000 613.196 5.000
A_324 0.000 185.740 5.000
R_325 -11.867 -1015.709 5.000
A_326 0.000 185.740 5.000
F_327 0.000 560.542 5.000
I_328 0.000 777.529 0.000
I_329 0.000 777.529 3.000
L_330 0.000 679.918 3.000
S_331 -4.441 -90.060 3.000
V_332 0.000 613.196 6.000
L_333 0.000 679.918 9.000
T_334 -14.420 -90.974 8.000
S_335 -14.420 -90.060 8.000
Y_336 -9.978 -274.939 8.000
P_337 0.000 -195.996 5.000
I_338 0.000 777.529 4.000
L_339 0.000 679.918 2.000
H_340 -1.718 -583.484 2.000
F_341 0.000 560.542 2.000
C_342 0.000 322.480 7.000
G_343 0.000 -27.649 5.000
R_344 -11.867 -1015.709 5.000
A_345 0.000 185.740 5.000
V_346 0.000 613.196 9.000
V_347 0.000 613.196 4.000
E_348 -7.878 -605.239 4.000
G_349 0.000 -27.649 5.000
L_350 0.000 679.918 5.000
W_351 -4.441 -203.500 6.000
L_352 0.000 679.918 8.000
R_353 -28.412 -1015.709 12.000
Y_354 -11.652 -274.939 11.000
Q_355 -22.253 -643.904 11.000
G_356 0.000 -27.649 6.000
V_357 0.000 613.196 4.000
P_358 0.000 -195.996 4.000
V_359 0.000 613.196 8.000
E_360 -23.258 -605.239 12.000
E_361 -23.258 -605.239 12.000
D_362 -23.258 -475.402 12.000
V_363 0.000 613.196 13.000
G_364 0.000 -27.649 13.000
R_365 -30.711 -1015.709 14.000
E_366 -28.359 -605.239 19.000
R_367 -38.285 -1015.709 24.000
R_368 -38.285 -1015.709 24.000
R_369 -35.785 -1015.709 20.000
R_370 -31.716 -1015.709 15.000
V_371 0.000 613.196 14.000
L_372 0.000 679.918 12.000
Q_373 -16.691 -643.904 7.000
T_374 -13.255 -90.974 7.000
L_375 0.000 679.918 8.000
V_376 0.000 613.196 4.000
W_377 -0.000 -203.500 1.000
F_378 0.000 560.542 1.000
L_379 0.000 679.918 4.000
L_380 0.000 679.918 3.000
T_381 -4.441 -90.974 3.000
L_382 0.000 679.918 3.000
L_383 0.000 679.918 3.000
L_384 0.000 679.918 0.000
A_385 0.000 185.740 0.000
L_386 0.000 679.918 0.000
F_387 0.000 560.542 0.000
I_388 0.000 777.529 4.000
P_389 0.000 -195.996 4.000
D_390 -7.878 -475.402 4.000
I_391 0.000 777.529 7.000
G_392 0.000 -27.649 7.000
K_393 -4.441 -818.649 3.000
V_394 0.000 613.196 6.000
I_395 0.000 777.529 6.000
S_396 -4.441 -90.060 3.000
V_397 0.000 613.196 3.000
I_398 0.000 777.529 3.000
G_399 0.000 -27.649 0.000
G_400 0.000 -27.649 0.000
L_401 0.000 679.918 0.000
A_402 0.000 185.740 0.000
A_403 0.000 185.740 0.000
C_404 0.000 322.480 0.000
F_405 0.000 560.542 0.000
I_406 0.000 777.529 0.000
F_407 0.000 560.542 0.000
V_408 0.000 613.196 0.000
F_409 0.000 560.542 0.000
P_410 0.000 -195.996 0.000
G_411 0.000 -27.649 0.000
L_412 0.000 679.918 0.000
C_413 0.000 322.480 0.000
L_414 0.000 679.918 4.000
I_415 0.000 777.529 4.000
Q_416 -16.691 -643.904 7.000
A_417 0.000 185.740 7.000
K_418 -16.309 -818.649 10.000
L_419 0.000 679.918 10.000
S_420 -16.309 -90.060 10.000
E_421 -22.253 -605.239 11.000
M_422 0.000 401.769 15.000
E_423 -23.258 -605.239 12.000
E_424 -22.253 -605.239 11.000
V_425 0.000 613.196 11.000
K_426 -13.255 -818.649 7.000
P_427 0.000 -195.996 6.000
A_428 0.000 185.740 7.000
S_429 -10.149 -90.060 5.000
W_430 -3.990 -203.500 5.000
W_431 -3.990 -203.500 5.000
V_432 0.000 613.196 2.000
L_433 0.000 679.918 4.000
V_434 0.000 613.196 5.000
S_435 -10.149 -90.060 5.000
Y_436 -7.426 -274.939 5.000
G_437 0.000 -27.649 5.000
V_438 0.000 613.196 2.000
L_439 0.000 679.918 0.000
L_440 0.000 679.918 3.000
V_441 0.000 613.196 3.000
T_442 -4.441 -90.974 3.000
L_443 0.000 679.918 3.000
G_444 0.000 -27.649 3.000
A_445 0.000 185.740 0.000
F_446 0.000 560.542 0.000
I_447 0.000 777.529 0.000
F_448 0.000 560.542 4.000
G_449 0.000 -27.649 7.000
Q_450 -21.132 -643.904 10.000
T_451 -16.309 -90.974 10.000
T_452 -19.059 -90.974 14.000
A_453 0.000 185.740 10.000
N_454 -16.691 -507.047 7.000
A_455 0.000 185.740 4.000
I_456 0.000 777.529 4.000
F_457 0.000 560.542 4.000
V_458 0.000 613.196 4.000
D_459 -7.878 -475.402 4.000
L_460 0.000 679.918 4.000
L_461 0.000 679.918 4.000
A_462 0.000 185.740 0.000
