M_1 0.000 401.769 8.000
S_2 -14.420 -90.060 8.000
R_3 -21.845 -1015.709 8.000
V_4 0.000 613.196 11.000
V_5 0.000 613.196 8.000
S_6 -4.441 -90.060 3.000
L_7 0.000 679.918 3.000
L_8 0.000 679.918 3.000
L_9 0.000 679.918 0.000
G_10 0.000 -27.649 0.000
A_11 0.000 185.740 0.000
A_12 0.000 185.740 0.000
L_13 0.000 679.918 0.000
L_14 0.000 679.918 0.000
C_15 0.000 322.480 2.000
G_16 0.000 -27.649 2.000
H_17 -1.718 -583.484 2.000
G_18 0.000 -27.649 2.000
A_19 0.000 185.740 2.000
F_20 0.000 560.542 5.000
C_21 0.000 322.480 10.000
R_22 -25.574 -1015.709 10.000
R_23 -25.574 -1015.709 10.000
V_24 0.000 613.196 13.000
V_25 0.000 613.196 8.000
S_26 -13.255 -90.060 7.000
G_27 0.000 -27.649 10.000
Q_28 -21.132 -643.904 10.000
K_29 -13.255 -818.649 7.000
V_30 0.000 613.196 7.000
C_31 0.000 322.480 3.000
F_32 0.000 560.542 4.000
A_33 0.000 185.740 4.000
D_34 -16.691 -475.402 7.000
F_35 0.000 560.542 9.000
K_36 -15.425 -818.649 9.000
H_37 -7.426 -583.484 5.000
P_38 0.000 -195.996 7.000
C_39 0.000 322.480 7.000
Y_40 -7.426 -274.939 5.000
K_41 -10.149 -818.649 5.000
M_42 0.000 401.769 7.000
A_43 0.000 185.740 5.000
Y_44 -6.160 -274.939 4.000
F_45 0.000 560.542 8.000
H_46 -9.978 -583.484 8.000
E_47 -19.866 -605.239 9.000
L_48 0.000 679.918 12.000
S_49 -19.613 -90.060 15.000
S_50 -17.098 -90.060 11.000
R_51 -30.711 -1015.709 14.000
V_52 0.000 613.196 11.000
S_53 -17.811 -90.060 12.000
F_54 0.000 560.542 11.000
Q_55 -22.253 -643.904 11.000
E_56 -24.169 -605.239 13.000
A_57 0.000 185.740 13.000
R_58 -23.856 -1015.709 9.000
L_59 0.000 679.918 5.000
A_60 0.000 185.740 9.000
C_61 0.000 322.480 7.000
E_62 -22.253 -605.239 11.000
S_63 -17.098 -90.060 11.000
E_64 -22.253 -605.239 11.000
G_65 0.000 -27.649 7.000
G_66 0.000 -27.649 4.000
V_67 0.000 613.196 0.000
L_68 0.000 679.918 3.000
L_69 0.000 679.918 3.000
S_70 -13.255 -90.060 7.000
L_71 0.000 679.918 11.000
E_72 -25.772 -605.239 15.000
N_73 -23.258 -507.047 12.000
E_74 -26.485 -605.239 16.000
A_75 0.000 185.740 16.000
E_76 -25.772 -605.239 15.000
Q_77 -22.253 -643.904 11.000
K_78 -17.098 -818.649 11.000
L_79 0.000 679.918 11.000
I_80 0.000 777.529 10.000
E_81 -16.691 -605.239 7.000
S_82 -13.255 -90.060 7.000
M_83 0.000 401.769 11.000
L_84 0.000 679.918 11.000
Q_85 -18.409 -643.904 8.000
N_86 -22.253 -507.047 11.000
L_87 0.000 679.918 14.000
T_88 -16.309 -90.974 10.000
K_89 -11.867 -818.649 6.000
P_90 0.000 -195.996 9.000
G_91 0.000 -27.649 6.000
T_92 -4.441 -90.974 3.000
G_93 0.000 -27.649 6.000
I_94 0.000 777.529 10.000
S_95 -13.255 -90.060 7.000
D_96 -22.253 -475.402 11.000
G_97 0.000 -27.649 11.000
D_98 -19.866 -475.402 9.000
F_99 0.000 560.542 5.000
W_100 -3.990 -203.500 5.000
I_101 0.000 777.529 1.000
G_102 0.000 -27.649 2.000
L_103 0.000 679.918 6.000
W_104 -5.708 -203.500 10.000
R_105 -25.574 -1015.709 10.000
N_106 -25.003 -507.047 14.000
G_107 0.000 -27.649 13.000
D_108 -23.258 -475.402 12.000
G_109 0.000 -27.649 11.000
Q_110 -25.003 -643.904 14.000
T_111 -16.309 -90.974 10.000
S_112 -16.309 -90.060 10.000
G_113 0.000 -27.649 6.000
A_114 0.000 185.740 3.000
C_115 0.000 322.480 4.000
P_116 0.000 -195.996 4.000
D_117 -14.591 -475.402 6.000
L_118 0.000 679.918 10.000
Y_119 -11.652 -274.939 11.000
Q_120 -21.132 -643.904 10.000
W_121 -6.542 -203.500 14.000
S_122 -17.811 -90.060 12.000
D_123 -22.253 -475.402 11.000
G_124 0.000 -27.649 14.000
S_125 -19.059 -90.060 14.000
N_126 -25.003 -507.047 14.000
S_127 -20.127 -90.060 16.000
Q_128 -27.773 -643.904 18.000
Y_129 -14.188 -274.939 18.000
R_130 -32.645 -1015.709 16.000
N_131 -25.003 -507.047 14.000
W_132 -6.713 -203.500 15.000
Y_133 -12.900 -274.939 14.000
T_134 -19.059 -90.974 14.000
D_135 -24.169 -475.402 13.000
E_136 -25.003 -605.239 14.000
P_137 0.000 -195.996 11.000
S_138 -13.255 -90.060 7.000
C_139 0.000 322.480 6.000
G_140 0.000 -27.649 10.000
S_141 -16.309 -90.060 10.000
E_142 -21.132 -605.239 10.000
K_143 -16.309 -818.649 10.000
C_144 0.000 322.480 7.000
V_145 0.000 613.196 3.000
V_146 0.000 613.196 2.000
M_147 0.000 401.769 4.000
Y_148 -9.978 -274.939 8.000
H_149 -9.978 -583.484 8.000
Q_150 -22.253 -643.904 11.000
P_151 0.000 -195.996 9.000
T_152 -17.098 -90.974 11.000
A_153 0.000 185.740 7.000
N_154 -16.691 -507.047 7.000
P_155 0.000 -195.996 4.000
G_156 0.000 -27.649 4.000
L_157 0.000 679.918 0.000
G_158 0.000 -27.649 0.000
G_159 0.000 -27.649 2.000
P_160 0.000 -195.996 2.000
Y_161 -6.160 -274.939 4.000
L_162 0.000 679.918 8.000
Y_163 -10.601 -274.939 9.000
Q_164 -22.253 -643.904 11.000
W_165 -6.713 -203.500 15.000
N_166 -27.150 -507.047 17.000
D_167 -27.773 -475.402 18.000
D_168 -27.150 -475.402 17.000
R_169 -33.508 -1015.709 17.000
C_170 0.000 322.480 13.000
N_171 -23.258 -507.047 12.000
M_172 0.000 401.769 9.000
K_173 -18.462 -818.649 13.000
H_174 -11.652 -583.484 11.000
N_175 -22.253 -507.047 11.000
Y_176 -9.978 -274.939 8.000
I_177 0.000 777.529 9.000
C_178 0.000 322.480 7.000
K_179 -15.425 -818.649 9.000
Y_180 -10.601 -274.939 9.000
E_181 -24.169 -605.239 13.000
P_182 0.000 -195.996 10.000
E_183 -23.258 -605.239 12.000
I_184 0.000 777.529 8.000
N_185 -22.253 -507.047 11.000
P_186 0.000 -195.996 7.000
T_187 -13.255 -90.974 7.000
A_188 0.000 185.740 3.000
P_189 0.000 -195.996 7.000
V_190 0.000 613.196 7.000
E_191 -16.691 -605.239 7.000
K_192 -15.425 -818.649 9.000
P_193 0.000 -195.996 9.000
Y_194 -9.978 -274.939 8.000
L_195 0.000 679.918 9.000
T_196 -18.462 -90.974 13.000
N_197 -22.253 -507.047 11.000
Q_198 -22.253 -643.904 11.000
P_199 0.000 -195.996 12.000
G_200 0.000 -27.649 11.000
D_201 -19.866 -475.402 9.000
T_202 -18.462 -90.974 13.000
H_203 -13.896 -583.484 17.000
Q_204 -24.169 -643.904 13.000
N_205 -21.132 -507.047 10.000
V_206 0.000 613.196 8.000
V_207 0.000 613.196 7.000
V_208 0.000 613.196 7.000
T_209 -13.255 -90.974 7.000
E_210 -16.691 -605.239 7.000
A_211 0.000 185.740 7.000
G_212 0.000 -27.649 4.000
I_213 0.000 777.529 0.000
I_214 0.000 777.529 4.000
P_215 0.000 -195.996 4.000
N_216 -7.878 -507.047 4.000
L_217 0.000 679.918 6.000
I_218 0.000 777.529 6.000
Y_219 -1.718 -274.939 2.000
V_220 0.000 613.196 2.000
V_221 0.000 613.196 2.000
I_222 0.000 777.529 3.000
P_223 0.000 -195.996 3.000
T_224 -4.441 -90.974 3.000
I_225 0.000 777.529 3.000
P_226 0.000 -195.996 3.000
L_227 0.000 679.918 0.000
L_228 0.000 679.918 0.000
L_229 0.000 679.918 0.000
L_230 0.000 679.918 0.000
I_231 0.000 777.529 0.000
L_232 0.000 679.918 0.000
V_233 0.000 613.196 0.000
A_234 0.000 185.740 0.000
F_235 0.000 560.542 3.000
G_236 0.000 -27.649 3.000
T_237 -4.441 -90.974 3.000
C_238 0.000 322.480 3.000
C_239 0.000 322.480 7.000
F_240 0.000 560.542 4.000
Q_241 -7.878 -643.904 4.000
M_242 0.000 401.769 6.000
L_243 0.000 679.918 9.000
H_244 -9.978 -583.484 8.000
K_245 -17.098 -818.649 11.000
S_246 -17.098 -90.060 11.000
K_247 -19.059 -818.649 14.000
G_248 0.000 -27.649 14.000
R_249 -30.711 -1015.709 14.000
T_250 -19.059 -90.974 14.000
K_251 -20.609 -818.649 17.000
T_252 -17.811 -90.974 12.000
S_253 -18.462 -90.060 13.000
P_254 0.000 -195.996 14.000
N_255 -25.003 -507.047 14.000
Q_256 -25.003 -643.904 14.000
S_257 -19.059 -90.060 14.000
T_258 -17.098 -90.974 11.000
L_259 0.000 679.918 7.000
W_260 -4.824 -203.500 7.000
I_261 0.000 777.529 7.000
S_262 -16.309 -90.060 10.000
K_263 -17.811 -818.649 12.000
S_264 -20.609 -90.060 17.000
T_265 -20.609 -90.974 17.000
R_266 -34.315 -1015.709 18.000
K_267 -21.060 -818.649 18.000
E_268 -25.772 -605.239 15.000
S_269 -16.309 -90.060 10.000
G_270 0.000 -27.649 11.000
M_271 0.000 401.769 7.000
E_272 -7.878 -605.239 4.000
V_273 0.000 613.196 4.000
