M_1 0.000 401.769 3.000
T_2 -4.441 -90.974 3.000
I_3 0.000 777.529 3.000
L_4 0.000 679.918 3.000
F_5 0.000 560.542 3.000
L_6 0.000 679.918 3.000
T_7 -4.441 -90.974 3.000
M_8 0.000 401.769 3.000
V_9 0.000 613.196 6.000
I_10 0.000 777.529 5.000
S_11 -10.149 -90.060 5.000
Y_12 -7.426 -274.939 5.000
F_13 0.000 560.542 5.000
G_14 0.000 -27.649 2.000
C_15 0.000 322.480 3.000
M_16 0.000 401.769 3.000
K_17 -4.441 -818.649 3.000
A_18 0.000 185.740 3.000
A_19 0.000 185.740 3.000
P_20 0.000 -195.996 3.000
M_21 0.000 401.769 7.000
K_22 -13.255 -818.649 7.000
E_23 -22.253 -605.239 11.000
A_24 0.000 185.740 11.000
N_25 -24.169 -507.047 13.000
I_26 0.000 777.529 9.000
R_27 -29.616 -1015.709 13.000
G_28 0.000 -27.649 9.000
Q_29 -19.866 -643.904 9.000
G_30 0.000 -27.649 4.000
G_31 0.000 -27.649 4.000
L_32 0.000 679.918 2.000
A_33 0.000 185.740 2.000
Y_34 -1.718 -274.939 2.000
P_35 0.000 -195.996 2.000
G_36 0.000 -27.649 7.000
V_37 0.000 613.196 8.000
R_38 -25.574 -1015.709 10.000
T_39 -16.309 -90.974 10.000
H_40 -12.518 -583.484 13.000
G_41 0.000 -27.649 8.000
T_42 -15.425 -90.974 9.000
L_43 0.000 679.918 10.000
E_44 -21.132 -605.239 10.000
S_45 -17.098 -90.060 11.000
V_46 0.000 613.196 11.000
N_47 -16.691 -507.047 7.000
G_48 0.000 -27.649 7.000
P_49 0.000 -195.996 7.000
K_50 -4.441 -818.649 3.000
A_51 0.000 185.740 6.000
G_52 0.000 -27.649 11.000
S_53 -14.420 -90.060 8.000
R_54 -21.845 -1015.709 8.000
G_55 0.000 -27.649 11.000
L_56 0.000 679.918 11.000
T_57 -11.867 -90.974 6.000
S_58 -11.867 -90.060 6.000
L_59 0.000 679.918 10.000
A_60 0.000 185.740 10.000
D_61 -16.691 -475.402 7.000
T_62 -17.098 -90.974 11.000
F_63 0.000 560.542 13.000
E_64 -19.866 -605.239 9.000
H_65 -8.431 -583.484 6.000
V_66 0.000 613.196 10.000
I_67 0.000 777.529 10.000
E_68 -18.409 -605.239 8.000
E_69 -18.409 -605.239 8.000
L_70 0.000 679.918 12.000
L_71 0.000 679.918 12.000
D_72 -23.258 -475.402 12.000
E_73 -26.485 -605.239 16.000
D_74 -28.359 -475.402 19.000
Q_75 -25.772 -643.904 15.000
K_76 -20.127 -818.649 16.000
V_77 0.000 613.196 12.000
R_78 -28.412 -1015.709 12.000
P_79 0.000 -195.996 13.000
N_80 -27.150 -507.047 17.000
E_81 -26.485 -605.239 16.000
E_82 -28.912 -605.239 20.000
N_83 -28.359 -507.047 19.000
N_84 -28.359 -507.047 19.000
K_85 -19.613 -818.649 15.000
D_86 -25.772 -475.402 15.000
A_87 0.000 185.740 11.000
D_88 -21.132 -475.402 10.000
L_89 0.000 679.918 9.000
Y_90 -12.104 -274.939 12.000
T_91 -18.462 -90.974 13.000
S_92 -18.462 -90.060 13.000
R_93 -27.076 -1015.709 11.000
V_94 0.000 613.196 8.000
M_95 0.000 401.769 8.000
L_96 0.000 679.918 6.000
S_97 -16.309 -90.060 10.000
S_98 -16.309 -90.060 10.000
Q_99 -21.132 -643.904 10.000
V_100 0.000 613.196 7.000
P_101 0.000 -195.996 8.000
L_102 0.000 679.918 4.000
E_103 -7.878 -605.239 4.000
P_104 0.000 -195.996 4.000
P_105 0.000 -195.996 4.000
L_106 0.000 679.918 0.000
L_107 0.000 679.918 0.000
F_108 0.000 560.542 0.000
L_109 0.000 679.918 4.000
L_110 0.000 679.918 8.000
E_111 -21.132 -605.239 10.000
E_112 -24.169 -605.239 13.000
Y_113 -13.896 -274.939 17.000
K_114 -19.613 -818.649 15.000
N_115 -22.253 -507.047 11.000
Y_116 -12.518 -274.939 13.000
L_117 0.000 679.918 10.000
D_118 -14.591 -475.402 6.000
A_119 0.000 185.740 8.000
A_120 0.000 185.740 8.000
N_121 -16.691 -507.047 7.000
M_122 0.000 401.769 7.000
S_123 -17.811 -90.060 12.000
M_124 0.000 401.769 8.000
R_125 -29.616 -1015.709 13.000
V_126 0.000 613.196 15.000
R_127 -33.508 -1015.709 17.000
R_128 -31.716 -1015.709 15.000
H_129 -14.463 -583.484 19.000
S_130 -19.059 -90.060 14.000
D_131 -19.866 -475.402 9.000
P_132 0.000 -195.996 12.000
A_133 0.000 185.740 14.000
R_134 -25.574 -1015.709 10.000
R_135 -30.711 -1015.709 14.000
G_136 0.000 -27.649 14.000
E_137 -23.258 -605.239 12.000
L_138 0.000 679.918 7.000
S_139 -13.255 -90.060 7.000
V_140 0.000 613.196 7.000
C_141 0.000 322.480 10.000
D_142 -16.691 -475.402 7.000
S_143 -16.309 -90.060 10.000
I_144 0.000 777.529 14.000
S_145 -17.098 -90.060 11.000
E_146 -18.409 -605.239 8.000
W_147 -5.944 -203.500 11.000
V_148 0.000 613.196 8.000
T_149 -7.878 -90.974 4.000
A_150 0.000 185.740 7.000
A_151 0.000 185.740 10.000
D_152 -21.132 -475.402 10.000
K_153 -18.462 -818.649 13.000
K_154 -18.462 -818.649 13.000
T_155 -15.425 -90.974 9.000
A_156 0.000 185.740 10.000
V_157 0.000 613.196 7.000
D_158 -16.691 -475.402 7.000
M_159 0.000 401.769 7.000
S_160 -13.255 -90.060 7.000
G_161 0.000 -27.649 6.000
G_162 0.000 -27.649 6.000
T_163 -11.867 -90.974 6.000
V_164 0.000 613.196 6.000
T_165 -11.867 -90.974 6.000
V_166 0.000 613.196 7.000
L_167 0.000 679.918 10.000
E_168 -16.691 -605.239 7.000
K_169 -13.255 -818.649 7.000
V_170 0.000 613.196 7.000
P_171 0.000 -195.996 6.000
V_172 0.000 613.196 6.000
S_173 -11.867 -90.060 6.000
K_174 -16.309 -818.649 10.000
G_175 0.000 -27.649 10.000
Q_176 -21.132 -643.904 10.000
L_177 0.000 679.918 11.000
K_178 -18.462 -818.649 13.000
Q_179 -19.866 -643.904 9.000
Y_180 -11.652 -274.939 11.000
F_181 0.000 560.542 12.000
Y_182 -11.652 -274.939 11.000
E_183 -23.258 -605.239 12.000
T_184 -17.811 -90.974 12.000
K_185 -19.059 -818.649 14.000
C_186 0.000 322.480 10.000
N_187 -16.691 -507.047 7.000
P_188 0.000 -195.996 4.000
M_189 0.000 401.769 6.000
G_190 0.000 -27.649 5.000
Y_191 -9.978 -274.939 8.000
T_192 -17.811 -90.974 12.000
K_193 -17.811 -818.649 12.000
E_194 -21.132 -605.239 10.000
G_195 0.000 -27.649 12.000
C_196 0.000 322.480 9.000
R_197 -11.867 -1015.709 5.000
G_198 0.000 -27.649 9.000
I_199 0.000 777.529 12.000
D_200 -23.258 -475.402 12.000
K_201 -19.059 -818.649 14.000
R_202 -31.716 -1015.709 15.000
H_203 -13.255 -583.484 15.000
W_204 -6.713 -203.500 15.000
N_205 -25.003 -507.047 14.000
S_206 -17.811 -90.060 12.000
Q_207 -26.485 -643.904 16.000
C_208 0.000 322.480 15.000
R_209 -31.716 -1015.709 15.000
T_210 -19.613 -90.974 15.000
T_211 -21.060 -90.974 18.000
Q_212 -25.772 -643.904 15.000
S_213 -17.811 -90.060 12.000
Y_214 -12.900 -274.939 14.000
V_215 0.000 613.196 10.000
R_216 -19.414 -1015.709 7.000
A_217 0.000 185.740 8.000
L_218 0.000 679.918 8.000
T_219 -13.255 -90.974 7.000
M_220 0.000 401.769 10.000
D_221 -24.169 -475.402 13.000
S_222 -18.462 -90.060 13.000
K_223 -21.060 -818.649 18.000
K_224 -19.059 -818.649 14.000
R_225 -27.076 -1015.709 11.000
I_226 0.000 777.529 9.000
G_227 0.000 -27.649 11.000
W_228 -4.441 -203.500 6.000
R_229 -16.309 -1015.709 6.000
F_230 0.000 560.542 11.000
I_231 0.000 777.529 10.000
R_232 -23.856 -1015.709 9.000
I_233 0.000 777.529 12.000
D_234 -25.772 -475.402 15.000
T_235 -16.309 -90.974 10.000
S_236 -16.309 -90.060 10.000
C_237 0.000 322.480 6.000
V_238 0.000 613.196 6.000
C_239 0.000 322.480 3.000
T_240 -11.867 -90.974 6.000
L_241 0.000 679.918 6.000
T_242 -15.425 -90.974 9.000
I_243 0.000 777.529 11.000
K_244 -17.098 -818.649 11.000
R_245 -29.616 -1015.709 13.000
G_246 0.000 -27.649 13.000
R_247 -25.574 -1015.709 10.000
