M_1 0.000 401.769 3.000
A_2 0.000 185.740 7.000
S_3 -17.098 -90.060 11.000
E_4 -22.253 -605.239 11.000
E_5 -22.253 -605.239 11.000
L_6 0.000 679.918 8.000
A_7 0.000 185.740 7.000
C_8 0.000 322.480 3.000
K_9 -13.255 -818.649 7.000
L_10 0.000 679.918 12.000
E_11 -27.150 -605.239 17.000
R_12 -30.711 -1015.709 14.000
R_13 -35.072 -1015.709 19.000
L_14 0.000 679.918 20.000
R_15 -35.072 -1015.709 19.000
R_16 -34.315 -1015.709 18.000
E_17 -27.773 -605.239 18.000
E_18 -27.150 -605.239 17.000
A_19 0.000 185.740 16.000
E_20 -25.772 -605.239 15.000
E_21 -22.253 -605.239 11.000
S_22 -17.098 -90.060 11.000
G_23 0.000 -27.649 11.000
P_24 0.000 -195.996 7.000
Q_25 -7.878 -643.904 4.000
L_26 0.000 679.918 4.000
A_27 0.000 185.740 4.000
P_28 0.000 -195.996 0.000
L_29 0.000 679.918 0.000
G_30 0.000 -27.649 0.000
A_31 0.000 185.740 0.000
P_32 0.000 -195.996 0.000
A_33 0.000 185.740 4.000
P_34 0.000 -195.996 4.000
E_35 -16.691 -605.239 7.000
P_36 0.000 -195.996 7.000
K_37 -17.098 -818.649 11.000
P_38 0.000 -195.996 7.000
E_39 -22.253 -605.239 11.000
P_40 0.000 -195.996 8.000
E_41 -18.409 -605.239 8.000
P_42 0.000 -195.996 4.000
P_43 0.000 -195.996 9.000
A_44 0.000 185.740 5.000
R_45 -11.867 -1015.709 5.000
A_46 0.000 185.740 8.000
P_47 0.000 -195.996 8.000
T_48 -11.867 -90.974 6.000
A_49 0.000 185.740 6.000
S_50 -16.309 -90.060 10.000
A_51 0.000 185.740 7.000
D_52 -22.253 -475.402 11.000
A_53 0.000 185.740 8.000
E_54 -22.253 -605.239 11.000
L_55 0.000 679.918 7.000
S_56 -17.098 -90.060 11.000
A_57 0.000 185.740 7.000
Q_58 -21.132 -643.904 10.000
L_59 0.000 679.918 12.000
S_60 -20.609 -90.060 17.000
R_61 -29.616 -1015.709 13.000
R_62 -33.508 -1015.709 17.000
L_63 0.000 679.918 14.000
D_64 -24.169 -475.402 13.000
I_65 0.000 777.529 12.000
N_66 -23.258 -507.047 12.000
E_67 -18.409 -605.239 8.000
G_68 0.000 -27.649 8.000
A_69 0.000 185.740 9.000
A_70 0.000 185.740 5.000
R_71 -25.574 -1015.709 10.000
P_72 0.000 -195.996 15.000
R_73 -31.716 -1015.709 15.000
R_74 -31.716 -1015.709 15.000
C_75 0.000 322.480 15.000
R_76 -25.574 -1015.709 10.000
V_77 0.000 613.196 9.000
F_78 0.000 560.542 9.000
N_79 -14.591 -507.047 6.000
P_80 0.000 -195.996 9.000
Y_81 -12.518 -274.939 13.000
T_82 -15.425 -90.974 9.000
E_83 -19.866 -605.239 9.000
F_84 0.000 560.542 11.000
P_85 0.000 -195.996 8.000
E_86 -16.691 -605.239 7.000
F_87 0.000 560.542 12.000
S_88 -20.609 -90.060 17.000
R_89 -29.616 -1015.709 13.000
R_90 -29.616 -1015.709 13.000
L_91 0.000 679.918 13.000
I_92 0.000 777.529 12.000
K_93 -13.255 -818.649 7.000
D_94 -22.253 -475.402 11.000
L_95 0.000 679.918 14.000
E_96 -22.253 -605.239 11.000
S_97 -13.255 -90.060 7.000
M_98 0.000 401.769 10.000
F_99 0.000 560.542 6.000
K_100 -10.149 -818.649 5.000
L_101 0.000 679.918 9.000
Y_102 -10.601 -274.939 9.000
D_103 -14.591 -475.402 6.000
A_104 0.000 185.740 11.000
G_105 0.000 -27.649 13.000
R_106 -23.856 -1015.709 9.000
D_107 -19.866 -475.402 9.000
G_108 0.000 -27.649 9.000
F_109 0.000 560.542 8.000
I_110 0.000 777.529 4.000
D_111 -7.878 -475.402 4.000
L_112 0.000 679.918 8.000
M_113 0.000 401.769 8.000
E_114 -16.691 -605.239 7.000
L_115 0.000 679.918 7.000
K_116 -13.255 -818.649 7.000
L_117 0.000 679.918 3.000
M_118 0.000 401.769 7.000
M_119 0.000 401.769 7.000
E_120 -16.691 -605.239 7.000
K_121 -13.255 -818.649 7.000
L_122 0.000 679.918 7.000
G_123 0.000 -27.649 3.000
A_124 0.000 185.740 4.000
P_125 0.000 -195.996 7.000
Q_126 -19.866 -643.904 9.000
T_127 -15.425 -90.974 9.000
H_128 -10.601 -583.484 9.000
L_129 0.000 679.918 5.000
G_130 0.000 -27.649 5.000
L_131 0.000 679.918 6.000
K_132 -11.867 -818.649 6.000
S_133 -11.867 -90.060 6.000
M_134 0.000 401.769 9.000
I_135 0.000 777.529 10.000
K_136 -13.255 -818.649 7.000
E_137 -22.253 -605.239 11.000
V_138 0.000 613.196 15.000
D_139 -26.485 -475.402 16.000
E_140 -23.258 -605.239 12.000
D_141 -26.485 -475.402 16.000
F_142 0.000 560.542 12.000
D_143 -22.253 -475.402 11.000
G_144 0.000 -27.649 7.000
K_145 -16.309 -818.649 10.000
L_146 0.000 679.918 6.000
S_147 -17.098 -90.060 11.000
F_148 0.000 560.542 12.000
R_149 -28.412 -1015.709 12.000
E_150 -19.866 -605.239 9.000
F_151 0.000 560.542 9.000
L_152 0.000 679.918 4.000
L_153 0.000 679.918 0.000
I_154 0.000 777.529 2.000
F_155 0.000 560.542 5.000
H_156 -7.426 -583.484 5.000
K_157 -10.149 -818.649 5.000
A_158 0.000 185.740 5.000
A_159 0.000 185.740 3.000
A_160 0.000 185.740 4.000
G_161 0.000 -27.649 4.000
E_162 -18.409 -605.239 8.000
L_163 0.000 679.918 12.000
Q_164 -26.485 -643.904 16.000
E_165 -25.772 -605.239 15.000
D_166 -25.772 -475.402 15.000
S_167 -17.098 -90.060 11.000
G_168 0.000 -27.649 7.000
L_169 0.000 679.918 3.000
M_170 0.000 401.769 0.000
A_171 0.000 185.740 0.000
L_172 0.000 679.918 3.000
A_173 0.000 185.740 3.000
K_174 -11.867 -818.649 6.000
L_175 0.000 679.918 10.000
S_176 -16.309 -90.060 10.000
E_177 -22.253 -605.239 11.000
I_178 0.000 777.529 11.000
D_179 -18.409 -475.402 8.000
V_180 0.000 613.196 4.000
A_181 0.000 185.740 8.000
L_182 0.000 679.918 4.000
E_183 -7.878 -605.239 4.000
G_184 0.000 -27.649 7.000
V_185 0.000 613.196 7.000
K_186 -4.441 -818.649 3.000
G_187 0.000 -27.649 6.000
A_188 0.000 185.740 10.000
K_189 -13.255 -818.649 7.000
N_190 -16.691 -507.047 7.000
F_191 0.000 560.542 11.000
F_192 0.000 560.542 8.000
E_193 -16.691 -605.239 7.000
A_194 0.000 185.740 7.000
K_195 -17.098 -818.649 11.000
V_196 0.000 613.196 7.000
Q_197 -16.691 -643.904 7.000
A_198 0.000 185.740 7.000
L_199 0.000 679.918 10.000
S_200 -11.867 -90.060 6.000
S_201 -15.425 -90.060 9.000
A_202 0.000 185.740 12.000
S_203 -15.425 -90.060 9.000
K_204 -16.309 -818.649 10.000
F_205 0.000 560.542 10.000
E_206 -22.253 -605.239 11.000
A_207 0.000 185.740 8.000
E_208 -22.253 -605.239 11.000
L_209 0.000 679.918 7.000
K_210 -17.098 -818.649 11.000
A_211 0.000 185.740 11.000
E_212 -25.772 -605.239 15.000
Q_213 -26.485 -643.904 16.000
D_214 -29.436 -475.402 21.000
E_215 -28.912 -605.239 20.000
R_216 -36.459 -1015.709 21.000
K_217 -22.271 -818.649 21.000
R_218 -36.459 -1015.709 21.000
E_219 -28.912 -605.239 20.000
E_220 -29.436 -605.239 21.000
E_221 -29.436 -605.239 21.000
E_222 -29.934 -605.239 22.000
R_223 -34.315 -1015.709 18.000
R_224 -35.072 -1015.709 19.000
L_225 0.000 679.918 19.000
R_226 -30.711 -1015.709 14.000
Q_227 -19.866 -643.904 9.000
A_228 0.000 185.740 9.000
A_229 0.000 185.740 8.000
F_230 0.000 560.542 7.000
Q_231 -16.691 -643.904 7.000
K_232 -16.309 -818.649 10.000
L_233 0.000 679.918 10.000
K_234 -16.309 -818.649 10.000
A_235 0.000 185.740 7.000
N_236 -22.253 -507.047 11.000
F_237 0.000 560.542 11.000
N_238 -22.253 -507.047 11.000
T_239 -13.255 -90.974 7.000
