M_1 0.000 401.769 4.000
A_2 0.000 185.740 4.000
E_3 -16.691 -605.239 7.000
A_4 0.000 185.740 12.000
S_5 -18.462 -90.060 13.000
R_6 -27.076 -1015.709 11.000
W_7 -6.873 -203.500 16.000
H_8 -12.518 -583.484 13.000
R_9 -21.845 -1015.709 8.000
G_10 0.000 -27.649 7.000
G_11 0.000 -27.649 8.000
A_12 0.000 185.740 6.000
S_13 -14.420 -90.060 8.000
K_14 -17.098 -818.649 11.000
H_15 -11.652 -583.484 11.000
K_16 -16.309 -818.649 10.000
L_17 0.000 679.918 9.000
H_18 -12.104 -583.484 12.000
Y_19 -12.104 -274.939 12.000
R_20 -32.645 -1015.709 16.000
K_21 -19.059 -818.649 14.000
E_22 -26.485 -605.239 16.000
V_23 0.000 613.196 11.000
E_24 -22.253 -605.239 11.000
I_25 0.000 777.529 10.000
T_26 -18.462 -90.974 13.000
T_27 -15.425 -90.974 9.000
T_28 -18.462 -90.974 13.000
L_29 0.000 679.918 14.000
Q_30 -22.253 -643.904 11.000
E_31 -18.409 -605.239 8.000
L_32 0.000 679.918 8.000
L_33 0.000 679.918 6.000
L_34 0.000 679.918 2.000
Y_35 -1.718 -274.939 2.000
F_36 0.000 560.542 2.000
I_37 0.000 777.529 2.000
F_38 0.000 560.542 0.000
L_39 0.000 679.918 4.000
I_40 0.000 777.529 4.000
N_41 -7.878 -507.047 4.000
L_42 0.000 679.918 4.000
C_43 0.000 322.480 4.000
I_44 0.000 777.529 3.000
L_45 0.000 679.918 3.000
T_46 -4.441 -90.974 3.000
F_47 0.000 560.542 3.000
G_48 0.000 -27.649 3.000
M_49 0.000 401.769 4.000
V_50 0.000 613.196 4.000
N_51 -14.591 -507.047 6.000
P_52 0.000 -195.996 6.000
H_53 -9.978 -583.484 8.000
M_54 0.000 401.769 6.000
Y_55 -8.431 -274.939 6.000
Y_56 -9.978 -274.939 8.000
L_57 0.000 679.918 11.000
N_58 -19.866 -507.047 9.000
K_59 -13.255 -818.649 7.000
V_60 0.000 613.196 10.000
M_61 0.000 401.769 9.000
S_62 -11.867 -90.060 6.000
S_63 -11.867 -90.060 6.000
L_64 0.000 679.918 6.000
F_65 0.000 560.542 7.000
L_66 0.000 679.918 7.000
D_67 -21.132 -475.402 10.000
T_68 -16.309 -90.974 10.000
S_69 -16.309 -90.060 10.000
V_70 0.000 613.196 6.000
P_71 0.000 -195.996 7.000
G_72 0.000 -27.649 8.000
E_73 -24.169 -605.239 13.000
E_74 -26.485 -605.239 16.000
R_75 -35.785 -1015.709 20.000
T_76 -20.127 -90.974 16.000
N_77 -25.772 -507.047 15.000
F_78 0.000 560.542 13.000
K_79 -16.309 -818.649 10.000
S_80 -17.098 -90.060 11.000
I_81 0.000 777.529 14.000
R_82 -27.076 -1015.709 11.000
S_83 -17.098 -90.060 11.000
I_84 0.000 777.529 15.000
T_85 -16.309 -90.974 10.000
D_86 -18.409 -475.402 8.000
F_87 0.000 560.542 11.000
W_88 -5.155 -203.500 8.000
K_89 -7.878 -818.649 4.000
F_90 0.000 560.542 8.000
M_91 0.000 401.769 7.000
E_92 -7.878 -605.239 4.000
G_93 0.000 -27.649 4.000
P_94 0.000 -195.996 4.000
L_95 0.000 679.918 4.000
L_96 0.000 679.918 4.000
E_97 -7.878 -605.239 4.000
G_98 0.000 -27.649 6.000
L_99 0.000 679.918 7.000
Y_100 -9.265 -274.939 7.000
W_101 -5.708 -203.500 10.000
D_102 -22.253 -475.402 11.000
S_103 -17.098 -90.060 11.000
W_104 -6.542 -203.500 14.000
Y_105 -12.900 -274.939 14.000
N_106 -25.772 -507.047 15.000
N_107 -27.773 -507.047 18.000
Q_108 -26.485 -643.904 16.000
Q_109 -25.003 -643.904 14.000
L_110 0.000 679.918 14.000
Y_111 -11.154 -274.939 10.000
N_112 -19.866 -507.047 9.000
L_113 0.000 679.918 13.000
K_114 -19.059 -818.649 14.000
N_115 -24.169 -507.047 13.000
S_116 -21.060 -90.060 18.000
S_117 -19.613 -90.060 15.000
R_118 -29.616 -1015.709 13.000
I_119 0.000 777.529 12.000
Y_120 -12.518 -274.939 13.000
Y_121 -12.104 -274.939 12.000
E_122 -23.258 -605.239 12.000
N_123 -21.132 -507.047 10.000
I_124 0.000 777.529 8.000
L_125 0.000 679.918 4.000
L_126 0.000 679.918 0.000
G_127 0.000 -27.649 0.000
V_128 0.000 613.196 5.000
P_129 0.000 -195.996 5.000
R_130 -25.574 -1015.709 10.000
V_131 0.000 613.196 14.000
R_132 -30.711 -1015.709 14.000
Q_133 -23.258 -643.904 12.000
L_134 0.000 679.918 12.000
K_135 -17.811 -818.649 12.000
V_136 0.000 613.196 12.000
R_137 -32.645 -1015.709 16.000
N_138 -26.485 -507.047 16.000
N_139 -26.485 -507.047 16.000
T_140 -19.059 -90.974 14.000
C_141 0.000 322.480 10.000
K_142 -14.420 -818.649 8.000
V_143 0.000 613.196 8.000
Y_144 -11.652 -274.939 11.000
S_145 -14.420 -90.060 8.000
S_146 -17.811 -90.060 12.000
F_147 0.000 560.542 13.000
Q_148 -21.132 -643.904 10.000
S_149 -13.255 -90.060 7.000
L_150 0.000 679.918 10.000
M_151 0.000 401.769 10.000
S_152 -13.255 -90.060 7.000
E_153 -19.866 -605.239 9.000
C_154 0.000 322.480 9.000
Y_155 -10.601 -274.939 9.000
G_156 0.000 -27.649 7.000
K_157 -16.309 -818.649 10.000
Y_158 -11.652 -274.939 11.000
T_159 -17.098 -90.974 11.000
S_160 -17.811 -90.060 12.000
A_161 0.000 185.740 14.000
N_162 -25.772 -507.047 15.000
E_163 -23.258 -605.239 12.000
D_164 -25.772 -475.402 15.000
L_165 0.000 679.918 15.000
S_166 -17.098 -90.060 11.000
N_167 -16.691 -507.047 7.000
F_168 0.000 560.542 7.000
G_169 0.000 -27.649 8.000
L_170 0.000 679.918 4.000
Q_171 -18.409 -643.904 8.000
I_172 0.000 777.529 11.000
N_173 -25.772 -507.047 15.000
T_174 -17.811 -90.974 12.000
E_175 -27.150 -605.239 17.000
W_176 -6.713 -203.500 15.000
R_177 -31.716 -1015.709 15.000
Y_178 -12.900 -274.939 14.000
S_179 -20.127 -90.060 16.000
T_180 -19.613 -90.974 15.000
S_181 -20.127 -90.060 16.000
N_182 -27.150 -507.047 17.000
T_183 -20.609 -90.974 17.000
N_184 -25.003 -507.047 14.000
S_185 -17.098 -90.060 11.000
P_186 0.000 -195.996 10.000
W_187 -4.824 -203.500 7.000
H_188 -6.160 -583.484 4.000
W_189 -3.436 -203.500 4.000
G_190 0.000 -27.649 3.000
F_191 0.000 560.542 1.000
L_192 0.000 679.918 0.000
G_193 0.000 -27.649 2.000
V_194 0.000 613.196 7.000
Y_195 -11.652 -274.939 11.000
R_196 -27.076 -1015.709 11.000
N_197 -22.253 -507.047 11.000
G_198 0.000 -27.649 11.000
G_199 0.000 -27.649 6.000
Y_200 -1.718 -274.939 2.000
I_201 0.000 777.529 5.000
F_202 0.000 560.542 5.000
T_203 -11.867 -90.974 6.000
L_204 0.000 679.918 9.000
S_205 -17.811 -90.060 12.000
K_206 -17.811 -818.649 12.000
S_207 -19.613 -90.060 15.000
K_208 -20.127 -818.649 16.000
S_209 -20.127 -90.060 16.000
E_210 -26.485 -605.239 16.000
T_211 -20.609 -90.974 17.000
K_212 -20.609 -818.649 17.000
N_213 -24.169 -507.047 13.000
K_214 -16.309 -818.649 10.000
F_215 0.000 560.542 11.000
I_216 0.000 777.529 7.000
D_217 -19.866 -475.402 9.000
L_218 0.000 679.918 9.000
R_219 -29.616 -1015.709 13.000
L_220 0.000 679.918 12.000
N_221 -24.169 -507.047 13.000
S_222 -14.420 -90.060 8.000
W_223 -5.944 -203.500 11.000
I_224 0.000 777.529 12.000
T_225 -15.425 -90.974 9.000
R_226 -27.076 -1015.709 11.000
G_227 0.000 -27.649 16.000
T_228 -18.462 -90.974 13.000
R_229 -21.845 -1015.709 8.000
V_230 0.000 613.196 8.000
I_231 0.000 777.529 5.000
F_232 0.000 560.542 4.000
I_233 0.000 777.529 4.000
D_234 -16.691 -475.402 7.000
F_235 0.000 560.542 7.000
S_236 -15.425 -90.060 9.000
L_237 0.000 679.918 9.000
Y_238 -10.601 -274.939 9.000
N_239 -21.132 -507.047 10.000
A_240 0.000 185.740 10.000
N_241 -23.258 -507.047 12.000
V_242 0.000 613.196 8.000
N_243 -18.409 -507.047 8.000
L_244 0.000 679.918 4.000
F_245 0.000 560.542 4.000
C_246 0.000 322.480 0.000
I_247 0.000 777.529 5.000
I_248 0.000 777.529 5.000
R_249 -11.867 -1015.709 5.000
L_250 0.000 679.918 5.000
V_251 0.000 613.196 9.000
A_252 0.000 185.740 4.000
E_253 -7.878 -605.239 4.000
F_254 0.000 560.542 4.000
P_255 0.000 -195.996 7.000
A_256 0.000 185.740 3.000
T_257 -4.441 -90.974 3.000
G_258 0.000 -27.649 3.000
G_259 0.000 -27.649 3.000
I_260 0.000 777.529 3.000
L_261 0.000 679.918 6.000
T_262 -13.255 -90.974 7.000
S_263 -17.098 -90.060 11.000
W_264 -5.944 -203.500 11.000
Q_265 -21.132 -643.904 10.000
F_266 0.000 560.542 10.000
Y_267 -10.601 -274.939 9.000
S_268 -14.420 -90.060 8.000
V_269 0.000 613.196 8.000
K_270 -11.867 -818.649 6.000
L_271 0.000 679.918 8.000
L_272 0.000 679.918 10.000
R_273 -19.414 -1015.709 7.000
Y_274 -11.154 -274.939 10.000
V_275 0.000 613.196 12.000
S_276 -15.425 -90.060 9.000
Y_277 -11.652 -274.939 11.000
Y_278 -12.518 -274.939 13.000
D_279 -21.132 -475.402 10.000
Y_280 -9.978 -274.939 8.000
F_281 0.000 560.542 6.000
I_282 0.000 777.529 5.000
A_283 0.000 185.740 3.000
S_284 -13.255 -90.060 7.000
C_285 0.000 322.480 7.000
E_286 -21.132 -605.239 10.000
I_287 0.000 777.529 7.000
T_288 -13.255 -90.974 7.000
F_289 0.000 560.542 3.000
C_290 0.000 322.480 3.000
I_291 0.000 777.529 0.000
F_292 0.000 560.542 0.000
L_293 0.000 679.918 0.000
F_294 0.000 560.542 0.000
V_295 0.000 613.196 3.000
F_296 0.000 560.542 6.000
T_297 -16.309 -90.974 10.000
T_298 -19.059 -90.974 14.000
Q_299 -25.003 -643.904 14.000
E_300 -25.003 -605.239 14.000
V_301 0.000 613.196 14.000
K_302 -16.309 -818.649 10.000
K_303 -15.425 -818.649 9.000
I_304 0.000 777.529 13.000
K_305 -16.309 -818.649 10.000
E_306 -21.132 -605.239 10.000
F_307 0.000 560.542 13.000
K_308 -16.309 -818.649 10.000
S_309 -14.420 -90.060 8.000
A_310 0.000 185.740 8.000
Y_311 -9.978 -274.939 8.000
F_312 0.000 560.542 8.000
K_313 -14.420 -818.649 8.000
S_314 -13.255 -90.060 7.000
I_315 0.000 777.529 11.000
W_316 -5.447 -203.500 9.000
N_317 -14.591 -507.047 6.000
W_318 -5.708 -203.500 10.000
L_319 0.000 679.918 9.000
E_320 -11.867 -605.239 5.000
L_321 0.000 679.918 4.000
L_322 0.000 679.918 4.000
L_323 0.000 679.918 0.000
L_324 0.000 679.918 0.000
L_325 0.000 679.918 0.000
L_326 0.000 679.918 0.000
C_327 0.000 322.480 0.000
F_328 0.000 560.542 0.000
V_329 0.000 613.196 0.000
A_330 0.000 185.740 3.000
V_331 0.000 613.196 3.000
S_332 -13.255 -90.060 7.000
F_333 0.000 560.542 10.000
N_334 -23.258 -507.047 12.000
T_335 -17.098 -90.974 11.000
Y_336 -13.255 -274.939 15.000
Y_337 -11.652 -274.939 11.000
N_338 -23.258 -507.047 12.000
V_339 0.000 613.196 10.000
Q_340 -18.409 -643.904 8.000
I_341 0.000 777.529 4.000
F_342 0.000 560.542 4.000
L_343 0.000 679.918 0.000
L_344 0.000 679.918 0.000
L_345 0.000 679.918 4.000
G_346 0.000 -27.649 4.000
Q_347 -7.878 -643.904 4.000
L_348 0.000 679.918 7.000
L_349 0.000 679.918 10.000
K_350 -15.425 -818.649 9.000
S_351 -18.462 -90.060 13.000
T_352 -20.127 -90.974 16.000
E_353 -25.772 -605.239 15.000
K_354 -19.613 -818.649 15.000
Y_355 -13.586 -274.939 16.000
S_356 -17.811 -90.060 12.000
D_357 -22.253 -475.402 11.000
F_358 0.000 560.542 9.000
Y_359 -8.431 -274.939 6.000
F_360 0.000 560.542 2.000
L_361 0.000 679.918 2.000
A_362 0.000 185.740 1.000
C_363 0.000 322.480 3.000
W_364 -2.723 -203.500 3.000
H_365 -7.426 -583.484 5.000
I_366 0.000 777.529 7.000
Y_367 -11.154 -274.939 10.000
Y_368 -12.104 -274.939 12.000
N_369 -23.258 -507.047 12.000
N_370 -21.132 -507.047 10.000
I_371 0.000 777.529 8.000
I_372 0.000 777.529 4.000
A_373 0.000 185.740 3.000
I_374 0.000 777.529 3.000
T_375 -4.441 -90.974 3.000
I_376 0.000 777.529 3.000
F_377 0.000 560.542 3.000
F_378 0.000 560.542 1.000
A_379 0.000 185.740 1.000
W_380 -3.436 -203.500 4.000
I_381 0.000 777.529 4.000
K_382 -7.878 -818.649 4.000
I_383 0.000 777.529 6.000
F_384 0.000 560.542 6.000
K_385 -4.441 -818.649 3.000
F_386 0.000 560.542 6.000
I_387 0.000 777.529 6.000
S_388 -13.255 -90.060 7.000
F_389 0.000 560.542 10.000
N_390 -24.169 -507.047 13.000
K_391 -16.309 -818.649 10.000
T_392 -18.462 -90.974 13.000
M_393 0.000 401.769 13.000
S_394 -16.309 -90.060 10.000
Q_395 -21.132 -643.904 10.000
L_396 0.000 679.918 13.000
S_397 -18.462 -90.060 13.000
S_398 -15.425 -90.060 9.000
T_399 -17.811 -90.974 12.000
L_400 0.000 679.918 14.000
S_401 -17.098 -90.060 11.000
R_402 -21.845 -1015.709 8.000
C_403 0.000 322.480 11.000
V_404 0.000 613.196 12.000
K_405 -13.255 -818.649 7.000
D_406 -16.691 -475.402 7.000
I_407 0.000 777.529 7.000
V_408 0.000 613.196 4.000
G_409 0.000 -27.649 0.000
F_410 0.000 560.542 0.000
A_411 0.000 185.740 0.000
I_412 0.000 777.529 0.000
M_413 0.000 401.769 0.000
F_414 0.000 560.542 0.000
F_415 0.000 560.542 0.000
I_416 0.000 777.529 0.000
I_417 0.000 777.529 0.000
F_418 0.000 560.542 0.000
F_419 0.000 560.542 2.000
A_420 0.000 185.740 2.000
Y_421 -8.431 -274.939 6.000
A_422 0.000 185.740 6.000
Q_423 -14.591 -643.904 6.000
L_424 0.000 679.918 4.000
G_425 0.000 -27.649 4.000
F_426 0.000 560.542 0.000
L_427 0.000 679.918 0.000
V_428 0.000 613.196 0.000
F_429 0.000 560.542 3.000
G_430 0.000 -27.649 7.000
S_431 -13.255 -90.060 7.000
Q_432 -22.253 -643.904 11.000
V_433 0.000 613.196 15.000
D_434 -23.258 -475.402 12.000
D_435 -22.253 -475.402 11.000
F_436 0.000 560.542 14.000
S_437 -16.309 -90.060 10.000
T_438 -16.309 -90.974 10.000
F_439 0.000 560.542 14.000
Q_440 -25.003 -643.904 14.000
N_441 -22.253 -507.047 11.000
S_442 -17.098 -90.060 11.000
I_443 0.000 777.529 7.000
F_444 0.000 560.542 7.000
A_445 0.000 185.740 4.000
Q_446 -19.866 -643.904 9.000
F_447 0.000 560.542 9.000
R_448 -23.856 -1015.709 9.000
I_449 0.000 777.529 5.000
V_450 0.000 613.196 5.000
L_451 0.000 679.918 4.000
G_452 0.000 -27.649 4.000
D_453 -18.409 -475.402 8.000
F_454 0.000 560.542 8.000
N_455 -18.409 -507.047 8.000
F_456 0.000 560.542 4.000
A_457 0.000 185.740 4.000
G_458 0.000 -27.649 4.000
I_459 0.000 777.529 8.000
Q_460 -18.409 -643.904 8.000
Q_461 -23.258 -643.904 12.000
A_462 0.000 185.740 12.000
N_463 -18.409 -507.047 8.000
P_464 0.000 -195.996 4.000
I_465 0.000 777.529 4.000
L_466 0.000 679.918 0.000
G_467 0.000 -27.649 0.000
P_468 0.000 -195.996 2.000
I_469 0.000 777.529 2.000
Y_470 -1.718 -274.939 2.000
F_471 0.000 560.542 5.000
I_472 0.000 777.529 5.000
T_473 -4.441 -90.974 3.000
F_474 0.000 560.542 3.000
I_475 0.000 777.529 3.000
F_476 0.000 560.542 0.000
F_477 0.000 560.542 0.000
V_478 0.000 613.196 0.000
F_479 0.000 560.542 0.000
F_480 0.000 560.542 0.000
V_481 0.000 613.196 0.000
L_482 0.000 679.918 4.000
L_483 0.000 679.918 4.000
N_484 -7.878 -507.047 4.000
M_485 0.000 401.769 4.000
F_486 0.000 560.542 4.000
L_487 0.000 679.918 0.000
A_488 0.000 185.740 0.000
I_489 0.000 777.529 4.000
I_490 0.000 777.529 8.000
N_491 -22.253 -507.047 11.000
D_492 -24.169 -475.402 13.000
T_493 -20.127 -90.974 16.000
Y_494 -13.586 -274.939 16.000
S_495 -17.811 -90.060 12.000
E_496 -23.258 -605.239 12.000
V_497 0.000 613.196 10.000
K_498 -17.098 -818.649 11.000
A_499 0.000 185.740 9.000
D_500 -23.258 -475.402 12.000
Y_501 -10.601 -274.939 9.000
S_502 -15.425 -90.060 9.000
I_503 0.000 777.529 10.000
G_504 0.000 -27.649 13.000
R_505 -25.574 -1015.709 10.000
R_506 -30.711 -1015.709 14.000
L_507 0.000 679.918 14.000
D_508 -24.169 -475.402 13.000
F_509 0.000 560.542 8.000
E_510 -18.409 -605.239 8.000
L_511 0.000 679.918 7.000
G_512 0.000 -27.649 7.000
K_513 -4.441 -818.649 3.000
M_514 0.000 401.769 6.000
I_515 0.000 777.529 10.000
K_516 -16.309 -818.649 10.000
Q_517 -23.258 -643.904 12.000
S_518 -19.613 -90.060 15.000
Y_519 -13.586 -274.939 16.000
K_520 -17.811 -818.649 12.000
N_521 -19.866 -507.047 9.000
V_522 0.000 613.196 11.000
L_523 0.000 679.918 11.000
E_524 -16.691 -605.239 7.000
K_525 -17.811 -818.649 12.000
F_526 0.000 560.542 12.000
R_527 -27.076 -1015.709 11.000
L_528 0.000 679.918 11.000
K_529 -17.098 -818.649 11.000
K_530 -16.309 -818.649 10.000
A_531 0.000 185.740 13.000
Q_532 -25.003 -643.904 14.000
K_533 -19.613 -818.649 15.000
D_534 -28.359 -475.402 19.000
E_535 -27.773 -605.239 18.000
D_536 -27.773 -475.402 18.000
K_537 -20.609 -818.649 17.000
K_538 -20.127 -818.649 16.000
T_539 -17.811 -90.974 12.000
K_540 -17.811 -818.649 12.000
G_541 0.000 -27.649 9.000
S_542 -16.309 -90.060 10.000
G_543 0.000 -27.649 7.000
D_544 -16.691 -475.402 7.000
L_545 0.000 679.918 8.000
A_546 0.000 185.740 12.000
E_547 -18.409 -605.239 8.000
Q_548 -24.169 -643.904 13.000
A_549 0.000 185.740 18.000
R_550 -34.315 -1015.709 18.000
R_551 -30.711 -1015.709 14.000
E_552 -25.003 -605.239 14.000
G_553 0.000 -27.649 13.000
F_554 0.000 560.542 12.000
D_555 -23.258 -475.402 12.000
E_556 -26.485 -605.239 16.000
N_557 -26.485 -507.047 16.000
E_558 -26.485 -605.239 16.000
I_559 0.000 777.529 16.000
Q_560 -23.258 -643.904 12.000
N_561 -23.258 -507.047 12.000
A_562 0.000 185.740 16.000
E_563 -23.258 -605.239 12.000
Q_564 -22.253 -643.904 11.000
M_565 0.000 401.769 14.000
K_566 -17.098 -818.649 11.000
K_567 -16.309 -818.649 10.000
W_568 -6.542 -203.500 14.000
K_569 -20.127 -818.649 16.000
E_570 -24.169 -605.239 13.000
R_571 -32.645 -1015.709 16.000
L_572 0.000 679.918 16.000
E_573 -25.772 -605.239 15.000
K_574 -17.811 -818.649 12.000
K_575 -19.059 -818.649 14.000
Y_576 -12.518 -274.939 13.000
Y_577 -11.154 -274.939 10.000
S_578 -17.098 -90.060 11.000
M_579 0.000 401.769 9.000
E_580 -22.253 -605.239 11.000
I_581 0.000 777.529 12.000
Q_582 -26.485 -643.904 16.000
D_583 -25.003 -475.402 14.000
D_584 -27.773 -475.402 18.000
Y_585 -12.900 -274.939 14.000
Q_586 -21.132 -643.904 10.000
P_587 0.000 -195.996 9.000
V_588 0.000 613.196 11.000
T_589 -17.098 -90.974 11.000
Q_590 -25.772 -643.904 15.000
E_591 -25.772 -605.239 15.000
E_592 -27.150 -605.239 17.000
F_593 0.000 560.542 17.000
R_594 -29.616 -1015.709 13.000
E_595 -19.866 -605.239 9.000
L_596 0.000 679.918 9.000
F_597 0.000 560.542 6.000
L_598 0.000 679.918 2.000
Y_599 -1.718 -274.939 2.000
A_600 0.000 185.740 6.000
V_601 0.000 613.196 6.000
E_602 -18.409 -605.239 8.000
L_603 0.000 679.918 11.000
E_604 -25.772 -605.239 15.000
K_605 -17.098 -818.649 11.000
E_606 -24.169 -605.239 13.000
L_607 0.000 679.918 11.000
H_608 -9.978 -583.484 8.000
Y_609 -9.978 -274.939 8.000
I_610 0.000 777.529 8.000
N_611 -19.866 -507.047 9.000
L_612 0.000 679.918 7.000
K_613 -17.098 -818.649 11.000
L_614 0.000 679.918 11.000
N_615 -22.253 -507.047 11.000
Q_616 -18.409 -643.904 8.000
V_617 0.000 613.196 13.000
V_618 0.000 613.196 12.000
R_619 -21.845 -1015.709 8.000
K_620 -17.098 -818.649 11.000
V_621 0.000 613.196 11.000
S_622 -11.867 -90.060 6.000
A_623 0.000 185.740 3.000
L_624 0.000 679.918 3.000
