M_1 0.000 401.769 0.000
A_2 0.000 185.740 4.000
G_3 0.000 -27.649 8.000
E_4 -21.132 -605.239 10.000
N_5 -25.003 -507.047 14.000
H_6 -13.255 -583.484 15.000
Q_7 -25.772 -643.904 15.000
W_8 -5.944 -203.500 11.000
Q_9 -23.258 -643.904 12.000
G_10 0.000 -27.649 8.000
S_11 -13.255 -90.060 7.000
I_12 0.000 777.529 5.000
L_13 0.000 679.918 9.000
Y_14 -8.431 -274.939 6.000
N_15 -14.591 -507.047 6.000
M_16 0.000 401.769 6.000
L_17 0.000 679.918 7.000
M_18 0.000 401.769 3.000
S_19 -11.867 -90.060 6.000
A_20 0.000 185.740 10.000
K_21 -18.462 -818.649 13.000
Q_22 -25.772 -643.904 15.000
T_23 -19.613 -90.974 15.000
R_24 -28.412 -1015.709 12.000
A_25 0.000 185.740 8.000
A_26 0.000 185.740 9.000
P_27 0.000 -195.996 4.000
E_28 -7.878 -605.239 4.000
A_29 0.000 185.740 8.000
P_30 0.000 -195.996 11.000
E_31 -23.258 -605.239 12.000
T_32 -17.811 -90.974 12.000
R_33 -28.412 -1015.709 12.000
L_34 0.000 679.918 12.000
V_35 0.000 613.196 13.000
D_36 -18.409 -475.402 8.000
Q_37 -19.866 -643.904 9.000
C_38 0.000 322.480 9.000
W_39 -3.990 -203.500 5.000
G_40 0.000 -27.649 4.000
C_41 0.000 322.480 4.000
S_42 -4.441 -90.060 3.000
C_43 0.000 322.480 7.000
G_44 0.000 -27.649 11.000
D_45 -18.409 -475.402 8.000
E_46 -18.409 -605.239 8.000
P_47 0.000 -195.996 8.000
G_48 0.000 -27.649 4.000
V_49 0.000 613.196 5.000
G_50 0.000 -27.649 9.000
R_51 -23.856 -1015.709 9.000
E_52 -19.866 -605.239 9.000
G_53 0.000 -27.649 9.000
L_54 0.000 679.918 4.000
L_55 0.000 679.918 0.000
G_56 0.000 -27.649 5.000
G_57 0.000 -27.649 9.000
R_58 -23.856 -1015.709 9.000
N_59 -19.866 -507.047 9.000
V_60 0.000 613.196 9.000
A_61 0.000 185.740 4.000
L_62 0.000 679.918 2.000
L_63 0.000 679.918 7.000
Y_64 -9.265 -274.939 7.000
R_65 -19.414 -1015.709 7.000
C_66 0.000 322.480 7.000
C_67 0.000 322.480 5.000
F_68 0.000 560.542 0.000
C_69 0.000 322.480 3.000
G_70 0.000 -27.649 7.000
K_71 -15.425 -818.649 9.000
D_72 -19.866 -475.402 9.000
H_73 -12.900 -583.484 14.000
P_74 0.000 -195.996 15.000
R_75 -27.076 -1015.709 11.000
Q_76 -23.258 -643.904 12.000
G_77 0.000 -27.649 12.000
S_78 -13.255 -90.060 7.000
I_79 0.000 777.529 5.000
L_80 0.000 679.918 8.000
Y_81 -7.426 -274.939 5.000
S_82 -10.149 -90.060 5.000
M_83 0.000 401.769 8.000
L_84 0.000 679.918 9.000
T_85 -11.867 -90.974 6.000
S_86 -15.425 -90.060 9.000
A_87 0.000 185.740 13.000
K_88 -18.462 -818.649 13.000
Q_89 -23.258 -643.904 12.000
T_90 -17.811 -90.974 12.000
Y_91 -10.601 -274.939 9.000
A_92 0.000 185.740 5.000
A_93 0.000 185.740 5.000
P_94 0.000 -195.996 3.000
K_95 -4.441 -818.649 3.000
A_96 0.000 185.740 7.000
P_97 0.000 -195.996 7.000
E_98 -16.691 -605.239 7.000
A_99 0.000 185.740 7.000
T_100 -13.255 -90.974 7.000
L_101 0.000 679.918 3.000
G_102 0.000 -27.649 3.000
P_103 0.000 -195.996 1.000
C_104 0.000 322.480 1.000
W_105 -0.000 -203.500 1.000
G_106 0.000 -27.649 4.000
C_107 0.000 322.480 4.000
S_108 -4.441 -90.060 3.000
C_109 0.000 322.480 6.000
G_110 0.000 -27.649 10.000
S_111 -13.255 -90.060 7.000
D_112 -16.691 -475.402 7.000
P_113 0.000 -195.996 7.000
G_114 0.000 -27.649 4.000
V_115 0.000 613.196 5.000
G_116 0.000 -27.649 5.000
R_117 -11.867 -1015.709 5.000
A_118 0.000 185.740 5.000
G_119 0.000 -27.649 5.000
L_120 0.000 679.918 0.000
P_121 0.000 -195.996 0.000
G_122 0.000 -27.649 5.000
G_123 0.000 -27.649 5.000
R_124 -11.867 -1015.709 5.000
P_125 0.000 -195.996 5.000
V_126 0.000 613.196 5.000
A_127 0.000 185.740 0.000
L_128 0.000 679.918 2.000
L_129 0.000 679.918 7.000
Y_130 -9.265 -274.939 7.000
R_131 -19.414 -1015.709 7.000
C_132 0.000 322.480 7.000
C_133 0.000 322.480 5.000
F_134 0.000 560.542 0.000
C_135 0.000 322.480 4.000
G_136 0.000 -27.649 8.000
E_137 -21.132 -605.239 10.000
D_138 -21.132 -475.402 10.000
H_139 -13.255 -583.484 15.000
P_140 0.000 -195.996 15.000
R_141 -27.076 -1015.709 11.000
Q_142 -23.258 -643.904 12.000
G_143 0.000 -27.649 12.000
S_144 -13.255 -90.060 7.000
I_145 0.000 777.529 5.000
L_146 0.000 679.918 8.000
Y_147 -7.426 -274.939 5.000
S_148 -10.149 -90.060 5.000
L_149 0.000 679.918 8.000
L_150 0.000 679.918 9.000
T_151 -15.425 -90.974 9.000
S_152 -17.811 -90.060 12.000
S_153 -20.127 -90.060 16.000
K_154 -20.127 -818.649 16.000
Q_155 -25.772 -643.904 15.000
T_156 -17.811 -90.974 12.000
H_157 -10.601 -583.484 9.000
V_158 0.000 613.196 5.000
A_159 0.000 185.740 2.000
P_160 0.000 -195.996 0.000
A_161 0.000 185.740 0.000
A_162 0.000 185.740 4.000
P_163 0.000 -195.996 4.000
E_164 -19.866 -605.239 9.000
A_165 0.000 185.740 9.000
R_166 -23.856 -1015.709 9.000
P_167 0.000 -195.996 5.000
G_168 0.000 -27.649 5.000
G_169 0.000 -27.649 1.000
A_170 0.000 185.740 2.000
W_171 -4.441 -203.500 6.000
W_172 -5.944 -203.500 11.000
D_173 -25.003 -475.402 14.000
R_174 -31.716 -1015.709 15.000
S_175 -19.059 -90.060 14.000
Y_176 -11.154 -274.939 10.000
F_177 0.000 560.542 9.000
A_178 0.000 185.740 11.000
Q_179 -19.866 -643.904 9.000
R_180 -23.856 -1015.709 9.000
P_181 0.000 -195.996 9.000
G_182 0.000 -27.649 8.000
G_183 0.000 -27.649 7.000
K_184 -13.255 -818.649 7.000
E_185 -16.691 -605.239 7.000
A_186 0.000 185.740 7.000
L_187 0.000 679.918 4.000
P_188 0.000 -195.996 0.000
G_189 0.000 -27.649 5.000
G_190 0.000 -27.649 5.000
R_191 -21.845 -1015.709 8.000
A_192 0.000 185.740 8.000
T_193 -14.420 -90.974 8.000
A_194 0.000 185.740 3.000
L_195 0.000 679.918 5.000
L_196 0.000 679.918 7.000
Y_197 -9.265 -274.939 7.000
R_198 -19.414 -1015.709 7.000
C_199 0.000 322.480 7.000
C_200 0.000 322.480 5.000
F_201 0.000 560.542 0.000
C_202 0.000 322.480 4.000
G_203 0.000 -27.649 8.000
E_204 -21.132 -605.239 10.000
D_205 -21.132 -475.402 10.000
H_206 -12.900 -583.484 14.000
P_207 0.000 -195.996 14.000
Q_208 -21.132 -643.904 10.000
Q_209 -22.253 -643.904 11.000
G_210 0.000 -27.649 14.000
S_211 -16.309 -90.060 10.000
T_212 -14.420 -90.974 8.000
L_213 0.000 679.918 8.000
Y_214 -7.426 -274.939 5.000
C_215 0.000 322.480 2.000
V_216 0.000 613.196 5.000
P_217 0.000 -195.996 6.000
T_218 -15.425 -90.974 9.000
S_219 -18.462 -90.060 13.000
T_220 -20.609 -90.974 17.000
N_221 -25.003 -507.047 14.000
Q_222 -25.772 -643.904 15.000
A_223 0.000 185.740 12.000
Q_224 -18.409 -643.904 8.000
A_225 0.000 185.740 4.000
A_226 0.000 185.740 8.000
P_227 0.000 -195.996 8.000
E_228 -24.169 -605.239 13.000
E_229 -24.169 -605.239 13.000
R_230 -34.315 -1015.709 18.000
P_231 0.000 -195.996 14.000
R_232 -25.574 -1015.709 10.000
A_233 0.000 185.740 6.000
P_234 0.000 -195.996 7.000
W_235 -4.441 -203.500 6.000
W_236 -5.447 -203.500 9.000
D_237 -23.258 -475.402 12.000
T_238 -19.059 -90.974 14.000
S_239 -18.462 -90.060 13.000
S_240 -15.425 -90.060 9.000
G_241 0.000 -27.649 6.000
A_242 0.000 185.740 8.000
L_243 0.000 679.918 5.000
R_244 -11.867 -1015.709 5.000
P_245 0.000 -195.996 5.000
V_246 0.000 613.196 5.000
A_247 0.000 185.740 3.000
L_248 0.000 679.918 6.000
K_249 -11.867 -818.649 6.000
S_250 -16.309 -90.060 10.000
P_251 0.000 -195.996 10.000
Q_252 -16.691 -643.904 7.000
V_253 0.000 613.196 4.000
V_254 0.000 613.196 8.000
C_255 0.000 322.480 4.000
E_256 -7.878 -605.239 4.000
A_257 0.000 185.740 7.000
A_258 0.000 185.740 7.000
S_259 -4.441 -90.060 3.000
A_260 0.000 185.740 3.000
G_261 0.000 -27.649 3.000
L_262 0.000 679.918 3.000
L_263 0.000 679.918 6.000
K_264 -11.867 -818.649 6.000
T_265 -17.098 -90.974 11.000
L_266 0.000 679.918 11.000
R_267 -21.845 -1015.709 8.000
F_268 0.000 560.542 8.000
V_269 0.000 613.196 10.000
K_270 -10.149 -818.649 5.000
Y_271 -7.426 -274.939 5.000
L_272 0.000 679.918 5.000
P_273 0.000 -195.996 2.000
C_274 0.000 322.480 4.000
F_275 0.000 560.542 4.000
Q_276 -7.878 -643.904 4.000
V_277 0.000 613.196 4.000
L_278 0.000 679.918 4.000
P_279 0.000 -195.996 4.000
L_280 0.000 679.918 8.000
D_281 -23.258 -475.402 12.000
Q_282 -23.258 -643.904 12.000
Q_283 -23.258 -643.904 12.000
L_284 0.000 679.918 8.000
V_285 0.000 613.196 4.000
L_286 0.000 679.918 5.000
V_287 0.000 613.196 9.000
R_288 -23.856 -1015.709 9.000
N_289 -21.132 -507.047 10.000
C_290 0.000 322.480 10.000
W_291 -5.155 -203.500 8.000
A_292 0.000 185.740 4.000
S_293 -7.878 -90.060 4.000
L_294 0.000 679.918 3.000
L_295 0.000 679.918 3.000
M_296 0.000 401.769 4.000
L_297 0.000 679.918 4.000
E_298 -7.878 -605.239 4.000
L_299 0.000 679.918 8.000
A_300 0.000 185.740 12.000
Q_301 -24.169 -643.904 13.000
D_302 -24.169 -475.402 13.000
R_303 -33.508 -1015.709 17.000
L_304 0.000 679.918 13.000
Q_305 -24.169 -643.904 13.000
F_306 0.000 560.542 11.000
E_307 -22.253 -605.239 11.000
T_308 -17.098 -90.974 11.000
V_309 0.000 613.196 11.000
E_310 -21.132 -605.239 10.000
V_311 0.000 613.196 11.000
S_312 -17.098 -90.060 11.000
E_313 -21.132 -605.239 10.000
P_314 0.000 -195.996 10.000
S_315 -13.255 -90.060 7.000
M_316 0.000 401.769 7.000
L_317 0.000 679.918 10.000
Q_318 -16.691 -643.904 7.000
K_319 -13.255 -818.649 7.000
I_320 0.000 777.529 10.000
L_321 0.000 679.918 9.000
T_322 -17.098 -90.974 11.000
T_323 -20.127 -90.974 16.000
R_324 -36.459 -1015.709 21.000
R_325 -37.098 -1015.709 22.000
R_326 -37.098 -1015.709 22.000
E_327 -27.150 -605.239 17.000
T_328 -17.811 -90.974 12.000
G_329 0.000 -27.649 11.000
G_330 0.000 -27.649 11.000
N_331 -18.409 -507.047 8.000
E_332 -18.409 -605.239 8.000
P_333 0.000 -195.996 8.000
L_334 0.000 679.918 4.000
P_335 0.000 -195.996 0.000
V_336 0.000 613.196 3.000
P_337 0.000 -195.996 3.000
T_338 -13.255 -90.974 7.000
L_339 0.000 679.918 9.000
Q_340 -22.253 -643.904 11.000
H_341 -9.978 -583.484 8.000
H_342 -9.978 -583.484 8.000
L_343 0.000 679.918 4.000
A_344 0.000 185.740 2.000
P_345 0.000 -195.996 0.000
P_346 0.000 -195.996 4.000
A_347 0.000 185.740 4.000
E_348 -19.866 -605.239 9.000
A_349 0.000 185.740 12.000
R_350 -28.412 -1015.709 12.000
K_351 -14.420 -818.649 8.000
V_352 0.000 613.196 11.000
P_353 0.000 -195.996 6.000
S_354 -11.867 -90.060 6.000
A_355 0.000 185.740 10.000
S_356 -16.309 -90.060 10.000
Q_357 -22.253 -643.904 11.000
V_358 0.000 613.196 11.000
Q_359 -18.409 -643.904 8.000
A_360 0.000 185.740 7.000
I_361 0.000 777.529 7.000
K_362 -4.441 -818.649 3.000
C_363 0.000 322.480 3.000
F_364 0.000 560.542 6.000
L_365 0.000 679.918 6.000
S_366 -11.867 -90.060 6.000
K_367 -13.255 -818.649 7.000
C_368 0.000 322.480 10.000
W_369 -4.824 -203.500 7.000
S_370 -14.420 -90.060 8.000
L_371 0.000 679.918 8.000
N_372 -21.132 -507.047 10.000
I_373 0.000 777.529 10.000
S_374 -18.462 -90.060 13.000
T_375 -18.462 -90.974 13.000
K_376 -19.613 -818.649 15.000
E_377 -23.258 -605.239 12.000
Y_378 -11.652 -274.939 11.000
A_379 0.000 185.740 8.000
Y_380 -9.265 -274.939 7.000
L_381 0.000 679.918 5.000
K_382 -14.420 -818.649 8.000
G_383 0.000 -27.649 6.000
T_384 -11.867 -90.974 6.000
V_385 0.000 613.196 3.000
L_386 0.000 679.918 7.000
F_387 0.000 560.542 4.000
N_388 -18.409 -507.047 8.000
P_389 0.000 -195.996 8.000
D_390 -18.409 -475.402 8.000
V_391 0.000 613.196 4.000
P_392 0.000 -195.996 4.000
G_393 0.000 -27.649 4.000
L_394 0.000 679.918 4.000
Q_395 -7.878 -643.904 4.000
C_396 0.000 322.480 7.000
V_397 0.000 613.196 9.000
K_398 -10.149 -818.649 5.000
Y_399 -10.601 -274.939 9.000
I_400 0.000 777.529 9.000
Q_401 -14.591 -643.904 6.000
G_402 0.000 -27.649 8.000
L_403 0.000 679.918 9.000
Q_404 -11.867 -643.904 5.000
W_405 -5.155 -203.500 8.000
G_406 0.000 -27.649 12.000
T_407 -17.811 -90.974 12.000
Q_408 -22.253 -643.904 11.000
Q_409 -22.253 -643.904 11.000
I_410 0.000 777.529 11.000
L_411 0.000 679.918 11.000
S_412 -15.425 -90.060 9.000
E_413 -23.258 -605.239 12.000
H_414 -13.896 -583.484 17.000
T_415 -19.059 -90.974 14.000
R_416 -29.616 -1015.709 13.000
M_417 0.000 401.769 13.000
T_418 -19.059 -90.974 14.000
H_419 -10.601 -583.484 9.000
Q_420 -19.866 -643.904 9.000
G_421 0.000 -27.649 8.000
P_422 0.000 -195.996 10.000
H_423 -11.652 -583.484 11.000
D_424 -22.253 -475.402 11.000
R_425 -27.076 -1015.709 11.000
F_426 0.000 560.542 13.000
I_427 0.000 777.529 9.000
E_428 -18.409 -605.239 8.000
L_429 0.000 679.918 11.000
N_430 -25.003 -507.047 14.000
S_431 -16.309 -90.060 10.000
T_432 -16.309 -90.974 10.000
L_433 0.000 679.918 6.000
F_434 0.000 560.542 3.000
L_435 0.000 679.918 5.000
L_436 0.000 679.918 5.000
R_437 -11.867 -1015.709 5.000
F_438 0.000 560.542 9.000
I_439 0.000 777.529 9.000
N_440 -18.409 -507.047 8.000
A_441 0.000 185.740 8.000
N_442 -18.409 -507.047 8.000
V_443 0.000 613.196 4.000
I_444 0.000 777.529 8.000
A_445 0.000 185.740 4.000
E_446 -7.878 -605.239 4.000
L_447 0.000 679.918 4.000
F_448 0.000 560.542 9.000
F_449 0.000 560.542 5.000
R_450 -11.867 -1015.709 5.000
P_451 0.000 -195.996 5.000
I_452 0.000 777.529 5.000
I_453 0.000 777.529 3.000
G_454 0.000 -27.649 3.000
T_455 -11.867 -90.974 6.000
V_456 0.000 613.196 6.000
S_457 -16.309 -90.060 10.000
M_458 0.000 401.769 11.000
D_459 -22.253 -475.402 11.000
D_460 -18.409 -475.402 8.000
M_461 0.000 401.769 8.000
M_462 0.000 401.769 8.000
L_463 0.000 679.918 4.000
E_464 -7.878 -605.239 4.000
M_465 0.000 401.769 4.000
L_466 0.000 679.918 7.000
C_467 0.000 322.480 6.000
T_468 -11.867 -90.974 6.000
K_469 -11.867 -818.649 6.000
I_470 0.000 777.529 6.000
