M_1 0.000 401.769 0.000
M_2 0.000 401.769 5.000
G_3 0.000 -27.649 10.000
R_4 -31.716 -1015.709 15.000
R_5 -31.716 -1015.709 15.000
R_6 -31.716 -1015.709 15.000
A_7 0.000 185.740 10.000
F_8 0.000 560.542 5.000
A_9 0.000 185.740 4.000
V_10 0.000 613.196 4.000
D_11 -19.866 -475.402 9.000
G_12 0.000 -27.649 13.000
R_13 -29.616 -1015.709 13.000
D_14 -19.866 -475.402 9.000
G_15 0.000 -27.649 9.000
A_16 0.000 185.740 8.000
G_17 0.000 -27.649 4.000
E_18 -7.878 -605.239 4.000
G_19 0.000 -27.649 4.000
L_20 0.000 679.918 9.000
A_21 0.000 185.740 5.000
R_22 -11.867 -1015.709 5.000
G_23 0.000 -27.649 5.000
C_24 0.000 322.480 5.000
I_25 0.000 777.529 0.000
V_26 0.000 613.196 0.000
P_27 0.000 -195.996 0.000
G_28 0.000 -27.649 3.000
V_29 0.000 613.196 6.000
T_30 -15.425 -90.974 9.000
S_31 -17.098 -90.060 11.000
T_32 -20.127 -90.974 16.000
Y_33 -14.188 -274.939 18.000
R_34 -31.716 -1015.709 15.000
R_35 -28.412 -1015.709 12.000
I_36 0.000 777.529 14.000
P_37 0.000 -195.996 9.000
D_38 -7.878 -475.402 4.000
A_39 0.000 185.740 6.000
A_40 0.000 185.740 6.000
H_41 -1.718 -583.484 2.000
G_42 0.000 -27.649 5.000
C_43 0.000 322.480 8.000
S_44 -13.255 -90.060 7.000
S_45 -17.098 -90.060 11.000
W_46 -6.873 -203.500 16.000
E_47 -24.169 -605.239 13.000
R_48 -30.711 -1015.709 14.000
G_49 0.000 -27.649 16.000
D_50 -23.258 -475.402 12.000
K_51 -17.811 -818.649 12.000
F_52 0.000 560.542 12.000
R_53 -21.845 -1015.709 8.000
G_54 0.000 -27.649 5.000
V_55 0.000 613.196 10.000
G_56 0.000 -27.649 9.000
R_57 -23.856 -1015.709 9.000
E_58 -19.866 -605.239 9.000
A_59 0.000 185.740 9.000
L_60 0.000 679.918 4.000
F_61 0.000 560.542 3.000
L_62 0.000 679.918 3.000
K_63 -4.441 -818.649 3.000
L_64 0.000 679.918 6.000
A_65 0.000 185.740 11.000
S_66 -17.811 -90.060 12.000
R_67 -31.716 -1015.709 15.000
D_68 -25.772 -475.402 15.000
S_69 -17.811 -90.060 12.000
G_70 0.000 -27.649 11.000
V_71 0.000 613.196 7.000
E_72 -7.878 -605.239 4.000
M_73 0.000 401.769 4.000
A_74 0.000 185.740 4.000
V_75 0.000 613.196 4.000
G_76 0.000 -27.649 7.000
D_77 -16.691 -475.402 7.000
S_78 -13.255 -90.060 7.000
P_79 0.000 -195.996 7.000
L_80 0.000 679.918 3.000
A_81 0.000 185.740 0.000
A_82 0.000 185.740 0.000
L_83 0.000 679.918 0.000
P_84 0.000 -195.996 0.000
G_85 0.000 -27.649 3.000
L_86 0.000 679.918 7.000
S_87 -17.098 -90.060 11.000
Q_88 -25.003 -643.904 14.000
D_89 -25.003 -475.402 14.000
S_90 -19.613 -90.060 15.000
L_91 0.000 679.918 11.000
D_92 -22.253 -475.402 11.000
F_93 0.000 560.542 11.000
E_94 -25.003 -605.239 14.000
S_95 -16.309 -90.060 10.000
S_96 -18.462 -90.060 13.000
G_97 0.000 -27.649 12.000
S_98 -18.462 -90.060 13.000
S_99 -16.309 -90.060 10.000
E_100 -21.132 -605.239 10.000
P_101 0.000 -195.996 7.000
P_102 0.000 -195.996 8.000
A_103 0.000 185.740 4.000
Q_104 -7.878 -643.904 4.000
V_105 0.000 613.196 9.000
G_106 0.000 -27.649 9.000
R_107 -11.867 -1015.709 5.000
L_108 0.000 679.918 5.000
L_109 0.000 679.918 8.000
A_110 0.000 185.740 7.000
S_111 -16.309 -90.060 10.000
Q_112 -21.132 -643.904 10.000
K_113 -16.309 -818.649 10.000
L_114 0.000 679.918 11.000
G_115 0.000 -27.649 7.000
E_116 -7.878 -605.239 4.000
V_117 0.000 613.196 8.000
L_118 0.000 679.918 13.000
E_119 -23.258 -605.239 12.000
R_120 -33.508 -1015.709 17.000
S_121 -22.635 -90.060 22.000
R_122 -34.315 -1015.709 18.000
R_123 -29.616 -1015.709 13.000
L_124 0.000 679.918 13.000
P_125 0.000 -195.996 8.000
T_126 -4.441 -90.974 3.000
A_127 0.000 185.740 6.000
P_128 0.000 -195.996 9.000
T_129 -11.867 -90.974 6.000
S_130 -15.425 -90.060 9.000
L_131 0.000 679.918 9.000
S_132 -16.309 -90.060 10.000
G_133 0.000 -27.649 9.000
Q_134 -25.003 -643.904 14.000
H_135 -12.900 -583.484 14.000
R_136 -30.711 -1015.709 14.000
S_137 -19.613 -90.060 15.000
L_138 0.000 679.918 13.000
R_139 -21.845 -1015.709 8.000
L_140 0.000 679.918 8.000
A_141 0.000 185.740 11.000
S_142 -11.867 -90.060 6.000
K_143 -16.309 -818.649 10.000
P_144 0.000 -195.996 15.000
E_145 -26.485 -605.239 16.000
R_146 -29.616 -1015.709 13.000
E_147 -24.169 -605.239 13.000
V_148 0.000 613.196 9.000
P_149 0.000 -195.996 4.000
L_150 0.000 679.918 0.000
G_151 0.000 -27.649 0.000
A_152 0.000 185.740 4.000
G_153 0.000 -27.649 8.000
Q_154 -23.258 -643.904 12.000
Q_155 -25.772 -643.904 15.000
E_156 -25.772 -605.239 15.000
S_157 -19.613 -90.060 15.000
M_158 0.000 401.769 11.000
E_159 -22.253 -605.239 11.000
A_160 0.000 185.740 11.000
D_161 -25.772 -475.402 15.000
T_162 -17.098 -90.974 11.000
D_163 -25.772 -475.402 15.000
L_164 0.000 679.918 11.000
E_165 -18.409 -605.239 8.000
A_166 0.000 185.740 4.000
G_167 0.000 -27.649 8.000
L_168 0.000 679.918 8.000
E_169 -23.258 -605.239 12.000
E_170 -23.258 -605.239 12.000
E_171 -23.258 -605.239 12.000
A_172 0.000 185.740 8.000
V_173 0.000 613.196 4.000
G_174 0.000 -27.649 0.000
G_175 0.000 -27.649 0.000
L_176 0.000 679.918 0.000
G_177 0.000 -27.649 0.000
P_178 0.000 -195.996 0.000
G_179 0.000 -27.649 1.000
A_180 0.000 185.740 1.000
W_181 -0.000 -203.500 1.000
A_182 0.000 185.740 1.000
C_183 0.000 322.480 1.000
L_184 0.000 679.918 0.000
P_185 0.000 -195.996 4.000
G_186 0.000 -27.649 4.000
Q_187 -7.878 -643.904 4.000
G_188 0.000 -27.649 9.000
L_189 0.000 679.918 11.000
R_190 -19.414 -1015.709 7.000
Y_191 -11.652 -274.939 11.000
L_192 0.000 679.918 13.000
E_193 -18.409 -605.239 8.000
H_194 -8.431 -583.484 6.000
L_195 0.000 679.918 6.000
C_196 0.000 322.480 2.000
L_197 0.000 679.918 0.000
V_198 0.000 613.196 4.000
L_199 0.000 679.918 8.000
E_200 -18.409 -605.239 8.000
Q_201 -18.409 -643.904 8.000
M_202 0.000 401.769 13.000
A_203 0.000 185.740 9.000
R_204 -23.856 -1015.709 9.000
L_205 0.000 679.918 13.000
Q_206 -24.169 -643.904 13.000
Q_207 -21.132 -643.904 10.000
L_208 0.000 679.918 10.000
Y_209 -11.154 -274.939 10.000
L_210 0.000 679.918 6.000
Q_211 -22.253 -643.904 11.000
L_212 0.000 679.918 9.000
R_213 -29.616 -1015.709 13.000
I_214 0.000 777.529 14.000
Q_215 -25.003 -643.904 14.000
R_216 -23.856 -1015.709 9.000
P_217 0.000 -195.996 9.000
P_218 0.000 -195.996 9.000
G_219 0.000 -27.649 4.000
D_220 -7.878 -475.402 4.000
P_221 0.000 -195.996 8.000
G_222 0.000 -27.649 12.000
E_223 -23.258 -605.239 12.000
E_224 -25.772 -605.239 15.000
E_225 -27.773 -605.239 18.000
S_226 -21.486 -90.060 19.000
T_227 -19.613 -90.974 15.000
R_228 -27.076 -1015.709 11.000
A_229 0.000 185.740 8.000
P_230 0.000 -195.996 5.000
L_231 0.000 679.918 3.000
P_232 0.000 -195.996 3.000
S_233 -4.441 -90.060 3.000
P_234 0.000 -195.996 5.000
L_235 0.000 679.918 8.000
H_236 -7.426 -583.484 5.000
T_237 -10.149 -90.974 5.000
P_238 0.000 -195.996 9.000
G_239 0.000 -27.649 12.000
N_240 -19.866 -507.047 9.000
R_241 -29.616 -1015.709 13.000
G_242 0.000 -27.649 13.000
Q_243 -19.866 -643.904 9.000
G_244 0.000 -27.649 5.000
P_245 0.000 -195.996 9.000
W_246 -3.990 -203.500 5.000
E_247 -11.867 -605.239 5.000
L_248 0.000 679.918 8.000
L_249 0.000 679.918 11.000
S_250 -16.309 -90.060 10.000
Q_251 -25.003 -643.904 14.000
T_252 -20.127 -90.974 16.000
E_253 -26.485 -605.239 16.000
H_254 -12.104 -583.484 12.000
T_255 -15.425 -90.974 9.000
G_256 0.000 -27.649 8.000
A_257 0.000 185.740 6.000
K_258 -4.441 -818.649 3.000
A_259 0.000 185.740 6.000
A_260 0.000 185.740 6.000
S_261 -4.441 -90.060 3.000
P_262 0.000 -195.996 6.000
P_263 0.000 -195.996 6.000
K_264 -13.255 -818.649 7.000
V_265 0.000 613.196 7.000
E_266 -16.691 -605.239 7.000
V_267 0.000 613.196 7.000
P_268 0.000 -195.996 7.000
S_269 -13.255 -90.060 7.000
A_270 0.000 185.740 7.000
N_271 -16.691 -507.047 7.000
P_272 0.000 -195.996 9.000
P_273 0.000 -195.996 9.000
R_274 -11.867 -1015.709 5.000
L_275 0.000 679.918 9.000
P_276 0.000 -195.996 12.000
E_277 -16.691 -605.239 7.000
T_278 -13.255 -90.974 7.000
P_279 0.000 -195.996 11.000
V_280 0.000 613.196 7.000
E_281 -16.691 -605.239 7.000
P_282 0.000 -195.996 9.000
T_283 -17.098 -90.974 11.000
Y_284 -9.265 -274.939 7.000
H_285 -9.265 -583.484 7.000
L_286 0.000 679.918 7.000
P_287 0.000 -195.996 8.000
S_288 -16.309 -90.060 10.000
S_289 -16.309 -90.060 10.000
Q_290 -23.258 -643.904 12.000
G_291 0.000 -27.649 12.000
H_292 -12.900 -583.484 14.000
K_293 -19.059 -818.649 14.000
R_294 -30.711 -1015.709 14.000
D_295 -25.772 -475.402 15.000
I_296 0.000 777.529 14.000
S_297 -16.309 -90.060 10.000
H_298 -11.154 -583.484 10.000
W_299 -6.358 -203.500 13.000
D_300 -21.132 -475.402 10.000
K_301 -17.098 -818.649 11.000
V_302 0.000 613.196 10.000
K_303 -11.867 -818.649 6.000
V_304 0.000 613.196 3.000
L_305 0.000 679.918 7.000
L_306 0.000 679.918 9.000
N_307 -19.866 -507.047 9.000
R_308 -23.856 -1015.709 9.000
I_309 0.000 777.529 14.000
C_310 0.000 322.480 15.000
R_311 -29.616 -1015.709 13.000
R_312 -31.716 -1015.709 15.000
S_313 -20.609 -90.060 17.000
H_314 -12.900 -583.484 14.000
H_315 -10.601 -583.484 9.000
H_316 -11.154 -583.484 10.000
P_317 0.000 -195.996 8.000
E_318 -14.591 -605.239 6.000
P_319 0.000 -195.996 4.000
P_320 0.000 -195.996 4.000
A_321 0.000 185.740 0.000
P_322 0.000 -195.996 4.000
P_323 0.000 -195.996 4.000
D_324 -16.691 -475.402 7.000
G_325 0.000 -27.649 11.000
S_326 -17.098 -90.060 11.000
D_327 -23.258 -475.402 12.000
P_328 0.000 -195.996 12.000
R_329 -29.616 -1015.709 13.000
I_330 0.000 777.529 12.000
E_331 -27.150 -605.239 17.000
S_332 -20.127 -90.060 16.000
R_333 -32.645 -1015.709 16.000
D_334 -23.258 -475.402 12.000
L_335 0.000 679.918 13.000
P_336 0.000 -195.996 13.000
E_337 -19.866 -605.239 9.000
R_338 -29.616 -1015.709 13.000
P_339 0.000 -195.996 13.000
Q_340 -25.003 -643.904 14.000
C_341 0.000 322.480 9.000
R_342 -27.076 -1015.709 11.000
P_343 0.000 -195.996 12.000
H_344 -13.255 -583.484 15.000
R_345 -29.616 -1015.709 13.000
K_346 -18.462 -818.649 13.000
T_347 -17.098 -90.974 11.000
F_348 0.000 560.542 6.000
M_349 0.000 401.769 6.000
P_350 0.000 -195.996 3.000
S_351 -4.441 -90.060 3.000
L_352 0.000 679.918 3.000
V_353 0.000 613.196 6.000
V_354 0.000 613.196 6.000
K_355 -16.309 -818.649 10.000
K_356 -19.613 -818.649 15.000
Q_357 -25.772 -643.904 15.000
R_358 -31.716 -1015.709 15.000
A_359 0.000 185.740 16.000
K_360 -17.811 -818.649 12.000
N_361 -21.132 -507.047 10.000
L_362 0.000 679.918 10.000
S_363 -13.255 -90.060 7.000
V_364 0.000 613.196 3.000
G_365 0.000 -27.649 3.000
