M_1 0.000 401.769 3.000
P_2 0.000 -195.996 3.000
K_3 -4.441 -818.649 3.000
I_4 0.000 777.529 3.000
V_5 0.000 613.196 7.000
L_6 0.000 679.918 4.000
N_7 -7.878 -507.047 4.000
G_8 0.000 -27.649 7.000
V_9 0.000 613.196 7.000
T_10 -13.255 -90.974 7.000
V_11 0.000 613.196 7.000
D_12 -16.691 -475.402 7.000
F_13 0.000 560.542 4.000
P_14 0.000 -195.996 8.000
F_15 0.000 560.542 4.000
Q_16 -14.591 -643.904 6.000
P_17 0.000 -195.996 9.000
Y_18 -10.601 -274.939 9.000
K_19 -15.425 -818.649 9.000
C_20 0.000 322.480 13.000
Q_21 -25.772 -643.904 15.000
Q_22 -25.003 -643.904 14.000
E_23 -25.003 -605.239 14.000
Y_24 -12.518 -274.939 13.000
M_25 0.000 401.769 12.000
T_26 -14.420 -90.974 8.000
K_27 -11.867 -818.649 6.000
V_28 0.000 613.196 10.000
L_29 0.000 679.918 7.000
E_30 -7.878 -605.239 4.000
C_31 0.000 322.480 8.000
L_32 0.000 679.918 12.000
Q_33 -22.253 -643.904 11.000
Q_34 -22.253 -643.904 11.000
K_35 -19.613 -818.649 15.000
V_36 0.000 613.196 11.000
N_37 -16.691 -507.047 7.000
G_38 0.000 -27.649 4.000
I_39 0.000 777.529 8.000
L_40 0.000 679.918 7.000
E_41 -16.691 -605.239 7.000
S_42 -16.309 -90.060 10.000
P_43 0.000 -195.996 10.000
T_44 -15.425 -90.974 9.000
G_45 0.000 -27.649 6.000
T_46 -15.425 -90.974 9.000
G_47 0.000 -27.649 9.000
K_48 -15.425 -818.649 9.000
T_49 -11.867 -90.974 6.000
L_50 0.000 679.918 6.000
C_51 0.000 322.480 3.000
L_52 0.000 679.918 0.000
L_53 0.000 679.918 3.000
C_54 0.000 322.480 6.000
T_55 -11.867 -90.974 6.000
T_56 -11.867 -90.974 6.000
L_57 0.000 679.918 7.000
A_58 0.000 185.740 9.000
W_59 -5.708 -203.500 10.000
R_60 -28.412 -1015.709 12.000
E_61 -23.258 -605.239 12.000
H_62 -13.586 -583.484 16.000
L_63 0.000 679.918 15.000
R_64 -27.076 -1015.709 11.000
D_65 -19.866 -475.402 9.000
G_66 0.000 -27.649 12.000
I_67 0.000 777.529 7.000
S_68 -14.420 -90.060 8.000
A_69 0.000 185.740 11.000
R_70 -27.076 -1015.709 11.000
K_71 -14.420 -818.649 8.000
I_72 0.000 777.529 12.000
A_73 0.000 185.740 12.000
E_74 -19.866 -605.239 9.000
R_75 -29.616 -1015.709 13.000
A_76 0.000 185.740 13.000
Q_77 -24.169 -643.904 13.000
G_78 0.000 -27.649 8.000
E_79 -18.409 -605.239 8.000
L_80 0.000 679.918 4.000
F_81 0.000 560.542 8.000
P_82 0.000 -195.996 9.000
D_83 -19.866 -475.402 9.000
R_84 -23.856 -1015.709 9.000
A_85 0.000 185.740 12.000
L_86 0.000 679.918 11.000
S_87 -13.255 -90.060 7.000
S_88 -13.255 -90.060 7.000
W_89 -5.944 -203.500 11.000
G_90 0.000 -27.649 8.000
N_91 -11.867 -507.047 5.000
A_92 0.000 185.740 4.000
A_93 0.000 185.740 4.000
A_94 0.000 185.740 0.000
A_95 0.000 185.740 0.000
A_96 0.000 185.740 4.000
G_97 0.000 -27.649 4.000
D_98 -7.878 -475.402 4.000
P_99 0.000 -195.996 4.000
I_100 0.000 777.529 4.000
A_101 0.000 185.740 2.000
C_102 0.000 322.480 5.000
Y_103 -10.601 -274.939 9.000
T_104 -15.425 -90.974 9.000
D_105 -19.866 -475.402 9.000
I_106 0.000 777.529 10.000
P_107 0.000 -195.996 7.000
K_108 -4.441 -818.649 3.000
I_109 0.000 777.529 5.000
I_110 0.000 777.529 5.000
Y_111 -7.426 -274.939 5.000
A_112 0.000 185.740 10.000
S_113 -18.462 -90.060 13.000
R_114 -29.616 -1015.709 13.000
T_115 -20.127 -90.974 16.000
H_116 -13.896 -583.484 17.000
S_117 -17.811 -90.060 12.000
Q_118 -23.258 -643.904 12.000
L_119 0.000 679.918 14.000
T_120 -17.098 -90.974 11.000
Q_121 -16.691 -643.904 7.000
V_122 0.000 613.196 11.000
I_123 0.000 777.529 12.000
N_124 -18.409 -507.047 8.000
E_125 -24.169 -605.239 13.000
L_126 0.000 679.918 17.000
R_127 -32.645 -1015.709 16.000
N_128 -25.772 -507.047 15.000
T_129 -20.609 -90.974 17.000
S_130 -20.609 -90.060 17.000
Y_131 -12.518 -274.939 13.000
R_132 -29.616 -1015.709 13.000
P_133 0.000 -195.996 10.000
K_134 -14.420 -818.649 8.000
V_135 0.000 613.196 3.000
C_136 0.000 322.480 3.000
V_137 0.000 613.196 0.000
L_138 0.000 679.918 3.000
G_139 0.000 -27.649 8.000
S_140 -17.811 -90.060 12.000
R_141 -32.645 -1015.709 16.000
E_142 -26.485 -605.239 16.000
Q_143 -24.169 -643.904 13.000
L_144 0.000 679.918 8.000
C_145 0.000 322.480 6.000
I_146 0.000 777.529 2.000
H_147 -8.431 -583.484 6.000
P_148 0.000 -195.996 6.000
E_149 -19.866 -605.239 9.000
V_150 0.000 613.196 10.000
K_151 -19.059 -818.649 14.000
K_152 -19.059 -818.649 14.000
Q_153 -27.150 -643.904 17.000
E_154 -27.773 -605.239 18.000
S_155 -20.609 -90.060 17.000
N_156 -24.169 -507.047 13.000
H_157 -12.518 -583.484 13.000
L_158 0.000 679.918 10.000
Q_159 -18.409 -643.904 8.000
I_160 0.000 777.529 6.000
H_161 -8.431 -583.484 6.000
L_162 0.000 679.918 7.000
C_163 0.000 322.480 10.000
R_164 -27.076 -1015.709 11.000
K_165 -17.098 -818.649 11.000
K_166 -17.098 -818.649 11.000
V_167 0.000 613.196 9.000
A_168 0.000 185.740 11.000
S_169 -17.098 -90.060 11.000
R_170 -27.076 -1015.709 11.000
S_171 -18.462 -90.060 13.000
C_172 0.000 322.480 10.000
H_173 -9.265 -583.484 7.000
F_174 0.000 560.542 8.000
Y_175 -12.104 -274.939 12.000
N_176 -21.132 -507.047 10.000
N_177 -25.003 -507.047 14.000
V_178 0.000 613.196 16.000
E_179 -25.772 -605.239 15.000
E_180 -25.003 -605.239 14.000
K_181 -19.059 -818.649 14.000
S_182 -19.059 -90.060 14.000
L_183 0.000 679.918 14.000
E_184 -25.772 -605.239 15.000
Q_185 -23.258 -643.904 12.000
E_186 -23.258 -605.239 12.000
L_187 0.000 679.918 11.000
A_188 0.000 185.740 7.000
S_189 -4.441 -90.060 3.000
P_190 0.000 -195.996 3.000
I_191 0.000 777.529 7.000
L_192 0.000 679.918 4.000
D_193 -18.409 -475.402 8.000
I_194 0.000 777.529 12.000
E_195 -23.258 -605.239 12.000
D_196 -18.409 -475.402 8.000
L_197 0.000 679.918 11.000
V_198 0.000 613.196 10.000
K_199 -11.867 -818.649 6.000
S_200 -15.425 -90.060 9.000
G_201 0.000 -27.649 12.000
S_202 -17.098 -90.060 11.000
K_203 -18.462 -818.649 13.000
H_204 -12.518 -583.484 13.000
R_205 -25.574 -1015.709 10.000
V_206 0.000 613.196 7.000
C_207 0.000 322.480 7.000
P_208 0.000 -195.996 4.000
Y_209 -6.160 -274.939 4.000
Y_210 -9.265 -274.939 7.000
L_211 0.000 679.918 12.000
S_212 -19.059 -90.060 14.000
R_213 -28.412 -1015.709 12.000
N_214 -25.772 -507.047 15.000
L_215 0.000 679.918 16.000
K_216 -19.613 -818.649 15.000
Q_217 -22.253 -643.904 11.000
Q_218 -25.772 -643.904 15.000
A_219 0.000 185.740 12.000
D_220 -18.409 -475.402 8.000
I_221 0.000 777.529 4.000
I_222 0.000 777.529 4.000
F_223 0.000 560.542 0.000
M_224 0.000 401.769 2.000
P_225 0.000 -195.996 6.000
Y_226 -9.978 -274.939 8.000
N_227 -18.409 -507.047 8.000
Y_228 -9.978 -274.939 8.000
L_229 0.000 679.918 10.000
L_230 0.000 679.918 6.000
D_231 -16.691 -475.402 7.000
A_232 0.000 185.740 10.000
K_233 -19.613 -818.649 15.000
S_234 -20.127 -90.060 16.000
R_235 -32.645 -1015.709 16.000
R_236 -31.716 -1015.709 15.000
A_237 0.000 185.740 16.000
H_238 -11.652 -583.484 11.000
N_239 -21.132 -507.047 10.000
I_240 0.000 777.529 10.000
D_241 -22.253 -475.402 11.000
L_242 0.000 679.918 7.000
K_243 -16.309 -818.649 10.000
G_244 0.000 -27.649 6.000
T_245 -11.867 -90.974 6.000
V_246 0.000 613.196 3.000
V_247 0.000 613.196 3.000
I_248 0.000 777.529 4.000
F_249 0.000 560.542 8.000
D_250 -18.409 -475.402 8.000
E_251 -21.132 -605.239 10.000
A_252 0.000 185.740 14.000
H_253 -11.154 -583.484 10.000
N_254 -21.132 -507.047 10.000
V_255 0.000 613.196 13.000
E_256 -22.253 -605.239 11.000
K_257 -13.255 -818.649 7.000
M_258 0.000 401.769 11.000
C_259 0.000 322.480 11.000
E_260 -22.253 -605.239 11.000
E_261 -22.253 -605.239 11.000
S_262 -19.059 -90.060 14.000
A_263 0.000 185.740 10.000
S_264 -16.309 -90.060 10.000
F_265 0.000 560.542 7.000
D_266 -21.132 -475.402 10.000
L_267 0.000 679.918 7.000
T_268 -15.425 -90.974 9.000
P_269 0.000 -195.996 9.000
H_270 -10.601 -583.484 9.000
D_271 -14.591 -475.402 6.000
L_272 0.000 679.918 9.000
A_273 0.000 185.740 7.000
S_274 -4.441 -90.060 3.000
G_275 0.000 -27.649 7.000
L_276 0.000 679.918 7.000
D_277 -7.878 -475.402 4.000
V_278 0.000 613.196 8.000
I_279 0.000 777.529 12.000
D_280 -18.409 -475.402 8.000
Q_281 -18.409 -643.904 8.000
V_282 0.000 613.196 12.000
L_283 0.000 679.918 12.000
E_284 -23.258 -605.239 12.000
E_285 -25.772 -605.239 15.000
Q_286 -27.773 -643.904 18.000
T_287 -19.059 -90.974 14.000
K_288 -16.309 -818.649 10.000
A_289 0.000 185.740 10.000
A_290 0.000 185.740 11.000
Q_291 -18.409 -643.904 8.000
Q_292 -23.258 -643.904 12.000
G_293 0.000 -27.649 12.000
E_294 -21.132 -605.239 10.000
P_295 0.000 -195.996 6.000
H_296 -11.154 -583.484 10.000
P_297 0.000 -195.996 6.000
E_298 -19.866 -605.239 9.000
F_299 0.000 560.542 7.000
S_300 -17.098 -90.060 11.000
A_301 0.000 185.740 10.000
D_302 -21.132 -475.402 10.000
S_303 -16.309 -90.060 10.000
P_304 0.000 -195.996 10.000
S_305 -11.867 -90.060 6.000
P_306 0.000 -195.996 3.000
G_307 0.000 -27.649 7.000
L_308 0.000 679.918 4.000
N_309 -18.409 -507.047 8.000
M_310 0.000 401.769 8.000
E_311 -23.258 -605.239 12.000
L_312 0.000 679.918 12.000
E_313 -23.258 -605.239 12.000
D_314 -18.409 -475.402 8.000
I_315 0.000 777.529 11.000
A_316 0.000 185.740 7.000
K_317 -11.867 -818.649 6.000
L_318 0.000 679.918 6.000
K_319 -11.867 -818.649 6.000
M_320 0.000 401.769 3.000
I_321 0.000 777.529 3.000
L_322 0.000 679.918 5.000
L_323 0.000 679.918 5.000
R_324 -23.856 -1015.709 9.000
L_325 0.000 679.918 9.000
E_326 -19.866 -605.239 9.000
G_327 0.000 -27.649 4.000
A_328 0.000 185.740 8.000
I_329 0.000 777.529 4.000
D_330 -7.878 -475.402 4.000
A_331 0.000 185.740 8.000
V_332 0.000 613.196 8.000
E_333 -7.878 -605.239 4.000
L_334 0.000 679.918 4.000
P_335 0.000 -195.996 8.000
G_336 0.000 -27.649 8.000
D_337 -22.253 -475.402 11.000
D_338 -22.253 -475.402 11.000
S_339 -17.098 -90.060 11.000
G_340 0.000 -27.649 10.000
V_341 0.000 613.196 9.000
T_342 -11.867 -90.974 6.000
K_343 -11.867 -818.649 6.000
P_344 0.000 -195.996 9.000
G_345 0.000 -27.649 8.000
S_346 -10.149 -90.060 5.000
Y_347 -7.426 -274.939 5.000
I_348 0.000 777.529 9.000
F_349 0.000 560.542 6.000
E_350 -7.878 -605.239 4.000
L_351 0.000 679.918 4.000
F_352 0.000 560.542 8.000
A_353 0.000 185.740 4.000
E_354 -18.409 -605.239 8.000
A_355 0.000 185.740 8.000
Q_356 -22.253 -643.904 11.000
I_357 0.000 777.529 7.000
T_358 -17.098 -90.974 11.000
F_359 0.000 560.542 10.000
Q_360 -24.169 -643.904 13.000
T_361 -16.309 -90.974 10.000
K_362 -16.309 -818.649 10.000
G_363 0.000 -27.649 6.000
C_364 0.000 322.480 3.000
I_365 0.000 777.529 4.000
L_366 0.000 679.918 7.000
D_367 -16.691 -475.402 7.000
S_368 -17.098 -90.060 11.000
L_369 0.000 679.918 15.000
D_370 -22.253 -475.402 11.000
Q_371 -18.409 -643.904 8.000
I_372 0.000 777.529 12.000
I_373 0.000 777.529 10.000
Q_374 -14.591 -643.904 6.000
H_375 -8.431 -583.484 6.000
L_376 0.000 679.918 6.000
A_377 0.000 185.740 7.000
G_378 0.000 -27.649 5.000
R_379 -11.867 -1015.709 5.000
A_380 0.000 185.740 5.000
G_381 0.000 -27.649 5.000
V_382 0.000 613.196 3.000
F_383 0.000 560.542 7.000
T_384 -16.309 -90.974 10.000
N_385 -21.132 -507.047 10.000
T_386 -16.309 -90.974 10.000
A_387 0.000 185.740 7.000
G_388 0.000 -27.649 7.000
L_389 0.000 679.918 7.000
Q_390 -16.691 -643.904 7.000
K_391 -13.255 -818.649 7.000
L_392 0.000 679.918 11.000
A_393 0.000 185.740 7.000
D_394 -7.878 -475.402 4.000
I_395 0.000 777.529 8.000
I_396 0.000 777.529 8.000
Q_397 -7.878 -643.904 4.000
I_398 0.000 777.529 4.000
V_399 0.000 613.196 7.000
F_400 0.000 560.542 3.000
S_401 -13.255 -90.060 7.000
V_402 0.000 613.196 7.000
D_403 -21.132 -475.402 10.000
P_404 0.000 -195.996 11.000
S_405 -17.098 -90.060 11.000
E_406 -21.132 -605.239 10.000
G_407 0.000 -27.649 10.000
S_408 -13.255 -90.060 7.000
P_409 0.000 -195.996 6.000
G_410 0.000 -27.649 6.000
S_411 -4.441 -90.060 3.000
P_412 0.000 -195.996 3.000
A_413 0.000 185.740 3.000
G_414 0.000 -27.649 0.000
L_415 0.000 679.918 0.000
G_416 0.000 -27.649 0.000
A_417 0.000 185.740 4.000
L_418 0.000 679.918 7.000
Q_419 -19.866 -643.904 9.000
S_420 -17.811 -90.060 12.000
Y_421 -12.104 -274.939 12.000
K_422 -16.309 -818.649 10.000
V_423 0.000 613.196 7.000
H_424 -9.265 -583.484 7.000
I_425 0.000 777.529 4.000
H_426 -9.978 -583.484 8.000
P_427 0.000 -195.996 6.000
D_428 -14.591 -475.402 6.000
A_429 0.000 185.740 6.000
G_430 0.000 -27.649 11.000
H_431 -12.104 -583.484 12.000
R_432 -31.716 -1015.709 15.000
R_433 -31.716 -1015.709 15.000
T_434 -20.609 -90.974 17.000
A_435 0.000 185.740 17.000
Q_436 -25.772 -643.904 15.000
R_437 -32.645 -1015.709 16.000
S_438 -20.127 -90.060 16.000
D_439 -24.169 -475.402 13.000
A_440 0.000 185.740 11.000
W_441 -5.944 -203.500 11.000
S_442 -16.309 -90.060 10.000
T_443 -16.309 -90.974 10.000
T_444 -15.425 -90.974 9.000
A_445 0.000 185.740 11.000
A_446 0.000 185.740 11.000
R_447 -29.616 -1015.709 13.000
K_448 -18.462 -818.649 13.000
R_449 -32.645 -1015.709 16.000
G_450 0.000 -27.649 11.000
K_451 -14.420 -818.649 8.000
V_452 0.000 613.196 6.000
L_453 0.000 679.918 8.000
S_454 -11.867 -90.060 6.000
Y_455 -8.431 -274.939 6.000
W_456 -4.441 -203.500 6.000
C_457 0.000 322.480 6.000
F_458 0.000 560.542 4.000
S_459 -4.441 -90.060 3.000
P_460 0.000 -195.996 5.000
G_461 0.000 -27.649 8.000
H_462 -7.426 -583.484 5.000
S_463 -13.255 -90.060 7.000
M_464 0.000 401.769 11.000
H_465 -10.601 -583.484 9.000
E_466 -14.591 -605.239 6.000
L_467 0.000 679.918 11.000
V_468 0.000 613.196 13.000
R_469 -23.856 -1015.709 9.000
Q_470 -19.866 -643.904 9.000
G_471 0.000 -27.649 14.000
V_472 0.000 613.196 12.000
R_473 -21.845 -1015.709 8.000
S_474 -14.420 -90.060 8.000
L_475 0.000 679.918 8.000
I_476 0.000 777.529 6.000
L_477 0.000 679.918 6.000
T_478 -11.867 -90.974 6.000
S_479 -15.425 -90.060 9.000
G_480 0.000 -27.649 9.000
T_481 -11.867 -90.974 6.000
L_482 0.000 679.918 3.000
A_483 0.000 185.740 3.000
P_484 0.000 -195.996 3.000
V_485 0.000 613.196 6.000
S_486 -11.867 -90.060 6.000
S_487 -11.867 -90.060 6.000
F_488 0.000 560.542 6.000
A_489 0.000 185.740 7.000
L_490 0.000 679.918 4.000
E_491 -18.409 -605.239 8.000
M_492 0.000 401.769 8.000
Q_493 -18.409 -643.904 8.000
I_494 0.000 777.529 4.000
P_495 0.000 -195.996 4.000
F_496 0.000 560.542 0.000
P_497 0.000 -195.996 0.000
V_498 0.000 613.196 0.000
C_499 0.000 322.480 4.000
L_500 0.000 679.918 8.000
E_501 -18.409 -605.239 8.000
N_502 -21.132 -507.047 10.000
P_503 0.000 -195.996 10.000
H_504 -8.431 -583.484 6.000
I_505 0.000 777.529 6.000
I_506 0.000 777.529 9.000
D_507 -19.866 -475.402 9.000
K_508 -18.462 -818.649 13.000
H_509 -12.518 -583.484 13.000
Q_510 -21.132 -643.904 10.000
I_511 0.000 777.529 7.000
W_512 -3.990 -203.500 5.000
V_513 0.000 613.196 1.000
G_514 0.000 -27.649 1.000
V_515 0.000 613.196 0.000
V_516 0.000 613.196 5.000
P_517 0.000 -195.996 5.000
R_518 -11.867 -1015.709 5.000
G_519 0.000 -27.649 9.000
P_520 0.000 -195.996 9.000
D_521 -7.878 -475.402 4.000
G_522 0.000 -27.649 8.000
A_523 0.000 185.740 8.000
Q_524 -16.691 -643.904 7.000
L_525 0.000 679.918 10.000
S_526 -16.309 -90.060 10.000
S_527 -11.867 -90.060 6.000
A_528 0.000 185.740 10.000
F_529 0.000 560.542 12.000
D_530 -25.003 -475.402 14.000
R_531 -30.711 -1015.709 14.000
R_532 -33.508 -1015.709 17.000
F_533 0.000 560.542 17.000
S_534 -20.127 -90.060 16.000
E_535 -22.253 -605.239 11.000
E_536 -22.253 -605.239 11.000
C_537 0.000 322.480 11.000
L_538 0.000 679.918 10.000
S_539 -11.867 -90.060 6.000
S_540 -11.867 -90.060 6.000
L_541 0.000 679.918 9.000
G_542 0.000 -27.649 6.000
K_543 -4.441 -818.649 3.000
A_544 0.000 185.740 3.000
L_545 0.000 679.918 7.000
G_546 0.000 -27.649 4.000
N_547 -7.878 -507.047 4.000
I_548 0.000 777.529 9.000
A_549 0.000 185.740 9.000
R_550 -11.867 -1015.709 5.000
V_551 0.000 613.196 5.000
V_552 0.000 613.196 7.000
P_553 0.000 -195.996 2.000
Y_554 -1.718 -274.939 2.000
G_555 0.000 -27.649 2.000
L_556 0.000 679.918 2.000
L_557 0.000 679.918 0.000
I_558 0.000 777.529 0.000
F_559 0.000 560.542 0.000
F_560 0.000 560.542 3.000
P_561 0.000 -195.996 5.000
S_562 -10.149 -90.060 5.000
Y_563 -7.426 -274.939 5.000
P_564 0.000 -195.996 5.000
V_565 0.000 613.196 6.000
M_566 0.000 401.769 7.000
E_567 -21.132 -605.239 10.000
K_568 -16.309 -818.649 10.000
S_569 -19.059 -90.060 14.000
L_570 0.000 679.918 10.000
E_571 -18.409 -605.239 8.000
F_572 0.000 560.542 10.000
W_573 -5.708 -203.500 10.000
R_574 -27.076 -1015.709 11.000
A_575 0.000 185.740 15.000
R_576 -30.711 -1015.709 14.000
D_577 -19.866 -475.402 9.000
L_578 0.000 679.918 14.000
A_579 0.000 185.740 12.000
R_580 -21.845 -1015.709 8.000
K_581 -17.811 -818.649 12.000
M_582 0.000 401.769 12.000
E_583 -16.691 -605.239 7.000
A_584 0.000 185.740 7.000
L_585 0.000 679.918 7.000
K_586 -4.441 -818.649 3.000
P_587 0.000 -195.996 3.000
L_588 0.000 679.918 3.000
F_589 0.000 560.542 4.000
V_590 0.000 613.196 4.000
E_591 -19.866 -605.239 9.000
P_592 0.000 -195.996 12.000
R_593 -31.716 -1015.709 15.000
S_594 -17.098 -90.060 11.000
K_595 -19.059 -818.649 14.000
G_596 0.000 -27.649 9.000
S_597 -15.425 -90.060 9.000
F_598 0.000 560.542 10.000
S_599 -18.462 -90.060 13.000
E_600 -21.132 -605.239 10.000
T_601 -18.462 -90.974 13.000
I_602 0.000 777.529 10.000
S_603 -14.420 -90.060 8.000
A_604 0.000 185.740 7.000
Y_605 -9.265 -274.939 7.000
Y_606 -10.601 -274.939 9.000
A_607 0.000 185.740 9.000
R_608 -19.414 -1015.709 7.000
V_609 0.000 613.196 5.000
A_610 0.000 185.740 5.000
A_611 0.000 185.740 0.000
P_612 0.000 -195.996 3.000
G_613 0.000 -27.649 6.000
S_614 -11.867 -90.060 6.000
T_615 -11.867 -90.974 6.000
G_616 0.000 -27.649 9.000
A_617 0.000 185.740 6.000
T_618 -4.441 -90.974 3.000
F_619 0.000 560.542 3.000
L_620 0.000 679.918 3.000
A_621 0.000 185.740 0.000
V_622 0.000 613.196 5.000
C_623 0.000 322.480 5.000
R_624 -21.845 -1015.709 8.000
G_625 0.000 -27.649 8.000
K_626 -17.098 -818.649 11.000
A_627 0.000 185.740 10.000
S_628 -16.309 -90.060 10.000
E_629 -16.691 -605.239 7.000
G_630 0.000 -27.649 11.000
L_631 0.000 679.918 8.000
D_632 -16.691 -475.402 7.000
F_633 0.000 560.542 11.000
S_634 -19.059 -90.060 14.000
D_635 -25.003 -475.402 14.000
T_636 -19.059 -90.974 14.000
N_637 -26.485 -507.047 16.000
G_638 0.000 -27.649 12.000
R_639 -23.856 -1015.709 9.000
G_640 0.000 -27.649 5.000
V_641 0.000 613.196 5.000
I_642 0.000 777.529 3.000
V_643 0.000 613.196 3.000
T_644 -4.441 -90.974 3.000
G_645 0.000 -27.649 3.000
L_646 0.000 679.918 5.000
P_647 0.000 -195.996 2.000
Y_648 -1.718 -274.939 2.000
P_649 0.000 -195.996 7.000
P_650 0.000 -195.996 7.000
R_651 -23.856 -1015.709 9.000
M_652 0.000 401.769 9.000
D_653 -25.003 -475.402 14.000
P_654 0.000 -195.996 9.000
R_655 -23.856 -1015.709 9.000
V_656 0.000 613.196 5.000
V_657 0.000 613.196 8.000
L_658 0.000 679.918 3.000
K_659 -13.255 -818.649 7.000
M_660 0.000 401.769 7.000
Q_661 -16.691 -643.904 7.000
F_662 0.000 560.542 8.000
L_663 0.000 679.918 12.000
D_664 -18.409 -475.402 8.000
E_665 -22.253 -605.239 11.000
M_666 0.000 401.769 11.000
K_667 -17.098 -818.649 11.000
G_668 0.000 -27.649 7.000
Q_669 -16.691 -643.904 7.000
G_670 0.000 -27.649 4.000
G_671 0.000 -27.649 4.000
A_672 0.000 185.740 0.000
G_673 0.000 -27.649 4.000
G_674 0.000 -27.649 4.000
Q_675 -7.878 -643.904 4.000
F_676 0.000 560.542 7.000
L_677 0.000 679.918 7.000
S_678 -13.255 -90.060 7.000
G_679 0.000 -27.649 11.000
Q_680 -23.258 -643.904 12.000
E_681 -22.253 -605.239 11.000
W_682 -6.873 -203.500 16.000
Y_683 -13.586 -274.939 16.000
R_684 -32.645 -1015.709 16.000
Q_685 -25.772 -643.904 15.000
Q_686 -26.485 -643.904 16.000
A_687 0.000 185.740 16.000
S_688 -17.811 -90.060 12.000
R_689 -21.845 -1015.709 8.000
A_690 0.000 185.740 12.000
V_691 0.000 613.196 13.000
N_692 -18.409 -507.047 8.000
Q_693 -18.409 -643.904 8.000
A_694 0.000 185.740 8.000
I_695 0.000 777.529 9.000
G_696 0.000 -27.649 5.000
R_697 -11.867 -1015.709 5.000
V_698 0.000 613.196 10.000
I_699 0.000 777.529 12.000
R_700 -28.412 -1015.709 12.000
H_701 -13.586 -583.484 16.000
R_702 -35.785 -1015.709 20.000
Q_703 -27.150 -643.904 17.000
D_704 -25.772 -475.402 15.000
Y_705 -11.154 -274.939 10.000
G_706 0.000 -27.649 6.000
A_707 0.000 185.740 2.000
V_708 0.000 613.196 0.000
F_709 0.000 560.542 0.000
L_710 0.000 679.918 4.000
C_711 0.000 322.480 6.000
D_712 -22.253 -475.402 11.000
H_713 -11.652 -583.484 11.000
R_714 -27.076 -1015.709 11.000
F_715 0.000 560.542 7.000
A_716 0.000 185.740 5.000
F_717 0.000 560.542 4.000
A_718 0.000 185.740 4.000
D_719 -19.866 -475.402 9.000
A_720 0.000 185.740 9.000
R_721 -29.616 -1015.709 13.000
A_722 0.000 185.740 9.000
Q_723 -19.866 -643.904 9.000
L_724 0.000 679.918 7.000
P_725 0.000 -195.996 8.000
S_726 -7.878 -90.060 4.000
W_727 -5.447 -203.500 9.000
V_728 0.000 613.196 9.000
R_729 -21.845 -1015.709 8.000
P_730 0.000 -195.996 7.000
H_731 -12.104 -583.484 12.000
V_732 0.000 613.196 7.000
R_733 -23.856 -1015.709 9.000
V_734 0.000 613.196 11.000
Y_735 -13.255 -274.939 15.000
D_736 -21.132 -475.402 10.000
N_737 -21.132 -507.047 10.000
F_738 0.000 560.542 10.000
G_739 0.000 -27.649 6.000
H_740 -1.718 -583.484 2.000
V_741 0.000 613.196 7.000
I_742 0.000 777.529 11.000
R_743 -23.856 -1015.709 9.000
D_744 -19.866 -475.402 9.000
V_745 0.000 613.196 13.000
A_746 0.000 185.740 8.000
Q_747 -7.878 -643.904 4.000
F_748 0.000 560.542 9.000
F_749 0.000 560.542 9.000
R_750 -11.867 -1015.709 5.000
V_751 0.000 613.196 9.000
A_752 0.000 185.740 14.000
E_753 -23.258 -605.239 12.000
R_754 -28.412 -1015.709 12.000
T_755 -17.811 -90.974 12.000
M_756 0.000 401.769 8.000
P_757 0.000 -195.996 3.000
A_758 0.000 185.740 0.000
P_759 0.000 -195.996 0.000
A_760 0.000 185.740 5.000
P_761 0.000 -195.996 5.000
R_762 -21.845 -1015.709 8.000
A_763 0.000 185.740 8.000
T_764 -14.420 -90.974 8.000
A_765 0.000 185.740 6.000
P_766 0.000 -195.996 6.000
S_767 -14.420 -90.060 8.000
V_768 0.000 613.196 8.000
R_769 -28.412 -1015.709 12.000
G_770 0.000 -27.649 13.000
E_771 -24.169 -605.239 13.000
D_772 -18.409 -475.402 8.000
A_773 0.000 185.740 11.000
V_774 0.000 613.196 11.000
S_775 -13.255 -90.060 7.000
E_776 -21.132 -605.239 10.000
A_777 0.000 185.740 13.000
K_778 -16.309 -818.649 10.000
S_779 -11.867 -90.060 6.000
P_780 0.000 -195.996 6.000
G_781 0.000 -27.649 3.000
P_782 0.000 -195.996 0.000
F_783 0.000 560.542 3.000
F_784 0.000 560.542 6.000
S_785 -17.098 -90.060 11.000
T_786 -19.059 -90.974 14.000
R_787 -30.711 -1015.709 14.000
K_788 -19.059 -818.649 14.000
A_789 0.000 185.740 14.000
K_790 -15.425 -818.649 9.000
S_791 -16.309 -90.060 10.000
L_792 0.000 679.918 10.000
D_793 -19.866 -475.402 9.000
L_794 0.000 679.918 6.000
H_795 -8.431 -583.484 6.000
V_796 0.000 613.196 5.000
P_797 0.000 -195.996 5.000
S_798 -11.867 -90.060 6.000
L_799 0.000 679.918 10.000
K_800 -19.613 -818.649 15.000
Q_801 -25.772 -643.904 15.000
R_802 -34.315 -1015.709 18.000
S_803 -19.613 -90.060 15.000
S_804 -19.059 -90.060 14.000
G_805 0.000 -27.649 9.000
S_806 -11.867 -90.060 6.000
P_807 0.000 -195.996 3.000
A_808 0.000 185.740 3.000
A_809 0.000 185.740 4.000
G_810 0.000 -27.649 4.000
D_811 -18.409 -475.402 8.000
P_812 0.000 -195.996 11.000
E_813 -25.003 -605.239 14.000
S_814 -16.309 -90.060 10.000
S_815 -16.309 -90.060 10.000
L_816 0.000 679.918 6.000
C_817 0.000 322.480 7.000
V_818 0.000 613.196 6.000
E_819 -21.132 -605.239 10.000
Y_820 -12.900 -274.939 14.000
E_821 -27.773 -605.239 18.000
Q_822 -25.003 -643.904 14.000
E_823 -23.258 -605.239 12.000
P_824 0.000 -195.996 8.000
V_825 0.000 613.196 4.000
P_826 0.000 -195.996 5.000
A_827 0.000 185.740 9.000
R_828 -30.711 -1015.709 14.000
Q_829 -25.003 -643.904 14.000
R_830 -35.072 -1015.709 19.000
P_831 0.000 -195.996 14.000
R_832 -25.574 -1015.709 10.000
G_833 0.000 -27.649 5.000
L_834 0.000 679.918 5.000
L_835 0.000 679.918 0.000
A_836 0.000 185.740 0.000
A_837 0.000 185.740 4.000
L_838 0.000 679.918 6.000
E_839 -19.866 -605.239 9.000
H_840 -12.518 -583.484 13.000
S_841 -20.609 -90.060 17.000
E_842 -27.773 -605.239 18.000
Q_843 -26.485 -643.904 16.000
R_844 -29.616 -1015.709 13.000
A_845 0.000 185.740 12.000
G_846 0.000 -27.649 8.000
S_847 -4.441 -90.060 3.000
P_848 0.000 -195.996 7.000
G_849 0.000 -27.649 11.000
E_850 -23.258 -605.239 12.000
E_851 -23.258 -605.239 12.000
Q_852 -25.003 -643.904 14.000
A_853 0.000 185.740 13.000
H_854 -10.601 -583.484 9.000
S_855 -14.420 -90.060 8.000
C_856 0.000 322.480 11.000
S_857 -15.425 -90.060 9.000
T_858 -15.425 -90.974 9.000
L_859 0.000 679.918 9.000
S_860 -11.867 -90.060 6.000
L_861 0.000 679.918 6.000
L_862 0.000 679.918 10.000
S_863 -16.309 -90.060 10.000
E_864 -25.772 -605.239 15.000
K_865 -19.613 -818.649 15.000
R_866 -28.412 -1015.709 12.000
P_867 0.000 -195.996 12.000
A_868 0.000 185.740 13.000
E_869 -18.409 -605.239 8.000
E_870 -24.169 -605.239 13.000
P_871 0.000 -195.996 13.000
R_872 -23.856 -1015.709 9.000
G_873 0.000 -27.649 10.000
G_874 0.000 -27.649 13.000
R_875 -27.076 -1015.709 11.000
K_876 -17.098 -818.649 11.000
K_877 -20.127 -818.649 16.000
I_878 0.000 777.529 11.000
R_879 -21.845 -1015.709 8.000
L_880 0.000 679.918 8.000
V_881 0.000 613.196 10.000
S_882 -10.149 -90.060 5.000
H_883 -10.601 -583.484 9.000
P_884 0.000 -195.996 13.000
E_885 -21.132 -605.239 10.000
E_886 -18.409 -605.239 8.000
P_887 0.000 -195.996 8.000
V_888 0.000 613.196 4.000
A_889 0.000 185.740 0.000
G_890 0.000 -27.649 4.000
A_891 0.000 185.740 7.000
Q_892 -22.253 -643.904 11.000
T_893 -20.127 -90.974 16.000
D_894 -26.485 -475.402 16.000
R_895 -31.716 -1015.709 15.000
A_896 0.000 185.740 12.000
K_897 -14.420 -818.649 8.000
L_898 0.000 679.918 3.000
F_899 0.000 560.542 3.000
M_900 0.000 401.769 0.000
V_901 0.000 613.196 0.000
A_902 0.000 185.740 3.000
V_903 0.000 613.196 7.000
K_904 -17.098 -818.649 11.000
Q_905 -22.253 -643.904 11.000
E_906 -25.003 -605.239 14.000
L_907 0.000 679.918 15.000
S_908 -17.098 -90.060 11.000
Q_909 -22.253 -643.904 11.000
A_910 0.000 185.740 11.000
N_911 -18.409 -507.047 8.000
F_912 0.000 560.542 7.000
A_913 0.000 185.740 7.000
T_914 -11.867 -90.974 6.000
F_915 0.000 560.542 10.000
T_916 -16.309 -90.974 10.000
Q_917 -16.691 -643.904 7.000
A_918 0.000 185.740 11.000
L_919 0.000 679.918 12.000
Q_920 -21.132 -643.904 10.000
D_921 -24.169 -475.402 13.000
Y_922 -12.518 -274.939 13.000
K_923 -17.811 -818.649 12.000
G_924 0.000 -27.649 12.000
S_925 -19.059 -90.060 14.000
D_926 -22.253 -475.402 11.000
D_927 -22.253 -475.402 11.000
F_928 0.000 560.542 8.000
A_929 0.000 185.740 4.000
A_930 0.000 185.740 0.000
L_931 0.000 679.918 0.000
A_932 0.000 185.740 0.000
A_933 0.000 185.740 0.000
C_934 0.000 322.480 0.000
L_935 0.000 679.918 0.000
G_936 0.000 -27.649 0.000
P_937 0.000 -195.996 0.000
L_938 0.000 679.918 0.000
F_939 0.000 560.542 4.000
A_940 0.000 185.740 8.000
E_941 -18.409 -605.239 8.000
D_942 -22.253 -475.402 11.000
P_943 0.000 -195.996 14.000
K_944 -17.811 -818.649 12.000
K_945 -17.811 -818.649 12.000
H_946 -12.104 -583.484 12.000
N_947 -19.866 -507.047 9.000
L_948 0.000 679.918 10.000
L_949 0.000 679.918 8.000
Q_950 -7.878 -643.904 4.000
G_951 0.000 -27.649 6.000
F_952 0.000 560.542 10.000
Y_953 -8.431 -274.939 6.000
Q_954 -14.591 -643.904 6.000
F_955 0.000 560.542 11.000
V_956 0.000 613.196 9.000
R_957 -19.414 -1015.709 7.000
P_958 0.000 -195.996 9.000
H_959 -12.104 -583.484 12.000
H_960 -11.652 -583.484 11.000
K_961 -19.613 -818.649 15.000
Q_962 -24.169 -643.904 13.000
Q_963 -25.772 -643.904 15.000
F_964 0.000 560.542 16.000
E_965 -23.258 -605.239 12.000
E_966 -18.409 -605.239 8.000
V_967 0.000 613.196 8.000
C_968 0.000 322.480 8.000
I_969 0.000 777.529 4.000
Q_970 -16.691 -643.904 7.000
L_971 0.000 679.918 7.000
T_972 -17.811 -90.974 12.000
G_973 0.000 -27.649 8.000
R_974 -21.845 -1015.709 8.000
G_975 0.000 -27.649 5.000
C_976 0.000 322.480 7.000
G_977 0.000 -27.649 7.000
Y_978 -9.265 -274.939 7.000
R_979 -27.076 -1015.709 11.000
P_980 0.000 -195.996 13.000
E_981 -25.003 -605.239 14.000
H_982 -10.601 -583.484 9.000
S_983 -15.425 -90.060 9.000
I_984 0.000 777.529 10.000
P_985 0.000 -195.996 13.000
R_986 -30.711 -1015.709 14.000
R_987 -35.072 -1015.709 19.000
Q_988 -28.359 -643.904 19.000
R_989 -34.315 -1015.709 18.000
A_990 0.000 185.740 13.000
Q_991 -19.866 -643.904 9.000
P_992 0.000 -195.996 4.000
V_993 0.000 613.196 8.000
L_994 0.000 679.918 4.000
D_995 -16.691 -475.402 7.000
P_996 0.000 -195.996 7.000
T_997 -17.811 -90.974 12.000
G_998 0.000 -27.649 11.000
R_999 -27.076 -1015.709 11.000
T_1000 -14.420 -90.974 8.000
A_1001 0.000 185.740 12.000
P_1002 0.000 -195.996 7.000
D_1003 -16.691 -475.402 7.000
P_1004 0.000 -195.996 7.000
K_1005 -16.309 -818.649 10.000
L_1006 0.000 679.918 6.000
T_1007 -15.425 -90.974 9.000
V_1008 0.000 613.196 9.000
S_1009 -15.425 -90.060 9.000
T_1010 -11.867 -90.974 6.000
A_1011 0.000 185.740 6.000
A_1012 0.000 185.740 7.000
A_1013 0.000 185.740 8.000
Q_1014 -18.409 -643.904 8.000
Q_1015 -23.258 -643.904 12.000
L_1016 0.000 679.918 12.000
D_1017 -23.258 -475.402 12.000
P_1018 0.000 -195.996 12.000
Q_1019 -25.003 -643.904 14.000
E_1020 -21.132 -605.239 10.000
H_1021 -12.900 -583.484 14.000
L_1022 0.000 679.918 14.000
N_1023 -21.132 -507.047 10.000
Q_1024 -24.169 -643.904 13.000
G_1025 0.000 -27.649 13.000
R_1026 -27.076 -1015.709 11.000
P_1027 0.000 -195.996 7.000
H_1028 -11.154 -583.484 10.000
L_1029 0.000 679.918 5.000
S_1030 -16.309 -90.060 10.000
P_1031 0.000 -195.996 8.000
R_1032 -21.845 -1015.709 8.000
P_1033 0.000 -195.996 5.000
P_1034 0.000 -195.996 8.000
P_1035 0.000 -195.996 3.000
T_1036 -13.255 -90.974 7.000
G_1037 0.000 -27.649 7.000
D_1038 -16.691 -475.402 7.000
P_1039 0.000 -195.996 7.000
G_1040 0.000 -27.649 11.000
S_1041 -13.255 -90.060 7.000
Q_1042 -22.253 -643.904 11.000
P_1043 0.000 -195.996 12.000
Q_1044 -19.866 -643.904 9.000
W_1045 -5.155 -203.500 8.000
G_1046 0.000 -27.649 8.000
S_1047 -7.878 -90.060 4.000
G_1048 0.000 -27.649 3.000
V_1049 0.000 613.196 8.000
P_1050 0.000 -195.996 5.000
R_1051 -11.867 -1015.709 5.000
A_1052 0.000 185.740 8.000
G_1053 0.000 -27.649 12.000
K_1054 -13.255 -818.649 7.000
Q_1055 -22.253 -643.904 11.000
G_1056 0.000 -27.649 13.000
Q_1057 -21.132 -643.904 10.000
H_1058 -8.431 -583.484 6.000
A_1059 0.000 185.740 9.000
V_1060 0.000 613.196 5.000
S_1061 -10.149 -90.060 5.000
A_1062 0.000 185.740 5.000
Y_1063 -7.426 -274.939 5.000
L_1064 0.000 679.918 6.000
A_1065 0.000 185.740 6.000
D_1066 -19.866 -475.402 9.000
A_1067 0.000 185.740 14.000
R_1068 -30.711 -1015.709 14.000
R_1069 -25.574 -1015.709 10.000
A_1070 0.000 185.740 10.000
L_1071 0.000 679.918 8.000
G_1072 0.000 -27.649 3.000
S_1073 -4.441 -90.060 3.000
A_1074 0.000 185.740 3.000
G_1075 0.000 -27.649 6.000
C_1076 0.000 322.480 7.000
S_1077 -13.255 -90.060 7.000
Q_1078 -16.691 -643.904 7.000
L_1079 0.000 679.918 7.000
L_1080 0.000 679.918 4.000
A_1081 0.000 185.740 0.000
A_1082 0.000 185.740 3.000
L_1083 0.000 679.918 3.000
T_1084 -10.149 -90.974 5.000
A_1085 0.000 185.740 8.000
Y_1086 -12.104 -274.939 12.000
K_1087 -18.462 -818.649 13.000
Q_1088 -27.150 -643.904 17.000
D_1089 -28.359 -475.402 19.000
D_1090 -26.485 -475.402 16.000
D_1091 -26.485 -475.402 16.000
L_1092 0.000 679.918 15.000
D_1093 -22.253 -475.402 11.000
K_1094 -13.255 -818.649 7.000
V_1095 0.000 613.196 7.000
L_1096 0.000 679.918 3.000
A_1097 0.000 185.740 0.000
V_1098 0.000 613.196 0.000
L_1099 0.000 679.918 0.000
A_1100 0.000 185.740 0.000
A_1101 0.000 185.740 3.000
L_1102 0.000 679.918 6.000
T_1103 -11.867 -90.974 6.000
T_1104 -15.425 -90.974 9.000
A_1105 0.000 185.740 9.000
K_1106 -16.309 -818.649 10.000
P_1107 0.000 -195.996 11.000
E_1108 -22.253 -605.239 11.000
D_1109 -18.409 -475.402 8.000
F_1110 0.000 560.542 8.000
P_1111 0.000 -195.996 4.000
L_1112 0.000 679.918 2.000
L_1113 0.000 679.918 7.000
H_1114 -9.265 -583.484 7.000
R_1115 -25.574 -1015.709 10.000
F_1116 0.000 560.542 10.000
S_1117 -14.420 -90.060 8.000
M_1118 0.000 401.769 3.000
F_1119 0.000 560.542 8.000
V_1120 0.000 613.196 5.000
R_1121 -19.414 -1015.709 7.000
P_1122 0.000 -195.996 9.000
H_1123 -12.104 -583.484 12.000
H_1124 -11.652 -583.484 11.000
K_1125 -20.127 -818.649 16.000
Q_1126 -25.003 -643.904 14.000
R_1127 -31.716 -1015.709 15.000
F_1128 0.000 560.542 16.000
S_1129 -19.613 -90.060 15.000
Q_1130 -21.132 -643.904 10.000
T_1131 -18.462 -90.974 13.000
C_1132 0.000 322.480 14.000
T_1133 -16.309 -90.974 10.000
D_1134 -21.132 -475.402 10.000
L_1135 0.000 679.918 10.000
T_1136 -17.811 -90.974 12.000
G_1137 0.000 -27.649 8.000
R_1138 -25.574 -1015.709 10.000
P_1139 0.000 -195.996 7.000
Y_1140 -9.265 -274.939 7.000
P_1141 0.000 -195.996 2.000
G_1142 0.000 -27.649 6.000
M_1143 0.000 401.769 4.000
E_1144 -7.878 -605.239 4.000
P_1145 0.000 -195.996 4.000
P_1146 0.000 -195.996 4.000
G_1147 0.000 -27.649 4.000
P_1148 0.000 -195.996 8.000
Q_1149 -23.258 -643.904 12.000
E_1150 -27.150 -605.239 17.000
E_1151 -27.150 -605.239 17.000
R_1152 -29.616 -1015.709 13.000
L_1153 0.000 679.918 9.000
A_1154 0.000 185.740 5.000
V_1155 0.000 613.196 0.000
P_1156 0.000 -195.996 0.000
P_1157 0.000 -195.996 0.000
V_1158 0.000 613.196 3.000
L_1159 0.000 679.918 5.000
T_1160 -16.309 -90.974 10.000
H_1161 -11.154 -583.484 10.000
R_1162 -25.574 -1015.709 10.000
A_1163 0.000 185.740 11.000
P_1164 0.000 -195.996 9.000
Q_1165 -7.878 -643.904 4.000
P_1166 0.000 -195.996 4.000
G_1167 0.000 -27.649 7.000
P_1168 0.000 -195.996 8.000
S_1169 -17.098 -90.060 11.000
R_1170 -31.716 -1015.709 15.000
S_1171 -21.060 -90.060 18.000
E_1172 -27.773 -605.239 18.000
K_1173 -18.462 -818.649 13.000
T_1174 -18.462 -90.974 13.000
G_1175 0.000 -27.649 12.000
K_1176 -18.462 -818.649 13.000
T_1177 -18.462 -90.974 13.000
Q_1178 -26.485 -643.904 16.000
S_1179 -18.462 -90.060 13.000
K_1180 -18.462 -818.649 13.000
I_1181 0.000 777.529 12.000
S_1182 -15.425 -90.060 9.000
S_1183 -11.867 -90.060 6.000
F_1184 0.000 560.542 11.000
L_1185 0.000 679.918 12.000
R_1186 -30.711 -1015.709 14.000
Q_1187 -25.003 -643.904 14.000
R_1188 -30.711 -1015.709 14.000
P_1189 0.000 -195.996 9.000
A_1190 0.000 185.740 8.000
G_1191 0.000 -27.649 3.000
T_1192 -4.441 -90.974 3.000
V_1193 0.000 613.196 3.000
G_1194 0.000 -27.649 3.000
A_1195 0.000 185.740 0.000
G_1196 0.000 -27.649 4.000
G_1197 0.000 -27.649 8.000
E_1198 -18.409 -605.239 8.000
D_1199 -18.409 -475.402 8.000
A_1200 0.000 185.740 8.000
G_1201 0.000 -27.649 7.000
P_1202 0.000 -195.996 7.000
S_1203 -16.309 -90.060 10.000
Q_1204 -24.169 -643.904 13.000
S_1205 -18.462 -90.060 13.000
S_1206 -16.309 -90.060 10.000
G_1207 0.000 -27.649 6.000
P_1208 0.000 -195.996 5.000
P_1209 0.000 -195.996 2.000
H_1210 -1.718 -583.484 2.000
G_1211 0.000 -27.649 2.000
P_1212 0.000 -195.996 2.000
A_1213 0.000 185.740 3.000
A_1214 0.000 185.740 7.000
S_1215 -14.420 -90.060 8.000
E_1216 -18.409 -605.239 8.000
W_1217 -6.160 -203.500 12.000
G_1218 0.000 -27.649 9.000
E_1219 -16.691 -605.239 7.000
P_1220 0.000 -195.996 6.000
H_1221 -11.652 -583.484 11.000
G_1222 0.000 -27.649 11.000
R_1223 -27.076 -1015.709 11.000
D_1224 -19.866 -475.402 9.000
I_1225 0.000 777.529 9.000
A_1226 0.000 185.740 8.000
G_1227 0.000 -27.649 8.000
Q_1228 -18.409 -643.904 8.000
Q_1229 -22.253 -643.904 11.000
A_1230 0.000 185.740 11.000
T_1231 -13.255 -90.974 7.000
G_1232 0.000 -27.649 3.000
A_1233 0.000 185.740 3.000
P_1234 0.000 -195.996 0.000
G_1235 0.000 -27.649 0.000
G_1236 0.000 -27.649 0.000
P_1237 0.000 -195.996 3.000
L_1238 0.000 679.918 3.000
S_1239 -4.441 -90.060 3.000
A_1240 0.000 185.740 3.000
G_1241 0.000 -27.649 3.000
C_1242 0.000 322.480 0.000
V_1243 0.000 613.196 4.000
C_1244 0.000 322.480 4.000
Q_1245 -7.878 -643.904 4.000
G_1246 0.000 -27.649 4.000
C_1247 0.000 322.480 4.000
G_1248 0.000 -27.649 4.000
A_1249 0.000 185.740 8.000
E_1250 -18.409 -605.239 8.000
D_1251 -18.409 -475.402 8.000
V_1252 0.000 613.196 8.000
V_1253 0.000 613.196 4.000
P_1254 0.000 -195.996 4.000
F_1255 0.000 560.542 4.000
Q_1256 -7.878 -643.904 4.000
C_1257 0.000 322.480 4.000
P_1258 0.000 -195.996 4.000
A_1259 0.000 185.740 4.000
C_1260 0.000 322.480 4.000
D_1261 -18.409 -475.402 8.000
F_1262 0.000 560.542 13.000
Q_1263 -24.169 -643.904 13.000
R_1264 -29.616 -1015.709 13.000
C_1265 0.000 322.480 13.000
Q_1266 -19.866 -643.904 9.000
A_1267 0.000 185.740 5.000
C_1268 0.000 322.480 9.000
W_1269 -5.708 -203.500 10.000
Q_1270 -23.258 -643.904 12.000
R_1271 -28.412 -1015.709 12.000
H_1272 -13.255 -583.484 15.000
L_1273 0.000 679.918 11.000
Q_1274 -19.866 -643.904 9.000
A_1275 0.000 185.740 12.000
S_1276 -17.811 -90.060 12.000
R_1277 -21.845 -1015.709 8.000
M_1278 0.000 401.769 8.000
C_1279 0.000 322.480 5.000
P_1280 0.000 -195.996 0.000
A_1281 0.000 185.740 2.000
C_1282 0.000 322.480 5.000
H_1283 -7.426 -583.484 5.000
T_1284 -14.420 -90.974 8.000
A_1285 0.000 185.740 13.000
S_1286 -19.059 -90.060 14.000
R_1287 -31.716 -1015.709 15.000
K_1288 -21.060 -818.649 18.000
Q_1289 -25.772 -643.904 15.000
S_1290 -16.309 -90.060 10.000
V_1291 0.000 613.196 11.000
M_1292 0.000 401.769 7.000
Q_1293 -7.878 -643.904 4.000
V_1294 0.000 613.196 5.000
F_1295 0.000 560.542 5.000
W_1296 -3.990 -203.500 5.000
P_1297 0.000 -195.996 5.000
E_1298 -19.866 -605.239 9.000
P_1299 0.000 -195.996 8.000
Q_1300 -18.409 -643.904 8.000
