M_1 0.000 401.769 0.000
G_2 0.000 -27.649 5.000
G_3 0.000 -27.649 5.000
R_4 -21.845 -1015.709 8.000
P_5 0.000 -195.996 11.000
S_6 -17.098 -90.060 11.000
S_7 -11.867 -90.060 6.000
P_8 0.000 -195.996 10.000
L_9 0.000 679.918 10.000
D_10 -22.253 -475.402 11.000
K_11 -19.613 -818.649 15.000
Q_12 -28.912 -643.904 20.000
Q_13 -28.912 -643.904 20.000
R_14 -35.072 -1015.709 19.000
Q_15 -25.772 -643.904 15.000
H_16 -13.586 -583.484 16.000
L_17 0.000 679.918 11.000
R_18 -27.076 -1015.709 11.000
G_19 0.000 -27.649 9.000
Q_20 -24.169 -643.904 13.000
V_21 0.000 613.196 11.000
D_22 -22.253 -475.402 11.000
T_23 -13.255 -90.974 7.000
L_24 0.000 679.918 12.000
L_25 0.000 679.918 12.000
R_26 -23.856 -1015.709 9.000
N_27 -19.866 -507.047 9.000
F_28 0.000 560.542 9.000
L_29 0.000 679.918 4.000
P_30 0.000 -195.996 2.000
C_31 0.000 322.480 7.000
Y_32 -9.265 -274.939 7.000
R_33 -27.076 -1015.709 11.000
G_34 0.000 -27.649 11.000
Q_35 -19.866 -643.904 9.000
L_36 0.000 679.918 4.000
A_37 0.000 185.740 7.000
A_38 0.000 185.740 3.000
S_39 -4.441 -90.060 3.000
V_40 0.000 613.196 8.000
L_41 0.000 679.918 12.000
R_42 -23.856 -1015.709 9.000
Q_43 -23.258 -643.904 12.000
I_44 0.000 777.529 17.000
S_45 -20.127 -90.060 16.000
R_46 -28.412 -1015.709 12.000
E_47 -23.258 -605.239 12.000
L_48 0.000 679.918 9.000
G_49 0.000 -27.649 8.000
P_50 0.000 -195.996 8.000
Q_51 -18.409 -643.904 8.000
E_52 -22.253 -605.239 11.000
P_53 0.000 -195.996 11.000
T_54 -16.309 -90.974 10.000
G_55 0.000 -27.649 10.000
S_56 -16.309 -90.060 10.000
Q_57 -16.691 -643.904 7.000
L_58 0.000 679.918 12.000
L_59 0.000 679.918 12.000
R_60 -27.076 -1015.709 11.000
S_61 -19.059 -90.060 14.000
K_62 -19.059 -818.649 14.000
K_63 -15.425 -818.649 9.000
L_64 0.000 679.918 11.000
P_65 0.000 -195.996 8.000
R_66 -25.574 -1015.709 10.000
V_67 0.000 613.196 14.000
R_68 -32.645 -1015.709 16.000
E_69 -26.485 -605.239 16.000
H_70 -13.586 -583.484 16.000
R_71 -27.076 -1015.709 11.000
G_72 0.000 -27.649 7.000
P_73 0.000 -195.996 8.000
L_74 0.000 679.918 7.000
T_75 -13.255 -90.974 7.000
Q_76 -23.258 -643.904 12.000
L_77 0.000 679.918 12.000
R_78 -27.076 -1015.709 11.000
G_79 0.000 -27.649 7.000
H_80 -9.265 -583.484 7.000
P_81 0.000 -195.996 7.000
P_82 0.000 -195.996 8.000
R_83 -25.574 -1015.709 10.000
W_84 -5.708 -203.500 10.000
Q_85 -21.132 -643.904 10.000
P_86 0.000 -195.996 5.000
I_87 0.000 777.529 4.000
F_88 0.000 560.542 0.000
C_89 0.000 322.480 0.000
V_90 0.000 613.196 5.000
L_91 0.000 679.918 5.000
R_92 -23.856 -1015.709 9.000
G_93 0.000 -27.649 9.000
D_94 -25.003 -475.402 14.000
G_95 0.000 -27.649 9.000
R_96 -29.616 -1015.709 13.000
L_97 0.000 679.918 10.000
E_98 -21.132 -605.239 10.000
W_99 -5.155 -203.500 8.000
F_100 0.000 560.542 10.000
S_101 -15.425 -90.060 9.000
H_102 -12.104 -583.484 12.000
K_103 -20.127 -818.649 16.000
E_104 -25.772 -605.239 15.000
E_105 -27.150 -605.239 17.000
Y_106 -14.188 -274.939 18.000
E_107 -25.003 -605.239 14.000
N_108 -21.132 -507.047 10.000
G_109 0.000 -27.649 10.000
G_110 0.000 -27.649 6.000
H_111 -1.718 -583.484 2.000
C_112 0.000 322.480 2.000
L_113 0.000 679.918 5.000
G_114 0.000 -27.649 6.000
S_115 -11.867 -90.060 6.000
T_116 -11.867 -90.974 6.000
A_117 0.000 185.740 9.000
L_118 0.000 679.918 6.000
T_119 -10.149 -90.974 5.000
G_120 0.000 -27.649 8.000
Y_121 -9.978 -274.939 8.000
T_122 -10.149 -90.974 5.000
L_123 0.000 679.918 8.000
L_124 0.000 679.918 9.000
T_125 -16.309 -90.974 10.000
S_126 -19.613 -90.060 15.000
Q_127 -28.359 -643.904 19.000
R_128 -34.315 -1015.709 18.000
E_129 -25.772 -605.239 15.000
Y_130 -13.586 -274.939 16.000
L_131 0.000 679.918 11.000
R_132 -19.414 -1015.709 7.000
L_133 0.000 679.918 9.000
L_134 0.000 679.918 9.000
D_135 -7.878 -475.402 4.000
A_136 0.000 185.740 4.000
L_137 0.000 679.918 4.000
C_138 0.000 322.480 4.000
P_139 0.000 -195.996 7.000
E_140 -16.691 -605.239 7.000
S_141 -13.255 -90.060 7.000
L_142 0.000 679.918 11.000
G_143 0.000 -27.649 9.000
D_144 -19.866 -475.402 9.000
H_145 -12.518 -583.484 13.000
T_146 -20.609 -90.974 17.000
Q_147 -27.150 -643.904 17.000
E_148 -25.772 -605.239 15.000
E_149 -26.485 -605.239 16.000
P_150 0.000 -195.996 15.000
D_151 -22.253 -475.402 11.000
S_152 -13.255 -90.060 7.000
L_153 0.000 679.918 11.000
L_154 0.000 679.918 7.000
E_155 -7.878 -605.239 4.000
V_156 0.000 613.196 4.000
P_157 0.000 -195.996 7.000
V_158 0.000 613.196 3.000
S_159 -4.441 -90.060 3.000
F_160 0.000 560.542 3.000
P_161 0.000 -195.996 3.000
L_162 0.000 679.918 0.000
F_163 0.000 560.542 4.000
L_164 0.000 679.918 6.000
Q_165 -14.591 -643.904 6.000
H_166 -8.431 -583.484 6.000
P_167 0.000 -195.996 11.000
F_168 0.000 560.542 12.000
R_169 -28.412 -1015.709 12.000
R_170 -28.412 -1015.709 12.000
H_171 -12.104 -583.484 12.000
L_172 0.000 679.918 7.000
C_173 0.000 322.480 5.000
F_174 0.000 560.542 3.000
S_175 -4.441 -90.060 3.000
A_176 0.000 185.740 6.000
A_177 0.000 185.740 11.000
T_178 -17.811 -90.974 12.000
R_179 -28.412 -1015.709 12.000
E_180 -26.485 -605.239 16.000
A_181 0.000 185.740 15.000
Q_182 -21.132 -643.904 10.000
H_183 -9.265 -583.484 7.000
A_184 0.000 185.740 12.000
W_185 -5.155 -203.500 8.000
R_186 -16.309 -1015.709 6.000
L_187 0.000 679.918 6.000
A_188 0.000 185.740 9.000
L_189 0.000 679.918 4.000
Q_190 -7.878 -643.904 4.000
G_191 0.000 -27.649 4.000
G_192 0.000 -27.649 9.000
I_193 0.000 777.529 5.000
R_194 -23.856 -1015.709 9.000
L_195 0.000 679.918 9.000
Q_196 -19.866 -643.904 9.000
G_197 0.000 -27.649 4.000
I_198 0.000 777.529 4.000
V_199 0.000 613.196 4.000
L_200 0.000 679.918 9.000
Q_201 -23.258 -643.904 12.000
R_202 -32.645 -1015.709 16.000
S_203 -20.127 -90.060 16.000
Q_204 -23.258 -643.904 12.000
A_205 0.000 185.740 7.000
P_206 0.000 -195.996 4.000
A_207 0.000 185.740 5.000
A_208 0.000 185.740 5.000
R_209 -11.867 -1015.709 5.000
A_210 0.000 185.740 5.000
F_211 0.000 560.542 9.000
L_212 0.000 679.918 4.000
D_213 -7.878 -475.402 4.000
A_214 0.000 185.740 9.000
V_215 0.000 613.196 9.000
R_216 -19.414 -1015.709 7.000
L_217 0.000 679.918 12.000
Y_218 -13.586 -274.939 16.000
R_219 -29.616 -1015.709 13.000
Q_220 -27.150 -643.904 17.000
H_221 -13.255 -583.484 15.000
Q_222 -23.258 -643.904 12.000
G_223 0.000 -27.649 8.000
H_224 -8.431 -583.484 6.000
F_225 0.000 560.542 6.000
G_226 0.000 -27.649 10.000
D_227 -23.258 -475.402 12.000
D_228 -23.258 -475.402 12.000
D_229 -25.772 -475.402 15.000
V_230 0.000 613.196 11.000
T_231 -13.255 -90.974 7.000
L_232 0.000 679.918 6.000
G_233 0.000 -27.649 10.000
S_234 -13.255 -90.060 7.000
D_235 -22.253 -475.402 11.000
A_236 0.000 185.740 11.000
E_237 -18.409 -605.239 8.000
V_238 0.000 613.196 7.000
L_239 0.000 679.918 7.000
T_240 -4.441 -90.974 3.000
A_241 0.000 185.740 3.000
V_242 0.000 613.196 3.000
L_243 0.000 679.918 5.000
M_244 0.000 401.769 9.000
R_245 -29.616 -1015.709 13.000
E_246 -24.169 -605.239 13.000
Q_247 -24.169 -643.904 13.000
L_248 0.000 679.918 8.000
P_249 0.000 -195.996 4.000
A_250 0.000 185.740 5.000
L_251 0.000 679.918 5.000
R_252 -23.856 -1015.709 9.000
A_253 0.000 185.740 12.000
Q_254 -23.258 -643.904 12.000
T_255 -13.255 -90.974 7.000
L_256 0.000 679.918 7.000
P_257 0.000 -195.996 3.000
G_258 0.000 -27.649 5.000
L_259 0.000 679.918 5.000
R_260 -11.867 -1015.709 5.000
G_261 0.000 -27.649 5.000
A_262 0.000 185.740 10.000
G_263 0.000 -27.649 5.000
R_264 -25.574 -1015.709 10.000
A_265 0.000 185.740 10.000
R_266 -27.076 -1015.709 11.000
A_267 0.000 185.740 6.000
W_268 -4.824 -203.500 7.000
A_269 0.000 185.740 5.000
W_270 -5.447 -203.500 9.000
T_271 -14.420 -90.974 8.000
E_272 -18.409 -605.239 8.000
L_273 0.000 679.918 11.000
L_274 0.000 679.918 8.000
D_275 -7.878 -475.402 4.000
A_276 0.000 185.740 6.000
V_277 0.000 613.196 6.000
H_278 -1.718 -583.484 2.000
A_279 0.000 185.740 2.000
A_280 0.000 185.740 2.000
V_281 0.000 613.196 0.000
L_282 0.000 679.918 0.000
A_283 0.000 185.740 0.000
G_284 0.000 -27.649 3.000
A_285 0.000 185.740 3.000
S_286 -4.441 -90.060 3.000
A_287 0.000 185.740 3.000
G_288 0.000 -27.649 3.000
L_289 0.000 679.918 0.000
C_290 0.000 322.480 0.000
A_291 0.000 185.740 4.000
F_292 0.000 560.542 4.000
Q_293 -18.409 -643.904 8.000
P_294 0.000 -195.996 11.000
E_295 -25.772 -605.239 15.000
K_296 -19.613 -818.649 15.000
D_297 -25.772 -475.402 15.000
E_298 -22.253 -605.239 11.000
L_299 0.000 679.918 8.000
L_300 0.000 679.918 7.000
A_301 0.000 185.740 3.000
S_302 -13.255 -90.060 7.000
L_303 0.000 679.918 10.000
E_304 -24.169 -605.239 13.000
K_305 -16.309 -818.649 10.000
T_306 -19.613 -90.974 15.000
I_307 0.000 777.529 11.000
R_308 -28.412 -1015.709 12.000
P_309 0.000 -195.996 9.000
D_310 -24.169 -475.402 13.000
V_311 0.000 613.196 12.000
D_312 -23.258 -475.402 12.000
Q_313 -18.409 -643.904 8.000
L_314 0.000 679.918 13.000
L_315 0.000 679.918 13.000
R_316 -30.711 -1015.709 14.000
Q_317 -25.003 -643.904 14.000
R_318 -35.072 -1015.709 19.000
A_319 0.000 185.740 14.000
R_320 -25.574 -1015.709 10.000
V_321 0.000 613.196 5.000
A_322 0.000 185.740 10.000
G_323 0.000 -27.649 5.000
R_324 -25.574 -1015.709 10.000
L_325 0.000 679.918 13.000
R_326 -33.508 -1015.709 17.000
T_327 -17.811 -90.974 12.000
D_328 -27.150 -475.402 17.000
I_329 0.000 777.529 12.000
R_330 -23.856 -1015.709 9.000
G_331 0.000 -27.649 5.000
P_332 0.000 -195.996 9.000
L_333 0.000 679.918 7.000
E_334 -16.691 -605.239 7.000
S_335 -13.255 -90.060 7.000
C_336 0.000 322.480 12.000
L_337 0.000 679.918 13.000
R_338 -30.711 -1015.709 14.000
R_339 -30.711 -1015.709 14.000
E_340 -27.773 -605.239 18.000
V_341 0.000 613.196 13.000
D_342 -23.258 -475.402 12.000
P_343 0.000 -195.996 8.000
Q_344 -18.409 -643.904 8.000
L_345 0.000 679.918 9.000
P_346 0.000 -195.996 9.000
R_347 -11.867 -1015.709 5.000
V_348 0.000 613.196 9.000
V_349 0.000 613.196 12.000
Q_350 -16.691 -643.904 7.000
T_351 -13.255 -90.974 7.000
L_352 0.000 679.918 12.000
L_353 0.000 679.918 11.000
R_354 -21.845 -1015.709 8.000
T_355 -17.811 -90.974 12.000
V_356 0.000 613.196 12.000
E_357 -21.132 -605.239 10.000
A_358 0.000 185.740 7.000
S_359 -17.098 -90.060 11.000
L_360 0.000 679.918 7.000
E_361 -16.691 -605.239 7.000
A_362 0.000 185.740 9.000
V_363 0.000 613.196 12.000
R_364 -21.845 -1015.709 8.000
T_365 -14.420 -90.974 8.000
L_366 0.000 679.918 8.000
L_367 0.000 679.918 7.000
A_368 0.000 185.740 4.000
Q_369 -7.878 -643.904 4.000
G_370 0.000 -27.649 8.000
M_371 0.000 401.769 13.000
D_372 -19.866 -475.402 9.000
R_373 -28.412 -1015.709 12.000
L_374 0.000 679.918 14.000
S_375 -19.613 -90.060 15.000
H_376 -11.154 -583.484 10.000
R_377 -31.716 -1015.709 15.000
L_378 0.000 679.918 16.000
R_379 -33.508 -1015.709 17.000
Q_380 -23.258 -643.904 12.000
S_381 -19.613 -90.060 15.000
P_382 0.000 -195.996 10.000
S_383 -15.425 -90.060 9.000
G_384 0.000 -27.649 11.000
T_385 -17.098 -90.974 11.000
R_386 -29.616 -1015.709 13.000
L_387 0.000 679.918 18.000
R_388 -35.072 -1015.709 19.000
R_389 -30.711 -1015.709 14.000
E_390 -26.485 -605.239 16.000
V_391 0.000 613.196 14.000
Y_392 -10.601 -274.939 9.000
S_393 -10.149 -90.060 5.000
F_394 0.000 560.542 9.000
G_395 0.000 -27.649 7.000
E_396 -7.878 -605.239 4.000
M_397 0.000 401.769 5.000
P_398 0.000 -195.996 9.000
W_399 -3.990 -203.500 5.000
D_400 -11.867 -475.402 5.000
L_401 0.000 679.918 5.000
A_402 0.000 185.740 4.000
L_403 0.000 679.918 4.000
M_404 0.000 401.769 7.000
Q_405 -16.691 -643.904 7.000
T_406 -15.425 -90.974 9.000
C_407 0.000 322.480 14.000
Y_408 -12.900 -274.939 14.000
R_409 -27.076 -1015.709 11.000
E_410 -25.772 -605.239 15.000
A_411 0.000 185.740 18.000
E_412 -26.485 -605.239 16.000
R_413 -33.508 -1015.709 17.000
S_414 -20.609 -90.060 17.000
R_415 -34.315 -1015.709 18.000
G_416 0.000 -27.649 13.000
R_417 -25.574 -1015.709 10.000
L_418 0.000 679.918 9.000
G_419 0.000 -27.649 9.000
Q_420 -7.878 -643.904 4.000
L_421 0.000 679.918 4.000
A_422 0.000 185.740 4.000
A_423 0.000 185.740 0.000
P_424 0.000 -195.996 0.000
F_425 0.000 560.542 0.000
G_426 0.000 -27.649 0.000
F_427 0.000 560.542 0.000
L_428 0.000 679.918 0.000
G_429 0.000 -27.649 4.000
M_430 0.000 401.769 7.000
Q_431 -16.691 -643.904 7.000
S_432 -13.255 -90.060 7.000
L_433 0.000 679.918 7.000
V_434 0.000 613.196 3.000
F_435 0.000 560.542 0.000
G_436 0.000 -27.649 4.000
A_437 0.000 185.740 8.000
Q_438 -18.409 -643.904 8.000
D_439 -18.409 -475.402 8.000
L_440 0.000 679.918 12.000
A_441 0.000 185.740 12.000
Q_442 -18.409 -643.904 8.000
Q_443 -18.409 -643.904 8.000
L_444 0.000 679.918 8.000
M_445 0.000 401.769 8.000
A_446 0.000 185.740 4.000
D_447 -7.878 -475.402 4.000
A_448 0.000 185.740 4.000
V_449 0.000 613.196 7.000
A_450 0.000 185.740 3.000
T_451 -4.441 -90.974 3.000
F_452 0.000 560.542 7.000
L_453 0.000 679.918 7.000
Q_454 -7.878 -643.904 4.000
L_455 0.000 679.918 8.000
A_456 0.000 185.740 12.000
D_457 -18.409 -475.402 8.000
Q_458 -18.409 -643.904 8.000
C_459 0.000 322.480 11.000
L_460 0.000 679.918 10.000
T_461 -11.867 -90.974 6.000
T_462 -11.867 -90.974 6.000
A_463 0.000 185.740 10.000
L_464 0.000 679.918 7.000
N_465 -18.409 -507.047 8.000
C_466 0.000 322.480 12.000
D_467 -23.258 -475.402 12.000
Q_468 -18.409 -643.904 8.000
A_469 0.000 185.740 12.000
A_470 0.000 185.740 13.000
Q_471 -19.866 -643.904 9.000
R_472 -29.616 -1015.709 13.000
L_473 0.000 679.918 18.000
E_474 -25.003 -605.239 14.000
R_475 -30.711 -1015.709 14.000
V_476 0.000 613.196 14.000
R_477 -31.716 -1015.709 15.000
G_478 0.000 -27.649 10.000
R_479 -25.574 -1015.709 10.000
V_480 0.000 613.196 8.000
L_481 0.000 679.918 11.000
K_482 -11.867 -818.649 6.000
K_483 -15.425 -818.649 9.000
F_484 0.000 560.542 12.000
K_485 -18.462 -818.649 13.000
S_486 -18.462 -90.060 13.000
D_487 -24.169 -475.402 13.000
S_488 -16.309 -90.060 10.000
G_489 0.000 -27.649 7.000
L_490 0.000 679.918 7.000
A_491 0.000 185.740 9.000
Q_492 -25.003 -643.904 14.000
R_493 -30.711 -1015.709 14.000
R_494 -30.711 -1015.709 14.000
F_495 0.000 560.542 15.000
I_496 0.000 777.529 10.000
R_497 -16.309 -1015.709 6.000
G_498 0.000 -27.649 6.000
W_499 -4.441 -203.500 6.000
G_500 0.000 -27.649 1.000
L_501 0.000 679.918 1.000
C_502 0.000 322.480 0.000
I_503 0.000 777.529 0.000
F_504 0.000 560.542 0.000
L_505 0.000 679.918 0.000
P_506 0.000 -195.996 0.000
F_507 0.000 560.542 0.000
V_508 0.000 613.196 3.000
L_509 0.000 679.918 7.000
S_510 -13.255 -90.060 7.000
Q_511 -22.253 -643.904 11.000
L_512 0.000 679.918 11.000
E_513 -18.409 -605.239 8.000
P_514 0.000 -195.996 4.000
G_515 0.000 -27.649 7.000
C_516 0.000 322.480 6.000
K_517 -16.309 -818.649 10.000
K_518 -16.309 -818.649 10.000
E_519 -21.132 -605.239 10.000
L_520 0.000 679.918 11.000
P_521 0.000 -195.996 8.000
E_522 -18.409 -605.239 8.000
F_523 0.000 560.542 8.000
E_524 -23.258 -605.239 12.000
G_525 0.000 -27.649 8.000
D_526 -18.409 -475.402 8.000
V_527 0.000 613.196 4.000
L_528 0.000 679.918 4.000
A_529 0.000 185.740 0.000
V_530 0.000 613.196 3.000
G_531 0.000 -27.649 7.000
S_532 -13.255 -90.060 7.000
Q_533 -16.691 -643.904 7.000
A_534 0.000 185.740 10.000
L_535 0.000 679.918 10.000
T_536 -16.309 -90.974 10.000
T_537 -16.309 -90.974 10.000
E_538 -21.132 -605.239 10.000
G_539 0.000 -27.649 9.000
I_540 0.000 777.529 10.000
Y_541 -11.154 -274.939 10.000
E_542 -21.132 -605.239 10.000
D_543 -21.132 -475.402 10.000
V_544 0.000 613.196 13.000
I_545 0.000 777.529 9.000
R_546 -11.867 -1015.709 5.000
G_547 0.000 -27.649 5.000
C_548 0.000 322.480 5.000
L_549 0.000 679.918 4.000
L_550 0.000 679.918 9.000
Q_551 -19.866 -643.904 9.000
R_552 -29.616 -1015.709 13.000
I_553 0.000 777.529 17.000
D_554 -27.150 -475.402 17.000
Q_555 -23.258 -643.904 12.000
E_556 -25.772 -605.239 15.000
L_557 0.000 679.918 14.000
K_558 -18.462 -818.649 13.000
K_559 -15.425 -818.649 9.000
T_560 -15.425 -90.974 9.000
L_561 0.000 679.918 6.000
G_562 0.000 -27.649 7.000
A_563 0.000 185.740 8.000
N_564 -18.409 -507.047 8.000
D_565 -22.253 -475.402 11.000
V_566 0.000 613.196 11.000
S_567 -16.309 -90.060 10.000
C_568 0.000 322.480 6.000
T_569 -16.309 -90.974 10.000
L_570 0.000 679.918 7.000
D_571 -16.691 -475.402 7.000
G_572 0.000 -27.649 4.000
C_573 0.000 322.480 8.000
L_574 0.000 679.918 4.000
E_575 -7.878 -605.239 4.000
V_576 0.000 613.196 5.000
P_577 0.000 -195.996 9.000
W_578 -5.447 -203.500 9.000
E_579 -24.169 -605.239 13.000
Q_580 -24.169 -643.904 13.000
E_581 -23.258 -605.239 12.000
G_582 0.000 -27.649 12.000
A_583 0.000 185.740 12.000
D_584 -23.258 -475.402 12.000
E_585 -25.772 -605.239 15.000
E_586 -28.359 -605.239 19.000
T_587 -19.613 -90.974 15.000
E_588 -25.772 -605.239 15.000
A_589 0.000 185.740 16.000
E_590 -27.150 -605.239 17.000
R_591 -29.616 -1015.709 13.000
E_592 -24.169 -605.239 13.000
G_593 0.000 -27.649 9.000
G_594 0.000 -27.649 4.000
A_595 0.000 185.740 0.000
C_596 0.000 322.480 5.000
P_597 0.000 -195.996 9.000
R_598 -23.856 -1015.709 9.000
Q_599 -24.169 -643.904 13.000
P_600 0.000 -195.996 16.000
D_601 -22.253 -475.402 11.000
S_602 -13.255 -90.060 7.000
G_603 0.000 -27.649 11.000
A_604 0.000 185.740 7.000
Q_605 -18.409 -643.904 8.000
I_606 0.000 777.529 8.000
Q_607 -18.409 -643.904 8.000
P_608 0.000 -195.996 4.000
L_609 0.000 679.918 4.000
C_610 0.000 322.480 0.000
P_611 0.000 -195.996 0.000
P_612 0.000 -195.996 3.000
P_613 0.000 -195.996 3.000
S_614 -4.441 -90.060 3.000
P_615 0.000 -195.996 6.000
G_616 0.000 -27.649 6.000
T_617 -14.420 -90.974 8.000
F_618 0.000 560.542 11.000
R_619 -27.076 -1015.709 11.000
S_620 -14.420 -90.060 8.000
