M_1 0.000 401.769 0.000
A_2 0.000 185.740 0.000
G_3 0.000 -27.649 0.000
P_4 0.000 -195.996 5.000
L_5 0.000 679.918 5.000
R_6 -11.867 -1015.709 5.000
A_7 0.000 185.740 5.000
P_8 0.000 -195.996 5.000
L_9 0.000 679.918 0.000
L_10 0.000 679.918 0.000
L_11 0.000 679.918 0.000
L_12 0.000 679.918 0.000
A_13 0.000 185.740 0.000
I_14 0.000 777.529 0.000
L_15 0.000 679.918 0.000
A_16 0.000 185.740 0.000
V_17 0.000 613.196 0.000
A_18 0.000 185.740 0.000
L_19 0.000 679.918 0.000
A_20 0.000 185.740 3.000
V_21 0.000 613.196 3.000
S_22 -4.441 -90.060 3.000
P_23 0.000 -195.996 3.000
A_24 0.000 185.740 3.000
A_25 0.000 185.740 3.000
G_26 0.000 -27.649 6.000
S_27 -11.867 -90.060 6.000
S_28 -11.867 -90.060 6.000
P_29 0.000 -195.996 9.000
G_30 0.000 -27.649 6.000
K_31 -4.441 -818.649 3.000
P_32 0.000 -195.996 8.000
P_33 0.000 -195.996 8.000
R_34 -11.867 -1015.709 5.000
L_35 0.000 679.918 5.000
V_36 0.000 613.196 5.000
G_37 0.000 -27.649 0.000
G_38 0.000 -27.649 0.000
P_39 0.000 -195.996 4.000
M_40 0.000 401.769 4.000
D_41 -16.691 -475.402 7.000
A_42 0.000 185.740 7.000
S_43 -17.098 -90.060 11.000
V_44 0.000 613.196 11.000
E_45 -25.772 -605.239 15.000
E_46 -23.258 -605.239 12.000
E_47 -23.258 -605.239 12.000
G_48 0.000 -27.649 13.000
V_49 0.000 613.196 14.000
R_50 -25.574 -1015.709 10.000
R_51 -25.574 -1015.709 10.000
A_52 0.000 185.740 14.000
L_53 0.000 679.918 9.000
D_54 -7.878 -475.402 4.000
F_55 0.000 560.542 4.000
A_56 0.000 185.740 4.000
V_57 0.000 613.196 4.000
G_58 0.000 -27.649 6.000
E_59 -21.132 -605.239 10.000
Y_60 -12.518 -274.939 13.000
N_61 -24.169 -507.047 13.000
K_62 -17.811 -818.649 12.000
A_63 0.000 185.740 14.000
S_64 -19.059 -90.060 14.000
N_65 -22.253 -507.047 11.000
D_66 -24.169 -475.402 13.000
M_67 0.000 401.769 12.000
Y_68 -11.652 -274.939 11.000
H_69 -12.104 -583.484 12.000
S_70 -17.811 -90.060 12.000
R_71 -25.574 -1015.709 10.000
A_72 0.000 185.740 12.000
L_73 0.000 679.918 9.000
Q_74 -7.878 -643.904 4.000
V_75 0.000 613.196 9.000
V_76 0.000 613.196 9.000
R_77 -25.574 -1015.709 10.000
A_78 0.000 185.740 13.000
R_79 -33.508 -1015.709 17.000
K_80 -17.811 -818.649 12.000
Q_81 -23.258 -643.904 12.000
I_82 0.000 777.529 7.000
V_83 0.000 613.196 4.000
A_84 0.000 185.740 0.000
G_85 0.000 -27.649 4.000
V_86 0.000 613.196 6.000
N_87 -14.591 -507.047 6.000
Y_88 -8.431 -274.939 6.000
F_89 0.000 560.542 10.000
L_90 0.000 679.918 6.000
D_91 -18.409 -475.402 8.000
V_92 0.000 613.196 8.000
E_93 -18.409 -605.239 8.000
L_94 0.000 679.918 9.000
G_95 0.000 -27.649 12.000
R_96 -27.076 -1015.709 11.000
T_97 -17.098 -90.974 11.000
T_98 -19.059 -90.974 14.000
C_99 0.000 322.480 12.000
T_100 -17.811 -90.974 12.000
K_101 -18.462 -818.649 13.000
T_102 -18.462 -90.974 13.000
Q_103 -25.003 -643.904 14.000
P_104 0.000 -195.996 11.000
N_105 -23.258 -507.047 12.000
L_106 0.000 679.918 12.000
D_107 -23.258 -475.402 12.000
N_108 -18.409 -507.047 8.000
C_109 0.000 322.480 8.000
P_110 0.000 -195.996 6.000
F_111 0.000 560.542 6.000
H_112 -11.154 -583.484 10.000
D_113 -21.132 -475.402 10.000
Q_114 -23.258 -643.904 12.000
P_115 0.000 -195.996 10.000
H_116 -10.601 -583.484 9.000
L_117 0.000 679.918 10.000
K_118 -18.462 -818.649 13.000
R_119 -27.076 -1015.709 11.000
K_120 -17.098 -818.649 11.000
A_121 0.000 185.740 8.000
F_122 0.000 560.542 6.000
C_123 0.000 322.480 3.000
S_124 -13.255 -90.060 7.000
F_125 0.000 560.542 7.000
Q_126 -19.866 -643.904 9.000
I_127 0.000 777.529 6.000
Y_128 -8.431 -274.939 6.000
A_129 0.000 185.740 2.000
V_130 0.000 613.196 3.000
P_131 0.000 -195.996 5.000
W_132 -3.990 -203.500 5.000
Q_133 -18.409 -643.904 8.000
G_134 0.000 -27.649 8.000
T_135 -16.309 -90.974 10.000
M_136 0.000 401.769 6.000
T_137 -15.425 -90.974 9.000
L_138 0.000 679.918 9.000
S_139 -17.811 -90.060 12.000
K_140 -17.811 -818.649 12.000
S_141 -17.811 -90.060 12.000
T_142 -18.462 -90.974 13.000
C_143 0.000 322.480 14.000
Q_144 -22.253 -643.904 11.000
D_145 -18.409 -475.402 8.000
A_146 0.000 185.740 8.000
