M_1 0.000 401.769 4.000
E_2 -7.878 -605.239 4.000
P_3 0.000 -195.996 8.000
P_4 0.000 -195.996 8.000
E_5 -7.878 -605.239 4.000
G_6 0.000 -27.649 4.000
A_7 0.000 185.740 7.000
G_8 0.000 -27.649 3.000
T_9 -13.255 -90.974 7.000
G_10 0.000 -27.649 7.000
E_11 -16.691 -605.239 7.000
I_12 0.000 777.529 7.000
V_13 0.000 613.196 11.000
K_14 -13.255 -818.649 7.000
E_15 -22.253 -605.239 11.000
A_16 0.000 185.740 11.000
E_17 -18.409 -605.239 8.000
V_18 0.000 613.196 8.000
P_19 0.000 -195.996 8.000
Q_20 -7.878 -643.904 4.000
A_21 0.000 185.740 4.000
A_22 0.000 185.740 4.000
L_23 0.000 679.918 0.000
G_24 0.000 -27.649 0.000
V_25 0.000 613.196 0.000
P_26 0.000 -195.996 4.000
A_27 0.000 185.740 4.000
Q_28 -16.691 -643.904 7.000
G_29 0.000 -27.649 7.000
T_30 -17.098 -90.974 11.000
G_31 0.000 -27.649 11.000
D_32 -22.253 -475.402 11.000
N_33 -21.132 -507.047 10.000
G_34 0.000 -27.649 13.000
H_35 -10.601 -583.484 9.000
T_36 -10.149 -90.974 5.000
P_37 0.000 -195.996 9.000
V_38 0.000 613.196 11.000
E_39 -23.258 -605.239 12.000
E_40 -23.258 -605.239 12.000
E_41 -23.258 -605.239 12.000
V_42 0.000 613.196 8.000
G_43 0.000 -27.649 4.000
G_44 0.000 -27.649 0.000
I_45 0.000 777.529 0.000
P_46 0.000 -195.996 0.000
V_47 0.000 613.196 0.000
P_48 0.000 -195.996 0.000
A_49 0.000 185.740 0.000
P_50 0.000 -195.996 0.000
G_51 0.000 -27.649 0.000
L_52 0.000 679.918 4.000
L_53 0.000 679.918 4.000
Q_54 -16.691 -643.904 7.000
V_55 0.000 613.196 11.000
T_56 -20.127 -90.974 16.000
E_57 -27.150 -605.239 17.000
R_58 -36.459 -1015.709 21.000
R_59 -34.315 -1015.709 18.000
Q_60 -25.003 -643.904 14.000
P_61 0.000 -195.996 12.000
L_62 0.000 679.918 10.000
S_63 -11.867 -90.060 6.000
S_64 -15.425 -90.060 9.000
V_65 0.000 613.196 12.000
S_66 -15.425 -90.060 9.000
S_67 -16.309 -90.060 10.000
L_68 0.000 679.918 10.000
E_69 -19.866 -605.239 9.000
V_70 0.000 613.196 6.000
H_71 -11.154 -583.484 10.000
F_72 0.000 560.542 6.000
D_73 -14.591 -475.402 6.000
L_74 0.000 679.918 8.000
L_75 0.000 679.918 8.000
D_76 -16.691 -475.402 7.000
L_77 0.000 679.918 11.000
T_78 -17.098 -90.974 11.000
E_79 -21.132 -605.239 10.000
L_80 0.000 679.918 14.000
T_81 -17.098 -90.974 11.000
D_82 -21.132 -475.402 10.000
M_83 0.000 401.769 14.000
S_84 -19.613 -90.060 15.000
D_85 -25.772 -475.402 15.000
Q_86 -25.772 -643.904 15.000
E_87 -23.258 -605.239 12.000
L_88 0.000 679.918 12.000
A_89 0.000 185.740 8.000
E_90 -7.878 -605.239 4.000
V_91 0.000 613.196 4.000
F_92 0.000 560.542 8.000
A_93 0.000 185.740 7.000
D_94 -22.253 -475.402 11.000
S_95 -19.613 -90.060 15.000
D_96 -28.359 -475.402 19.000
D_97 -28.359 -475.402 19.000
E_98 -26.485 -605.239 16.000
N_99 -26.485 -507.047 16.000
L_100 0.000 679.918 15.000
N_101 -25.772 -507.047 15.000
T_102 -19.059 -90.974 14.000
E_103 -25.003 -605.239 14.000
S_104 -16.309 -90.060 10.000
P_105 0.000 -195.996 7.000
A_106 0.000 185.740 3.000
G_107 0.000 -27.649 2.000
L_108 0.000 679.918 2.000
H_109 -1.718 -583.484 2.000
P_110 0.000 -195.996 2.000
L_111 0.000 679.918 7.000
P_112 0.000 -195.996 5.000
R_113 -11.867 -1015.709 5.000
A_114 0.000 185.740 7.000
G_115 0.000 -27.649 7.000
Y_116 -9.265 -274.939 7.000
L_117 0.000 679.918 10.000
R_118 -25.574 -1015.709 10.000
S_119 -17.098 -90.060 11.000
P_120 0.000 -195.996 12.000
S_121 -16.309 -90.060 10.000
W_122 -6.160 -203.500 12.000
T_123 -19.613 -90.974 15.000
R_124 -33.508 -1015.709 17.000
T_125 -20.127 -90.974 16.000
R_126 -33.508 -1015.709 17.000
A_127 0.000 185.740 16.000
E_128 -26.485 -605.239 16.000
Q_129 -24.169 -643.904 13.000
S_130 -20.609 -90.060 17.000
H_131 -13.586 -583.484 16.000
E_132 -26.485 -605.239 16.000
K_133 -18.462 -818.649 13.000
Q_134 -22.253 -643.904 11.000
P_135 0.000 -195.996 7.000
L_136 0.000 679.918 8.000
G_137 0.000 -27.649 4.000
D_138 -18.409 -475.402 8.000
P_139 0.000 -195.996 13.000
E_140 -27.150 -605.239 17.000
R_141 -29.616 -1015.709 13.000
Q_142 -26.485 -643.904 16.000
A_143 0.000 185.740 12.000
T_144 -13.255 -90.974 7.000
V_145 0.000 613.196 7.000
L_146 0.000 679.918 10.000
D_147 -16.691 -475.402 7.000
T_148 -13.255 -90.974 7.000
F_149 0.000 560.542 10.000
L_150 0.000 679.918 6.000
T_151 -13.255 -90.974 7.000
V_152 0.000 613.196 12.000
E_153 -23.258 -605.239 12.000
R_154 -29.616 -1015.709 13.000
P_155 0.000 -195.996 17.000
Q_156 -27.150 -643.904 17.000
E_157 -23.258 -605.239 12.000
D_158 -23.258 -475.402 12.000
