M_1 0.000 401.769 3.000
S_2 -11.867 -90.060 6.000
C_3 0.000 322.480 11.000
T_4 -17.098 -90.974 11.000
R_5 -21.845 -1015.709 8.000
M_6 0.000 401.769 12.000
I_7 0.000 777.529 9.000
Q_8 -7.878 -643.904 4.000
V_9 0.000 613.196 8.000
L_10 0.000 679.918 8.000
D_11 -19.866 -475.402 9.000
P_12 0.000 -195.996 9.000
R_13 -23.856 -1015.709 9.000
P_14 0.000 -195.996 8.000
L_15 0.000 679.918 11.000
T_16 -15.425 -90.974 9.000
S_17 -15.425 -90.060 9.000
S_18 -15.425 -90.060 9.000
V_19 0.000 613.196 6.000
M_20 0.000 401.769 3.000
P_21 0.000 -195.996 4.000
V_22 0.000 613.196 4.000
D_23 -7.878 -475.402 4.000
V_24 0.000 613.196 4.000
A_25 0.000 185.740 9.000
M_26 0.000 401.769 5.000
R_27 -11.867 -1015.709 5.000
L_28 0.000 679.918 5.000
C_29 0.000 322.480 5.000
L_30 0.000 679.918 2.000
A_31 0.000 185.740 5.000
H_32 -7.426 -583.484 5.000
S_33 -10.149 -90.060 5.000
P_34 0.000 -195.996 5.000
P_35 0.000 -195.996 6.000
V_36 0.000 613.196 6.000
K_37 -11.867 -818.649 6.000
S_38 -11.867 -90.060 6.000
F_39 0.000 560.542 6.000
L_40 0.000 679.918 3.000
G_41 0.000 -27.649 2.000
P_42 0.000 -195.996 6.000
Y_43 -11.154 -274.939 10.000
D_44 -21.132 -475.402 10.000
E_45 -25.003 -605.239 14.000
F_46 0.000 560.542 17.000
Q_47 -27.773 -643.904 18.000
R_48 -32.645 -1015.709 16.000
R_49 -32.645 -1015.709 16.000
H_50 -12.104 -583.484 12.000
F_51 0.000 560.542 11.000
V_52 0.000 613.196 9.000
N_53 -16.691 -507.047 7.000
K_54 -16.309 -818.649 10.000
L_55 0.000 679.918 10.000
K_56 -11.867 -818.649 6.000
P_57 0.000 -195.996 6.000
L_58 0.000 679.918 9.000
K_59 -11.867 -818.649 6.000
S_60 -11.867 -90.060 6.000
C_61 0.000 322.480 10.000
L_62 0.000 679.918 7.000
N_63 -16.691 -507.047 7.000
I_64 0.000 777.529 9.000
K_65 -17.811 -818.649 12.000
H_66 -9.978 -583.484 8.000
K_67 -17.098 -818.649 11.000
A_68 0.000 185.740 11.000
K_69 -18.462 -818.649 13.000
S_70 -19.059 -90.060 14.000
Q_71 -27.773 -643.904 18.000
N_72 -26.485 -507.047 16.000
D_73 -26.485 -475.402 16.000
W_74 -6.160 -203.500 12.000
K_75 -17.098 -818.649 11.000
C_76 0.000 322.480 9.000
S_77 -17.811 -90.060 12.000
H_78 -12.518 -583.484 13.000
N_79 -24.169 -507.047 13.000
Q_80 -24.169 -643.904 13.000
A_81 0.000 185.740 14.000
K_82 -19.613 -818.649 15.000
K_83 -17.098 -818.649 11.000
R_84 -27.076 -1015.709 11.000
V_85 0.000 613.196 8.000
V_86 0.000 613.196 5.000
F_87 0.000 560.542 4.000
A_88 0.000 185.740 7.000
D_89 -21.132 -475.402 10.000
S_90 -16.309 -90.060 10.000
K_91 -16.309 -818.649 10.000
G_92 0.000 -27.649 9.000
L_93 0.000 679.918 6.000
S_94 -11.867 -90.060 6.000
L_95 0.000 679.918 6.000
T_96 -11.867 -90.974 6.000
A_97 0.000 185.740 5.000
I_98 0.000 777.529 5.000
H_99 -1.718 -583.484 2.000
V_100 0.000 613.196 5.000
F_101 0.000 560.542 9.000
S_102 -13.255 -90.060 7.000
D_103 -16.691 -475.402 7.000
L_104 0.000 679.918 11.000
P_105 0.000 -195.996 12.000
E_106 -18.409 -605.239 8.000
E_107 -18.409 -605.239 8.000
P_108 0.000 -195.996 9.000
A_109 0.000 185.740 9.000
W_110 -3.990 -203.500 5.000
D_111 -19.866 -475.402 9.000
L_112 0.000 679.918 9.000
Q_113 -23.258 -643.904 12.000
F_114 0.000 560.542 8.000
D_115 -18.409 -475.402 8.000
L_116 0.000 679.918 8.000
L_117 0.000 679.918 8.000
D_118 -18.409 -475.402 8.000
L_119 0.000 679.918 12.000
N_120 -23.258 -507.047 12.000
D_121 -22.253 -475.402 11.000
I_122 0.000 777.529 14.000
S_123 -16.309 -90.060 10.000
S_124 -11.867 -90.060 6.000
A_125 0.000 185.740 9.000
L_126 0.000 679.918 8.000
K_127 -13.255 -818.649 7.000
H_128 -11.652 -583.484 11.000
H_129 -13.255 -583.484 15.000
E_130 -25.772 -605.239 15.000
E_131 -27.150 -605.239 17.000
K_132 -19.613 -818.649 15.000
N_133 -22.253 -507.047 11.000
L_134 0.000 679.918 7.000
I_135 0.000 777.529 8.000
L_136 0.000 679.918 4.000
D_137 -7.878 -475.402 4.000
F_138 0.000 560.542 8.000
P_139 0.000 -195.996 8.000
Q_140 -16.691 -643.904 7.000
P_141 0.000 -195.996 10.000
S_142 -19.059 -90.060 14.000
T_143 -17.811 -90.974 12.000
D_144 -23.258 -475.402 12.000
Y_145 -12.104 -274.939 12.000
L_146 0.000 679.918 9.000
S_147 -16.309 -90.060 10.000
F_148 0.000 560.542 11.000
R_149 -29.616 -1015.709 13.000
S_150 -16.309 -90.060 10.000
H_151 -12.900 -583.484 14.000
F_152 0.000 560.542 12.000
Q_153 -24.169 -643.904 13.000
K_154 -17.098 -818.649 11.000
N_155 -22.253 -507.047 11.000
F_156 0.000 560.542 7.000
V_157 0.000 613.196 4.000
C_158 0.000 322.480 4.000
L_159 0.000 679.918 8.000
E_160 -18.409 -605.239 8.000
N_161 -22.253 -507.047 11.000
C_162 0.000 322.480 11.000
S_163 -17.098 -90.060 11.000
L_164 0.000 679.918 11.000
Q_165 -26.485 -643.904 16.000
E_166 -26.485 -605.239 16.000
R_167 -32.645 -1015.709 16.000
T_168 -19.613 -90.974 15.000
V_169 0.000 613.196 11.000
T_170 -15.425 -90.974 9.000
G_171 0.000 -27.649 6.000
T_172 -15.425 -90.974 9.000
V_173 0.000 613.196 6.000
K_174 -15.425 -818.649 9.000
V_175 0.000 613.196 10.000
K_176 -16.309 -818.649 10.000
N_177 -21.132 -507.047 10.000
V_178 0.000 613.196 10.000
S_179 -17.098 -90.060 11.000
F_180 0.000 560.542 10.000
E_181 -24.169 -605.239 13.000
K_182 -16.309 -818.649 10.000
K_183 -19.059 -818.649 14.000
V_184 0.000 613.196 10.000
Q_185 -23.258 -643.904 12.000
I_186 0.000 777.529 9.000
R_187 -28.412 -1015.709 12.000
I_188 0.000 777.529 8.000
T_189 -17.811 -90.974 12.000
F_190 0.000 560.542 10.000
D_191 -22.253 -475.402 11.000
S_192 -17.098 -90.060 11.000
W_193 -6.713 -203.500 15.000
K_194 -18.462 -818.649 13.000
N_195 -24.169 -507.047 13.000
Y_196 -13.586 -274.939 16.000
T_197 -18.462 -90.974 13.000
D_198 -24.169 -475.402 13.000
V_199 0.000 613.196 11.000
D_200 -18.409 -475.402 8.000
C_201 0.000 322.480 6.000
V_202 0.000 613.196 6.000
Y_203 -7.426 -274.939 5.000
M_204 0.000 401.769 9.000
K_205 -15.425 -818.649 9.000
N_206 -19.866 -507.047 9.000
V_207 0.000 613.196 9.000
Y_208 -8.431 -274.939 6.000
G_209 0.000 -27.649 5.000
G_210 0.000 -27.649 9.000
T_211 -16.309 -90.974 10.000
D_212 -25.003 -475.402 14.000
S_213 -20.609 -90.060 17.000
D_214 -25.003 -475.402 14.000
T_215 -18.462 -90.974 13.000
F_216 0.000 560.542 10.000
S_217 -11.867 -90.060 6.000
F_218 0.000 560.542 3.000
A_219 0.000 185.740 7.000
I_220 0.000 777.529 4.000
D_221 -7.878 -475.402 4.000
L_222 0.000 679.918 4.000
P_223 0.000 -195.996 4.000
P_224 0.000 -195.996 0.000
V_225 0.000 613.196 0.000
I_226 0.000 777.529 3.000
P_227 0.000 -195.996 7.000
T_228 -17.098 -90.974 11.000
E_229 -25.003 -605.239 14.000
Q_230 -25.003 -643.904 14.000
K_231 -19.613 -818.649 15.000
I_232 0.000 777.529 11.000
E_233 -16.691 -605.239 7.000
F_234 0.000 560.542 4.000
C_235 0.000 322.480 7.000
I_236 0.000 777.529 5.000
S_237 -13.255 -90.060 7.000
Y_238 -9.265 -274.939 7.000
H_239 -11.652 -583.484 11.000
A_240 0.000 185.740 8.000
N_241 -21.132 -507.047 10.000
G_242 0.000 -27.649 8.000
Q_243 -18.409 -643.904 8.000
V_244 0.000 613.196 5.000
F_245 0.000 560.542 9.000
W_246 -5.447 -203.500 9.000
D_247 -24.169 -475.402 13.000
N_248 -27.150 -507.047 17.000
N_249 -26.485 -507.047 16.000
D_250 -26.485 -475.402 16.000
G_251 0.000 -27.649 16.000
Q_252 -25.003 -643.904 14.000
N_253 -25.772 -507.047 15.000
Y_254 -13.255 -274.939 15.000
R_255 -27.076 -1015.709 11.000
I_256 0.000 777.529 9.000
V_257 0.000 613.196 7.000
H_258 -8.431 -583.484 6.000
V_259 0.000 613.196 7.000
Q_260 -21.132 -643.904 10.000
W_261 -5.155 -203.500 8.000
K_262 -17.811 -818.649 12.000
P_263 0.000 -195.996 8.000
D_264 -16.691 -475.402 7.000
G_265 0.000 -27.649 8.000
V_266 0.000 613.196 11.000
Q_267 -22.253 -643.904 11.000
T_268 -17.098 -90.974 11.000
Q_269 -22.253 -643.904 11.000
M_270 0.000 401.769 7.000
A_271 0.000 185.740 8.000
P_272 0.000 -195.996 8.000
Q_273 -18.409 -643.904 8.000
D_274 -18.409 -475.402 8.000
C_275 0.000 322.480 8.000
A_276 0.000 185.740 6.000
F_277 0.000 560.542 6.000
H_278 -10.601 -583.484 9.000
Q_279 -23.258 -643.904 12.000
T_280 -17.811 -90.974 12.000
S_281 -18.462 -90.060 13.000
P_282 0.000 -195.996 12.000
K_283 -18.462 -818.649 13.000
T_284 -16.309 -90.974 10.000
E_285 -25.003 -605.239 14.000
L_286 0.000 679.918 14.000
E_287 -25.003 -605.239 14.000
S_288 -16.309 -90.060 10.000
T_289 -16.309 -90.974 10.000
I_290 0.000 777.529 6.000
F_291 0.000 560.542 6.000
G_292 0.000 -27.649 3.000
S_293 -14.420 -90.060 8.000
P_294 0.000 -195.996 8.000
R_295 -21.845 -1015.709 8.000
L_296 0.000 679.918 8.000
A_297 0.000 185.740 8.000
S_298 -4.441 -90.060 3.000
G_299 0.000 -27.649 3.000
L_300 0.000 679.918 3.000
F_301 0.000 560.542 4.000
P_302 0.000 -195.996 5.000
E_303 -19.866 -605.239 9.000
W_304 -6.160 -203.500 12.000
Q_305 -24.169 -643.904 13.000
S_306 -15.425 -90.060 9.000
W_307 -6.358 -203.500 13.000
G_308 0.000 -27.649 9.000
R_309 -25.574 -1015.709 10.000
M_310 0.000 401.769 13.000
E_311 -24.169 -605.239 13.000
N_312 -18.409 -507.047 8.000
L_313 0.000 679.918 11.000
A_314 0.000 185.740 9.000
S_315 -16.309 -90.060 10.000
Y_316 -11.154 -274.939 10.000
R_317 -25.574 -1015.709 10.000
