M_1 0.000 401.769 3.000
A_2 0.000 185.740 3.000
T_3 -4.441 -90.974 3.000
A_4 0.000 185.740 7.000
G_5 0.000 -27.649 7.000
N_6 -11.867 -507.047 5.000
P_7 0.000 -195.996 5.000
W_8 -4.441 -203.500 6.000
G_9 0.000 -27.649 2.000
W_10 -1.718 -203.500 2.000
F_11 0.000 560.542 1.000
L_12 0.000 679.918 3.000
G_13 0.000 -27.649 2.000
Y_14 -1.718 -274.939 2.000
L_15 0.000 679.918 2.000
I_16 0.000 777.529 2.000
L_17 0.000 679.918 0.000
G_18 0.000 -27.649 0.000
V_19 0.000 613.196 0.000
A_20 0.000 185.740 3.000
G_21 0.000 -27.649 3.000
S_22 -4.441 -90.060 3.000
L_23 0.000 679.918 6.000
V_24 0.000 613.196 6.000
S_25 -11.867 -90.060 6.000
G_26 0.000 -27.649 6.000
S_27 -15.425 -90.060 9.000
C_28 0.000 322.480 10.000
S_29 -16.309 -90.060 10.000
Q_30 -16.691 -643.904 7.000
I_31 0.000 777.529 11.000
I_32 0.000 777.529 8.000
N_33 -18.409 -507.047 8.000
G_34 0.000 -27.649 12.000
E_35 -23.258 -605.239 12.000
D_36 -22.253 -475.402 11.000
C_37 0.000 322.480 11.000
S_38 -15.425 -90.060 9.000
P_39 0.000 -195.996 8.000
H_40 -12.104 -583.484 12.000
S_41 -15.425 -90.060 9.000
Q_42 -21.132 -643.904 10.000
P_43 0.000 -195.996 12.000
W_44 -5.447 -203.500 9.000
Q_45 -11.867 -643.904 5.000
A_46 0.000 185.740 5.000
A_47 0.000 185.740 4.000
L_48 0.000 679.918 0.000
V_49 0.000 613.196 4.000
M_50 0.000 401.769 8.000
E_51 -23.258 -605.239 12.000
N_52 -23.258 -507.047 12.000
E_53 -23.258 -605.239 12.000
L_54 0.000 679.918 8.000
F_55 0.000 560.542 7.000
C_56 0.000 322.480 3.000
S_57 -4.441 -90.060 3.000
G_58 0.000 -27.649 3.000
V_59 0.000 613.196 3.000
L_60 0.000 679.918 2.000
V_61 0.000 613.196 2.000
H_62 -8.431 -583.484 6.000
P_63 0.000 -195.996 7.000
Q_64 -16.691 -643.904 7.000
W_65 -3.990 -203.500 5.000
V_66 0.000 613.196 8.000
L_67 0.000 679.918 4.000
S_68 -4.441 -90.060 3.000
A_69 0.000 185.740 5.000
A_70 0.000 185.740 5.000
H_71 -1.718 -583.484 2.000
C_72 0.000 322.480 6.000
F_73 0.000 560.542 10.000
Q_74 -22.253 -643.904 11.000
N_75 -24.169 -507.047 13.000
S_76 -20.127 -90.060 16.000
Y_77 -12.104 -274.939 12.000
T_78 -14.420 -90.974 8.000
I_79 0.000 777.529 5.000
G_80 0.000 -27.649 3.000
L_81 0.000 679.918 0.000
G_82 0.000 -27.649 2.000
L_83 0.000 679.918 5.000
H_84 -7.426 -583.484 5.000
S_85 -15.425 -90.060 9.000
L_86 0.000 679.918 9.000
E_87 -22.253 -605.239 11.000
A_88 0.000 185.740 12.000
D_89 -26.485 -475.402 16.000
Q_90 -23.258 -643.904 12.000
E_91 -23.258 -605.239 12.000
P_92 0.000 -195.996 11.000
G_93 0.000 -27.649 11.000
S_94 -13.255 -90.060 7.000
Q_95 -16.691 -643.904 7.000
M_96 0.000 401.769 11.000
V_97 0.000 613.196 8.000
E_98 -16.691 -605.239 7.000
A_99 0.000 185.740 7.000
S_100 -16.309 -90.060 10.000
L_101 0.000 679.918 6.000
S_102 -17.098 -90.060 11.000
V_103 0.000 613.196 10.000
R_104 -25.574 -1015.709 10.000
H_105 -11.652 -583.484 11.000
P_106 0.000 -195.996 13.000
E_107 -23.258 -605.239 12.000
Y_108 -13.255 -274.939 15.000
N_109 -25.772 -507.047 15.000
R_110 -27.076 -1015.709 11.000
P_111 0.000 -195.996 9.000
L_112 0.000 679.918 5.000
L_113 0.000 679.918 4.000
A_114 0.000 185.740 8.000
N_115 -18.409 -507.047 8.000
D_116 -18.409 -475.402 8.000
L_117 0.000 679.918 8.000
M_118 0.000 401.769 4.000
L_119 0.000 679.918 3.000
I_120 0.000 777.529 3.000
K_121 -13.255 -818.649 7.000
L_122 0.000 679.918 11.000
D_123 -25.003 -475.402 14.000
E_124 -22.253 -605.239 11.000
S_125 -19.059 -90.060 14.000
V_126 0.000 613.196 14.000
S_127 -18.462 -90.060 13.000
E_128 -25.003 -605.239 14.000
S_129 -20.609 -90.060 17.000
D_130 -25.003 -475.402 14.000
T_131 -19.613 -90.974 15.000
I_132 0.000 777.529 15.000
R_133 -27.076 -1015.709 11.000
S_134 -17.098 -90.060 11.000
I_135 0.000 777.529 11.000
S_136 -11.867 -90.060 6.000
I_137 0.000 777.529 6.000
A_138 0.000 185.740 10.000
S_139 -13.255 -90.060 7.000
Q_140 -16.691 -643.904 7.000
C_141 0.000 322.480 10.000
P_142 0.000 -195.996 7.000
T_143 -4.441 -90.974 3.000
A_144 0.000 185.740 7.000
G_145 0.000 -27.649 10.000
N_146 -16.691 -507.047 7.000
S_147 -13.255 -90.060 7.000
C_148 0.000 322.480 7.000
L_149 0.000 679.918 6.000
V_150 0.000 613.196 3.000
S_151 -7.878 -90.060 4.000
G_152 0.000 -27.649 4.000
W_153 -3.436 -203.500 4.000
G_154 0.000 -27.649 1.000
L_155 0.000 679.918 1.000
L_156 0.000 679.918 4.000
A_157 0.000 185.740 4.000
N_158 -19.866 -507.047 9.000
G_159 0.000 -27.649 9.000
R_160 -23.856 -1015.709 9.000
M_161 0.000 401.769 8.000
P_162 0.000 -195.996 8.000
T_163 -4.441 -90.974 3.000
V_164 0.000 613.196 7.000
L_165 0.000 679.918 7.000
Q_166 -7.878 -643.904 4.000
C_167 0.000 322.480 8.000
V_168 0.000 613.196 8.000
N_169 -16.691 -507.047 7.000
V_170 0.000 613.196 7.000
S_171 -13.255 -90.060 7.000
V_172 0.000 613.196 6.000
V_173 0.000 613.196 10.000
S_174 -17.098 -90.060 11.000
E_175 -22.253 -605.239 11.000
E_176 -22.253 -605.239 11.000
V_177 0.000 613.196 11.000
C_178 0.000 322.480 10.000
S_179 -11.867 -90.060 6.000
K_180 -14.420 -818.649 8.000
L_181 0.000 679.918 12.000
Y_182 -10.601 -274.939 9.000
D_183 -14.591 -475.402 6.000
P_184 0.000 -195.996 8.000
L_185 0.000 679.918 8.000
Y_186 -6.160 -274.939 4.000
H_187 -9.265 -583.484 7.000
P_188 0.000 -195.996 7.000
S_189 -10.149 -90.060 5.000
M_190 0.000 401.769 3.000
F_191 0.000 560.542 3.000
C_192 0.000 322.480 0.000
A_193 0.000 185.740 0.000
G_194 0.000 -27.649 0.000
G_195 0.000 -27.649 4.000
G_196 0.000 -27.649 8.000
Q_197 -23.258 -643.904 12.000
D_198 -25.772 -475.402 15.000
Q_199 -28.359 -643.904 19.000
K_200 -21.060 -818.649 18.000
D_201 -25.003 -475.402 14.000
S_202 -19.059 -90.060 14.000
C_203 0.000 322.480 11.000
N_204 -22.253 -507.047 11.000
G_205 0.000 -27.649 11.000
D_206 -22.253 -475.402 11.000
S_207 -13.255 -90.060 7.000
G_208 0.000 -27.649 7.000
G_209 0.000 -27.649 3.000
P_210 0.000 -195.996 0.000
L_211 0.000 679.918 0.000
I_212 0.000 777.529 4.000
C_213 0.000 322.480 4.000
N_214 -14.591 -507.047 6.000
G_215 0.000 -27.649 6.000
Y_216 -11.154 -274.939 10.000
L_217 0.000 679.918 6.000
Q_218 -14.591 -643.904 6.000
G_219 0.000 -27.649 4.000
L_220 0.000 679.918 7.000
V_221 0.000 613.196 3.000
S_222 -4.441 -90.060 3.000
F_223 0.000 560.542 6.000
G_224 0.000 -27.649 6.000
K_225 -4.441 -818.649 3.000
A_226 0.000 185.740 3.000
P_227 0.000 -195.996 3.000
C_228 0.000 322.480 4.000
G_229 0.000 -27.649 4.000
Q_230 -7.878 -643.904 4.000
V_231 0.000 613.196 4.000
G_232 0.000 -27.649 4.000
V_233 0.000 613.196 0.000
P_234 0.000 -195.996 0.000
G_235 0.000 -27.649 2.000
V_236 0.000 613.196 5.000
Y_237 -10.601 -274.939 9.000
T_238 -15.425 -90.974 9.000
N_239 -19.866 -507.047 9.000
L_240 0.000 679.918 10.000
C_241 0.000 322.480 7.000
K_242 -11.867 -818.649 6.000
F_243 0.000 560.542 10.000
T_244 -17.098 -90.974 11.000
E_245 -18.409 -605.239 8.000
W_246 -6.160 -203.500 12.000
I_247 0.000 777.529 12.000
E_248 -22.253 -605.239 11.000
K_249 -16.309 -818.649 10.000
T_250 -19.059 -90.974 14.000
V_251 0.000 613.196 10.000
Q_252 -21.132 -643.904 10.000
A_253 0.000 185.740 7.000
S_254 -13.255 -90.060 7.000
