M_1 0.000 401.769 3.000
K_2 -4.441 -818.649 3.000
I_3 0.000 777.529 7.000
F_4 0.000 560.542 10.000
N_5 -16.691 -507.047 7.000
S_6 -16.309 -90.060 10.000
P_7 0.000 -195.996 14.000
S_8 -18.462 -90.060 13.000
N_9 -24.169 -507.047 13.000
S_10 -20.127 -90.060 16.000
S_11 -18.462 -90.060 13.000
T_12 -17.811 -90.974 12.000
F_13 0.000 560.542 9.000
T_14 -11.867 -90.974 6.000
G_15 0.000 -27.649 3.000
F_16 0.000 560.542 3.000
I_17 0.000 777.529 0.000
L_18 0.000 679.918 0.000
L_19 0.000 679.918 0.000
G_20 0.000 -27.649 0.000
F_21 0.000 560.542 0.000
P_22 0.000 -195.996 0.000
C_23 0.000 322.480 5.000
P_24 0.000 -195.996 9.000
R_25 -23.856 -1015.709 9.000
E_26 -24.169 -605.239 13.000
G_27 0.000 -27.649 13.000
Q_28 -18.409 -643.904 8.000
I_29 0.000 777.529 4.000
L_30 0.000 679.918 4.000
L_31 0.000 679.918 0.000
F_32 0.000 560.542 0.000
V_33 0.000 613.196 0.000
L_34 0.000 679.918 3.000
F_35 0.000 560.542 3.000
T_36 -4.441 -90.974 3.000
V_37 0.000 613.196 5.000
V_38 0.000 613.196 5.000
Y_39 -1.718 -274.939 2.000
L_40 0.000 679.918 5.000
L_41 0.000 679.918 5.000
T_42 -4.441 -90.974 3.000
L_43 0.000 679.918 3.000
M_44 0.000 401.769 7.000
G_45 0.000 -27.649 4.000
N_46 -16.691 -507.047 7.000
G_47 0.000 -27.649 7.000
S_48 -13.255 -90.060 7.000
I_49 0.000 777.529 3.000
I_50 0.000 777.529 3.000
C_51 0.000 322.480 0.000
A_52 0.000 185.740 2.000
V_53 0.000 613.196 3.000
H_54 -9.265 -583.484 7.000
W_55 -5.944 -203.500 11.000
D_56 -26.485 -475.402 16.000
Q_57 -25.003 -643.904 14.000
R_58 -31.716 -1015.709 15.000
L_59 0.000 679.918 11.000
H_60 -9.265 -583.484 7.000
A_61 0.000 185.740 2.000
P_62 0.000 -195.996 4.000
M_63 0.000 401.769 2.000
Y_64 -1.718 -274.939 2.000
I_65 0.000 777.529 2.000
L_66 0.000 679.918 2.000
L_67 0.000 679.918 4.000
A_68 0.000 185.740 4.000
N_69 -16.691 -507.047 7.000
F_70 0.000 560.542 7.000
S_71 -13.255 -90.060 7.000
F_72 0.000 560.542 7.000
L_73 0.000 679.918 7.000
E_74 -7.878 -605.239 4.000
I_75 0.000 777.529 6.000
C_76 0.000 322.480 6.000
Y_77 -7.426 -274.939 5.000
V_78 0.000 613.196 8.000
T_79 -17.098 -90.974 11.000
S_80 -15.425 -90.060 9.000
T_81 -15.425 -90.974 9.000
V_82 0.000 613.196 9.000
P_83 0.000 -195.996 6.000
S_84 -4.441 -90.060 3.000
M_85 0.000 401.769 3.000
L_86 0.000 679.918 7.000
A_87 0.000 185.740 4.000
N_88 -7.878 -507.047 4.000
F_89 0.000 560.542 7.000
L_90 0.000 679.918 11.000
S_91 -16.309 -90.060 10.000
D_92 -24.169 -475.402 13.000
T_93 -18.462 -90.974 13.000
K_94 -16.309 -818.649 10.000
I_95 0.000 777.529 9.000
I_96 0.000 777.529 6.000
S_97 -11.867 -90.060 6.000
F_98 0.000 560.542 6.000
S_99 -11.867 -90.060 6.000
G_100 0.000 -27.649 3.000
C_101 0.000 322.480 3.000
F_102 0.000 560.542 4.000
L_103 0.000 679.918 4.000
Q_104 -14.591 -643.904 6.000
F_105 0.000 560.542 6.000
Y_106 -8.431 -274.939 6.000
F_107 0.000 560.542 2.000
F_108 0.000 560.542 5.000
F_109 0.000 560.542 3.000
S_110 -4.441 -90.060 3.000
L_111 0.000 679.918 6.000
G_112 0.000 -27.649 9.000
S_113 -16.309 -90.060 10.000
T_114 -16.309 -90.974 10.000
E_115 -21.132 -605.239 10.000
C_116 0.000 322.480 7.000
F_117 0.000 560.542 4.000
F_118 0.000 560.542 0.000
L_119 0.000 679.918 0.000
A_120 0.000 185.740 0.000
V_121 0.000 613.196 0.000
M_122 0.000 401.769 0.000
A_123 0.000 185.740 4.000
F_124 0.000 560.542 9.000
D_125 -22.253 -475.402 11.000
R_126 -27.076 -1015.709 11.000
Y_127 -11.652 -274.939 11.000
L_128 0.000 679.918 7.000
A_129 0.000 185.740 2.000
I_130 0.000 777.529 5.000
C_131 0.000 322.480 5.000
R_132 -11.867 -1015.709 5.000
P_133 0.000 -195.996 10.000
L_134 0.000 679.918 12.000
R_135 -19.414 -1015.709 7.000
Y_136 -11.154 -274.939 10.000
P_137 0.000 -195.996 10.000
T_138 -10.149 -90.974 5.000
I_139 0.000 777.529 6.000
M_140 0.000 401.769 11.000
T_141 -18.462 -90.974 13.000
R_142 -29.616 -1015.709 13.000
R_143 -29.616 -1015.709 13.000
L_144 0.000 679.918 13.000
C_145 0.000 322.480 12.000
T_146 -13.255 -90.974 7.000
N_147 -16.691 -507.047 7.000
L_148 0.000 679.918 7.000
V_149 0.000 613.196 8.000
V_150 0.000 613.196 4.000
N_151 -11.867 -507.047 5.000
C_152 0.000 322.480 5.000
W_153 -3.990 -203.500 5.000
V_154 0.000 613.196 1.000
L_155 0.000 679.918 1.000
G_156 0.000 -27.649 0.000
F_157 0.000 560.542 1.000
I_158 0.000 777.529 1.000
W_159 -0.000 -203.500 1.000
F_160 0.000 560.542 1.000
L_161 0.000 679.918 1.000
I_162 0.000 777.529 0.000
P_163 0.000 -195.996 0.000
I_164 0.000 777.529 4.000
V_165 0.000 613.196 4.000
N_166 -16.691 -507.047 7.000
I_167 0.000 777.529 11.000
S_168 -17.098 -90.060 11.000
Q_169 -21.132 -643.904 10.000
M_170 0.000 401.769 10.000
S_171 -13.255 -90.060 7.000
F_172 0.000 560.542 3.000
C_173 0.000 322.480 6.000
G_174 0.000 -27.649 8.000
S_175 -14.420 -90.060 8.000
R_176 -21.845 -1015.709 8.000
I_177 0.000 777.529 12.000
I_178 0.000 777.529 11.000
D_179 -14.591 -475.402 6.000
H_180 -8.431 -583.484 6.000
F_181 0.000 560.542 6.000
L_182 0.000 679.918 6.000
C_183 0.000 322.480 4.000
D_184 -7.878 -475.402 4.000
P_185 0.000 -195.996 4.000
A_186 0.000 185.740 4.000
P_187 0.000 -195.996 0.000
L_188 0.000 679.918 3.000
L_189 0.000 679.918 3.000
T_190 -11.867 -90.974 6.000
L_191 0.000 679.918 6.000
T_192 -15.425 -90.974 9.000
C_193 0.000 322.480 9.000
K_194 -15.425 -818.649 9.000
K_195 -11.867 -818.649 6.000
G_196 0.000 -27.649 6.000
P_197 0.000 -195.996 3.000
V_198 0.000 613.196 4.000
I_199 0.000 777.529 4.000
E_200 -7.878 -605.239 4.000
L_201 0.000 679.918 4.000
V_202 0.000 613.196 7.000
F_203 0.000 560.542 3.000
S_204 -4.441 -90.060 3.000
V_205 0.000 613.196 6.000
L_206 0.000 679.918 6.000
S_207 -4.441 -90.060 3.000
P_208 0.000 -195.996 3.000
L_209 0.000 679.918 3.000
P_210 0.000 -195.996 0.000
V_211 0.000 613.196 0.000
F_212 0.000 560.542 0.000
M_213 0.000 401.769 0.000
L_214 0.000 679.918 0.000
F_215 0.000 560.542 0.000
L_216 0.000 679.918 0.000
F_217 0.000 560.542 0.000
I_218 0.000 777.529 0.000
V_219 0.000 613.196 3.000
G_220 0.000 -27.649 5.000
S_221 -10.149 -90.060 5.000
Y_222 -7.426 -274.939 5.000
A_223 0.000 185.740 5.000
L_224 0.000 679.918 2.000
V_225 0.000 613.196 5.000
V_226 0.000 613.196 5.000
R_227 -11.867 -1015.709 5.000
A_228 0.000 185.740 5.000
V_229 0.000 613.196 10.000
L_230 0.000 679.918 5.000
R_231 -11.867 -1015.709 5.000
V_232 0.000 613.196 8.000
P_233 0.000 -195.996 8.000
S_234 -4.441 -90.060 3.000
A_235 0.000 185.740 3.000
A_236 0.000 185.740 8.000
G_237 0.000 -27.649 10.000
R_238 -29.616 -1015.709 13.000
R_239 -29.616 -1015.709 13.000
K_240 -18.462 -818.649 13.000
A_241 0.000 185.740 11.000
F_242 0.000 560.542 9.000
S_243 -11.867 -90.060 6.000
T_244 -11.867 -90.974 6.000
C_245 0.000 322.480 9.000
G_246 0.000 -27.649 8.000
S_247 -10.149 -90.060 5.000
H_248 -7.426 -583.484 5.000
L_249 0.000 679.918 5.000
A_250 0.000 185.740 2.000
V_251 0.000 613.196 3.000
V_252 0.000 613.196 3.000
S_253 -4.441 -90.060 3.000
L_254 0.000 679.918 5.000
F_255 0.000 560.542 5.000
Y_256 -7.426 -274.939 5.000
G_257 0.000 -27.649 5.000
S_258 -10.149 -90.060 5.000
V_259 0.000 613.196 3.000
L_260 0.000 679.918 3.000
V_261 0.000 613.196 2.000
M_262 0.000 401.769 2.000
Y_263 -7.426 -274.939 5.000
G_264 0.000 -27.649 5.000
S_265 -10.149 -90.060 5.000
P_266 0.000 -195.996 6.000
P_267 0.000 -195.996 9.000
S_268 -16.309 -90.060 10.000
K_269 -19.059 -818.649 14.000
N_270 -25.003 -507.047 14.000
E_271 -22.253 -605.239 11.000
A_272 0.000 185.740 11.000
G_273 0.000 -27.649 11.000
K_274 -16.309 -818.649 10.000
Q_275 -24.169 -643.904 13.000
K_276 -18.462 -818.649 13.000
T_277 -18.462 -90.974 13.000
V_278 0.000 613.196 9.000
T_279 -11.867 -90.974 6.000
L_280 0.000 679.918 5.000
F_281 0.000 560.542 8.000
Y_282 -7.426 -274.939 5.000
S_283 -10.149 -90.060 5.000
V_284 0.000 613.196 8.000
V_285 0.000 613.196 6.000
T_286 -4.441 -90.974 3.000
P_287 0.000 -195.996 3.000
L_288 0.000 679.918 7.000
L_289 0.000 679.918 4.000
N_290 -7.878 -507.047 4.000
P_291 0.000 -195.996 4.000
V_292 0.000 613.196 6.000
I_293 0.000 777.529 5.000
Y_294 -7.426 -274.939 5.000
S_295 -16.309 -90.060 10.000
L_296 0.000 679.918 14.000
R_297 -31.716 -1015.709 15.000
N_298 -26.485 -507.047 16.000
K_299 -20.127 -818.649 16.000
D_300 -26.485 -475.402 16.000
M_301 0.000 401.769 15.000
R_302 -28.412 -1015.709 12.000
K_303 -14.420 -818.649 8.000
A_304 0.000 185.740 11.000
L_305 0.000 679.918 9.000
K_306 -11.867 -818.649 6.000
K_307 -13.255 -818.649 7.000
F_308 0.000 560.542 7.000
W_309 -4.824 -203.500 7.000
G_310 0.000 -27.649 4.000
T_311 -7.878 -90.974 4.000
