M_1 0.000 401.769 8.000
D_2 -22.253 -475.402 11.000
D_3 -25.772 -475.402 15.000
K_4 -19.613 -818.649 15.000
E_5 -25.003 -605.239 14.000
P_6 0.000 -195.996 15.000
K_7 -18.462 -818.649 13.000
R_8 -23.856 -1015.709 9.000
W_9 -6.160 -203.500 12.000
P_10 0.000 -195.996 9.000
T_11 -15.425 -90.974 9.000
L_12 0.000 679.918 12.000
R_13 -33.508 -1015.709 17.000
D_14 -25.003 -475.402 14.000
R_15 -30.711 -1015.709 14.000
L_16 0.000 679.918 12.000
C_17 0.000 322.480 12.000
S_18 -13.255 -90.060 7.000
D_19 -16.691 -475.402 7.000
G_20 0.000 -27.649 7.000
F_21 0.000 560.542 4.000
L_22 0.000 679.918 0.000
F_23 0.000 560.542 4.000
P_24 0.000 -195.996 6.000
Q_25 -14.591 -643.904 6.000
Y_26 -8.431 -274.939 6.000
P_27 0.000 -195.996 9.000
I_28 0.000 777.529 5.000
K_29 -10.149 -818.649 5.000
P_30 0.000 -195.996 7.000
Y_31 -9.265 -274.939 7.000
H_32 -9.265 -583.484 7.000
L_33 0.000 679.918 7.000
K_34 -10.149 -818.649 5.000
G_35 0.000 -27.649 5.000
I_36 0.000 777.529 10.000
H_37 -9.265 -583.484 7.000
R_38 -19.414 -1015.709 7.000
A_39 0.000 185.740 7.000
V_40 0.000 613.196 7.000
F_41 0.000 560.542 7.000
Y_42 -11.652 -274.939 11.000
R_43 -27.076 -1015.709 11.000
D_44 -25.772 -475.402 15.000
L_45 0.000 679.918 17.000
E_46 -23.258 -605.239 12.000
E_47 -22.253 -605.239 11.000
L_48 0.000 679.918 11.000
K_49 -13.255 -818.649 7.000
F_50 0.000 560.542 3.000
V_51 0.000 613.196 3.000
L_52 0.000 679.918 3.000
L_53 0.000 679.918 8.000
T_54 -16.309 -90.974 10.000
R_55 -30.711 -1015.709 14.000
Y_56 -12.900 -274.939 14.000
D_57 -25.772 -475.402 15.000
I_58 0.000 777.529 13.000
N_59 -26.485 -507.047 16.000
K_60 -20.127 -818.649 16.000
R_61 -36.459 -1015.709 21.000
D_62 -28.912 -475.402 20.000
R_63 -36.459 -1015.709 21.000
K_64 -22.271 -818.649 21.000
E_65 -28.912 -605.239 20.000
R_66 -31.716 -1015.709 15.000
T_67 -17.811 -90.974 12.000
A_68 0.000 185.740 10.000
L_69 0.000 679.918 5.000
H_70 -1.718 -583.484 2.000
L_71 0.000 679.918 2.000
A_72 0.000 185.740 2.000
C_73 0.000 322.480 3.000
A_74 0.000 185.740 3.000
T_75 -13.255 -90.974 7.000
G_76 0.000 -27.649 7.000
Q_77 -22.253 -643.904 11.000
P_78 0.000 -195.996 8.000
E_79 -18.409 -605.239 8.000
M_80 0.000 401.769 6.000
V_81 0.000 613.196 6.000
H_82 -1.718 -583.484 2.000
L_83 0.000 679.918 2.000
L_84 0.000 679.918 5.000
V_85 0.000 613.196 8.000
S_86 -18.462 -90.060 13.000
R_87 -29.616 -1015.709 13.000
R_88 -33.508 -1015.709 17.000
C_89 0.000 322.480 14.000
E_90 -24.169 -605.239 13.000
L_91 0.000 679.918 8.000
N_92 -18.409 -507.047 8.000
L_93 0.000 679.918 8.000
C_94 0.000 322.480 13.000
D_95 -24.169 -475.402 13.000
R_96 -33.508 -1015.709 17.000
E_97 -29.934 -605.239 22.000
D_98 -29.436 -475.402 21.000
R_99 -32.645 -1015.709 16.000
T_100 -17.811 -90.974 12.000
P_101 0.000 -195.996 8.000
L_102 0.000 679.918 6.000
I_103 0.000 777.529 3.000
K_104 -4.441 -818.649 3.000
A_105 0.000 185.740 7.000
V_106 0.000 613.196 7.000
Q_107 -19.866 -643.904 9.000
L_108 0.000 679.918 13.000
R_109 -33.508 -1015.709 17.000
Q_110 -24.169 -643.904 13.000
E_111 -24.169 -605.239 13.000
A_112 0.000 185.740 8.000
C_113 0.000 322.480 7.000
A_114 0.000 185.740 3.000
T_115 -4.441 -90.974 3.000
L_116 0.000 679.918 3.000
L_117 0.000 679.918 7.000
L_118 0.000 679.918 8.000
Q_119 -18.409 -643.904 8.000
N_120 -18.409 -507.047 8.000
G_121 0.000 -27.649 12.000
A_122 0.000 185.740 8.000
D_123 -18.409 -475.402 8.000
P_124 0.000 -195.996 8.000
N_125 -22.253 -507.047 11.000
I_126 0.000 777.529 11.000
T_127 -17.098 -90.974 11.000
D_128 -16.691 -475.402 7.000
V_129 0.000 613.196 7.000
F_130 0.000 560.542 9.000
G_131 0.000 -27.649 8.000
R_132 -21.845 -1015.709 8.000
T_133 -14.420 -90.974 8.000
A_134 0.000 185.740 10.000
L_135 0.000 679.918 7.000
H_136 -6.160 -583.484 4.000
Y_137 -6.160 -274.939 4.000
A_138 0.000 185.740 6.000
V_139 0.000 613.196 8.000
Y_140 -11.154 -274.939 10.000
N_141 -25.003 -507.047 14.000
E_142 -27.150 -605.239 17.000
D_143 -27.773 -475.402 18.000
T_144 -19.059 -90.974 14.000
S_145 -16.309 -90.060 10.000
M_146 0.000 401.769 10.000
I_147 0.000 777.529 10.000
E_148 -16.691 -605.239 7.000
K_149 -13.255 -818.649 7.000
L_150 0.000 679.918 10.000
L_151 0.000 679.918 8.000
S_152 -10.149 -90.060 5.000
Y_153 -7.426 -274.939 5.000
G_154 0.000 -27.649 9.000
A_155 0.000 185.740 6.000
N_156 -18.409 -507.047 8.000
I_157 0.000 777.529 12.000
E_158 -23.258 -605.239 12.000
E_159 -22.253 -605.239 11.000
C_160 0.000 322.480 15.000
S_161 -19.613 -90.060 15.000
E_162 -25.772 -605.239 15.000
D_163 -27.150 -475.402 17.000
E_164 -25.003 -605.239 14.000
Y_165 -11.154 -274.939 10.000
P_166 0.000 -195.996 6.000
P_167 0.000 -195.996 2.000
L_168 0.000 679.918 0.000
F_169 0.000 560.542 0.000
L_170 0.000 679.918 0.000
A_171 0.000 185.740 3.000
V_172 0.000 613.196 7.000
S_173 -17.811 -90.060 12.000
Q_174 -25.772 -643.904 15.000
R_175 -31.716 -1015.709 15.000
K_176 -19.613 -818.649 15.000
V_177 0.000 613.196 11.000
K_178 -11.867 -818.649 6.000
M_179 0.000 401.769 7.000
V_180 0.000 613.196 7.000
E_181 -7.878 -605.239 4.000
F_182 0.000 560.542 4.000
L_183 0.000 679.918 7.000
L_184 0.000 679.918 6.000
K_185 -15.425 -818.649 9.000
K_186 -15.425 -818.649 9.000
K_187 -18.462 -818.649 13.000
A_188 0.000 185.740 10.000
N_189 -22.253 -507.047 11.000
I_190 0.000 777.529 8.000
N_191 -18.409 -507.047 8.000
A_192 0.000 185.740 8.000
V_193 0.000 613.196 10.000
D_194 -14.591 -475.402 6.000
Y_195 -8.431 -274.939 6.000
L_196 0.000 679.918 11.000
G_197 0.000 -27.649 10.000
R_198 -21.845 -1015.709 8.000
S_199 -14.420 -90.060 8.000
A_200 0.000 185.740 8.000
L_201 0.000 679.918 5.000
I_202 0.000 777.529 2.000
H_203 -1.718 -583.484 2.000
A_204 0.000 185.740 5.000
V_205 0.000 613.196 5.000
T_206 -4.441 -90.974 3.000
L_207 0.000 679.918 7.000
G_208 0.000 -27.649 10.000
E_209 -22.253 -605.239 11.000
K_210 -17.098 -818.649 11.000
D_211 -22.253 -475.402 11.000
I_212 0.000 777.529 7.000
V_213 0.000 613.196 4.000
I_214 0.000 777.529 0.000
L_215 0.000 679.918 0.000
L_216 0.000 679.918 4.000
L_217 0.000 679.918 6.000
Q_218 -21.132 -643.904 10.000
H_219 -11.154 -583.484 10.000
N_220 -25.003 -507.047 14.000
I_221 0.000 777.529 10.000
D_222 -18.409 -475.402 8.000
V_223 0.000 613.196 7.000
F_224 0.000 560.542 12.000
S_225 -17.811 -90.060 12.000
R_226 -28.412 -1015.709 12.000
D_227 -25.003 -475.402 14.000
V_228 0.000 613.196 11.000
Y_229 -10.601 -274.939 9.000
G_230 0.000 -27.649 5.000
K_231 -10.149 -818.649 5.000
L_232 0.000 679.918 7.000
A_233 0.000 185.740 11.000
E_234 -21.132 -605.239 10.000
D_235 -21.132 -475.402 10.000
Y_236 -12.518 -274.939 13.000
A_237 0.000 185.740 13.000
S_238 -15.425 -90.060 9.000
E_239 -21.132 -605.239 10.000
A_240 0.000 185.740 14.000
K_241 -20.127 -818.649 16.000
N_242 -23.258 -507.047 12.000
R_243 -28.412 -1015.709 12.000
V_244 0.000 613.196 9.000
I_245 0.000 777.529 9.000
F_246 0.000 560.542 4.000
E_247 -7.878 -605.239 4.000
L_248 0.000 679.918 6.000
I_249 0.000 777.529 10.000
Y_250 -9.978 -274.939 8.000
E_251 -23.258 -605.239 12.000
Y_252 -13.896 -274.939 17.000
E_253 -27.773 -605.239 18.000
R_254 -33.508 -1015.709 17.000
K_255 -20.609 -818.649 17.000
K_256 -20.609 -818.649 17.000
H_257 -13.586 -583.484 16.000
E_258 -24.169 -605.239 13.000
E_259 -24.169 -605.239 13.000
L_260 0.000 679.918 11.000
S_261 -17.098 -90.060 11.000
I_262 0.000 777.529 10.000
N_263 -25.003 -507.047 14.000
S_264 -17.098 -90.060 11.000
N_265 -22.253 -507.047 11.000
P_266 0.000 -195.996 10.000
V_267 0.000 613.196 10.000
S_268 -16.309 -90.060 10.000
S_269 -18.462 -90.060 13.000
Q_270 -27.150 -643.904 17.000
K_271 -19.059 -818.649 14.000
Q_272 -22.253 -643.904 11.000
P_273 0.000 -195.996 7.000
A_274 0.000 185.740 7.000
L_275 0.000 679.918 3.000
K_276 -11.867 -818.649 6.000
A_277 0.000 185.740 9.000
T_278 -15.425 -90.974 9.000
S_279 -15.425 -90.060 9.000
G_280 0.000 -27.649 13.000
K_281 -19.059 -818.649 14.000
E_282 -25.003 -605.239 14.000
D_283 -25.003 -475.402 14.000
S_284 -19.059 -90.060 14.000
I_285 0.000 777.529 14.000
S_286 -16.309 -90.060 10.000
N_287 -16.691 -507.047 7.000
I_288 0.000 777.529 10.000
A_289 0.000 185.740 11.000
T_290 -13.255 -90.974 7.000
E_291 -21.132 -605.239 10.000
I_292 0.000 777.529 14.000
K_293 -17.098 -818.649 11.000
D_294 -22.253 -475.402 11.000
G_295 0.000 -27.649 14.000
Q_296 -25.003 -643.904 14.000
K_297 -16.309 -818.649 10.000
S_298 -18.462 -90.060 13.000
G_299 0.000 -27.649 9.000
T_300 -15.425 -90.974 9.000
V_301 0.000 613.196 9.000
S_302 -18.462 -90.060 13.000
S_303 -18.462 -90.060 13.000
Q_304 -27.150 -643.904 17.000
K_305 -19.059 -818.649 14.000
Q_306 -22.253 -643.904 11.000
P_307 0.000 -195.996 7.000
A_308 0.000 185.740 7.000
L_309 0.000 679.918 3.000
K_310 -11.867 -818.649 6.000
G_311 0.000 -27.649 9.000
T_312 -18.462 -90.974 13.000
S_313 -18.462 -90.060 13.000
D_314 -27.150 -475.402 17.000
K_315 -21.060 -818.649 18.000
N_316 -27.773 -507.047 18.000
D_317 -25.003 -475.402 14.000
S_318 -19.059 -90.060 14.000
V_319 0.000 613.196 14.000
S_320 -18.462 -90.060 13.000
N_321 -21.132 -507.047 10.000
T_322 -18.462 -90.974 13.000
A_323 0.000 185.740 14.000
T_324 -16.309 -90.974 10.000
E_325 -21.132 -605.239 10.000
I_326 0.000 777.529 14.000
K_327 -19.613 -818.649 15.000
D_328 -25.772 -475.402 15.000
E_329 -27.773 -605.239 18.000
Q_330 -27.773 -643.904 18.000
K_331 -19.059 -818.649 14.000
S_332 -18.462 -90.060 13.000
G_333 0.000 -27.649 9.000
T_334 -15.425 -90.974 9.000
V_335 0.000 613.196 9.000
S_336 -18.462 -90.060 13.000
S_337 -18.462 -90.060 13.000
Q_338 -27.150 -643.904 17.000
K_339 -19.059 -818.649 14.000
Q_340 -22.253 -643.904 11.000
P_341 0.000 -195.996 7.000
A_342 0.000 185.740 7.000
L_343 0.000 679.918 7.000
K_344 -16.309 -818.649 10.000
D_345 -24.169 -475.402 13.000
T_346 -20.609 -90.974 17.000
S_347 -20.609 -90.060 17.000
D_348 -27.150 -475.402 17.000
K_349 -21.060 -818.649 18.000
N_350 -27.773 -507.047 18.000
D_351 -25.003 -475.402 14.000
S_352 -19.059 -90.060 14.000
V_353 0.000 613.196 14.000
S_354 -18.462 -90.060 13.000
N_355 -21.132 -507.047 10.000
T_356 -18.462 -90.974 13.000
A_357 0.000 185.740 14.000
T_358 -16.309 -90.974 10.000
E_359 -21.132 -605.239 10.000
I_360 0.000 777.529 14.000
K_361 -19.613 -818.649 15.000
D_362 -25.772 -475.402 15.000
E_363 -27.773 -605.239 18.000
Q_364 -27.773 -643.904 18.000
K_365 -19.059 -818.649 14.000
S_366 -18.462 -90.060 13.000
G_367 0.000 -27.649 9.000
T_368 -11.867 -90.974 6.000
V_369 0.000 613.196 3.000
L_370 0.000 679.918 3.000
P_371 0.000 -195.996 0.000
A_372 0.000 185.740 4.000
V_373 0.000 613.196 8.000
E_374 -18.409 -605.239 8.000
Q_375 -18.409 -643.904 8.000
C_376 0.000 322.480 12.000
L_377 0.000 679.918 13.000
N_378 -23.258 -507.047 12.000
R_379 -28.412 -1015.709 12.000
S_380 -19.059 -90.060 14.000
L_381 0.000 679.918 15.000
Y_382 -11.154 -274.939 10.000
R_383 -27.076 -1015.709 11.000
P_384 0.000 -195.996 11.000
D_385 -19.866 -475.402 9.000
A_386 0.000 185.740 4.000
V_387 0.000 613.196 8.000
A_388 0.000 185.740 4.000
Q_389 -7.878 -643.904 4.000
P_390 0.000 -195.996 7.000
V_391 0.000 613.196 11.000
T_392 -17.098 -90.974 11.000
E_393 -25.772 -605.239 15.000
D_394 -25.772 -475.402 15.000
E_395 -23.258 -605.239 12.000
F_396 0.000 560.542 8.000
A_397 0.000 185.740 8.000
L_398 0.000 679.918 7.000
E_399 -22.253 -605.239 11.000
S_400 -17.098 -90.060 11.000
E_401 -22.253 -605.239 11.000
I_402 0.000 777.529 10.000
I_403 0.000 777.529 10.000
S_404 -11.867 -90.060 6.000
K_405 -14.420 -818.649 8.000
L_406 0.000 679.918 8.000
Y_407 -7.426 -274.939 5.000
I_408 0.000 777.529 5.000
P_409 0.000 -195.996 10.000
K_410 -17.098 -818.649 11.000
R_411 -27.076 -1015.709 11.000
K_412 -17.098 -818.649 11.000
I_413 0.000 777.529 11.000
I_414 0.000 777.529 6.000
S_415 -14.420 -90.060 8.000
P_416 0.000 -195.996 11.000
R_417 -27.076 -1015.709 11.000
S_418 -17.811 -90.060 12.000
I_419 0.000 777.529 16.000
E_420 -22.253 -605.239 11.000
D_421 -18.409 -475.402 8.000
V_422 0.000 613.196 8.000
L_423 0.000 679.918 4.000
P_424 0.000 -195.996 0.000
P_425 0.000 -195.996 4.000
V_426 0.000 613.196 8.000
E_427 -18.409 -605.239 8.000
E_428 -18.409 -605.239 8.000
A_429 0.000 185.740 12.000
V_430 0.000 613.196 13.000
D_431 -19.866 -475.402 9.000
R_432 -23.856 -1015.709 9.000
C_433 0.000 322.480 11.000
L_434 0.000 679.918 7.000
Y_435 -1.718 -274.939 2.000
L_436 0.000 679.918 6.000
L_437 0.000 679.918 11.000
D_438 -19.866 -475.402 9.000
R_439 -23.856 -1015.709 9.000
F_440 0.000 560.542 13.000
A_441 0.000 185.740 9.000
Q_442 -7.878 -643.904 4.000
A_443 0.000 185.740 7.000
V_444 0.000 613.196 10.000
T_445 -16.309 -90.974 10.000
K_446 -18.462 -818.649 13.000
D_447 -24.169 -475.402 13.000
K_448 -16.309 -818.649 10.000
F_449 0.000 560.542 7.000
A_450 0.000 185.740 7.000
L_451 0.000 679.918 7.000
E_452 -22.253 -605.239 11.000
S_453 -19.613 -90.060 15.000
E_454 -25.772 -605.239 15.000
N_455 -25.003 -507.047 14.000
I_456 0.000 777.529 15.000
S_457 -17.098 -90.060 11.000
E_458 -19.866 -605.239 9.000
P_459 0.000 -195.996 9.000
Y_460 -10.601 -274.939 9.000
F_461 0.000 560.542 9.000
T_462 -19.059 -90.974 14.000
N_463 -27.150 -507.047 17.000
R_464 -35.785 -1015.709 20.000
R_465 -33.508 -1015.709 17.000
T_466 -20.127 -90.974 16.000
I_467 0.000 777.529 15.000
S_468 -19.059 -90.060 14.000
Q_469 -25.003 -643.904 14.000
Q_470 -25.003 -643.904 14.000
S_471 -19.613 -90.060 15.000
A_472 0.000 185.740 14.000
E_473 -21.132 -605.239 10.000
K_474 -17.098 -818.649 11.000
L_475 0.000 679.918 11.000
D_476 -16.691 -475.402 7.000
A_477 0.000 185.740 4.000
A_478 0.000 185.740 4.000
C_479 0.000 322.480 0.000
G_480 0.000 -27.649 4.000
I_481 0.000 777.529 7.000
D_482 -21.132 -475.402 10.000
K_483 -19.059 -818.649 14.000
T_484 -21.060 -90.974 18.000
E_485 -25.003 -605.239 14.000
N_486 -25.003 -507.047 14.000
G_487 0.000 -27.649 11.000
T_488 -13.255 -90.974 7.000
L_489 0.000 679.918 7.000
F_490 0.000 560.542 11.000
E_491 -23.258 -605.239 12.000
D_492 -26.485 -475.402 16.000
Q_493 -26.485 -643.904 16.000
N_494 -26.485 -507.047 16.000
V_495 0.000 613.196 15.000
D_496 -25.772 -475.402 15.000
K_497 -17.098 -818.649 11.000
E_498 -25.003 -605.239 14.000
G_499 0.000 -27.649 10.000
K_500 -13.255 -818.649 7.000
A_501 0.000 185.740 3.000
L_502 0.000 679.918 3.000
P_503 0.000 -195.996 3.000
A_504 0.000 185.740 3.000
T_505 -13.255 -90.974 7.000
G_506 0.000 -27.649 10.000
Q_507 -21.132 -643.904 10.000
K_508 -17.098 -818.649 11.000
A_509 0.000 185.740 11.000
N_510 -21.132 -507.047 10.000
V_511 0.000 613.196 7.000
S_512 -17.098 -90.060 11.000
P_513 0.000 -195.996 11.000
E_514 -22.253 -605.239 11.000
Q_515 -18.409 -643.904 8.000
P_516 0.000 -195.996 8.000
P_517 0.000 -195.996 4.000
L_518 0.000 679.918 3.000
F_519 0.000 560.542 5.000
T_520 -14.420 -90.974 8.000
H_521 -9.978 -583.484 8.000
T_522 -17.098 -90.974 11.000
V_523 0.000 613.196 12.000
K_524 -18.462 -818.649 13.000
D_525 -25.003 -475.402 14.000
S_526 -20.127 -90.060 16.000
D_527 -24.169 -475.402 13.000
H_528 -12.104 -583.484 12.000
I_529 0.000 777.529 12.000
S_530 -18.462 -90.060 13.000
T_531 -17.098 -90.974 11.000
R_532 -27.076 -1015.709 11.000
F_533 0.000 560.542 8.000
L_534 0.000 679.918 8.000
G_535 0.000 -27.649 3.000
S_536 -13.255 -90.060 7.000
M_537 0.000 401.769 10.000
D_538 -21.132 -475.402 10.000
S_539 -16.309 -90.060 10.000
L_540 0.000 679.918 13.000
T_541 -17.811 -90.974 12.000
S_542 -18.462 -90.060 13.000
S_543 -20.609 -90.060 17.000
E_544 -27.150 -605.239 17.000
E_545 -27.150 -605.239 17.000
S_546 -21.060 -90.060 18.000
S_547 -21.486 -90.060 19.000
E_548 -25.772 -605.239 15.000
R_549 -28.412 -1015.709 12.000
P_550 0.000 -195.996 9.000
P_551 0.000 -195.996 8.000
L_552 0.000 679.918 6.000
S_553 -11.867 -90.060 6.000
T_554 -15.425 -90.974 9.000
L_555 0.000 679.918 9.000
T_556 -15.425 -90.974 9.000
L_557 0.000 679.918 10.000
K_558 -16.309 -818.649 10.000
E_559 -22.253 -605.239 11.000
A_560 0.000 185.740 11.000
D_561 -22.253 -475.402 11.000
P_562 0.000 -195.996 10.000
S_563 -18.462 -90.060 13.000
S_564 -15.425 -90.060 9.000
K_565 -15.425 -818.649 9.000
A_566 0.000 185.740 6.000
A_567 0.000 185.740 8.000
M_568 0.000 401.769 10.000
R_569 -29.616 -1015.709 13.000
R_570 -33.508 -1015.709 17.000
K_571 -21.889 -818.649 20.000
D_572 -25.772 -475.402 15.000
S_573 -16.309 -90.060 10.000
P_574 0.000 -195.996 7.000
P_575 0.000 -195.996 3.000
P_576 0.000 -195.996 3.000
G_577 0.000 -27.649 3.000
K_578 -11.867 -818.649 6.000
V_579 0.000 613.196 9.000
S_580 -18.462 -90.060 13.000
S_581 -18.462 -90.060 13.000
Q_582 -27.150 -643.904 17.000
K_583 -19.059 -818.649 14.000
Q_584 -22.253 -643.904 11.000
P_585 0.000 -195.996 11.000
A_586 0.000 185.740 11.000
E_587 -16.691 -605.239 7.000
K_588 -16.309 -818.649 10.000
A_589 0.000 185.740 13.000
T_590 -18.462 -90.974 13.000
S_591 -19.059 -90.060 14.000
D_592 -27.150 -475.402 17.000
D_593 -27.773 -475.402 18.000
K_594 -21.060 -818.649 18.000
D_595 -25.003 -475.402 14.000
S_596 -18.462 -90.060 13.000
V_597 0.000 613.196 14.000
S_598 -16.309 -90.060 10.000
N_599 -16.691 -507.047 7.000
I_600 0.000 777.529 10.000
A_601 0.000 185.740 11.000
T_602 -13.255 -90.974 7.000
E_603 -21.132 -605.239 10.000
I_604 0.000 777.529 14.000
K_605 -17.098 -818.649 11.000
E_606 -16.691 -605.239 7.000
G_607 0.000 -27.649 7.000
P_608 0.000 -195.996 7.000
I_609 0.000 777.529 3.000
S_610 -11.867 -90.060 6.000
G_611 0.000 -27.649 6.000
T_612 -15.425 -90.974 9.000
V_613 0.000 613.196 9.000
S_614 -18.462 -90.060 13.000
S_615 -18.462 -90.060 13.000
Q_616 -27.150 -643.904 17.000
K_617 -19.059 -818.649 14.000
Q_618 -22.253 -643.904 11.000
P_619 0.000 -195.996 11.000
A_620 0.000 185.740 11.000
E_621 -16.691 -605.239 7.000
K_622 -16.309 -818.649 10.000
A_623 0.000 185.740 13.000
T_624 -18.462 -90.974 13.000
S_625 -19.059 -90.060 14.000
D_626 -27.150 -475.402 17.000
E_627 -27.773 -605.239 18.000
K_628 -21.060 -818.649 18.000
D_629 -25.003 -475.402 14.000
S_630 -18.462 -90.060 13.000
V_631 0.000 613.196 14.000
S_632 -16.309 -90.060 10.000
N_633 -16.691 -507.047 7.000
I_634 0.000 777.529 10.000
A_635 0.000 185.740 11.000
T_636 -13.255 -90.974 7.000
E_637 -21.132 -605.239 10.000
I_638 0.000 777.529 14.000
K_639 -17.098 -818.649 11.000
E_640 -22.253 -605.239 11.000
G_641 0.000 -27.649 15.000
Q_642 -25.772 -643.904 15.000
Q_643 -22.253 -643.904 11.000
S_644 -19.059 -90.060 14.000
G_645 0.000 -27.649 10.000
T_646 -15.425 -90.974 9.000
V_647 0.000 613.196 6.000
S_648 -16.309 -90.060 10.000
P_649 0.000 -195.996 10.000
Q_650 -25.003 -643.904 14.000
K_651 -19.059 -818.649 14.000
Q_652 -25.003 -643.904 14.000
S_653 -17.098 -90.060 11.000
A_654 0.000 185.740 11.000
W_655 -4.824 -203.500 7.000
K_656 -7.878 -818.649 4.000
V_657 0.000 613.196 4.000
I_658 0.000 777.529 6.000
F_659 0.000 560.542 6.000
K_660 -15.425 -818.649 9.000
K_661 -15.425 -818.649 9.000
K_662 -17.811 -818.649 12.000
V_663 0.000 613.196 9.000
S_664 -11.867 -90.060 6.000
L_665 0.000 679.918 7.000
L_666 0.000 679.918 7.000
N_667 -7.878 -507.047 4.000
I_668 0.000 777.529 7.000
A_669 0.000 185.740 12.000
T_670 -14.420 -90.974 8.000
R_671 -27.076 -1015.709 11.000
I_672 0.000 777.529 11.000
T_673 -14.420 -90.974 8.000
G_674 0.000 -27.649 3.000
G_675 0.000 -27.649 6.000
G_676 0.000 -27.649 6.000
K_677 -11.867 -818.649 6.000
S_678 -15.425 -90.060 9.000
G_679 0.000 -27.649 9.000
T_680 -15.425 -90.974 9.000
V_681 0.000 613.196 9.000
S_682 -18.462 -90.060 13.000
S_683 -18.462 -90.060 13.000
Q_684 -27.150 -643.904 17.000
K_685 -19.059 -818.649 14.000
Q_686 -22.253 -643.904 11.000
P_687 0.000 -195.996 10.000
P_688 0.000 -195.996 10.000
S_689 -11.867 -90.060 6.000
K_690 -15.425 -818.649 9.000
A_691 0.000 185.740 12.000
T_692 -18.462 -90.974 13.000
S_693 -18.462 -90.060 13.000
D_694 -26.485 -475.402 16.000
K_695 -20.609 -818.649 17.000
T_696 -20.609 -90.974 17.000
D_697 -24.169 -475.402 13.000
S_698 -16.309 -90.060 10.000
A_699 0.000 185.740 11.000
L_700 0.000 679.918 7.000
N_701 -7.878 -507.047 4.000
I_702 0.000 777.529 7.000
A_703 0.000 185.740 11.000
T_704 -13.255 -90.974 7.000
E_705 -21.132 -605.239 10.000
I_706 0.000 777.529 14.000
K_707 -17.098 -818.649 11.000
D_708 -16.691 -475.402 7.000
G_709 0.000 -27.649 11.000
L_710 0.000 679.918 8.000
Q_711 -7.878 -643.904 4.000
C_712 0.000 322.480 7.000
G_713 0.000 -27.649 7.000
T_714 -11.867 -90.974 6.000
V_715 0.000 613.196 9.000
S_716 -18.462 -90.060 13.000
S_717 -18.462 -90.060 13.000
Q_718 -27.150 -643.904 17.000
K_719 -19.059 -818.649 14.000
Q_720 -22.253 -643.904 11.000
P_721 0.000 -195.996 7.000
A_722 0.000 185.740 7.000
L_723 0.000 679.918 3.000
K_724 -11.867 -818.649 6.000
A_725 0.000 185.740 9.000
T_726 -18.462 -90.974 13.000
T_727 -19.059 -90.974 14.000
D_728 -27.773 -475.402 18.000
E_729 -28.359 -605.239 19.000
E_730 -28.359 -605.239 19.000
D_731 -25.772 -475.402 15.000
S_732 -19.059 -90.060 14.000
V_733 0.000 613.196 14.000
S_734 -16.309 -90.060 10.000
N_735 -16.691 -507.047 7.000
I_736 0.000 777.529 10.000
A_737 0.000 185.740 11.000
T_738 -13.255 -90.974 7.000
E_739 -21.132 -605.239 10.000
I_740 0.000 777.529 14.000
K_741 -17.098 -818.649 11.000
D_742 -22.253 -475.402 11.000
G_743 0.000 -27.649 14.000
E_744 -25.003 -605.239 14.000
K_745 -16.309 -818.649 10.000
S_746 -18.462 -90.060 13.000
G_747 0.000 -27.649 9.000
T_748 -15.425 -90.974 9.000
V_749 0.000 613.196 9.000
S_750 -18.462 -90.060 13.000
S_751 -18.462 -90.060 13.000
Q_752 -27.150 -643.904 17.000
K_753 -19.059 -818.649 14.000
Q_754 -22.253 -643.904 11.000
P_755 0.000 -195.996 7.000
A_756 0.000 185.740 7.000
L_757 0.000 679.918 3.000
K_758 -11.867 -818.649 6.000
A_759 0.000 185.740 9.000
T_760 -18.462 -90.974 13.000
T_761 -19.059 -90.974 14.000
D_762 -27.773 -475.402 18.000
E_763 -28.359 -605.239 19.000
E_764 -28.359 -605.239 19.000
D_765 -25.772 -475.402 15.000
S_766 -17.098 -90.060 11.000
V_767 0.000 613.196 11.000
L_768 0.000 679.918 7.000
N_769 -7.878 -507.047 4.000
I_770 0.000 777.529 7.000
A_771 0.000 185.740 11.000
T_772 -13.255 -90.974 7.000
E_773 -21.132 -605.239 10.000
I_774 0.000 777.529 14.000
K_775 -17.098 -818.649 11.000
D_776 -22.253 -475.402 11.000
G_777 0.000 -27.649 14.000
E_778 -25.003 -605.239 14.000
K_779 -19.059 -818.649 14.000
S_780 -20.609 -90.060 17.000
E_781 -24.169 -605.239 13.000
T_782 -18.462 -90.974 13.000
V_783 0.000 613.196 13.000
S_784 -18.462 -90.060 13.000
S_785 -18.462 -90.060 13.000
Q_786 -27.150 -643.904 17.000
K_787 -19.059 -818.649 14.000
Q_788 -22.253 -643.904 11.000
P_789 0.000 -195.996 7.000
A_790 0.000 185.740 7.000
L_791 0.000 679.918 3.000
K_792 -11.867 -818.649 6.000
A_793 0.000 185.740 9.000
T_794 -18.462 -90.974 13.000
T_795 -19.059 -90.974 14.000
D_796 -27.773 -475.402 18.000
E_797 -28.359 -605.239 19.000
E_798 -28.359 -605.239 19.000
D_799 -25.772 -475.402 15.000
S_800 -19.059 -90.060 14.000
V_801 0.000 613.196 10.000
S_802 -11.867 -90.060 6.000
I_803 0.000 777.529 3.000
I_804 0.000 777.529 6.000
A_805 0.000 185.740 7.000
T_806 -13.255 -90.974 7.000
E_807 -21.132 -605.239 10.000
I_808 0.000 777.529 14.000
K_809 -17.098 -818.649 11.000
D_810 -22.253 -475.402 11.000
G_811 0.000 -27.649 14.000
E_812 -25.003 -605.239 14.000
K_813 -16.309 -818.649 10.000
S_814 -18.462 -90.060 13.000
G_815 0.000 -27.649 9.000
T_816 -15.425 -90.974 9.000
V_817 0.000 613.196 9.000
S_818 -19.059 -90.060 14.000
S_819 -19.059 -90.060 14.000
R_820 -33.508 -1015.709 17.000
K_821 -19.059 -818.649 14.000
K_822 -17.098 -818.649 11.000
P_823 0.000 -195.996 6.000
A_824 0.000 185.740 6.000
L_825 0.000 679.918 3.000
K_826 -11.867 -818.649 6.000
A_827 0.000 185.740 9.000
T_828 -18.462 -90.974 13.000
S_829 -19.059 -90.060 14.000
D_830 -27.150 -475.402 17.000
E_831 -27.773 -605.239 18.000
K_832 -21.060 -818.649 18.000
D_833 -25.003 -475.402 14.000
S_834 -18.462 -90.060 13.000
F_835 0.000 560.542 14.000
S_836 -16.309 -90.060 10.000
N_837 -21.132 -507.047 10.000
I_838 0.000 777.529 15.000
T_839 -20.127 -90.974 16.000
R_840 -31.716 -1015.709 15.000
E_841 -27.773 -605.239 18.000
K_842 -21.486 -818.649 19.000
K_843 -19.059 -818.649 14.000
D_844 -25.003 -475.402 14.000
G_845 0.000 -27.649 11.000
E_846 -22.253 -605.239 11.000
I_847 0.000 777.529 12.000
S_848 -19.613 -90.060 15.000
R_849 -27.076 -1015.709 11.000
T_850 -19.059 -90.974 14.000
V_851 0.000 613.196 14.000
T_852 -18.462 -90.974 13.000
S_853 -18.462 -90.060 13.000
E_854 -24.169 -605.239 13.000
K_855 -16.309 -818.649 10.000
P_856 0.000 -195.996 7.000
A_857 0.000 185.740 3.000
G_858 0.000 -27.649 3.000
L_859 0.000 679.918 3.000
K_860 -11.867 -818.649 6.000
A_861 0.000 185.740 9.000
T_862 -18.462 -90.974 13.000
S_863 -19.059 -90.060 14.000
D_864 -27.773 -475.402 18.000
E_865 -28.359 -605.239 19.000
E_866 -28.359 -605.239 19.000
D_867 -25.772 -475.402 15.000
S_868 -17.098 -90.060 11.000
V_869 0.000 613.196 11.000
L_870 0.000 679.918 7.000
N_871 -7.878 -507.047 4.000
I_872 0.000 777.529 9.000
A_873 0.000 185.740 9.000
R_874 -21.845 -1015.709 8.000
G_875 0.000 -27.649 12.000
K_876 -20.127 -818.649 16.000
E_877 -22.253 -605.239 11.000
D_878 -25.772 -475.402 15.000
G_879 0.000 -27.649 15.000
E_880 -25.003 -605.239 14.000
K_881 -19.613 -818.649 15.000
T_882 -21.889 -90.974 20.000
R_883 -32.645 -1015.709 16.000
R_884 -32.645 -1015.709 16.000
V_885 0.000 613.196 16.000
S_886 -20.127 -90.060 16.000
S_887 -19.059 -90.060 14.000
R_888 -33.508 -1015.709 17.000
K_889 -19.059 -818.649 14.000
K_890 -17.098 -818.649 11.000
P_891 0.000 -195.996 6.000
A_892 0.000 185.740 6.000
L_893 0.000 679.918 3.000
K_894 -11.867 -818.649 6.000
A_895 0.000 185.740 9.000
T_896 -18.462 -90.974 13.000
S_897 -19.059 -90.060 14.000
D_898 -27.150 -475.402 17.000
E_899 -27.773 -605.239 18.000
K_900 -21.060 -818.649 18.000
D_901 -25.003 -475.402 14.000
S_902 -18.462 -90.060 13.000
F_903 0.000 560.542 14.000
S_904 -16.309 -90.060 10.000
N_905 -21.132 -507.047 10.000
I_906 0.000 777.529 15.000
T_907 -20.127 -90.974 16.000
R_908 -31.716 -1015.709 15.000
E_909 -27.773 -605.239 18.000
K_910 -21.486 -818.649 19.000
K_911 -19.059 -818.649 14.000
D_912 -25.003 -475.402 14.000
G_913 0.000 -27.649 14.000
E_914 -25.003 -605.239 14.000
T_915 -19.613 -90.974 15.000
S_916 -21.060 -90.060 18.000
R_917 -30.711 -1015.709 14.000
T_918 -19.059 -90.974 14.000
V_919 0.000 613.196 14.000
S_920 -18.462 -90.060 13.000
S_921 -18.462 -90.060 13.000
Q_922 -24.169 -643.904 13.000
K_923 -16.309 -818.649 10.000
P_924 0.000 -195.996 7.000
P_925 0.000 -195.996 3.000
A_926 0.000 185.740 3.000
L_927 0.000 679.918 3.000
K_928 -11.867 -818.649 6.000
A_929 0.000 185.740 9.000
T_930 -18.462 -90.974 13.000
S_931 -19.059 -90.060 14.000
D_932 -27.773 -475.402 18.000
E_933 -28.359 -605.239 19.000
E_934 -28.359 -605.239 19.000
D_935 -25.772 -475.402 15.000
S_936 -17.098 -90.060 11.000
V_937 0.000 613.196 10.000
L_938 0.000 679.918 6.000
S_939 -4.441 -90.060 3.000
I_940 0.000 777.529 8.000
A_941 0.000 185.740 12.000
R_942 -29.616 -1015.709 13.000
E_943 -26.485 -605.239 16.000
E_944 -28.912 -605.239 20.000
K_945 -19.613 -818.649 15.000
D_946 -25.772 -475.402 15.000
G_947 0.000 -27.649 14.000
E_948 -25.003 -605.239 14.000
K_949 -19.613 -818.649 15.000
S_950 -21.060 -90.060 18.000
R_951 -30.711 -1015.709 14.000
T_952 -19.059 -90.974 14.000
V_953 0.000 613.196 14.000
S_954 -18.462 -90.060 13.000
S_955 -19.059 -90.060 14.000
E_956 -25.003 -605.239 14.000
Q_957 -22.253 -643.904 11.000
P_958 0.000 -195.996 8.000
P_959 0.000 -195.996 4.000
G_960 0.000 -27.649 3.000
L_961 0.000 679.918 3.000
K_962 -11.867 -818.649 6.000
A_963 0.000 185.740 11.000
T_964 -19.613 -90.974 15.000
R_965 -32.645 -1015.709 16.000
D_966 -28.359 -475.402 19.000
E_967 -28.912 -605.239 20.000
K_968 -21.060 -818.649 18.000
D_969 -25.003 -475.402 14.000
S_970 -16.309 -90.060 10.000
L_971 0.000 679.918 11.000
L_972 0.000 679.918 7.000
N_973 -7.878 -507.047 4.000
I_974 0.000 777.529 9.000
A_975 0.000 185.740 9.000
R_976 -21.845 -1015.709 8.000
G_977 0.000 -27.649 11.000
K_978 -18.462 -818.649 13.000
K_979 -14.420 -818.649 8.000
H_980 -12.104 -583.484 12.000
G_981 0.000 -27.649 12.000
E_982 -23.258 -605.239 12.000
K_983 -19.613 -818.649 15.000
T_984 -21.889 -90.974 20.000
R_985 -32.645 -1015.709 16.000
R_986 -32.645 -1015.709 16.000
V_987 0.000 613.196 16.000
S_988 -20.127 -90.060 16.000
S_989 -19.059 -90.060 14.000
R_990 -33.508 -1015.709 17.000
K_991 -19.059 -818.649 14.000
K_992 -17.098 -818.649 11.000
A_993 0.000 185.740 6.000
A_994 0.000 185.740 6.000
L_995 0.000 679.918 3.000
K_996 -11.867 -818.649 6.000
A_997 0.000 185.740 9.000
T_998 -18.462 -90.974 13.000
S_999 -19.059 -90.060 14.000
D_1000 -27.150 -475.402 17.000
E_1001 -27.773 -605.239 18.000
K_1002 -21.060 -818.649 18.000
D_1003 -25.003 -475.402 14.000
S_1004 -18.462 -90.060 13.000
F_1005 0.000 560.542 14.000
S_1006 -16.309 -90.060 10.000
N_1007 -21.132 -507.047 10.000
I_1008 0.000 777.529 15.000
T_1009 -20.127 -90.974 16.000
R_1010 -33.508 -1015.709 17.000
E_1011 -28.912 -605.239 20.000
R_1012 -36.459 -1015.709 21.000
K_1013 -20.127 -818.649 16.000
D_1014 -26.485 -475.402 16.000
G_1015 0.000 -27.649 14.000
E_1016 -25.003 -605.239 14.000
T_1017 -19.613 -90.974 15.000
S_1018 -21.060 -90.060 18.000
R_1019 -30.711 -1015.709 14.000
T_1020 -19.059 -90.974 14.000
V_1021 0.000 613.196 14.000
S_1022 -18.462 -90.060 13.000
S_1023 -18.462 -90.060 13.000
Q_1024 -24.169 -643.904 13.000
K_1025 -16.309 -818.649 10.000
P_1026 0.000 -195.996 7.000
P_1027 0.000 -195.996 3.000
A_1028 0.000 185.740 3.000
L_1029 0.000 679.918 3.000
K_1030 -11.867 -818.649 6.000
A_1031 0.000 185.740 9.000
T_1032 -18.462 -90.974 13.000
S_1033 -19.059 -90.060 14.000
D_1034 -27.773 -475.402 18.000
E_1035 -28.359 -605.239 19.000
E_1036 -28.359 -605.239 19.000
D_1037 -25.772 -475.402 15.000
S_1038 -17.098 -90.060 11.000
V_1039 0.000 613.196 11.000
L_1040 0.000 679.918 7.000
N_1041 -7.878 -507.047 4.000
I_1042 0.000 777.529 9.000
A_1043 0.000 185.740 13.000
R_1044 -28.412 -1015.709 12.000
E_1045 -25.772 -605.239 15.000
K_1046 -21.486 -818.649 19.000
K_1047 -19.059 -818.649 14.000
D_1048 -25.003 -475.402 14.000
G_1049 0.000 -27.649 14.000
E_1050 -25.003 -605.239 14.000
K_1051 -19.613 -818.649 15.000
S_1052 -21.060 -90.060 18.000
R_1053 -30.711 -1015.709 14.000
T_1054 -19.059 -90.974 14.000
V_1055 0.000 613.196 14.000
S_1056 -18.462 -90.060 13.000
S_1057 -19.059 -90.060 14.000
E_1058 -25.003 -605.239 14.000
Q_1059 -22.253 -643.904 11.000
P_1060 0.000 -195.996 8.000
P_1061 0.000 -195.996 4.000
G_1062 0.000 -27.649 3.000
L_1063 0.000 679.918 3.000
K_1064 -11.867 -818.649 6.000
A_1065 0.000 185.740 11.000
T_1066 -19.613 -90.974 15.000
R_1067 -32.645 -1015.709 16.000
D_1068 -28.359 -475.402 19.000
E_1069 -28.912 -605.239 20.000
K_1070 -21.060 -818.649 18.000
D_1071 -25.003 -475.402 14.000
S_1072 -16.309 -90.060 10.000
L_1073 0.000 679.918 11.000
L_1074 0.000 679.918 7.000
N_1075 -7.878 -507.047 4.000
I_1076 0.000 777.529 9.000
A_1077 0.000 185.740 9.000
R_1078 -21.845 -1015.709 8.000
G_1079 0.000 -27.649 11.000
K_1080 -18.462 -818.649 13.000
K_1081 -14.420 -818.649 8.000
Y_1082 -12.104 -274.939 12.000
G_1083 0.000 -27.649 12.000
E_1084 -23.258 -605.239 12.000
K_1085 -19.613 -818.649 15.000
T_1086 -21.889 -90.974 20.000
R_1087 -32.645 -1015.709 16.000
R_1088 -32.645 -1015.709 16.000
V_1089 0.000 613.196 16.000
S_1090 -20.127 -90.060 16.000
S_1091 -19.059 -90.060 14.000
R_1092 -33.508 -1015.709 17.000
K_1093 -19.059 -818.649 14.000
K_1094 -17.098 -818.649 11.000
A_1095 0.000 185.740 6.000
A_1096 0.000 185.740 6.000
L_1097 0.000 679.918 3.000
K_1098 -11.867 -818.649 6.000
A_1099 0.000 185.740 9.000
T_1100 -18.462 -90.974 13.000
S_1101 -19.059 -90.060 14.000
D_1102 -27.150 -475.402 17.000
E_1103 -27.773 -605.239 18.000
K_1104 -21.060 -818.649 18.000
D_1105 -25.003 -475.402 14.000
S_1106 -18.462 -90.060 13.000
F_1107 0.000 560.542 14.000
S_1108 -16.309 -90.060 10.000
N_1109 -21.132 -507.047 10.000
I_1110 0.000 777.529 15.000
T_1111 -20.127 -90.974 16.000
R_1112 -33.508 -1015.709 17.000
E_1113 -28.912 -605.239 20.000
R_1114 -36.459 -1015.709 21.000
K_1115 -20.127 -818.649 16.000
D_1116 -26.485 -475.402 16.000
G_1117 0.000 -27.649 14.000
E_1118 -25.003 -605.239 14.000
T_1119 -19.613 -90.974 15.000
S_1120 -21.060 -90.060 18.000
R_1121 -30.711 -1015.709 14.000
T_1122 -19.059 -90.974 14.000
V_1123 0.000 613.196 14.000
S_1124 -18.462 -90.060 13.000
S_1125 -18.462 -90.060 13.000
Q_1126 -24.169 -643.904 13.000
K_1127 -16.309 -818.649 10.000
P_1128 0.000 -195.996 7.000
P_1129 0.000 -195.996 3.000
A_1130 0.000 185.740 3.000
L_1131 0.000 679.918 3.000
K_1132 -11.867 -818.649 6.000
A_1133 0.000 185.740 9.000
T_1134 -18.462 -90.974 13.000
S_1135 -19.059 -90.060 14.000
D_1136 -27.773 -475.402 18.000
E_1137 -28.359 -605.239 19.000
E_1138 -28.359 -605.239 19.000
D_1139 -25.772 -475.402 15.000
S_1140 -17.098 -90.060 11.000
V_1141 0.000 613.196 11.000
L_1142 0.000 679.918 7.000
N_1143 -7.878 -507.047 4.000
I_1144 0.000 777.529 9.000
A_1145 0.000 185.740 13.000
R_1146 -28.412 -1015.709 12.000
E_1147 -25.772 -605.239 15.000
K_1148 -21.486 -818.649 19.000
K_1149 -19.059 -818.649 14.000
D_1150 -25.003 -475.402 14.000
G_1151 0.000 -27.649 14.000
E_1152 -25.003 -605.239 14.000
K_1153 -19.613 -818.649 15.000
S_1154 -21.060 -90.060 18.000
R_1155 -30.711 -1015.709 14.000
T_1156 -19.059 -90.974 14.000
V_1157 0.000 613.196 14.000
S_1158 -18.462 -90.060 13.000
S_1159 -19.059 -90.060 14.000
E_1160 -25.003 -605.239 14.000
Q_1161 -22.253 -643.904 11.000
P_1162 0.000 -195.996 8.000
P_1163 0.000 -195.996 4.000
G_1164 0.000 -27.649 3.000
L_1165 0.000 679.918 3.000
K_1166 -11.867 -818.649 6.000
A_1167 0.000 185.740 11.000
T_1168 -19.613 -90.974 15.000
R_1169 -32.645 -1015.709 16.000
D_1170 -28.359 -475.402 19.000
E_1171 -28.912 -605.239 20.000
K_1172 -21.060 -818.649 18.000
D_1173 -25.003 -475.402 14.000
S_1174 -16.309 -90.060 10.000
L_1175 0.000 679.918 11.000
L_1176 0.000 679.918 7.000
N_1177 -7.878 -507.047 4.000
I_1178 0.000 777.529 9.000
A_1179 0.000 185.740 9.000
R_1180 -21.845 -1015.709 8.000
G_1181 0.000 -27.649 11.000
K_1182 -18.462 -818.649 13.000
K_1183 -14.420 -818.649 8.000
H_1184 -12.104 -583.484 12.000
G_1185 0.000 -27.649 12.000
E_1186 -23.258 -605.239 12.000
K_1187 -19.613 -818.649 15.000
T_1188 -21.889 -90.974 20.000
R_1189 -32.645 -1015.709 16.000
R_1190 -32.645 -1015.709 16.000
V_1191 0.000 613.196 16.000
S_1192 -20.127 -90.060 16.000
S_1193 -19.059 -90.060 14.000
R_1194 -33.508 -1015.709 17.000
K_1195 -19.059 -818.649 14.000
K_1196 -17.098 -818.649 11.000
A_1197 0.000 185.740 6.000
A_1198 0.000 185.740 6.000
L_1199 0.000 679.918 3.000
K_1200 -11.867 -818.649 6.000
A_1201 0.000 185.740 9.000
T_1202 -18.462 -90.974 13.000
S_1203 -19.059 -90.060 14.000
D_1204 -27.150 -475.402 17.000
E_1205 -27.773 -605.239 18.000
K_1206 -21.060 -818.649 18.000
D_1207 -25.003 -475.402 14.000
S_1208 -18.462 -90.060 13.000
F_1209 0.000 560.542 14.000
S_1210 -16.309 -90.060 10.000
N_1211 -21.132 -507.047 10.000
I_1212 0.000 777.529 15.000
T_1213 -20.127 -90.974 16.000
R_1214 -33.508 -1015.709 17.000
E_1215 -28.912 -605.239 20.000
R_1216 -36.459 -1015.709 21.000
K_1217 -20.127 -818.649 16.000
D_1218 -26.485 -475.402 16.000
G_1219 0.000 -27.649 14.000
E_1220 -25.003 -605.239 14.000
T_1221 -19.613 -90.974 15.000
S_1222 -21.060 -90.060 18.000
R_1223 -30.711 -1015.709 14.000
T_1224 -19.059 -90.974 14.000
V_1225 0.000 613.196 14.000
S_1226 -18.462 -90.060 13.000
S_1227 -18.462 -90.060 13.000
Q_1228 -24.169 -643.904 13.000
K_1229 -16.309 -818.649 10.000
P_1230 0.000 -195.996 7.000
P_1231 0.000 -195.996 3.000
A_1232 0.000 185.740 3.000
L_1233 0.000 679.918 3.000
K_1234 -11.867 -818.649 6.000
A_1235 0.000 185.740 6.000
T_1236 -16.309 -90.974 10.000
G_1237 0.000 -27.649 11.000
D_1238 -25.772 -475.402 15.000
E_1239 -26.485 -605.239 16.000
E_1240 -28.359 -605.239 19.000
D_1241 -25.772 -475.402 15.000
S_1242 -17.098 -90.060 11.000
V_1243 0.000 613.196 11.000
L_1244 0.000 679.918 7.000
N_1245 -7.878 -507.047 4.000
I_1246 0.000 777.529 9.000
A_1247 0.000 185.740 13.000
R_1248 -28.412 -1015.709 12.000
E_1249 -25.772 -605.239 15.000
K_1250 -21.486 -818.649 19.000
K_1251 -19.059 -818.649 14.000
D_1252 -25.003 -475.402 14.000
G_1253 0.000 -27.649 14.000
E_1254 -25.003 -605.239 14.000
K_1255 -19.613 -818.649 15.000
S_1256 -21.060 -90.060 18.000
R_1257 -30.711 -1015.709 14.000
T_1258 -19.059 -90.974 14.000
V_1259 0.000 613.196 14.000
S_1260 -18.462 -90.060 13.000
S_1261 -18.462 -90.060 13.000
E_1262 -24.169 -605.239 13.000
K_1263 -18.462 -818.649 13.000
P_1264 0.000 -195.996 10.000
S_1265 -11.867 -90.060 6.000
G_1266 0.000 -27.649 6.000
L_1267 0.000 679.918 6.000
K_1268 -11.867 -818.649 6.000
A_1269 0.000 185.740 9.000
T_1270 -18.462 -90.974 13.000
S_1271 -19.059 -90.060 14.000
D_1272 -27.150 -475.402 17.000
E_1273 -27.773 -605.239 18.000
K_1274 -21.060 -818.649 18.000
D_1275 -25.003 -475.402 14.000
S_1276 -16.309 -90.060 10.000
V_1277 0.000 613.196 11.000
L_1278 0.000 679.918 7.000
N_1279 -7.878 -507.047 4.000
I_1280 0.000 777.529 9.000
A_1281 0.000 185.740 9.000
R_1282 -21.845 -1015.709 8.000
G_1283 0.000 -27.649 11.000
K_1284 -18.462 -818.649 13.000
K_1285 -14.420 -818.649 8.000
H_1286 -12.104 -583.484 12.000
G_1287 0.000 -27.649 12.000
E_1288 -23.258 -605.239 12.000
K_1289 -19.613 -818.649 15.000
T_1290 -21.889 -90.974 20.000
R_1291 -32.645 -1015.709 16.000
R_1292 -32.645 -1015.709 16.000
V_1293 0.000 613.196 16.000
S_1294 -18.462 -90.060 13.000
S_1295 -17.098 -90.060 11.000
H_1296 -13.255 -583.484 15.000
K_1297 -17.811 -818.649 12.000
Q_1298 -19.866 -643.904 9.000
P_1299 0.000 -195.996 7.000
A_1300 0.000 185.740 7.000
L_1301 0.000 679.918 3.000
K_1302 -11.867 -818.649 6.000
A_1303 0.000 185.740 9.000
T_1304 -18.462 -90.974 13.000
S_1305 -18.462 -90.060 13.000
D_1306 -27.150 -475.402 17.000
K_1307 -21.060 -818.649 18.000
E_1308 -27.773 -605.239 18.000
N_1309 -25.003 -507.047 14.000
S_1310 -17.098 -90.060 11.000
V_1311 0.000 613.196 11.000
P_1312 0.000 -195.996 7.000
N_1313 -7.878 -507.047 4.000
M_1314 0.000 401.769 7.000
A_1315 0.000 185.740 11.000
T_1316 -16.309 -90.974 10.000
E_1317 -24.169 -605.239 13.000
T_1318 -20.609 -90.974 17.000
K_1319 -21.060 -818.649 18.000
D_1320 -27.773 -475.402 18.000
E_1321 -25.772 -605.239 15.000
Q_1322 -25.772 -643.904 15.000
I_1323 0.000 777.529 11.000
S_1324 -16.309 -90.060 10.000
G_1325 0.000 -27.649 6.000
T_1326 -15.425 -90.974 9.000
V_1327 0.000 613.196 9.000
S_1328 -18.462 -90.060 13.000
S_1329 -18.462 -90.060 13.000
Q_1330 -27.150 -643.904 17.000
K_1331 -19.059 -818.649 14.000
Q_1332 -22.253 -643.904 11.000
P_1333 0.000 -195.996 7.000
A_1334 0.000 185.740 7.000
L_1335 0.000 679.918 3.000
K_1336 -11.867 -818.649 6.000
A_1337 0.000 185.740 9.000
T_1338 -18.462 -90.974 13.000
S_1339 -18.462 -90.060 13.000
D_1340 -26.485 -475.402 16.000
K_1341 -20.609 -818.649 17.000
K_1342 -20.609 -818.649 17.000
D_1343 -24.169 -475.402 13.000
S_1344 -18.462 -90.060 13.000
V_1345 0.000 613.196 14.000
S_1346 -16.309 -90.060 10.000
N_1347 -16.691 -507.047 7.000
I_1348 0.000 777.529 10.000
P_1349 0.000 -195.996 11.000
T_1350 -13.255 -90.974 7.000
E_1351 -21.132 -605.239 10.000
I_1352 0.000 777.529 14.000
K_1353 -17.098 -818.649 11.000
D_1354 -22.253 -475.402 11.000
G_1355 0.000 -27.649 15.000
Q_1356 -25.772 -643.904 15.000
Q_1357 -22.253 -643.904 11.000
S_1358 -19.059 -90.060 14.000
G_1359 0.000 -27.649 10.000
T_1360 -15.425 -90.974 9.000
V_1361 0.000 613.196 9.000
S_1362 -18.462 -90.060 13.000
S_1363 -18.462 -90.060 13.000
Q_1364 -27.150 -643.904 17.000
K_1365 -19.059 -818.649 14.000
Q_1366 -22.253 -643.904 11.000
L_1367 0.000 679.918 8.000
A_1368 0.000 185.740 8.000
W_1369 -3.436 -203.500 4.000
K_1370 -13.255 -818.649 7.000
A_1371 0.000 185.740 10.000
T_1372 -15.425 -90.974 9.000
S_1373 -15.425 -90.060 9.000
V_1374 0.000 613.196 12.000
K_1375 -18.462 -818.649 13.000
K_1376 -18.462 -818.649 13.000
D_1377 -24.169 -475.402 13.000
S_1378 -18.462 -90.060 13.000
V_1379 0.000 613.196 14.000
S_1380 -16.309 -90.060 10.000
N_1381 -16.691 -507.047 7.000
I_1382 0.000 777.529 10.000
A_1383 0.000 185.740 11.000
T_1384 -13.255 -90.974 7.000
E_1385 -21.132 -605.239 10.000
I_1386 0.000 777.529 14.000
K_1387 -17.098 -818.649 11.000
D_1388 -22.253 -475.402 11.000
G_1389 0.000 -27.649 11.000
Q_1390 -24.169 -643.904 13.000
I_1391 0.000 777.529 9.000
R_1392 -28.412 -1015.709 12.000
G_1393 0.000 -27.649 8.000
T_1394 -17.098 -90.974 11.000
V_1395 0.000 613.196 9.000
S_1396 -18.462 -90.060 13.000
S_1397 -19.613 -90.060 15.000
Q_1398 -28.359 -643.904 19.000
R_1399 -32.645 -1015.709 16.000
Q_1400 -24.169 -643.904 13.000
P_1401 0.000 -195.996 9.000
A_1402 0.000 185.740 7.000
L_1403 0.000 679.918 3.000
K_1404 -11.867 -818.649 6.000
A_1405 0.000 185.740 6.000
T_1406 -16.309 -90.974 10.000
G_1407 0.000 -27.649 11.000
D_1408 -25.003 -475.402 14.000
E_1409 -25.772 -605.239 15.000
K_1410 -21.060 -818.649 18.000
D_1411 -25.003 -475.402 14.000
S_1412 -18.462 -90.060 13.000
V_1413 0.000 613.196 14.000
S_1414 -16.309 -90.060 10.000
N_1415 -16.691 -507.047 7.000
I_1416 0.000 777.529 12.000
A_1417 0.000 185.740 13.000
R_1418 -23.856 -1015.709 9.000
E_1419 -23.258 -605.239 12.000
I_1420 0.000 777.529 16.000
K_1421 -17.098 -818.649 11.000
D_1422 -22.253 -475.402 11.000
G_1423 0.000 -27.649 14.000
E_1424 -25.003 -605.239 14.000
K_1425 -16.309 -818.649 10.000
S_1426 -18.462 -90.060 13.000
G_1427 0.000 -27.649 9.000
T_1428 -15.425 -90.974 9.000
V_1429 0.000 613.196 6.000
S_1430 -16.309 -90.060 10.000
P_1431 0.000 -195.996 10.000
Q_1432 -25.003 -643.904 14.000
K_1433 -19.059 -818.649 14.000
Q_1434 -25.003 -643.904 14.000
S_1435 -19.059 -90.060 14.000
A_1436 0.000 185.740 14.000
Q_1437 -21.132 -643.904 10.000
K_1438 -13.255 -818.649 7.000
V_1439 0.000 613.196 7.000
I_1440 0.000 777.529 6.000
F_1441 0.000 560.542 6.000
K_1442 -15.425 -818.649 9.000
K_1443 -15.425 -818.649 9.000
K_1444 -17.811 -818.649 12.000
V_1445 0.000 613.196 9.000
S_1446 -11.867 -90.060 6.000
L_1447 0.000 679.918 7.000
L_1448 0.000 679.918 7.000
N_1449 -7.878 -507.047 4.000
I_1450 0.000 777.529 7.000
A_1451 0.000 185.740 12.000
T_1452 -14.420 -90.974 8.000
R_1453 -27.076 -1015.709 11.000
I_1454 0.000 777.529 11.000
T_1455 -14.420 -90.974 8.000
G_1456 0.000 -27.649 4.000
G_1457 0.000 -27.649 7.000
W_1458 -4.824 -203.500 7.000
K_1459 -13.255 -818.649 7.000
S_1460 -16.309 -90.060 10.000
G_1461 0.000 -27.649 13.000
T_1462 -17.811 -90.974 12.000
E_1463 -19.866 -605.239 9.000
Y_1464 -12.518 -274.939 13.000
P_1465 0.000 -195.996 14.000
E_1466 -21.132 -605.239 10.000
N_1467 -18.409 -507.047 8.000
L_1468 0.000 679.918 11.000
P_1469 0.000 -195.996 7.000
T_1470 -11.867 -90.974 6.000
L_1471 0.000 679.918 6.000
K_1472 -15.425 -818.649 9.000
A_1473 0.000 185.740 6.000
T_1474 -16.309 -90.974 10.000
I_1475 0.000 777.529 11.000
E_1476 -25.003 -605.239 14.000
N_1477 -25.772 -507.047 15.000
K_1478 -21.060 -818.649 18.000
N_1479 -25.003 -507.047 14.000
S_1480 -16.309 -90.060 10.000
V_1481 0.000 613.196 11.000
L_1482 0.000 679.918 10.000
N_1483 -16.691 -507.047 7.000
T_1484 -16.309 -90.974 10.000
A_1485 0.000 185.740 13.000
T_1486 -15.425 -90.974 9.000
K_1487 -15.425 -818.649 9.000
M_1488 0.000 401.769 13.000
K_1489 -16.309 -818.649 10.000
D_1490 -22.253 -475.402 11.000
V_1491 0.000 613.196 14.000
Q_1492 -25.003 -643.904 14.000
T_1493 -18.462 -90.974 13.000
S_1494 -18.462 -90.060 13.000
T_1495 -15.425 -90.974 9.000
P_1496 0.000 -195.996 10.000
A_1497 0.000 185.740 11.000
E_1498 -23.258 -605.239 12.000
Q_1499 -23.258 -643.904 12.000
D_1500 -26.485 -475.402 16.000
L_1501 0.000 679.918 12.000
E_1502 -18.409 -605.239 8.000
M_1503 0.000 401.769 7.000
A_1504 0.000 185.740 11.000
S_1505 -13.255 -90.060 7.000
E_1506 -22.253 -605.239 11.000
G_1507 0.000 -27.649 15.000
E_1508 -25.772 -605.239 15.000
Q_1509 -26.485 -643.904 16.000
K_1510 -20.127 -818.649 16.000
R_1511 -32.645 -1015.709 16.000
L_1512 0.000 679.918 16.000
E_1513 -25.772 -605.239 15.000
E_1514 -25.003 -605.239 14.000
Y_1515 -14.188 -274.939 18.000
E_1516 -27.773 -605.239 18.000
N_1517 -27.773 -507.047 18.000
N_1518 -26.485 -507.047 16.000
Q_1519 -26.485 -643.904 16.000
P_1520 0.000 -195.996 12.000
Q_1521 -22.253 -643.904 11.000
V_1522 0.000 613.196 11.000
K_1523 -19.613 -818.649 15.000
N_1524 -22.253 -507.047 11.000
Q_1525 -24.169 -643.904 13.000
I_1526 0.000 777.529 13.000
H_1527 -12.900 -583.484 14.000
S_1528 -19.059 -90.060 14.000
R_1529 -34.315 -1015.709 18.000
D_1530 -26.485 -475.402 16.000
D_1531 -27.150 -475.402 17.000
L_1532 0.000 679.918 16.000
D_1533 -23.258 -475.402 12.000
D_1534 -18.409 -475.402 8.000
I_1535 0.000 777.529 12.000
I_1536 0.000 777.529 11.000
Q_1537 -21.132 -643.904 10.000
S_1538 -19.059 -90.060 14.000
S_1539 -20.609 -90.060 17.000
Q_1540 -24.169 -643.904 13.000
T_1541 -18.462 -90.974 13.000
V_1542 0.000 613.196 14.000
S_1543 -19.059 -90.060 14.000
E_1544 -22.253 -605.239 11.000
D_1545 -25.772 -475.402 15.000
G_1546 0.000 -27.649 15.000
D_1547 -22.253 -475.402 11.000
S_1548 -13.255 -90.060 7.000
L_1549 0.000 679.918 7.000
C_1550 0.000 322.480 7.000
C_1551 0.000 322.480 4.000
N_1552 -16.691 -507.047 7.000
C_1553 0.000 322.480 11.000
K_1554 -17.098 -818.649 11.000
N_1555 -16.691 -507.047 7.000
V_1556 0.000 613.196 7.000
I_1557 0.000 777.529 4.000
L_1558 0.000 679.918 0.000
L_1559 0.000 679.918 4.000
I_1560 0.000 777.529 8.000
D_1561 -21.132 -475.402 10.000
Q_1562 -25.003 -643.904 14.000
H_1563 -12.900 -583.484 14.000
E_1564 -24.169 -605.239 13.000
M_1565 0.000 401.769 9.000
K_1566 -16.309 -818.649 10.000
C_1567 0.000 322.480 10.000
K_1568 -16.309 -818.649 10.000
D_1569 -16.691 -475.402 7.000
C_1570 0.000 322.480 9.000
V_1571 0.000 613.196 6.000
H_1572 -1.718 -583.484 2.000
L_1573 0.000 679.918 5.000
L_1574 0.000 679.918 5.000
K_1575 -11.867 -818.649 6.000
I_1576 0.000 777.529 9.000
K_1577 -17.811 -818.649 12.000
K_1578 -15.425 -818.649 9.000
T_1579 -15.425 -90.974 9.000
F_1580 0.000 560.542 6.000
C_1581 0.000 322.480 3.000
L_1582 0.000 679.918 3.000
C_1583 0.000 322.480 8.000
K_1584 -14.420 -818.649 8.000
R_1585 -27.076 -1015.709 11.000
L_1586 0.000 679.918 15.000
T_1587 -17.811 -90.974 12.000
E_1588 -21.132 -605.239 10.000
L_1589 0.000 679.918 14.000
K_1590 -19.613 -818.649 15.000
D_1591 -24.169 -475.402 13.000
N_1592 -24.169 -507.047 13.000
H_1593 -12.900 -583.484 14.000
C_1594 0.000 322.480 14.000
E_1595 -21.132 -605.239 10.000
Q_1596 -24.169 -643.904 13.000
L_1597 0.000 679.918 13.000
R_1598 -28.412 -1015.709 12.000
V_1599 0.000 613.196 8.000
K_1600 -18.462 -818.649 13.000
I_1601 0.000 777.529 11.000
R_1602 -27.076 -1015.709 11.000
K_1603 -17.098 -818.649 11.000
L_1604 0.000 679.918 15.000
K_1605 -18.462 -818.649 13.000
N_1606 -21.132 -507.047 10.000
K_1607 -18.462 -818.649 13.000
A_1608 0.000 185.740 10.000
S_1609 -11.867 -90.060 6.000
V_1610 0.000 613.196 7.000
L_1611 0.000 679.918 10.000
Q_1612 -23.258 -643.904 12.000
K_1613 -17.811 -818.649 12.000
R_1614 -31.716 -1015.709 15.000
L_1615 0.000 679.918 15.000
S_1616 -19.613 -90.060 15.000
E_1617 -25.003 -605.239 14.000
K_1618 -21.060 -818.649 18.000
E_1619 -25.772 -605.239 15.000
E_1620 -25.003 -605.239 14.000
I_1621 0.000 777.529 14.000
K_1622 -19.059 -818.649 14.000
S_1623 -16.309 -90.060 10.000
Q_1624 -24.169 -643.904 13.000
L_1625 0.000 679.918 12.000
K_1626 -18.462 -818.649 13.000
H_1627 -12.104 -583.484 12.000
E_1628 -23.258 -605.239 12.000
T_1629 -18.462 -90.974 13.000
L_1630 0.000 679.918 11.000
E_1631 -22.253 -605.239 11.000
L_1632 0.000 679.918 11.000
E_1633 -25.772 -605.239 15.000
K_1634 -17.098 -818.649 11.000
E_1635 -22.253 -605.239 11.000
L_1636 0.000 679.918 10.000
C_1637 0.000 322.480 7.000
S_1638 -14.420 -90.060 8.000
L_1639 0.000 679.918 8.000
R_1640 -21.845 -1015.709 8.000
F_1641 0.000 560.542 5.000
A_1642 0.000 185.740 9.000
I_1643 0.000 777.529 8.000
Q_1644 -23.258 -643.904 12.000
Q_1645 -25.772 -643.904 15.000
E_1646 -27.773 -605.239 18.000
K_1647 -20.609 -818.649 17.000
K_1648 -21.060 -818.649 18.000
K_1649 -21.486 -818.649 19.000
R_1650 -35.785 -1015.709 20.000
R_1651 -33.508 -1015.709 17.000
N_1652 -27.773 -507.047 18.000
V_1653 0.000 613.196 17.000
E_1654 -23.258 -605.239 12.000
E_1655 -21.132 -605.239 10.000
L_1656 0.000 679.918 14.000
H_1657 -12.518 -583.484 13.000
Q_1658 -19.866 -643.904 9.000
K_1659 -19.059 -818.649 14.000
V_1660 0.000 613.196 16.000
R_1661 -31.716 -1015.709 15.000
E_1662 -23.258 -605.239 12.000
K_1663 -20.609 -818.649 17.000
L_1664 0.000 679.918 12.000
R_1665 -27.076 -1015.709 11.000
I_1666 0.000 777.529 12.000
T_1667 -20.127 -90.974 16.000
E_1668 -25.772 -605.239 15.000
E_1669 -27.150 -605.239 17.000
Q_1670 -28.359 -643.904 19.000
Y_1671 -13.255 -274.939 15.000
R_1672 -31.716 -1015.709 15.000
I_1673 0.000 777.529 11.000
E_1674 -24.169 -605.239 13.000
A_1675 0.000 185.740 8.000
D_1676 -22.253 -475.402 11.000
V_1677 0.000 613.196 10.000
T_1678 -16.309 -90.974 10.000
K_1679 -11.867 -818.649 6.000
P_1680 0.000 -195.996 9.000
I_1681 0.000 777.529 6.000
K_1682 -4.441 -818.649 3.000
P_1683 0.000 -195.996 3.000
A_1684 0.000 185.740 6.000
L_1685 0.000 679.918 6.000
K_1686 -11.867 -818.649 6.000
S_1687 -16.309 -90.060 10.000
A_1688 0.000 185.740 10.000
E_1689 -22.253 -605.239 11.000
V_1690 0.000 613.196 8.000
E_1691 -22.253 -605.239 11.000
L_1692 0.000 679.918 10.000
K_1693 -16.309 -818.649 10.000
T_1694 -11.867 -90.974 6.000
G_1695 0.000 -27.649 10.000
G_1696 0.000 -27.649 11.000
N_1697 -22.253 -507.047 11.000
N_1698 -25.772 -507.047 15.000
S_1699 -21.486 -90.060 19.000
N_1700 -25.772 -507.047 15.000
Q_1701 -25.003 -643.904 14.000
V_1702 0.000 613.196 15.000
S_1703 -19.059 -90.060 14.000
E_1704 -25.003 -605.239 14.000
T_1705 -21.060 -90.974 18.000
D_1706 -27.773 -475.402 18.000
E_1707 -27.773 -605.239 18.000
K_1708 -21.486 -818.649 19.000
E_1709 -25.772 -605.239 15.000
D_1710 -22.253 -475.402 11.000
L_1711 0.000 679.918 10.000
L_1712 0.000 679.918 10.000
H_1713 -11.154 -583.484 10.000
E_1714 -25.772 -605.239 15.000
N_1715 -25.772 -507.047 15.000
R_1716 -29.616 -1015.709 13.000
L_1717 0.000 679.918 13.000
M_1718 0.000 401.769 13.000
Q_1719 -23.258 -643.904 12.000
D_1720 -23.258 -475.402 12.000
E_1721 -23.258 -605.239 12.000
I_1722 0.000 777.529 13.000
A_1723 0.000 185.740 9.000
R_1724 -25.574 -1015.709 10.000
L_1725 0.000 679.918 10.000
R_1726 -30.711 -1015.709 14.000
L_1727 0.000 679.918 12.000
E_1728 -26.485 -605.239 16.000
K_1729 -19.059 -818.649 14.000
D_1730 -25.003 -475.402 14.000
T_1731 -18.462 -90.974 13.000
I_1732 0.000 777.529 14.000
K_1733 -19.059 -818.649 14.000
N_1734 -25.772 -507.047 15.000
Q_1735 -25.772 -643.904 15.000
N_1736 -26.485 -507.047 16.000
L_1737 0.000 679.918 15.000
E_1738 -25.003 -605.239 14.000
K_1739 -17.811 -818.649 12.000
K_1740 -17.811 -818.649 12.000
Y_1741 -11.652 -274.939 11.000
L_1742 0.000 679.918 12.000
K_1743 -15.425 -818.649 9.000
D_1744 -22.253 -475.402 11.000
F_1745 0.000 560.542 11.000
E_1746 -18.409 -605.239 8.000
I_1747 0.000 777.529 7.000
V_1748 0.000 613.196 12.000
K_1749 -17.098 -818.649 11.000
R_1750 -29.616 -1015.709 13.000
K_1751 -20.609 -818.649 17.000
H_1752 -14.188 -583.484 18.000
E_1753 -24.169 -605.239 13.000
D_1754 -25.003 -475.402 14.000
L_1755 0.000 679.918 15.000
Q_1756 -22.253 -643.904 11.000
K_1757 -13.255 -818.649 7.000
A_1758 0.000 185.740 10.000
L_1759 0.000 679.918 11.000
K_1760 -17.811 -818.649 12.000
R_1761 -32.645 -1015.709 16.000
N_1762 -28.912 -507.047 20.000
E_1763 -28.912 -605.239 20.000
E_1764 -25.772 -605.239 15.000
T_1765 -17.098 -90.974 11.000
L_1766 0.000 679.918 11.000
A_1767 0.000 185.740 10.000
E_1768 -16.691 -605.239 7.000
T_1769 -13.255 -90.974 7.000
I_1770 0.000 777.529 7.000
A_1771 0.000 185.740 5.000
C_1772 0.000 322.480 5.000
Y_1773 -7.426 -274.939 5.000
S_1774 -15.425 -90.060 9.000
G_1775 0.000 -27.649 9.000
Q_1776 -16.691 -643.904 7.000
L_1777 0.000 679.918 4.000
A_1778 0.000 185.740 4.000
A_1779 0.000 185.740 3.000
L_1780 0.000 679.918 7.000
T_1781 -17.098 -90.974 11.000
D_1782 -25.772 -475.402 15.000
E_1783 -27.773 -605.239 18.000
N_1784 -27.773 -507.047 18.000
T_1785 -19.059 -90.974 14.000
T_1786 -19.613 -90.974 15.000
L_1787 0.000 679.918 14.000
R_1788 -30.711 -1015.709 14.000
S_1789 -17.098 -90.060 11.000
K_1790 -19.613 -818.649 15.000
L_1791 0.000 679.918 13.000
E_1792 -25.003 -605.239 14.000
K_1793 -20.127 -818.649 16.000
Q_1794 -28.912 -643.904 20.000
R_1795 -35.072 -1015.709 19.000
E_1796 -26.485 -605.239 16.000
S_1797 -20.127 -90.060 16.000
G_1798 0.000 -27.649 16.000
Q_1799 -23.258 -643.904 12.000
R_1800 -29.616 -1015.709 13.000
L_1801 0.000 679.918 16.000
E_1802 -26.485 -605.239 16.000
T_1803 -17.098 -90.974 11.000
E_1804 -25.772 -605.239 15.000
M_1805 0.000 401.769 14.000
Q_1806 -24.169 -643.904 13.000
S_1807 -19.059 -90.060 14.000
Y_1808 -12.900 -274.939 14.000
R_1809 -31.716 -1015.709 15.000
C_1810 0.000 322.480 12.000
R_1811 -30.711 -1015.709 14.000
L_1812 0.000 679.918 9.000
N_1813 -19.866 -507.047 9.000
A_1814 0.000 185.740 4.000
A_1815 0.000 185.740 4.000
L_1816 0.000 679.918 4.000
C_1817 0.000 322.480 6.000
D_1818 -21.132 -475.402 10.000
H_1819 -12.900 -583.484 14.000
D_1820 -27.150 -475.402 17.000
Q_1821 -25.772 -643.904 15.000
S_1822 -20.127 -90.060 16.000
H_1823 -13.255 -583.484 15.000
S_1824 -19.059 -90.060 14.000
S_1825 -20.127 -90.060 16.000
K_1826 -21.060 -818.649 18.000
R_1827 -35.072 -1015.709 19.000
D_1828 -28.912 -475.402 20.000
Q_1829 -27.150 -643.904 17.000
E_1830 -23.258 -605.239 12.000
L_1831 0.000 679.918 8.000
A_1832 0.000 185.740 8.000
F_1833 0.000 560.542 4.000
Q_1834 -16.691 -643.904 7.000
G_1835 0.000 -27.649 7.000
T_1836 -17.098 -90.974 11.000
V_1837 0.000 613.196 10.000
D_1838 -21.132 -475.402 10.000
K_1839 -13.255 -818.649 7.000
C_1840 0.000 322.480 9.000
C_1841 0.000 322.480 5.000
H_1842 -8.431 -583.484 6.000
L_1843 0.000 679.918 10.000
Q_1844 -25.003 -643.904 14.000
E_1845 -23.258 -605.239 12.000
N_1846 -26.485 -507.047 16.000
L_1847 0.000 679.918 15.000
N_1848 -24.169 -507.047 13.000
S_1849 -15.425 -90.060 9.000
H_1850 -10.601 -583.484 9.000
V_1851 0.000 613.196 5.000
L_1852 0.000 679.918 2.000
I_1853 0.000 777.529 3.000
L_1854 0.000 679.918 3.000
S_1855 -13.255 -90.060 7.000
L_1856 0.000 679.918 7.000
Q_1857 -21.132 -643.904 10.000
L_1858 0.000 679.918 10.000
S_1859 -16.309 -90.060 10.000
K_1860 -16.309 -818.649 10.000
A_1861 0.000 185.740 13.000
E_1862 -24.169 -605.239 13.000
S_1863 -16.309 -90.060 10.000
K_1864 -19.613 -818.649 15.000
F_1865 0.000 560.542 11.000
R_1866 -21.845 -1015.709 8.000
V_1867 0.000 613.196 9.000
L_1868 0.000 679.918 12.000
E_1869 -22.253 -605.239 11.000
T_1870 -17.098 -90.974 11.000
E_1871 -24.169 -605.239 13.000
L_1872 0.000 679.918 11.000
H_1873 -11.652 -583.484 11.000
Y_1874 -9.265 -274.939 7.000
T_1875 -17.098 -90.974 11.000
G_1876 0.000 -27.649 9.000
E_1877 -16.691 -605.239 7.000
A_1878 0.000 185.740 7.000
L_1879 0.000 679.918 11.000
K_1880 -16.309 -818.649 10.000
E_1881 -21.132 -605.239 10.000
K_1882 -16.309 -818.649 10.000
A_1883 0.000 185.740 7.000
L_1884 0.000 679.918 3.000
V_1885 0.000 613.196 4.000
F_1886 0.000 560.542 6.000
E_1887 -14.591 -605.239 6.000
H_1888 -11.154 -583.484 10.000
V_1889 0.000 613.196 13.000
Q_1890 -24.169 -643.904 13.000
S_1891 -17.098 -90.060 11.000
E_1892 -25.003 -605.239 14.000
L_1893 0.000 679.918 14.000
K_1894 -19.059 -818.649 14.000
Q_1895 -25.003 -643.904 14.000
K_1896 -20.609 -818.649 17.000
Q_1897 -27.773 -643.904 18.000
S_1898 -19.059 -90.060 14.000
Q_1899 -25.003 -643.904 14.000
M_1900 0.000 401.769 14.000
K_1901 -17.098 -818.649 11.000
D_1902 -22.253 -475.402 11.000
I_1903 0.000 777.529 14.000
E_1904 -22.253 -605.239 11.000
K_1905 -15.425 -818.649 9.000
M_1906 0.000 401.769 12.000
Y_1907 -11.652 -274.939 11.000
K_1908 -14.420 -818.649 8.000
S_1909 -16.309 -90.060 10.000
G_1910 0.000 -27.649 12.000
Y_1911 -12.104 -274.939 12.000
N_1912 -19.866 -507.047 9.000
T_1913 -18.462 -90.974 13.000
M_1914 0.000 401.769 14.000
E_1915 -21.132 -605.239 10.000
K_1916 -13.255 -818.649 7.000
C_1917 0.000 322.480 11.000
I_1918 0.000 777.529 10.000
E_1919 -22.253 -605.239 11.000
K_1920 -19.613 -818.649 15.000
Q_1921 -28.912 -643.904 20.000
E_1922 -26.485 -605.239 16.000
R_1923 -29.616 -1015.709 13.000
F_1924 0.000 560.542 13.000
C_1925 0.000 322.480 9.000
Q_1926 -16.691 -643.904 7.000
L_1927 0.000 679.918 10.000
K_1928 -19.059 -818.649 14.000
K_1929 -19.059 -818.649 14.000
Q_1930 -25.003 -643.904 14.000
N_1931 -22.253 -507.047 11.000
M_1932 0.000 401.769 8.000
L_1933 0.000 679.918 8.000
L_1934 0.000 679.918 8.000
Q_1935 -23.258 -643.904 12.000
Q_1936 -23.258 -643.904 12.000
Q_1937 -26.485 -643.904 16.000
L_1938 0.000 679.918 16.000
D_1939 -23.258 -475.402 12.000
D_1940 -24.169 -475.402 13.000
A_1941 0.000 185.740 17.000
R_1942 -32.645 -1015.709 16.000
N_1943 -23.258 -507.047 12.000
K_1944 -20.127 -818.649 16.000
A_1945 0.000 185.740 15.000
D_1946 -25.772 -475.402 15.000
N_1947 -26.485 -507.047 16.000
Q_1948 -28.359 -643.904 19.000
E_1949 -25.772 -605.239 15.000
K_1950 -17.098 -818.649 11.000
A_1951 0.000 185.740 7.000
I_1952 0.000 777.529 7.000
L_1953 0.000 679.918 4.000
N_1954 -18.409 -507.047 8.000
I_1955 0.000 777.529 8.000
Q_1956 -24.169 -643.904 13.000
A_1957 0.000 185.740 9.000
R_1958 -29.616 -1015.709 13.000
C_1959 0.000 322.480 9.000
D_1960 -25.003 -475.402 14.000
A_1961 0.000 185.740 9.000
R_1962 -29.616 -1015.709 13.000
V_1963 0.000 613.196 13.000
E_1964 -24.169 -605.239 13.000
N_1965 -23.258 -507.047 12.000
L_1966 0.000 679.918 12.000
Q_1967 -23.258 -643.904 12.000
A_1968 0.000 185.740 8.000
E_1969 -24.169 -605.239 13.000
C_1970 0.000 322.480 12.000
R_1971 -30.711 -1015.709 14.000
K_1972 -19.613 -818.649 15.000
H_1973 -13.255 -583.484 15.000
R_1974 -25.574 -1015.709 10.000
L_1975 0.000 679.918 7.000
L_1976 0.000 679.918 9.000
L_1977 0.000 679.918 8.000
E_1978 -23.258 -605.239 12.000
E_1979 -26.485 -605.239 16.000
D_1980 -28.359 -475.402 19.000
N_1981 -25.772 -507.047 15.000
K_1982 -17.098 -818.649 11.000
M_1983 0.000 401.769 7.000
L_1984 0.000 679.918 7.000
V_1985 0.000 613.196 8.000
N_1986 -18.409 -507.047 8.000
E_1987 -23.258 -605.239 12.000
L_1988 0.000 679.918 14.000
N_1989 -24.169 -507.047 13.000
H_1990 -12.104 -583.484 12.000
S_1991 -20.127 -90.060 16.000
K_1992 -19.613 -818.649 15.000
E_1993 -26.485 -605.239 16.000
K_1994 -18.462 -818.649 13.000
K_1995 -19.059 -818.649 14.000
C_1996 0.000 322.480 12.000
Q_1997 -24.169 -643.904 13.000
Y_1998 -12.518 -274.939 13.000
E_1999 -27.150 -605.239 17.000
K_2000 -20.127 -818.649 16.000
E_2001 -25.003 -605.239 14.000
K_2002 -19.059 -818.649 14.000
A_2003 0.000 185.740 16.000
E_2004 -26.485 -605.239 16.000
R_2005 -29.616 -1015.709 13.000
E_2006 -24.169 -605.239 13.000
V_2007 0.000 613.196 9.000
A_2008 0.000 185.740 9.000
V_2009 0.000 613.196 9.000
R_2010 -23.856 -1015.709 9.000
Q_2011 -24.169 -643.904 13.000
L_2012 0.000 679.918 17.000
Q_2013 -25.772 -643.904 15.000
Q_2014 -25.772 -643.904 15.000
K_2015 -21.486 -818.649 19.000
Q_2016 -28.359 -643.904 19.000
D_2017 -25.772 -475.402 15.000
D_2018 -23.258 -475.402 12.000
V_2019 0.000 613.196 12.000
L_2020 0.000 679.918 11.000
N_2021 -23.258 -507.047 12.000
K_2022 -19.613 -818.649 15.000
R_2023 -31.716 -1015.709 15.000
S_2024 -19.059 -90.060 14.000
A_2025 0.000 185.740 14.000
T_2026 -15.425 -90.974 9.000
K_2027 -11.867 -818.649 6.000
A_2028 0.000 185.740 6.000
L_2029 0.000 679.918 7.000
L_2030 0.000 679.918 4.000
D_2031 -16.691 -475.402 7.000
A_2032 0.000 185.740 10.000
S_2033 -19.613 -90.060 15.000
S_2034 -18.462 -90.060 13.000
R_2035 -29.616 -1015.709 13.000
H_2036 -11.154 -583.484 10.000
C_2037 0.000 322.480 9.000
I_2038 0.000 777.529 4.000
Y_2039 -8.431 -274.939 6.000
L_2040 0.000 679.918 10.000
E_2041 -21.132 -605.239 10.000
N_2042 -18.409 -507.047 8.000
G_2043 0.000 -27.649 12.000
M_2044 0.000 401.769 12.000
Q_2045 -22.253 -643.904 11.000
D_2046 -26.485 -475.402 16.000
S_2047 -21.486 -90.060 19.000
R_2048 -34.315 -1015.709 18.000
K_2049 -19.059 -818.649 14.000
K_2050 -19.613 -818.649 15.000
L_2051 0.000 679.918 14.000
D_2052 -22.253 -475.402 11.000
Q_2053 -24.169 -643.904 13.000
M_2054 0.000 401.769 16.000
R_2055 -32.645 -1015.709 16.000
S_2056 -17.811 -90.060 12.000
Q_2057 -26.485 -643.904 16.000
F_2058 0.000 560.542 15.000
Q_2059 -23.258 -643.904 12.000
E_2060 -23.258 -605.239 12.000
I_2061 0.000 777.529 16.000
Q_2062 -26.485 -643.904 16.000
D_2063 -23.258 -475.402 12.000
Q_2064 -25.772 -643.904 15.000
L_2065 0.000 679.918 11.000
T_2066 -16.309 -90.974 10.000
A_2067 0.000 185.740 6.000
T_2068 -17.098 -90.974 11.000
I_2069 0.000 777.529 8.000
R_2070 -27.076 -1015.709 11.000
C_2071 0.000 322.480 11.000
T_2072 -19.613 -90.974 15.000
K_2073 -16.309 -818.649 10.000
E_2074 -25.003 -605.239 14.000
M_2075 0.000 401.769 11.000
E_2076 -23.258 -605.239 12.000
G_2077 0.000 -27.649 8.000
D_2078 -23.258 -475.402 12.000
A_2079 0.000 185.740 11.000
Q_2080 -22.253 -643.904 11.000
K_2081 -17.098 -818.649 11.000
L_2082 0.000 679.918 11.000
E_2083 -22.253 -605.239 11.000
V_2084 0.000 613.196 12.000
E_2085 -23.258 -605.239 12.000
N_2086 -18.409 -507.047 8.000
V_2087 0.000 613.196 8.000
M_2088 0.000 401.769 9.000
M_2089 0.000 401.769 8.000
R_2090 -21.845 -1015.709 8.000
K_2091 -14.420 -818.649 8.000
I_2092 0.000 777.529 11.000
I_2093 0.000 777.529 9.000
K_2094 -16.309 -818.649 10.000
K_2095 -19.059 -818.649 14.000
Q_2096 -27.773 -643.904 18.000
D_2097 -28.359 -475.402 19.000
E_2098 -26.485 -605.239 16.000
Q_2099 -26.485 -643.904 16.000
I_2100 0.000 777.529 17.000
E_2101 -24.169 -605.239 13.000
R_2102 -29.616 -1015.709 13.000
F_2103 0.000 560.542 16.000
E_2104 -23.258 -605.239 12.000
K_2105 -13.255 -818.649 7.000
I_2106 0.000 777.529 11.000
L_2107 0.000 679.918 9.000
Q_2108 -19.866 -643.904 9.000
H_2109 -12.104 -583.484 12.000
S_2110 -17.811 -90.060 12.000
S_2111 -14.420 -90.060 8.000
L_2112 0.000 679.918 6.000
M_2113 0.000 401.769 7.000
L_2114 0.000 679.918 4.000
Q_2115 -7.878 -643.904 4.000
V_2116 0.000 613.196 8.000
F_2117 0.000 560.542 11.000
E_2118 -16.691 -605.239 7.000
S_2119 -13.255 -90.060 7.000
