M_1 0.000 401.769 4.000
Q_2 -7.878 -643.904 4.000
P_3 0.000 -195.996 7.000
L_4 0.000 679.918 10.000
S_5 -11.867 -90.060 6.000
K_6 -11.867 -818.649 6.000
L_7 0.000 679.918 6.000
M_8 0.000 401.769 3.000
A_9 0.000 185.740 3.000
I_10 0.000 777.529 6.000
S_11 -11.867 -90.060 6.000
K_12 -17.098 -818.649 11.000
P_13 0.000 -195.996 15.000
R_14 -28.412 -1015.709 12.000
N_15 -23.258 -507.047 12.000
L_16 0.000 679.918 12.000
S_17 -17.811 -90.060 12.000
L_18 0.000 679.918 12.000
R_19 -32.645 -1015.709 16.000
E_20 -27.773 -605.239 18.000
Q_21 -29.934 -643.904 22.000
R_22 -33.508 -1015.709 17.000
E_23 -24.169 -605.239 13.000
V_24 0.000 613.196 14.000
L_25 0.000 679.918 9.000
R_26 -23.856 -1015.709 9.000
A_27 0.000 185.740 9.000
D_28 -23.258 -475.402 12.000
M_29 0.000 401.769 8.000
S_30 -17.811 -90.060 12.000
W_31 -6.160 -203.500 12.000
Q_32 -26.485 -643.904 16.000
Q_33 -26.485 -643.904 16.000
E_34 -28.359 -605.239 19.000
T_35 -19.613 -90.974 15.000
N_36 -22.253 -507.047 11.000
P_37 0.000 -195.996 7.000
V_38 0.000 613.196 8.000
V_39 0.000 613.196 7.000
E_40 -19.866 -605.239 9.000
T_41 -18.462 -90.974 13.000
H_42 -13.586 -583.484 16.000
D_43 -26.485 -475.402 16.000
S_44 -18.462 -90.060 13.000
E_45 -25.003 -605.239 14.000
A_46 0.000 185.740 15.000
S_47 -20.127 -90.060 16.000
R_48 -31.716 -1015.709 15.000
Q_49 -25.772 -643.904 15.000
K_50 -20.609 -818.649 17.000
F_51 0.000 560.542 14.000
R_52 -25.574 -1015.709 10.000
H_53 -11.652 -583.484 11.000
F_54 0.000 560.542 13.000
Q_55 -18.409 -643.904 8.000
Y_56 -10.601 -274.939 9.000
L_57 0.000 679.918 9.000
K_58 -14.420 -818.649 8.000
V_59 0.000 613.196 6.000
S_60 -11.867 -90.060 6.000
G_61 0.000 -27.649 5.000
P_62 0.000 -195.996 9.000
H_63 -8.431 -583.484 6.000
E_64 -14.591 -605.239 6.000
A_65 0.000 185.740 9.000
L_66 0.000 679.918 11.000
S_67 -13.255 -90.060 7.000
Q_68 -18.409 -643.904 8.000
L_69 0.000 679.918 12.000
W_70 -5.447 -203.500 9.000
E_71 -11.867 -605.239 5.000
L_72 0.000 679.918 5.000
C_73 0.000 322.480 8.000
L_74 0.000 679.918 5.000
Q_75 -11.867 -643.904 5.000
W_76 -5.708 -203.500 10.000
L_77 0.000 679.918 10.000
R_78 -25.574 -1015.709 10.000
P_79 0.000 -195.996 9.000
E_80 -22.253 -605.239 11.000
I_81 0.000 777.529 9.000
H_82 -12.104 -583.484 12.000
T_83 -17.098 -90.974 11.000
K_84 -19.613 -818.649 15.000
K_85 -18.462 -818.649 13.000
Q_86 -21.132 -643.904 10.000
I_87 0.000 777.529 11.000
I_88 0.000 777.529 8.000
E_89 -7.878 -605.239 4.000
L_90 0.000 679.918 4.000
L_91 0.000 679.918 4.000
V_92 0.000 613.196 4.000
L_93 0.000 679.918 8.000
E_94 -18.409 -605.239 8.000
Q_95 -18.409 -643.904 8.000
F_96 0.000 560.542 8.000
L_97 0.000 679.918 4.000
A_98 0.000 185.740 0.000
I_99 0.000 777.529 0.000
L_100 0.000 679.918 4.000
P_101 0.000 -195.996 8.000
E_102 -18.409 -605.239 8.000
E_103 -24.169 -605.239 13.000
V_104 0.000 613.196 16.000
R_105 -29.616 -1015.709 13.000
T_106 -15.425 -90.974 9.000
W_107 -6.358 -203.500 13.000
V_108 0.000 613.196 8.000
N_109 -19.866 -507.047 9.000
L_110 0.000 679.918 10.000
Q_111 -21.132 -643.904 10.000
H_112 -11.154 -583.484 10.000
P_113 0.000 -195.996 14.000
N_114 -24.169 -507.047 13.000
N_115 -25.003 -507.047 14.000
S_116 -21.060 -90.060 18.000
K_117 -19.059 -818.649 14.000
D_118 -21.132 -475.402 10.000
M_119 0.000 401.769 10.000
V_120 0.000 613.196 7.000
T_121 -4.441 -90.974 3.000
L_122 0.000 679.918 7.000
I_123 0.000 777.529 11.000
E_124 -18.409 -605.239 8.000
D_125 -18.409 -475.402 8.000
V_126 0.000 613.196 12.000
I_127 0.000 777.529 8.000
E_128 -7.878 -605.239 4.000
M_129 0.000 401.769 8.000
L_130 0.000 679.918 12.000
E_131 -23.258 -605.239 12.000
D_132 -26.485 -475.402 16.000
E_133 -26.485 -605.239 16.000
D_134 -23.258 -475.402 12.000
M_135 0.000 401.769 8.000
P_136 0.000 -195.996 7.000
C_137 0.000 322.480 7.000
K_138 -16.309 -818.649 10.000
D_139 -21.132 -475.402 10.000
S_140 -16.309 -90.060 10.000
A_141 0.000 185.740 11.000
L_142 0.000 679.918 7.000
Q_143 -7.878 -643.904 4.000
M_144 0.000 401.769 7.000
G_145 0.000 -27.649 7.000
S_146 -11.867 -90.060 6.000
I_147 0.000 777.529 10.000
K_148 -18.462 -818.649 13.000
E_149 -21.132 -605.239 10.000
K_150 -18.462 -818.649 13.000
M_151 0.000 401.769 10.000
K_152 -11.867 -818.649 6.000
A_153 0.000 185.740 6.000
G_154 0.000 -27.649 11.000
S_155 -17.098 -90.060 11.000
R_156 -27.076 -1015.709 11.000
T_157 -19.059 -90.974 14.000
G_158 0.000 -27.649 11.000
K_159 -16.309 -818.649 10.000
P_160 0.000 -195.996 11.000
Q_161 -22.253 -643.904 11.000
E_162 -18.409 -605.239 8.000
P_163 0.000 -195.996 11.000
V_164 0.000 613.196 7.000
T_165 -11.867 -90.974 6.000
F_166 0.000 560.542 10.000
K_167 -16.309 -818.649 10.000
D_168 -16.691 -475.402 7.000
V_169 0.000 613.196 7.000
V_170 0.000 613.196 8.000
V_171 0.000 613.196 4.000
E_172 -16.691 -605.239 7.000
F_173 0.000 560.542 10.000
S_174 -19.059 -90.060 14.000
K_175 -19.059 -818.649 14.000
E_176 -25.772 -605.239 15.000
E_177 -23.258 -605.239 12.000
W_178 -6.358 -203.500 13.000
G_179 0.000 -27.649 9.000
Q_180 -19.866 -643.904 9.000
L_181 0.000 679.918 11.000
D_182 -22.253 -475.402 11.000
S_183 -13.255 -90.060 7.000
A_184 0.000 185.740 10.000
V_185 0.000 613.196 10.000
K_186 -13.255 -818.649 7.000
N_187 -19.866 -507.047 9.000
L_188 0.000 679.918 14.000
Y_189 -13.255 -274.939 15.000
R_190 -27.076 -1015.709 11.000
N_191 -22.253 -507.047 11.000
V_192 0.000 613.196 9.000
M_193 0.000 401.769 8.000
L_194 0.000 679.918 8.000
E_195 -18.409 -605.239 8.000
N_196 -24.169 -507.047 13.000
F_197 0.000 560.542 17.000
R_198 -29.616 -1015.709 13.000
N_199 -24.169 -507.047 13.000
L_200 0.000 679.918 16.000
N_201 -22.253 -507.047 11.000
S_202 -17.811 -90.060 12.000
L_203 0.000 679.918 15.000
R_204 -27.076 -1015.709 11.000
K_205 -16.309 -818.649 10.000
A_206 0.000 185.740 10.000
H_207 -7.426 -583.484 5.000
L_208 0.000 679.918 5.000
L_209 0.000 679.918 8.000
S_210 -11.867 -90.060 6.000
K_211 -11.867 -818.649 6.000
P_212 0.000 -195.996 10.000
F_213 0.000 560.542 10.000
E_214 -16.691 -605.239 7.000
S_215 -16.309 -90.060 10.000
L_216 0.000 679.918 10.000
K_217 -16.309 -818.649 10.000
L_218 0.000 679.918 10.000
E_219 -24.169 -605.239 13.000
S_220 -18.462 -90.060 13.000
K_221 -20.127 -818.649 16.000
K_222 -20.609 -818.649 17.000
K_223 -19.613 -818.649 15.000
R_224 -28.412 -1015.709 12.000
W_225 -5.447 -203.500 9.000
I_226 0.000 777.529 10.000
M_227 0.000 401.769 8.000
E_228 -22.253 -605.239 11.000
K_229 -17.098 -818.649 11.000
E_230 -22.253 -605.239 11.000
I_231 0.000 777.529 12.000
P_232 0.000 -195.996 12.000
R_233 -27.076 -1015.709 11.000
K_234 -17.098 -818.649 11.000
T_235 -17.098 -90.974 11.000
I_236 0.000 777.529 10.000
F_237 0.000 560.542 7.000
D_238 -16.691 -475.402 7.000
M_239 0.000 401.769 10.000
K_240 -16.309 -818.649 10.000
S_241 -15.425 -90.060 9.000
I_242 0.000 777.529 9.000
S_243 -16.309 -90.060 10.000
G_244 0.000 -27.649 11.000
E_245 -25.003 -605.239 14.000
E_246 -25.003 -605.239 14.000
S_247 -20.127 -90.060 16.000
S_248 -17.811 -90.060 12.000
H_249 -9.978 -583.484 8.000
G_250 0.000 -27.649 5.000
V_251 0.000 613.196 2.000
I_252 0.000 777.529 3.000
M_253 0.000 401.769 8.000
T_254 -14.420 -90.974 8.000
R_255 -27.076 -1015.709 11.000
L_256 0.000 679.918 15.000
T_257 -19.613 -90.974 15.000
E_258 -21.132 -605.239 10.000
S_259 -17.811 -90.060 12.000
G_260 0.000 -27.649 9.000
H_261 -9.978 -583.484 8.000
P_262 0.000 -195.996 8.000
S_263 -17.811 -90.060 12.000
S_264 -16.309 -90.060 10.000
D_265 -22.253 -475.402 11.000
A_266 0.000 185.740 11.000
W_267 -5.155 -203.500 8.000
K_268 -14.420 -818.649 8.000
G_269 0.000 -27.649 12.000
E_270 -23.258 -605.239 12.000
N_271 -19.866 -507.047 9.000
W_272 -5.944 -203.500 11.000
L_273 0.000 679.918 12.000
Y_274 -12.104 -274.939 12.000
R_275 -31.716 -1015.709 15.000
N_276 -27.773 -507.047 18.000
Q_277 -28.359 -643.904 19.000
K_278 -19.613 -818.649 15.000
K_279 -19.613 -818.649 15.000
W_280 -5.944 -203.500 11.000
D_281 -23.258 -475.402 12.000
I_282 0.000 777.529 9.000
N_283 -18.409 -507.047 8.000
L_284 0.000 679.918 8.000
P_285 0.000 -195.996 12.000
Q_286 -18.409 -643.904 8.000
E_287 -18.409 -605.239 8.000
A_288 0.000 185.740 8.000
F_289 0.000 560.542 4.000
I_290 0.000 777.529 4.000
P_291 0.000 -195.996 7.000
E_292 -16.691 -605.239 7.000
T_293 -15.425 -90.974 9.000
I_294 0.000 777.529 12.000
Y_295 -12.104 -274.939 12.000
T_296 -18.462 -90.974 13.000
E_297 -27.150 -605.239 17.000
E_298 -28.359 -605.239 19.000
E_299 -26.485 -605.239 16.000
D_300 -26.485 -475.402 16.000
F_301 0.000 560.542 12.000
E_302 -22.253 -605.239 11.000
C_303 0.000 322.480 11.000
S_304 -19.613 -90.060 15.000
E_305 -25.003 -605.239 14.000
N_306 -27.150 -507.047 17.000
K_307 -20.609 -818.649 17.000
K_308 -18.462 -818.649 13.000
S_309 -18.462 -90.060 13.000
F_310 0.000 560.542 10.000
D_311 -22.253 -475.402 11.000
I_312 0.000 777.529 11.000
N_313 -22.253 -507.047 11.000
S_314 -16.309 -90.060 10.000
V_315 0.000 613.196 13.000
S_316 -15.425 -90.060 9.000
S_317 -11.867 -90.060 6.000
I_318 0.000 777.529 6.000
C_319 0.000 322.480 3.000
A_320 0.000 185.740 4.000
I_321 0.000 777.529 4.000
Q_322 -7.878 -643.904 4.000
V_323 0.000 613.196 4.000
G_324 0.000 -27.649 4.000
I_325 0.000 777.529 3.000
P_326 0.000 -195.996 8.000
S_327 -17.098 -90.060 11.000
R_328 -27.076 -1015.709 11.000
K_329 -19.059 -818.649 14.000
G_330 0.000 -27.649 11.000
S_331 -15.425 -90.060 9.000
P_332 0.000 -195.996 6.000
K_333 -16.309 -818.649 10.000
C_334 0.000 322.480 10.000
D_335 -21.132 -475.402 10.000
K_336 -16.309 -818.649 10.000
F_337 0.000 560.542 13.000
K_338 -17.098 -818.649 11.000
T_339 -14.420 -90.974 8.000
Y_340 -11.652 -274.939 11.000
F_341 0.000 560.542 8.000
K_342 -15.425 -818.649 9.000
F_343 0.000 560.542 7.000
N_344 -22.253 -507.047 11.000
L_345 0.000 679.918 11.000
D_346 -22.253 -475.402 11.000
S_347 -13.255 -90.060 7.000
V_348 0.000 613.196 10.000
G_349 0.000 -27.649 10.000
K_350 -15.425 -818.649 9.000
Q_351 -23.258 -643.904 12.000
H_352 -13.586 -583.484 16.000
S_353 -19.613 -90.060 15.000
E_354 -25.772 -605.239 15.000
Y_355 -13.255 -274.939 15.000
E_356 -23.258 -605.239 12.000
Y_357 -12.104 -274.939 12.000
G_358 0.000 -27.649 14.000
N_359 -21.132 -507.047 10.000
D_360 -22.253 -475.402 11.000
L_361 0.000 679.918 11.000
S_362 -16.309 -90.060 10.000
L_363 0.000 679.918 9.000
S_364 -18.462 -90.060 13.000
T_365 -16.309 -90.974 10.000
D_366 -25.772 -475.402 15.000
I_367 0.000 777.529 14.000
R_368 -31.716 -1015.709 15.000
H_369 -12.900 -583.484 14.000
Q_370 -27.150 -643.904 17.000
K_371 -19.059 -818.649 14.000
S_372 -19.613 -90.060 15.000
H_373 -12.900 -583.484 14.000
T_374 -17.098 -90.974 11.000
T_375 -17.811 -90.974 12.000
M_376 0.000 401.769 13.000
N_377 -23.258 -507.047 12.000
S_378 -18.462 -90.060 13.000
Y_379 -12.518 -274.939 13.000
E_380 -22.253 -605.239 11.000
C_381 0.000 322.480 12.000
Y_382 -11.154 -274.939 10.000
Q_383 -14.591 -643.904 6.000
C_384 0.000 322.480 9.000
G_385 0.000 -27.649 7.000
K_386 -4.441 -818.649 3.000
A_387 0.000 185.740 3.000
F_388 0.000 560.542 8.000
C_389 0.000 322.480 8.000
R_390 -27.076 -1015.709 11.000
S_391 -19.059 -90.060 14.000
S_392 -19.059 -90.060 14.000
S_393 -15.425 -90.060 9.000
L_394 0.000 679.918 11.000
I_395 0.000 777.529 10.000
R_396 -27.076 -1015.709 11.000
H_397 -11.652 -583.484 11.000
Q_398 -22.253 -643.904 11.000
I_399 0.000 777.529 8.000
I_400 0.000 777.529 9.000
H_401 -7.426 -583.484 5.000
T_402 -15.425 -90.974 9.000
G_403 0.000 -27.649 12.000
E_404 -21.132 -605.239 10.000
K_405 -15.425 -818.649 9.000
P_406 0.000 -195.996 12.000
Y_407 -9.978 -274.939 8.000
K_408 -14.420 -818.649 8.000
C_409 0.000 322.480 12.000
S_410 -16.309 -90.060 10.000
E_411 -16.691 -605.239 7.000
C_412 0.000 322.480 12.000
G_413 0.000 -27.649 9.000
R_414 -11.867 -1015.709 5.000
F_415 0.000 560.542 9.000
F_416 0.000 560.542 14.000
N_417 -25.003 -507.047 14.000
R_418 -33.508 -1015.709 17.000
R_419 -36.459 -1015.709 21.000
T_420 -20.609 -90.974 17.000
N_421 -25.772 -507.047 15.000
L_422 0.000 679.918 13.000
T_423 -17.811 -90.974 12.000
K_424 -17.811 -818.649 12.000
H_425 -13.255 -583.484 15.000
Q_426 -23.258 -643.904 12.000
K_427 -17.098 -818.649 11.000
L_428 0.000 679.918 9.000
H_429 -10.601 -583.484 9.000
A_430 0.000 185.740 6.000
E_431 -19.866 -605.239 9.000
A_432 0.000 185.740 7.000
K_433 -13.255 -818.649 7.000
A_434 0.000 185.740 6.000
C_435 0.000 322.480 9.000
T_436 -16.309 -90.974 10.000
S_437 -18.462 -90.060 13.000
N_438 -24.169 -507.047 13.000
K_439 -16.309 -818.649 10.000
C_440 0.000 322.480 10.000
G_441 0.000 -27.649 6.000
K_442 -4.441 -818.649 3.000
A_443 0.000 185.740 6.000
F_444 0.000 560.542 9.000
S_445 -15.425 -90.060 9.000
K_446 -18.462 -818.649 13.000
S_447 -20.609 -90.060 17.000
E_448 -27.150 -605.239 17.000
D_449 -27.773 -475.402 18.000
S_450 -21.486 -90.060 19.000
N_451 -25.772 -507.047 15.000
N_452 -25.003 -507.047 14.000
P_453 0.000 -195.996 11.000
T_454 -15.425 -90.974 9.000
L_455 0.000 679.918 5.000
H_456 -7.426 -583.484 5.000
F_457 0.000 560.542 6.000
G_458 0.000 -27.649 10.000
N_459 -18.409 -507.047 8.000
N_460 -21.132 -507.047 10.000
F_461 0.000 560.542 14.000
Y_462 -11.154 -274.939 10.000
Q_463 -14.591 -643.904 6.000
C_464 0.000 322.480 10.000
V_465 0.000 613.196 8.000
N_466 -7.878 -507.047 4.000
C_467 0.000 322.480 7.000
G_468 0.000 -27.649 10.000
K_469 -11.867 -818.649 6.000
S_470 -16.309 -90.060 10.000
F_471 0.000 560.542 15.000
N_472 -25.772 -507.047 15.000
R_473 -31.716 -1015.709 15.000
S_474 -21.060 -90.060 18.000
S_475 -19.059 -90.060 14.000
S_476 -15.425 -90.060 9.000
L_477 0.000 679.918 11.000
I_478 0.000 777.529 10.000
R_479 -27.076 -1015.709 11.000
H_480 -11.652 -583.484 11.000
Q_481 -22.253 -643.904 11.000
M_482 0.000 401.769 8.000
I_483 0.000 777.529 9.000
H_484 -7.426 -583.484 5.000
T_485 -15.425 -90.974 9.000
G_486 0.000 -27.649 12.000
E_487 -21.132 -605.239 10.000
K_488 -13.255 -818.649 7.000
P_489 0.000 -195.996 10.000
F_490 0.000 560.542 6.000
K_491 -11.867 -818.649 6.000
C_492 0.000 322.480 10.000
K_493 -16.309 -818.649 10.000
E_494 -21.132 -605.239 10.000
C_495 0.000 322.480 13.000
S_496 -16.309 -90.060 10.000
K_497 -11.867 -818.649 6.000
A_498 0.000 185.740 10.000
F_499 0.000 560.542 12.000
N_500 -23.258 -507.047 12.000
R_501 -31.716 -1015.709 15.000
S_502 -21.486 -90.060 19.000
S_503 -19.613 -90.060 15.000
N_504 -21.132 -507.047 10.000
L_505 0.000 679.918 10.000
V_506 0.000 613.196 9.000
K_507 -15.425 -818.649 9.000
H_508 -12.104 -583.484 12.000
Q_509 -23.258 -643.904 12.000
K_510 -17.098 -818.649 11.000
L_511 0.000 679.918 12.000
H_512 -12.518 -583.484 13.000
T_513 -19.059 -90.974 14.000
R_514 -33.508 -1015.709 17.000
D_515 -27.773 -475.402 18.000
K_516 -19.613 -818.649 15.000
S_517 -16.309 -90.060 10.000
