M_1 0.000 401.769 0.000
L_2 0.000 679.918 1.000
P_3 0.000 -195.996 4.000
W_4 -3.436 -203.500 4.000
S_5 -7.878 -90.060 4.000
P_6 0.000 -195.996 9.000
P_7 0.000 -195.996 9.000
R_8 -16.309 -1015.709 6.000
W_9 -4.441 -203.500 6.000
G_10 0.000 -27.649 6.000
A_11 0.000 185.740 1.000
G_12 0.000 -27.649 4.000
P_13 0.000 -195.996 8.000
E_14 -18.409 -605.239 8.000
E_15 -18.409 -605.239 8.000
A_16 0.000 185.740 12.000
P_17 0.000 -195.996 8.000
E_18 -7.878 -605.239 4.000
G_19 0.000 -27.649 4.000
P_20 0.000 -195.996 4.000
G_21 0.000 -27.649 0.000
L_22 0.000 679.918 0.000
P_23 0.000 -195.996 0.000
A_24 0.000 185.740 3.000
G_25 0.000 -27.649 7.000
K_26 -17.098 -818.649 11.000
D_27 -22.253 -475.402 11.000
Q_28 -25.772 -643.904 15.000
G_29 0.000 -27.649 12.000
E_30 -19.866 -605.239 9.000
P_31 0.000 -195.996 8.000
W_32 -5.155 -203.500 8.000
S_33 -7.878 -90.060 4.000
A_34 0.000 185.740 4.000
G_35 0.000 -27.649 7.000
A_36 0.000 185.740 4.000
D_37 -7.878 -475.402 4.000
A_38 0.000 185.740 9.000
P_39 0.000 -195.996 13.000
R_40 -23.856 -1015.709 9.000
E_41 -19.866 -605.239 9.000
L_42 0.000 679.918 12.000
G_43 0.000 -27.649 7.000
T_44 -4.441 -90.974 3.000
P_45 0.000 -195.996 4.000
P_46 0.000 -195.996 8.000
W_47 -5.155 -203.500 8.000
D_48 -18.409 -475.402 8.000
S_49 -17.811 -90.060 12.000
P_50 0.000 -195.996 11.000
Q_51 -16.691 -643.904 7.000
P_52 0.000 -195.996 7.000
P_53 0.000 -195.996 12.000
S_54 -17.098 -90.060 11.000
R_55 -27.076 -1015.709 11.000
S_56 -19.059 -90.060 14.000
P_57 0.000 -195.996 12.000
S_58 -13.255 -90.060 7.000
W_59 -3.990 -203.500 5.000
I_60 0.000 777.529 10.000
W_61 -5.944 -203.500 11.000
R_62 -30.711 -1015.709 14.000
E_63 -25.003 -605.239 14.000
Q_64 -24.169 -643.904 13.000
L_65 0.000 679.918 8.000
L_66 0.000 679.918 4.000
L_67 0.000 679.918 2.000
P_68 0.000 -195.996 4.000
H_69 -6.160 -583.484 4.000
H_70 -6.160 -583.484 4.000
L_71 0.000 679.918 4.000
P_72 0.000 -195.996 2.000
G_73 0.000 -27.649 0.000
P_74 0.000 -195.996 3.000
A_75 0.000 185.740 7.000
T_76 -17.098 -90.974 11.000
E_77 -22.253 -605.239 11.000
Q_78 -22.253 -643.904 11.000
P_79 0.000 -195.996 8.000
P_80 0.000 -195.996 4.000
G_81 0.000 -27.649 0.000
A_82 0.000 185.740 4.000
P_83 0.000 -195.996 4.000
D_84 -19.866 -475.402 9.000
P_85 0.000 -195.996 12.000
R_86 -28.412 -1015.709 12.000
S_87 -17.811 -90.060 12.000
P_88 0.000 -195.996 12.000
Q_89 -16.691 -643.904 7.000
V_90 0.000 613.196 5.000
A_91 0.000 185.740 9.000
W_92 -3.990 -203.500 5.000
E_93 -11.867 -605.239 5.000
V_94 0.000 613.196 5.000
A_95 0.000 185.740 7.000
P_96 0.000 -195.996 8.000
S_97 -14.420 -90.060 8.000
R_98 -27.076 -1015.709 11.000
M_99 0.000 401.769 11.000
T_100 -14.420 -90.974 8.000
P_101 0.000 -195.996 3.000
L_102 0.000 679.918 3.000
A_103 0.000 185.740 1.000
P_104 0.000 -195.996 5.000
W_105 -3.990 -203.500 5.000
D_106 -18.409 -475.402 8.000
P_107 0.000 -195.996 10.000
K_108 -18.462 -818.649 13.000
Y_109 -10.601 -274.939 9.000
E_110 -23.258 -605.239 12.000
A_111 0.000 185.740 9.000
K_112 -13.255 -818.649 7.000
A_113 0.000 185.740 3.000
G_114 0.000 -27.649 8.000
P_115 0.000 -195.996 5.000
R_116 -11.867 -1015.709 5.000
P_117 0.000 -195.996 6.000
V_118 0.000 613.196 6.000
W_119 -0.000 -203.500 1.000
G_120 0.000 -27.649 5.000
A_121 0.000 185.740 5.000
N_122 -16.691 -507.047 7.000
C_123 0.000 322.480 10.000
S_124 -16.309 -90.060 10.000
S_125 -11.867 -90.060 6.000
G_126 0.000 -27.649 9.000
A_127 0.000 185.740 6.000
S_128 -11.867 -90.060 6.000
F_129 0.000 560.542 6.000
S_130 -17.098 -90.060 11.000
G_131 0.000 -27.649 11.000
R_132 -27.076 -1015.709 11.000
T_133 -14.420 -90.974 8.000
L_134 0.000 679.918 10.000
C_135 0.000 322.480 5.000
H_136 -7.426 -583.484 5.000
P_137 0.000 -195.996 5.000
S_138 -11.867 -90.060 6.000
F_139 0.000 560.542 4.000
W_140 -3.436 -203.500 4.000
P_141 0.000 -195.996 3.000
L_142 0.000 679.918 7.000
Y_143 -8.431 -274.939 6.000
E_144 -14.591 -605.239 6.000
A_145 0.000 185.740 9.000
A_146 0.000 185.740 7.000
S_147 -14.420 -90.060 8.000
G_148 0.000 -27.649 8.000
R_149 -21.845 -1015.709 8.000
G_150 0.000 -27.649 10.000
L_151 0.000 679.918 10.000
R_152 -11.867 -1015.709 5.000
P_153 0.000 -195.996 5.000
V_154 0.000 613.196 5.000
A_155 0.000 185.740 0.000
P_156 0.000 -195.996 3.000
A_157 0.000 185.740 3.000
T_158 -10.149 -90.974 5.000
G_159 0.000 -27.649 6.000
H_160 -11.154 -583.484 10.000
W_161 -4.824 -203.500 7.000
N_162 -22.253 -507.047 11.000
G_163 0.000 -27.649 13.000
Q_164 -23.258 -643.904 12.000
Q_165 -18.409 -643.904 8.000
A_166 0.000 185.740 8.000
P_167 0.000 -195.996 8.000
P_168 0.000 -195.996 4.000
D_169 -7.878 -475.402 4.000
A_170 0.000 185.740 4.000
G_171 0.000 -27.649 4.000
F_172 0.000 560.542 0.000
P_173 0.000 -195.996 0.000
V_174 0.000 613.196 0.000
V_175 0.000 613.196 0.000
C_176 0.000 322.480 4.000
C_177 0.000 322.480 8.000
E_178 -18.409 -605.239 8.000
D_179 -18.409 -475.402 8.000
V_180 0.000 613.196 8.000
F_181 0.000 560.542 7.000
L_182 0.000 679.918 7.000
S_183 -13.255 -90.060 7.000
D_184 -16.691 -475.402 7.000
P_185 0.000 -195.996 7.000
L_186 0.000 679.918 4.000
L_187 0.000 679.918 5.000
P_188 0.000 -195.996 5.000
R_189 -23.856 -1015.709 9.000
G_190 0.000 -27.649 14.000
Q_191 -25.003 -643.904 14.000
R_192 -23.856 -1015.709 9.000
V_193 0.000 613.196 9.000
P_194 0.000 -195.996 7.000
L_195 0.000 679.918 2.000
Y_196 -7.426 -274.939 5.000
L_197 0.000 679.918 8.000
S_198 -14.420 -90.060 8.000
K_199 -11.867 -818.649 6.000
A_200 0.000 185.740 10.000
P_201 0.000 -195.996 11.000
Q_202 -18.409 -643.904 8.000
Q_203 -18.409 -643.904 8.000
M_204 0.000 401.769 8.000
M_205 0.000 401.769 7.000
G_206 0.000 -27.649 3.000
S_207 -11.867 -90.060 6.000
L_208 0.000 679.918 6.000
K_209 -11.867 -818.649 6.000
L_210 0.000 679.918 3.000
L_211 0.000 679.918 3.000
P_212 0.000 -195.996 0.000
P_213 0.000 -195.996 0.000
P_214 0.000 -195.996 0.000
P_215 0.000 -195.996 0.000
I_216 0.000 777.529 3.000
M_217 0.000 401.769 3.000
S_218 -14.420 -90.060 8.000
A_219 0.000 185.740 8.000
R_220 -21.845 -1015.709 8.000
V_221 0.000 613.196 5.000
L_222 0.000 679.918 10.000
P_223 0.000 -195.996 5.000
R_224 -21.845 -1015.709 8.000
P_225 0.000 -195.996 8.000
S_226 -17.098 -90.060 11.000
P_227 0.000 -195.996 11.000
S_228 -17.098 -90.060 11.000
R_229 -21.845 -1015.709 8.000
G_230 0.000 -27.649 11.000
P_231 0.000 -195.996 11.000
S_232 -11.867 -90.060 6.000
T_233 -13.255 -90.974 7.000
A_234 0.000 185.740 7.000
W_235 -4.824 -203.500 7.000
L_236 0.000 679.918 4.000
S_237 -7.878 -90.060 4.000
G_238 0.000 -27.649 7.000
P_239 0.000 -195.996 7.000
E_240 -7.878 -605.239 4.000
L_241 0.000 679.918 4.000
I_242 0.000 777.529 4.000
A_243 0.000 185.740 3.000
L_244 0.000 679.918 3.000
T_245 -4.441 -90.974 3.000
G_246 0.000 -27.649 3.000
L_247 0.000 679.918 7.000
L_248 0.000 679.918 4.000
Q_249 -16.691 -643.904 7.000
M_250 0.000 401.769 11.000
S_251 -17.098 -90.060 11.000
Q_252 -22.253 -643.904 11.000
G_253 0.000 -27.649 11.000
E_254 -24.169 -605.239 13.000
P_255 0.000 -195.996 9.000
R_256 -28.412 -1015.709 12.000
P_257 0.000 -195.996 11.000
S_258 -19.059 -90.060 14.000
S_259 -15.425 -90.060 9.000
S_260 -15.425 -90.060 9.000
A_261 0.000 185.740 6.000
V_262 0.000 613.196 3.000
G_263 0.000 -27.649 0.000
P_264 0.000 -195.996 4.000
P_265 0.000 -195.996 6.000
D_266 -19.866 -475.402 9.000
H_267 -12.104 -583.484 12.000
T_268 -20.127 -90.974 16.000
S_269 -17.811 -90.060 12.000
D_270 -21.132 -475.402 10.000
P_271 0.000 -195.996 10.000
P_272 0.000 -195.996 7.000
S_273 -4.441 -90.060 3.000
P_274 0.000 -195.996 3.000
C_275 0.000 322.480 6.000
G_276 0.000 -27.649 3.000
S_277 -11.867 -90.060 6.000
P_278 0.000 -195.996 9.000
S_279 -17.811 -90.060 12.000
S_280 -18.462 -90.060 13.000
S_281 -18.462 -90.060 13.000
Q_282 -21.132 -643.904 10.000
G_283 0.000 -27.649 11.000
A_284 0.000 185.740 8.000
D_285 -16.691 -475.402 7.000
L_286 0.000 679.918 7.000
S_287 -13.255 -90.060 7.000
L_288 0.000 679.918 7.000
P_289 0.000 -195.996 10.000
Q_290 -16.691 -643.904 7.000
T_291 -17.098 -90.974 11.000
P_292 0.000 -195.996 14.000
D_293 -23.258 -475.402 12.000
T_294 -15.425 -90.974 9.000
H_295 -10.601 -583.484 9.000
C_296 0.000 322.480 5.000
P_297 0.000 -195.996 2.000
