M_1 0.000 401.769 4.000
L_2 0.000 679.918 7.000
Q_3 -16.691 -643.904 7.000
T_4 -15.425 -90.974 9.000
L_5 0.000 679.918 13.000
Y_6 -11.652 -274.939 11.000
D_7 -18.409 -475.402 8.000
Y_8 -10.601 -274.939 9.000
F_9 0.000 560.542 8.000
W_10 -5.155 -203.500 8.000
W_11 -5.944 -203.500 11.000
E_12 -22.253 -605.239 11.000
R_13 -27.076 -1015.709 11.000
L_14 0.000 679.918 10.000
W_15 -4.441 -203.500 6.000
L_16 0.000 679.918 1.000
P_17 0.000 -195.996 5.000
V_18 0.000 613.196 4.000
N_19 -16.691 -507.047 7.000
L_20 0.000 679.918 8.000
T_21 -14.420 -90.974 8.000
W_22 -5.155 -203.500 8.000
A_23 0.000 185.740 8.000
D_24 -19.866 -475.402 9.000
L_25 0.000 679.918 12.000
E_26 -27.150 -605.239 17.000
D_27 -27.150 -475.402 17.000
R_28 -33.508 -1015.709 17.000
D_29 -27.773 -475.402 18.000
G_30 0.000 -27.649 14.000
R_31 -27.076 -1015.709 11.000
V_32 0.000 613.196 7.000
Y_33 -11.154 -274.939 10.000
A_34 0.000 185.740 5.000
K_35 -14.420 -818.649 8.000
A_36 0.000 185.740 10.000
S_37 -16.309 -90.060 10.000
D_38 -19.866 -475.402 9.000
L_39 0.000 679.918 9.000
Y_40 -10.601 -274.939 9.000
I_41 0.000 777.529 5.000
T_42 -10.149 -90.974 5.000
L_43 0.000 679.918 3.000
P_44 0.000 -195.996 3.000
L_45 0.000 679.918 0.000
A_46 0.000 185.740 0.000
L_47 0.000 679.918 0.000
L_48 0.000 679.918 0.000
F_49 0.000 560.542 0.000
L_50 0.000 679.918 0.000
I_51 0.000 777.529 5.000
V_52 0.000 613.196 7.000
R_53 -19.414 -1015.709 7.000
Y_54 -9.265 -274.939 7.000
F_55 0.000 560.542 11.000
F_56 0.000 560.542 6.000
E_57 -14.591 -605.239 6.000
L_58 0.000 679.918 6.000
Y_59 -8.431 -274.939 6.000
V_60 0.000 613.196 5.000
A_61 0.000 185.740 5.000
T_62 -4.441 -90.974 3.000
P_63 0.000 -195.996 3.000
L_64 0.000 679.918 3.000
A_65 0.000 185.740 0.000
A_66 0.000 185.740 0.000
L_67 0.000 679.918 4.000
L_68 0.000 679.918 4.000
N_69 -16.691 -507.047 7.000
I_70 0.000 777.529 11.000
K_71 -19.059 -818.649 14.000
E_72 -24.169 -605.239 13.000
K_73 -21.060 -818.649 18.000
T_74 -19.613 -90.974 15.000
R_75 -32.645 -1015.709 16.000
L_76 0.000 679.918 13.000
R_77 -25.574 -1015.709 10.000
A_78 0.000 185.740 5.000
P_79 0.000 -195.996 9.000
P_80 0.000 -195.996 4.000
N_81 -16.691 -507.047 7.000
A_82 0.000 185.740 7.000
T_83 -17.098 -90.974 11.000
L_84 0.000 679.918 9.000
E_85 -19.866 -605.239 9.000
H_86 -9.978 -583.484 8.000
F_87 0.000 560.542 8.000
Y_88 -9.265 -274.939 7.000
L_89 0.000 679.918 8.000
T_90 -14.420 -90.974 8.000
S_91 -15.425 -90.060 9.000
G_92 0.000 -27.649 13.000
K_93 -16.309 -818.649 10.000
Q_94 -21.132 -643.904 10.000
P_95 0.000 -195.996 14.000
K_96 -17.098 -818.649 11.000
Q_97 -22.253 -643.904 11.000
V_98 0.000 613.196 11.000
E_99 -23.258 -605.239 12.000
V_100 0.000 613.196 8.000
E_101 -18.409 -605.239 8.000
L_102 0.000 679.918 7.000
L_103 0.000 679.918 12.000
S_104 -17.811 -90.060 12.000
R_105 -31.716 -1015.709 15.000
Q_106 -25.772 -643.904 15.000
S_107 -17.811 -90.060 12.000
G_108 0.000 -27.649 10.000
L_109 0.000 679.918 6.000
S_110 -14.420 -90.060 8.000
G_111 0.000 -27.649 12.000
R_112 -28.412 -1015.709 12.000
Q_113 -24.169 -643.904 13.000
V_114 0.000 613.196 18.000
E_115 -25.003 -605.239 14.000
R_116 -25.574 -1015.709 10.000
W_117 -6.713 -203.500 15.000
F_118 0.000 560.542 16.000
R_119 -32.645 -1015.709 16.000
R_120 -35.785 -1015.709 20.000
R_121 -38.285 -1015.709 24.000
R_122 -37.706 -1015.709 23.000
N_123 -29.934 -507.047 22.000
Q_124 -29.934 -643.904 22.000
D_125 -27.150 -475.402 17.000
R_126 -32.645 -1015.709 16.000
P_127 0.000 -195.996 12.000
S_128 -14.420 -90.060 8.000
L_129 0.000 679.918 6.000
L_130 0.000 679.918 9.000
K_131 -11.867 -818.649 6.000
K_132 -17.098 -818.649 11.000
F_133 0.000 560.542 15.000
R_134 -28.412 -1015.709 12.000
E_135 -23.258 -605.239 12.000
A_136 0.000 185.740 13.000
S_137 -18.462 -90.060 13.000
W_138 -5.447 -203.500 9.000
R_139 -28.412 -1015.709 12.000
F_140 0.000 560.542 9.000
T_141 -16.309 -90.974 10.000
F_142 0.000 560.542 5.000
Y_143 -7.426 -274.939 5.000
L_144 0.000 679.918 2.000
I_145 0.000 777.529 2.000
A_146 0.000 185.740 0.000
F_147 0.000 560.542 0.000
I_148 0.000 777.529 0.000
A_149 0.000 185.740 0.000
G_150 0.000 -27.649 0.000
M_151 0.000 401.769 0.000
A_152 0.000 185.740 0.000
V_153 0.000 613.196 0.000
I_154 0.000 777.529 4.000
V_155 0.000 613.196 7.000
D_156 -16.691 -475.402 7.000
K_157 -14.420 -818.649 8.000
P_158 0.000 -195.996 8.000
W_159 -4.441 -203.500 6.000
F_160 0.000 560.542 7.000
Y_161 -9.265 -274.939 7.000
D_162 -19.866 -475.402 9.000
M_163 0.000 401.769 12.000
K_164 -16.309 -818.649 10.000
K_165 -13.255 -818.649 7.000
V_166 0.000 613.196 11.000
W_167 -5.155 -203.500 8.000
E_168 -16.691 -605.239 7.000
G_169 0.000 -27.649 7.000
Y_170 -8.431 -274.939 6.000
P_171 0.000 -195.996 6.000
I_172 0.000 777.529 9.000
Q_173 -21.132 -643.904 10.000
S_174 -16.309 -90.060 10.000
T_175 -16.309 -90.974 10.000
I_176 0.000 777.529 9.000
P_177 0.000 -195.996 10.000
S_178 -15.425 -90.060 9.000
Q_179 -21.132 -643.904 10.000
Y_180 -12.104 -274.939 12.000
W_181 -5.944 -203.500 11.000
Y_182 -9.265 -274.939 7.000
Y_183 -7.426 -274.939 5.000
M_184 0.000 401.769 8.000
I_185 0.000 777.529 6.000
E_186 -16.691 -605.239 7.000
L_187 0.000 679.918 7.000
S_188 -15.425 -90.060 9.000
F_189 0.000 560.542 6.000
Y_190 -10.601 -274.939 9.000
W_191 -4.441 -203.500 6.000
S_192 -11.867 -90.060 6.000
L_193 0.000 679.918 4.000
L_194 0.000 679.918 6.000
F_195 0.000 560.542 3.000
S_196 -4.441 -90.060 3.000
I_197 0.000 777.529 6.000
A_198 0.000 185.740 10.000
S_199 -13.255 -90.060 7.000
D_200 -21.132 -475.402 10.000
V_201 0.000 613.196 15.000
K_202 -19.613 -818.649 15.000
R_203 -31.716 -1015.709 15.000
K_204 -19.613 -818.649 15.000
D_205 -25.772 -475.402 15.000
F_206 0.000 560.542 14.000
K_207 -19.613 -818.649 15.000
E_208 -22.253 -605.239 11.000
Q_209 -22.253 -643.904 11.000
I_210 0.000 777.529 10.000
I_211 0.000 777.529 8.000
H_212 -6.160 -583.484 4.000
H_213 -6.160 -583.484 4.000
V_214 0.000 613.196 7.000
A_215 0.000 185.740 5.000
T_216 -4.441 -90.974 3.000
I_217 0.000 777.529 3.000
I_218 0.000 777.529 3.000
L_219 0.000 679.918 3.000
I_220 0.000 777.529 3.000
S_221 -11.867 -90.060 6.000
F_222 0.000 560.542 7.000
S_223 -13.255 -90.060 7.000
W_224 -3.436 -203.500 4.000
F_225 0.000 560.542 8.000
A_226 0.000 185.740 7.000
N_227 -14.591 -507.047 6.000
Y_228 -11.652 -274.939 11.000
I_229 0.000 777.529 11.000
R_230 -19.414 -1015.709 7.000
A_231 0.000 185.740 8.000
G_232 0.000 -27.649 8.000
T_233 -4.441 -90.974 3.000
L_234 0.000 679.918 3.000
I_235 0.000 777.529 3.000
M_236 0.000 401.769 0.000
A_237 0.000 185.740 2.000
L_238 0.000 679.918 6.000
H_239 -10.601 -583.484 9.000
D_240 -23.258 -475.402 12.000
S_241 -20.127 -90.060 16.000
S_242 -20.127 -90.060 16.000
D_243 -23.258 -475.402 12.000
Y_244 -10.601 -274.939 9.000
L_245 0.000 679.918 10.000
L_246 0.000 679.918 9.000
E_247 -16.691 -605.239 7.000
S_248 -16.309 -90.060 10.000
A_249 0.000 185.740 10.000
K_250 -11.867 -818.649 6.000
M_251 0.000 401.769 7.000
F_252 0.000 560.542 9.000
N_253 -14.591 -507.047 6.000
Y_254 -8.431 -274.939 6.000
A_255 0.000 185.740 7.000
G_256 0.000 -27.649 6.000
W_257 -5.155 -203.500 8.000
K_258 -17.098 -818.649 11.000
N_259 -22.253 -507.047 11.000
T_260 -19.059 -90.974 14.000
C_261 0.000 322.480 15.000
N_262 -22.253 -507.047 11.000
N_263 -18.409 -507.047 8.000
I_264 0.000 777.529 8.000
F_265 0.000 560.542 4.000
I_266 0.000 777.529 0.000
V_267 0.000 613.196 0.000
F_268 0.000 560.542 0.000
A_269 0.000 185.740 0.000
I_270 0.000 777.529 0.000
V_271 0.000 613.196 0.000
F_272 0.000 560.542 0.000
I_273 0.000 777.529 3.000
I_274 0.000 777.529 8.000
T_275 -14.420 -90.974 8.000
R_276 -21.845 -1015.709 8.000
L_277 0.000 679.918 8.000
V_278 0.000 613.196 5.000
I_279 0.000 777.529 0.000
L_280 0.000 679.918 0.000
P_281 0.000 -195.996 1.000
F_282 0.000 560.542 1.000
W_283 -0.000 -203.500 1.000
I_284 0.000 777.529 3.000
L_285 0.000 679.918 3.000
H_286 -7.426 -583.484 5.000
C_287 0.000 322.480 5.000
T_288 -10.149 -90.974 5.000
L_289 0.000 679.918 5.000
V_290 0.000 613.196 5.000
Y_291 -1.718 -274.939 2.000
P_292 0.000 -195.996 6.000
L_293 0.000 679.918 6.000
E_294 -14.591 -605.239 6.000
L_295 0.000 679.918 6.000
Y_296 -8.431 -274.939 6.000
P_297 0.000 -195.996 2.000
A_298 0.000 185.740 2.000
F_299 0.000 560.542 0.000
F_300 0.000 560.542 2.000
G_301 0.000 -27.649 4.000
Y_302 -6.160 -274.939 4.000
Y_303 -6.160 -274.939 4.000
F_304 0.000 560.542 8.000
F_305 0.000 560.542 9.000
N_306 -16.691 -507.047 7.000
S_307 -13.255 -90.060 7.000
M_308 0.000 401.769 7.000
M_309 0.000 401.769 3.000
G_310 0.000 -27.649 0.000
V_311 0.000 613.196 4.000
L_312 0.000 679.918 4.000
Q_313 -7.878 -643.904 4.000
L_314 0.000 679.918 6.000
L_315 0.000 679.918 6.000
H_316 -1.718 -583.484 2.000
I_317 0.000 777.529 3.000
F_318 0.000 560.542 3.000
W_319 -2.723 -203.500 3.000
A_320 0.000 185.740 3.000
Y_321 -4.441 -274.939 3.000
L_322 0.000 679.918 2.000
I_323 0.000 777.529 7.000
L_324 0.000 679.918 5.000
R_325 -11.867 -1015.709 5.000
M_326 0.000 401.769 7.000
A_327 0.000 185.740 10.000
H_328 -7.426 -583.484 5.000
K_329 -10.149 -818.649 5.000
F_330 0.000 560.542 8.000
I_331 0.000 777.529 6.000
T_332 -11.867 -90.974 6.000
G_333 0.000 -27.649 6.000
K_334 -11.867 -818.649 6.000
L_335 0.000 679.918 7.000
V_336 0.000 613.196 11.000
E_337 -23.258 -605.239 12.000
D_338 -27.150 -475.402 17.000
E_339 -28.912 -605.239 20.000
R_340 -35.785 -1015.709 20.000
S_341 -22.271 -90.060 21.000
D_342 -29.436 -475.402 21.000
R_343 -35.785 -1015.709 20.000
E_344 -28.912 -605.239 20.000
E_345 -28.912 -605.239 20.000
T_346 -21.060 -90.974 18.000
E_347 -27.150 -605.239 17.000
S_348 -20.609 -90.060 17.000
S_349 -19.059 -90.060 14.000
E_350 -25.003 -605.239 14.000
G_351 0.000 -27.649 15.000
E_352 -23.258 -605.239 12.000
E_353 -18.409 -605.239 8.000
A_354 0.000 185.740 8.000
A_355 0.000 185.740 4.000
A_356 0.000 185.740 0.000
G_357 0.000 -27.649 0.000
G_358 0.000 -27.649 0.000
G_359 0.000 -27.649 3.000
A_360 0.000 185.740 6.000
K_361 -17.098 -818.649 11.000
S_362 -17.098 -90.060 11.000
R_363 -27.076 -1015.709 11.000
P_364 0.000 -195.996 8.000
L_365 0.000 679.918 9.000
A_366 0.000 185.740 4.000
N_367 -14.591 -507.047 6.000
G_368 0.000 -27.649 6.000
H_369 -8.431 -583.484 6.000
P_370 0.000 -195.996 2.000
I_371 0.000 777.529 6.000
L_372 0.000 679.918 8.000
N_373 -23.258 -507.047 12.000
N_374 -25.003 -507.047 14.000
N_375 -28.359 -507.047 19.000
H_376 -14.188 -583.484 18.000
R_377 -34.315 -1015.709 18.000
K_378 -21.060 -818.649 18.000
N_379 -26.485 -507.047 16.000
D_380 -22.253 -475.402 11.000
