M_1 0.000 401.769 4.000
E_2 -7.878 -605.239 4.000
G_3 0.000 -27.649 8.000
L_4 0.000 679.918 12.000
E_5 -18.409 -605.239 8.000
E_6 -23.258 -605.239 12.000
A_7 0.000 185.740 12.000
E_8 -23.258 -605.239 12.000
A_9 0.000 185.740 8.000
N_10 -22.253 -507.047 11.000
C_11 0.000 322.480 7.000
S_12 -13.255 -90.060 7.000
V_13 0.000 613.196 3.000
A_14 0.000 185.740 3.000
F_15 0.000 560.542 4.000
A_16 0.000 185.740 4.000
E_17 -18.409 -605.239 8.000
A_18 0.000 185.740 13.000
Q_19 -25.003 -643.904 14.000
R_20 -25.574 -1015.709 10.000
W_21 -6.542 -203.500 14.000
V_22 0.000 613.196 10.000
E_23 -11.867 -605.239 5.000
A_24 0.000 185.740 7.000
V_25 0.000 613.196 11.000
T_26 -16.309 -90.974 10.000
E_27 -25.003 -605.239 14.000
K_28 -19.059 -818.649 14.000
N_29 -25.772 -507.047 15.000
F_30 0.000 560.542 14.000
E_31 -25.003 -605.239 14.000
T_32 -19.059 -90.974 14.000
K_33 -19.059 -818.649 14.000
D_34 -25.772 -475.402 15.000
F_35 0.000 560.542 12.000
R_36 -28.412 -1015.709 12.000
A_37 0.000 185.740 8.000
S_38 -17.811 -90.060 12.000
L_39 0.000 679.918 11.000
E_40 -22.253 -605.239 11.000
N_41 -18.409 -507.047 8.000
G_42 0.000 -27.649 8.000
V_43 0.000 613.196 4.000
L_44 0.000 679.918 0.000
L_45 0.000 679.918 4.000
C_46 0.000 322.480 4.000
D_47 -7.878 -475.402 4.000
L_48 0.000 679.918 8.000
I_49 0.000 777.529 11.000
N_50 -16.691 -507.047 7.000
K_51 -16.309 -818.649 10.000
L_52 0.000 679.918 10.000
K_53 -11.867 -818.649 6.000
P_54 0.000 -195.996 3.000
G_55 0.000 -27.649 3.000
V_56 0.000 613.196 3.000
I_57 0.000 777.529 6.000
K_58 -11.867 -818.649 6.000
K_59 -16.309 -818.649 10.000
I_60 0.000 777.529 15.000
N_61 -23.258 -507.047 12.000
R_62 -28.412 -1015.709 12.000
L_63 0.000 679.918 15.000
S_64 -17.098 -90.060 11.000
T_65 -11.867 -90.974 6.000
P_66 0.000 -195.996 6.000
I_67 0.000 777.529 3.000
A_68 0.000 185.740 0.000
G_69 0.000 -27.649 4.000
L_70 0.000 679.918 8.000
D_71 -18.409 -475.402 8.000
N_72 -23.258 -507.047 12.000
I_73 0.000 777.529 12.000
N_74 -18.409 -507.047 8.000
V_75 0.000 613.196 4.000
F_76 0.000 560.542 7.000
L_77 0.000 679.918 3.000
K_78 -4.441 -818.649 3.000
A_79 0.000 185.740 7.000
C_80 0.000 322.480 11.000
E_81 -18.409 -605.239 8.000
Q_82 -18.409 -643.904 8.000
I_83 0.000 777.529 8.000
G_84 0.000 -27.649 7.000
L_85 0.000 679.918 7.000
K_86 -13.255 -818.649 7.000
E_87 -22.253 -605.239 11.000
A_88 0.000 185.740 11.000
Q_89 -18.409 -643.904 8.000
L_90 0.000 679.918 6.000
F_91 0.000 560.542 6.000
H_92 -1.718 -583.484 2.000
P_93 0.000 -195.996 6.000
G_94 0.000 -27.649 6.000
D_95 -18.409 -475.402 8.000
L_96 0.000 679.918 12.000
Q_97 -23.258 -643.904 12.000
D_98 -22.253 -475.402 11.000
L_99 0.000 679.918 15.000
S_100 -20.127 -90.060 16.000
N_101 -23.258 -507.047 12.000
R_102 -31.716 -1015.709 15.000
V_103 0.000 613.196 12.000
T_104 -17.098 -90.974 11.000
V_105 0.000 613.196 10.000
K_106 -19.059 -818.649 14.000
Q_107 -25.772 -643.904 15.000
E_108 -27.773 -605.239 18.000
E_109 -28.359 -605.239 19.000
T_110 -21.889 -90.974 20.000
D_111 -29.436 -475.402 21.000
R_112 -33.508 -1015.709 17.000
R_113 -33.508 -1015.709 17.000
V_114 0.000 613.196 17.000
K_115 -17.811 -818.649 12.000
N_116 -16.691 -507.047 7.000
V_117 0.000 613.196 7.000
L_118 0.000 679.918 7.000
I_119 0.000 777.529 3.000
T_120 -10.149 -90.974 5.000
L_121 0.000 679.918 6.000
Y_122 -8.431 -274.939 6.000
W_123 -2.723 -203.500 3.000
L_124 0.000 679.918 8.000
G_125 0.000 -27.649 9.000
R_126 -21.845 -1015.709 8.000
K_127 -17.811 -818.649 12.000
A_128 0.000 185.740 15.000
Q_129 -25.003 -643.904 14.000
S_130 -17.098 -90.060 11.000
N_131 -24.169 -507.047 13.000
P_132 0.000 -195.996 11.000
Y_133 -12.104 -274.939 12.000
Y_134 -9.978 -274.939 8.000
N_135 -18.409 -507.047 8.000
G_136 0.000 -27.649 8.000
P_137 0.000 -195.996 6.000
H_138 -8.431 -583.484 6.000
L_139 0.000 679.918 6.000
N_140 -19.866 -507.047 9.000
L_141 0.000 679.918 7.000
K_142 -13.255 -818.649 7.000
A_143 0.000 185.740 7.000
F_144 0.000 560.542 11.000
E_145 -18.409 -605.239 8.000
N_146 -18.409 -507.047 8.000
L_147 0.000 679.918 8.000
L_148 0.000 679.918 8.000
G_149 0.000 -27.649 4.000
Q_150 -7.878 -643.904 4.000
A_151 0.000 185.740 7.000
L_152 0.000 679.918 10.000
T_153 -11.867 -90.974 6.000
K_154 -11.867 -818.649 6.000
A_155 0.000 185.740 10.000
L_156 0.000 679.918 11.000
E_157 -22.253 -605.239 11.000
D_158 -25.003 -475.402 14.000
S_159 -19.059 -90.060 14.000
S_160 -16.309 -90.060 10.000
F_161 0.000 560.542 9.000
L_162 0.000 679.918 11.000
K_163 -17.098 -818.649 11.000
R_164 -27.076 -1015.709 11.000
S_165 -20.127 -90.060 16.000
G_166 0.000 -27.649 17.000
R_167 -31.716 -1015.709 15.000
D_168 -23.258 -475.402 12.000
S_169 -19.059 -90.060 14.000
G_170 0.000 -27.649 9.000
Y_171 -10.601 -274.939 9.000
G_172 0.000 -27.649 6.000
D_173 -16.691 -475.402 7.000
I_174 0.000 777.529 5.000
W_175 -3.990 -203.500 5.000
C_176 0.000 322.480 5.000
P_177 0.000 -195.996 10.000
E_178 -19.866 -605.239 9.000
R_179 -29.616 -1015.709 13.000
G_180 0.000 -27.649 13.000
E_181 -19.866 -605.239 9.000
F_182 0.000 560.542 4.000
L_183 0.000 679.918 4.000
A_184 0.000 185.740 0.000
P_185 0.000 -195.996 5.000
P_186 0.000 -195.996 7.000
R_187 -23.856 -1015.709 9.000
H_188 -12.104 -583.484 12.000
H_189 -13.896 -583.484 17.000
K_190 -20.127 -818.649 16.000
R_191 -34.315 -1015.709 18.000
E_192 -28.359 -605.239 19.000
D_193 -26.485 -475.402 16.000
S_194 -19.613 -90.060 15.000
F_195 0.000 560.542 14.000
E_196 -21.132 -605.239 10.000
S_197 -17.098 -90.060 11.000
L_198 0.000 679.918 14.000
D_199 -21.132 -475.402 10.000
S_200 -13.255 -90.060 7.000
L_201 0.000 679.918 10.000
G_202 0.000 -27.649 11.000
S_203 -17.098 -90.060 11.000
R_204 -27.076 -1015.709 11.000
S_205 -19.059 -90.060 14.000
L_206 0.000 679.918 14.000
T_207 -15.425 -90.974 9.000
S_208 -15.425 -90.060 9.000
C_209 0.000 322.480 12.000
S_210 -18.462 -90.060 13.000
S_211 -16.309 -90.060 10.000
D_212 -24.169 -475.402 13.000
I_213 0.000 777.529 10.000
T_214 -17.811 -90.974 12.000
L_215 0.000 679.918 8.000
R_216 -21.845 -1015.709 8.000
G_217 0.000 -27.649 10.000
G_218 0.000 -27.649 14.000
R_219 -23.856 -1015.709 9.000
E_220 -19.866 -605.239 9.000
G_221 0.000 -27.649 13.000
F_222 0.000 560.542 11.000
E_223 -22.253 -605.239 11.000
S_224 -19.059 -90.060 14.000
D_225 -27.773 -475.402 18.000
T_226 -20.609 -90.974 17.000
D_227 -27.773 -475.402 18.000
S_228 -19.059 -90.060 14.000
E_229 -25.003 -605.239 14.000
F_230 0.000 560.542 10.000
T_231 -16.309 -90.974 10.000
F_232 0.000 560.542 6.000
K_233 -16.309 -818.649 10.000
M_234 0.000 401.769 11.000
Q_235 -24.169 -643.904 13.000
D_236 -25.003 -475.402 14.000
Y_237 -13.896 -274.939 17.000
N_238 -27.150 -507.047 17.000
K_239 -20.609 -818.649 17.000
D_240 -25.772 -475.402 15.000
D_241 -25.003 -475.402 14.000
M_242 0.000 401.769 13.000
S_243 -19.059 -90.060 14.000
Y_244 -13.255 -274.939 15.000
R_245 -31.716 -1015.709 15.000
R_246 -31.716 -1015.709 15.000
I_247 0.000 777.529 13.000
S_248 -14.420 -90.060 8.000
A_249 0.000 185.740 7.000
V_250 0.000 613.196 7.000
E_251 -16.691 -605.239 7.000
P_252 0.000 -195.996 10.000
K_253 -16.309 -818.649 10.000
T_254 -11.867 -90.974 6.000
A_255 0.000 185.740 6.000
L_256 0.000 679.918 3.000
P_257 0.000 -195.996 4.000
F_258 0.000 560.542 9.000
N_259 -19.866 -507.047 9.000
R_260 -23.856 -1015.709 9.000
F_261 0.000 560.542 9.000
L_262 0.000 679.918 9.000
P_263 0.000 -195.996 7.000
N_264 -21.132 -507.047 10.000
K_265 -19.613 -818.649 15.000
S_266 -21.486 -90.060 19.000
R_267 -31.716 -1015.709 15.000
Q_268 -25.772 -643.904 15.000
P_269 0.000 -195.996 14.000
S_270 -15.425 -90.060 9.000
Y_271 -7.426 -274.939 5.000
V_272 0.000 613.196 5.000
P_273 0.000 -195.996 2.000
A_274 0.000 185.740 0.000
P_275 0.000 -195.996 5.000
L_276 0.000 679.918 8.000
R_277 -27.076 -1015.709 11.000
K_278 -19.059 -818.649 14.000
K_279 -19.059 -818.649 14.000
K_280 -18.462 -818.649 13.000
P_281 0.000 -195.996 13.000
D_282 -23.258 -475.402 12.000
K_283 -18.462 -818.649 13.000
H_284 -13.896 -583.484 17.000
E_285 -27.150 -605.239 17.000
D_286 -28.359 -475.402 19.000
N_287 -29.934 -507.047 22.000
R_288 -36.459 -1015.709 21.000
R_289 -34.315 -1015.709 18.000
S_290 -19.059 -90.060 14.000
W_291 -6.160 -203.500 12.000
A_292 0.000 185.740 7.000
S_293 -7.878 -90.060 4.000
P_294 0.000 -195.996 5.000
V_295 0.000 613.196 8.000
Y_296 -10.601 -274.939 9.000
T_297 -15.425 -90.974 9.000
E_298 -24.169 -605.239 13.000
A_299 0.000 185.740 11.000
D_300 -22.253 -475.402 11.000
G_301 0.000 -27.649 7.000
T_302 -16.309 -90.974 10.000
F_303 0.000 560.542 9.000
S_304 -18.462 -90.060 13.000
S_305 -19.059 -90.060 14.000
N_306 -28.359 -507.047 19.000
Q_307 -29.436 -643.904 21.000
R_308 -34.315 -1015.709 18.000
R_309 -31.716 -1015.709 15.000
I_310 0.000 777.529 11.000
W_311 -5.447 -203.500 9.000
G_312 0.000 -27.649 8.000
T_313 -14.420 -90.974 8.000
N_314 -22.253 -507.047 11.000
V_315 0.000 613.196 15.000
E_316 -24.169 -605.239 13.000
N_317 -19.866 -507.047 9.000
W_318 -6.160 -203.500 12.000
P_319 0.000 -195.996 8.000
T_320 -14.420 -90.974 8.000
V_321 0.000 613.196 7.000
Q_322 -21.132 -643.904 10.000
G_323 0.000 -27.649 10.000
T_324 -18.462 -90.974 13.000
S_325 -17.811 -90.060 12.000
K_326 -19.613 -818.649 15.000
S_327 -17.811 -90.060 12.000
S_328 -17.098 -90.060 11.000
C_329 0.000 322.480 8.000
Y_330 -10.601 -274.939 9.000
L_331 0.000 679.918 10.000
E_332 -25.003 -605.239 14.000
E_333 -25.772 -605.239 15.000
E_334 -25.772 -605.239 15.000
K_335 -19.059 -818.649 14.000
A_336 0.000 185.740 13.000
K_337 -19.059 -818.649 14.000
T_338 -19.059 -90.974 14.000
R_339 -30.711 -1015.709 14.000
S_340 -17.098 -90.060 11.000
I_341 0.000 777.529 12.000
P_342 0.000 -195.996 7.000
N_343 -7.878 -507.047 4.000
I_344 0.000 777.529 7.000
V_345 0.000 613.196 11.000
K_346 -17.098 -818.649 11.000
D_347 -22.253 -475.402 11.000
D_348 -24.169 -475.402 13.000
L_349 0.000 679.918 10.000
Y_350 -11.652 -274.939 11.000
V_351 0.000 613.196 10.000
R_352 -25.574 -1015.709 10.000
K_353 -17.098 -818.649 11.000
L_354 0.000 679.918 11.000
S_355 -11.867 -90.060 6.000
P_356 0.000 -195.996 3.000
V_357 0.000 613.196 3.000
M_358 0.000 401.769 4.000
P_359 0.000 -195.996 4.000
N_360 -7.878 -507.047 4.000
P_361 0.000 -195.996 8.000
G_362 0.000 -27.649 8.000
N_363 -7.878 -507.047 4.000
A_364 0.000 185.740 8.000
F_365 0.000 560.542 12.000
D_366 -18.409 -475.402 8.000
Q_367 -18.409 -643.904 8.000
F_368 0.000 560.542 8.000
L_369 0.000 679.918 7.000
P_370 0.000 -195.996 3.000
K_371 -7.878 -818.649 4.000
C_372 0.000 322.480 7.000
W_373 -4.824 -203.500 7.000
T_374 -14.420 -90.974 8.000
P_375 0.000 -195.996 12.000
E_376 -22.253 -605.239 11.000
D_377 -23.258 -475.402 12.000
V_378 0.000 613.196 13.000
N_379 -23.258 -507.047 12.000
W_380 -6.358 -203.500 13.000
K_381 -18.462 -818.649 13.000
R_382 -28.412 -1015.709 12.000
I_383 0.000 777.529 16.000
K_384 -20.609 -818.649 17.000
R_385 -31.716 -1015.709 15.000
E_386 -27.150 -605.239 17.000
T_387 -20.609 -90.974 17.000
Y_388 -12.104 -274.939 12.000
K_389 -15.425 -818.649 9.000
P_390 0.000 -195.996 8.000
W_391 -5.447 -203.500 9.000
Y_392 -11.154 -274.939 10.000
K_393 -16.309 -818.649 10.000
E_394 -24.169 -605.239 13.000
F_395 0.000 560.542 11.000
Q_396 -18.409 -643.904 8.000
G_397 0.000 -27.649 7.000
F_398 0.000 560.542 11.000
S_399 -13.255 -90.060 7.000
Q_400 -16.691 -643.904 7.000
F_401 0.000 560.542 7.000
L_402 0.000 679.918 4.000
L_403 0.000 679.918 4.000
L_404 0.000 679.918 4.000
Q_405 -7.878 -643.904 4.000
A_406 0.000 185.740 8.000
L_407 0.000 679.918 11.000
Q_408 -19.866 -643.904 9.000
T_409 -17.811 -90.974 12.000
Y_410 -13.586 -274.939 16.000
S_411 -20.127 -90.060 16.000
D_412 -24.169 -475.402 13.000
D_413 -22.253 -475.402 11.000
I_414 0.000 777.529 11.000
L_415 0.000 679.918 10.000
S_416 -16.309 -90.060 10.000
S_417 -18.462 -90.060 13.000
E_418 -25.772 -605.239 15.000
T_419 -19.613 -90.974 15.000
H_420 -13.255 -583.484 15.000
T_421 -17.098 -90.974 11.000
K_422 -17.811 -818.649 12.000
I_423 0.000 777.529 10.000
D_424 -21.132 -475.402 10.000
P_425 0.000 -195.996 10.000
T_426 -16.309 -90.974 10.000
S_427 -11.867 -90.060 6.000
G_428 0.000 -27.649 11.000
P_429 0.000 -195.996 8.000
R_430 -11.867 -1015.709 5.000
L_431 0.000 679.918 8.000
I_432 0.000 777.529 13.000
T_433 -18.462 -90.974 13.000
R_434 -32.645 -1015.709 16.000
R_435 -35.785 -1015.709 20.000
K_436 -20.609 -818.649 17.000
N_437 -25.772 -507.047 15.000
L_438 0.000 679.918 12.000
S_439 -15.425 -90.060 9.000
Y_440 -7.426 -274.939 5.000
A_441 0.000 185.740 5.000
P_442 0.000 -195.996 4.000
G_443 0.000 -27.649 7.000
Y_444 -12.104 -274.939 12.000
R_445 -32.645 -1015.709 16.000
R_446 -35.785 -1015.709 20.000
D_447 -27.773 -475.402 18.000
D_448 -27.150 -475.402 17.000
L_449 0.000 679.918 12.000
E_450 -18.409 -605.239 8.000
M_451 0.000 401.769 4.000
A_452 0.000 185.740 4.000
A_453 0.000 185.740 4.000
L_454 0.000 679.918 4.000
D_455 -18.409 -475.402 8.000
P_456 0.000 -195.996 8.000
D_457 -23.258 -475.402 12.000
L_458 0.000 679.918 12.000
E_459 -26.485 -605.239 16.000
N_460 -26.485 -507.047 16.000
D_461 -26.485 -475.402 16.000
D_462 -23.258 -475.402 12.000
F_463 0.000 560.542 8.000
F_464 0.000 560.542 9.000
V_465 0.000 613.196 8.000
R_466 -27.076 -1015.709 11.000
K_467 -17.098 -818.649 11.000
T_468 -17.098 -90.974 11.000
G_469 0.000 -27.649 6.000
A_470 0.000 185.740 5.000
F_471 0.000 560.542 2.000
H_472 -8.431 -583.484 6.000
A_473 0.000 185.740 6.000
N_474 -18.409 -507.047 8.000
P_475 0.000 -195.996 6.000
Y_476 -8.431 -274.939 6.000
V_477 0.000 613.196 7.000
L_478 0.000 679.918 7.000
R_479 -11.867 -1015.709 5.000
A_480 0.000 185.740 9.000
F_481 0.000 560.542 13.000
E_482 -18.409 -605.239 8.000
D_483 -24.169 -475.402 13.000
F_484 0.000 560.542 16.000
R_485 -28.412 -1015.709 12.000
K_486 -17.098 -818.649 11.000
F_487 0.000 560.542 15.000
S_488 -19.059 -90.060 14.000
E_489 -25.772 -605.239 15.000
Q_490 -28.359 -643.904 19.000
D_491 -28.359 -475.402 19.000
D_492 -25.772 -475.402 15.000
S_493 -19.613 -90.060 15.000
V_494 0.000 613.196 16.000
E_495 -26.485 -605.239 16.000
R_496 -29.616 -1015.709 13.000
D_497 -24.169 -475.402 13.000
I_498 0.000 777.529 9.000
I_499 0.000 777.529 8.000
L_500 0.000 679.918 4.000
Q_501 -19.866 -643.904 9.000
C_502 0.000 322.480 13.000
R_503 -29.616 -1015.709 13.000
E_504 -24.169 -605.239 13.000
G_505 0.000 -27.649 13.000
E_506 -18.409 -605.239 8.000
L_507 0.000 679.918 4.000
V_508 0.000 613.196 4.000
L_509 0.000 679.918 4.000
P_510 0.000 -195.996 4.000
D_511 -18.409 -475.402 8.000
L_512 0.000 679.918 11.000
E_513 -25.772 -605.239 15.000
K_514 -19.613 -818.649 15.000
D_515 -25.772 -475.402 15.000
D_516 -22.253 -475.402 11.000
M_517 0.000 401.769 8.000
I_518 0.000 777.529 9.000
V_519 0.000 613.196 10.000
R_520 -25.574 -1015.709 10.000
R_521 -25.574 -1015.709 10.000
I_522 0.000 777.529 10.000
P_523 0.000 -195.996 9.000
A_524 0.000 185.740 7.000
Q_525 -21.132 -643.904 10.000
K_526 -19.059 -818.649 14.000
K_527 -19.059 -818.649 14.000
E_528 -21.132 -605.239 10.000
V_529 0.000 613.196 7.000
P_530 0.000 -195.996 7.000
L_531 0.000 679.918 3.000
S_532 -4.441 -90.060 3.000
G_533 0.000 -27.649 3.000
A_534 0.000 185.740 7.000
P_535 0.000 -195.996 9.000
D_536 -22.253 -475.402 11.000
R_537 -29.616 -1015.709 13.000
Y_538 -12.518 -274.939 13.000
H_539 -10.601 -583.484 9.000
P_540 0.000 -195.996 4.000
V_541 0.000 613.196 2.000
P_542 0.000 -195.996 0.000
F_543 0.000 560.542 4.000
P_544 0.000 -195.996 4.000
E_545 -11.867 -605.239 5.000
P_546 0.000 -195.996 8.000
W_547 -5.155 -203.500 8.000
T_548 -7.878 -90.974 4.000
L_549 0.000 679.918 4.000
P_550 0.000 -195.996 7.000
P_551 0.000 -195.996 4.000
E_552 -18.409 -605.239 8.000
I_553 0.000 777.529 8.000
Q_554 -22.253 -643.904 11.000
A_555 0.000 185.740 7.000
K_556 -13.255 -818.649 7.000
F_557 0.000 560.542 3.000
L_558 0.000 679.918 3.000
C_559 0.000 322.480 0.000
V_560 0.000 613.196 4.000
L_561 0.000 679.918 9.000
E_562 -23.258 -605.239 12.000
R_563 -28.412 -1015.709 12.000
T_564 -17.811 -90.974 12.000
C_565 0.000 322.480 11.000
P_566 0.000 -195.996 9.000
S_567 -16.309 -90.060 10.000
K_568 -18.462 -818.649 13.000
E_569 -26.485 -605.239 16.000
K_570 -20.609 -818.649 17.000
S_571 -20.609 -90.060 17.000
N_572 -24.169 -507.047 13.000
S_573 -19.613 -90.060 15.000
C_574 0.000 322.480 12.000
R_575 -21.845 -1015.709 8.000
I_576 0.000 777.529 5.000
L_577 0.000 679.918 5.000
V_578 0.000 613.196 3.000
P_579 0.000 -195.996 5.000
S_580 -16.309 -90.060 10.000
Y_581 -12.900 -274.939 14.000
R_582 -33.508 -1015.709 17.000
Q_583 -27.150 -643.904 17.000
K_584 -21.486 -818.649 19.000
K_585 -21.060 -818.649 18.000
D_586 -25.003 -475.402 14.000
D_587 -22.253 -475.402 11.000
M_588 0.000 401.769 11.000
L_589 0.000 679.918 12.000
T_590 -17.098 -90.974 11.000
R_591 -27.076 -1015.709 11.000
K_592 -19.613 -818.649 15.000
I_593 0.000 777.529 15.000
Q_594 -22.253 -643.904 11.000
S_595 -17.098 -90.060 11.000
W_596 -5.944 -203.500 11.000
K_597 -13.255 -818.649 7.000
L_598 0.000 679.918 7.000
G_599 0.000 -27.649 9.000
T_600 -11.867 -90.974 6.000
T_601 -11.867 -90.974 6.000
V_602 0.000 613.196 6.000
P_603 0.000 -195.996 3.000
P_604 0.000 -195.996 3.000
I_605 0.000 777.529 3.000
S_606 -11.867 -90.060 6.000
F_607 0.000 560.542 6.000
T_608 -11.867 -90.974 6.000
P_609 0.000 -195.996 3.000
G_610 0.000 -27.649 3.000
P_611 0.000 -195.996 3.000
C_612 0.000 322.480 7.000
S_613 -13.255 -90.060 7.000
E_614 -22.253 -605.239 11.000
A_615 0.000 185.740 11.000
D_616 -22.253 -475.402 11.000
L_617 0.000 679.918 12.000
K_618 -18.462 -818.649 13.000
R_619 -29.616 -1015.709 13.000
W_620 -6.358 -203.500 13.000
E_621 -21.132 -605.239 10.000
A_622 0.000 185.740 10.000
I_623 0.000 777.529 13.000
R_624 -23.856 -1015.709 9.000
E_625 -23.258 -605.239 12.000
A_626 0.000 185.740 17.000
S_627 -17.811 -90.060 12.000
R_628 -29.616 -1015.709 13.000
L_629 0.000 679.918 15.000
R_630 -31.716 -1015.709 15.000
H_631 -12.518 -583.484 13.000
K_632 -21.060 -818.649 18.000
K_633 -18.462 -818.649 13.000
R_634 -27.076 -1015.709 11.000
L_635 0.000 679.918 8.000
M_636 0.000 401.769 9.000
V_637 0.000 613.196 9.000
E_638 -19.866 -605.239 9.000
R_639 -23.856 -1015.709 9.000
L_640 0.000 679.918 13.000
F_641 0.000 560.542 12.000
Q_642 -16.691 -643.904 7.000
K_643 -15.425 -818.649 9.000
I_644 0.000 777.529 9.000
Y_645 -10.601 -274.939 9.000
G_646 0.000 -27.649 10.000
E_647 -21.132 -605.239 10.000
N_648 -22.253 -507.047 11.000
G_649 0.000 -27.649 14.000
S_650 -18.462 -90.060 13.000
K_651 -15.425 -818.649 9.000
S_652 -17.811 -90.060 12.000
M_653 0.000 401.769 13.000
S_654 -16.309 -90.060 10.000
D_655 -21.132 -475.402 10.000
V_656 0.000 613.196 10.000
S_657 -17.098 -90.060 11.000
A_658 0.000 185.740 11.000
E_659 -22.253 -605.239 11.000
D_660 -23.258 -475.402 12.000
V_661 0.000 613.196 16.000
Q_662 -23.258 -643.904 12.000
N_663 -24.169 -507.047 13.000
L_664 0.000 679.918 17.000
R_665 -29.616 -1015.709 13.000
Q_666 -25.003 -643.904 14.000
L_667 0.000 679.918 16.000
R_668 -31.716 -1015.709 15.000
Y_669 -13.255 -274.939 15.000
E_670 -25.772 -605.239 15.000
E_671 -25.003 -605.239 14.000
M_672 0.000 401.769 15.000
Q_673 -22.253 -643.904 11.000
K_674 -16.309 -818.649 10.000
I_675 0.000 777.529 13.000
K_676 -18.462 -818.649 13.000
S_677 -16.309 -90.060 10.000
Q_678 -24.169 -643.904 13.000
L_679 0.000 679.918 14.000
K_680 -19.613 -818.649 15.000
E_681 -25.772 -605.239 15.000
Q_682 -28.359 -643.904 19.000
D_683 -28.359 -475.402 19.000
Q_684 -26.485 -643.904 16.000
K_685 -20.127 -818.649 16.000
W_686 -6.873 -203.500 16.000
Q_687 -26.485 -643.904 16.000
D_688 -24.169 -475.402 13.000
D_689 -23.258 -475.402 12.000
L_690 0.000 679.918 11.000
A_691 0.000 185.740 8.000
K_692 -13.255 -818.649 7.000
W_693 -5.944 -203.500 11.000
K_694 -20.127 -818.649 16.000
D_695 -27.773 -475.402 18.000
R_696 -35.785 -1015.709 20.000
R_697 -35.785 -1015.709 20.000
K_698 -21.060 -818.649 18.000
S_699 -20.127 -90.060 16.000
Y_700 -12.900 -274.939 14.000
T_701 -19.613 -90.974 15.000
S_702 -17.811 -90.060 12.000
D_703 -25.003 -475.402 14.000
L_704 0.000 679.918 14.000
Q_705 -25.003 -643.904 14.000
K_706 -18.462 -818.649 13.000
K_707 -20.609 -818.649 17.000
K_708 -20.609 -818.649 17.000
E_709 -28.359 -605.239 19.000
E_710 -28.912 -605.239 20.000
R_711 -36.459 -1015.709 21.000
E_712 -27.150 -605.239 17.000
E_713 -27.150 -605.239 17.000
I_714 0.000 777.529 15.000
E_715 -25.772 -605.239 15.000
K_716 -17.098 -818.649 11.000
Q_717 -22.253 -643.904 11.000
A_718 0.000 185.740 11.000
L_719 0.000 679.918 11.000
E_720 -21.132 -605.239 10.000
K_721 -18.462 -818.649 13.000
S_722 -21.060 -90.060 18.000
K_723 -20.609 -818.649 17.000
R_724 -33.508 -1015.709 17.000
S_725 -20.609 -90.060 17.000
S_726 -20.609 -90.060 17.000
K_727 -17.811 -818.649 12.000
T_728 -17.811 -90.974 12.000
F_729 0.000 560.542 13.000
K_730 -16.309 -818.649 10.000
E_731 -16.691 -605.239 7.000
M_732 0.000 401.769 11.000
L_733 0.000 679.918 12.000
Q_734 -24.169 -643.904 13.000
D_735 -27.150 -475.402 17.000
R_736 -35.785 -1015.709 20.000
E_737 -28.912 -605.239 20.000
S_738 -21.889 -90.060 20.000
Q_739 -28.359 -643.904 19.000
N_740 -27.773 -507.047 18.000
Q_741 -27.773 -643.904 18.000
K_742 -20.609 -818.649 17.000
S_743 -18.462 -90.060 13.000
T_744 -15.425 -90.974 9.000
V_745 0.000 613.196 9.000
P_746 0.000 -195.996 11.000
S_747 -18.462 -90.060 13.000
R_748 -34.315 -1015.709 18.000
R_749 -34.315 -1015.709 18.000
R_750 -33.508 -1015.709 17.000
M_751 0.000 401.769 15.000
Y_752 -11.154 -274.939 10.000
S_753 -15.425 -90.060 9.000
F_754 0.000 560.542 13.000
D_755 -22.253 -475.402 11.000
D_756 -18.409 -475.402 8.000
V_757 0.000 613.196 12.000
L_758 0.000 679.918 12.000
E_759 -18.409 -605.239 8.000
E_760 -22.253 -605.239 11.000
G_761 0.000 -27.649 16.000
K_762 -17.811 -818.649 12.000
R_763 -21.845 -1015.709 8.000
P_764 0.000 -195.996 11.000
P_765 0.000 -195.996 8.000
T_766 -11.867 -90.974 6.000
M_767 0.000 401.769 6.000
T_768 -15.425 -90.974 9.000
V_769 0.000 613.196 10.000
S_770 -16.309 -90.060 10.000
E_771 -21.132 -605.239 10.000
A_772 0.000 185.740 12.000
S_773 -18.462 -90.060 13.000
Y_774 -12.104 -274.939 12.000
Q_775 -26.485 -643.904 16.000
S_776 -21.060 -90.060 18.000
E_777 -26.485 -605.239 16.000
R_778 -32.645 -1015.709 16.000
V_779 0.000 613.196 17.000
E_780 -26.485 -605.239 16.000
E_781 -22.253 -605.239 11.000
K_782 -17.098 -818.649 11.000
G_783 0.000 -27.649 10.000
A_784 0.000 185.740 8.000
T_785 -10.149 -90.974 5.000
Y_786 -9.978 -274.939 8.000
P_787 0.000 -195.996 12.000
S_788 -15.425 -90.060 9.000
E_789 -16.691 -605.239 7.000
I_790 0.000 777.529 10.000
P_791 0.000 -195.996 11.000
K_792 -17.098 -818.649 11.000
E_793 -25.003 -605.239 14.000
D_794 -27.150 -475.402 17.000
S_795 -20.609 -90.060 17.000
T_796 -18.462 -90.974 13.000
T_797 -15.425 -90.974 9.000
F_798 0.000 560.542 9.000
A_799 0.000 185.740 11.000
K_800 -17.811 -818.649 12.000
R_801 -32.645 -1015.709 16.000
E_802 -29.436 -605.239 21.000
D_803 -27.773 -475.402 18.000
R_804 -32.645 -1015.709 16.000
V_805 0.000 613.196 15.000
T_806 -19.613 -90.974 15.000
T_807 -16.309 -90.974 10.000
E_808 -25.003 -605.239 14.000
I_809 0.000 777.529 11.000
Q_810 -18.409 -643.904 8.000
L_811 0.000 679.918 7.000
P_812 0.000 -195.996 11.000
S_813 -16.309 -90.060 10.000
Q_814 -21.132 -643.904 10.000
S_815 -16.309 -90.060 10.000
P_816 0.000 -195.996 11.000
V_817 0.000 613.196 11.000
E_818 -23.258 -605.239 12.000
E_819 -25.772 -605.239 15.000
Q_820 -25.772 -643.904 15.000
S_821 -17.098 -90.060 11.000
P_822 0.000 -195.996 10.000
A_823 0.000 185.740 6.000
S_824 -11.867 -90.060 6.000
L_825 0.000 679.918 9.000
S_826 -15.425 -90.060 9.000
S_827 -17.098 -90.060 11.000
L_828 0.000 679.918 14.000
R_829 -32.645 -1015.709 16.000
S_830 -20.127 -90.060 16.000
R_831 -35.072 -1015.709 19.000
S_832 -21.060 -90.060 18.000
T_833 -19.613 -90.974 15.000
Q_834 -25.003 -643.904 14.000
M_835 0.000 401.769 14.000
E_836 -25.003 -605.239 14.000
S_837 -19.613 -90.060 15.000
T_838 -19.613 -90.974 15.000
R_839 -30.711 -1015.709 14.000
V_840 0.000 613.196 11.000
S_841 -17.098 -90.060 11.000
A_842 0.000 185.740 6.000
S_843 -11.867 -90.060 6.000
L_844 0.000 679.918 8.000
P_845 0.000 -195.996 11.000
R_846 -25.574 -1015.709 10.000
S_847 -19.613 -90.060 15.000
Y_848 -14.188 -274.939 18.000
R_849 -32.645 -1015.709 16.000
K_850 -20.609 -818.649 17.000
T_851 -21.060 -90.974 18.000
D_852 -24.169 -475.402 13.000
T_853 -19.613 -90.974 15.000
V_854 0.000 613.196 12.000
R_855 -27.076 -1015.709 11.000
L_856 0.000 679.918 11.000
T_857 -17.098 -90.974 11.000
S_858 -11.867 -90.060 6.000
V_859 0.000 613.196 9.000
V_860 0.000 613.196 6.000
T_861 -14.420 -90.974 8.000
P_862 0.000 -195.996 8.000
R_863 -21.845 -1015.709 8.000
P_864 0.000 -195.996 5.000
F_865 0.000 560.542 8.000
G_866 0.000 -27.649 7.000
S_867 -16.309 -90.060 10.000
Q_868 -25.772 -643.904 15.000
T_869 -19.613 -90.974 15.000
R_870 -28.412 -1015.709 12.000
G_871 0.000 -27.649 11.000
I_872 0.000 777.529 11.000
S_873 -11.867 -90.060 6.000
S_874 -11.867 -90.060 6.000
L_875 0.000 679.918 11.000
P_876 0.000 -195.996 11.000
R_877 -25.574 -1015.709 10.000
S_878 -18.462 -90.060 13.000
Y_879 -12.518 -274.939 13.000
T_880 -17.811 -90.974 12.000
M_881 0.000 401.769 13.000
D_882 -22.253 -475.402 11.000
D_883 -19.866 -475.402 9.000
A_884 0.000 185.740 12.000
W_885 -5.708 -203.500 10.000
K_886 -16.309 -818.649 10.000
Y_887 -11.154 -274.939 10.000
N_888 -24.169 -507.047 13.000
G_889 0.000 -27.649 10.000
D_890 -23.258 -475.402 12.000
V_891 0.000 613.196 12.000
E_892 -23.258 -605.239 12.000
D_893 -22.253 -475.402 11.000
I_894 0.000 777.529 16.000
K_895 -19.613 -818.649 15.000
R_896 -27.076 -1015.709 11.000
T_897 -19.613 -90.974 15.000
P_898 0.000 -195.996 16.000
N_899 -22.253 -507.047 11.000
N_900 -18.409 -507.047 8.000
V_901 0.000 613.196 11.000
V_902 0.000 613.196 10.000
S_903 -11.867 -90.060 6.000
T_904 -11.867 -90.974 6.000
P_905 0.000 -195.996 6.000
A_906 0.000 185.740 6.000
P_907 0.000 -195.996 3.000
S_908 -13.255 -90.060 7.000
P_909 0.000 -195.996 7.000
D_910 -21.132 -475.402 10.000
A_911 0.000 185.740 11.000
S_912 -17.098 -90.060 11.000
Q_913 -16.691 -643.904 7.000
L_914 0.000 679.918 10.000
A_915 0.000 185.740 10.000
S_916 -11.867 -90.060 6.000
S_917 -15.425 -90.060 9.000
L_918 0.000 679.918 12.000
S_919 -18.462 -90.060 13.000
S_920 -18.462 -90.060 13.000
Q_921 -27.150 -643.904 17.000
K_922 -19.059 -818.649 14.000
E_923 -22.253 -605.239 11.000
V_924 0.000 613.196 7.000
A_925 0.000 185.740 7.000
A_926 0.000 185.740 7.000
T_927 -17.098 -90.974 11.000
E_928 -25.772 -605.239 15.000
E_929 -25.772 -605.239 15.000
D_930 -25.772 -475.402 15.000
V_931 0.000 613.196 16.000
T_932 -17.811 -90.974 12.000
R_933 -21.845 -1015.709 8.000
L_934 0.000 679.918 11.000
P_935 0.000 -195.996 8.000
S_936 -11.867 -90.060 6.000
P_937 0.000 -195.996 9.000
T_938 -15.425 -90.974 9.000
S_939 -11.867 -90.060 6.000
P_940 0.000 -195.996 9.000
F_941 0.000 560.542 9.000
S_942 -11.867 -90.060 6.000
S_943 -15.425 -90.060 9.000
L_944 0.000 679.918 13.000
S_945 -19.059 -90.060 14.000
Q_946 -25.772 -643.904 15.000
D_947 -25.772 -475.402 15.000
Q_948 -23.258 -643.904 12.000
A_949 0.000 185.740 11.000
A_950 0.000 185.740 10.000
T_951 -15.425 -90.974 9.000
S_952 -15.425 -90.060 9.000
K_953 -17.811 -818.649 12.000
A_954 0.000 185.740 9.000
T_955 -15.425 -90.974 9.000
L_956 0.000 679.918 9.000
S_957 -17.811 -90.060 12.000
S_958 -17.811 -90.060 12.000
T_959 -17.811 -90.974 12.000
S_960 -15.425 -90.060 9.000
G_961 0.000 -27.649 10.000
L_962 0.000 679.918 7.000
D_963 -7.878 -475.402 4.000
L_964 0.000 679.918 7.000
M_965 0.000 401.769 11.000
S_966 -16.309 -90.060 10.000
E_967 -21.132 -605.239 10.000
S_968 -19.059 -90.060 14.000
G_969 0.000 -27.649 11.000
E_970 -22.253 -605.239 11.000
G_971 0.000 -27.649 8.000
E_972 -22.253 -605.239 11.000
I_973 0.000 777.529 7.000
S_974 -17.098 -90.060 11.000
P_975 0.000 -195.996 12.000
Q_976 -26.485 -643.904 16.000
R_977 -29.616 -1015.709 13.000
E_978 -26.485 -605.239 16.000
V_979 0.000 613.196 17.000
S_980 -19.613 -90.060 15.000
R_981 -31.716 -1015.709 15.000
S_982 -21.486 -90.060 19.000
Q_983 -28.912 -643.904 20.000
D_984 -25.772 -475.402 15.000
Q_985 -25.772 -643.904 15.000
F_986 0.000 560.542 15.000
S_987 -17.098 -90.060 11.000
D_988 -23.258 -475.402 12.000
M_989 0.000 401.769 12.000
R_990 -28.412 -1015.709 12.000
I_991 0.000 777.529 8.000
S_992 -17.811 -90.060 12.000
I_993 0.000 777.529 11.000
N_994 -25.003 -507.047 14.000
Q_995 -22.253 -643.904 11.000
T_996 -17.098 -90.974 11.000
P_997 0.000 -195.996 10.000
G_998 0.000 -27.649 9.000
K_999 -11.867 -818.649 6.000
S_1000 -16.309 -90.060 10.000
L_1001 0.000 679.918 10.000
D_1002 -16.691 -475.402 7.000
F_1003 0.000 560.542 4.000
G_1004 0.000 -27.649 7.000
F_1005 0.000 560.542 3.000
T_1006 -11.867 -90.974 6.000
I_1007 0.000 777.529 7.000
K_1008 -17.098 -818.649 11.000
W_1009 -5.155 -203.500 8.000
D_1010 -18.409 -475.402 8.000
I_1011 0.000 777.529 5.000
P_1012 0.000 -195.996 4.000
G_1013 0.000 -27.649 0.000
I_1014 0.000 777.529 0.000
F_1015 0.000 560.542 0.000
V_1016 0.000 613.196 3.000
A_1017 0.000 185.740 3.000
S_1018 -13.255 -90.060 7.000
V_1019 0.000 613.196 7.000
E_1020 -16.691 -605.239 7.000
A_1021 0.000 185.740 7.000
G_1022 0.000 -27.649 7.000
S_1023 -4.441 -90.060 3.000
P_1024 0.000 -195.996 7.000
A_1025 0.000 185.740 7.000
E_1026 -16.691 -605.239 7.000
F_1027 0.000 560.542 11.000
S_1028 -17.098 -90.060 11.000
Q_1029 -22.253 -643.904 11.000
L_1030 0.000 679.918 11.000
Q_1031 -23.258 -643.904 12.000
V_1032 0.000 613.196 12.000
D_1033 -26.485 -475.402 16.000
D_1034 -23.258 -475.402 12.000
E_1035 -23.258 -605.239 12.000
I_1036 0.000 777.529 8.000
I_1037 0.000 777.529 4.000
A_1038 0.000 185.740 4.000
I_1039 0.000 777.529 8.000
N_1040 -22.253 -507.047 11.000
N_1041 -25.003 -507.047 14.000
T_1042 -19.059 -90.974 14.000
K_1043 -18.462 -818.649 13.000
F_1044 0.000 560.542 11.000
S_1045 -17.811 -90.060 12.000
Y_1046 -12.518 -274.939 13.000
N_1047 -26.485 -507.047 16.000
D_1048 -26.485 -475.402 16.000
S_1049 -21.060 -90.060 18.000
K_1050 -19.613 -818.649 15.000
E_1051 -25.772 -605.239 15.000
W_1052 -6.873 -203.500 16.000
E_1053 -24.169 -605.239 13.000
E_1054 -19.866 -605.239 9.000
A_1055 0.000 185.740 8.000
M_1056 0.000 401.769 7.000
A_1057 0.000 185.740 3.000
K_1058 -13.255 -818.649 7.000
A_1059 0.000 185.740 11.000
Q_1060 -25.003 -643.904 14.000
E_1061 -22.253 -605.239 11.000
T_1062 -18.462 -90.974 13.000
G_1063 0.000 -27.649 9.000
H_1064 -7.426 -583.484 5.000
L_1065 0.000 679.918 2.000
V_1066 0.000 613.196 6.000
M_1067 0.000 401.769 4.000
D_1068 -19.866 -475.402 9.000
V_1069 0.000 613.196 14.000
R_1070 -32.645 -1015.709 16.000
R_1071 -28.412 -1015.709 12.000
Y_1072 -13.255 -274.939 15.000
G_1073 0.000 -27.649 10.000
K_1074 -10.149 -818.649 5.000
A_1075 0.000 185.740 6.000
G_1076 0.000 -27.649 6.000
S_1077 -13.255 -90.060 7.000
P_1078 0.000 -195.996 10.000
E_1079 -24.169 -605.239 13.000
T_1080 -17.098 -90.974 11.000
K_1081 -17.098 -818.649 11.000
W_1082 -5.944 -203.500 11.000
I_1083 0.000 777.529 8.000
D_1084 -18.409 -475.402 8.000
A_1085 0.000 185.740 10.000
T_1086 -16.309 -90.974 10.000
S_1087 -11.867 -90.060 6.000
G_1088 0.000 -27.649 8.000
I_1089 0.000 777.529 9.000
Y_1090 -10.601 -274.939 9.000
N_1091 -24.169 -507.047 13.000
S_1092 -20.127 -90.060 16.000
E_1093 -27.150 -605.239 17.000
K_1094 -20.127 -818.649 16.000
S_1095 -20.609 -90.060 17.000
S_1096 -18.462 -90.060 13.000
N_1097 -24.169 -507.047 13.000
L_1098 0.000 679.918 10.000
S_1099 -16.309 -90.060 10.000
V_1100 0.000 613.196 9.000
T_1101 -18.462 -90.974 13.000
T_1102 -16.309 -90.974 10.000
D_1103 -24.169 -475.402 13.000
F_1104 0.000 560.542 14.000
S_1105 -19.059 -90.060 14.000
E_1106 -21.132 -605.239 10.000
S_1107 -19.059 -90.060 14.000
L_1108 0.000 679.918 14.000
Q_1109 -24.169 -643.904 13.000
S_1110 -19.059 -90.060 14.000
S_1111 -19.059 -90.060 14.000
N_1112 -25.003 -507.047 14.000
I_1113 0.000 777.529 14.000
E_1114 -25.003 -605.239 14.000
S_1115 -19.059 -90.060 14.000
K_1116 -19.059 -818.649 14.000
E_1117 -25.003 -605.239 14.000
I_1118 0.000 777.529 11.000
N_1119 -18.409 -507.047 8.000
G_1120 0.000 -27.649 6.000
I_1121 0.000 777.529 10.000
H_1122 -11.154 -583.484 10.000
D_1123 -24.169 -475.402 13.000
E_1124 -27.150 -605.239 17.000
S_1125 -19.613 -90.060 15.000
N_1126 -22.253 -507.047 11.000
A_1127 0.000 185.740 11.000
F_1128 0.000 560.542 11.000
E_1129 -21.132 -605.239 10.000
S_1130 -16.309 -90.060 10.000
K_1131 -18.462 -818.649 13.000
A_1132 0.000 185.740 13.000
S_1133 -18.462 -90.060 13.000
E_1134 -21.132 -605.239 10.000
S_1135 -18.462 -90.060 13.000
I_1136 0.000 777.529 10.000
S_1137 -15.425 -90.060 9.000
L_1138 0.000 679.918 10.000
K_1139 -16.309 -818.649 10.000
N_1140 -21.132 -507.047 10.000
L_1141 0.000 679.918 15.000
K_1142 -20.609 -818.649 17.000
R_1143 -32.645 -1015.709 16.000
R_1144 -35.785 -1015.709 20.000
S_1145 -20.609 -90.060 17.000
Q_1146 -23.258 -643.904 12.000
F_1147 0.000 560.542 11.000
F_1148 0.000 560.542 12.000
E_1149 -18.409 -605.239 8.000
Q_1150 -22.253 -643.904 11.000
G_1151 0.000 -27.649 14.000
S_1152 -19.059 -90.060 14.000
S_1153 -18.462 -90.060 13.000
D_1154 -24.169 -475.402 13.000
S_1155 -16.309 -90.060 10.000
V_1156 0.000 613.196 7.000
V_1157 0.000 613.196 7.000
P_1158 0.000 -195.996 4.000
D_1159 -7.878 -475.402 4.000
L_1160 0.000 679.918 4.000
P_1161 0.000 -195.996 4.000
V_1162 0.000 613.196 3.000
P_1163 0.000 -195.996 3.000
T_1164 -11.867 -90.974 6.000
I_1165 0.000 777.529 6.000
S_1166 -11.867 -90.060 6.000
A_1167 0.000 185.740 6.000
P_1168 0.000 -195.996 11.000
S_1169 -15.425 -90.060 9.000
R_1170 -23.856 -1015.709 9.000
W_1171 -5.708 -203.500 10.000
V_1172 0.000 613.196 11.000
W_1173 -5.708 -203.500 10.000
D_1174 -24.169 -475.402 13.000
Q_1175 -27.150 -643.904 17.000
E_1176 -28.912 -605.239 20.000
E_1177 -29.436 -605.239 21.000
E_1178 -28.912 -605.239 20.000
R_1179 -36.459 -1015.709 21.000
K_1180 -22.271 -818.649 21.000
R_1181 -36.459 -1015.709 21.000
Q_1182 -29.436 -643.904 21.000
E_1183 -28.359 -605.239 19.000
R_1184 -34.315 -1015.709 18.000
W_1185 -7.023 -203.500 17.000
Q_1186 -27.150 -643.904 17.000
K_1187 -20.127 -818.649 16.000
E_1188 -28.359 -605.239 19.000
Q_1189 -28.912 -643.904 20.000
D_1190 -27.150 -475.402 17.000
R_1191 -29.616 -1015.709 13.000
L_1192 0.000 679.918 13.000
L_1193 0.000 679.918 13.000
Q_1194 -22.253 -643.904 11.000
E_1195 -24.169 -605.239 13.000
K_1196 -20.609 -818.649 17.000
Y_1197 -14.188 -274.939 18.000
Q_1198 -27.773 -643.904 18.000
R_1199 -35.072 -1015.709 19.000
E_1200 -29.436 -605.239 21.000
Q_1201 -28.912 -643.904 20.000
E_1202 -25.772 -605.239 15.000
K_1203 -20.127 -818.649 16.000
L_1204 0.000 679.918 16.000
R_1205 -32.645 -1015.709 16.000
E_1206 -25.003 -605.239 14.000
E_1207 -27.773 -605.239 18.000
W_1208 -7.165 -203.500 18.000
Q_1209 -25.003 -643.904 14.000
R_1210 -29.616 -1015.709 13.000
A_1211 0.000 185.740 16.000
K_1212 -20.127 -818.649 16.000
Q_1213 -22.253 -643.904 11.000
E_1214 -25.772 -605.239 15.000
A_1215 0.000 185.740 17.000
E_1216 -27.150 -605.239 17.000
R_1217 -33.508 -1015.709 17.000
E_1218 -28.912 -605.239 20.000
N_1219 -28.359 -507.047 19.000
S_1220 -20.127 -90.060 16.000
K_1221 -17.811 -818.649 12.000
Y_1222 -12.104 -274.939 12.000
L_1223 0.000 679.918 13.000
D_1224 -25.003 -475.402 14.000
E_1225 -23.258 -605.239 12.000
E_1226 -23.258 -605.239 12.000
L_1227 0.000 679.918 8.000
M_1228 0.000 401.769 4.000
V_1229 0.000 613.196 3.000
L_1230 0.000 679.918 6.000
S_1231 -16.309 -90.060 10.000
S_1232 -18.462 -90.060 13.000
N_1233 -24.169 -507.047 13.000
S_1234 -18.462 -90.060 13.000
M_1235 0.000 401.769 10.000
S_1236 -15.425 -90.060 9.000
L_1237 0.000 679.918 9.000
T_1238 -19.059 -90.974 14.000
T_1239 -19.613 -90.974 15.000
R_1240 -31.716 -1015.709 15.000
E_1241 -25.772 -605.239 15.000
P_1242 0.000 -195.996 12.000
S_1243 -13.255 -90.060 7.000
L_1244 0.000 679.918 6.000
A_1245 0.000 185.740 7.000
T_1246 -14.420 -90.974 8.000
W_1247 -5.155 -203.500 8.000
E_1248 -22.253 -605.239 11.000
A_1249 0.000 185.740 9.000
T_1250 -17.098 -90.974 11.000
W_1251 -5.944 -203.500 11.000
S_1252 -17.098 -90.060 11.000
E_1253 -22.253 -605.239 11.000
G_1254 0.000 -27.649 13.000
S_1255 -18.462 -90.060 13.000
K_1256 -17.811 -818.649 12.000
S_1257 -20.127 -90.060 16.000
S_1258 -21.060 -90.060 18.000
D_1259 -28.359 -475.402 19.000
R_1260 -32.645 -1015.709 16.000
E_1261 -26.485 -605.239 16.000
G_1262 0.000 -27.649 17.000
T_1263 -17.811 -90.974 12.000
R_1264 -21.845 -1015.709 8.000
A_1265 0.000 185.740 12.000
G_1266 0.000 -27.649 13.000
E_1267 -23.258 -605.239 12.000
E_1268 -27.150 -605.239 17.000
E_1269 -29.934 -605.239 22.000
R_1270 -37.098 -1015.709 22.000
R_1271 -34.315 -1015.709 18.000
Q_1272 -27.773 -643.904 18.000
P_1273 0.000 -195.996 17.000
Q_1274 -26.485 -643.904 16.000
E_1275 -23.258 -605.239 12.000
E_1276 -23.258 -605.239 12.000
V_1277 0.000 613.196 10.000
V_1278 0.000 613.196 10.000
H_1279 -11.154 -583.484 10.000
E_1280 -25.003 -605.239 14.000
D_1281 -25.003 -475.402 14.000
Q_1282 -25.772 -643.904 15.000
G_1283 0.000 -27.649 14.000
K_1284 -16.309 -818.649 10.000
K_1285 -16.309 -818.649 10.000
P_1286 0.000 -195.996 14.000
Q_1287 -25.772 -643.904 15.000
D_1288 -23.258 -475.402 12.000
Q_1289 -23.258 -643.904 12.000
L_1290 0.000 679.918 8.000
V_1291 0.000 613.196 8.000
I_1292 0.000 777.529 9.000
E_1293 -24.169 -605.239 13.000
R_1294 -34.315 -1015.709 18.000
E_1295 -29.436 -605.239 21.000
R_1296 -34.315 -1015.709 18.000
K_1297 -20.609 -818.649 17.000
W_1298 -7.023 -203.500 17.000
E_1299 -26.485 -605.239 16.000
Q_1300 -24.169 -643.904 13.000
Q_1301 -26.485 -643.904 16.000
L_1302 0.000 679.918 16.000
Q_1303 -26.485 -643.904 16.000
E_1304 -26.485 -605.239 16.000
E_1305 -28.912 -605.239 20.000
Q_1306 -28.912 -643.904 20.000
E_1307 -28.359 -605.239 19.000
Q_1308 -28.912 -643.904 20.000
K_1309 -20.127 -818.649 16.000
R_1310 -32.645 -1015.709 16.000
L_1311 0.000 679.918 12.000
Q_1312 -24.169 -643.904 13.000
A_1313 0.000 185.740 8.000
E_1314 -23.258 -605.239 12.000
A_1315 0.000 185.740 12.000
E_1316 -26.485 -605.239 16.000
E_1317 -25.772 -605.239 15.000
Q_1318 -28.912 -643.904 20.000
K_1319 -20.127 -818.649 16.000
R_1320 -28.412 -1015.709 12.000
P_1321 0.000 -195.996 12.000
A_1322 0.000 185.740 13.000
E_1323 -23.258 -605.239 12.000
E_1324 -25.772 -605.239 15.000
Q_1325 -28.912 -643.904 20.000
K_1326 -21.889 -818.649 20.000
R_1327 -32.645 -1015.709 16.000
Q_1328 -26.485 -643.904 16.000
A_1329 0.000 185.740 13.000
E_1330 -23.258 -605.239 12.000
I_1331 0.000 777.529 13.000
E_1332 -27.150 -605.239 17.000
R_1333 -32.645 -1015.709 16.000
E_1334 -28.359 -605.239 19.000
T_1335 -19.613 -90.974 15.000
S_1336 -19.613 -90.060 15.000
V_1337 0.000 613.196 11.000
R_1338 -25.574 -1015.709 10.000
I_1339 0.000 777.529 11.000
Y_1340 -12.518 -274.939 13.000
Q_1341 -24.169 -643.904 13.000
Y_1342 -14.188 -274.939 18.000
R_1343 -32.645 -1015.709 16.000
R_1344 -28.412 -1015.709 12.000
P_1345 0.000 -195.996 14.000
V_1346 0.000 613.196 12.000
D_1347 -19.866 -475.402 9.000
S_1348 -18.462 -90.060 13.000
Y_1349 -12.518 -274.939 13.000
D_1350 -19.866 -475.402 9.000
I_1351 0.000 777.529 9.000
P_1352 0.000 -195.996 10.000
K_1353 -16.309 -818.649 10.000
T_1354 -19.059 -90.974 14.000
E_1355 -25.003 -605.239 14.000
E_1356 -25.003 -605.239 14.000
A_1357 0.000 185.740 14.000
S_1358 -16.309 -90.060 10.000
S_1359 -11.867 -90.060 6.000
G_1360 0.000 -27.649 6.000
F_1361 0.000 560.542 3.000
L_1362 0.000 679.918 0.000
P_1363 0.000 -195.996 4.000
G_1364 0.000 -27.649 9.000
D_1365 -24.169 -475.402 13.000
R_1366 -32.645 -1015.709 16.000
N_1367 -28.359 -507.047 19.000
K_1368 -21.889 -818.649 20.000
S_1369 -21.060 -90.060 18.000
R_1370 -33.508 -1015.709 17.000
S_1371 -20.609 -90.060 17.000
T_1372 -21.060 -90.974 18.000
T_1373 -18.462 -90.974 13.000
E_1374 -25.003 -605.239 14.000
L_1375 0.000 679.918 15.000
D_1376 -25.003 -475.402 14.000
D_1377 -24.169 -475.402 13.000
Y_1378 -13.586 -274.939 16.000
S_1379 -20.127 -90.060 16.000
T_1380 -19.613 -90.974 15.000
N_1381 -27.150 -507.047 17.000
K_1382 -19.059 -818.649 14.000
N_1383 -25.772 -507.047 15.000
G_1384 0.000 -27.649 15.000
N_1385 -25.772 -507.047 15.000
N_1386 -24.169 -507.047 13.000
K_1387 -18.462 -818.649 13.000
Y_1388 -12.518 -274.939 13.000
L_1389 0.000 679.918 13.000
D_1390 -21.132 -475.402 10.000
Q_1391 -18.409 -643.904 8.000
I_1392 0.000 777.529 12.000
G_1393 0.000 -27.649 8.000
N_1394 -16.691 -507.047 7.000
M_1395 0.000 401.769 10.000
T_1396 -18.462 -90.974 13.000
S_1397 -18.462 -90.060 13.000
S_1398 -21.060 -90.060 18.000
Q_1399 -28.912 -643.904 20.000
R_1400 -35.785 -1015.709 20.000
R_1401 -35.785 -1015.709 20.000
S_1402 -21.486 -90.060 19.000
K_1403 -21.060 -818.649 18.000
K_1404 -20.609 -818.649 17.000
E_1405 -25.003 -605.239 14.000
Q_1406 -22.253 -643.904 11.000
V_1407 0.000 613.196 11.000
P_1408 0.000 -195.996 7.000
S_1409 -4.441 -90.060 3.000
G_1410 0.000 -27.649 7.000
A_1411 0.000 185.740 7.000
E_1412 -18.409 -605.239 8.000
L_1413 0.000 679.918 13.000
E_1414 -27.150 -605.239 17.000
R_1415 -33.508 -1015.709 17.000
Q_1416 -27.150 -643.904 17.000
Q_1417 -24.169 -643.904 13.000
I_1418 0.000 777.529 12.000
L_1419 0.000 679.918 12.000
Q_1420 -18.409 -643.904 8.000
E_1421 -24.169 -605.239 13.000
M_1422 0.000 401.769 16.000
R_1423 -33.508 -1015.709 17.000
K_1424 -20.127 -818.649 16.000
R_1425 -32.645 -1015.709 16.000
T_1426 -17.098 -90.974 11.000
P_1427 0.000 -195.996 10.000
L_1428 0.000 679.918 9.000
H_1429 -11.154 -583.484 10.000
N_1430 -25.003 -507.047 14.000
D_1431 -27.150 -475.402 17.000
N_1432 -26.485 -507.047 16.000
S_1433 -17.811 -90.060 12.000
W_1434 -6.358 -203.500 13.000
I_1435 0.000 777.529 13.000
R_1436 -31.716 -1015.709 15.000
Q_1437 -27.150 -643.904 17.000
R_1438 -33.508 -1015.709 17.000
S_1439 -19.613 -90.060 15.000
A_1440 0.000 185.740 11.000
S_1441 -16.309 -90.060 10.000
V_1442 0.000 613.196 10.000
N_1443 -25.003 -507.047 14.000
K_1444 -17.098 -818.649 11.000
E_1445 -22.253 -605.239 11.000
P_1446 0.000 -195.996 10.000
V_1447 0.000 613.196 7.000
S_1448 -4.441 -90.060 3.000
L_1449 0.000 679.918 3.000
P_1450 0.000 -195.996 3.000
G_1451 0.000 -27.649 0.000
I_1452 0.000 777.529 5.000
M_1453 0.000 401.769 10.000
R_1454 -25.574 -1015.709 10.000
R_1455 -30.711 -1015.709 14.000
G_1456 0.000 -27.649 17.000
E_1457 -23.258 -605.239 12.000
S_1458 -17.098 -90.060 11.000
L_1459 0.000 679.918 15.000
D_1460 -22.253 -475.402 11.000
N_1461 -23.258 -507.047 12.000
L_1462 0.000 679.918 15.000
D_1463 -22.253 -475.402 11.000
S_1464 -17.811 -90.060 12.000
P_1465 0.000 -195.996 15.000
R_1466 -31.716 -1015.709 15.000
S_1467 -19.613 -90.060 15.000
N_1468 -26.485 -507.047 16.000
S_1469 -20.127 -90.060 16.000
W_1470 -7.023 -203.500 17.000
R_1471 -29.616 -1015.709 13.000
Q_1472 -21.132 -643.904 10.000
P_1473 0.000 -195.996 10.000
P_1474 0.000 -195.996 5.000
W_1475 -3.990 -203.500 5.000
L_1476 0.000 679.918 9.000
N_1477 -19.866 -507.047 9.000
Q_1478 -22.253 -643.904 11.000
P_1479 0.000 -195.996 11.000
T_1480 -13.255 -90.974 7.000
G_1481 0.000 -27.649 5.000
F_1482 0.000 560.542 5.000
Y_1483 -7.426 -274.939 5.000
A_1484 0.000 185.740 8.000
S_1485 -17.098 -90.060 11.000
S_1486 -15.425 -90.060 9.000
S_1487 -18.462 -90.060 13.000
V_1488 0.000 613.196 14.000
Q_1489 -22.253 -643.904 11.000
D_1490 -22.253 -475.402 11.000
F_1491 0.000 560.542 16.000
S_1492 -17.811 -90.060 12.000
R_1493 -21.845 -1015.709 8.000
P_1494 0.000 -195.996 8.000
P_1495 0.000 -195.996 9.000
P_1496 0.000 -195.996 4.000
Q_1497 -7.878 -643.904 4.000
L_1498 0.000 679.918 7.000
V_1499 0.000 613.196 10.000
S_1500 -15.425 -90.060 9.000
T_1501 -18.462 -90.974 13.000
S_1502 -21.060 -90.060 18.000
N_1503 -25.772 -507.047 15.000
R_1504 -30.711 -1015.709 14.000
A_1505 0.000 185.740 11.000
Y_1506 -12.104 -274.939 12.000
M_1507 0.000 401.769 11.000
R_1508 -27.076 -1015.709 11.000
N_1509 -23.258 -507.047 12.000
P_1510 0.000 -195.996 15.000
S_1511 -18.462 -90.060 13.000
S_1512 -15.425 -90.060 9.000
S_1513 -15.425 -90.060 9.000
V_1514 0.000 613.196 6.000
P_1515 0.000 -195.996 3.000
P_1516 0.000 -195.996 3.000
P_1517 0.000 -195.996 3.000
S_1518 -4.441 -90.060 3.000
A_1519 0.000 185.740 6.000
G_1520 0.000 -27.649 6.000
S_1521 -11.867 -90.060 6.000
V_1522 0.000 613.196 9.000
K_1523 -17.811 -818.649 12.000
T_1524 -17.811 -90.974 12.000
S_1525 -19.613 -90.060 15.000
T_1526 -17.811 -90.974 12.000
T_1527 -15.425 -90.974 9.000
G_1528 0.000 -27.649 6.000
V_1529 0.000 613.196 6.000
A_1530 0.000 185.740 6.000
T_1531 -16.309 -90.974 10.000
T_1532 -18.462 -90.974 13.000
Q_1533 -24.169 -643.904 13.000
S_1534 -18.462 -90.060 13.000
P_1535 0.000 -195.996 10.000
T_1536 -17.098 -90.974 11.000
P_1537 0.000 -195.996 11.000
R_1538 -29.616 -1015.709 13.000
S_1539 -18.462 -90.060 13.000
H_1540 -12.518 -583.484 13.000
S_1541 -17.098 -90.060 11.000
P_1542 0.000 -195.996 8.000
S_1543 -15.425 -90.060 9.000
A_1544 0.000 185.740 10.000
S_1545 -18.462 -90.060 13.000
Q_1546 -21.132 -643.904 10.000
S_1547 -18.462 -90.060 13.000
G_1548 0.000 -27.649 14.000
S_1549 -16.309 -90.060 10.000
Q_1550 -23.258 -643.904 12.000
L_1551 0.000 679.918 16.000
R_1552 -34.315 -1015.709 18.000
N_1553 -27.150 -507.047 17.000
R_1554 -33.508 -1015.709 17.000
S_1555 -19.613 -90.060 15.000
V_1556 0.000 613.196 11.000
S_1557 -15.425 -90.060 9.000
G_1558 0.000 -27.649 11.000
K_1559 -17.098 -818.649 11.000
R_1560 -21.845 -1015.709 8.000
I_1561 0.000 777.529 11.000
C_1562 0.000 322.480 10.000
S_1563 -10.149 -90.060 5.000
Y_1564 -10.601 -274.939 9.000
C_1565 0.000 322.480 13.000
N_1566 -21.132 -507.047 10.000
N_1567 -18.409 -507.047 8.000
I_1568 0.000 777.529 8.000
L_1569 0.000 679.918 7.000
G_1570 0.000 -27.649 3.000
K_1571 -4.441 -818.649 3.000
G_1572 0.000 -27.649 3.000
A_1573 0.000 185.740 3.000
A_1574 0.000 185.740 0.000
M_1575 0.000 401.769 0.000
I_1576 0.000 777.529 4.000
I_1577 0.000 777.529 7.000
E_1578 -16.691 -605.239 7.000
S_1579 -13.255 -90.060 7.000
L_1580 0.000 679.918 7.000
G_1581 0.000 -27.649 3.000
L_1582 0.000 679.918 2.000
C_1583 0.000 322.480 4.000
Y_1584 -6.160 -274.939 4.000
H_1585 -8.431 -583.484 6.000
L_1586 0.000 679.918 6.000
H_1587 -6.160 -583.484 4.000
C_1588 0.000 322.480 5.000
F_1589 0.000 560.542 5.000
K_1590 -4.441 -818.649 3.000
C_1591 0.000 322.480 3.000
V_1592 0.000 613.196 3.000
A_1593 0.000 185.740 4.000
C_1594 0.000 322.480 4.000
E_1595 -18.409 -605.239 8.000
C_1596 0.000 322.480 8.000
D_1597 -18.409 -475.402 8.000
L_1598 0.000 679.918 4.000
G_1599 0.000 -27.649 7.000
G_1600 0.000 -27.649 6.000
S_1601 -15.425 -90.060 9.000
S_1602 -15.425 -90.060 9.000
S_1603 -15.425 -90.060 9.000
G_1604 0.000 -27.649 10.000
A_1605 0.000 185.740 7.000
E_1606 -19.866 -605.239 9.000
V_1607 0.000 613.196 9.000
R_1608 -30.711 -1015.709 14.000
I_1609 0.000 777.529 14.000
R_1610 -32.645 -1015.709 16.000
N_1611 -25.772 -507.047 15.000
H_1612 -13.255 -583.484 15.000
Q_1613 -23.258 -643.904 12.000
L_1614 0.000 679.918 8.000
Y_1615 -11.154 -274.939 10.000
C_1616 0.000 322.480 10.000
N_1617 -21.132 -507.047 10.000
D_1618 -21.132 -475.402 10.000
C_1619 0.000 322.480 10.000
Y_1620 -11.652 -274.939 11.000
L_1621 0.000 679.918 7.000
R_1622 -25.574 -1015.709 10.000
F_1623 0.000 560.542 11.000
K_1624 -17.098 -818.649 11.000
S_1625 -17.098 -90.060 11.000
G_1626 0.000 -27.649 11.000
R_1627 -27.076 -1015.709 11.000
P_1628 0.000 -195.996 8.000
T_1629 -14.420 -90.974 8.000
A_1630 0.000 185.740 3.000
M_1631 0.000 401.769 3.000
