M_1 0.000 401.769 7.000
N_2 -16.691 -507.047 7.000
S_3 -13.255 -90.060 7.000
V_4 0.000 613.196 7.000
A_5 0.000 185.740 7.000
G_6 0.000 -27.649 7.000
N_7 -22.253 -507.047 11.000
K_8 -20.127 -818.649 16.000
E_9 -26.485 -605.239 16.000
R_10 -28.412 -1015.709 12.000
L_11 0.000 679.918 9.000
A_12 0.000 185.740 8.000
V_13 0.000 613.196 6.000
S_14 -17.098 -90.060 11.000
T_15 -17.098 -90.974 11.000
R_16 -30.711 -1015.709 14.000
G_17 0.000 -27.649 14.000
K_18 -18.462 -818.649 13.000
K_19 -14.420 -818.649 8.000
Y_20 -9.978 -274.939 8.000
G_21 0.000 -27.649 9.000
V_22 0.000 613.196 10.000
N_23 -18.409 -507.047 8.000
E_24 -18.409 -605.239 8.000
V_25 0.000 613.196 11.000
C_26 0.000 322.480 7.000
S_27 -11.867 -90.060 6.000
P_28 0.000 -195.996 9.000
T_29 -15.425 -90.974 9.000
K_30 -11.867 -818.649 6.000
P_31 0.000 -195.996 6.000
A_32 0.000 185.740 3.000
A_33 0.000 185.740 0.000
P_34 0.000 -195.996 3.000
F_35 0.000 560.542 3.000
S_36 -13.255 -90.060 7.000
P_37 0.000 -195.996 10.000
E_38 -22.253 -605.239 11.000
S_39 -16.309 -90.060 10.000
W_40 -6.713 -203.500 15.000
Y_41 -12.900 -274.939 14.000
R_42 -27.076 -1015.709 11.000
K_43 -17.811 -818.649 12.000
A_44 0.000 185.740 14.000
Y_45 -12.518 -274.939 13.000
E_46 -24.169 -605.239 13.000
E_47 -27.773 -605.239 18.000
S_48 -20.127 -90.060 16.000
R_49 -28.412 -1015.709 12.000
A_50 0.000 185.740 11.000
G_51 0.000 -27.649 13.000
S_52 -14.420 -90.060 8.000
R_53 -27.076 -1015.709 11.000
P_54 0.000 -195.996 11.000
T_55 -17.811 -90.974 12.000
P_56 0.000 -195.996 7.000
E_57 -16.691 -605.239 7.000
G_58 0.000 -27.649 4.000
A_59 0.000 185.740 7.000
G_60 0.000 -27.649 3.000
S_61 -4.441 -90.060 3.000
A_62 0.000 185.740 3.000
L_63 0.000 679.918 6.000
G_64 0.000 -27.649 6.000
S_65 -11.867 -90.060 6.000
S_66 -15.425 -90.060 9.000
G_67 0.000 -27.649 9.000
T_68 -15.425 -90.974 9.000
P_69 0.000 -195.996 6.000
S_70 -11.867 -90.060 6.000
P_71 0.000 -195.996 6.000
G_72 0.000 -27.649 6.000
S_73 -11.867 -90.060 6.000
G_74 0.000 -27.649 9.000
T_75 -17.811 -90.974 12.000
S_76 -15.425 -90.060 9.000
S_77 -17.811 -90.060 12.000
P_78 0.000 -195.996 12.000
S_79 -15.425 -90.060 9.000
S_80 -15.425 -90.060 9.000
F_81 0.000 560.542 9.000
T_82 -15.425 -90.974 9.000
G_83 0.000 -27.649 6.000
S_84 -11.867 -90.060 6.000
P_85 0.000 -195.996 3.000
G_86 0.000 -27.649 3.000
P_87 0.000 -195.996 3.000
A_88 0.000 185.740 3.000
S_89 -4.441 -90.060 3.000
P_90 0.000 -195.996 3.000
G_91 0.000 -27.649 3.000
I_92 0.000 777.529 3.000
G_93 0.000 -27.649 6.000
T_94 -15.425 -90.974 9.000
S_95 -15.425 -90.060 9.000
S_96 -15.425 -90.060 9.000
P_97 0.000 -195.996 9.000
G_98 0.000 -27.649 6.000
S_99 -4.441 -90.060 3.000
L_100 0.000 679.918 3.000
G_101 0.000 -27.649 6.000
G_102 0.000 -27.649 3.000
S_103 -4.441 -90.060 3.000
P_104 0.000 -195.996 3.000
G_105 0.000 -27.649 3.000
F_106 0.000 560.542 3.000
G_107 0.000 -27.649 3.000
T_108 -11.867 -90.974 6.000
G_109 0.000 -27.649 6.000
S_110 -11.867 -90.060 6.000
P_111 0.000 -195.996 6.000
G_112 0.000 -27.649 6.000
S_113 -11.867 -90.060 6.000
G_114 0.000 -27.649 6.000
S_115 -11.867 -90.060 6.000
G_116 0.000 -27.649 3.000
G_117 0.000 -27.649 6.000
G_118 0.000 -27.649 6.000
S_119 -11.867 -90.060 6.000
S_120 -11.867 -90.060 6.000
P_121 0.000 -195.996 9.000
G_122 0.000 -27.649 10.000
S_123 -17.811 -90.060 12.000
D_124 -23.258 -475.402 12.000
R_125 -28.412 -1015.709 12.000
G_126 0.000 -27.649 10.000
V_127 0.000 613.196 6.000
W_128 -3.990 -203.500 5.000
C_129 0.000 322.480 9.000
E_130 -19.866 -605.239 9.000
N_131 -23.258 -507.047 12.000
C_132 0.000 322.480 12.000
N_133 -24.169 -507.047 13.000
A_134 0.000 185.740 9.000
R_135 -23.856 -1015.709 9.000
L_136 0.000 679.918 9.000
V_137 0.000 613.196 9.000
E_138 -16.691 -605.239 7.000
L_139 0.000 679.918 12.000
K_140 -20.127 -818.649 16.000
R_141 -28.412 -1015.709 12.000
Q_142 -23.258 -643.904 12.000
A_143 0.000 185.740 14.000
L_144 0.000 679.918 9.000
R_145 -11.867 -1015.709 5.000
L_146 0.000 679.918 5.000
L_147 0.000 679.918 5.000
L_148 0.000 679.918 0.000
P_149 0.000 -195.996 0.000
G_150 0.000 -27.649 0.000
P_151 0.000 -195.996 0.000
F_152 0.000 560.542 0.000
P_153 0.000 -195.996 3.000
G_154 0.000 -27.649 7.000
K_155 -13.255 -818.649 7.000
D_156 -16.691 -475.402 7.000
P_157 0.000 -195.996 7.000
A_158 0.000 185.740 7.000
F_159 0.000 560.542 3.000
S_160 -4.441 -90.060 3.000
A_161 0.000 185.740 3.000
V_162 0.000 613.196 5.000
I_163 0.000 777.529 6.000
H_164 -10.601 -583.484 9.000
D_165 -19.866 -475.402 9.000
K_166 -18.462 -818.649 13.000
L_167 0.000 679.918 11.000
Q_168 -16.691 -643.904 7.000
V_169 0.000 613.196 8.000
P_170 0.000 -195.996 11.000
N_171 -16.691 -507.047 7.000
T_172 -17.811 -90.974 12.000
I_173 0.000 777.529 15.000
R_174 -27.076 -1015.709 11.000
K_175 -15.425 -818.649 9.000
A_176 0.000 185.740 13.000
W_177 -6.160 -203.500 12.000
N_178 -25.003 -507.047 14.000
D_179 -27.773 -475.402 18.000
R_180 -36.459 -1015.709 21.000
D_181 -29.934 -475.402 22.000
N_182 -27.773 -507.047 18.000
R_183 -33.508 -1015.709 17.000
C_184 0.000 322.480 13.000
D_185 -19.866 -475.402 9.000
I_186 0.000 777.529 4.000
C_187 0.000 322.480 7.000
A_188 0.000 185.740 5.000
T_189 -10.149 -90.974 5.000
H_190 -10.601 -583.484 9.000
L_191 0.000 679.918 13.000
N_192 -21.132 -507.047 10.000
Q_193 -22.253 -643.904 11.000
L_194 0.000 679.918 15.000
K_195 -19.613 -818.649 15.000
Q_196 -22.253 -643.904 11.000
E_197 -22.253 -605.239 11.000
A_198 0.000 185.740 12.000
I_199 0.000 777.529 8.000
Q_200 -7.878 -643.904 4.000
M_201 0.000 401.769 4.000
V_202 0.000 613.196 7.000
L_203 0.000 679.918 3.000
T_204 -13.255 -90.974 7.000
L_205 0.000 679.918 11.000
E_206 -22.253 -605.239 11.000
Q_207 -18.409 -643.904 8.000
A_208 0.000 185.740 8.000
A_209 0.000 185.740 7.000
G_210 0.000 -27.649 7.000
S_211 -15.425 -90.060 9.000
E_212 -22.253 -605.239 11.000
H_213 -13.255 -583.484 15.000
Y_214 -12.104 -274.939 12.000
D_215 -22.253 -475.402 11.000
A_216 0.000 185.740 9.000
S_217 -13.255 -90.060 7.000
P_218 0.000 -195.996 6.000
C_219 0.000 322.480 6.000
S_220 -4.441 -90.060 3.000
P_221 0.000 -195.996 3.000
P_222 0.000 -195.996 3.000
P_223 0.000 -195.996 3.000
L_224 0.000 679.918 7.000
S_225 -13.255 -90.060 7.000
N_226 -16.691 -507.047 7.000
I_227 0.000 777.529 10.000
P_228 0.000 -195.996 7.000
T_229 -4.441 -90.974 3.000
L_230 0.000 679.918 3.000
V_231 0.000 613.196 6.000
G_232 0.000 -27.649 8.000
S_233 -16.309 -90.060 10.000
R_234 -25.574 -1015.709 10.000
H_235 -11.154 -583.484 10.000
V_236 0.000 613.196 7.000
G_237 0.000 -27.649 2.000
G_238 0.000 -27.649 4.000
L_239 0.000 679.918 8.000
Q_240 -18.409 -643.904 8.000
Q_241 -24.169 -643.904 13.000
P_242 0.000 -195.996 17.000
R_243 -30.711 -1015.709 14.000
D_244 -21.132 -475.402 10.000
W_245 -5.708 -203.500 10.000
A_246 0.000 185.740 5.000
F_247 0.000 560.542 1.000
V_248 0.000 613.196 0.000
P_249 0.000 -195.996 0.000
A_250 0.000 185.740 0.000
P_251 0.000 -195.996 0.000
C_252 0.000 322.480 3.000
A_253 0.000 185.740 6.000
T_254 -16.309 -90.974 10.000
S_255 -17.811 -90.060 12.000
N_256 -25.772 -507.047 15.000
Y_257 -12.104 -274.939 12.000
T_258 -15.425 -90.974 9.000
G_259 0.000 -27.649 5.000
F_260 0.000 560.542 7.000
A_261 0.000 185.740 7.000
N_262 -19.866 -507.047 9.000
K_263 -15.425 -818.649 9.000
H_264 -12.104 -583.484 12.000
G_265 0.000 -27.649 11.000
S_266 -14.420 -90.060 8.000
K_267 -15.425 -818.649 9.000
P_268 0.000 -195.996 12.000
S_269 -15.425 -90.060 9.000
S_270 -11.867 -90.060 6.000
L_271 0.000 679.918 6.000
G_272 0.000 -27.649 6.000
V_273 0.000 613.196 7.000
S_274 -13.255 -90.060 7.000
N_275 -16.691 -507.047 7.000
G_276 0.000 -27.649 11.000
A_277 0.000 185.740 11.000
E_278 -21.132 -605.239 10.000
K_279 -18.462 -818.649 13.000
K_280 -18.462 -818.649 13.000
S_281 -17.811 -90.060 12.000
G_282 0.000 -27.649 9.000
S_283 -15.425 -90.060 9.000
P_284 0.000 -195.996 8.000
T_285 -17.811 -90.974 12.000
H_286 -10.601 -583.484 9.000
Q_287 -23.258 -643.904 12.000
A_288 0.000 185.740 9.000
K_289 -16.309 -818.649 10.000
V_290 0.000 613.196 6.000
S_291 -16.309 -90.060 10.000
L_292 0.000 679.918 7.000
Q_293 -16.691 -643.904 7.000
M_294 0.000 401.769 7.000
A_295 0.000 185.740 10.000
T_296 -11.867 -90.974 6.000
S_297 -15.425 -90.060 9.000
P_298 0.000 -195.996 13.000
S_299 -16.309 -90.060 10.000
N_300 -22.253 -507.047 11.000
G_301 0.000 -27.649 11.000
N_302 -18.409 -507.047 8.000
I_303 0.000 777.529 8.000
L_304 0.000 679.918 11.000
N_305 -16.691 -507.047 7.000
S_306 -13.255 -90.060 7.000
V_307 0.000 613.196 7.000
A_308 0.000 185.740 7.000
I_309 0.000 777.529 4.000
Q_310 -14.591 -643.904 6.000
A_311 0.000 185.740 10.000
H_312 -12.104 -583.484 12.000
Q_313 -18.409 -643.904 8.000
Y_314 -12.104 -274.939 12.000
L_315 0.000 679.918 10.000
D_316 -19.866 -475.402 9.000
G_317 0.000 -27.649 8.000
T_318 -17.098 -90.974 11.000
W_319 -4.824 -203.500 7.000
S_320 -16.309 -90.060 10.000
L_321 0.000 679.918 12.000
S_322 -19.059 -90.060 14.000
R_323 -31.716 -1015.709 15.000
T_324 -19.613 -90.974 15.000
N_325 -23.258 -507.047 12.000
G_326 0.000 -27.649 10.000
V_327 0.000 613.196 7.000
T_328 -10.149 -90.974 5.000
L_329 0.000 679.918 5.000
Y_330 -9.265 -274.939 7.000
P_331 0.000 -195.996 8.000
Y_332 -9.978 -274.939 8.000
Q_333 -19.866 -643.904 9.000
I_334 0.000 777.529 13.000
S_335 -17.098 -90.060 11.000
Q_336 -16.691 -643.904 7.000
L_337 0.000 679.918 10.000
M_338 0.000 401.769 11.000
T_339 -16.309 -90.974 10.000
E_340 -24.169 -605.239 13.000
S_341 -21.060 -90.060 18.000
S_342 -21.486 -90.060 19.000
R_343 -31.716 -1015.709 15.000
E_344 -23.258 -605.239 12.000
G_345 0.000 -27.649 12.000
L_346 0.000 679.918 11.000
T_347 -13.255 -90.974 7.000
E_348 -16.691 -605.239 7.000
A_349 0.000 185.740 7.000
V_350 0.000 613.196 8.000
L_351 0.000 679.918 9.000
N_352 -22.253 -507.047 11.000
R_353 -31.716 -1015.709 15.000
Y_354 -13.255 -274.939 15.000
N_355 -25.772 -507.047 15.000
A_356 0.000 185.740 13.000
D_357 -22.253 -475.402 11.000
K_358 -16.309 -818.649 10.000
P_359 0.000 -195.996 10.000
S_360 -11.867 -90.060 6.000
A_361 0.000 185.740 6.000
C_362 0.000 322.480 6.000
S_363 -4.441 -90.060 3.000
V_364 0.000 613.196 3.000
P_365 0.000 -195.996 6.000
A_366 0.000 185.740 7.000
S_367 -13.255 -90.060 7.000
Q_368 -21.132 -643.904 10.000
G_369 0.000 -27.649 10.000
S_370 -13.255 -90.060 7.000
C_371 0.000 322.480 3.000
V_372 0.000 613.196 6.000
A_373 0.000 185.740 7.000
S_374 -16.309 -90.060 10.000
E_375 -24.169 -605.239 13.000
T_376 -20.127 -90.974 16.000
S_377 -18.462 -90.060 13.000
T_378 -17.811 -90.974 12.000
G_379 0.000 -27.649 12.000
T_380 -15.425 -90.974 9.000
S_381 -11.867 -90.060 6.000
V_382 0.000 613.196 6.000
A_383 0.000 185.740 6.000
A_384 0.000 185.740 3.000
S_385 -4.441 -90.060 3.000
F_386 0.000 560.542 3.000
F_387 0.000 560.542 8.000
A_388 0.000 185.740 5.000
R_389 -11.867 -1015.709 5.000
A_390 0.000 185.740 9.000
A_391 0.000 185.740 12.000
Q_392 -16.691 -643.904 7.000
K_393 -17.098 -818.649 11.000
L_394 0.000 679.918 11.000
N_395 -21.132 -507.047 10.000
L_396 0.000 679.918 10.000
S_397 -18.462 -90.060 13.000
S_398 -17.811 -90.060 12.000
K_399 -19.613 -818.649 15.000
K_400 -19.613 -818.649 15.000
K_401 -19.059 -818.649 14.000
K_402 -20.127 -818.649 16.000
H_403 -12.518 -583.484 13.000
R_404 -29.616 -1015.709 13.000
P_405 0.000 -195.996 13.000
S_406 -19.059 -90.060 14.000
T_407 -17.811 -90.974 12.000
S_408 -17.811 -90.060 12.000
S_409 -15.425 -90.060 9.000
A_410 0.000 185.740 10.000
A_411 0.000 185.740 7.000
E_412 -7.878 -605.239 4.000
P_413 0.000 -195.996 4.000
P_414 0.000 -195.996 4.000
L_415 0.000 679.918 0.000
F_416 0.000 560.542 3.000
A_417 0.000 185.740 6.000
T_418 -11.867 -90.974 6.000
S_419 -15.425 -90.060 9.000
F_420 0.000 560.542 9.000
S_421 -11.867 -90.060 6.000
G_422 0.000 -27.649 3.000
I_423 0.000 777.529 7.000
L_424 0.000 679.918 7.000
Q_425 -21.132 -643.904 10.000
T_426 -16.309 -90.974 10.000
S_427 -16.309 -90.060 10.000
P_428 0.000 -195.996 6.000
P_429 0.000 -195.996 3.000
P_430 0.000 -195.996 0.000
A_431 0.000 185.740 0.000
P_432 0.000 -195.996 0.000
P_433 0.000 -195.996 0.000
C_434 0.000 322.480 0.000
L_435 0.000 679.918 5.000
L_436 0.000 679.918 5.000
R_437 -11.867 -1015.709 5.000
A_438 0.000 185.740 9.000
V_439 0.000 613.196 12.000
N_440 -16.691 -507.047 7.000
K_441 -16.309 -818.649 10.000
V_442 0.000 613.196 14.000
K_443 -18.462 -818.649 13.000
D_444 -21.132 -475.402 10.000
T_445 -16.309 -90.974 10.000
P_446 0.000 -195.996 7.000
G_447 0.000 -27.649 3.000
L_448 0.000 679.918 3.000
G_449 0.000 -27.649 3.000
K_450 -11.867 -818.649 6.000
V_451 0.000 613.196 6.000
K_452 -11.867 -818.649 6.000
V_453 0.000 613.196 3.000
M_454 0.000 401.769 8.000
L_455 0.000 679.918 5.000
R_456 -11.867 -1015.709 5.000
I_457 0.000 777.529 8.000
C_458 0.000 322.480 11.000
S_459 -11.867 -90.060 6.000
T_460 -11.867 -90.974 6.000
L_461 0.000 679.918 11.000
A_462 0.000 185.740 12.000
R_463 -28.412 -1015.709 12.000
D_464 -25.772 -475.402 15.000
T_465 -21.486 -90.974 19.000
S_466 -20.609 -90.060 17.000
E_467 -26.485 -605.239 16.000
S_468 -20.127 -90.060 16.000
S_469 -18.462 -90.060 13.000
S_470 -15.425 -90.060 9.000
F_471 0.000 560.542 9.000
L_472 0.000 679.918 6.000
K_473 -13.255 -818.649 7.000
V_474 0.000 613.196 7.000
D_475 -23.258 -475.402 12.000
P_476 0.000 -195.996 12.000
R_477 -31.716 -1015.709 15.000
K_478 -19.613 -818.649 15.000
K_479 -19.613 -818.649 15.000
Q_480 -24.169 -643.904 13.000
I_481 0.000 777.529 10.000
T_482 -15.425 -90.974 9.000
L_483 0.000 679.918 9.000
Y_484 -10.601 -274.939 9.000
D_485 -14.591 -475.402 6.000
P_486 0.000 -195.996 9.000
L_487 0.000 679.918 7.000
T_488 -4.441 -90.974 3.000
C_489 0.000 322.480 3.000
G_490 0.000 -27.649 7.000
G_491 0.000 -27.649 8.000
Q_492 -18.409 -643.904 8.000
N_493 -18.409 -507.047 8.000
A_494 0.000 185.740 12.000
F_495 0.000 560.542 11.000
Q_496 -23.258 -643.904 12.000
K_497 -17.811 -818.649 12.000
R_498 -32.645 -1015.709 16.000
G_499 0.000 -27.649 16.000
N_500 -24.169 -507.047 13.000
Q_501 -18.409 -643.904 8.000
V_502 0.000 613.196 8.000
P_503 0.000 -195.996 7.000
P_504 0.000 -195.996 3.000
K_505 -4.441 -818.649 3.000
M_506 0.000 401.769 3.000
F_507 0.000 560.542 3.000
A_508 0.000 185.740 4.000
F_509 0.000 560.542 4.000
D_510 -7.878 -475.402 4.000
A_511 0.000 185.740 4.000
V_512 0.000 613.196 4.000
F_513 0.000 560.542 4.000
P_514 0.000 -195.996 8.000
Q_515 -18.409 -643.904 8.000
D_516 -22.253 -475.402 11.000
A_517 0.000 185.740 15.000
S_518 -17.098 -90.060 11.000
Q_519 -22.253 -643.904 11.000
A_520 0.000 185.740 11.000
E_521 -18.409 -605.239 8.000
V_522 0.000 613.196 4.000
C_523 0.000 322.480 4.000
A_524 0.000 185.740 3.000
G_525 0.000 -27.649 3.000
T_526 -4.441 -90.974 3.000
V_527 0.000 613.196 7.000
A_528 0.000 185.740 7.000
E_529 -7.878 -605.239 4.000
V_530 0.000 613.196 8.000
I_531 0.000 777.529 11.000
Q_532 -16.691 -643.904 7.000
S_533 -13.255 -90.060 7.000
V_534 0.000 613.196 11.000
V_535 0.000 613.196 7.000
N_536 -7.878 -507.047 4.000
G_537 0.000 -27.649 8.000
A_538 0.000 185.740 8.000
D_539 -7.878 -475.402 4.000
G_540 0.000 -27.649 4.000
C_541 0.000 322.480 4.000
V_542 0.000 613.196 0.000
F_543 0.000 560.542 0.000
C_544 0.000 322.480 0.000
F_545 0.000 560.542 2.000
G_546 0.000 -27.649 2.000
H_547 -7.426 -583.484 5.000
A_548 0.000 185.740 5.000
K_549 -10.149 -818.649 5.000
L_550 0.000 679.918 6.000
G_551 0.000 -27.649 9.000
K_552 -14.420 -818.649 8.000
S_553 -17.098 -90.060 11.000
Y_554 -11.652 -274.939 11.000
T_555 -14.420 -90.974 8.000
M_556 0.000 401.769 5.000
I_557 0.000 777.529 6.000
G_558 0.000 -27.649 7.000
K_559 -17.098 -818.649 11.000
D_560 -25.003 -475.402 14.000
D_561 -25.003 -475.402 14.000
S_562 -19.613 -90.060 15.000
M_563 0.000 401.769 15.000
Q_564 -22.253 -643.904 11.000
N_565 -18.409 -507.047 8.000
L_566 0.000 679.918 8.000
G_567 0.000 -27.649 4.000
I_568 0.000 777.529 0.000
I_569 0.000 777.529 0.000
P_570 0.000 -195.996 0.000
C_571 0.000 322.480 0.000
A_572 0.000 185.740 3.000
I_573 0.000 777.529 4.000
S_574 -7.878 -90.060 4.000
W_575 -3.436 -203.500 4.000
L_576 0.000 679.918 7.000
F_577 0.000 560.542 4.000
K_578 -4.441 -818.649 3.000
L_579 0.000 679.918 7.000
I_580 0.000 777.529 11.000
N_581 -24.169 -507.047 13.000
E_582 -26.485 -605.239 16.000
R_583 -35.785 -1015.709 20.000
K_584 -21.486 -818.649 19.000
E_585 -27.773 -605.239 18.000
K_586 -18.462 -818.649 13.000
T_587 -16.309 -90.974 10.000
G_588 0.000 -27.649 11.000
A_589 0.000 185.740 8.000
R_590 -21.845 -1015.709 8.000
F_591 0.000 560.542 8.000
S_592 -18.462 -90.060 13.000
V_593 0.000 613.196 8.000
R_594 -27.076 -1015.709 11.000
V_595 0.000 613.196 8.000
S_596 -14.420 -90.060 8.000
A_597 0.000 185.740 7.000
V_598 0.000 613.196 7.000
E_599 -11.867 -605.239 5.000
V_600 0.000 613.196 5.000
W_601 -5.155 -203.500 8.000
G_602 0.000 -27.649 8.000
K_603 -17.811 -818.649 12.000
E_604 -25.772 -605.239 15.000
E_605 -25.772 -605.239 15.000
N_606 -27.150 -507.047 17.000
L_607 0.000 679.918 17.000
R_608 -29.616 -1015.709 13.000
D_609 -19.866 -475.402 9.000
L_610 0.000 679.918 12.000
L_611 0.000 679.918 11.000
S_612 -13.255 -90.060 7.000
E_613 -16.691 -605.239 7.000
V_614 0.000 613.196 10.000
A_615 0.000 185.740 7.000
T_616 -11.867 -90.974 6.000
G_617 0.000 -27.649 6.000
S_618 -16.309 -90.060 10.000
L_619 0.000 679.918 11.000
Q_620 -22.253 -643.904 11.000
D_621 -23.258 -475.402 12.000
G_622 0.000 -27.649 15.000
Q_623 -22.253 -643.904 11.000
S_624 -13.255 -90.060 7.000
P_625 0.000 -195.996 7.000
G_626 0.000 -27.649 5.000
V_627 0.000 613.196 2.000
Y_628 -1.718 -274.939 2.000
L_629 0.000 679.918 6.000
C_630 0.000 322.480 10.000
E_631 -18.409 -605.239 8.000
D_632 -18.409 -475.402 8.000
P_633 0.000 -195.996 8.000
I_634 0.000 777.529 4.000
C_635 0.000 322.480 3.000
G_636 0.000 -27.649 7.000
T_637 -13.255 -90.974 7.000
Q_638 -22.253 -643.904 11.000
L_639 0.000 679.918 15.000
Q_640 -26.485 -643.904 16.000
N_641 -25.772 -507.047 15.000
Q_642 -28.359 -643.904 19.000
S_643 -19.613 -90.060 15.000
E_644 -26.485 -605.239 16.000
L_645 0.000 679.918 12.000
R_646 -23.856 -1015.709 9.000
A_647 0.000 185.740 8.000
P_648 0.000 -195.996 8.000
T_649 -13.255 -90.974 7.000
A_650 0.000 185.740 10.000
E_651 -21.132 -605.239 10.000
K_652 -13.255 -818.649 7.000
A_653 0.000 185.740 7.000
A_654 0.000 185.740 3.000
F_655 0.000 560.542 0.000
F_656 0.000 560.542 4.000
L_657 0.000 679.918 4.000
D_658 -7.878 -475.402 4.000
A_659 0.000 185.740 4.000
A_660 0.000 185.740 4.000
I_661 0.000 777.529 3.000
A_662 0.000 185.740 8.000
S_663 -18.462 -90.060 13.000
R_664 -32.645 -1015.709 16.000
R_665 -34.315 -1015.709 18.000
S_666 -21.486 -90.060 19.000
H_667 -14.188 -583.484 18.000
Q_668 -27.150 -643.904 17.000
Q_669 -25.003 -643.904 14.000
D_670 -26.485 -475.402 16.000
C_671 0.000 322.480 16.000
D_672 -26.485 -475.402 16.000
E_673 -26.485 -605.239 16.000
D_674 -27.773 -475.402 18.000
D_675 -28.359 -475.402 19.000
H_676 -14.463 -583.484 19.000
R_677 -34.315 -1015.709 18.000
N_678 -26.485 -507.047 16.000
S_679 -19.059 -90.060 14.000
H_680 -10.601 -583.484 9.000
V_681 0.000 613.196 5.000
F_682 0.000 560.542 5.000
F_683 0.000 560.542 3.000
T_684 -10.149 -90.974 5.000
L_685 0.000 679.918 5.000
H_686 -9.265 -583.484 7.000
I_687 0.000 777.529 8.000
Y_688 -11.154 -274.939 10.000
Q_689 -24.169 -643.904 13.000
Y_690 -12.518 -274.939 13.000
R_691 -31.716 -1015.709 15.000
M_692 0.000 401.769 14.000
E_693 -25.772 -605.239 15.000
K_694 -16.309 -818.649 10.000
S_695 -18.462 -90.060 13.000
G_696 0.000 -27.649 9.000
K_697 -11.867 -818.649 6.000
G_698 0.000 -27.649 3.000
G_699 0.000 -27.649 6.000
M_700 0.000 401.769 3.000
S_701 -4.441 -90.060 3.000
G_702 0.000 -27.649 8.000
G_703 0.000 -27.649 11.000
R_704 -29.616 -1015.709 13.000
S_705 -18.462 -90.060 13.000
R_706 -31.716 -1015.709 15.000
L_707 0.000 679.918 10.000
H_708 -9.265 -583.484 7.000
L_709 0.000 679.918 6.000
I_710 0.000 777.529 6.000
D_711 -7.878 -475.402 4.000
L_712 0.000 679.918 7.000
G_713 0.000 -27.649 7.000
S_714 -4.441 -90.060 3.000
C_715 0.000 322.480 6.000
V_716 0.000 613.196 6.000
K_717 -4.441 -818.649 3.000
A_718 0.000 185.740 6.000
L_719 0.000 679.918 9.000
S_720 -16.309 -90.060 10.000
K_721 -19.613 -818.649 15.000
N_722 -28.359 -507.047 19.000
R_723 -32.645 -1015.709 16.000
E_724 -24.169 -605.239 13.000
G_725 0.000 -27.649 12.000
G_726 0.000 -27.649 7.000
S_727 -4.441 -90.060 3.000
G_728 0.000 -27.649 3.000
L_729 0.000 679.918 3.000
C_730 0.000 322.480 3.000
L_731 0.000 679.918 3.000
S_732 -11.867 -90.060 6.000
L_733 0.000 679.918 6.000
S_734 -11.867 -90.060 6.000
A_735 0.000 185.740 3.000
L_736 0.000 679.918 7.000
G_737 0.000 -27.649 4.000
N_738 -7.878 -507.047 4.000
V_739 0.000 613.196 4.000
I_740 0.000 777.529 4.000
L_741 0.000 679.918 0.000
A_742 0.000 185.740 0.000
L_743 0.000 679.918 4.000
V_744 0.000 613.196 4.000
N_745 -16.691 -507.047 7.000
G_746 0.000 -27.649 10.000
S_747 -17.811 -90.060 12.000
K_748 -14.420 -818.649 8.000
H_749 -9.978 -583.484 8.000
I_750 0.000 777.529 7.000
P_751 0.000 -195.996 7.000
Y_752 -10.601 -274.939 9.000
K_753 -17.811 -818.649 12.000
E_754 -25.772 -605.239 15.000
S_755 -18.462 -90.060 13.000
K_756 -16.309 -818.649 10.000
L_757 0.000 679.918 6.000
A_758 0.000 185.740 3.000
M_759 0.000 401.769 0.000
L_760 0.000 679.918 5.000
L_761 0.000 679.918 9.000
R_762 -28.412 -1015.709 12.000
E_763 -23.258 -605.239 12.000
S_764 -17.811 -90.060 12.000
L_765 0.000 679.918 11.000
G_766 0.000 -27.649 7.000
N_767 -18.409 -507.047 8.000
M_768 0.000 401.769 8.000
N_769 -24.169 -507.047 13.000
C_770 0.000 322.480 12.000
R_771 -31.716 -1015.709 15.000
T_772 -17.098 -90.974 11.000
T_773 -17.098 -90.974 11.000
M_774 0.000 401.769 6.000
I_775 0.000 777.529 5.000
A_776 0.000 185.740 2.000
H_777 -7.426 -583.484 5.000
I_778 0.000 777.529 5.000
S_779 -10.149 -90.060 5.000
A_780 0.000 185.740 3.000
A_781 0.000 185.740 3.000
V_782 0.000 613.196 3.000
G_783 0.000 -27.649 5.000
S_784 -10.149 -90.060 5.000
Y_785 -10.601 -274.939 9.000
A_786 0.000 185.740 12.000
E_787 -19.866 -605.239 9.000
T_788 -16.309 -90.974 10.000
L_789 0.000 679.918 13.000
S_790 -15.425 -90.060 9.000
T_791 -16.309 -90.974 10.000
I_792 0.000 777.529 10.000
Q_793 -16.691 -643.904 7.000
I_794 0.000 777.529 7.000
A_795 0.000 185.740 12.000
S_796 -14.420 -90.060 8.000
R_797 -21.845 -1015.709 8.000
V_798 0.000 613.196 13.000
L_799 0.000 679.918 10.000
R_800 -21.845 -1015.709 8.000
M_801 0.000 401.769 11.000
K_802 -19.059 -818.649 14.000
K_803 -17.811 -818.649 12.000
K_804 -19.613 -818.649 15.000
K_805 -19.613 -818.649 15.000
T_806 -19.059 -90.974 14.000
K_807 -19.059 -818.649 14.000
Y_808 -12.900 -274.939 14.000
T_809 -19.059 -90.974 14.000
S_810 -19.059 -90.060 14.000
S_811 -19.613 -90.060 15.000
S_812 -17.811 -90.060 12.000
S_813 -15.425 -90.060 9.000
G_814 0.000 -27.649 10.000
G_815 0.000 -27.649 10.000
E_816 -21.132 -605.239 10.000
S_817 -16.309 -90.060 10.000
S_818 -19.059 -90.060 14.000
C_819 0.000 322.480 14.000
E_820 -22.253 -605.239 11.000
E_821 -24.169 -605.239 13.000
G_822 0.000 -27.649 13.000
R_823 -30.711 -1015.709 14.000
M_824 0.000 401.769 15.000
R_825 -31.716 -1015.709 15.000
R_826 -29.616 -1015.709 13.000
P_827 0.000 -195.996 17.000
T_828 -17.811 -90.974 12.000
Q_829 -23.258 -643.904 12.000
L_830 0.000 679.918 12.000
R_831 -23.856 -1015.709 9.000
P_832 0.000 -195.996 7.000
F_833 0.000 560.542 10.000
H_834 -11.154 -583.484 10.000
T_835 -16.309 -90.974 10.000
R_836 -29.616 -1015.709 13.000
A_837 0.000 185.740 11.000
T_838 -17.811 -90.974 12.000
V_839 0.000 613.196 7.000
D_840 -22.253 -475.402 11.000
P_841 0.000 -195.996 8.000
D_842 -18.409 -475.402 8.000
F_843 0.000 560.542 4.000
P_844 0.000 -195.996 4.000
I_845 0.000 777.529 2.000
A_846 0.000 185.740 2.000
H_847 -7.426 -583.484 5.000
L_848 0.000 679.918 8.000
S_849 -17.811 -90.060 12.000
S_850 -16.309 -90.060 10.000
D_851 -25.003 -475.402 14.000
P_852 0.000 -195.996 13.000
D_853 -24.169 -475.402 13.000
Y_854 -12.104 -274.939 12.000
S_855 -19.613 -90.060 15.000
S_856 -19.059 -90.060 14.000
S_857 -20.127 -90.060 16.000
S_858 -20.609 -90.060 17.000
E_859 -27.150 -605.239 17.000
Q_860 -25.003 -643.904 14.000
S_861 -19.613 -90.060 15.000
C_862 0.000 322.480 14.000
D_863 -21.132 -475.402 10.000
T_864 -13.255 -90.974 7.000
V_865 0.000 613.196 9.000
I_866 0.000 777.529 5.000
Y_867 -1.718 -274.939 2.000
I_868 0.000 777.529 2.000
G_869 0.000 -27.649 6.000
P_870 0.000 -195.996 4.000
N_871 -16.691 -507.047 7.000
G_872 0.000 -27.649 7.000
T_873 -13.255 -90.974 7.000
A_874 0.000 185.740 6.000
L_875 0.000 679.918 10.000
S_876 -16.309 -90.060 10.000
D_877 -25.003 -475.402 14.000
K_878 -19.059 -818.649 14.000
E_879 -25.003 -605.239 14.000
L_880 0.000 679.918 14.000
T_881 -19.613 -90.974 15.000
D_882 -25.772 -475.402 15.000
N_883 -25.772 -507.047 15.000
E_884 -23.258 -605.239 12.000
G_885 0.000 -27.649 8.000
P_886 0.000 -195.996 8.000
P_887 0.000 -195.996 4.000
D_888 -7.878 -475.402 4.000
F_889 0.000 560.542 4.000
V_890 0.000 613.196 4.000
P_891 0.000 -195.996 0.000
I_892 0.000 777.529 0.000
V_893 0.000 613.196 0.000
P_894 0.000 -195.996 0.000
A_895 0.000 185.740 4.000
L_896 0.000 679.918 7.000
Q_897 -21.132 -643.904 10.000
K_898 -19.613 -818.649 15.000
T_899 -19.613 -90.974 15.000
R_900 -31.716 -1015.709 15.000
G_901 0.000 -27.649 15.000
D_902 -27.150 -475.402 17.000
S_903 -17.811 -90.060 12.000
R_904 -28.412 -1015.709 12.000
P_905 0.000 -195.996 12.000
A_906 0.000 185.740 9.000
E_907 -7.878 -605.239 4.000
A_908 0.000 185.740 8.000
G_909 0.000 -27.649 8.000
E_910 -7.878 -605.239 4.000
A_911 0.000 185.740 4.000
A_912 0.000 185.740 4.000
A_913 0.000 185.740 3.000
G_914 0.000 -27.649 6.000
K_915 -16.309 -818.649 10.000
S_916 -19.613 -90.060 15.000
E_917 -28.359 -605.239 19.000
R_918 -32.645 -1015.709 16.000
D_919 -24.169 -475.402 13.000
C_920 0.000 322.480 12.000
L_921 0.000 679.918 7.000
K_922 -13.255 -818.649 7.000
C_923 0.000 322.480 10.000
N_924 -21.132 -507.047 10.000
T_925 -13.255 -90.974 7.000
F_926 0.000 560.542 11.000
A_927 0.000 185.740 7.000
E_928 -18.409 -605.239 8.000
L_929 0.000 679.918 12.000
Q_930 -27.150 -643.904 17.000
E_931 -24.169 -605.239 13.000
R_932 -33.508 -1015.709 17.000
L_933 0.000 679.918 13.000
D_934 -19.866 -475.402 9.000
C_935 0.000 322.480 8.000
I_936 0.000 777.529 8.000
D_937 -16.691 -475.402 7.000
G_938 0.000 -27.649 11.000
S_939 -19.613 -90.060 15.000
E_940 -22.253 -605.239 11.000
E_941 -25.003 -605.239 14.000
P_942 0.000 -195.996 14.000
S_943 -16.309 -90.060 10.000
S_944 -11.867 -90.060 6.000
F_945 0.000 560.542 6.000
P_946 0.000 -195.996 7.000
F_947 0.000 560.542 8.000
E_948 -18.409 -605.239 8.000
E_949 -18.409 -605.239 8.000
L_950 0.000 679.918 8.000
P_951 0.000 -195.996 8.000
A_952 0.000 185.740 4.000
Q_953 -7.878 -643.904 4.000
F_954 0.000 560.542 4.000
G_955 0.000 -27.649 8.000
P_956 0.000 -195.996 8.000
E_957 -18.409 -605.239 8.000
Q_958 -22.253 -643.904 11.000
A_959 0.000 185.740 16.000
S_960 -17.811 -90.060 12.000
R_961 -21.845 -1015.709 8.000
G_962 0.000 -27.649 13.000
P_963 0.000 -195.996 10.000
R_964 -21.845 -1015.709 8.000
L_965 0.000 679.918 12.000
S_966 -17.811 -90.060 12.000
Q_967 -16.691 -643.904 7.000
A_968 0.000 185.740 7.000
A_969 0.000 185.740 4.000
G_970 0.000 -27.649 3.000
A_971 0.000 185.740 3.000
S_972 -4.441 -90.060 3.000
P_973 0.000 -195.996 6.000
L_974 0.000 679.918 10.000
S_975 -16.309 -90.060 10.000
E_976 -25.003 -605.239 14.000
S_977 -20.609 -90.060 17.000
D_978 -27.773 -475.402 18.000
K_979 -21.060 -818.649 18.000
E_980 -28.359 -605.239 19.000
D_981 -25.772 -475.402 15.000
N_982 -25.772 -507.047 15.000
G_983 0.000 -27.649 15.000
S_984 -17.098 -90.060 11.000
E_985 -22.253 -605.239 11.000
G_986 0.000 -27.649 11.000
Q_987 -22.253 -643.904 11.000
L_988 0.000 679.918 11.000
T_989 -20.127 -90.974 16.000
N_990 -26.485 -507.047 16.000
R_991 -32.645 -1015.709 16.000
E_992 -24.169 -605.239 13.000
G_993 0.000 -27.649 13.000
P_994 0.000 -195.996 8.000
E_995 -7.878 -605.239 4.000
L_996 0.000 679.918 4.000
P_997 0.000 -195.996 7.000
A_998 0.000 185.740 6.000
S_999 -11.867 -90.060 6.000
K_1000 -16.309 -818.649 10.000
M_1001 0.000 401.769 15.000
Q_1002 -25.772 -643.904 15.000
R_1003 -30.711 -1015.709 14.000
S_1004 -20.609 -90.060 17.000
H_1005 -12.518 -583.484 13.000
S_1006 -14.420 -90.060 8.000
P_1007 0.000 -195.996 5.000
V_1008 0.000 613.196 3.000
P_1009 0.000 -195.996 0.000
A_1010 0.000 185.740 0.000
A_1011 0.000 185.740 0.000
A_1012 0.000 185.740 0.000
P_1013 0.000 -195.996 2.000
A_1014 0.000 185.740 5.000
H_1015 -7.426 -583.484 5.000
S_1016 -14.420 -90.060 8.000
P_1017 0.000 -195.996 8.000
S_1018 -11.867 -90.060 6.000
P_1019 0.000 -195.996 6.000
A_1020 0.000 185.740 6.000
S_1021 -14.420 -90.060 8.000
P_1022 0.000 -195.996 11.000
R_1023 -27.076 -1015.709 11.000
S_1024 -14.420 -90.060 8.000
V_1025 0.000 613.196 8.000
P_1026 0.000 -195.996 6.000
G_1027 0.000 -27.649 6.000
S_1028 -15.425 -90.060 9.000
S_1029 -18.462 -90.060 13.000
S_1030 -19.613 -90.060 15.000
Q_1031 -25.772 -643.904 15.000
H_1032 -12.104 -583.484 12.000
S_1033 -17.811 -90.060 12.000
A_1034 0.000 185.740 8.000
S_1035 -11.867 -90.060 6.000
P_1036 0.000 -195.996 3.000
L_1037 0.000 679.918 7.000
V_1038 0.000 613.196 7.000
Q_1039 -16.691 -643.904 7.000
S_1040 -16.309 -90.060 10.000
P_1041 0.000 -195.996 10.000
S_1042 -16.309 -90.060 10.000
L_1043 0.000 679.918 10.000
Q_1044 -24.169 -643.904 13.000
S_1045 -19.613 -90.060 15.000
S_1046 -21.486 -90.060 19.000
R_1047 -34.315 -1015.709 18.000
E_1048 -25.772 -605.239 15.000
S_1049 -20.127 -90.060 16.000
L_1050 0.000 679.918 14.000
N_1051 -21.132 -507.047 10.000
S_1052 -13.255 -90.060 7.000
C_1053 0.000 322.480 7.000
G_1054 0.000 -27.649 3.000
F_1055 0.000 560.542 4.000
V_1056 0.000 613.196 4.000
E_1057 -16.691 -605.239 7.000
G_1058 0.000 -27.649 7.000
K_1059 -17.811 -818.649 12.000
P_1060 0.000 -195.996 8.000
R_1061 -21.845 -1015.709 8.000
P_1062 0.000 -195.996 5.000
M_1063 0.000 401.769 8.000
G_1064 0.000 -27.649 3.000
S_1065 -14.420 -90.060 8.000
P_1066 0.000 -195.996 8.000
R_1067 -21.845 -1015.709 8.000
L_1068 0.000 679.918 5.000
G_1069 0.000 -27.649 5.000
I_1070 0.000 777.529 3.000
A_1071 0.000 185.740 3.000
S_1072 -11.867 -90.060 6.000
L_1073 0.000 679.918 9.000
S_1074 -17.811 -90.060 12.000
K_1075 -17.811 -818.649 12.000
T_1076 -20.127 -90.974 16.000
S_1077 -19.613 -90.060 15.000
E_1078 -25.772 -605.239 15.000
Y_1079 -12.104 -274.939 12.000
K_1080 -15.425 -818.649 9.000
P_1081 0.000 -195.996 8.000
P_1082 0.000 -195.996 9.000
S_1083 -11.867 -90.060 6.000
S_1084 -15.425 -90.060 9.000
P_1085 0.000 -195.996 13.000
S_1086 -19.613 -90.060 15.000
Q_1087 -23.258 -643.904 12.000
R_1088 -31.716 -1015.709 15.000
C_1089 0.000 322.480 12.000
K_1090 -16.309 -818.649 10.000
V_1091 0.000 613.196 8.000
Y_1092 -12.104 -274.939 12.000
T_1093 -17.811 -90.974 12.000
Q_1094 -23.258 -643.904 12.000
K_1095 -16.309 -818.649 10.000
G_1096 0.000 -27.649 7.000
V_1097 0.000 613.196 3.000
L_1098 0.000 679.918 3.000
P_1099 0.000 -195.996 3.000
S_1100 -4.441 -90.060 3.000
P_1101 0.000 -195.996 3.000
A_1102 0.000 185.740 3.000
P_1103 0.000 -195.996 0.000
L_1104 0.000 679.918 0.000
P_1105 0.000 -195.996 3.000
P_1106 0.000 -195.996 6.000
S_1107 -15.425 -90.060 9.000
S_1108 -18.462 -90.060 13.000
K_1109 -20.127 -818.649 16.000
D_1110 -24.169 -475.402 13.000
S_1111 -16.309 -90.060 10.000
G_1112 0.000 -27.649 7.000
V_1113 0.000 613.196 6.000
A_1114 0.000 185.740 8.000
S_1115 -17.811 -90.060 12.000
R_1116 -31.716 -1015.709 15.000
E_1117 -25.772 -605.239 15.000
S_1118 -17.811 -90.060 12.000
L_1119 0.000 679.918 11.000
L_1120 0.000 679.918 7.000
Q_1121 -18.409 -643.904 8.000
P_1122 0.000 -195.996 8.000
E_1123 -24.169 -605.239 13.000
V_1124 0.000 613.196 12.000
R_1125 -28.412 -1015.709 12.000
T_1126 -14.420 -90.974 8.000
P_1127 0.000 -195.996 8.000
P_1128 0.000 -195.996 3.000
V_1129 0.000 613.196 0.000
G_1130 0.000 -27.649 3.000
M_1131 0.000 401.769 3.000
S_1132 -13.255 -90.060 7.000
P_1133 0.000 -195.996 7.000
Q_1134 -16.691 -643.904 7.000
V_1135 0.000 613.196 7.000
L_1136 0.000 679.918 10.000
K_1137 -15.425 -818.649 9.000
K_1138 -15.425 -818.649 9.000
S_1139 -17.811 -90.060 12.000
M_1140 0.000 401.769 9.000
S_1141 -11.867 -90.060 6.000
A_1142 0.000 185.740 6.000
G_1143 0.000 -27.649 10.000
S_1144 -13.255 -90.060 7.000
E_1145 -16.691 -605.239 7.000
G_1146 0.000 -27.649 7.000
F_1147 0.000 560.542 8.000
P_1148 0.000 -195.996 7.000
E_1149 -16.691 -605.239 7.000
T_1150 -13.255 -90.974 7.000
P_1151 0.000 -195.996 11.000
V_1152 0.000 613.196 11.000
D_1153 -23.258 -475.402 12.000
D_1154 -26.485 -475.402 16.000
E_1155 -28.912 -605.239 20.000
Q_1156 -26.485 -643.904 16.000
Q_1157 -23.258 -643.904 12.000
A_1158 0.000 185.740 11.000
A_1159 0.000 185.740 7.000
T_1160 -11.867 -90.974 6.000
P_1161 0.000 -195.996 10.000
S_1162 -18.462 -90.060 13.000
E_1163 -24.169 -605.239 13.000
S_1164 -20.127 -90.060 16.000
K_1165 -20.609 -818.649 17.000
K_1166 -18.462 -818.649 13.000
E_1167 -21.132 -605.239 10.000
I_1168 0.000 777.529 10.000
L_1169 0.000 679.918 10.000
S_1170 -15.425 -90.060 9.000
T_1171 -15.425 -90.974 9.000
T_1172 -15.425 -90.974 9.000
M_1173 0.000 401.769 9.000
V_1174 0.000 613.196 6.000
T_1175 -13.255 -90.974 7.000
V_1176 0.000 613.196 11.000
Q_1177 -22.253 -643.904 11.000
Q_1178 -18.409 -643.904 8.000
P_1179 0.000 -195.996 12.000
L_1180 0.000 679.918 8.000
E_1181 -18.409 -605.239 8.000
L_1182 0.000 679.918 8.000
N_1183 -23.258 -507.047 12.000
G_1184 0.000 -27.649 12.000
E_1185 -26.485 -605.239 16.000
D_1186 -23.258 -475.402 12.000
E_1187 -23.258 -605.239 12.000
L_1188 0.000 679.918 8.000
V_1189 0.000 613.196 7.000
F_1190 0.000 560.542 3.000
T_1191 -4.441 -90.974 3.000
L_1192 0.000 679.918 7.000
V_1193 0.000 613.196 11.000
E_1194 -18.409 -605.239 8.000
E_1195 -22.253 -605.239 11.000
L_1196 0.000 679.918 11.000
T_1197 -16.309 -90.974 10.000
I_1198 0.000 777.529 6.000
S_1199 -11.867 -90.060 6.000
G_1200 0.000 -27.649 3.000
V_1201 0.000 613.196 7.000
L_1202 0.000 679.918 7.000
D_1203 -16.691 -475.402 7.000
S_1204 -17.811 -90.060 12.000
G_1205 0.000 -27.649 12.000
R_1206 -27.076 -1015.709 11.000
P_1207 0.000 -195.996 11.000
T_1208 -17.098 -90.974 11.000
S_1209 -11.867 -90.060 6.000
I_1210 0.000 777.529 9.000
I_1211 0.000 777.529 6.000
S_1212 -13.255 -90.060 7.000
F_1213 0.000 560.542 10.000
N_1214 -25.003 -507.047 14.000
S_1215 -17.098 -90.060 11.000
D_1216 -25.003 -475.402 14.000
C_1217 0.000 322.480 10.000
S_1218 -17.811 -90.060 12.000
A_1219 0.000 185.740 8.000
R_1220 -21.845 -1015.709 8.000
A_1221 0.000 185.740 5.000
L_1222 0.000 679.918 8.000
A_1223 0.000 185.740 3.000
S_1224 -11.867 -90.060 6.000
G_1225 0.000 -27.649 11.000
S_1226 -17.098 -90.060 11.000
R_1227 -21.845 -1015.709 8.000
P_1228 0.000 -195.996 11.000
V_1229 0.000 613.196 8.000
S_1230 -4.441 -90.060 3.000
I_1231 0.000 777.529 6.000
I_1232 0.000 777.529 9.000
S_1233 -11.867 -90.060 6.000
S_1234 -15.425 -90.060 9.000
I_1235 0.000 777.529 13.000
S_1236 -19.059 -90.060 14.000
E_1237 -22.253 -605.239 11.000
D_1238 -25.772 -475.402 15.000
L_1239 0.000 679.918 12.000
E_1240 -21.132 -605.239 10.000
C_1241 0.000 322.480 9.000
Y_1242 -12.104 -274.939 12.000
S_1243 -17.098 -90.060 11.000
S_1244 -17.098 -90.060 11.000
T_1245 -15.425 -90.974 9.000
A_1246 0.000 185.740 6.000
P_1247 0.000 -195.996 6.000
V_1248 0.000 613.196 7.000
S_1249 -13.255 -90.060 7.000
E_1250 -21.132 -605.239 10.000
V_1251 0.000 613.196 10.000
S_1252 -16.309 -90.060 10.000
I_1253 0.000 777.529 10.000
T_1254 -16.309 -90.974 10.000
Q_1255 -16.691 -643.904 7.000
F_1256 0.000 560.542 7.000
L_1257 0.000 679.918 4.000
P_1258 0.000 -195.996 0.000
L_1259 0.000 679.918 3.000
P_1260 0.000 -195.996 3.000
K_1261 -11.867 -818.649 6.000
M_1262 0.000 401.769 6.000
S_1263 -16.309 -90.060 10.000
L_1264 0.000 679.918 11.000
D_1265 -25.003 -475.402 14.000
E_1266 -22.253 -605.239 11.000
K_1267 -19.613 -818.649 15.000
A_1268 0.000 185.740 15.000
Q_1269 -22.253 -643.904 11.000
D_1270 -18.409 -475.402 8.000
A_1271 0.000 185.740 11.000
G_1272 0.000 -27.649 12.000
S_1273 -18.462 -90.060 13.000
R_1274 -32.645 -1015.709 16.000
R_1275 -35.072 -1015.709 19.000
S_1276 -20.127 -90.060 16.000
S_1277 -19.059 -90.060 14.000
I_1278 0.000 777.529 12.000
S_1279 -16.309 -90.060 10.000
S_1280 -13.255 -90.060 7.000
W_1281 -5.708 -203.500 10.000
L_1282 0.000 679.918 11.000
S_1283 -14.420 -90.060 8.000
E_1284 -21.132 -605.239 10.000
M_1285 0.000 401.769 10.000
S_1286 -13.255 -90.060 7.000
A_1287 0.000 185.740 6.000
G_1288 0.000 -27.649 10.000
S_1289 -13.255 -90.060 7.000
E_1290 -22.253 -605.239 11.000
G_1291 0.000 -27.649 15.000
E_1292 -25.772 -605.239 15.000
Q_1293 -22.253 -643.904 11.000
S_1294 -18.462 -90.060 13.000
C_1295 0.000 322.480 12.000
H_1296 -9.978 -583.484 8.000
S_1297 -10.149 -90.060 5.000
F_1298 0.000 560.542 5.000
I_1299 0.000 777.529 7.000
A_1300 0.000 185.740 7.000
Q_1301 -16.691 -643.904 7.000
T_1302 -13.255 -90.974 7.000
C_1303 0.000 322.480 7.000
F_1304 0.000 560.542 5.000
G_1305 0.000 -27.649 2.000
H_1306 -8.431 -583.484 6.000
G_1307 0.000 -27.649 6.000
E_1308 -14.591 -605.239 6.000
A_1309 0.000 185.740 4.000
M_1310 0.000 401.769 8.000
A_1311 0.000 185.740 4.000
E_1312 -7.878 -605.239 4.000
P_1313 0.000 -195.996 4.000
V_1314 0.000 613.196 7.000
A_1315 0.000 185.740 7.000
S_1316 -13.255 -90.060 7.000
E_1317 -16.691 -605.239 7.000
F_1318 0.000 560.542 10.000
V_1319 0.000 613.196 10.000
S_1320 -11.867 -90.060 6.000
S_1321 -16.309 -90.060 10.000
L_1322 0.000 679.918 14.000
Q_1323 -25.003 -643.904 14.000
N_1324 -22.253 -507.047 11.000
T_1325 -17.098 -90.974 11.000
A_1326 0.000 185.740 7.000
V_1327 0.000 613.196 3.000
V_1328 0.000 613.196 5.000
C_1329 0.000 322.480 9.000
R_1330 -28.412 -1015.709 12.000
E_1331 -23.258 -605.239 12.000
K_1332 -19.613 -818.649 15.000
P_1333 0.000 -195.996 10.000
K_1334 -15.425 -818.649 9.000
A_1335 0.000 185.740 6.000
S_1336 -16.309 -90.060 10.000
P_1337 0.000 -195.996 11.000
D_1338 -22.253 -475.402 11.000
N_1339 -18.409 -507.047 8.000
L_1340 0.000 679.918 8.000
L_1341 0.000 679.918 4.000
I_1342 0.000 777.529 3.000
L_1343 0.000 679.918 7.000
S_1344 -13.255 -90.060 7.000
E_1345 -16.691 -605.239 7.000
M_1346 0.000 401.769 11.000
G_1347 0.000 -27.649 12.000
D_1348 -22.253 -475.402 11.000
D_1349 -22.253 -475.402 11.000
S_1350 -19.613 -90.060 15.000
F_1351 0.000 560.542 14.000
N_1352 -21.132 -507.047 10.000
K_1353 -13.255 -818.649 7.000
A_1354 0.000 185.740 7.000
A_1355 0.000 185.740 3.000
P_1356 0.000 -195.996 3.000
I_1357 0.000 777.529 3.000
K_1358 -4.441 -818.649 3.000
G_1359 0.000 -27.649 6.000
C_1360 0.000 322.480 6.000
K_1361 -11.867 -818.649 6.000
I_1362 0.000 777.529 9.000
S_1363 -15.425 -90.060 9.000
T_1364 -15.425 -90.974 9.000
V_1365 0.000 613.196 12.000
S_1366 -15.425 -90.060 9.000
K_1367 -11.867 -818.649 6.000
A_1368 0.000 185.740 6.000
M_1369 0.000 401.769 6.000
V_1370 0.000 613.196 3.000
T_1371 -11.867 -90.974 6.000
I_1372 0.000 777.529 10.000
S_1373 -18.462 -90.060 13.000
N_1374 -21.132 -507.047 10.000
T_1375 -19.059 -90.974 14.000
A_1376 0.000 185.740 11.000
N_1377 -21.132 -507.047 10.000
L_1378 0.000 679.918 10.000
S_1379 -16.309 -90.060 10.000
S_1380 -16.309 -90.060 10.000
C_1381 0.000 322.480 10.000
E_1382 -19.866 -605.239 9.000
G_1383 0.000 -27.649 6.000
Y_1384 -8.431 -274.939 6.000
I_1385 0.000 777.529 2.000
P_1386 0.000 -195.996 5.000
M_1387 0.000 401.769 6.000
K_1388 -16.309 -818.649 10.000
T_1389 -16.309 -90.974 10.000
N_1390 -24.169 -507.047 13.000
I_1391 0.000 777.529 10.000
T_1392 -15.425 -90.974 9.000
V_1393 0.000 613.196 5.000
Y_1394 -7.426 -274.939 5.000
P_1395 0.000 -195.996 2.000
C_1396 0.000 322.480 2.000
I_1397 0.000 777.529 0.000
A_1398 0.000 185.740 3.000
M_1399 0.000 401.769 3.000
S_1400 -14.420 -90.060 8.000
P_1401 0.000 -195.996 12.000
R_1402 -28.412 -1015.709 12.000
N_1403 -24.169 -507.047 13.000
I_1404 0.000 777.529 17.000
Q_1405 -23.258 -643.904 12.000
E_1406 -23.258 -605.239 12.000
P_1407 0.000 -195.996 12.000
E_1408 -18.409 -605.239 8.000
A_1409 0.000 185.740 7.000
P_1410 0.000 -195.996 7.000
T_1411 -11.867 -90.974 6.000
A_1412 0.000 185.740 6.000
T_1413 -15.425 -90.974 9.000
P_1414 0.000 -195.996 6.000
K_1415 -11.867 -818.649 6.000
A_1416 0.000 185.740 3.000
G_1417 0.000 -27.649 6.000
P_1418 0.000 -195.996 3.000
T_1419 -4.441 -90.974 3.000
L_1420 0.000 679.918 7.000
A_1421 0.000 185.740 10.000
Q_1422 -23.258 -643.904 12.000
S_1423 -20.127 -90.060 16.000
R_1424 -35.072 -1015.709 19.000
E_1425 -27.773 -605.239 18.000
S_1426 -21.486 -90.060 19.000
K_1427 -21.060 -818.649 18.000
E_1428 -27.150 -605.239 17.000
N_1429 -25.003 -507.047 14.000
S_1430 -19.059 -90.060 14.000
A_1431 0.000 185.740 13.000
K_1432 -18.462 -818.649 13.000
K_1433 -16.309 -818.649 10.000
E_1434 -24.169 -605.239 13.000
M_1435 0.000 401.769 10.000
K_1436 -17.098 -818.649 11.000
F_1437 0.000 560.542 11.000
E_1438 -22.253 -605.239 11.000
D_1439 -19.866 -475.402 9.000
P_1440 0.000 -195.996 9.000
W_1441 -5.155 -203.500 8.000
L_1442 0.000 679.918 9.000
K_1443 -18.462 -818.649 13.000
R_1444 -32.645 -1015.709 16.000
E_1445 -28.912 -605.239 20.000
E_1446 -27.150 -605.239 17.000
E_1447 -25.772 -605.239 15.000
V_1448 0.000 613.196 14.000
K_1449 -19.059 -818.649 14.000
K_1450 -18.462 -818.649 13.000
E_1451 -24.169 -605.239 13.000
T_1452 -17.811 -90.974 12.000
A_1453 0.000 185.740 9.000
H_1454 -10.601 -583.484 9.000
P_1455 0.000 -195.996 10.000
N_1456 -25.003 -507.047 14.000
E_1457 -23.258 -605.239 12.000
E_1458 -23.258 -605.239 12.000
G_1459 0.000 -27.649 8.000
M_1460 0.000 401.769 9.000
M_1461 0.000 401.769 5.000
R_1462 -23.856 -1015.709 9.000
C_1463 0.000 322.480 12.000
E_1464 -23.258 -605.239 12.000
T_1465 -16.309 -90.974 10.000
A_1466 0.000 185.740 10.000
T_1467 -11.867 -90.974 6.000
G_1468 0.000 -27.649 6.000
P_1469 0.000 -195.996 10.000
S_1470 -13.255 -90.060 7.000
N_1471 -22.253 -507.047 11.000
A_1472 0.000 185.740 14.000
E_1473 -26.485 -605.239 16.000
T_1474 -17.811 -90.974 12.000
R_1475 -32.645 -1015.709 16.000
A_1476 0.000 185.740 16.000
E_1477 -27.150 -605.239 17.000
Q_1478 -26.485 -643.904 16.000
E_1479 -28.912 -605.239 20.000
Q_1480 -26.485 -643.904 16.000
D_1481 -25.772 -475.402 15.000
G_1482 0.000 -27.649 11.000
K_1483 -16.309 -818.649 10.000
P_1484 0.000 -195.996 6.000
S_1485 -11.867 -90.060 6.000
P_1486 0.000 -195.996 7.000
G_1487 0.000 -27.649 12.000
D_1488 -19.866 -475.402 9.000
R_1489 -28.412 -1015.709 12.000
L_1490 0.000 679.918 15.000
S_1491 -19.059 -90.060 14.000
S_1492 -17.811 -90.060 12.000
S_1493 -17.811 -90.060 12.000
S_1494 -18.462 -90.060 13.000
G_1495 0.000 -27.649 10.000
E_1496 -21.132 -605.239 10.000
V_1497 0.000 613.196 7.000
S_1498 -16.309 -90.060 10.000
A_1499 0.000 185.740 6.000
S_1500 -11.867 -90.060 6.000
P_1501 0.000 -195.996 6.000
V_1502 0.000 613.196 10.000
T_1503 -17.098 -90.974 11.000
D_1504 -22.253 -475.402 11.000
N_1505 -26.485 -507.047 16.000
F_1506 0.000 560.542 18.000
R_1507 -30.711 -1015.709 14.000
R_1508 -25.574 -1015.709 10.000
V_1509 0.000 613.196 14.000
V_1510 0.000 613.196 9.000
D_1511 -7.878 -475.402 4.000
G_1512 0.000 -27.649 8.000
C_1513 0.000 322.480 8.000
E_1514 -7.878 -605.239 4.000
M_1515 0.000 401.769 4.000
A_1516 0.000 185.740 4.000
L_1517 0.000 679.918 0.000
P_1518 0.000 -195.996 0.000
G_1519 0.000 -27.649 0.000
L_1520 0.000 679.918 3.000
A_1521 0.000 185.740 7.000
T_1522 -16.309 -90.974 10.000
Q_1523 -21.132 -643.904 10.000
S_1524 -16.309 -90.060 10.000
P_1525 0.000 -195.996 9.000
V_1526 0.000 613.196 5.000
H_1527 -8.431 -583.484 6.000
P_1528 0.000 -195.996 9.000
N_1529 -23.258 -507.047 12.000
K_1530 -16.309 -818.649 10.000
S_1531 -18.462 -90.060 13.000
V_1532 0.000 613.196 12.000
K_1533 -17.811 -818.649 12.000
S_1534 -17.811 -90.060 12.000
S_1535 -17.811 -90.060 12.000
S_1536 -15.425 -90.060 9.000
L_1537 0.000 679.918 11.000
P_1538 0.000 -195.996 8.000
R_1539 -11.867 -1015.709 5.000
A_1540 0.000 185.740 9.000
F_1541 0.000 560.542 12.000
Q_1542 -16.691 -643.904 7.000
K_1543 -16.309 -818.649 10.000
A_1544 0.000 185.740 15.000
S_1545 -19.613 -90.060 15.000
R_1546 -32.645 -1015.709 16.000
Q_1547 -28.912 -643.904 20.000
E_1548 -27.150 -605.239 17.000
E_1549 -26.485 -605.239 16.000
P_1550 0.000 -195.996 15.000
D_1551 -22.253 -475.402 11.000
S_1552 -16.309 -90.060 10.000
L_1553 0.000 679.918 12.000
S_1554 -16.309 -90.060 10.000
Y_1555 -9.265 -274.939 7.000
Y_1556 -9.265 -274.939 7.000
C_1557 0.000 322.480 4.000
A_1558 0.000 185.740 6.000
A_1559 0.000 185.740 7.000
E_1560 -22.253 -605.239 11.000
T_1561 -17.098 -90.974 11.000
N_1562 -22.253 -507.047 11.000
G_1563 0.000 -27.649 7.000
V_1564 0.000 613.196 4.000
G_1565 0.000 -27.649 0.000
A_1566 0.000 185.740 3.000
A_1567 0.000 185.740 3.000
S_1568 -11.867 -90.060 6.000
G_1569 0.000 -27.649 6.000
T_1570 -11.867 -90.974 6.000
P_1571 0.000 -195.996 6.000
P_1572 0.000 -195.996 9.000
S_1573 -11.867 -90.060 6.000
K_1574 -15.425 -818.649 9.000
A_1575 0.000 185.740 9.000
T_1576 -16.309 -90.974 10.000
L_1577 0.000 679.918 7.000
E_1578 -21.132 -605.239 10.000
G_1579 0.000 -27.649 7.000
K_1580 -13.255 -818.649 7.000
V_1581 0.000 613.196 6.000
A_1582 0.000 185.740 6.000
S_1583 -11.867 -90.060 6.000
P_1584 0.000 -195.996 8.000
K_1585 -14.420 -818.649 8.000
H_1586 -7.426 -583.484 5.000
C_1587 0.000 322.480 5.000
V_1588 0.000 613.196 2.000
L_1589 0.000 679.918 5.000
A_1590 0.000 185.740 5.000
R_1591 -21.845 -1015.709 8.000
P_1592 0.000 -195.996 8.000
K_1593 -17.098 -818.649 11.000
G_1594 0.000 -27.649 6.000
T_1595 -11.867 -90.974 6.000
P_1596 0.000 -195.996 3.000
P_1597 0.000 -195.996 3.000
L_1598 0.000 679.918 0.000
P_1599 0.000 -195.996 0.000
P_1600 0.000 -195.996 5.000
V_1601 0.000 613.196 8.000
R_1602 -27.076 -1015.709 11.000
K_1603 -19.059 -818.649 14.000
S_1604 -19.059 -90.060 14.000
S_1605 -18.462 -90.060 13.000
L_1606 0.000 679.918 14.000
D_1607 -25.003 -475.402 14.000
Q_1608 -25.772 -643.904 15.000
K_1609 -21.889 -818.649 20.000
N_1610 -26.485 -507.047 16.000
R_1611 -31.716 -1015.709 15.000
A_1612 0.000 185.740 12.000
S_1613 -17.811 -90.060 12.000
P_1614 0.000 -195.996 9.000
Q_1615 -23.258 -643.904 12.000
H_1616 -10.601 -583.484 9.000
S_1617 -17.811 -90.060 12.000
A_1618 0.000 185.740 8.000
S_1619 -15.425 -90.060 9.000
G_1620 0.000 -27.649 6.000
S_1621 -15.425 -90.060 9.000
G_1622 0.000 -27.649 9.000
T_1623 -17.811 -90.974 12.000
S_1624 -15.425 -90.060 9.000
S_1625 -15.425 -90.060 9.000
P_1626 0.000 -195.996 10.000
L_1627 0.000 679.918 11.000
N_1628 -18.409 -507.047 8.000
Q_1629 -18.409 -643.904 8.000
P_1630 0.000 -195.996 8.000
A_1631 0.000 185.740 4.000
A_1632 0.000 185.740 0.000
F_1633 0.000 560.542 0.000
P_1634 0.000 -195.996 0.000
A_1635 0.000 185.740 0.000
G_1636 0.000 -27.649 0.000
L_1637 0.000 679.918 4.000
P_1638 0.000 -195.996 8.000
D_1639 -18.409 -475.402 8.000
E_1640 -22.253 -605.239 11.000
P_1641 0.000 -195.996 11.000
S_1642 -16.309 -90.060 10.000
G_1643 0.000 -27.649 9.000
K_1644 -17.811 -818.649 12.000
T_1645 -18.462 -90.974 13.000
K_1646 -18.462 -818.649 13.000
D_1647 -24.169 -475.402 13.000
A_1648 0.000 185.740 13.000
S_1649 -18.462 -90.060 13.000
S_1650 -17.811 -90.060 12.000
S_1651 -19.613 -90.060 15.000
S_1652 -17.811 -90.060 12.000
K_1653 -15.425 -818.649 9.000
L_1654 0.000 679.918 9.000
F_1655 0.000 560.542 6.000
S_1656 -11.867 -90.060 6.000
A_1657 0.000 185.740 6.000
K_1658 -16.309 -818.649 10.000
L_1659 0.000 679.918 11.000
E_1660 -22.253 -605.239 11.000
Q_1661 -18.409 -643.904 8.000
L_1662 0.000 679.918 11.000
A_1663 0.000 185.740 12.000
S_1664 -17.098 -90.060 11.000
R_1665 -31.716 -1015.709 15.000
S_1666 -21.060 -90.060 18.000
N_1667 -25.772 -507.047 15.000
S_1668 -16.309 -90.060 10.000
L_1669 0.000 679.918 12.000
G_1670 0.000 -27.649 8.000
R_1671 -21.845 -1015.709 8.000
A_1672 0.000 185.740 8.000
T_1673 -17.098 -90.974 11.000
V_1674 0.000 613.196 8.000
S_1675 -16.309 -90.060 10.000
H_1676 -11.652 -583.484 11.000
Y_1677 -11.652 -274.939 11.000
E_1678 -18.409 -605.239 8.000
C_1679 0.000 322.480 9.000
L_1680 0.000 679.918 7.000
S_1681 -13.255 -90.060 7.000
L_1682 0.000 679.918 12.000
E_1683 -23.258 -605.239 12.000
R_1684 -29.616 -1015.709 13.000
A_1685 0.000 185.740 16.000
E_1686 -23.258 -605.239 12.000
S_1687 -16.309 -90.060 10.000
L_1688 0.000 679.918 13.000
S_1689 -15.425 -90.060 9.000
S_1690 -15.425 -90.060 9.000
V_1691 0.000 613.196 12.000
S_1692 -19.059 -90.060 14.000
S_1693 -17.098 -90.060 11.000
R_1694 -29.616 -1015.709 13.000
L_1695 0.000 679.918 10.000
H_1696 -9.265 -583.484 7.000
A_1697 0.000 185.740 5.000
G_1698 0.000 -27.649 9.000
K_1699 -13.255 -818.649 7.000
D_1700 -21.132 -475.402 10.000
G_1701 0.000 -27.649 10.000
T_1702 -13.255 -90.974 7.000
M_1703 0.000 401.769 8.000
P_1704 0.000 -195.996 8.000
R_1705 -11.867 -1015.709 5.000
A_1706 0.000 185.740 10.000
G_1707 0.000 -27.649 13.000
R_1708 -21.845 -1015.709 8.000
S_1709 -14.420 -90.060 8.000
L_1710 0.000 679.918 13.000
G_1711 0.000 -27.649 11.000
R_1712 -21.845 -1015.709 8.000
S_1713 -14.420 -90.060 8.000
A_1714 0.000 185.740 11.000
G_1715 0.000 -27.649 9.000
T_1716 -11.867 -90.974 6.000
S_1717 -11.867 -90.060 6.000
P_1718 0.000 -195.996 9.000
P_1719 0.000 -195.996 9.000
S_1720 -11.867 -90.060 6.000
S_1721 -11.867 -90.060 6.000
G_1722 0.000 -27.649 9.000
A_1723 0.000 185.740 6.000
S_1724 -11.867 -90.060 6.000
P_1725 0.000 -195.996 6.000
K_1726 -11.867 -818.649 6.000
A_1727 0.000 185.740 7.000
G_1728 0.000 -27.649 10.000
Q_1729 -21.132 -643.904 10.000
S_1730 -16.309 -90.060 10.000
K_1731 -18.462 -818.649 13.000
I_1732 0.000 777.529 9.000
S_1733 -11.867 -90.060 6.000
A_1734 0.000 185.740 6.000
V_1735 0.000 613.196 11.000
S_1736 -14.420 -90.060 8.000
R_1737 -21.845 -1015.709 8.000
L_1738 0.000 679.918 8.000
L_1739 0.000 679.918 5.000
L_1740 0.000 679.918 3.000
A_1741 0.000 185.740 3.000
S_1742 -14.420 -90.060 8.000
P_1743 0.000 -195.996 8.000
R_1744 -29.616 -1015.709 13.000
A_1745 0.000 185.740 10.000
R_1746 -25.574 -1015.709 10.000
G_1747 0.000 -27.649 8.000
P_1748 0.000 -195.996 8.000
S_1749 -11.867 -90.060 6.000
A_1750 0.000 185.740 9.000
S_1751 -17.811 -90.060 12.000
T_1752 -17.811 -90.974 12.000
T_1753 -19.613 -90.974 15.000
K_1754 -17.811 -818.649 12.000
T_1755 -17.811 -90.974 12.000
L_1756 0.000 679.918 9.000
S_1757 -15.425 -90.060 9.000
F_1758 0.000 560.542 9.000
S_1759 -17.811 -90.060 12.000
T_1760 -17.811 -90.974 12.000
K_1761 -17.811 -818.649 12.000
S_1762 -15.425 -90.060 9.000
L_1763 0.000 679.918 10.000
P_1764 0.000 -195.996 7.000
Q_1765 -7.878 -643.904 4.000
A_1766 0.000 185.740 4.000
V_1767 0.000 613.196 8.000
G_1768 0.000 -27.649 4.000
Q_1769 -16.691 -643.904 7.000
G_1770 0.000 -27.649 10.000
S_1771 -18.462 -90.060 13.000
S_1772 -15.425 -90.060 9.000
S_1773 -15.425 -90.060 9.000
P_1774 0.000 -195.996 6.000
P_1775 0.000 -195.996 3.000
G_1776 0.000 -27.649 3.000
G_1777 0.000 -27.649 5.000
K_1778 -14.420 -818.649 8.000
H_1779 -9.978 -583.484 8.000
T_1780 -15.425 -90.974 9.000
P_1781 0.000 -195.996 9.000
W_1782 -5.708 -203.500 10.000
S_1783 -17.098 -90.060 11.000
T_1784 -19.059 -90.974 14.000
Q_1785 -24.169 -643.904 13.000
S_1786 -18.462 -90.060 13.000
L_1787 0.000 679.918 15.000
S_1788 -19.613 -90.060 15.000
R_1789 -33.508 -1015.709 17.000
N_1790 -28.912 -507.047 20.000
R_1791 -35.785 -1015.709 20.000
S_1792 -19.613 -90.060 15.000
S_1793 -17.098 -90.060 11.000
G_1794 0.000 -27.649 6.000
L_1795 0.000 679.918 6.000
A_1796 0.000 185.740 6.000
S_1797 -11.867 -90.060 6.000
K_1798 -11.867 -818.649 6.000
L_1799 0.000 679.918 6.000
P_1800 0.000 -195.996 8.000
L_1801 0.000 679.918 5.000
R_1802 -11.867 -1015.709 5.000
A_1803 0.000 185.740 8.000
V_1804 0.000 613.196 8.000
S_1805 -14.420 -90.060 8.000
G_1806 0.000 -27.649 8.000
R_1807 -27.076 -1015.709 11.000
I_1808 0.000 777.529 12.000
S_1809 -17.811 -90.060 12.000
E_1810 -16.691 -605.239 7.000
L_1811 0.000 679.918 11.000
L_1812 0.000 679.918 8.000
Q_1813 -7.878 -643.904 4.000
G_1814 0.000 -27.649 4.000
G_1815 0.000 -27.649 4.000
A_1816 0.000 185.740 0.000
G_1817 0.000 -27.649 5.000
A_1818 0.000 185.740 5.000
R_1819 -11.867 -1015.709 5.000
G_1820 0.000 -27.649 9.000
L_1821 0.000 679.918 9.000
Q_1822 -19.866 -643.904 9.000
L_1823 0.000 679.918 9.000
R_1824 -23.856 -1015.709 9.000
A_1825 0.000 185.740 5.000
G_1826 0.000 -27.649 9.000
P_1827 0.000 -195.996 4.000
E_1828 -18.409 -605.239 8.000
A_1829 0.000 185.740 8.000
E_1830 -24.169 -605.239 13.000
A_1831 0.000 185.740 9.000
R_1832 -23.856 -1015.709 9.000
G_1833 0.000 -27.649 5.000
G_1834 0.000 -27.649 5.000
A_1835 0.000 185.740 0.000
L_1836 0.000 679.918 4.000
A_1837 0.000 185.740 8.000
E_1838 -23.258 -605.239 12.000
D_1839 -23.258 -475.402 12.000
E_1840 -23.258 -605.239 12.000
P_1841 0.000 -195.996 8.000
A_1842 0.000 185.740 4.000
A_1843 0.000 185.740 2.000
A_1844 0.000 185.740 2.000
H_1845 -1.718 -583.484 2.000
L_1846 0.000 679.918 2.000
L_1847 0.000 679.918 5.000
P_1848 0.000 -195.996 3.000
S_1849 -10.149 -90.060 5.000
P_1850 0.000 -195.996 8.000
Y_1851 -11.652 -274.939 11.000
S_1852 -14.420 -90.060 8.000
K_1853 -17.098 -818.649 11.000
I_1854 0.000 777.529 9.000
T_1855 -11.867 -90.974 6.000
P_1856 0.000 -195.996 8.000
P_1857 0.000 -195.996 13.000
R_1858 -25.574 -1015.709 10.000
R_1859 -28.412 -1015.709 12.000
P_1860 0.000 -195.996 17.000
H_1861 -12.104 -583.484 12.000
R_1862 -25.574 -1015.709 10.000
C_1863 0.000 322.480 13.000
S_1864 -17.098 -90.060 11.000
S_1865 -14.420 -90.060 8.000
G_1866 0.000 -27.649 8.000
H_1867 -9.978 -583.484 8.000
G_1868 0.000 -27.649 9.000
S_1869 -18.462 -90.060 13.000
D_1870 -25.003 -475.402 14.000
N_1871 -27.150 -507.047 17.000
S_1872 -19.059 -90.060 14.000
S_1873 -16.309 -90.060 10.000
V_1874 0.000 613.196 9.000
L_1875 0.000 679.918 6.000
S_1876 -13.255 -90.060 7.000
G_1877 0.000 -27.649 7.000
E_1878 -16.691 -605.239 7.000
L_1879 0.000 679.918 4.000
P_1880 0.000 -195.996 4.000
P_1881 0.000 -195.996 0.000
A_1882 0.000 185.740 0.000
M_1883 0.000 401.769 3.000
G_1884 0.000 -27.649 6.000
K_1885 -11.867 -818.649 6.000
T_1886 -11.867 -90.974 6.000
A_1887 0.000 185.740 6.000
L_1888 0.000 679.918 5.000
F_1889 0.000 560.542 4.000
Y_1890 -9.265 -274.939 7.000
H_1891 -9.265 -583.484 7.000
S_1892 -13.255 -90.060 7.000
G_1893 0.000 -27.649 8.000
G_1894 0.000 -27.649 9.000
S_1895 -11.867 -90.060 6.000
S_1896 -14.420 -90.060 8.000
G_1897 0.000 -27.649 12.000
Y_1898 -12.104 -274.939 12.000
E_1899 -19.866 -605.239 9.000
S_1900 -15.425 -90.060 9.000
V_1901 0.000 613.196 12.000
M_1902 0.000 401.769 12.000
R_1903 -28.412 -1015.709 12.000
D_1904 -26.485 -475.402 16.000
S_1905 -20.127 -90.060 16.000
E_1906 -25.003 -605.239 14.000
A_1907 0.000 185.740 10.000
T_1908 -16.309 -90.974 10.000
G_1909 0.000 -27.649 6.000
S_1910 -15.425 -90.060 9.000
A_1911 0.000 185.740 9.000
S_1912 -15.425 -90.060 9.000
S_1913 -16.309 -90.060 10.000
A_1914 0.000 185.740 14.000
Q_1915 -25.003 -643.904 14.000
D_1916 -25.003 -475.402 14.000
S_1917 -20.609 -90.060 17.000
T_1918 -20.609 -90.974 17.000
S_1919 -20.609 -90.060 17.000
E_1920 -27.150 -605.239 17.000
N_1921 -27.150 -507.047 17.000
S_1922 -20.609 -90.060 17.000
S_1923 -18.462 -90.060 13.000
S_1924 -15.425 -90.060 9.000
V_1925 0.000 613.196 6.000
G_1926 0.000 -27.649 8.000
G_1927 0.000 -27.649 5.000
R_1928 -25.574 -1015.709 10.000
C_1929 0.000 322.480 13.000
R_1930 -29.616 -1015.709 13.000
S_1931 -17.098 -90.060 11.000
L_1932 0.000 679.918 14.000
K_1933 -15.425 -818.649 9.000
T_1934 -15.425 -90.974 9.000
P_1935 0.000 -195.996 12.000
K_1936 -19.059 -818.649 14.000
K_1937 -19.059 -818.649 14.000
R_1938 -34.315 -1015.709 18.000
S_1939 -19.613 -90.060 15.000
N_1940 -23.258 -507.047 12.000
P_1941 0.000 -195.996 10.000
G_1942 0.000 -27.649 11.000
S_1943 -17.811 -90.060 12.000
Q_1944 -27.150 -643.904 17.000
R_1945 -37.098 -1015.709 22.000
R_1946 -35.072 -1015.709 19.000
R_1947 -31.716 -1015.709 15.000
L_1948 0.000 679.918 10.000
I_1949 0.000 777.529 5.000
P_1950 0.000 -195.996 0.000
A_1951 0.000 185.740 3.000
L_1952 0.000 679.918 3.000
S_1953 -13.255 -90.060 7.000
L_1954 0.000 679.918 10.000
D_1955 -24.169 -475.402 13.000
T_1956 -18.462 -90.974 13.000
S_1957 -18.462 -90.060 13.000
S_1958 -15.425 -90.060 9.000
P_1959 0.000 -195.996 11.000
V_1960 0.000 613.196 11.000
R_1961 -21.845 -1015.709 8.000
K_1962 -14.420 -818.649 8.000
P_1963 0.000 -195.996 12.000
P_1964 0.000 -195.996 10.000
N_1965 -21.132 -507.047 10.000
S_1966 -16.309 -90.060 10.000
T_1967 -16.309 -90.974 10.000
G_1968 0.000 -27.649 11.000
V_1969 0.000 613.196 9.000
R_1970 -16.309 -1015.709 6.000
W_1971 -5.708 -203.500 10.000
V_1972 0.000 613.196 10.000
D_1973 -11.867 -475.402 5.000
G_1974 0.000 -27.649 4.000
P_1975 0.000 -195.996 9.000
L_1976 0.000 679.918 8.000
R_1977 -27.076 -1015.709 11.000
S_1978 -17.098 -90.060 11.000
S_1979 -20.127 -90.060 16.000
P_1980 0.000 -195.996 11.000
R_1981 -21.845 -1015.709 8.000
G_1982 0.000 -27.649 5.000
L_1983 0.000 679.918 9.000
G_1984 0.000 -27.649 4.000
E_1985 -7.878 -605.239 4.000
P_1986 0.000 -195.996 8.000
F_1987 0.000 560.542 8.000
E_1988 -16.691 -605.239 7.000
I_1989 0.000 777.529 7.000
K_1990 -15.425 -818.649 9.000
V_1991 0.000 613.196 9.000
Y_1992 -10.601 -274.939 9.000
E_1993 -21.132 -605.239 10.000
I_1994 0.000 777.529 14.000
D_1995 -23.258 -475.402 12.000
D_1996 -23.258 -475.402 12.000
V_1997 0.000 613.196 17.000
E_1998 -24.169 -605.239 13.000
R_1999 -29.616 -1015.709 13.000
L_2000 0.000 679.918 18.000
Q_2001 -28.359 -643.904 19.000
R_2002 -35.072 -1015.709 19.000
R_2003 -35.072 -1015.709 19.000
R_2004 -31.716 -1015.709 15.000
G_2005 0.000 -27.649 10.000
G_2006 0.000 -27.649 8.000
A_2007 0.000 185.740 6.000
S_2008 -16.309 -90.060 10.000
K_2009 -16.309 -818.649 10.000
E_2010 -21.132 -605.239 10.000
A_2011 0.000 185.740 7.000
M_2012 0.000 401.769 4.000
C_2013 0.000 322.480 4.000
F_2014 0.000 560.542 4.000
N_2015 -16.691 -507.047 7.000
A_2016 0.000 185.740 7.000
K_2017 -16.309 -818.649 10.000
L_2018 0.000 679.918 6.000
K_2019 -11.867 -818.649 6.000
I_2020 0.000 777.529 7.000
L_2021 0.000 679.918 9.000
E_2022 -22.253 -605.239 11.000
H_2023 -13.255 -583.484 15.000
R_2024 -35.072 -1015.709 19.000
Q_2025 -28.912 -643.904 20.000
Q_2026 -27.773 -643.904 18.000
R_2027 -29.616 -1015.709 13.000
I_2028 0.000 777.529 13.000
A_2029 0.000 185.740 9.000
E_2030 -19.866 -605.239 9.000
V_2031 0.000 613.196 9.000
R_2032 -28.412 -1015.709 12.000
A_2033 0.000 185.740 10.000
K_2034 -19.059 -818.649 14.000
Y_2035 -11.154 -274.939 10.000
E_2036 -21.132 -605.239 10.000
W_2037 -4.824 -203.500 7.000
L_2038 0.000 679.918 8.000
M_2039 0.000 401.769 8.000
K_2040 -13.255 -818.649 7.000
E_2041 -22.253 -605.239 11.000
L_2042 0.000 679.918 11.000
E_2043 -22.253 -605.239 11.000
A_2044 0.000 185.740 10.000
T_2045 -19.059 -90.974 14.000
K_2046 -17.811 -818.649 12.000
Q_2047 -23.258 -643.904 12.000
Y_2048 -10.601 -274.939 9.000
L_2049 0.000 679.918 6.000
M_2050 0.000 401.769 6.000
L_2051 0.000 679.918 4.000
D_2052 -18.409 -475.402 8.000
P_2053 0.000 -195.996 11.000
N_2054 -23.258 -507.047 12.000
K_2055 -14.420 -818.649 8.000
W_2056 -5.944 -203.500 11.000
L_2057 0.000 679.918 11.000
S_2058 -14.420 -90.060 8.000
E_2059 -22.253 -605.239 11.000
F_2060 0.000 560.542 11.000
D_2061 -23.258 -475.402 12.000
L_2062 0.000 679.918 12.000
E_2063 -23.258 -605.239 12.000
Q_2064 -19.866 -643.904 9.000
V_2065 0.000 613.196 13.000
W_2066 -5.447 -203.500 9.000
E_2067 -19.866 -605.239 9.000
L_2068 0.000 679.918 12.000
D_2069 -22.253 -475.402 11.000
S_2070 -17.098 -90.060 11.000
L_2071 0.000 679.918 13.000
E_2072 -19.866 -605.239 9.000
Y_2073 -11.154 -274.939 10.000
L_2074 0.000 679.918 10.000
E_2075 -14.591 -605.239 6.000
A_2076 0.000 185.740 8.000
L_2077 0.000 679.918 8.000
E_2078 -7.878 -605.239 4.000
C_2079 0.000 322.480 7.000
V_2080 0.000 613.196 11.000
T_2081 -17.811 -90.974 12.000
E_2082 -23.258 -605.239 12.000
R_2083 -32.645 -1015.709 16.000
L_2084 0.000 679.918 16.000
E_2085 -27.150 -605.239 17.000
S_2086 -17.811 -90.060 12.000
R_2087 -32.645 -1015.709 16.000
V_2088 0.000 613.196 12.000
N_2089 -19.866 -507.047 9.000
F_2090 0.000 560.542 7.000
C_2091 0.000 322.480 7.000
K_2092 -10.149 -818.649 5.000
A_2093 0.000 185.740 5.000
H_2094 -7.426 -583.484 5.000
L_2095 0.000 679.918 2.000
M_2096 0.000 401.769 2.000
M_2097 0.000 401.769 3.000
I_2098 0.000 777.529 3.000
T_2099 -4.441 -90.974 3.000
C_2100 0.000 322.480 7.000
F_2101 0.000 560.542 7.000
D_2102 -16.691 -475.402 7.000
I_2103 0.000 777.529 10.000
T_2104 -19.613 -90.974 15.000
S_2105 -20.127 -90.060 16.000
R_2106 -36.459 -1015.709 21.000
R_2107 -34.315 -1015.709 18.000
R_2108 -31.716 -1015.709 15.000
