M_1 0.000 401.769 6.000
S_2 -11.867 -90.060 6.000
T_3 -15.425 -90.974 9.000
A_4 0.000 185.740 12.000
T_5 -15.425 -90.974 9.000
T_6 -11.867 -90.974 6.000
V_7 0.000 613.196 6.000
A_8 0.000 185.740 3.000
P_9 0.000 -195.996 0.000
A_10 0.000 185.740 0.000
G_11 0.000 -27.649 0.000
I_12 0.000 777.529 0.000
P_13 0.000 -195.996 3.000
A_14 0.000 185.740 3.000
T_15 -4.441 -90.974 3.000
P_16 0.000 -195.996 3.000
G_17 0.000 -27.649 3.000
P_18 0.000 -195.996 4.000
V_19 0.000 613.196 4.000
N_20 -7.878 -507.047 4.000
P_21 0.000 -195.996 4.000
P_22 0.000 -195.996 4.000
P_23 0.000 -195.996 4.000
P_24 0.000 -195.996 4.000
E_25 -16.691 -605.239 7.000
V_26 0.000 613.196 11.000
S_27 -17.098 -90.060 11.000
N_28 -21.132 -507.047 10.000
P_29 0.000 -195.996 13.000
S_30 -16.309 -90.060 10.000
K_31 -11.867 -818.649 6.000
P_32 0.000 -195.996 11.000
G_33 0.000 -27.649 11.000
R_34 -27.076 -1015.709 11.000
K_35 -19.613 -818.649 15.000
T_36 -21.486 -90.974 19.000
N_37 -25.003 -507.047 14.000
Q_38 -25.772 -643.904 15.000
L_39 0.000 679.918 14.000
Q_40 -21.132 -643.904 10.000
Y_41 -11.154 -274.939 10.000
M_42 0.000 401.769 14.000
Q_43 -21.132 -643.904 10.000
N_44 -18.409 -507.047 8.000
V_45 0.000 613.196 8.000
V_46 0.000 613.196 7.000
V_47 0.000 613.196 6.000
K_48 -11.867 -818.649 6.000
T_49 -13.255 -90.974 7.000
L_50 0.000 679.918 10.000
W_51 -5.447 -203.500 9.000
K_52 -16.309 -818.649 10.000
H_53 -11.154 -583.484 10.000
Q_54 -19.866 -643.904 9.000
F_55 0.000 560.542 7.000
A_56 0.000 185.740 5.000
W_57 -0.000 -203.500 1.000
P_58 0.000 -195.996 3.000
F_59 0.000 560.542 7.000
Y_60 -8.431 -274.939 6.000
Q_61 -14.591 -643.904 6.000
P_62 0.000 -195.996 10.000
V_63 0.000 613.196 8.000
D_64 -7.878 -475.402 4.000
A_65 0.000 185.740 7.000
I_66 0.000 777.529 7.000
K_67 -13.255 -818.649 7.000
L_68 0.000 679.918 7.000
N_69 -16.691 -507.047 7.000
L_70 0.000 679.918 8.000
P_71 0.000 -195.996 10.000
D_72 -18.409 -475.402 8.000
Y_73 -11.652 -274.939 11.000
H_74 -11.652 -583.484 11.000
K_75 -13.255 -818.649 7.000
I_76 0.000 777.529 8.000
I_77 0.000 777.529 10.000
K_78 -13.255 -818.649 7.000
N_79 -16.691 -507.047 7.000
P_80 0.000 -195.996 11.000
M_81 0.000 401.769 8.000
D_82 -7.878 -475.402 4.000
M_83 0.000 401.769 7.000
G_84 0.000 -27.649 7.000
T_85 -11.867 -90.974 6.000
I_86 0.000 777.529 9.000
K_87 -19.059 -818.649 14.000
K_88 -17.098 -818.649 11.000
R_89 -31.716 -1015.709 15.000
L_90 0.000 679.918 16.000
E_91 -27.150 -605.239 17.000
N_92 -25.003 -507.047 14.000
N_93 -26.485 -507.047 16.000
Y_94 -12.518 -274.939 13.000
Y_95 -12.104 -274.939 12.000
W_96 -5.155 -203.500 8.000
S_97 -15.425 -90.060 9.000
A_98 0.000 185.740 11.000
S_99 -16.309 -90.060 10.000
E_100 -16.691 -605.239 7.000
C_101 0.000 322.480 11.000
M_102 0.000 401.769 12.000
Q_103 -18.409 -643.904 8.000
D_104 -23.258 -475.402 12.000
F_105 0.000 560.542 15.000
N_106 -22.253 -507.047 11.000
T_107 -13.255 -90.974 7.000
M_108 0.000 401.769 10.000
F_109 0.000 560.542 10.000
T_110 -13.255 -90.974 7.000
N_111 -19.866 -507.047 9.000
C_112 0.000 322.480 9.000
Y_113 -9.978 -274.939 8.000
I_114 0.000 777.529 8.000
Y_115 -11.652 -274.939 11.000
N_116 -19.866 -507.047 9.000
K_117 -17.811 -818.649 12.000
P_118 0.000 -195.996 14.000
T_119 -19.059 -90.974 14.000
D_120 -22.253 -475.402 11.000
D_121 -22.253 -475.402 11.000
I_122 0.000 777.529 8.000
V_123 0.000 613.196 4.000
L_124 0.000 679.918 0.000
M_125 0.000 401.769 4.000
A_126 0.000 185.740 4.000
Q_127 -7.878 -643.904 4.000
A_128 0.000 185.740 8.000
L_129 0.000 679.918 11.000
E_130 -16.691 -605.239 7.000
K_131 -13.255 -818.649 7.000
I_132 0.000 777.529 7.000
F_133 0.000 560.542 7.000
L_134 0.000 679.918 7.000
Q_135 -16.691 -643.904 7.000
K_136 -13.255 -818.649 7.000
V_137 0.000 613.196 11.000
A_138 0.000 185.740 7.000
Q_139 -7.878 -643.904 4.000
M_140 0.000 401.769 8.000
P_141 0.000 -195.996 12.000
Q_142 -23.258 -643.904 12.000
E_143 -23.258 -605.239 12.000
E_144 -26.485 -605.239 16.000
V_145 0.000 613.196 12.000
E_146 -18.409 -605.239 8.000
L_147 0.000 679.918 4.000
L_148 0.000 679.918 4.000
P_149 0.000 -195.996 0.000
P_150 0.000 -195.996 0.000
A_151 0.000 185.740 3.000
P_152 0.000 -195.996 3.000
K_153 -11.867 -818.649 6.000
G_154 0.000 -27.649 6.000
K_155 -17.098 -818.649 11.000
G_156 0.000 -27.649 11.000
R_157 -27.076 -1015.709 11.000
K_158 -14.420 -818.649 8.000
P_159 0.000 -195.996 8.000
A_160 0.000 185.740 3.000
A_161 0.000 185.740 0.000
G_162 0.000 -27.649 4.000
A_163 0.000 185.740 7.000
Q_164 -16.691 -643.904 7.000
S_165 -13.255 -90.060 7.000
A_166 0.000 185.740 10.000
G_167 0.000 -27.649 10.000
T_168 -17.098 -90.974 11.000
Q_169 -22.253 -643.904 11.000
Q_170 -22.253 -643.904 11.000
V_171 0.000 613.196 8.000
A_172 0.000 185.740 4.000
A_173 0.000 185.740 3.000
V_174 0.000 613.196 6.000
S_175 -11.867 -90.060 6.000
S_176 -15.425 -90.060 9.000
V_177 0.000 613.196 9.000
S_178 -11.867 -90.060 6.000
P_179 0.000 -195.996 6.000
A_180 0.000 185.740 6.000
T_181 -4.441 -90.974 3.000
P_182 0.000 -195.996 7.000
F_183 0.000 560.542 10.000
Q_184 -16.691 -643.904 7.000
S_185 -13.255 -90.060 7.000
V_186 0.000 613.196 7.000
P_187 0.000 -195.996 6.000
P_188 0.000 -195.996 3.000
T_189 -11.867 -90.974 6.000
V_190 0.000 613.196 10.000
S_191 -18.462 -90.060 13.000
Q_192 -21.132 -643.904 10.000
T_193 -16.309 -90.974 10.000
P_194 0.000 -195.996 7.000
V_195 0.000 613.196 3.000
I_196 0.000 777.529 0.000
A_197 0.000 185.740 3.000
A_198 0.000 185.740 3.000
T_199 -4.441 -90.974 3.000
P_200 0.000 -195.996 3.000
V_201 0.000 613.196 6.000
P_202 0.000 -195.996 3.000
T_203 -11.867 -90.974 6.000
I_204 0.000 777.529 6.000
T_205 -16.309 -90.974 10.000
A_206 0.000 185.740 7.000
N_207 -21.132 -507.047 10.000
V_208 0.000 613.196 10.000
T_209 -16.309 -90.974 10.000
S_210 -11.867 -90.060 6.000
V_211 0.000 613.196 6.000
P_212 0.000 -195.996 3.000
V_213 0.000 613.196 0.000
P_214 0.000 -195.996 0.000
P_215 0.000 -195.996 0.000
A_216 0.000 185.740 0.000
A_217 0.000 185.740 0.000
A_218 0.000 185.740 0.000
P_219 0.000 -195.996 0.000
P_220 0.000 -195.996 0.000
P_221 0.000 -195.996 0.000
P_222 0.000 -195.996 3.000
A_223 0.000 185.740 3.000
T_224 -4.441 -90.974 3.000
P_225 0.000 -195.996 3.000
I_226 0.000 777.529 3.000
V_227 0.000 613.196 0.000
P_228 0.000 -195.996 0.000
V_229 0.000 613.196 0.000
V_230 0.000 613.196 0.000
P_231 0.000 -195.996 3.000
P_232 0.000 -195.996 3.000
T_233 -4.441 -90.974 3.000
P_234 0.000 -195.996 3.000
P_235 0.000 -195.996 3.000
V_236 0.000 613.196 3.000
V_237 0.000 613.196 6.000
K_238 -15.425 -818.649 9.000
K_239 -15.425 -818.649 9.000
K_240 -15.425 -818.649 9.000
G_241 0.000 -27.649 9.000
V_242 0.000 613.196 11.000
K_243 -17.098 -818.649 11.000
R_244 -27.076 -1015.709 11.000
K_245 -19.613 -818.649 15.000
A_246 0.000 185.740 15.000
D_247 -24.169 -475.402 13.000
T_248 -18.462 -90.974 13.000
T_249 -18.462 -90.974 13.000
T_250 -17.811 -90.974 12.000
P_251 0.000 -195.996 12.000
T_252 -17.811 -90.974 12.000
T_253 -15.425 -90.974 9.000
S_254 -15.425 -90.060 9.000
A_255 0.000 185.740 9.000
I_256 0.000 777.529 6.000
T_257 -11.867 -90.974 6.000
A_258 0.000 185.740 11.000
S_259 -19.059 -90.060 14.000
R_260 -31.716 -1015.709 15.000
S_261 -21.060 -90.060 18.000
E_262 -25.772 -605.239 15.000
S_263 -16.309 -90.060 10.000
P_264 0.000 -195.996 7.000
P_265 0.000 -195.996 3.000
P_266 0.000 -195.996 3.000
L_267 0.000 679.918 7.000
S_268 -13.255 -90.060 7.000
D_269 -21.132 -475.402 10.000
P_270 0.000 -195.996 14.000
K_271 -17.098 -818.649 11.000
Q_272 -21.132 -643.904 10.000
A_273 0.000 185.740 10.000
K_274 -13.255 -818.649 7.000
V_275 0.000 613.196 3.000
V_276 0.000 613.196 8.000
A_277 0.000 185.740 10.000
R_278 -30.711 -1015.709 14.000
R_279 -33.508 -1015.709 17.000
E_280 -27.150 -605.239 17.000
S_281 -17.811 -90.060 12.000
G_282 0.000 -27.649 12.000
G_283 0.000 -27.649 8.000
R_284 -11.867 -1015.709 5.000
P_285 0.000 -195.996 8.000
I_286 0.000 777.529 8.000
K_287 -4.441 -818.649 3.000
P_288 0.000 -195.996 6.000
P_289 0.000 -195.996 9.000
K_290 -16.309 -818.649 10.000
K_291 -16.309 -818.649 10.000
D_292 -25.003 -475.402 14.000
L_293 0.000 679.918 15.000
E_294 -23.258 -605.239 12.000
D_295 -23.258 -475.402 12.000
G_296 0.000 -27.649 12.000
E_297 -18.409 -605.239 8.000
V_298 0.000 613.196 8.000
P_299 0.000 -195.996 10.000
Q_300 -14.591 -643.904 6.000
H_301 -8.431 -583.484 6.000
A_302 0.000 185.740 9.000
G_303 0.000 -27.649 8.000
K_304 -11.867 -818.649 6.000
K_305 -15.425 -818.649 9.000
G_306 0.000 -27.649 9.000
K_307 -15.425 -818.649 9.000
L_308 0.000 679.918 10.000
S_309 -17.811 -90.060 12.000
E_310 -19.866 -605.239 9.000
H_311 -12.900 -583.484 14.000
L_312 0.000 679.918 13.000
R_313 -23.856 -1015.709 9.000
Y_314 -11.652 -274.939 11.000
C_315 0.000 322.480 14.000
D_316 -19.866 -475.402 9.000
S_317 -13.255 -90.060 7.000
I_318 0.000 777.529 12.000
L_319 0.000 679.918 12.000
R_320 -23.856 -1015.709 9.000
E_321 -19.866 -605.239 9.000
M_322 0.000 401.769 12.000
L_323 0.000 679.918 10.000
S_324 -15.425 -90.060 9.000
K_325 -17.098 -818.649 11.000
K_326 -17.098 -818.649 11.000
H_327 -9.978 -583.484 8.000
A_328 0.000 185.740 7.000
A_329 0.000 185.740 4.000
Y_330 -4.441 -274.939 3.000
A_331 0.000 185.740 3.000
W_332 -2.723 -203.500 3.000
P_333 0.000 -195.996 3.000
F_334 0.000 560.542 6.000
Y_335 -7.426 -274.939 5.000
K_336 -10.149 -818.649 5.000
P_337 0.000 -195.996 9.000
V_338 0.000 613.196 7.000
D_339 -18.409 -475.402 8.000
A_340 0.000 185.740 8.000
E_341 -18.409 -605.239 8.000
A_342 0.000 185.740 8.000
L_343 0.000 679.918 8.000
E_344 -14.591 -605.239 6.000
L_345 0.000 679.918 10.000
H_346 -12.104 -583.484 12.000
D_347 -21.132 -475.402 10.000
Y_348 -12.900 -274.939 14.000
H_349 -12.104 -583.484 12.000
D_350 -18.409 -475.402 8.000
I_351 0.000 777.529 9.000
I_352 0.000 777.529 9.000
K_353 -10.149 -818.649 5.000
H_354 -7.426 -583.484 5.000
P_355 0.000 -195.996 9.000
M_356 0.000 401.769 6.000
D_357 -16.691 -475.402 7.000
L_358 0.000 679.918 10.000
S_359 -16.309 -90.060 10.000
T_360 -15.425 -90.974 9.000
V_361 0.000 613.196 14.000
K_362 -19.059 -818.649 14.000
R_363 -27.076 -1015.709 11.000
K_364 -19.613 -818.649 15.000
M_365 0.000 401.769 12.000
D_366 -23.258 -475.402 12.000
G_367 0.000 -27.649 13.000
R_368 -31.716 -1015.709 15.000
E_369 -22.253 -605.239 11.000
Y_370 -13.255 -274.939 15.000
P_371 0.000 -195.996 10.000
D_372 -21.132 -475.402 10.000
A_373 0.000 185.740 8.000
Q_374 -18.409 -643.904 8.000
G_375 0.000 -27.649 4.000
F_376 0.000 560.542 4.000
A_377 0.000 185.740 4.000
A_378 0.000 185.740 4.000
D_379 -19.866 -475.402 9.000
V_380 0.000 613.196 9.000
R_381 -23.856 -1015.709 9.000
L_382 0.000 679.918 5.000
M_383 0.000 401.769 8.000
F_384 0.000 560.542 7.000
S_385 -13.255 -90.060 7.000
N_386 -19.866 -507.047 9.000
C_387 0.000 322.480 12.000
Y_388 -11.652 -274.939 11.000
K_389 -17.098 -818.649 11.000
Y_390 -11.652 -274.939 11.000
N_391 -19.866 -507.047 9.000
P_392 0.000 -195.996 10.000
P_393 0.000 -195.996 10.000
D_394 -21.132 -475.402 10.000
H_395 -11.154 -583.484 10.000
E_396 -21.132 -605.239 10.000
V_397 0.000 613.196 6.000
V_398 0.000 613.196 4.000
A_399 0.000 185.740 0.000
M_400 0.000 401.769 5.000
A_401 0.000 185.740 8.000
R_402 -21.845 -1015.709 8.000
K_403 -17.811 -818.649 12.000
L_404 0.000 679.918 16.000
Q_405 -22.253 -643.904 11.000
D_406 -18.409 -475.402 8.000
V_407 0.000 613.196 12.000
F_408 0.000 560.542 8.000
E_409 -19.866 -605.239 9.000
M_410 0.000 401.769 9.000
R_411 -23.856 -1015.709 9.000
F_412 0.000 560.542 8.000
A_413 0.000 185.740 8.000
K_414 -4.441 -818.649 3.000
M_415 0.000 401.769 7.000
P_416 0.000 -195.996 11.000
D_417 -18.409 -475.402 8.000
E_418 -18.409 -605.239 8.000
P_419 0.000 -195.996 12.000
V_420 0.000 613.196 8.000
E_421 -7.878 -605.239 4.000
A_422 0.000 185.740 4.000
P_423 0.000 -195.996 4.000
A_424 0.000 185.740 0.000
L_425 0.000 679.918 0.000
P_426 0.000 -195.996 0.000
A_427 0.000 185.740 0.000
P_428 0.000 -195.996 0.000
A_429 0.000 185.740 0.000
A_430 0.000 185.740 0.000
P_431 0.000 -195.996 0.000
M_432 0.000 401.769 3.000
V_433 0.000 613.196 6.000
S_434 -11.867 -90.060 6.000
K_435 -11.867 -818.649 6.000
G_436 0.000 -27.649 10.000
A_437 0.000 185.740 10.000
E_438 -21.132 -605.239 10.000
S_439 -19.613 -90.060 15.000
S_440 -21.060 -90.060 18.000
R_441 -33.508 -1015.709 17.000
S_442 -21.060 -90.060 18.000
S_443 -21.486 -90.060 19.000
E_444 -27.150 -605.239 17.000
E_445 -27.150 -605.239 17.000
S_446 -20.609 -90.060 17.000
S_447 -20.609 -90.060 17.000
S_448 -20.127 -90.060 16.000
D_449 -24.169 -475.402 13.000
S_450 -18.462 -90.060 13.000
G_451 0.000 -27.649 13.000
S_452 -18.462 -90.060 13.000
S_453 -18.462 -90.060 13.000
D_454 -27.150 -475.402 17.000
S_455 -21.060 -90.060 18.000
E_456 -28.359 -605.239 19.000
E_457 -28.912 -605.239 20.000
E_458 -27.150 -605.239 17.000
R_459 -32.645 -1015.709 16.000
A_460 0.000 185.740 17.000
T_461 -18.462 -90.974 13.000
R_462 -21.845 -1015.709 8.000
L_463 0.000 679.918 12.000
A_464 0.000 185.740 9.000
E_465 -18.409 -605.239 8.000
L_466 0.000 679.918 12.000
Q_467 -26.485 -643.904 16.000
E_468 -23.258 -605.239 12.000
Q_469 -25.772 -643.904 15.000
L_470 0.000 679.918 11.000
K_471 -13.255 -818.649 7.000
A_472 0.000 185.740 5.000
V_473 0.000 613.196 9.000
H_474 -11.154 -583.484 10.000
E_475 -21.132 -605.239 10.000
Q_476 -21.132 -643.904 10.000
L_477 0.000 679.918 8.000
A_478 0.000 185.740 4.000
A_479 0.000 185.740 3.000
L_480 0.000 679.918 7.000
S_481 -13.255 -90.060 7.000
Q_482 -16.691 -643.904 7.000
A_483 0.000 185.740 7.000
P_484 0.000 -195.996 8.000
V_485 0.000 613.196 7.000
N_486 -16.691 -507.047 7.000
K_487 -16.309 -818.649 10.000
P_488 0.000 -195.996 13.000
K_489 -17.811 -818.649 12.000
K_490 -17.811 -818.649 12.000
K_491 -20.127 -818.649 16.000
K_492 -20.127 -818.649 16.000
E_493 -26.485 -605.239 16.000
K_494 -20.609 -818.649 17.000
K_495 -20.609 -818.649 17.000
E_496 -27.150 -605.239 17.000
K_497 -20.609 -818.649 17.000
E_498 -27.150 -605.239 17.000
K_499 -20.127 -818.649 16.000
K_500 -20.127 -818.649 16.000
K_501 -20.127 -818.649 16.000
K_502 -20.127 -818.649 16.000
D_503 -27.150 -475.402 17.000
K_504 -20.609 -818.649 17.000
E_505 -27.773 -605.239 18.000
K_506 -20.609 -818.649 17.000
E_507 -27.773 -605.239 18.000
K_508 -20.609 -818.649 17.000
E_509 -26.485 -605.239 16.000
K_510 -19.613 -818.649 15.000
H_511 -12.104 -583.484 12.000
K_512 -17.098 -818.649 11.000
V_513 0.000 613.196 8.000
K_514 -16.309 -818.649 10.000
A_515 0.000 185.740 11.000
E_516 -25.772 -605.239 15.000
E_517 -25.772 -605.239 15.000
E_518 -27.773 -605.239 18.000
K_519 -19.059 -818.649 14.000
K_520 -18.462 -818.649 13.000
A_521 0.000 185.740 9.000
K_522 -11.867 -818.649 6.000
V_523 0.000 613.196 3.000
A_524 0.000 185.740 3.000
P_525 0.000 -195.996 0.000
P_526 0.000 -195.996 3.000
A_527 0.000 185.740 7.000
K_528 -13.255 -818.649 7.000
Q_529 -22.253 -643.904 11.000
A_530 0.000 185.740 15.000
Q_531 -25.772 -643.904 15.000
Q_532 -25.003 -643.904 14.000
K_533 -19.059 -818.649 14.000
K_534 -16.309 -818.649 10.000
A_535 0.000 185.740 6.000
P_536 0.000 -195.996 6.000
A_537 0.000 185.740 6.000
K_538 -11.867 -818.649 6.000
K_539 -16.309 -818.649 10.000
A_540 0.000 185.740 13.000
N_541 -24.169 -507.047 13.000
S_542 -18.462 -90.060 13.000
T_543 -20.127 -90.974 16.000
T_544 -17.811 -90.974 12.000
T_545 -15.425 -90.974 9.000
A_546 0.000 185.740 11.000
G_547 0.000 -27.649 12.000
R_548 -23.856 -1015.709 9.000
Q_549 -23.258 -643.904 12.000
L_550 0.000 679.918 15.000
K_551 -16.309 -818.649 10.000
K_552 -11.867 -818.649 6.000
G_553 0.000 -27.649 9.000
G_554 0.000 -27.649 10.000
K_555 -13.255 -818.649 7.000
Q_556 -21.132 -643.904 10.000
A_557 0.000 185.740 10.000
S_558 -16.309 -90.060 10.000
A_559 0.000 185.740 8.000
S_560 -17.811 -90.060 12.000
Y_561 -12.104 -274.939 12.000
D_562 -26.485 -475.402 16.000
S_563 -20.609 -90.060 17.000
E_564 -28.359 -605.239 19.000
E_565 -28.359 -605.239 19.000
E_566 -28.912 -605.239 20.000
E_567 -26.485 -605.239 16.000
E_568 -23.258 -605.239 12.000
G_569 0.000 -27.649 8.000
L_570 0.000 679.918 4.000
P_571 0.000 -195.996 3.000
M_572 0.000 401.769 5.000
S_573 -15.425 -90.060 9.000
Y_574 -12.518 -274.939 13.000
D_575 -26.485 -475.402 16.000
E_576 -27.773 -605.239 18.000
K_577 -21.889 -818.649 20.000
R_578 -32.645 -1015.709 16.000
Q_579 -25.772 -643.904 15.000
L_580 0.000 679.918 12.000
S_581 -17.098 -90.060 11.000
L_582 0.000 679.918 7.000
D_583 -22.253 -475.402 11.000
I_584 0.000 777.529 13.000
N_585 -24.169 -507.047 13.000
R_586 -23.856 -1015.709 9.000
L_587 0.000 679.918 9.000
P_588 0.000 -195.996 9.000
G_589 0.000 -27.649 7.000
E_590 -16.691 -605.239 7.000
K_591 -13.255 -818.649 7.000
L_592 0.000 679.918 12.000
G_593 0.000 -27.649 8.000
R_594 -11.867 -1015.709 5.000
V_595 0.000 613.196 7.000
V_596 0.000 613.196 7.000
H_597 -1.718 -583.484 2.000
I_598 0.000 777.529 6.000
I_599 0.000 777.529 9.000
Q_600 -23.258 -643.904 12.000
S_601 -20.127 -90.060 16.000
R_602 -32.645 -1015.709 16.000
E_603 -25.772 -605.239 15.000
P_604 0.000 -195.996 12.000
S_605 -17.811 -90.060 12.000
L_606 0.000 679.918 12.000
R_607 -31.716 -1015.709 15.000
D_608 -26.485 -475.402 16.000
S_609 -20.127 -90.060 16.000
N_610 -25.772 -507.047 15.000
P_611 0.000 -195.996 15.000
D_612 -23.258 -475.402 12.000
E_613 -23.258 -605.239 12.000
I_614 0.000 777.529 12.000
E_615 -23.258 -605.239 12.000
I_616 0.000 777.529 8.000
D_617 -23.258 -475.402 12.000
F_618 0.000 560.542 11.000
E_619 -22.253 -605.239 11.000
T_620 -16.309 -90.974 10.000
L_621 0.000 679.918 10.000
K_622 -15.425 -818.649 9.000
P_623 0.000 -195.996 9.000
T_624 -15.425 -90.974 9.000
T_625 -17.098 -90.974 11.000
L_626 0.000 679.918 15.000
R_627 -28.412 -1015.709 12.000
E_628 -24.169 -605.239 13.000
L_629 0.000 679.918 18.000
E_630 -25.772 -605.239 15.000
R_631 -27.076 -1015.709 11.000
Y_632 -12.900 -274.939 14.000
V_633 0.000 613.196 13.000
K_634 -14.420 -818.649 8.000
S_635 -11.867 -90.060 6.000
C_636 0.000 322.480 10.000
L_637 0.000 679.918 10.000
Q_638 -21.132 -643.904 10.000
K_639 -19.059 -818.649 14.000
K_640 -21.486 -818.649 19.000
Q_641 -27.773 -643.904 18.000
R_642 -31.716 -1015.709 15.000
K_643 -17.811 -818.649 12.000
P_644 0.000 -195.996 11.000
F_645 0.000 560.542 6.000
S_646 -11.867 -90.060 6.000
A_647 0.000 185.740 6.000
S_648 -15.425 -90.060 9.000
G_649 0.000 -27.649 9.000
K_650 -18.462 -818.649 13.000
K_651 -16.309 -818.649 10.000
Q_652 -21.132 -643.904 10.000
A_653 0.000 185.740 10.000
A_654 0.000 185.740 10.000
K_655 -15.425 -818.649 9.000
S_656 -18.462 -90.060 13.000
K_657 -20.609 -818.649 17.000
E_658 -25.003 -605.239 14.000
E_659 -22.253 -605.239 11.000
L_660 0.000 679.918 12.000
A_661 0.000 185.740 12.000
Q_662 -22.253 -643.904 11.000
E_663 -25.003 -605.239 14.000
K_664 -20.609 -818.649 17.000
K_665 -20.609 -818.649 17.000
K_666 -18.462 -818.649 13.000
E_667 -25.003 -605.239 14.000
L_668 0.000 679.918 14.000
E_669 -26.485 -605.239 16.000
K_670 -17.811 -818.649 12.000
R_671 -32.645 -1015.709 16.000
L_672 0.000 679.918 16.000
Q_673 -24.169 -643.904 13.000
D_674 -22.253 -475.402 11.000
V_675 0.000 613.196 11.000
S_676 -17.098 -90.060 11.000
G_677 0.000 -27.649 7.000
Q_678 -21.132 -643.904 10.000
L_679 0.000 679.918 10.000
S_680 -18.462 -90.060 13.000
S_681 -17.811 -90.060 12.000
S_682 -19.613 -90.060 15.000
K_683 -17.811 -818.649 12.000
K_684 -15.425 -818.649 9.000
P_685 0.000 -195.996 11.000
A_686 0.000 185.740 11.000
R_687 -28.412 -1015.709 12.000
K_688 -19.613 -818.649 15.000
E_689 -25.772 -605.239 15.000
K_690 -16.309 -818.649 10.000
P_691 0.000 -195.996 10.000
G_692 0.000 -27.649 6.000
S_693 -4.441 -90.060 3.000
A_694 0.000 185.740 6.000
P_695 0.000 -195.996 6.000
S_696 -4.441 -90.060 3.000
G_697 0.000 -27.649 3.000
G_698 0.000 -27.649 6.000
P_699 0.000 -195.996 8.000
S_700 -14.420 -90.060 8.000
R_701 -27.076 -1015.709 11.000
L_702 0.000 679.918 14.000
S_703 -19.059 -90.060 14.000
S_704 -17.811 -90.060 12.000
S_705 -19.613 -90.060 15.000
S_706 -19.613 -90.060 15.000
S_707 -20.127 -90.060 16.000
S_708 -20.127 -90.060 16.000
E_709 -24.169 -605.239 13.000
S_710 -18.462 -90.060 13.000
G_711 0.000 -27.649 13.000
S_712 -17.811 -90.060 12.000
S_713 -17.811 -90.060 12.000
S_714 -19.613 -90.060 15.000
S_715 -17.811 -90.060 12.000
S_716 -17.811 -90.060 12.000
G_717 0.000 -27.649 12.000
S_718 -17.811 -90.060 12.000
S_719 -18.462 -90.060 13.000
S_720 -20.127 -90.060 16.000
D_721 -26.485 -475.402 16.000
S_722 -20.609 -90.060 17.000
S_723 -20.609 -90.060 17.000
D_724 -27.150 -475.402 17.000
S_725 -19.059 -90.060 14.000
E_726 -22.253 -605.239 11.000
