M_1 0.000 401.769 0.000
V_2 0.000 613.196 0.000
L_3 0.000 679.918 4.000
A_4 0.000 185.740 4.000
Q_5 -7.878 -643.904 4.000
G_6 0.000 -27.649 4.000
L_7 0.000 679.918 7.000
L_8 0.000 679.918 3.000
S_9 -4.441 -90.060 3.000
M_10 0.000 401.769 3.000
A_11 0.000 185.740 3.000
L_12 0.000 679.918 0.000
L_13 0.000 679.918 0.000
A_14 0.000 185.740 0.000
L_15 0.000 679.918 1.000
C_16 0.000 322.480 5.000
W_17 -5.708 -203.500 10.000
E_18 -24.169 -605.239 13.000
R_19 -29.616 -1015.709 13.000
S_20 -17.811 -90.060 12.000
L_21 0.000 679.918 8.000
A_22 0.000 185.740 3.000
G_23 0.000 -27.649 4.000
A_24 0.000 185.740 8.000
E_25 -22.253 -605.239 11.000
E_26 -22.253 -605.239 11.000
T_27 -17.098 -90.974 11.000
I_28 0.000 777.529 7.000
P_29 0.000 -195.996 7.000
L_30 0.000 679.918 7.000
Q_31 -16.691 -643.904 7.000
T_32 -17.811 -90.974 12.000
L_33 0.000 679.918 12.000
R_34 -25.574 -1015.709 10.000
C_35 0.000 322.480 11.000
Y_36 -13.255 -274.939 15.000
N_37 -23.258 -507.047 12.000
D_38 -25.772 -475.402 15.000
Y_39 -13.586 -274.939 16.000
T_40 -19.059 -90.974 14.000
S_41 -16.309 -90.060 10.000
H_42 -11.652 -583.484 11.000
I_43 0.000 777.529 8.000
T_44 -16.309 -90.974 10.000
C_45 0.000 322.480 9.000
R_46 -23.856 -1015.709 9.000
W_47 -5.708 -203.500 10.000
A_48 0.000 185.740 13.000
D_49 -23.258 -475.402 12.000
T_50 -19.613 -90.974 15.000
Q_51 -25.772 -643.904 15.000
D_52 -25.772 -475.402 15.000
A_53 0.000 185.740 17.000
Q_54 -24.169 -643.904 13.000
R_55 -23.856 -1015.709 9.000
L_56 0.000 679.918 13.000
V_57 0.000 613.196 9.000
N_58 -16.691 -507.047 7.000
V_59 0.000 613.196 7.000
T_60 -13.255 -90.974 7.000
L_61 0.000 679.918 8.000
I_62 0.000 777.529 13.000
R_63 -25.574 -1015.709 10.000
R_64 -30.711 -1015.709 14.000
V_65 0.000 613.196 18.000
N_66 -27.150 -507.047 17.000
E_67 -23.258 -605.239 12.000
D_68 -23.258 -475.402 12.000
L_69 0.000 679.918 12.000
L_70 0.000 679.918 8.000
E_71 -7.878 -605.239 4.000
P_72 0.000 -195.996 7.000
V_73 0.000 613.196 7.000
S_74 -13.255 -90.060 7.000
C_75 0.000 322.480 7.000
D_76 -21.132 -475.402 10.000
L_77 0.000 679.918 11.000
S_78 -19.613 -90.060 15.000
D_79 -22.253 -475.402 11.000
D_80 -22.253 -475.402 11.000
M_81 0.000 401.769 9.000
P_82 0.000 -195.996 8.000
W_83 -3.436 -203.500 4.000
S_84 -7.878 -90.060 4.000
A_85 0.000 185.740 4.000
C_86 0.000 322.480 5.000
P_87 0.000 -195.996 2.000
H_88 -9.265 -583.484 7.000
P_89 0.000 -195.996 7.000
R_90 -19.414 -1015.709 7.000
C_91 0.000 322.480 5.000
V_92 0.000 613.196 10.000
P_93 0.000 -195.996 10.000
R_94 -25.574 -1015.709 10.000
R_95 -25.574 -1015.709 10.000
C_96 0.000 322.480 10.000
V_97 0.000 613.196 5.000
I_98 0.000 777.529 0.000
P_99 0.000 -195.996 4.000
C_100 0.000 322.480 7.000
Q_101 -16.691 -643.904 7.000
S_102 -13.255 -90.060 7.000
F_103 0.000 560.542 7.000
V_104 0.000 613.196 6.000
V_105 0.000 613.196 7.000
T_106 -13.255 -90.974 7.000
D_107 -22.253 -475.402 11.000
V_108 0.000 613.196 13.000
D_109 -21.132 -475.402 10.000
Y_110 -10.601 -274.939 9.000
F_111 0.000 560.542 9.000
S_112 -15.425 -90.060 9.000
F_113 0.000 560.542 7.000
Q_114 -22.253 -643.904 11.000
P_115 0.000 -195.996 13.000
D_116 -24.169 -475.402 13.000
R_117 -23.856 -1015.709 9.000
P_118 0.000 -195.996 9.000
L_119 0.000 679.918 8.000
G_120 0.000 -27.649 8.000
T_121 -14.420 -90.974 8.000
R_122 -27.076 -1015.709 11.000
L_123 0.000 679.918 11.000
T_124 -17.098 -90.974 11.000
V_125 0.000 613.196 6.000
T_126 -15.425 -90.974 9.000
L_127 0.000 679.918 10.000
T_128 -17.811 -90.974 12.000
Q_129 -19.866 -643.904 9.000
H_130 -12.518 -583.484 13.000
V_131 0.000 613.196 10.000
Q_132 -14.591 -643.904 6.000
P_133 0.000 -195.996 8.000
P_134 0.000 -195.996 8.000
E_135 -19.866 -605.239 9.000
P_136 0.000 -195.996 13.000
R_137 -29.616 -1015.709 13.000
D_138 -24.169 -475.402 13.000
L_139 0.000 679.918 13.000
Q_140 -22.253 -643.904 11.000
I_141 0.000 777.529 10.000
S_142 -19.059 -90.060 14.000
T_143 -19.059 -90.974 14.000
D_144 -27.773 -475.402 18.000
Q_145 -27.150 -643.904 17.000
D_146 -25.003 -475.402 14.000
H_147 -11.154 -583.484 10.000
F_148 0.000 560.542 6.000
L_149 0.000 679.918 5.000
L_150 0.000 679.918 4.000
T_151 -13.255 -90.974 7.000
W_152 -4.824 -203.500 7.000
S_153 -13.255 -90.060 7.000
V_154 0.000 613.196 4.000
A_155 0.000 185.740 3.000
L_156 0.000 679.918 3.000
G_157 0.000 -27.649 3.000
S_158 -13.255 -90.060 7.000
P_159 0.000 -195.996 10.000
Q_160 -23.258 -643.904 12.000
S_161 -16.309 -90.060 10.000
H_162 -11.154 -583.484 10.000
W_163 -5.447 -203.500 9.000
L_164 0.000 679.918 6.000
S_165 -7.878 -90.060 4.000
P_166 0.000 -195.996 7.000
G_167 0.000 -27.649 7.000
D_168 -18.409 -475.402 8.000
L_169 0.000 679.918 8.000
E_170 -23.258 -605.239 12.000
F_171 0.000 560.542 8.000
E_172 -18.409 -605.239 8.000
V_173 0.000 613.196 6.000
V_174 0.000 613.196 9.000
Y_175 -11.154 -274.939 10.000
K_176 -16.309 -818.649 10.000
R_177 -30.711 -1015.709 14.000
L_178 0.000 679.918 16.000
Q_179 -26.485 -643.904 16.000
D_180 -23.258 -475.402 12.000
S_181 -20.127 -90.060 16.000
W_182 -6.873 -203.500 16.000
E_183 -23.258 -605.239 12.000
D_184 -19.866 -475.402 9.000
A_185 0.000 185.740 8.000
A_186 0.000 185.740 4.000
I_187 0.000 777.529 0.000
L_188 0.000 679.918 3.000
L_189 0.000 679.918 7.000
S_190 -16.309 -90.060 10.000
N_191 -24.169 -507.047 13.000
T_192 -20.609 -90.974 17.000
S_193 -19.059 -90.060 14.000
Q_194 -24.169 -643.904 13.000
A_195 0.000 185.740 10.000
T_196 -13.255 -90.974 7.000
L_197 0.000 679.918 3.000
G_198 0.000 -27.649 7.000
P_199 0.000 -195.996 6.000
E_200 -14.591 -605.239 6.000
H_201 -8.431 -583.484 6.000
L_202 0.000 679.918 6.000
M_203 0.000 401.769 5.000
P_204 0.000 -195.996 6.000
S_205 -15.425 -90.060 9.000
S_206 -17.098 -90.060 11.000
T_207 -17.098 -90.974 11.000
Y_208 -9.978 -274.939 8.000
V_209 0.000 613.196 10.000
A_210 0.000 185.740 7.000
R_211 -25.574 -1015.709 10.000
V_212 0.000 613.196 13.000
R_213 -34.315 -1015.709 18.000
T_214 -18.462 -90.974 13.000
R_215 -29.616 -1015.709 13.000
L_216 0.000 679.918 8.000
A_217 0.000 185.740 5.000
P_218 0.000 -195.996 3.000
G_219 0.000 -27.649 8.000
S_220 -14.420 -90.060 8.000
R_221 -27.076 -1015.709 11.000
L_222 0.000 679.918 11.000
S_223 -18.462 -90.060 13.000
G_224 0.000 -27.649 8.000
R_225 -27.076 -1015.709 11.000
P_226 0.000 -195.996 11.000
S_227 -17.811 -90.060 12.000
K_228 -16.309 -818.649 10.000
W_229 -5.708 -203.500 10.000
S_230 -17.098 -90.060 11.000
P_231 0.000 -195.996 8.000
E_232 -16.691 -605.239 7.000
V_233 0.000 613.196 5.000
C_234 0.000 322.480 9.000
W_235 -5.155 -203.500 8.000
D_236 -23.258 -475.402 12.000
S_237 -17.811 -90.060 12.000
Q_238 -22.253 -643.904 11.000
P_239 0.000 -195.996 11.000
G_240 0.000 -27.649 12.000
D_241 -18.409 -475.402 8.000
E_242 -23.258 -605.239 12.000
A_243 0.000 185.740 12.000
Q_244 -23.258 -643.904 12.000
P_245 0.000 -195.996 12.000
Q_246 -23.258 -643.904 12.000
N_247 -23.258 -507.047 12.000
L_248 0.000 679.918 12.000
E_249 -18.409 -605.239 8.000
C_250 0.000 322.480 4.000
F_251 0.000 560.542 8.000
F_252 0.000 560.542 4.000
D_253 -7.878 -475.402 4.000
G_254 0.000 -27.649 4.000
A_255 0.000 185.740 4.000
A_256 0.000 185.740 0.000
V_257 0.000 613.196 3.000
L_258 0.000 679.918 3.000
S_259 -11.867 -90.060 6.000
C_260 0.000 322.480 7.000
S_261 -17.098 -90.060 11.000
W_262 -5.155 -203.500 8.000
E_263 -24.169 -605.239 13.000
V_264 0.000 613.196 13.000
R_265 -32.645 -1015.709 16.000
K_266 -17.811 -818.649 12.000
E_267 -23.258 -605.239 12.000
V_268 0.000 613.196 10.000
A_269 0.000 185.740 10.000
S_270 -11.867 -90.060 6.000
S_271 -15.425 -90.060 9.000
V_272 0.000 613.196 9.000
S_273 -11.867 -90.060 6.000
F_274 0.000 560.542 3.000
G_275 0.000 -27.649 3.000
L_276 0.000 679.918 2.000
F_277 0.000 560.542 5.000
Y_278 -7.426 -274.939 5.000
K_279 -14.420 -818.649 8.000
P_280 0.000 -195.996 8.000
S_281 -16.309 -90.060 10.000
P_282 0.000 -195.996 7.000
D_283 -16.691 -475.402 7.000
A_284 0.000 185.740 8.000
G_285 0.000 -27.649 12.000
E_286 -23.258 -605.239 12.000
E_287 -23.258 -605.239 12.000
E_288 -25.772 -605.239 15.000
C_289 0.000 322.480 11.000
S_290 -13.255 -90.060 7.000
P_291 0.000 -195.996 3.000
V_292 0.000 613.196 8.000
L_293 0.000 679.918 9.000
R_294 -23.856 -1015.709 9.000
E_295 -19.866 -605.239 9.000
G_296 0.000 -27.649 9.000
L_297 0.000 679.918 7.000
G_298 0.000 -27.649 3.000
S_299 -10.149 -90.060 5.000
L_300 0.000 679.918 8.000
H_301 -12.518 -583.484 13.000
T_302 -17.811 -90.974 12.000
R_303 -30.711 -1015.709 14.000
H_304 -12.104 -583.484 12.000
H_305 -12.518 -583.484 13.000
C_306 0.000 322.480 8.000
Q_307 -14.591 -643.904 6.000
I_308 0.000 777.529 4.000
P_309 0.000 -195.996 4.000
V_310 0.000 613.196 4.000
P_311 0.000 -195.996 4.000
D_312 -7.878 -475.402 4.000
P_313 0.000 -195.996 7.000
A_314 0.000 185.740 9.000
T_315 -10.149 -90.974 5.000
H_316 -10.601 -583.484 9.000
G_317 0.000 -27.649 11.000
Q_318 -18.409 -643.904 8.000
Y_319 -8.431 -274.939 6.000
I_320 0.000 777.529 9.000
V_321 0.000 613.196 5.000
S_322 -13.255 -90.060 7.000
V_323 0.000 613.196 7.000
Q_324 -23.258 -643.904 12.000
P_325 0.000 -195.996 14.000
R_326 -30.711 -1015.709 14.000
R_327 -30.711 -1015.709 14.000
A_328 0.000 185.740 17.000
E_329 -25.003 -605.239 14.000
K_330 -15.425 -818.649 9.000
H_331 -12.104 -583.484 12.000
I_332 0.000 777.529 11.000
K_333 -17.098 -818.649 11.000
S_334 -15.425 -90.060 9.000
S_335 -18.462 -90.060 13.000
V_336 0.000 613.196 10.000
N_337 -22.253 -507.047 11.000
I_338 0.000 777.529 8.000
Q_339 -18.409 -643.904 8.000
M_340 0.000 401.769 4.000
A_341 0.000 185.740 4.000
P_342 0.000 -195.996 3.000
P_343 0.000 -195.996 3.000
S_344 -13.255 -90.060 7.000
L_345 0.000 679.918 7.000
N_346 -21.132 -507.047 10.000
V_347 0.000 613.196 10.000
T_348 -19.059 -90.974 14.000
K_349 -16.309 -818.649 10.000
D_350 -25.003 -475.402 14.000
G_351 0.000 -27.649 14.000
D_352 -24.169 -475.402 13.000
S_353 -17.811 -90.060 12.000
Y_354 -12.104 -274.939 12.000
S_355 -18.462 -90.060 13.000
L_356 0.000 679.918 11.000
R_357 -29.616 -1015.709 13.000
W_358 -6.358 -203.500 13.000
E_359 -24.169 -605.239 13.000
T_360 -17.098 -90.974 11.000
M_361 0.000 401.769 10.000
K_362 -17.098 -818.649 11.000
M_363 0.000 401.769 10.000
R_364 -30.711 -1015.709 14.000
Y_365 -12.518 -274.939 13.000
E_366 -24.169 -605.239 13.000
H_367 -12.104 -583.484 12.000
I_368 0.000 777.529 12.000
D_369 -22.253 -475.402 11.000
H_370 -10.601 -583.484 9.000
T_371 -18.462 -90.974 13.000
F_372 0.000 560.542 9.000
E_373 -22.253 -605.239 11.000
I_374 0.000 777.529 10.000
Q_375 -25.772 -643.904 15.000
Y_376 -12.900 -274.939 14.000
R_377 -34.315 -1015.709 18.000
K_378 -20.609 -818.649 17.000
D_379 -25.772 -475.402 15.000
T_380 -18.462 -90.974 13.000
A_381 0.000 185.740 11.000
T_382 -16.309 -90.974 10.000
W_383 -5.944 -203.500 11.000
K_384 -19.059 -818.649 14.000
D_385 -25.003 -475.402 14.000
S_386 -20.127 -90.060 16.000
K_387 -20.609 -818.649 17.000
T_388 -20.127 -90.974 16.000
E_389 -24.169 -605.239 13.000
T_390 -19.059 -90.974 14.000
L_391 0.000 679.918 15.000
Q_392 -22.253 -643.904 11.000
N_393 -21.132 -507.047 10.000
A_394 0.000 185.740 13.000
H_395 -10.601 -583.484 9.000
S_396 -10.149 -90.060 5.000
M_397 0.000 401.769 5.000
A_398 0.000 185.740 3.000
L_399 0.000 679.918 0.000
P_400 0.000 -195.996 0.000
A_401 0.000 185.740 4.000
L_402 0.000 679.918 4.000
E_403 -16.691 -605.239 7.000
P_404 0.000 -195.996 10.000
S_405 -19.613 -90.060 15.000
T_406 -18.462 -90.974 13.000
R_407 -30.711 -1015.709 14.000
Y_408 -11.652 -274.939 11.000
W_409 -6.358 -203.500 13.000
A_410 0.000 185.740 8.000
R_411 -27.076 -1015.709 11.000
V_412 0.000 613.196 10.000
R_413 -31.716 -1015.709 15.000
V_414 0.000 613.196 13.000
R_415 -32.645 -1015.709 16.000
T_416 -20.127 -90.974 16.000
S_417 -21.486 -90.060 19.000
R_418 -30.711 -1015.709 14.000
T_419 -18.462 -90.974 13.000
G_420 0.000 -27.649 14.000
Y_421 -10.601 -274.939 9.000
N_422 -14.591 -507.047 6.000
G_423 0.000 -27.649 7.000
I_424 0.000 777.529 8.000
W_425 -5.155 -203.500 8.000
S_426 -15.425 -90.060 9.000
E_427 -23.258 -605.239 12.000
W_428 -6.713 -203.500 15.000
S_429 -17.811 -90.060 12.000
E_430 -24.169 -605.239 13.000
A_431 0.000 185.740 15.000
R_432 -29.616 -1015.709 13.000
S_433 -18.462 -90.060 13.000
W_434 -6.873 -203.500 16.000
D_435 -25.772 -475.402 15.000
T_436 -19.613 -90.974 15.000
E_437 -25.003 -605.239 14.000
S_438 -16.309 -90.060 10.000
V_439 0.000 613.196 7.000
L_440 0.000 679.918 3.000
P_441 0.000 -195.996 1.000
M_442 0.000 401.769 1.000
W_443 -0.000 -203.500 1.000
V_444 0.000 613.196 1.000
L_445 0.000 679.918 1.000
A_446 0.000 185.740 0.000
L_447 0.000 679.918 0.000
I_448 0.000 777.529 0.000
V_449 0.000 613.196 0.000
I_450 0.000 777.529 0.000
F_451 0.000 560.542 3.000
L_452 0.000 679.918 3.000
T_453 -4.441 -90.974 3.000
I_454 0.000 777.529 3.000
A_455 0.000 185.740 3.000
V_456 0.000 613.196 0.000
L_457 0.000 679.918 0.000
L_458 0.000 679.918 0.000
A_459 0.000 185.740 5.000
L_460 0.000 679.918 5.000
R_461 -11.867 -1015.709 5.000
F_462 0.000 560.542 5.000
C_463 0.000 322.480 5.000
G_464 0.000 -27.649 2.000
I_465 0.000 777.529 2.000
Y_466 -6.160 -274.939 4.000
G_467 0.000 -27.649 9.000
Y_468 -10.601 -274.939 9.000
R_469 -28.412 -1015.709 12.000
L_470 0.000 679.918 17.000
R_471 -34.315 -1015.709 18.000
R_472 -30.711 -1015.709 14.000
K_473 -21.060 -818.649 18.000
W_474 -7.023 -203.500 17.000
E_475 -25.772 -605.239 15.000
E_476 -23.258 -605.239 12.000
K_477 -17.098 -818.649 11.000
I_478 0.000 777.529 11.000
P_479 0.000 -195.996 7.000
N_480 -16.691 -507.047 7.000
P_481 0.000 -195.996 10.000
S_482 -18.462 -90.060 13.000
K_483 -17.098 -818.649 11.000
S_484 -17.098 -90.060 11.000
H_485 -9.978 -583.484 8.000
L_486 0.000 679.918 9.000
F_487 0.000 560.542 10.000
Q_488 -18.409 -643.904 8.000
N_489 -22.253 -507.047 11.000
G_490 0.000 -27.649 11.000
S_491 -17.098 -90.060 11.000
A_492 0.000 185.740 7.000
E_493 -18.409 -605.239 8.000
L_494 0.000 679.918 5.000
W_495 -3.990 -203.500 5.000
P_496 0.000 -195.996 1.000
P_497 0.000 -195.996 4.000
G_498 0.000 -27.649 3.000
S_499 -11.867 -90.060 6.000
M_500 0.000 401.769 6.000
S_501 -11.867 -90.060 6.000
A_502 0.000 185.740 6.000
F_503 0.000 560.542 9.000
T_504 -11.867 -90.974 6.000
S_505 -15.425 -90.060 9.000
G_506 0.000 -27.649 9.000
S_507 -11.867 -90.060 6.000
P_508 0.000 -195.996 5.000
P_509 0.000 -195.996 9.000
H_510 -8.431 -583.484 6.000
Q_511 -14.591 -643.904 6.000
G_512 0.000 -27.649 7.000
P_513 0.000 -195.996 5.000
W_514 -3.436 -203.500 4.000
G_515 0.000 -27.649 9.000
S_516 -15.425 -90.060 9.000
R_517 -21.845 -1015.709 8.000
F_518 0.000 560.542 12.000
P_519 0.000 -195.996 9.000
E_520 -18.409 -605.239 8.000
L_521 0.000 679.918 8.000
E_522 -18.409 -605.239 8.000
G_523 0.000 -27.649 4.000
V_524 0.000 613.196 4.000
F_525 0.000 560.542 0.000
P_526 0.000 -195.996 0.000
V_527 0.000 613.196 0.000
G_528 0.000 -27.649 0.000
F_529 0.000 560.542 4.000
G_530 0.000 -27.649 7.000
D_531 -22.253 -475.402 11.000
S_532 -17.098 -90.060 11.000
E_533 -25.003 -605.239 14.000
V_534 0.000 613.196 10.000
S_535 -13.255 -90.060 7.000
P_536 0.000 -195.996 6.000
L_537 0.000 679.918 6.000
T_538 -13.255 -90.974 7.000
I_539 0.000 777.529 11.000
E_540 -22.253 -605.239 11.000
D_541 -22.253 -475.402 11.000
P_542 0.000 -195.996 13.000
K_543 -15.425 -818.649 9.000
H_544 -7.426 -583.484 5.000
V_545 0.000 613.196 9.000
C_546 0.000 322.480 6.000
D_547 -7.878 -475.402 4.000
P_548 0.000 -195.996 7.000
P_549 0.000 -195.996 7.000
S_550 -4.441 -90.060 3.000
G_551 0.000 -27.649 7.000
P_552 0.000 -195.996 10.000
D_553 -21.132 -475.402 10.000
T_554 -16.309 -90.974 10.000
T_555 -16.309 -90.974 10.000
P_556 0.000 -195.996 6.000
A_557 0.000 185.740 6.000
A_558 0.000 185.740 7.000
S_559 -13.255 -90.060 7.000
D_560 -16.691 -475.402 7.000
L_561 0.000 679.918 10.000
P_562 0.000 -195.996 11.000
T_563 -17.098 -90.974 11.000
E_564 -22.253 -605.239 11.000
Q_565 -22.253 -643.904 11.000
P_566 0.000 -195.996 11.000
P_567 0.000 -195.996 7.000
S_568 -13.255 -90.060 7.000
P_569 0.000 -195.996 7.000
Q_570 -16.691 -643.904 7.000
P_571 0.000 -195.996 4.000
G_572 0.000 -27.649 4.000
P_573 0.000 -195.996 0.000
P_574 0.000 -195.996 0.000
A_575 0.000 185.740 3.000
A_576 0.000 185.740 5.000
S_577 -14.420 -90.060 8.000
H_578 -9.978 -583.484 8.000
T_579 -17.811 -90.974 12.000
P_580 0.000 -195.996 12.000
E_581 -25.003 -605.239 14.000
K_582 -17.098 -818.649 11.000
Q_583 -25.003 -643.904 14.000
A_584 0.000 185.740 13.000
S_585 -16.309 -90.060 10.000
S_586 -16.309 -90.060 10.000
F_587 0.000 560.542 10.000
D_588 -22.253 -475.402 11.000
F_589 0.000 560.542 8.000
N_590 -18.409 -507.047 8.000
G_591 0.000 -27.649 6.000
P_592 0.000 -195.996 6.000
Y_593 -1.718 -274.939 2.000
L_594 0.000 679.918 2.000
G_595 0.000 -27.649 2.000
P_596 0.000 -195.996 2.000
P_597 0.000 -195.996 5.000
H_598 -11.154 -583.484 10.000
S_599 -18.462 -90.060 13.000
R_600 -29.616 -1015.709 13.000
S_601 -17.098 -90.060 11.000
L_602 0.000 679.918 12.000
P_603 0.000 -195.996 7.000
D_604 -7.878 -475.402 4.000
I_605 0.000 777.529 4.000
L_606 0.000 679.918 8.000
G_607 0.000 -27.649 4.000
Q_608 -18.409 -643.904 8.000
P_609 0.000 -195.996 8.000
E_610 -18.409 -605.239 8.000
P_611 0.000 -195.996 8.000
P_612 0.000 -195.996 12.000
Q_613 -18.409 -643.904 8.000
E_614 -18.409 -605.239 8.000
G_615 0.000 -27.649 11.000
G_616 0.000 -27.649 11.000
S_617 -16.309 -90.060 10.000
Q_618 -24.169 -643.904 13.000
K_619 -18.462 -818.649 13.000
S_620 -16.309 -90.060 10.000
P_621 0.000 -195.996 6.000
P_622 0.000 -195.996 3.000
P_623 0.000 -195.996 3.000
G_624 0.000 -27.649 3.000
S_625 -13.255 -90.060 7.000
L_626 0.000 679.918 9.000
E_627 -19.866 -605.239 9.000
Y_628 -8.431 -274.939 6.000
L_629 0.000 679.918 6.000
C_630 0.000 322.480 2.000
L_631 0.000 679.918 0.000
P_632 0.000 -195.996 0.000
A_633 0.000 185.740 0.000
G_634 0.000 -27.649 4.000
G_635 0.000 -27.649 4.000
Q_636 -18.409 -643.904 8.000
V_637 0.000 613.196 8.000
Q_638 -18.409 -643.904 8.000
L_639 0.000 679.918 4.000
V_640 0.000 613.196 4.000
P_641 0.000 -195.996 0.000
L_642 0.000 679.918 4.000
A_643 0.000 185.740 4.000
Q_644 -7.878 -643.904 4.000
A_645 0.000 185.740 4.000
M_646 0.000 401.769 4.000
G_647 0.000 -27.649 0.000
P_648 0.000 -195.996 4.000
G_649 0.000 -27.649 4.000
Q_650 -7.878 -643.904 4.000
A_651 0.000 185.740 8.000
V_652 0.000 613.196 8.000
E_653 -18.409 -605.239 8.000
V_654 0.000 613.196 13.000
E_655 -27.773 -605.239 18.000
R_656 -30.711 -1015.709 14.000
R_657 -33.508 -1015.709 17.000
P_658 0.000 -195.996 17.000
S_659 -17.811 -90.060 12.000
Q_660 -16.691 -643.904 7.000
G_661 0.000 -27.649 7.000
A_662 0.000 185.740 4.000
A_663 0.000 185.740 3.000
G_664 0.000 -27.649 3.000
S_665 -11.867 -90.060 6.000
P_666 0.000 -195.996 6.000
S_667 -16.309 -90.060 10.000
L_668 0.000 679.918 10.000
E_669 -21.132 -605.239 10.000
S_670 -13.255 -90.060 7.000
G_671 0.000 -27.649 7.000
G_672 0.000 -27.649 3.000
G_673 0.000 -27.649 0.000
P_674 0.000 -195.996 0.000
A_675 0.000 185.740 0.000
P_676 0.000 -195.996 0.000
P_677 0.000 -195.996 0.000
A_678 0.000 185.740 0.000
L_679 0.000 679.918 0.000
G_680 0.000 -27.649 5.000
P_681 0.000 -195.996 5.000
R_682 -11.867 -1015.709 5.000
V_683 0.000 613.196 5.000
G_684 0.000 -27.649 9.000
G_685 0.000 -27.649 8.000
Q_686 -23.258 -643.904 12.000
D_687 -25.772 -475.402 15.000
Q_688 -28.359 -643.904 19.000
K_689 -21.060 -818.649 18.000
D_690 -25.003 -475.402 14.000
S_691 -16.309 -90.060 10.000
P_692 0.000 -195.996 7.000
V_693 0.000 613.196 3.000
A_694 0.000 185.740 0.000
I_695 0.000 777.529 0.000
P_696 0.000 -195.996 3.000
M_697 0.000 401.769 6.000
S_698 -11.867 -90.060 6.000
S_699 -16.309 -90.060 10.000
G_700 0.000 -27.649 13.000
D_701 -25.003 -475.402 14.000
T_702 -19.613 -90.974 15.000
E_703 -25.772 -605.239 15.000
D_704 -22.253 -475.402 11.000
P_705 0.000 -195.996 8.000
G_706 0.000 -27.649 4.000
V_707 0.000 613.196 3.000
A_708 0.000 185.740 3.000
S_709 -10.149 -90.060 5.000
G_710 0.000 -27.649 5.000
Y_711 -9.978 -274.939 8.000
V_712 0.000 613.196 8.000
S_713 -14.420 -90.060 8.000
S_714 -16.309 -90.060 10.000
A_715 0.000 185.740 10.000
D_716 -16.691 -475.402 7.000
L_717 0.000 679.918 4.000
V_718 0.000 613.196 7.000
F_719 0.000 560.542 3.000
T_720 -13.255 -90.974 7.000
P_721 0.000 -195.996 10.000
N_722 -21.132 -507.047 10.000
S_723 -13.255 -90.060 7.000
G_724 0.000 -27.649 10.000
A_725 0.000 185.740 9.000
S_726 -11.867 -90.060 6.000
S_727 -15.425 -90.060 9.000
V_728 0.000 613.196 9.000
S_729 -11.867 -90.060 6.000
L_730 0.000 679.918 3.000
V_731 0.000 613.196 6.000
P_732 0.000 -195.996 3.000
S_733 -4.441 -90.060 3.000
L_734 0.000 679.918 3.000
G_735 0.000 -27.649 3.000
L_736 0.000 679.918 3.000
P_737 0.000 -195.996 7.000
S_738 -17.098 -90.060 11.000
D_739 -25.003 -475.402 14.000
Q_740 -25.003 -643.904 14.000
T_741 -19.059 -90.974 14.000
P_742 0.000 -195.996 10.000
S_743 -11.867 -90.060 6.000
L_744 0.000 679.918 3.000
C_745 0.000 322.480 3.000
P_746 0.000 -195.996 0.000
G_747 0.000 -27.649 0.000
L_748 0.000 679.918 3.000
A_749 0.000 185.740 3.000
S_750 -4.441 -90.060 3.000
G_751 0.000 -27.649 3.000
P_752 0.000 -195.996 3.000
P_753 0.000 -195.996 0.000
G_754 0.000 -27.649 0.000
A_755 0.000 185.740 0.000
P_756 0.000 -195.996 0.000
G_757 0.000 -27.649 0.000
P_758 0.000 -195.996 3.000
V_759 0.000 613.196 6.000
K_760 -11.867 -818.649 6.000
S_761 -11.867 -90.060 6.000
G_762 0.000 -27.649 10.000
F_763 0.000 560.542 7.000
E_764 -14.591 -605.239 6.000
G_765 0.000 -27.649 6.000
Y_766 -11.154 -274.939 10.000
V_767 0.000 613.196 6.000
E_768 -14.591 -605.239 6.000
L_769 0.000 679.918 4.000
P_770 0.000 -195.996 4.000
P_771 0.000 -195.996 4.000
I_772 0.000 777.529 4.000
E_773 -19.866 -605.239 9.000
G_774 0.000 -27.649 12.000
R_775 -28.412 -1015.709 12.000
S_776 -18.462 -90.060 13.000
P_777 0.000 -195.996 16.000
R_778 -27.076 -1015.709 11.000
S_779 -18.462 -90.060 13.000
P_780 0.000 -195.996 17.000
R_781 -32.645 -1015.709 16.000
N_782 -24.169 -507.047 13.000
N_783 -24.169 -507.047 13.000
P_784 0.000 -195.996 8.000
V_785 0.000 613.196 4.000
P_786 0.000 -195.996 4.000
P_787 0.000 -195.996 4.000
E_788 -16.691 -605.239 7.000
A_789 0.000 185.740 10.000
K_790 -16.309 -818.649 10.000
S_791 -11.867 -90.060 6.000
P_792 0.000 -195.996 6.000
V_793 0.000 613.196 7.000
L_794 0.000 679.918 4.000
N_795 -7.878 -507.047 4.000
P_796 0.000 -195.996 8.000
G_797 0.000 -27.649 13.000
E_798 -19.866 -605.239 9.000
R_799 -23.856 -1015.709 9.000
P_800 0.000 -195.996 13.000
A_801 0.000 185.740 9.000
D_802 -16.691 -475.402 7.000
V_803 0.000 613.196 7.000
S_804 -16.309 -90.060 10.000
P_805 0.000 -195.996 9.000
T_806 -15.425 -90.974 9.000
S_807 -16.309 -90.060 10.000
P_808 0.000 -195.996 10.000
Q_809 -22.253 -643.904 11.000
P_810 0.000 -195.996 8.000
E_811 -18.409 -605.239 8.000
G_812 0.000 -27.649 4.000
L_813 0.000 679.918 4.000
L_814 0.000 679.918 0.000
V_815 0.000 613.196 4.000
L_816 0.000 679.918 8.000
Q_817 -18.409 -643.904 8.000
Q_818 -18.409 -643.904 8.000
V_819 0.000 613.196 12.000
G_820 0.000 -27.649 10.000
D_821 -14.591 -475.402 6.000
Y_822 -8.431 -274.939 6.000
C_823 0.000 322.480 6.000
F_824 0.000 560.542 2.000
L_825 0.000 679.918 0.000
P_826 0.000 -195.996 0.000
G_827 0.000 -27.649 0.000
L_828 0.000 679.918 0.000
G_829 0.000 -27.649 0.000
P_830 0.000 -195.996 0.000
G_831 0.000 -27.649 0.000
P_832 0.000 -195.996 3.000
L_833 0.000 679.918 3.000
S_834 -14.420 -90.060 8.000
L_835 0.000 679.918 11.000
R_836 -30.711 -1015.709 14.000
S_837 -17.098 -90.060 11.000
K_838 -19.059 -818.649 14.000
P_839 0.000 -195.996 12.000
S_840 -15.425 -90.060 9.000
S_841 -11.867 -90.060 6.000
P_842 0.000 -195.996 6.000
G_843 0.000 -27.649 3.000
P_844 0.000 -195.996 0.000
G_845 0.000 -27.649 4.000
P_846 0.000 -195.996 4.000
E_847 -16.691 -605.239 7.000
I_848 0.000 777.529 11.000
K_849 -17.098 -818.649 11.000
N_850 -22.253 -507.047 11.000
L_851 0.000 679.918 15.000
D_852 -23.258 -475.402 12.000
Q_853 -18.409 -643.904 8.000
A_854 0.000 185.740 12.000
F_855 0.000 560.542 8.000
Q_856 -16.691 -643.904 7.000
V_857 0.000 613.196 10.000
K_858 -16.309 -818.649 10.000
K_859 -11.867 -818.649 6.000
P_860 0.000 -195.996 6.000
P_861 0.000 -195.996 7.000
G_862 0.000 -27.649 4.000
Q_863 -7.878 -643.904 4.000
A_864 0.000 185.740 4.000
V_865 0.000 613.196 8.000
P_866 0.000 -195.996 4.000
Q_867 -7.878 -643.904 4.000
V_868 0.000 613.196 4.000
P_869 0.000 -195.996 4.000
V_870 0.000 613.196 4.000
I_871 0.000 777.529 4.000
Q_872 -7.878 -643.904 4.000
L_873 0.000 679.918 7.000
F_874 0.000 560.542 7.000
K_875 -4.441 -818.649 3.000
A_876 0.000 185.740 6.000
L_877 0.000 679.918 10.000
K_878 -17.098 -818.649 11.000
Q_879 -25.772 -643.904 15.000
Q_880 -27.150 -643.904 17.000
D_881 -25.003 -475.402 14.000
Y_882 -12.518 -274.939 13.000
L_883 0.000 679.918 9.000
S_884 -10.149 -90.060 5.000
L_885 0.000 679.918 3.000
P_886 0.000 -195.996 4.000
P_887 0.000 -195.996 5.000
W_888 -3.990 -203.500 5.000
E_889 -19.866 -605.239 9.000
V_890 0.000 613.196 12.000
N_891 -22.253 -507.047 11.000
K_892 -13.255 -818.649 7.000
P_893 0.000 -195.996 11.000
G_894 0.000 -27.649 7.000
E_895 -7.878 -605.239 4.000
V_896 0.000 613.196 4.000
C_897 0.000 322.480 4.000
