M_1 0.000 401.769 2.000
H_2 -1.718 -583.484 2.000
G_3 0.000 -27.649 6.000
G_4 0.000 -27.649 6.000
Q_5 -7.878 -643.904 4.000
G_6 0.000 -27.649 4.000
P_7 0.000 -195.996 4.000
L_8 0.000 679.918 0.000
L_9 0.000 679.918 0.000
L_10 0.000 679.918 0.000
L_11 0.000 679.918 0.000
L_12 0.000 679.918 0.000
L_13 0.000 679.918 0.000
L_14 0.000 679.918 0.000
A_15 0.000 185.740 0.000
V_16 0.000 613.196 0.000
C_17 0.000 322.480 0.000
L_18 0.000 679.918 0.000
G_19 0.000 -27.649 4.000
A_20 0.000 185.740 4.000
Q_21 -19.866 -643.904 9.000
G_22 0.000 -27.649 13.000
R_23 -33.508 -1015.709 17.000
N_24 -27.150 -507.047 17.000
Q_25 -29.436 -643.904 21.000
E_26 -29.436 -605.239 21.000
E_27 -27.150 -605.239 17.000
R_28 -29.616 -1015.709 13.000
L_29 0.000 679.918 9.000
L_30 0.000 679.918 9.000
A_31 0.000 185.740 4.000
D_32 -7.878 -475.402 4.000
L_33 0.000 679.918 8.000
M_34 0.000 401.769 12.000
Q_35 -21.132 -643.904 10.000
N_36 -25.003 -507.047 14.000
Y_37 -12.900 -274.939 14.000
D_38 -25.003 -475.402 14.000
P_39 0.000 -195.996 10.000
N_40 -24.169 -507.047 13.000
L_41 0.000 679.918 9.000
R_42 -23.856 -1015.709 9.000
P_43 0.000 -195.996 9.000
A_44 0.000 185.740 14.000
E_45 -24.169 -605.239 13.000
R_46 -32.645 -1015.709 16.000
D_47 -28.912 -475.402 20.000
S_48 -20.127 -90.060 16.000
D_49 -22.253 -475.402 11.000
V_50 0.000 613.196 11.000
V_51 0.000 613.196 8.000
N_52 -16.691 -507.047 7.000
V_53 0.000 613.196 7.000
S_54 -16.309 -90.060 10.000
L_55 0.000 679.918 6.000
K_56 -15.425 -818.649 9.000
L_57 0.000 679.918 6.000
T_58 -15.425 -90.974 9.000
L_59 0.000 679.918 10.000
T_60 -16.309 -90.974 10.000
N_61 -16.691 -507.047 7.000
L_62 0.000 679.918 10.000
I_63 0.000 777.529 7.000
S_64 -13.255 -90.060 7.000
L_65 0.000 679.918 11.000
N_66 -26.485 -507.047 16.000
E_67 -27.150 -605.239 17.000
R_68 -36.459 -1015.709 21.000
E_69 -27.150 -605.239 17.000
E_70 -24.169 -605.239 13.000
A_71 0.000 185.740 11.000
L_72 0.000 679.918 10.000
T_73 -16.309 -90.974 10.000
T_74 -16.309 -90.974 10.000
N_75 -22.253 -507.047 11.000
V_76 0.000 613.196 8.000
W_77 -5.447 -203.500 9.000
I_78 0.000 777.529 5.000
E_79 -19.866 -605.239 9.000
M_80 0.000 401.769 9.000
Q_81 -19.866 -643.904 9.000
W_82 -5.447 -203.500 9.000
C_83 0.000 322.480 11.000
D_84 -23.258 -475.402 12.000
Y_85 -11.652 -274.939 11.000
R_86 -32.645 -1015.709 16.000
L_87 0.000 679.918 13.000
R_88 -31.716 -1015.709 15.000
W_89 -5.708 -203.500 10.000
D_90 -25.772 -475.402 15.000
P_91 0.000 -195.996 14.000
R_92 -31.716 -1015.709 15.000
D_93 -25.772 -475.402 15.000
Y_94 -13.255 -274.939 15.000
E_95 -21.132 -605.239 10.000
G_96 0.000 -27.649 7.000
L_97 0.000 679.918 5.000
W_98 -0.000 -203.500 1.000
V_99 0.000 613.196 6.000
L_100 0.000 679.918 6.000
R_101 -11.867 -1015.709 5.000
V_102 0.000 613.196 8.000
P_103 0.000 -195.996 11.000
S_104 -11.867 -90.060 6.000
T_105 -11.867 -90.974 6.000
M_106 0.000 401.769 7.000
V_107 0.000 613.196 9.000
W_108 -4.441 -203.500 6.000
R_109 -25.574 -1015.709 10.000
P_110 0.000 -195.996 10.000
D_111 -19.866 -475.402 9.000
I_112 0.000 777.529 4.000
V_113 0.000 613.196 8.000
L_114 0.000 679.918 8.000
E_115 -23.258 -605.239 12.000
N_116 -23.258 -507.047 12.000
N_117 -26.485 -507.047 16.000
V_118 0.000 613.196 12.000
D_119 -18.409 -475.402 8.000
G_120 0.000 -27.649 4.000
V_121 0.000 613.196 8.000
F_122 0.000 560.542 4.000
E_123 -7.878 -605.239 4.000
V_124 0.000 613.196 4.000
A_125 0.000 185.740 6.000
L_126 0.000 679.918 2.000
Y_127 -8.431 -274.939 6.000
C_128 0.000 322.480 6.000
N_129 -14.591 -507.047 6.000
V_130 0.000 613.196 4.000
L_131 0.000 679.918 7.000
V_132 0.000 613.196 3.000
S_133 -13.255 -90.060 7.000
P_134 0.000 -195.996 7.000
D_135 -16.691 -475.402 7.000
G_136 0.000 -27.649 4.000
C_137 0.000 322.480 6.000
I_138 0.000 777.529 3.000
Y_139 -4.441 -274.939 3.000
W_140 -2.723 -203.500 3.000
L_141 0.000 679.918 3.000
P_142 0.000 -195.996 1.000
P_143 0.000 -195.996 0.000
A_144 0.000 185.740 0.000
I_145 0.000 777.529 5.000
F_146 0.000 560.542 8.000
R_147 -21.845 -1015.709 8.000
S_148 -14.420 -90.060 8.000
A_149 0.000 185.740 11.000
C_150 0.000 322.480 6.000
S_151 -11.867 -90.060 6.000
I_152 0.000 777.529 6.000
S_153 -15.425 -90.060 9.000
V_154 0.000 613.196 8.000
T_155 -14.420 -90.974 8.000
Y_156 -7.426 -274.939 5.000
F_157 0.000 560.542 5.000
P_158 0.000 -195.996 6.000
F_159 0.000 560.542 5.000
D_160 -19.866 -475.402 9.000
W_161 -6.358 -203.500 13.000
Q_162 -24.169 -643.904 13.000
N_163 -23.258 -507.047 12.000
C_164 0.000 322.480 11.000
S_165 -13.255 -90.060 7.000
L_166 0.000 679.918 3.000
I_167 0.000 777.529 7.000
F_168 0.000 560.542 7.000
Q_169 -22.253 -643.904 11.000
S_170 -19.059 -90.060 14.000
Q_171 -26.485 -643.904 16.000
T_172 -19.613 -90.974 15.000
Y_173 -13.255 -274.939 15.000
S_174 -19.613 -90.060 15.000
T_175 -20.127 -90.974 16.000
N_176 -25.003 -507.047 14.000
E_177 -25.772 -605.239 15.000
I_178 0.000 777.529 12.000
D_179 -23.258 -475.402 12.000
L_180 0.000 679.918 8.000
Q_181 -22.253 -643.904 11.000
L_182 0.000 679.918 11.000
S_183 -19.613 -90.060 15.000
Q_184 -25.772 -643.904 15.000
E_185 -25.772 -605.239 15.000
D_186 -26.485 -475.402 16.000
G_187 0.000 -27.649 15.000
Q_188 -22.253 -643.904 11.000
T_189 -17.098 -90.974 11.000
I_190 0.000 777.529 12.000
E_191 -18.409 -605.239 8.000
W_192 -3.990 -203.500 5.000
I_193 0.000 777.529 5.000
F_194 0.000 560.542 5.000
I_195 0.000 777.529 4.000
D_196 -18.409 -475.402 8.000
P_197 0.000 -195.996 8.000
E_198 -18.409 -605.239 8.000
A_199 0.000 185.740 7.000
F_200 0.000 560.542 11.000
T_201 -17.098 -90.974 11.000
E_202 -22.253 -605.239 11.000
N_203 -25.772 -507.047 15.000
G_204 0.000 -27.649 13.000
E_205 -19.866 -605.239 9.000
W_206 -3.990 -203.500 5.000
A_207 0.000 185.740 9.000
I_208 0.000 777.529 7.000
Q_209 -22.253 -643.904 11.000
H_210 -11.652 -583.484 11.000
R_211 -27.076 -1015.709 11.000
P_212 0.000 -195.996 10.000
A_213 0.000 185.740 8.000
K_214 -4.441 -818.649 3.000
M_215 0.000 401.769 3.000
L_216 0.000 679.918 7.000
L_217 0.000 679.918 4.000
D_218 -7.878 -475.402 4.000
P_219 0.000 -195.996 4.000
A_220 0.000 185.740 4.000
A_221 0.000 185.740 0.000
P_222 0.000 -195.996 4.000
A_223 0.000 185.740 8.000
Q_224 -18.409 -643.904 8.000
E_225 -18.409 -605.239 8.000
A_226 0.000 185.740 10.000
G_227 0.000 -27.649 10.000
H_228 -10.601 -583.484 9.000
Q_229 -19.866 -643.904 9.000
K_230 -15.425 -818.649 9.000
V_231 0.000 613.196 7.000
V_232 0.000 613.196 5.000
F_233 0.000 560.542 2.000
Y_234 -1.718 -274.939 2.000
L_235 0.000 679.918 2.000
L_236 0.000 679.918 6.000
I_237 0.000 777.529 9.000
Q_238 -23.258 -643.904 12.000
R_239 -28.412 -1015.709 12.000
K_240 -17.811 -818.649 12.000
P_241 0.000 -195.996 8.000
L_242 0.000 679.918 5.000
F_243 0.000 560.542 2.000
Y_244 -1.718 -274.939 2.000
V_245 0.000 613.196 6.000
I_246 0.000 777.529 6.000
N_247 -7.878 -507.047 4.000
I_248 0.000 777.529 4.000
I_249 0.000 777.529 4.000
A_250 0.000 185.740 0.000
P_251 0.000 -195.996 0.000
C_252 0.000 322.480 0.000
V_253 0.000 613.196 0.000
L_254 0.000 679.918 3.000
I_255 0.000 777.529 6.000
S_256 -11.867 -90.060 6.000
S_257 -11.867 -90.060 6.000
V_258 0.000 613.196 6.000
A_259 0.000 185.740 3.000
I_260 0.000 777.529 0.000
L_261 0.000 679.918 2.000
I_262 0.000 777.529 2.000
H_263 -1.718 -583.484 2.000
F_264 0.000 560.542 2.000
L_265 0.000 679.918 2.000
P_266 0.000 -195.996 3.000
A_267 0.000 185.740 3.000
K_268 -4.441 -818.649 3.000
A_269 0.000 185.740 3.000
G_270 0.000 -27.649 7.000
G_271 0.000 -27.649 7.000
Q_272 -16.691 -643.904 7.000
K_273 -16.309 -818.649 10.000
C_274 0.000 322.480 10.000
T_275 -11.867 -90.974 6.000
V_276 0.000 613.196 3.000
A_277 0.000 185.740 7.000
I_278 0.000 777.529 4.000
N_279 -7.878 -507.047 4.000
V_280 0.000 613.196 4.000
L_281 0.000 679.918 4.000
L_282 0.000 679.918 4.000
A_283 0.000 185.740 7.000
Q_284 -16.691 -643.904 7.000
T_285 -13.255 -90.974 7.000
V_286 0.000 613.196 7.000
F_287 0.000 560.542 3.000
L_288 0.000 679.918 0.000
F_289 0.000 560.542 0.000
L_290 0.000 679.918 0.000
V_291 0.000 613.196 3.000
A_292 0.000 185.740 6.000
K_293 -11.867 -818.649 6.000
K_294 -11.867 -818.649 6.000
V_295 0.000 613.196 10.000
P_296 0.000 -195.996 10.000
E_297 -21.132 -605.239 10.000
T_298 -19.059 -90.974 14.000
S_299 -19.059 -90.060 14.000
Q_300 -21.132 -643.904 10.000
A_301 0.000 185.740 7.000
V_302 0.000 613.196 4.000
P_303 0.000 -195.996 0.000
L_304 0.000 679.918 3.000
I_305 0.000 777.529 6.000
S_306 -14.420 -90.060 8.000
K_307 -14.420 -818.649 8.000
Y_308 -11.652 -274.939 11.000
L_309 0.000 679.918 8.000
T_310 -10.149 -90.974 5.000
F_311 0.000 560.542 3.000
L_312 0.000 679.918 3.000
L_313 0.000 679.918 0.000
V_314 0.000 613.196 3.000
V_315 0.000 613.196 3.000
T_316 -4.441 -90.974 3.000
I_317 0.000 777.529 3.000
L_318 0.000 679.918 3.000
I_319 0.000 777.529 0.000
V_320 0.000 613.196 4.000
V_321 0.000 613.196 4.000
N_322 -7.878 -507.047 4.000
A_323 0.000 185.740 4.000
V_324 0.000 613.196 4.000
V_325 0.000 613.196 0.000
V_326 0.000 613.196 4.000
L_327 0.000 679.918 4.000
N_328 -16.691 -507.047 7.000
V_329 0.000 613.196 7.000
S_330 -17.811 -90.060 12.000
L_331 0.000 679.918 11.000
R_332 -27.076 -1015.709 11.000
S_333 -16.309 -90.060 10.000
P_334 0.000 -195.996 13.000
H_335 -11.154 -583.484 10.000
T_336 -16.309 -90.974 10.000
H_337 -11.154 -583.484 10.000
S_338 -14.420 -90.060 8.000
M_339 0.000 401.769 10.000
A_340 0.000 185.740 8.000
R_341 -11.867 -1015.709 5.000
G_342 0.000 -27.649 10.000
V_343 0.000 613.196 13.000
R_344 -21.845 -1015.709 8.000
K_345 -14.420 -818.649 8.000
V_346 0.000 613.196 8.000
F_347 0.000 560.542 8.000
L_348 0.000 679.918 5.000
R_349 -11.867 -1015.709 5.000
L_350 0.000 679.918 5.000
L_351 0.000 679.918 9.000
P_352 0.000 -195.996 4.000
Q_353 -7.878 -643.904 4.000
L_354 0.000 679.918 9.000
L_355 0.000 679.918 9.000
R_356 -19.414 -1015.709 7.000
M_357 0.000 401.769 7.000
H_358 -12.104 -583.484 12.000
V_359 0.000 613.196 7.000
R_360 -19.414 -1015.709 7.000
P_361 0.000 -195.996 5.000
L_362 0.000 679.918 5.000
A_363 0.000 185.740 0.000
P_364 0.000 -195.996 0.000
A_365 0.000 185.740 0.000
A_366 0.000 185.740 4.000
V_367 0.000 613.196 8.000
Q_368 -22.253 -643.904 11.000
D_369 -25.772 -475.402 15.000
T_370 -21.060 -90.974 18.000
Q_371 -28.359 -643.904 19.000
S_372 -19.613 -90.060 15.000
R_373 -32.645 -1015.709 16.000
L_374 0.000 679.918 16.000
Q_375 -24.169 -643.904 13.000
N_376 -22.253 -507.047 11.000
G_377 0.000 -27.649 14.000
S_378 -16.309 -90.060 10.000
S_379 -13.255 -90.060 7.000
G_380 0.000 -27.649 10.000
W_381 -4.824 -203.500 7.000
S_382 -13.255 -90.060 7.000
I_383 0.000 777.529 10.000
T_384 -15.425 -90.974 9.000
T_385 -16.309 -90.974 10.000
G_386 0.000 -27.649 14.000
E_387 -22.253 -605.239 11.000
E_388 -18.409 -605.239 8.000
V_389 0.000 613.196 8.000
A_390 0.000 185.740 4.000
L_391 0.000 679.918 0.000
C_392 0.000 322.480 0.000
L_393 0.000 679.918 5.000
P_394 0.000 -195.996 8.000
R_395 -28.412 -1015.709 12.000
S_396 -17.811 -90.060 12.000
E_397 -23.258 -605.239 12.000
L_398 0.000 679.918 7.000
L_399 0.000 679.918 8.000
F_400 0.000 560.542 8.000
Q_401 -19.866 -643.904 9.000
Q_402 -24.169 -643.904 13.000
W_403 -7.165 -203.500 18.000
Q_404 -27.773 -643.904 18.000
R_405 -30.711 -1015.709 14.000
Q_406 -24.169 -643.904 13.000
G_407 0.000 -27.649 9.000
L_408 0.000 679.918 4.000
V_409 0.000 613.196 0.000
A_410 0.000 185.740 0.000
A_411 0.000 185.740 0.000
A_412 0.000 185.740 4.000
L_413 0.000 679.918 7.000
E_414 -16.691 -605.239 7.000
K_415 -17.098 -818.649 11.000
L_416 0.000 679.918 14.000
E_417 -21.132 -605.239 10.000
K_418 -13.255 -818.649 7.000
G_419 0.000 -27.649 11.000
P_420 0.000 -195.996 7.000
E_421 -7.878 -605.239 4.000
L_422 0.000 679.918 4.000
G_423 0.000 -27.649 7.000
L_424 0.000 679.918 7.000
S_425 -13.255 -90.060 7.000
Q_426 -16.691 -643.904 7.000
F_427 0.000 560.542 7.000
C_428 0.000 322.480 7.000
G_429 0.000 -27.649 3.000
S_430 -11.867 -90.060 6.000
L_431 0.000 679.918 10.000
K_432 -16.309 -818.649 10.000
Q_433 -16.691 -643.904 7.000
A_434 0.000 185.740 7.000
A_435 0.000 185.740 4.000
P_436 0.000 -195.996 0.000
A_437 0.000 185.740 4.000
I_438 0.000 777.529 4.000
Q_439 -7.878 -643.904 4.000
A_440 0.000 185.740 4.000
C_441 0.000 322.480 8.000
V_442 0.000 613.196 4.000
E_443 -7.878 -605.239 4.000
A_444 0.000 185.740 8.000
C_445 0.000 322.480 8.000
N_446 -7.878 -507.047 4.000
L_447 0.000 679.918 4.000
I_448 0.000 777.529 4.000
A_449 0.000 185.740 0.000
C_450 0.000 322.480 5.000
A_451 0.000 185.740 7.000
R_452 -27.076 -1015.709 11.000
H_453 -13.255 -583.484 15.000
Q_454 -27.773 -643.904 18.000
Q_455 -25.772 -643.904 15.000
S_456 -18.462 -90.060 13.000
H_457 -12.518 -583.484 13.000
F_458 0.000 560.542 13.000
D_459 -21.132 -475.402 10.000
N_460 -23.258 -507.047 12.000
G_461 0.000 -27.649 16.000
N_462 -26.485 -507.047 16.000
E_463 -24.169 -605.239 13.000
E_464 -24.169 -605.239 13.000
W_465 -5.447 -203.500 9.000
F_466 0.000 560.542 5.000
L_467 0.000 679.918 1.000
V_468 0.000 613.196 5.000
G_469 0.000 -27.649 5.000
R_470 -11.867 -1015.709 5.000
V_471 0.000 613.196 9.000
L_472 0.000 679.918 14.000
D_473 -19.866 -475.402 9.000
R_474 -23.856 -1015.709 9.000
V_475 0.000 613.196 9.000
C_476 0.000 322.480 5.000
F_477 0.000 560.542 0.000
L_478 0.000 679.918 0.000
A_479 0.000 185.740 0.000
M_480 0.000 401.769 3.000
L_481 0.000 679.918 3.000
S_482 -4.441 -90.060 3.000
L_483 0.000 679.918 3.000
F_484 0.000 560.542 3.000
I_485 0.000 777.529 0.000
C_486 0.000 322.480 3.000
G_487 0.000 -27.649 3.000
T_488 -4.441 -90.974 3.000
A_489 0.000 185.740 3.000
G_490 0.000 -27.649 3.000
I_491 0.000 777.529 0.000
F_492 0.000 560.542 0.000
L_493 0.000 679.918 0.000
M_494 0.000 401.769 2.000
A_495 0.000 185.740 4.000
H_496 -9.978 -583.484 8.000
Y_497 -12.518 -274.939 13.000
N_498 -24.169 -507.047 13.000
R_499 -27.076 -1015.709 11.000
V_500 0.000 613.196 9.000
P_501 0.000 -195.996 5.000
A_502 0.000 185.740 0.000
L_503 0.000 679.918 0.000
P_504 0.000 -195.996 0.000
F_505 0.000 560.542 0.000
P_506 0.000 -195.996 4.000
G_507 0.000 -27.649 4.000
D_508 -19.866 -475.402 9.000
P_509 0.000 -195.996 9.000
R_510 -27.076 -1015.709 11.000
P_511 0.000 -195.996 7.000
Y_512 -9.265 -274.939 7.000
L_513 0.000 679.918 5.000
P_514 0.000 -195.996 5.000
S_515 -13.255 -90.060 7.000
P_516 0.000 -195.996 7.000
D_517 -16.691 -475.402 7.000
