M_1 0.000 401.769 3.000
T_2 -4.441 -90.974 3.000
M_3 0.000 401.769 6.000
F_4 0.000 560.542 10.000
K_5 -13.255 -818.649 7.000
E_6 -16.691 -605.239 7.000
A_7 0.000 185.740 10.000
V_8 0.000 613.196 7.000
T_9 -11.867 -90.974 6.000
F_10 0.000 560.542 10.000
K_11 -16.309 -818.649 10.000
D_12 -16.691 -475.402 7.000
V_13 0.000 613.196 7.000
A_14 0.000 185.740 4.000
V_15 0.000 613.196 0.000
V_16 0.000 613.196 3.000
F_17 0.000 560.542 7.000
T_18 -17.098 -90.974 11.000
E_19 -25.772 -605.239 15.000
E_20 -25.772 -605.239 15.000
E_21 -23.258 -605.239 12.000
L_22 0.000 679.918 8.000
G_23 0.000 -27.649 4.000
L_24 0.000 679.918 4.000
L_25 0.000 679.918 4.000
D_26 -16.691 -475.402 7.000
V_27 0.000 613.196 11.000
S_28 -20.127 -90.060 16.000
Q_29 -25.772 -643.904 15.000
R_30 -31.716 -1015.709 15.000
K_31 -19.059 -818.649 14.000
L_32 0.000 679.918 15.000
Y_33 -12.900 -274.939 14.000
R_34 -27.076 -1015.709 11.000
D_35 -22.253 -475.402 11.000
V_36 0.000 613.196 9.000
M_37 0.000 401.769 8.000
L_38 0.000 679.918 8.000
E_39 -18.409 -605.239 8.000
N_40 -24.169 -507.047 13.000
F_41 0.000 560.542 17.000
R_42 -29.616 -1015.709 13.000
N_43 -19.866 -507.047 9.000
L_44 0.000 679.918 12.000
L_45 0.000 679.918 7.000
S_46 -4.441 -90.060 3.000
V_47 0.000 613.196 5.000
G_48 0.000 -27.649 9.000
H_49 -8.431 -583.484 6.000
Q_50 -19.866 -643.904 9.000
L_51 0.000 679.918 11.000
S_52 -19.059 -90.060 14.000
H_53 -12.900 -583.484 14.000
R_54 -33.508 -1015.709 17.000
D_55 -25.003 -475.402 14.000
T_56 -19.059 -90.974 14.000
F_57 0.000 560.542 9.000
H_58 -10.601 -583.484 9.000
F_59 0.000 560.542 11.000
Q_60 -25.772 -643.904 15.000
R_61 -33.508 -1015.709 17.000
E_62 -28.912 -605.239 20.000
E_63 -26.485 -605.239 16.000
K_64 -17.811 -818.649 12.000
F_65 0.000 560.542 8.000
W_66 -3.436 -203.500 4.000
I_67 0.000 777.529 5.000
M_68 0.000 401.769 8.000
E_69 -16.691 -605.239 7.000
T_70 -16.309 -90.974 10.000
A_71 0.000 185.740 14.000
T_72 -19.613 -90.974 15.000
Q_73 -26.485 -643.904 16.000
R_74 -32.645 -1015.709 16.000
E_75 -27.150 -605.239 17.000
G_76 0.000 -27.649 16.000
N_77 -22.253 -507.047 11.000
S_78 -13.255 -90.060 7.000
G_79 0.000 -27.649 10.000
G_80 0.000 -27.649 6.000
K_81 -13.255 -818.649 7.000
I_82 0.000 777.529 10.000
Q_83 -25.003 -643.904 14.000
T_84 -17.098 -90.974 11.000
E_85 -25.772 -605.239 15.000
L_86 0.000 679.918 14.000
E_87 -22.253 -605.239 11.000
S_88 -13.255 -90.060 7.000
V_89 0.000 613.196 11.000
P_90 0.000 -195.996 10.000
E_91 -16.691 -605.239 7.000
T_92 -13.255 -90.974 7.000
G_93 0.000 -27.649 9.000
P_94 0.000 -195.996 9.000
H_95 -11.154 -583.484 10.000
E_96 -22.253 -605.239 11.000
E_97 -25.003 -605.239 14.000
W_98 -6.160 -203.500 12.000
S_99 -17.811 -90.060 12.000
C_100 0.000 322.480 12.000
Q_101 -22.253 -643.904 11.000
Q_102 -19.866 -643.904 9.000
I_103 0.000 777.529 13.000
W_104 -6.358 -203.500 13.000
E_105 -23.258 -605.239 12.000
Q_106 -23.258 -643.904 12.000
T_107 -19.059 -90.974 14.000
A_108 0.000 185.740 14.000
S_109 -16.309 -90.060 10.000
E_110 -21.132 -605.239 10.000
L_111 0.000 679.918 15.000
T_112 -17.811 -90.974 12.000
R_113 -28.412 -1015.709 12.000
P_114 0.000 -195.996 16.000
Q_115 -26.485 -643.904 16.000
D_116 -22.253 -475.402 11.000
S_117 -19.059 -90.060 14.000
I_118 0.000 777.529 13.000
S_119 -17.811 -90.060 12.000
S_120 -18.462 -90.060 13.000
S_121 -18.462 -90.060 13.000
Q_122 -24.169 -643.904 13.000
F_123 0.000 560.542 13.000
S_124 -19.059 -90.060 14.000
T_125 -16.309 -90.974 10.000
Q_126 -25.003 -643.904 14.000
G_127 0.000 -27.649 11.000
D_128 -18.409 -475.402 8.000
V_129 0.000 613.196 7.000
P_130 0.000 -195.996 11.000
S_131 -13.255 -90.060 7.000
Q_132 -22.253 -643.904 11.000
V_133 0.000 613.196 11.000
D_134 -18.409 -475.402 8.000
A_135 0.000 185.740 4.000
G_136 0.000 -27.649 7.000
L_137 0.000 679.918 3.000
S_138 -4.441 -90.060 3.000
I_139 0.000 777.529 5.000
I_140 0.000 777.529 5.000
H_141 -1.718 -583.484 2.000
I_142 0.000 777.529 6.000
G_143 0.000 -27.649 9.000
E_144 -16.691 -605.239 7.000
T_145 -16.309 -90.974 10.000
P_146 0.000 -195.996 14.000
S_147 -17.811 -90.060 12.000
E_148 -19.866 -605.239 9.000
H_149 -12.104 -583.484 12.000
G_150 0.000 -27.649 9.000
K_151 -14.420 -818.649 8.000
C_152 0.000 322.480 9.000
K_153 -15.425 -818.649 9.000
K_154 -11.867 -818.649 6.000
F_155 0.000 560.542 9.000
F_156 0.000 560.542 10.000
S_157 -13.255 -90.060 7.000
D_158 -21.132 -475.402 10.000
V_159 0.000 613.196 10.000
S_160 -13.255 -90.060 7.000
I_161 0.000 777.529 7.000
L_162 0.000 679.918 7.000
D_163 -14.591 -475.402 6.000
L_164 0.000 679.918 10.000
H_165 -12.900 -583.484 14.000
Q_166 -21.132 -643.904 10.000
Q_167 -23.258 -643.904 12.000
L_168 0.000 679.918 13.000
H_169 -10.601 -583.484 9.000
S_170 -14.420 -90.060 8.000
G_171 0.000 -27.649 8.000
K_172 -15.425 -818.649 9.000
I_173 0.000 777.529 8.000
S_174 -17.098 -90.060 11.000
H_175 -9.978 -583.484 8.000
T_176 -17.811 -90.974 12.000
C_177 0.000 322.480 13.000
N_178 -24.169 -507.047 13.000
E_179 -25.772 -605.239 15.000
Y_180 -14.188 -274.939 18.000
R_181 -35.072 -1015.709 19.000
K_182 -19.613 -818.649 15.000
R_183 -29.616 -1015.709 13.000
F_184 0.000 560.542 10.000
C_185 0.000 322.480 10.000
Y_186 -9.978 -274.939 8.000
S_187 -14.420 -90.060 8.000
S_188 -14.420 -90.060 8.000
A_189 0.000 185.740 6.000
L_190 0.000 679.918 3.000
C_191 0.000 322.480 2.000
L_192 0.000 679.918 6.000
H_193 -10.601 -583.484 9.000
Q_194 -19.866 -643.904 9.000
K_195 -17.098 -818.649 11.000
V_196 0.000 613.196 9.000
H_197 -7.426 -583.484 5.000
M_198 0.000 401.769 6.000
G_199 0.000 -27.649 9.000
E_200 -23.258 -605.239 12.000
K_201 -19.059 -818.649 14.000
R_202 -33.508 -1015.709 17.000
Y_203 -12.518 -274.939 13.000
K_204 -19.059 -818.649 14.000
C_205 0.000 322.480 9.000
D_206 -16.691 -475.402 7.000
V_207 0.000 613.196 7.000
C_208 0.000 322.480 10.000
S_209 -11.867 -90.060 6.000
K_210 -11.867 -818.649 6.000
A_211 0.000 185.740 9.000
F_212 0.000 560.542 10.000
S_213 -17.098 -90.060 11.000
Q_214 -25.003 -643.904 14.000
N_215 -27.773 -507.047 18.000
S_216 -19.613 -90.060 15.000
Q_217 -25.772 -643.904 15.000
L_218 0.000 679.918 14.000
Q_219 -24.169 -643.904 13.000
T_220 -18.462 -90.974 13.000
H_221 -14.188 -583.484 18.000
Q_222 -25.003 -643.904 14.000
R_223 -29.616 -1015.709 13.000
I_224 0.000 777.529 14.000
H_225 -11.154 -583.484 10.000
T_226 -15.425 -90.974 9.000
G_227 0.000 -27.649 12.000
E_228 -21.132 -605.239 10.000
K_229 -13.255 -818.649 7.000
P_230 0.000 -195.996 10.000
F_231 0.000 560.542 6.000
K_232 -13.255 -818.649 7.000
C_233 0.000 322.480 11.000
E_234 -22.253 -605.239 11.000
Q_235 -18.409 -643.904 8.000
C_236 0.000 322.480 11.000
G_237 0.000 -27.649 10.000
K_238 -11.867 -818.649 6.000
S_239 -15.425 -90.060 9.000
F_240 0.000 560.542 14.000
S_241 -20.127 -90.060 16.000
R_242 -32.645 -1015.709 16.000
R_243 -32.645 -1015.709 16.000
S_244 -18.462 -90.060 13.000
G_245 0.000 -27.649 10.000
M_246 0.000 401.769 5.000
Y_247 -6.160 -274.939 4.000
V_248 0.000 613.196 4.000
H_249 -9.265 -583.484 7.000
C_250 0.000 322.480 5.000
K_251 -13.255 -818.649 7.000
L_252 0.000 679.918 8.000
H_253 -9.978 -583.484 8.000
T_254 -15.425 -90.974 9.000
G_255 0.000 -27.649 12.000
E_256 -21.132 -605.239 10.000
K_257 -15.425 -818.649 9.000
P_258 0.000 -195.996 9.000
H_259 -7.426 -583.484 5.000
I_260 0.000 777.529 6.000
C_261 0.000 322.480 10.000
E_262 -18.409 -605.239 8.000
E_263 -18.409 -605.239 8.000
C_264 0.000 322.480 11.000
G_265 0.000 -27.649 7.000
K_266 -4.441 -818.649 3.000
A_267 0.000 185.740 3.000
F_268 0.000 560.542 5.000
I_269 0.000 777.529 6.000
H_270 -10.601 -583.484 9.000
N_271 -24.169 -507.047 13.000
S_272 -18.462 -90.060 13.000
Q_273 -26.485 -643.904 16.000
L_274 0.000 679.918 16.000
R_275 -31.716 -1015.709 15.000
E_276 -25.772 -605.239 15.000
H_277 -14.725 -583.484 20.000
Q_278 -25.772 -643.904 15.000
R_279 -29.616 -1015.709 13.000
I_280 0.000 777.529 14.000
H_281 -11.154 -583.484 10.000
T_282 -15.425 -90.974 9.000
G_283 0.000 -27.649 12.000
E_284 -21.132 -605.239 10.000
K_285 -13.255 -818.649 7.000
P_286 0.000 -195.996 10.000
F_287 0.000 560.542 6.000
K_288 -10.149 -818.649 5.000
C_289 0.000 322.480 5.000
Y_290 -7.426 -274.939 5.000
I_291 0.000 777.529 2.000
C_292 0.000 322.480 5.000
G_293 0.000 -27.649 6.000
K_294 -11.867 -818.649 6.000
S_295 -14.420 -90.060 8.000
F_296 0.000 560.542 11.000
H_297 -12.518 -583.484 13.000
S_298 -18.462 -90.060 13.000
R_299 -33.508 -1015.709 17.000
S_300 -19.613 -90.060 15.000
N_301 -26.485 -507.047 16.000
L_302 0.000 679.918 16.000
N_303 -25.772 -507.047 15.000
R_304 -30.711 -1015.709 14.000
H_305 -12.900 -583.484 14.000
S_306 -16.309 -90.060 10.000
M_307 0.000 401.769 7.000
V_308 0.000 613.196 5.000
H_309 -8.431 -583.484 6.000
M_310 0.000 401.769 10.000
Q_311 -24.169 -643.904 13.000
E_312 -25.003 -605.239 14.000
K_313 -19.059 -818.649 14.000
S_314 -19.613 -90.060 15.000
F_315 0.000 560.542 11.000
R_316 -28.412 -1015.709 12.000
C_317 0.000 322.480 12.000
D_318 -23.258 -475.402 12.000
T_319 -16.309 -90.974 10.000
C_320 0.000 322.480 14.000
S_321 -18.462 -90.060 13.000
N_322 -21.132 -507.047 10.000
S_323 -16.309 -90.060 10.000
F_324 0.000 560.542 11.000
G_325 0.000 -27.649 12.000
Q_326 -23.258 -643.904 12.000
R_327 -28.412 -1015.709 12.000
S_328 -17.811 -90.060 12.000
A_329 0.000 185.740 12.000
L_330 0.000 679.918 10.000
N_331 -19.866 -507.047 9.000
S_332 -15.425 -90.060 9.000
H_333 -10.601 -583.484 9.000
C_334 0.000 322.480 9.000
M_335 0.000 401.769 8.000
D_336 -19.866 -475.402 9.000
H_337 -12.104 -583.484 12.000
T_338 -20.127 -90.974 16.000
K_339 -19.613 -818.649 15.000
E_340 -24.169 -605.239 13.000
K_341 -17.811 -818.649 12.000
L_342 0.000 679.918 12.000
Y_343 -9.978 -274.939 8.000
K_344 -15.425 -818.649 9.000
C_345 0.000 322.480 13.000
E_346 -22.253 -605.239 11.000
E_347 -18.409 -605.239 8.000
C_348 0.000 322.480 13.000
G_349 0.000 -27.649 12.000
R_350 -21.845 -1015.709 8.000
S_351 -17.098 -90.060 11.000
F_352 0.000 560.542 11.000
T_353 -17.098 -90.974 11.000
C_354 0.000 322.480 12.000
R_355 -32.645 -1015.709 16.000
Q_356 -24.169 -643.904 13.000
D_357 -24.169 -475.402 13.000
L_358 0.000 679.918 11.000
C_359 0.000 322.480 9.000
K_360 -15.425 -818.649 9.000
H_361 -10.601 -583.484 9.000
Q_362 -24.169 -643.904 13.000
M_363 0.000 401.769 12.000
D_364 -24.169 -475.402 13.000
H_365 -10.601 -583.484 9.000
T_366 -18.462 -90.974 13.000
G_367 0.000 -27.649 12.000
D_368 -21.132 -475.402 10.000
K_369 -15.425 -818.649 9.000
P_370 0.000 -195.996 13.000
Y_371 -10.601 -274.939 9.000
N_372 -21.132 -507.047 10.000
C_373 0.000 322.480 10.000
N_374 -18.409 -507.047 8.000
V_375 0.000 613.196 4.000
C_376 0.000 322.480 7.000
G_377 0.000 -27.649 3.000
K_378 -4.441 -818.649 3.000
G_379 0.000 -27.649 8.000
F_380 0.000 560.542 9.000
R_381 -23.856 -1015.709 9.000
W_382 -6.160 -203.500 12.000
S_383 -17.811 -90.060 12.000
S_384 -13.255 -90.060 7.000
C_385 0.000 322.480 9.000
L_386 0.000 679.918 11.000
S_387 -16.309 -90.060 10.000
R_388 -30.711 -1015.709 14.000
H_389 -14.463 -583.484 19.000
Q_390 -26.485 -643.904 16.000
R_391 -29.616 -1015.709 13.000
V_392 0.000 613.196 15.000
H_393 -11.652 -583.484 11.000
N_394 -21.132 -507.047 10.000
G_395 0.000 -27.649 13.000
E_396 -25.003 -605.239 14.000
T_397 -16.309 -90.974 10.000
T_398 -18.462 -90.974 13.000
F_399 0.000 560.542 9.000
K_400 -16.309 -818.649 10.000
C_401 0.000 322.480 7.000
D_402 -16.691 -475.402 7.000
G_403 0.000 -27.649 4.000
C_404 0.000 322.480 7.000
G_405 0.000 -27.649 8.000
K_406 -14.420 -818.649 8.000
R_407 -25.574 -1015.709 10.000
F_408 0.000 560.542 10.000
Y_409 -11.652 -274.939 11.000
M_410 0.000 401.769 9.000
N_411 -24.169 -507.047 13.000
S_412 -17.098 -90.060 11.000
Q_413 -24.169 -643.904 13.000
G_414 0.000 -27.649 12.000
H_415 -11.652 -583.484 11.000
S_416 -17.098 -90.060 11.000
H_417 -13.586 -583.484 16.000
Q_418 -25.003 -643.904 14.000
R_419 -29.616 -1015.709 13.000
A_420 0.000 185.740 16.000
Y_421 -13.586 -274.939 16.000
R_422 -31.716 -1015.709 15.000
E_423 -28.359 -605.239 19.000
E_424 -27.150 -605.239 17.000
E_425 -25.003 -605.239 14.000
L_426 0.000 679.918 13.000
Y_427 -10.601 -274.939 9.000
K_428 -15.425 -818.649 9.000
C_429 0.000 322.480 12.000
Q_430 -21.132 -643.904 10.000
K_431 -13.255 -818.649 7.000
C_432 0.000 322.480 10.000
G_433 0.000 -27.649 6.000
K_434 -10.149 -818.649 5.000
G_435 0.000 -27.649 5.000
Y_436 -9.978 -274.939 8.000
I_437 0.000 777.529 8.000
S_438 -14.420 -90.060 8.000
K_439 -16.309 -818.649 10.000
F_440 0.000 560.542 10.000
N_441 -22.253 -507.047 11.000
L_442 0.000 679.918 8.000
D_443 -21.132 -475.402 10.000
L_444 0.000 679.918 10.000
H_445 -13.255 -583.484 15.000
Q_446 -22.253 -643.904 11.000
R_447 -29.616 -1015.709 13.000
V_448 0.000 613.196 14.000
H_449 -11.154 -583.484 10.000
T_450 -15.425 -90.974 9.000
G_451 0.000 -27.649 14.000
E_452 -23.258 -605.239 12.000
R_453 -27.076 -1015.709 11.000
P_454 0.000 -195.996 15.000
Y_455 -11.652 -274.939 11.000
N_456 -19.866 -507.047 9.000
C_457 0.000 322.480 13.000
K_458 -17.098 -818.649 11.000
E_459 -16.691 -605.239 7.000
C_460 0.000 322.480 10.000
G_461 0.000 -27.649 10.000
K_462 -11.867 -818.649 6.000
S_463 -17.098 -90.060 11.000
F_464 0.000 560.542 12.000
R_465 -23.856 -1015.709 9.000
W_466 -5.447 -203.500 9.000
A_467 0.000 185.740 9.000
S_468 -7.878 -90.060 4.000
G_469 0.000 -27.649 3.000
I_470 0.000 777.529 8.000
L_471 0.000 679.918 7.000
R_472 -25.574 -1015.709 10.000
H_473 -13.255 -583.484 15.000
K_474 -19.613 -818.649 15.000
R_475 -28.412 -1015.709 12.000
L_476 0.000 679.918 13.000
H_477 -11.154 -583.484 10.000
T_478 -15.425 -90.974 9.000
G_479 0.000 -27.649 12.000
E_480 -21.132 -605.239 10.000
K_481 -13.255 -818.649 7.000
P_482 0.000 -195.996 10.000
F_483 0.000 560.542 6.000
K_484 -13.255 -818.649 7.000
C_485 0.000 322.480 11.000
E_486 -22.253 -605.239 11.000
E_487 -18.409 -605.239 8.000
C_488 0.000 322.480 11.000
G_489 0.000 -27.649 12.000
K_490 -14.420 -818.649 8.000
R_491 -27.076 -1015.709 11.000
F_492 0.000 560.542 15.000
T_493 -20.127 -90.974 16.000
E_494 -25.003 -605.239 14.000
N_495 -27.150 -507.047 17.000
S_496 -19.059 -90.060 14.000
K_497 -19.613 -818.649 15.000
L_498 0.000 679.918 11.000
R_499 -25.574 -1015.709 10.000
F_500 0.000 560.542 11.000
H_501 -13.586 -583.484 16.000
Q_502 -22.253 -643.904 11.000
R_503 -29.616 -1015.709 13.000
I_504 0.000 777.529 14.000
H_505 -11.154 -583.484 10.000
T_506 -15.425 -90.974 9.000
G_507 0.000 -27.649 12.000
E_508 -21.132 -605.239 10.000
K_509 -15.425 -818.649 9.000
P_510 0.000 -195.996 12.000
Y_511 -9.978 -274.939 8.000
K_512 -15.425 -818.649 9.000
C_513 0.000 322.480 13.000
E_514 -22.253 -605.239 11.000
E_515 -18.409 -605.239 8.000
C_516 0.000 322.480 11.000
G_517 0.000 -27.649 7.000
K_518 -4.441 -818.649 3.000
G_519 0.000 -27.649 8.000
F_520 0.000 560.542 9.000
R_521 -16.309 -1015.709 6.000
W_522 -5.447 -203.500 9.000
A_523 0.000 185.740 12.000
S_524 -15.425 -90.060 9.000
T_525 -14.420 -90.974 8.000
H_526 -11.652 -583.484 11.000
L_527 0.000 679.918 10.000
T_528 -17.098 -90.974 11.000
H_529 -12.900 -583.484 14.000
Q_530 -25.003 -643.904 14.000
R_531 -29.616 -1015.709 13.000
L_532 0.000 679.918 14.000
H_533 -13.255 -583.484 15.000
S_534 -19.059 -90.060 14.000
R_535 -33.508 -1015.709 17.000
E_536 -25.772 -605.239 15.000
K_537 -17.811 -818.649 12.000
L_538 0.000 679.918 11.000
F_539 0.000 560.542 7.000
Q_540 -18.409 -643.904 8.000
C_541 0.000 322.480 12.000
E_542 -23.258 -605.239 12.000
D_543 -18.409 -475.402 8.000
C_544 0.000 322.480 11.000
G_545 0.000 -27.649 10.000
K_546 -15.425 -818.649 9.000
S_547 -18.462 -90.060 13.000
S_548 -19.613 -90.060 15.000
E_549 -25.772 -605.239 15.000
H_550 -13.255 -583.484 15.000
S_551 -17.811 -90.060 12.000
S_552 -14.420 -90.060 8.000
C_553 0.000 322.480 10.000
L_554 0.000 679.918 11.000
Q_555 -23.258 -643.904 12.000
D_556 -26.485 -475.402 16.000
Q_557 -28.359 -643.904 19.000
Q_558 -28.359 -643.904 19.000
S_559 -20.609 -90.060 17.000
D_560 -26.485 -475.402 16.000
H_561 -12.104 -583.484 12.000
S_562 -18.462 -90.060 13.000
G_563 0.000 -27.649 12.000
E_564 -24.169 -605.239 13.000
K_565 -18.462 -818.649 13.000
T_566 -20.127 -90.974 16.000
S_567 -17.811 -90.060 12.000
K_568 -18.462 -818.649 13.000
C_569 0.000 322.480 14.000
E_570 -22.253 -605.239 11.000
D_571 -18.409 -475.402 8.000
C_572 0.000 322.480 11.000
G_573 0.000 -27.649 12.000
K_574 -16.309 -818.649 10.000
R_575 -30.711 -1015.709 14.000
Y_576 -14.463 -274.939 19.000
E_577 -29.436 -605.239 21.000
R_578 -32.645 -1015.709 16.000
R_579 -34.315 -1015.709 18.000
L_580 0.000 679.918 14.000
N_581 -24.169 -507.047 13.000
L_582 0.000 679.918 8.000
D_583 -18.409 -475.402 8.000
M_584 0.000 401.769 4.000
I_585 0.000 777.529 7.000
L_586 0.000 679.918 3.000
S_587 -4.441 -90.060 3.000
L_588 0.000 679.918 3.000
F_589 0.000 560.542 7.000
L_590 0.000 679.918 8.000
N_591 -18.409 -507.047 8.000
D_592 -18.409 -475.402 8.000
I_593 0.000 777.529 8.000
