M_1 0.000 401.769 0.000
V_2 0.000 613.196 0.000
L_3 0.000 679.918 0.000
L_4 0.000 679.918 0.000
L_5 0.000 679.918 0.000
L_6 0.000 679.918 0.000
V_7 0.000 613.196 0.000
A_8 0.000 185.740 0.000
I_9 0.000 777.529 0.000
P_10 0.000 -195.996 0.000
L_11 0.000 679.918 0.000
L_12 0.000 679.918 2.000
V_13 0.000 613.196 5.000
H_14 -9.978 -583.484 8.000
S_15 -18.462 -90.060 13.000
S_16 -18.462 -90.060 13.000
R_17 -27.076 -1015.709 11.000
G_18 0.000 -27.649 8.000
P_19 0.000 -195.996 7.000
A_20 0.000 185.740 4.000
H_21 -9.978 -583.484 8.000
Y_22 -9.978 -274.939 8.000
E_23 -18.409 -605.239 8.000
M_24 0.000 401.769 6.000
L_25 0.000 679.918 9.000
G_26 0.000 -27.649 5.000
R_27 -25.574 -1015.709 10.000
C_28 0.000 322.480 10.000
R_29 -25.574 -1015.709 10.000
M_30 0.000 401.769 5.000
V_31 0.000 613.196 9.000
C_32 0.000 322.480 4.000
D_33 -14.591 -475.402 6.000
P_34 0.000 -195.996 6.000
H_35 -8.431 -583.484 6.000
G_36 0.000 -27.649 7.000
P_37 0.000 -195.996 7.000
R_38 -11.867 -1015.709 5.000
G_39 0.000 -27.649 5.000
P_40 0.000 -195.996 5.000
G_41 0.000 -27.649 4.000
P_42 0.000 -195.996 4.000
D_43 -7.878 -475.402 4.000
G_44 0.000 -27.649 4.000
A_45 0.000 185.740 4.000
P_46 0.000 -195.996 3.000
A_47 0.000 185.740 3.000
S_48 -4.441 -90.060 3.000
V_49 0.000 613.196 3.000
P_50 0.000 -195.996 3.000
P_51 0.000 -195.996 0.000
F_52 0.000 560.542 0.000
P_53 0.000 -195.996 0.000
P_54 0.000 -195.996 0.000
G_55 0.000 -27.649 3.000
A_56 0.000 185.740 3.000
K_57 -13.255 -818.649 7.000
G_58 0.000 -27.649 7.000
E_59 -16.691 -605.239 7.000
V_60 0.000 613.196 9.000
G_61 0.000 -27.649 14.000
R_62 -25.574 -1015.709 10.000
R_63 -29.616 -1015.709 13.000
G_64 0.000 -27.649 13.000
K_65 -14.420 -818.649 8.000
A_66 0.000 185.740 3.000
G_67 0.000 -27.649 8.000
L_68 0.000 679.918 5.000
R_69 -11.867 -1015.709 5.000
G_70 0.000 -27.649 5.000
P_71 0.000 -195.996 5.000
P_72 0.000 -195.996 0.000
G_73 0.000 -27.649 0.000
P_74 0.000 -195.996 0.000
P_75 0.000 -195.996 0.000
G_76 0.000 -27.649 5.000
P_77 0.000 -195.996 5.000
R_78 -11.867 -1015.709 5.000
G_79 0.000 -27.649 5.000
P_80 0.000 -195.996 5.000
P_81 0.000 -195.996 4.000
G_82 0.000 -27.649 4.000
E_83 -7.878 -605.239 4.000
P_84 0.000 -195.996 9.000
G_85 0.000 -27.649 9.000
R_86 -11.867 -1015.709 5.000
P_87 0.000 -195.996 5.000
G_88 0.000 -27.649 5.000
P_89 0.000 -195.996 0.000
P_90 0.000 -195.996 0.000
G_91 0.000 -27.649 0.000
P_92 0.000 -195.996 0.000
P_93 0.000 -195.996 0.000
G_94 0.000 -27.649 0.000
P_95 0.000 -195.996 0.000
G_96 0.000 -27.649 0.000
P_97 0.000 -195.996 0.000
G_98 0.000 -27.649 0.000
G_99 0.000 -27.649 0.000
V_100 0.000 613.196 0.000
A_101 0.000 185.740 0.000
P_102 0.000 -195.996 0.000
A_103 0.000 185.740 0.000
A_104 0.000 185.740 2.000
G_105 0.000 -27.649 2.000
Y_106 -1.718 -274.939 2.000
V_107 0.000 613.196 7.000
P_108 0.000 -195.996 7.000
R_109 -11.867 -1015.709 5.000
I_110 0.000 777.529 5.000
A_111 0.000 185.740 7.000
F_112 0.000 560.542 2.000
Y_113 -1.718 -274.939 2.000
A_114 0.000 185.740 2.000
G_115 0.000 -27.649 7.000
L_116 0.000 679.918 10.000
R_117 -25.574 -1015.709 10.000
R_118 -28.412 -1015.709 12.000
P_119 0.000 -195.996 16.000
H_120 -11.652 -583.484 11.000
E_121 -18.409 -605.239 8.000
G_122 0.000 -27.649 12.000
Y_123 -11.154 -274.939 10.000
E_124 -14.591 -605.239 6.000
V_125 0.000 613.196 11.000
L_126 0.000 679.918 9.000
R_127 -23.856 -1015.709 9.000
F_128 0.000 560.542 13.000
D_129 -24.169 -475.402 13.000
D_130 -18.409 -475.402 8.000
V_131 0.000 613.196 11.000
V_132 0.000 613.196 11.000
T_133 -13.255 -90.974 7.000
N_134 -16.691 -507.047 7.000
V_135 0.000 613.196 11.000
G_136 0.000 -27.649 8.000
N_137 -14.591 -507.047 6.000
A_138 0.000 185.740 10.000
Y_139 -11.154 -274.939 10.000
E_140 -14.591 -605.239 6.000
A_141 0.000 185.740 9.000
A_142 0.000 185.740 7.000
S_143 -11.867 -90.060 6.000
G_144 0.000 -27.649 6.000
K_145 -15.425 -818.649 9.000
F_146 0.000 560.542 6.000
T_147 -11.867 -90.974 6.000
C_148 0.000 322.480 3.000
P_149 0.000 -195.996 3.000
M_150 0.000 401.769 0.000
P_151 0.000 -195.996 0.000
G_152 0.000 -27.649 2.000
V_153 0.000 613.196 2.000
Y_154 -1.718 -274.939 2.000
F_155 0.000 560.542 2.000
F_156 0.000 560.542 4.000
A_157 0.000 185.740 4.000
Y_158 -6.160 -274.939 4.000
H_159 -6.160 -583.484 4.000
V_160 0.000 613.196 4.000
L_161 0.000 679.918 7.000
M_162 0.000 401.769 5.000
R_163 -11.867 -1015.709 5.000
G_164 0.000 -27.649 9.000
G_165 0.000 -27.649 9.000
D_166 -16.691 -475.402 7.000
G_167 0.000 -27.649 10.000
T_168 -16.309 -90.974 10.000
S_169 -13.255 -90.060 7.000
M_170 0.000 401.769 7.000
W_171 -5.155 -203.500 8.000
A_172 0.000 185.740 5.000
D_173 -11.867 -475.402 5.000
L_174 0.000 679.918 7.000
M_175 0.000 401.769 11.000
K_176 -13.255 -818.649 7.000
N_177 -22.253 -507.047 11.000
G_178 0.000 -27.649 11.000
Q_179 -24.169 -643.904 13.000
V_180 0.000 613.196 9.000
R_181 -28.412 -1015.709 12.000
A_182 0.000 185.740 8.000
S_183 -14.420 -90.060 8.000
A_184 0.000 185.740 3.000
I_185 0.000 777.529 7.000
A_186 0.000 185.740 8.000
Q_187 -18.409 -643.904 8.000
D_188 -23.258 -475.402 12.000
A_189 0.000 185.740 16.000
D_190 -26.485 -475.402 16.000
Q_191 -25.003 -643.904 14.000
N_192 -27.773 -507.047 18.000
Y_193 -13.586 -274.939 16.000
D_194 -23.258 -475.402 12.000
Y_195 -11.652 -274.939 11.000
A_196 0.000 185.740 13.000
S_197 -17.811 -90.060 12.000
N_198 -21.132 -507.047 10.000
S_199 -16.309 -90.060 10.000
V_200 0.000 613.196 7.000
I_201 0.000 777.529 5.000
L_202 0.000 679.918 2.000
H_203 -8.431 -583.484 6.000
L_204 0.000 679.918 6.000
D_205 -14.591 -475.402 6.000
V_206 0.000 613.196 8.000
G_207 0.000 -27.649 12.000
D_208 -18.409 -475.402 8.000
E_209 -18.409 -605.239 8.000
V_210 0.000 613.196 8.000
F_211 0.000 560.542 7.000
I_212 0.000 777.529 3.000
K_213 -13.255 -818.649 7.000
L_214 0.000 679.918 7.000
D_215 -16.691 -475.402 7.000
G_216 0.000 -27.649 7.000
G_217 0.000 -27.649 7.000
K_218 -10.149 -818.649 5.000
V_219 0.000 613.196 5.000
H_220 -7.426 -583.484 5.000
G_221 0.000 -27.649 6.000
G_222 0.000 -27.649 9.000
N_223 -22.253 -507.047 11.000
T_224 -19.059 -90.974 14.000
N_225 -26.485 -507.047 16.000
K_226 -19.613 -818.649 15.000
Y_227 -13.255 -274.939 15.000
S_228 -17.098 -90.060 11.000
T_229 -17.098 -90.974 11.000
F_230 0.000 560.542 9.000
S_231 -11.867 -90.060 6.000
G_232 0.000 -27.649 3.000
F_233 0.000 560.542 3.000
I_234 0.000 777.529 2.000
I_235 0.000 777.529 2.000
Y_236 -8.431 -274.939 6.000
P_237 0.000 -195.996 6.000
D_238 -14.591 -475.402 6.000
