M_1 0.000 401.769 1.000
W_2 -0.000 -203.500 1.000
G_3 0.000 -27.649 1.000
L_4 0.000 679.918 1.000
L_5 0.000 679.918 1.000
I_6 0.000 777.529 4.000
W_7 -3.436 -203.500 4.000
T_8 -7.878 -90.974 4.000
L_9 0.000 679.918 4.000
L_10 0.000 679.918 3.000
A_11 0.000 185.740 2.000
L_12 0.000 679.918 6.000
H_13 -8.431 -583.484 6.000
Q_14 -22.253 -643.904 11.000
I_15 0.000 777.529 11.000
R_16 -23.856 -1015.709 9.000
A_17 0.000 185.740 10.000
A_18 0.000 185.740 10.000
R_19 -23.856 -1015.709 9.000
A_20 0.000 185.740 13.000
Q_21 -27.150 -643.904 17.000
D_22 -23.258 -475.402 12.000
D_23 -25.772 -475.402 15.000
V_24 0.000 613.196 11.000
S_25 -15.425 -90.060 9.000
P_26 0.000 -195.996 5.000
Y_27 -9.978 -274.939 8.000
F_28 0.000 560.542 8.000
K_29 -17.811 -818.649 12.000
T_30 -16.309 -90.974 10.000
E_31 -21.132 -605.239 10.000
P_32 0.000 -195.996 12.000
V_33 0.000 613.196 12.000
R_34 -28.412 -1015.709 12.000
T_35 -17.811 -90.974 12.000
Q_36 -25.003 -643.904 14.000
V_37 0.000 613.196 9.000
H_38 -11.154 -583.484 10.000
L_39 0.000 679.918 6.000
E_40 -21.132 -605.239 10.000
G_41 0.000 -27.649 13.000
N_42 -24.169 -507.047 13.000
R_43 -23.856 -1015.709 9.000
L_44 0.000 679.918 9.000
V_45 0.000 613.196 8.000
L_46 0.000 679.918 3.000
T_47 -4.441 -90.974 3.000
C_48 0.000 322.480 3.000
M_49 0.000 401.769 7.000
A_50 0.000 185.740 4.000
E_51 -16.691 -605.239 7.000
G_52 0.000 -27.649 8.000
S_53 -14.420 -90.060 8.000
W_54 -3.436 -203.500 4.000
P_55 0.000 -195.996 8.000
L_56 0.000 679.918 5.000
E_57 -16.691 -605.239 7.000
F_58 0.000 560.542 8.000
K_59 -14.420 -818.649 8.000
W_60 -4.441 -203.500 6.000
L_61 0.000 679.918 10.000
H_62 -11.652 -583.484 11.000
N_63 -25.772 -507.047 15.000
N_64 -28.359 -507.047 19.000
R_65 -33.508 -1015.709 17.000
E_66 -26.485 -605.239 16.000
L_67 0.000 679.918 15.000
T_68 -16.309 -90.974 10.000
K_69 -15.425 -818.649 9.000
F_70 0.000 560.542 9.000
S_71 -16.309 -90.060 10.000
L_72 0.000 679.918 9.000
E_73 -25.003 -605.239 14.000
Y_74 -12.518 -274.939 13.000
R_75 -29.616 -1015.709 13.000
Y_76 -10.601 -274.939 9.000
M_77 0.000 401.769 10.000
I_78 0.000 777.529 8.000
T_79 -11.867 -90.974 6.000
S_80 -16.309 -90.060 10.000
L_81 0.000 679.918 15.000
D_82 -25.772 -475.402 15.000
R_83 -30.711 -1015.709 14.000
T_84 -19.059 -90.974 14.000
H_85 -11.154 -583.484 10.000
A_86 0.000 185.740 5.000
G_87 0.000 -27.649 4.000
F_88 0.000 560.542 7.000
Y_89 -9.265 -274.939 7.000
R_90 -19.414 -1015.709 7.000
C_91 0.000 322.480 7.000
I_92 0.000 777.529 10.000
V_93 0.000 613.196 9.000
R_94 -30.711 -1015.709 14.000
N_95 -25.003 -507.047 14.000
R_96 -30.711 -1015.709 14.000
M_97 0.000 401.769 9.000
G_98 0.000 -27.649 5.000
A_99 0.000 185.740 0.000
L_100 0.000 679.918 4.000
L_101 0.000 679.918 9.000
Q_102 -24.169 -643.904 13.000
R_103 -32.645 -1015.709 16.000
Q_104 -28.912 -643.904 20.000
T_105 -20.127 -90.974 16.000
E_106 -25.772 -605.239 15.000
V_107 0.000 613.196 11.000
Q_108 -18.409 -643.904 8.000
V_109 0.000 613.196 6.000
A_110 0.000 185.740 6.000
Y_111 -1.718 -274.939 2.000
M_112 0.000 401.769 5.000
G_113 0.000 -27.649 5.000
S_114 -13.255 -90.060 7.000
F_115 0.000 560.542 11.000
E_116 -22.253 -605.239 11.000
E_117 -23.258 -605.239 12.000
G_118 0.000 -27.649 15.000
E_119 -24.169 -605.239 13.000
K_120 -18.462 -818.649 13.000
H_121 -13.586 -583.484 16.000
Q_122 -23.258 -643.904 12.000
S_123 -17.811 -90.060 12.000
V_124 0.000 613.196 12.000
S_125 -14.420 -90.060 8.000
H_126 -10.601 -583.484 9.000
G_127 0.000 -27.649 9.000
E_128 -14.591 -605.239 6.000
A_129 0.000 185.740 4.000
A_130 0.000 185.740 4.000
V_131 0.000 613.196 5.000
I_132 0.000 777.529 5.000
R_133 -11.867 -1015.709 5.000
A_134 0.000 185.740 10.000
P_135 0.000 -195.996 10.000
R_136 -11.867 -1015.709 5.000
I_137 0.000 777.529 8.000
A_138 0.000 185.740 8.000
S_139 -4.441 -90.060 3.000
F_140 0.000 560.542 7.000
P_141 0.000 -195.996 7.000
Q_142 -18.409 -643.904 8.000
P_143 0.000 -195.996 8.000
Q_144 -22.253 -643.904 11.000
V_145 0.000 613.196 8.000
T_146 -14.420 -90.974 8.000
W_147 -5.447 -203.500 9.000
F_148 0.000 560.542 13.000
R_149 -25.574 -1015.709 10.000
D_150 -25.003 -475.402 14.000
G_151 0.000 -27.649 17.000
R_152 -28.412 -1015.709 12.000
K_153 -14.420 -818.649 8.000
I_154 0.000 777.529 8.000
P_155 0.000 -195.996 6.000
P_156 0.000 -195.996 6.000
S_157 -17.098 -90.060 11.000
S_158 -17.098 -90.060 11.000
R_159 -27.076 -1015.709 11.000
I_160 0.000 777.529 8.000
A_161 0.000 185.740 8.000
I_162 0.000 777.529 3.000
T_163 -13.255 -90.974 7.000
L_164 0.000 679.918 11.000
E_165 -25.003 -605.239 14.000
N_166 -22.253 -507.047 11.000
T_167 -17.098 -90.974 11.000
L_168 0.000 679.918 7.000
V_169 0.000 613.196 3.000
I_170 0.000 777.529 3.000
L_171 0.000 679.918 6.000
S_172 -11.867 -90.060 6.000
T_173 -11.867 -90.974 6.000
V_174 0.000 613.196 6.000
A_175 0.000 185.740 7.000
P_176 0.000 -195.996 4.000
D_177 -7.878 -475.402 4.000
A_178 0.000 185.740 9.000
G_179 0.000 -27.649 11.000
R_180 -23.856 -1015.709 9.000
Y_181 -10.601 -274.939 9.000
Y_182 -12.518 -274.939 13.000
V_183 0.000 613.196 8.000
Q_184 -14.591 -643.904 6.000
A_185 0.000 185.740 8.000
V_186 0.000 613.196 12.000
N_187 -22.253 -507.047 11.000
D_188 -25.772 -475.402 15.000
K_189 -19.613 -818.649 15.000
N_190 -25.772 -507.047 15.000
G_191 0.000 -27.649 15.000
D_192 -25.772 -475.402 15.000
N_193 -25.003 -507.047 14.000
K_194 -20.609 -818.649 17.000
T_195 -20.609 -90.974 17.000
S_196 -18.462 -90.060 13.000
Q_197 -21.132 -643.904 10.000
P_198 0.000 -195.996 10.000
I_199 0.000 777.529 7.000
T_200 -11.867 -90.974 6.000
L_201 0.000 679.918 6.000
T_202 -16.309 -90.974 10.000
V_203 0.000 613.196 11.000
E_204 -22.253 -605.239 11.000
N_205 -18.409 -507.047 8.000
V_206 0.000 613.196 8.000
G_207 0.000 -27.649 4.000
G_208 0.000 -27.649 0.000
P_209 0.000 -195.996 4.000
A_210 0.000 185.740 4.000
D_211 -7.878 -475.402 4.000
P_212 0.000 -195.996 4.000
I_213 0.000 777.529 4.000
A_214 0.000 185.740 3.000
P_215 0.000 -195.996 3.000
T_216 -4.441 -90.974 3.000
I_217 0.000 777.529 3.000
I_218 0.000 777.529 3.000
I_219 0.000 777.529 0.000
P_220 0.000 -195.996 3.000
P_221 0.000 -195.996 7.000
K_222 -16.309 -818.649 10.000
N_223 -24.169 -507.047 13.000
T_224 -18.462 -90.974 13.000
S_225 -16.309 -90.060 10.000
V_226 0.000 613.196 6.000
V_227 0.000 613.196 3.000
A_228 0.000 185.740 3.000
G_229 0.000 -27.649 6.000
T_230 -16.309 -90.974 10.000
S_231 -16.309 -90.060 10.000
E_232 -24.169 -605.239 13.000
V_233 0.000 613.196 10.000
T_234 -17.098 -90.974 11.000
L_235 0.000 679.918 7.000
E_236 -16.691 -605.239 7.000
C_237 0.000 322.480 4.000
V_238 0.000 613.196 8.000
A_239 0.000 185.740 4.000
N_240 -19.866 -507.047 9.000
A_241 0.000 185.740 9.000
R_242 -23.856 -1015.709 9.000
P_243 0.000 -195.996 5.000
L_244 0.000 679.918 8.000
I_245 0.000 777.529 3.000
K_246 -10.149 -818.649 5.000
L_247 0.000 679.918 5.000
H_248 -7.426 -583.484 5.000
I_249 0.000 777.529 3.000
I_250 0.000 777.529 6.000
W_251 -4.824 -203.500 7.000
K_252 -17.098 -818.649 11.000
K_253 -17.098 -818.649 11.000
D_254 -21.132 -475.402 10.000
G_255 0.000 -27.649 7.000
V_256 0.000 613.196 4.000
L_257 0.000 679.918 3.000
L_258 0.000 679.918 3.000
S_259 -4.441 -90.060 3.000
G_260 0.000 -27.649 3.000
G_261 0.000 -27.649 6.000
I_262 0.000 777.529 7.000
S_263 -15.425 -90.060 9.000
D_264 -24.169 -475.402 13.000
H_265 -14.188 -583.484 18.000
N_266 -28.912 -507.047 20.000
R_267 -32.645 -1015.709 16.000
R_268 -33.508 -1015.709 17.000
L_269 0.000 679.918 13.000
T_270 -14.420 -90.974 8.000
I_271 0.000 777.529 7.000
P_272 0.000 -195.996 7.000
N_273 -16.691 -507.047 7.000
P_274 0.000 -195.996 7.000
T_275 -16.309 -90.974 10.000
G_276 0.000 -27.649 10.000
S_277 -16.309 -90.060 10.000
D_278 -16.691 -475.402 7.000
A_279 0.000 185.740 9.000
G_280 0.000 -27.649 8.000
Y_281 -9.978 -274.939 8.000
Y_282 -9.978 -274.939 8.000
E_283 -23.258 -605.239 12.000
C_284 0.000 322.480 10.000
E_285 -18.409 -605.239 8.000
A_286 0.000 185.740 4.000
V_287 0.000 613.196 9.000
L_288 0.000 679.918 8.000
R_289 -27.076 -1015.709 11.000
S_290 -19.059 -90.060 14.000
S_291 -19.059 -90.060 14.000
S_292 -15.425 -90.060 9.000
V_293 0.000 613.196 9.000
P_294 0.000 -195.996 6.000
S_295 -4.441 -90.060 3.000
V_296 0.000 613.196 8.000
V_297 0.000 613.196 8.000
R_298 -11.867 -1015.709 5.000
G_299 0.000 -27.649 7.000
A_300 0.000 185.740 7.000
Y_301 -7.426 -274.939 5.000
L_302 0.000 679.918 5.000
S_303 -10.149 -90.060 5.000
V_304 0.000 613.196 7.000
L_305 0.000 679.918 7.000
E_306 -7.878 -605.239 4.000
P_307 0.000 -195.996 8.000
P_308 0.000 -195.996 8.000
Q_309 -7.878 -643.904 4.000
F_310 0.000 560.542 7.000
V_311 0.000 613.196 11.000
K_312 -13.255 -818.649 7.000
E_313 -22.253 -605.239 11.000
P_314 0.000 -195.996 16.000
E_315 -25.772 -605.239 15.000
R_316 -27.076 -1015.709 11.000
H_317 -12.900 -583.484 14.000
I_318 0.000 777.529 10.000
T_319 -15.425 -90.974 9.000
A_320 0.000 185.740 7.000
E_321 -22.253 -605.239 11.000
M_322 0.000 401.769 11.000
E_323 -22.253 -605.239 11.000
K_324 -13.255 -818.649 7.000
V_325 0.000 613.196 11.000
V_326 0.000 613.196 7.000
D_327 -7.878 -475.402 4.000
I_328 0.000 777.529 4.000
P_329 0.000 -195.996 8.000
C_330 0.000 322.480 4.000
Q_331 -16.691 -643.904 7.000
A_332 0.000 185.740 7.000
K_333 -13.255 -818.649 7.000
G_334 0.000 -27.649 3.000
V_335 0.000 613.196 3.000
P_336 0.000 -195.996 0.000
P_337 0.000 -195.996 3.000
P_338 0.000 -195.996 3.000
S_339 -11.867 -90.060 6.000
I_340 0.000 777.529 7.000
T_341 -15.425 -90.974 9.000
W_342 -5.447 -203.500 9.000
Y_343 -12.518 -274.939 13.000
K_344 -16.309 -818.649 10.000
D_345 -19.866 -475.402 9.000
A_346 0.000 185.740 7.000
A_347 0.000 185.740 4.000
V_348 0.000 613.196 4.000
V_349 0.000 613.196 4.000
E_350 -18.409 -605.239 8.000
V_351 0.000 613.196 11.000
E_352 -22.253 -605.239 11.000
K_353 -16.309 -818.649 10.000
L_354 0.000 679.918 15.000
T_355 -17.098 -90.974 11.000
R_356 -29.616 -1015.709 13.000
F_357 0.000 560.542 17.000
R_358 -35.072 -1015.709 19.000
Q_359 -27.773 -643.904 18.000
R_360 -37.098 -1015.709 22.000
N_361 -27.150 -507.047 17.000
D_362 -24.169 -475.402 13.000
G_363 0.000 -27.649 8.000
G_364 0.000 -27.649 8.000
L_365 0.000 679.918 4.000
Q_366 -16.691 -643.904 7.000
I_367 0.000 777.529 7.000
S_368 -13.255 -90.060 7.000
G_369 0.000 -27.649 3.000
L_370 0.000 679.918 3.000
V_371 0.000 613.196 4.000
P_372 0.000 -195.996 8.000
D_373 -22.253 -475.402 11.000
D_374 -22.253 -475.402 11.000
T_375 -17.098 -90.974 11.000
G_376 0.000 -27.649 7.000
M_377 0.000 401.769 7.000
F_378 0.000 560.542 4.000
Q_379 -7.878 -643.904 4.000
C_380 0.000 322.480 4.000
F_381 0.000 560.542 9.000
A_382 0.000 185.740 9.000
R_383 -23.856 -1015.709 9.000
N_384 -19.866 -507.047 9.000
A_385 0.000 185.740 9.000
A_386 0.000 185.740 8.000
G_387 0.000 -27.649 4.000
E_388 -18.409 -605.239 8.000
V_389 0.000 613.196 11.000
Q_390 -25.003 -643.904 14.000
T_391 -18.462 -90.974 13.000
S_392 -19.613 -90.060 15.000
T_393 -17.098 -90.974 11.000
Y_394 -9.978 -274.939 8.000
L_395 0.000 679.918 5.000
A_396 0.000 185.740 5.000
V_397 0.000 613.196 6.000
T_398 -11.867 -90.974 6.000
S_399 -11.867 -90.060 6.000
I_400 0.000 777.529 6.000
A_401 0.000 185.740 7.000
P_402 0.000 -195.996 4.000
N_403 -16.691 -507.047 7.000
I_404 0.000 777.529 12.000
T_405 -17.811 -90.974 12.000
R_406 -21.845 -1015.709 8.000
G_407 0.000 -27.649 8.000
P_408 0.000 -195.996 9.000
L_409 0.000 679.918 7.000
D_410 -21.132 -475.402 10.000
S_411 -16.309 -90.060 10.000
T_412 -16.309 -90.974 10.000
V_413 0.000 613.196 10.000
I_414 0.000 777.529 7.000
D_415 -7.878 -475.402 4.000
G_416 0.000 -27.649 7.000
M_417 0.000 401.769 7.000
S_418 -4.441 -90.060 3.000
V_419 0.000 613.196 3.000
V_420 0.000 613.196 3.000
L_421 0.000 679.918 0.000
A_422 0.000 185.740 4.000
C_423 0.000 322.480 7.000
E_424 -21.132 -605.239 10.000
T_425 -16.309 -90.974 10.000
S_426 -16.309 -90.060 10.000
G_427 0.000 -27.649 6.000
A_428 0.000 185.740 8.000
P_429 0.000 -195.996 5.000
R_430 -11.867 -1015.709 5.000
P_431 0.000 -195.996 5.000
A_432 0.000 185.740 8.000
I_433 0.000 777.529 4.000
T_434 -14.420 -90.974 8.000
W_435 -5.944 -203.500 11.000
Q_436 -22.253 -643.904 11.000
K_437 -17.811 -818.649 12.000
G_438 0.000 -27.649 16.000
E_439 -23.258 -605.239 12.000
R_440 -23.856 -1015.709 9.000
I_441 0.000 777.529 9.000
L_442 0.000 679.918 8.000
A_443 0.000 185.740 3.000
S_444 -11.867 -90.060 6.000
G_445 0.000 -27.649 6.000
S_446 -16.309 -90.060 10.000
V_447 0.000 613.196 7.000
Q_448 -16.691 -643.904 7.000
L_449 0.000 679.918 9.000
P_450 0.000 -195.996 9.000
R_451 -21.845 -1015.709 8.000
F_452 0.000 560.542 8.000
T_453 -14.420 -90.974 8.000
P_454 0.000 -195.996 7.000
L_455 0.000 679.918 10.000
E_456 -16.691 -605.239 7.000
S_457 -16.309 -90.060 10.000
G_458 0.000 -27.649 10.000
S_459 -11.867 -90.060 6.000
L_460 0.000 679.918 3.000
L_461 0.000 679.918 6.000
I_462 0.000 777.529 3.000
S_463 -11.867 -90.060 6.000
P_464 0.000 -195.996 8.000
T_465 -14.420 -90.974 8.000
H_466 -9.978 -583.484 8.000
I_467 0.000 777.529 12.000
S_468 -15.425 -90.060 9.000
D_469 -16.691 -475.402 7.000
A_470 0.000 185.740 10.000
G_471 0.000 -27.649 9.000
T_472 -14.420 -90.974 8.000
Y_473 -9.978 -274.939 8.000
T_474 -14.420 -90.974 8.000
C_475 0.000 322.480 5.000
L_476 0.000 679.918 6.000
A_477 0.000 185.740 7.000
T_478 -16.309 -90.974 10.000
N_479 -25.772 -507.047 15.000
S_480 -19.613 -90.060 15.000
R_481 -28.412 -1015.709 12.000
G_482 0.000 -27.649 12.000
V_483 0.000 613.196 13.000
D_484 -18.409 -475.402 8.000
E_485 -22.253 -605.239 11.000
A_486 0.000 185.740 11.000
S_487 -17.098 -90.060 11.000
A_488 0.000 185.740 7.000
D_489 -16.691 -475.402 7.000
L_490 0.000 679.918 4.000
V_491 0.000 613.196 5.000
V_492 0.000 613.196 1.000
W_493 -4.441 -203.500 6.000
A_494 0.000 185.740 9.000
R_495 -30.711 -1015.709 14.000
T_496 -18.462 -90.974 13.000
R_497 -32.645 -1015.709 16.000
I_498 0.000 777.529 14.000
T_499 -17.098 -90.974 11.000
K_500 -11.867 -818.649 6.000
P_501 0.000 -195.996 10.000
P_502 0.000 -195.996 11.000
Q_503 -23.258 -643.904 12.000
D_504 -25.772 -475.402 15.000
Q_505 -25.772 -643.904 15.000
S_506 -17.098 -90.060 11.000
V_507 0.000 613.196 10.000
I_508 0.000 777.529 6.000
K_509 -11.867 -818.649 6.000
G_510 0.000 -27.649 10.000
T_511 -16.309 -90.974 10.000
Q_512 -21.132 -643.904 10.000
A_513 0.000 185.740 10.000
S_514 -13.255 -90.060 7.000
M_515 0.000 401.769 3.000
V_516 0.000 613.196 3.000
C_517 0.000 322.480 0.000
G_518 0.000 -27.649 3.000
V_519 0.000 613.196 5.000
T_520 -15.425 -90.974 9.000
H_521 -10.601 -583.484 9.000
D_522 -25.003 -475.402 14.000
P_523 0.000 -195.996 11.000
R_524 -28.412 -1015.709 12.000
V_525 0.000 613.196 8.000
T_526 -18.462 -90.974 13.000
I_527 0.000 777.529 10.000
R_528 -25.574 -1015.709 10.000
Y_529 -9.978 -274.939 8.000
I_530 0.000 777.529 12.000
W_531 -5.708 -203.500 10.000
E_532 -23.258 -605.239 12.000
K_533 -17.811 -818.649 12.000
D_534 -22.253 -475.402 11.000
G_535 0.000 -27.649 10.000
A_536 0.000 185.740 7.000
T_537 -4.441 -90.974 3.000
L_538 0.000 679.918 6.000
G_539 0.000 -27.649 10.000
T_540 -16.309 -90.974 10.000
E_541 -23.258 -605.239 12.000
S_542 -17.811 -90.060 12.000
H_543 -12.900 -583.484 14.000
P_544 0.000 -195.996 10.000
R_545 -28.412 -1015.709 12.000
I_546 0.000 777.529 10.000
R_547 -30.711 -1015.709 14.000
L_548 0.000 679.918 14.000
D_549 -27.773 -475.402 18.000
R_550 -29.616 -1015.709 13.000
N_551 -26.485 -507.047 16.000
G_552 0.000 -27.649 12.000
S_553 -15.425 -90.060 9.000
L_554 0.000 679.918 5.000
H_555 -9.978 -583.484 8.000
I_556 0.000 777.529 9.000
S_557 -17.811 -90.060 12.000
Q_558 -22.253 -643.904 11.000
T_559 -19.059 -90.974 14.000
W_560 -5.944 -203.500 11.000
S_561 -17.098 -90.060 11.000
G_562 0.000 -27.649 8.000
D_563 -16.691 -475.402 7.000
I_564 0.000 777.529 7.000
G_565 0.000 -27.649 9.000
T_566 -14.420 -90.974 8.000
Y_567 -9.978 -274.939 8.000
T_568 -18.462 -90.974 13.000
C_569 0.000 322.480 10.000
R_570 -21.845 -1015.709 8.000
V_571 0.000 613.196 8.000
I_572 0.000 777.529 8.000
S_573 -4.441 -90.060 3.000
A_574 0.000 185.740 3.000
G_575 0.000 -27.649 7.000
G_576 0.000 -27.649 8.000
N_577 -22.253 -507.047 11.000
D_578 -26.485 -475.402 16.000
S_579 -21.486 -90.060 19.000
R_580 -31.716 -1015.709 15.000
S_581 -18.462 -90.060 13.000
A_582 0.000 185.740 10.000
H_583 -11.154 -583.484 10.000
L_584 0.000 679.918 7.000
R_585 -28.412 -1015.709 12.000
V_586 0.000 613.196 14.000
R_587 -30.711 -1015.709 14.000
Q_588 -19.866 -643.904 9.000
L_589 0.000 679.918 11.000
P_590 0.000 -195.996 6.000
H_591 -1.718 -583.484 2.000
A_592 0.000 185.740 6.000
P_593 0.000 -195.996 8.000
E_594 -14.591 -605.239 6.000
H_595 -8.431 -583.484 6.000
P_596 0.000 -195.996 6.000
V_597 0.000 613.196 5.000
A_598 0.000 185.740 3.000
T_599 -11.867 -90.974 6.000
L_600 0.000 679.918 9.000
S_601 -15.425 -90.060 9.000
T_602 -16.309 -90.974 10.000
V_603 0.000 613.196 15.000
E_604 -27.150 -605.239 17.000
R_605 -30.711 -1015.709 14.000
R_606 -30.711 -1015.709 14.000
A_607 0.000 185.740 14.000
I_608 0.000 777.529 9.000
N_609 -16.691 -507.047 7.000
L_610 0.000 679.918 8.000
T_611 -17.098 -90.974 11.000
W_612 -5.708 -203.500 10.000
T_613 -16.309 -90.974 10.000
K_614 -13.255 -818.649 7.000
P_615 0.000 -195.996 10.000
F_616 0.000 560.542 7.000
D_617 -18.409 -475.402 8.000
G_618 0.000 -27.649 11.000
N_619 -22.253 -507.047 11.000
S_620 -13.255 -90.060 7.000
P_621 0.000 -195.996 7.000
L_622 0.000 679.918 8.000
I_623 0.000 777.529 7.000
R_624 -19.414 -1015.709 7.000
Y_625 -9.265 -274.939 7.000
I_626 0.000 777.529 11.000
L_627 0.000 679.918 6.000
E_628 -16.691 -605.239 7.000
M_629 0.000 401.769 11.000
S_630 -19.613 -90.060 15.000
E_631 -25.772 -605.239 15.000
N_632 -25.772 -507.047 15.000
N_633 -23.258 -507.047 12.000
A_634 0.000 185.740 9.000
P_635 0.000 -195.996 8.000
W_636 -3.436 -203.500 4.000
T_637 -7.878 -90.974 4.000
V_638 0.000 613.196 4.000
L_639 0.000 679.918 3.000
L_640 0.000 679.918 3.000
A_641 0.000 185.740 3.000
S_642 -13.255 -90.060 7.000
V_643 0.000 613.196 7.000
D_644 -21.132 -475.402 10.000
P_645 0.000 -195.996 7.000
K_646 -16.309 -818.649 10.000
A_647 0.000 185.740 9.000
T_648 -15.425 -90.974 9.000
S_649 -15.425 -90.060 9.000
V_650 0.000 613.196 9.000
T_651 -15.425 -90.974 9.000
V_652 0.000 613.196 6.000
K_653 -11.867 -818.649 6.000
G_654 0.000 -27.649 3.000
L_655 0.000 679.918 3.000
V_656 0.000 613.196 0.000
P_657 0.000 -195.996 5.000
A_658 0.000 185.740 8.000
R_659 -25.574 -1015.709 10.000
S_660 -19.059 -90.060 14.000
Y_661 -12.900 -274.939 14.000
Q_662 -25.003 -643.904 14.000
F_663 0.000 560.542 11.000
R_664 -23.856 -1015.709 9.000
L_665 0.000 679.918 5.000
C_666 0.000 322.480 5.000
A_667 0.000 185.740 4.000
V_668 0.000 613.196 8.000
N_669 -18.409 -507.047 8.000
D_670 -18.409 -475.402 8.000
V_671 0.000 613.196 11.000
G_672 0.000 -27.649 7.000
K_673 -13.255 -818.649 7.000
G_674 0.000 -27.649 7.000
Q_675 -21.132 -643.904 10.000
F_676 0.000 560.542 10.000
S_677 -19.059 -90.060 14.000
K_678 -18.462 -818.649 13.000
D_679 -27.150 -475.402 17.000
T_680 -21.486 -90.974 19.000
E_681 -26.485 -605.239 16.000
R_682 -31.716 -1015.709 15.000
V_683 0.000 613.196 12.000
S_684 -14.420 -90.060 8.000
L_685 0.000 679.918 7.000
P_686 0.000 -195.996 11.000
E_687 -18.409 -605.239 8.000
E_688 -18.409 -605.239 8.000
P_689 0.000 -195.996 11.000
P_690 0.000 -195.996 7.000
T_691 -4.441 -90.974 3.000
A_692 0.000 185.740 3.000
P_693 0.000 -195.996 7.000
P_694 0.000 -195.996 8.000
Q_695 -18.409 -643.904 8.000
N_696 -18.409 -507.047 8.000
V_697 0.000 613.196 8.000
I_698 0.000 777.529 7.000
A_699 0.000 185.740 3.000
S_700 -14.420 -90.060 8.000
G_701 0.000 -27.649 11.000
R_702 -31.716 -1015.709 15.000
T_703 -20.127 -90.974 16.000
N_704 -28.359 -507.047 19.000
Q_705 -25.003 -643.904 14.000
S_706 -17.098 -90.060 11.000
I_707 0.000 777.529 7.000
M_708 0.000 401.769 7.000
I_709 0.000 777.529 5.000
Q_710 -19.866 -643.904 9.000
W_711 -5.447 -203.500 9.000
Q_712 -19.866 -643.904 9.000
P_713 0.000 -195.996 5.000
P_714 0.000 -195.996 8.000
P_715 0.000 -195.996 7.000
E_716 -19.866 -605.239 9.000
S_717 -18.462 -90.060 13.000
H_718 -13.896 -583.484 17.000
Q_719 -24.169 -643.904 13.000
N_720 -21.132 -507.047 10.000
G_721 0.000 -27.649 8.000
I_722 0.000 777.529 7.000
L_723 0.000 679.918 3.000
K_724 -10.149 -818.649 5.000
G_725 0.000 -27.649 5.000
Y_726 -7.426 -274.939 5.000
I_727 0.000 777.529 7.000
I_728 0.000 777.529 9.000
R_729 -19.414 -1015.709 7.000
Y_730 -9.265 -274.939 7.000
C_731 0.000 322.480 7.000
L_732 0.000 679.918 2.000
A_733 0.000 185.740 0.000
G_734 0.000 -27.649 0.000
L_735 0.000 679.918 0.000
P_736 0.000 -195.996 0.000
V_737 0.000 613.196 2.000
G_738 0.000 -27.649 6.000
Y_739 -8.431 -274.939 6.000
Q_740 -19.866 -643.904 9.000
F_741 0.000 560.542 13.000
K_742 -17.098 -818.649 11.000
N_743 -21.132 -507.047 10.000
I_744 0.000 777.529 14.000
T_745 -17.098 -90.974 11.000
D_746 -22.253 -475.402 11.000
A_747 0.000 185.740 11.000
D_748 -23.258 -475.402 12.000
V_749 0.000 613.196 12.000
N_750 -23.258 -507.047 12.000
N_751 -18.409 -507.047 8.000
L_752 0.000 679.918 8.000
L_753 0.000 679.918 8.000
L_754 0.000 679.918 8.000
E_755 -18.409 -605.239 8.000
D_756 -18.409 -475.402 8.000
L_757 0.000 679.918 8.000
I_758 0.000 777.529 5.000
I_759 0.000 777.529 4.000
W_760 -5.155 -203.500 8.000
T_761 -16.309 -90.974 10.000
N_762 -25.003 -507.047 14.000
Y_763 -12.518 -274.939 13.000
E_764 -25.003 -605.239 14.000
I_765 0.000 777.529 10.000
E_766 -18.409 -605.239 8.000
V_767 0.000 613.196 4.000
A_768 0.000 185.740 6.000
A_769 0.000 185.740 6.000
Y_770 -10.601 -274.939 9.000
N_771 -19.866 -507.047 9.000
S_772 -15.425 -90.060 9.000
A_773 0.000 185.740 7.000
G_774 0.000 -27.649 3.000
L_775 0.000 679.918 0.000
G_776 0.000 -27.649 2.000
V_777 0.000 613.196 5.000
Y_778 -9.978 -274.939 8.000
S_779 -17.098 -90.060 11.000
S_780 -17.098 -90.060 11.000
K_781 -17.811 -818.649 12.000
V_782 0.000 613.196 13.000
T_783 -17.098 -90.974 11.000
E_784 -22.253 -605.239 11.000
W_785 -5.944 -203.500 11.000
T_786 -17.811 -90.974 12.000
L_787 0.000 679.918 8.000
Q_788 -16.691 -643.904 7.000
G_789 0.000 -27.649 4.000
V_790 0.000 613.196 7.000
P_791 0.000 -195.996 3.000
T_792 -4.441 -90.974 3.000
V_793 0.000 613.196 3.000
P_794 0.000 -195.996 3.000
P_795 0.000 -195.996 4.000
G_796 0.000 -27.649 4.000
N_797 -14.591 -507.047 6.000
V_798 0.000 613.196 6.000
H_799 -11.154 -583.484 10.000
A_800 0.000 185.740 6.000
E_801 -19.866 -605.239 9.000
A_802 0.000 185.740 11.000
T_803 -19.059 -90.974 14.000
N_804 -24.169 -507.047 13.000
S_805 -20.127 -90.060 16.000
T_806 -18.462 -90.974 13.000
T_807 -19.059 -90.974 14.000
I_808 0.000 777.529 11.000
R_809 -27.076 -1015.709 11.000
F_810 0.000 560.542 9.000
T_811 -18.462 -90.974 13.000
W_812 -5.155 -203.500 8.000
N_813 -18.409 -507.047 8.000
A_814 0.000 185.740 8.000
P_815 0.000 -195.996 7.000
S_816 -13.255 -90.060 7.000
P_817 0.000 -195.996 7.000
Q_818 -16.691 -643.904 7.000
F_819 0.000 560.542 8.000
I_820 0.000 777.529 8.000
N_821 -7.878 -507.047 4.000
G_822 0.000 -27.649 8.000
I_823 0.000 777.529 12.000
N_824 -18.409 -507.047 8.000
Q_825 -21.132 -643.904 10.000
G_826 0.000 -27.649 13.000
Y_827 -10.601 -274.939 9.000
K_828 -10.149 -818.649 5.000
L_829 0.000 679.918 5.000
I_830 0.000 777.529 4.000
A_831 0.000 185.740 5.000
W_832 -3.990 -203.500 5.000
E_833 -19.866 -605.239 9.000
P_834 0.000 -195.996 13.000
E_835 -26.485 -605.239 16.000
Q_836 -26.485 -643.904 16.000
E_837 -28.912 -605.239 20.000
E_838 -26.485 -605.239 16.000
E_839 -25.772 -605.239 15.000
V_840 0.000 613.196 11.000
T_841 -13.255 -90.974 7.000
M_842 0.000 401.769 6.000
V_843 0.000 613.196 6.000
T_844 -14.420 -90.974 8.000
A_845 0.000 185.740 8.000
R_846 -28.412 -1015.709 12.000
P_847 0.000 -195.996 9.000
N_848 -24.169 -507.047 13.000
F_849 0.000 560.542 12.000
Q_850 -25.772 -643.904 15.000
D_851 -22.253 -475.402 11.000
S_852 -18.462 -90.060 13.000
I_853 0.000 777.529 9.000
H_854 -7.426 -583.484 5.000
V_855 0.000 613.196 2.000
G_856 0.000 -27.649 2.000
F_857 0.000 560.542 3.000
V_858 0.000 613.196 3.000
S_859 -4.441 -90.060 3.000
G_860 0.000 -27.649 6.000
L_861 0.000 679.918 9.000
K_862 -11.867 -818.649 6.000
K_863 -15.425 -818.649 9.000
F_864 0.000 560.542 13.000
T_865 -17.811 -90.974 12.000
E_866 -19.866 -605.239 9.000
Y_867 -12.104 -274.939 12.000
F_868 0.000 560.542 12.000
T_869 -14.420 -90.974 8.000
S_870 -11.867 -90.060 6.000
V_871 0.000 613.196 6.000
L_872 0.000 679.918 3.000
C_873 0.000 322.480 3.000
F_874 0.000 560.542 6.000
T_875 -11.867 -90.974 6.000
T_876 -11.867 -90.974 6.000
P_877 0.000 -195.996 10.000
G_878 0.000 -27.649 7.000
D_879 -7.878 -475.402 4.000
G_880 0.000 -27.649 9.000
P_881 0.000 -195.996 12.000
R_882 -27.076 -1015.709 11.000
S_883 -17.098 -90.060 11.000
T_884 -19.613 -90.974 15.000
P_885 0.000 -195.996 10.000
Q_886 -16.691 -643.904 7.000
L_887 0.000 679.918 9.000
V_888 0.000 613.196 12.000
R_889 -25.574 -1015.709 10.000
T_890 -19.059 -90.974 14.000
H_891 -14.188 -583.484 18.000
E_892 -24.169 -605.239 13.000
D_893 -21.132 -475.402 10.000
V_894 0.000 613.196 8.000
P_895 0.000 -195.996 4.000
G_896 0.000 -27.649 0.000
P_897 0.000 -195.996 0.000
V_898 0.000 613.196 2.000
G_899 0.000 -27.649 2.000
H_900 -7.426 -583.484 5.000
L_901 0.000 679.918 5.000
S_902 -14.420 -90.060 8.000
F_903 0.000 560.542 10.000
S_904 -16.309 -90.060 10.000
E_905 -16.691 -605.239 7.000
I_906 0.000 777.529 11.000
L_907 0.000 679.918 11.000
D_908 -21.132 -475.402 10.000
T_909 -16.309 -90.974 10.000
S_910 -18.462 -90.060 13.000
L_911 0.000 679.918 9.000
K_912 -15.425 -818.649 9.000
V_913 0.000 613.196 7.000
S_914 -17.098 -90.060 11.000
W_915 -6.160 -203.500 12.000
Q_916 -23.258 -643.904 12.000
E_917 -19.866 -605.239 9.000
P_918 0.000 -195.996 12.000
G_919 0.000 -27.649 11.000
E_920 -22.253 -605.239 11.000
K_921 -17.098 -818.649 11.000
N_922 -22.253 -507.047 11.000
G_923 0.000 -27.649 7.000
I_924 0.000 777.529 7.000
L_925 0.000 679.918 3.000
T_926 -10.149 -90.974 5.000
G_927 0.000 -27.649 10.000
Y_928 -11.154 -274.939 10.000
R_929 -25.574 -1015.709 10.000
I_930 0.000 777.529 11.000
S_931 -18.462 -90.060 13.000
W_932 -6.160 -203.500 12.000
E_933 -25.003 -605.239 14.000
E_934 -25.772 -605.239 15.000
Y_935 -14.463 -274.939 19.000
N_936 -27.773 -507.047 18.000
R_937 -34.315 -1015.709 18.000
T_938 -21.486 -90.974 19.000
N_939 -28.912 -507.047 20.000
T_940 -19.613 -90.974 15.000
R_941 -31.716 -1015.709 15.000
V_942 0.000 613.196 13.000
T_943 -17.811 -90.974 12.000
H_944 -9.265 -583.484 7.000
Y_945 -9.265 -274.939 7.000
L_946 0.000 679.918 8.000
P_947 0.000 -195.996 6.000
N_948 -16.691 -507.047 7.000
V_949 0.000 613.196 7.000
T_950 -17.098 -90.974 11.000
L_951 0.000 679.918 9.000
E_952 -25.003 -605.239 14.000
Y_953 -11.652 -274.939 11.000
R_954 -30.711 -1015.709 14.000
V_955 0.000 613.196 10.000
T_956 -14.420 -90.974 8.000
G_957 0.000 -27.649 6.000
L_958 0.000 679.918 6.000
T_959 -4.441 -90.974 3.000
A_960 0.000 185.740 6.000
L_961 0.000 679.918 9.000
T_962 -14.420 -90.974 8.000
T_963 -17.098 -90.974 11.000
Y_964 -11.652 -274.939 11.000
T_965 -17.811 -90.974 12.000
I_966 0.000 777.529 9.000
E_967 -16.691 -605.239 7.000
V_968 0.000 613.196 4.000
A_969 0.000 185.740 4.000
A_970 0.000 185.740 3.000
M_971 0.000 401.769 6.000
T_972 -15.425 -90.974 9.000
S_973 -15.425 -90.060 9.000
K_974 -18.462 -818.649 13.000
G_975 0.000 -27.649 10.000
Q_976 -22.253 -643.904 11.000
G_977 0.000 -27.649 8.000
Q_978 -22.253 -643.904 11.000
V_979 0.000 613.196 7.000
S_980 -16.309 -90.060 10.000
A_981 0.000 185.740 9.000
S_982 -15.425 -90.060 9.000
T_983 -15.425 -90.974 9.000
I_984 0.000 777.529 12.000
S_985 -15.425 -90.060 9.000
S_986 -11.867 -90.060 6.000
G_987 0.000 -27.649 6.000
V_988 0.000 613.196 3.000
P_989 0.000 -195.996 4.000
P_990 0.000 -195.996 4.000
E_991 -7.878 -605.239 4.000
L_992 0.000 679.918 4.000
P_993 0.000 -195.996 4.000
G_994 0.000 -27.649 0.000
P_995 0.000 -195.996 3.000
P_996 0.000 -195.996 7.000
T_997 -13.255 -90.974 7.000
N_998 -16.691 -507.047 7.000
L_999 0.000 679.918 7.000
G_1000 0.000 -27.649 7.000
I_1001 0.000 777.529 7.000
S_1002 -13.255 -90.060 7.000
N_1003 -16.691 -507.047 7.000
I_1004 0.000 777.529 7.000
G_1005 0.000 -27.649 9.000
P_1006 0.000 -195.996 8.000
R_1007 -21.845 -1015.709 8.000
S_1008 -17.098 -90.060 11.000
V_1009 0.000 613.196 11.000
T_1010 -16.309 -90.974 10.000
L_1011 0.000 679.918 7.000
Q_1012 -23.258 -643.904 12.000
F_1013 0.000 560.542 9.000
R_1014 -23.856 -1015.709 9.000
P_1015 0.000 -195.996 7.000
G_1016 0.000 -27.649 11.000
Y_1017 -8.431 -274.939 6.000
D_1018 -19.866 -475.402 9.000
G_1019 0.000 -27.649 12.000
K_1020 -18.462 -818.649 13.000
T_1021 -15.425 -90.974 9.000
S_1022 -17.811 -90.060 12.000
I_1023 0.000 777.529 14.000
S_1024 -17.811 -90.060 12.000
R_1025 -23.856 -1015.709 9.000
W_1026 -5.447 -203.500 9.000
L_1027 0.000 679.918 10.000
V_1028 0.000 613.196 5.000
E_1029 -18.409 -605.239 8.000
A_1030 0.000 185.740 8.000
Q_1031 -18.409 -643.904 8.000
V_1032 0.000 613.196 4.000
G_1033 0.000 -27.649 4.000
V_1034 0.000 613.196 0.000
V_1035 0.000 613.196 4.000
G_1036 0.000 -27.649 4.000
E_1037 -18.409 -605.239 8.000
G_1038 0.000 -27.649 12.000
E_1039 -24.169 -605.239 13.000
E_1040 -19.866 -605.239 9.000
W_1041 -5.447 -203.500 9.000
L_1042 0.000 679.918 5.000
L_1043 0.000 679.918 3.000
I_1044 0.000 777.529 6.000
H_1045 -8.431 -583.484 6.000
Q_1046 -19.866 -643.904 9.000
L_1047 0.000 679.918 13.000
S_1048 -19.613 -90.060 15.000
N_1049 -22.253 -507.047 11.000
E_1050 -25.772 -605.239 15.000
P_1051 0.000 -195.996 12.000
D_1052 -24.169 -475.402 13.000
A_1053 0.000 185.740 12.000
R_1054 -28.412 -1015.709 12.000
S_1055 -17.811 -90.060 12.000
M_1056 0.000 401.769 12.000
E_1057 -16.691 -605.239 7.000
V_1058 0.000 613.196 8.000
P_1059 0.000 -195.996 8.000
D_1060 -18.409 -475.402 8.000
L_1061 0.000 679.918 8.000
N_1062 -18.409 -507.047 8.000
P_1063 0.000 -195.996 7.000
F_1064 0.000 560.542 7.000
T_1065 -10.149 -90.974 5.000
C_1066 0.000 322.480 8.000
Y_1067 -9.978 -274.939 8.000
S_1068 -16.309 -90.060 10.000
F_1069 0.000 560.542 10.000
R_1070 -29.616 -1015.709 13.000
M_1071 0.000 401.769 14.000
R_1072 -30.711 -1015.709 14.000
Q_1073 -24.169 -643.904 13.000
V_1074 0.000 613.196 13.000
N_1075 -18.409 -507.047 8.000
I_1076 0.000 777.529 4.000
V_1077 0.000 613.196 7.000
G_1078 0.000 -27.649 6.000
T_1079 -11.867 -90.974 6.000
S_1080 -11.867 -90.060 6.000
P_1081 0.000 -195.996 9.000
P_1082 0.000 -195.996 10.000
S_1083 -13.255 -90.060 7.000
Q_1084 -21.132 -643.904 10.000
P_1085 0.000 -195.996 15.000
S_1086 -19.613 -90.060 15.000
R_1087 -27.076 -1015.709 11.000
K_1088 -19.613 -818.649 15.000
I_1089 0.000 777.529 15.000
Q_1090 -21.132 -643.904 10.000
T_1091 -17.098 -90.974 11.000
L_1092 0.000 679.918 11.000
Q_1093 -16.691 -643.904 7.000
A_1094 0.000 185.740 4.000
P_1095 0.000 -195.996 8.000
P_1096 0.000 -195.996 4.000
D_1097 -7.878 -475.402 4.000
M_1098 0.000 401.769 4.000
A_1099 0.000 185.740 4.000
P_1100 0.000 -195.996 4.000
A_1101 0.000 185.740 4.000
N_1102 -16.691 -507.047 7.000
V_1103 0.000 613.196 7.000
S_1104 -17.811 -90.060 12.000
L_1105 0.000 679.918 11.000
R_1106 -27.076 -1015.709 11.000
T_1107 -17.098 -90.974 11.000
A_1108 0.000 185.740 15.000
S_1109 -18.462 -90.060 13.000
E_1110 -24.169 -605.239 13.000
T_1111 -18.462 -90.974 13.000
S_1112 -17.098 -90.060 11.000
L_1113 0.000 679.918 7.000
W_1114 -5.447 -203.500 9.000
L_1115 0.000 679.918 7.000
R_1116 -19.414 -1015.709 7.000
W_1117 -4.441 -203.500 6.000
M_1118 0.000 401.769 6.000
P_1119 0.000 -195.996 1.000
L_1120 0.000 679.918 4.000
P_1121 0.000 -195.996 4.000
E_1122 -18.409 -605.239 8.000
M_1123 0.000 401.769 10.000
E_1124 -25.003 -605.239 14.000
Y_1125 -11.154 -274.939 10.000
N_1126 -25.003 -507.047 14.000
G_1127 0.000 -27.649 10.000
N_1128 -23.258 -507.047 12.000
P_1129 0.000 -195.996 11.000
E_1130 -22.253 -605.239 11.000
S_1131 -13.255 -90.060 7.000
V_1132 0.000 613.196 9.000
G_1133 0.000 -27.649 8.000
Y_1134 -7.426 -274.939 5.000
K_1135 -14.420 -818.649 8.000
I_1136 0.000 777.529 10.000
K_1137 -17.098 -818.649 11.000
Y_1138 -12.518 -274.939 13.000
S_1139 -20.127 -90.060 16.000
R_1140 -33.508 -1015.709 17.000
S_1141 -19.613 -90.060 15.000
D_1142 -25.003 -475.402 14.000
G_1143 0.000 -27.649 9.000
H_1144 -10.601 -583.484 9.000
G_1145 0.000 -27.649 8.000
K_1146 -14.420 -818.649 8.000
T_1147 -15.425 -90.974 9.000
L_1148 0.000 679.918 11.000
S_1149 -14.420 -90.060 8.000
H_1150 -7.426 -583.484 5.000
V_1151 0.000 613.196 9.000
V_1152 0.000 613.196 10.000
Q_1153 -24.169 -643.904 13.000
D_1154 -24.169 -475.402 13.000
R_1155 -33.508 -1015.709 17.000
V_1156 0.000 613.196 18.000
E_1157 -27.773 -605.239 18.000
R_1158 -31.716 -1015.709 15.000
D_1159 -27.773 -475.402 18.000
Y_1160 -12.900 -274.939 14.000
T_1161 -18.462 -90.974 13.000
I_1162 0.000 777.529 13.000
E_1163 -22.253 -605.239 11.000
D_1164 -23.258 -475.402 12.000
L_1165 0.000 679.918 16.000
E_1166 -24.169 -605.239 13.000
E_1167 -23.258 -605.239 12.000
W_1168 -6.873 -203.500 16.000
T_1169 -19.059 -90.974 14.000
E_1170 -25.772 -605.239 15.000
Y_1171 -12.900 -274.939 14.000
R_1172 -31.716 -1015.709 15.000
V_1173 0.000 613.196 11.000
Q_1174 -24.169 -643.904 13.000
V_1175 0.000 613.196 8.000
Q_1176 -18.409 -643.904 8.000
A_1177 0.000 185.740 8.000
F_1178 0.000 560.542 8.000
N_1179 -7.878 -507.047 4.000
A_1180 0.000 185.740 4.000
I_1181 0.000 777.529 7.000
G_1182 0.000 -27.649 3.000
S_1183 -4.441 -90.060 3.000
G_1184 0.000 -27.649 4.000
P_1185 0.000 -195.996 7.000
W_1186 -5.155 -203.500 8.000
S_1187 -17.098 -90.060 11.000
Q_1188 -22.253 -643.904 11.000
T_1189 -16.309 -90.974 10.000
V_1190 0.000 613.196 7.000
V_1191 0.000 613.196 8.000
G_1192 0.000 -27.649 8.000
R_1193 -29.616 -1015.709 13.000
T_1194 -20.609 -90.974 17.000
R_1195 -35.785 -1015.709 20.000
E_1196 -25.772 -605.239 15.000
S_1197 -17.811 -90.060 12.000
V_1198 0.000 613.196 10.000
P_1199 0.000 -195.996 9.000
S_1200 -11.867 -90.060 6.000
S_1201 -11.867 -90.060 6.000
G_1202 0.000 -27.649 9.000
P_1203 0.000 -195.996 10.000
T_1204 -13.255 -90.974 7.000
N_1205 -21.132 -507.047 10.000
V_1206 0.000 613.196 10.000
S_1207 -13.255 -90.060 7.000
A_1208 0.000 185.740 3.000
L_1209 0.000 679.918 6.000
A_1210 0.000 185.740 6.000
T_1211 -15.425 -90.974 9.000
T_1212 -17.811 -90.974 12.000
S_1213 -19.613 -90.060 15.000
S_1214 -17.811 -90.060 12.000
S_1215 -15.425 -90.060 9.000
M_1216 0.000 401.769 6.000
L_1217 0.000 679.918 8.000
V_1218 0.000 613.196 6.000
R_1219 -23.856 -1015.709 9.000
W_1220 -6.358 -203.500 13.000
S_1221 -18.462 -90.060 13.000
E_1222 -18.409 -605.239 8.000
V_1223 0.000 613.196 11.000
P_1224 0.000 -195.996 8.000
E_1225 -18.409 -605.239 8.000
A_1226 0.000 185.740 13.000
D_1227 -27.150 -475.402 17.000
R_1228 -29.616 -1015.709 13.000
N_1229 -24.169 -507.047 13.000
G_1230 0.000 -27.649 9.000
L_1231 0.000 679.918 4.000
V_1232 0.000 613.196 0.000
L_1233 0.000 679.918 2.000
G_1234 0.000 -27.649 5.000
Y_1235 -7.426 -274.939 5.000
K_1236 -10.149 -818.649 5.000
V_1237 0.000 613.196 7.000
M_1238 0.000 401.769 8.000
Y_1239 -10.601 -274.939 9.000
K_1240 -17.811 -818.649 12.000
E_1241 -26.485 -605.239 16.000
K_1242 -20.609 -818.649 17.000
D_1243 -27.773 -475.402 18.000
S_1244 -20.609 -90.060 17.000
D_1245 -27.773 -475.402 18.000
T_1246 -19.059 -90.974 14.000
Q_1247 -26.485 -643.904 16.000
P_1248 0.000 -195.996 12.000
R_1249 -25.574 -1015.709 10.000
F_1250 0.000 560.542 6.000
W_1251 -4.441 -203.500 6.000
L_1252 0.000 679.918 5.000
V_1253 0.000 613.196 5.000
E_1254 -18.409 -605.239 8.000
G_1255 0.000 -27.649 11.000
N_1256 -25.003 -507.047 14.000
S_1257 -19.613 -90.060 15.000
S_1258 -21.060 -90.060 18.000
R_1259 -30.711 -1015.709 14.000
S_1260 -19.613 -90.060 15.000
A_1261 0.000 185.740 12.000
Q_1262 -21.132 -643.904 10.000
L_1263 0.000 679.918 7.000
T_1264 -13.255 -90.974 7.000
G_1265 0.000 -27.649 3.000
L_1266 0.000 679.918 6.000
G_1267 0.000 -27.649 5.000
K_1268 -10.149 -818.649 5.000
Y_1269 -7.426 -274.939 5.000
V_1270 0.000 613.196 7.000
L_1271 0.000 679.918 8.000
Y_1272 -8.431 -274.939 6.000
E_1273 -21.132 -605.239 10.000
V_1274 0.000 613.196 10.000
Q_1275 -18.409 -643.904 8.000
V_1276 0.000 613.196 4.000
L_1277 0.000 679.918 4.000
A_1278 0.000 185.740 3.000
F_1279 0.000 560.542 8.000
T_1280 -14.420 -90.974 8.000
R_1281 -21.845 -1015.709 8.000
I_1282 0.000 777.529 12.000
G_1283 0.000 -27.649 9.000
D_1284 -16.691 -475.402 7.000
G_1285 0.000 -27.649 7.000
S_1286 -16.309 -90.060 10.000
P_1287 0.000 -195.996 8.000
S_1288 -14.420 -90.060 8.000
H_1289 -7.426 -583.484 5.000
P_1290 0.000 -195.996 5.000
P_1291 0.000 -195.996 2.000
I_1292 0.000 777.529 4.000
L_1293 0.000 679.918 9.000
E_1294 -23.258 -605.239 12.000
R_1295 -28.412 -1015.709 12.000
T_1296 -20.127 -90.974 16.000
L_1297 0.000 679.918 16.000
D_1298 -22.253 -475.402 11.000
D_1299 -18.409 -475.402 8.000
V_1300 0.000 613.196 8.000
P_1301 0.000 -195.996 4.000
G_1302 0.000 -27.649 0.000
P_1303 0.000 -195.996 0.000
P_1304 0.000 -195.996 0.000
M_1305 0.000 401.769 0.000
G_1306 0.000 -27.649 0.000
I_1307 0.000 777.529 0.000
L_1308 0.000 679.918 0.000
F_1309 0.000 560.542 4.000
P_1310 0.000 -195.996 4.000
E_1311 -19.866 -605.239 9.000
V_1312 0.000 613.196 12.000
R_1313 -31.716 -1015.709 15.000
T_1314 -19.059 -90.974 14.000
T_1315 -19.059 -90.974 14.000
S_1316 -19.059 -90.060 14.000
V_1317 0.000 613.196 11.000
R_1318 -21.845 -1015.709 8.000
L_1319 0.000 679.918 6.000
I_1320 0.000 777.529 10.000
W_1321 -3.990 -203.500 5.000
Q_1322 -11.867 -643.904 5.000
P_1323 0.000 -195.996 5.000
P_1324 0.000 -195.996 4.000
A_1325 0.000 185.740 0.000
A_1326 0.000 185.740 4.000
P_1327 0.000 -195.996 4.000
N_1328 -7.878 -507.047 4.000
G_1329 0.000 -27.649 4.000
I_1330 0.000 777.529 4.000
I_1331 0.000 777.529 0.000
L_1332 0.000 679.918 2.000
A_1333 0.000 185.740 6.000
Y_1334 -8.431 -274.939 6.000
Q_1335 -19.866 -643.904 9.000
I_1336 0.000 777.529 11.000
T_1337 -19.059 -90.974 14.000
H_1338 -11.154 -583.484 10.000
R_1339 -30.711 -1015.709 14.000
L_1340 0.000 679.918 14.000
N_1341 -25.772 -507.047 15.000
T_1342 -18.462 -90.974 13.000
T_1343 -18.462 -90.974 13.000
T_1344 -18.462 -90.974 13.000
A_1345 0.000 185.740 13.000
N_1346 -21.132 -507.047 10.000
T_1347 -16.309 -90.974 10.000
A_1348 0.000 185.740 10.000
T_1349 -16.309 -90.974 10.000
V_1350 0.000 613.196 7.000
E_1351 -16.691 -605.239 7.000
V_1352 0.000 613.196 4.000
L_1353 0.000 679.918 4.000
A_1354 0.000 185.740 3.000
P_1355 0.000 -195.996 3.000
S_1356 -14.420 -90.060 8.000
A_1357 0.000 185.740 12.000
R_1358 -30.711 -1015.709 14.000
Q_1359 -25.003 -643.904 14.000
Y_1360 -12.900 -274.939 14.000
T_1361 -17.811 -90.974 12.000
A_1362 0.000 185.740 8.000
T_1363 -11.867 -90.974 6.000
G_1364 0.000 -27.649 6.000
L_1365 0.000 679.918 6.000
K_1366 -13.255 -818.649 7.000
P_1367 0.000 -195.996 10.000
E_1368 -21.132 -605.239 10.000
S_1369 -15.425 -90.060 9.000
V_1370 0.000 613.196 9.000
Y_1371 -7.426 -274.939 5.000
L_1372 0.000 679.918 7.000
F_1373 0.000 560.542 7.000
R_1374 -21.845 -1015.709 8.000
I_1375 0.000 777.529 8.000
T_1376 -17.811 -90.974 12.000
A_1377 0.000 185.740 10.000
Q_1378 -25.772 -643.904 15.000
T_1379 -19.613 -90.974 15.000
R_1380 -31.716 -1015.709 15.000
K_1381 -17.811 -818.649 12.000
G_1382 0.000 -27.649 9.000
W_1383 -5.155 -203.500 8.000
G_1384 0.000 -27.649 5.000
E_1385 -11.867 -605.239 5.000
A_1386 0.000 185.740 8.000
A_1387 0.000 185.740 8.000
E_1388 -7.878 -605.239 4.000
A_1389 0.000 185.740 4.000
L_1390 0.000 679.918 4.000
V_1391 0.000 613.196 3.000
V_1392 0.000 613.196 6.000
T_1393 -16.309 -90.974 10.000
T_1394 -18.462 -90.974 13.000
E_1395 -27.773 -605.239 18.000
K_1396 -21.486 -818.649 19.000
R_1397 -36.459 -1015.709 21.000
D_1398 -27.150 -475.402 17.000
R_1399 -34.315 -1015.709 18.000
P_1400 0.000 -195.996 13.000
Q_1401 -19.866 -643.904 9.000
P_1402 0.000 -195.996 7.000
P_1403 0.000 -195.996 12.000
S_1404 -14.420 -90.060 8.000
R_1405 -21.845 -1015.709 8.000
P_1406 0.000 -195.996 8.000
M_1407 0.000 401.769 9.000
V_1408 0.000 613.196 8.000
Q_1409 -23.258 -643.904 12.000
Q_1410 -26.485 -643.904 16.000
E_1411 -26.485 -605.239 16.000
D_1412 -27.150 -475.402 17.000
V_1413 0.000 613.196 13.000
R_1414 -30.711 -1015.709 14.000
A_1415 0.000 185.740 13.000
R_1416 -29.616 -1015.709 13.000
S_1417 -14.420 -90.060 8.000
V_1418 0.000 613.196 8.000
L_1419 0.000 679.918 6.000
L_1420 0.000 679.918 4.000
S_1421 -14.420 -90.060 8.000
W_1422 -5.155 -203.500 8.000
E_1423 -18.409 -605.239 8.000
P_1424 0.000 -195.996 8.000
G_1425 0.000 -27.649 11.000
S_1426 -13.255 -90.060 7.000
D_1427 -16.691 -475.402 7.000
G_1428 0.000 -27.649 10.000
L_1429 0.000 679.918 7.000
S_1430 -4.441 -90.060 3.000
P_1431 0.000 -195.996 8.000
V_1432 0.000 613.196 10.000
R_1433 -23.856 -1015.709 9.000
Y_1434 -12.104 -274.939 12.000
Y_1435 -12.104 -274.939 12.000
T_1436 -17.098 -90.974 11.000
I_1437 0.000 777.529 12.000
Q_1438 -25.772 -643.904 15.000
T_1439 -20.127 -90.974 16.000
R_1440 -32.645 -1015.709 16.000
E_1441 -23.258 -605.239 12.000
L_1442 0.000 679.918 12.000
P_1443 0.000 -195.996 7.000
S_1444 -14.420 -90.060 8.000
G_1445 0.000 -27.649 9.000
R_1446 -23.856 -1015.709 9.000
W_1447 -4.441 -203.500 6.000
A_1448 0.000 185.740 8.000
L_1449 0.000 679.918 6.000
H_1450 -7.426 -583.484 5.000
S_1451 -14.420 -90.060 8.000
A_1452 0.000 185.740 8.000
S_1453 -15.425 -90.060 9.000
V_1454 0.000 613.196 8.000
S_1455 -17.811 -90.060 12.000
H_1456 -10.601 -583.484 9.000
N_1457 -23.258 -507.047 12.000
A_1458 0.000 185.740 12.000
S_1459 -16.309 -90.060 10.000
S_1460 -11.867 -90.060 6.000
F_1461 0.000 560.542 6.000
I_1462 0.000 777.529 7.000
V_1463 0.000 613.196 9.000
D_1464 -19.866 -475.402 9.000
R_1465 -28.412 -1015.709 12.000
L_1466 0.000 679.918 12.000
K_1467 -14.420 -818.649 8.000
P_1468 0.000 -195.996 6.000
F_1469 0.000 560.542 9.000
T_1470 -14.420 -90.974 8.000
S_1471 -17.098 -90.060 11.000
Y_1472 -11.652 -274.939 11.000
K_1473 -18.462 -818.649 13.000
F_1474 0.000 560.542 10.000
R_1475 -27.076 -1015.709 11.000
V_1476 0.000 613.196 8.000
K_1477 -17.098 -818.649 11.000
A_1478 0.000 185.740 10.000
T_1479 -19.059 -90.974 14.000
N_1480 -22.253 -507.047 11.000
D_1481 -22.253 -475.402 11.000
I_1482 0.000 777.529 12.000
G_1483 0.000 -27.649 11.000
D_1484 -22.253 -475.402 11.000
S_1485 -17.098 -90.060 11.000
E_1486 -25.003 -605.239 14.000
F_1487 0.000 560.542 14.000
S_1488 -19.613 -90.060 15.000
E_1489 -25.003 -605.239 14.000
E_1490 -27.773 -605.239 18.000
S_1491 -21.060 -90.060 18.000
E_1492 -25.003 -605.239 14.000
S_1493 -18.462 -90.060 13.000
L_1494 0.000 679.918 13.000
T_1495 -15.425 -90.974 9.000
T_1496 -16.309 -90.974 10.000
L_1497 0.000 679.918 10.000
Q_1498 -16.691 -643.904 7.000
A_1499 0.000 185.740 4.000
A_1500 0.000 185.740 8.000
P_1501 0.000 -195.996 8.000
D_1502 -18.409 -475.402 8.000
E_1503 -18.409 -605.239 8.000
A_1504 0.000 185.740 11.000
P_1505 0.000 -195.996 7.000
T_1506 -4.441 -90.974 3.000
I_1507 0.000 777.529 6.000
L_1508 0.000 679.918 6.000
S_1509 -11.867 -90.060 6.000
V_1510 0.000 613.196 6.000
T_1511 -14.420 -90.974 8.000
P_1512 0.000 -195.996 8.000
H_1513 -11.652 -583.484 11.000
T_1514 -17.098 -90.974 11.000
T_1515 -19.059 -90.974 14.000
T_1516 -17.811 -90.974 12.000
S_1517 -15.425 -90.060 9.000
V_1518 0.000 613.196 6.000
L_1519 0.000 679.918 8.000
I_1520 0.000 777.529 6.000
R_1521 -25.574 -1015.709 10.000
W_1522 -5.708 -203.500 10.000
Q_1523 -21.132 -643.904 10.000
P_1524 0.000 -195.996 5.000
P_1525 0.000 -195.996 8.000
A_1526 0.000 185.740 8.000
E_1527 -22.253 -605.239 11.000
D_1528 -22.253 -475.402 11.000
K_1529 -19.613 -818.649 15.000
I_1530 0.000 777.529 11.000
N_1531 -16.691 -507.047 7.000
G_1532 0.000 -27.649 4.000
I_1533 0.000 777.529 4.000
L_1534 0.000 679.918 0.000
L_1535 0.000 679.918 0.000
G_1536 0.000 -27.649 5.000
F_1537 0.000 560.542 5.000
R_1538 -25.574 -1015.709 10.000
I_1539 0.000 777.529 12.000
R_1540 -33.508 -1015.709 17.000
Y_1541 -13.586 -274.939 16.000
R_1542 -32.645 -1015.709 16.000
E_1543 -22.253 -605.239 11.000
L_1544 0.000 679.918 11.000
L_1545 0.000 679.918 10.000
Y_1546 -8.431 -274.939 6.000
E_1547 -14.591 -605.239 6.000
G_1548 0.000 -27.649 11.000
L_1549 0.000 679.918 9.000
R_1550 -11.867 -1015.709 5.000
G_1551 0.000 -27.649 8.000
F_1552 0.000 560.542 8.000
T_1553 -14.420 -90.974 8.000
L_1554 0.000 679.918 8.000
R_1555 -21.845 -1015.709 8.000
G_1556 0.000 -27.649 9.000
I_1557 0.000 777.529 13.000
N_1558 -18.409 -507.047 8.000
N_1559 -18.409 -507.047 8.000
P_1560 0.000 -195.996 8.000
G_1561 0.000 -27.649 7.000
A_1562 0.000 185.740 4.000
T_1563 -7.878 -90.974 4.000
W_1564 -5.155 -203.500 8.000
A_1565 0.000 185.740 8.000
E_1566 -18.409 -605.239 8.000
L_1567 0.000 679.918 10.000
T_1568 -16.309 -90.974 10.000
S_1569 -14.420 -90.060 8.000
M_1570 0.000 401.769 11.000
Y_1571 -9.978 -274.939 8.000
S_1572 -16.309 -90.060 10.000
M_1573 0.000 401.769 14.000
R_1574 -28.412 -1015.709 12.000
N_1575 -23.258 -507.047 12.000
L_1576 0.000 679.918 17.000
S_1577 -17.811 -90.060 12.000
R_1578 -27.076 -1015.709 11.000
P_1579 0.000 -195.996 11.000
S_1580 -17.098 -90.060 11.000
L_1581 0.000 679.918 10.000
T_1582 -17.811 -90.974 12.000
Q_1583 -24.169 -643.904 13.000
Y_1584 -12.518 -274.939 13.000
E_1585 -25.003 -605.239 14.000
L_1586 0.000 679.918 14.000
D_1587 -23.258 -475.402 12.000
N_1588 -23.258 -507.047 12.000
L_1589 0.000 679.918 15.000
N_1590 -24.169 -507.047 13.000
K_1591 -19.059 -818.649 14.000
H_1592 -14.463 -583.484 19.000
R_1593 -33.508 -1015.709 17.000
R_1594 -34.315 -1015.709 18.000
Y_1595 -13.586 -274.939 16.000
E_1596 -26.485 -605.239 16.000
I_1597 0.000 777.529 11.000
R_1598 -28.412 -1015.709 12.000
M_1599 0.000 401.769 8.000
S_1600 -16.309 -90.060 10.000
V_1601 0.000 613.196 9.000
Y_1602 -10.601 -274.939 9.000
N_1603 -14.591 -507.047 6.000
A_1604 0.000 185.740 6.000
V_1605 0.000 613.196 8.000
G_1606 0.000 -27.649 4.000
E_1607 -7.878 -605.239 4.000
G_1608 0.000 -27.649 7.000
P_1609 0.000 -195.996 10.000
S_1610 -11.867 -90.060 6.000
S_1611 -11.867 -90.060 6.000
P_1612 0.000 -195.996 10.000
P_1613 0.000 -195.996 11.000
Q_1614 -18.409 -643.904 8.000
E_1615 -18.409 -605.239 8.000
V_1616 0.000 613.196 8.000
F_1617 0.000 560.542 4.000
V_1618 0.000 613.196 4.000
G_1619 0.000 -27.649 4.000
E_1620 -7.878 -605.239 4.000
A_1621 0.000 185.740 4.000
V_1622 0.000 613.196 7.000
P_1623 0.000 -195.996 3.000
T_1624 -4.441 -90.974 3.000
A_1625 0.000 185.740 3.000
A_1626 0.000 185.740 8.000
P_1627 0.000 -195.996 9.000
R_1628 -23.856 -1015.709 9.000
N_1629 -19.866 -507.047 9.000
V_1630 0.000 613.196 9.000
V_1631 0.000 613.196 6.000
V_1632 0.000 613.196 2.000
H_1633 -1.718 -583.484 2.000
G_1634 0.000 -27.649 5.000
A_1635 0.000 185.740 5.000
T_1636 -11.867 -90.974 6.000
A_1637 0.000 185.740 10.000
T_1638 -16.309 -90.974 10.000
Q_1639 -22.253 -643.904 11.000
L_1640 0.000 679.918 11.000
D_1641 -22.253 -475.402 11.000
V_1642 0.000 613.196 8.000
T_1643 -17.811 -90.974 12.000
W_1644 -5.155 -203.500 8.000
E_1645 -18.409 -605.239 8.000
P_1646 0.000 -195.996 5.000
P_1647 0.000 -195.996 4.000
P_1648 0.000 -195.996 4.000
L_1649 0.000 679.918 7.000
D_1650 -22.253 -475.402 11.000
S_1651 -19.613 -90.060 15.000
Q_1652 -25.772 -643.904 15.000
N_1653 -25.772 -507.047 15.000
G_1654 0.000 -27.649 12.000
D_1655 -23.258 -475.402 12.000
I_1656 0.000 777.529 8.000
Q_1657 -21.132 -643.904 10.000
G_1658 0.000 -27.649 9.000
Y_1659 -10.601 -274.939 9.000
K_1660 -13.255 -818.649 7.000
I_1661 0.000 777.529 7.000
Y_1662 -8.431 -274.939 6.000
F_1663 0.000 560.542 7.000
W_1664 -4.824 -203.500 7.000
E_1665 -19.866 -605.239 9.000
A_1666 0.000 185.740 14.000
Q_1667 -24.169 -643.904 13.000
R_1668 -29.616 -1015.709 13.000
G_1669 0.000 -27.649 13.000
N_1670 -23.258 -507.047 12.000
L_1671 0.000 679.918 11.000
T_1672 -20.127 -90.974 16.000
E_1673 -23.258 -605.239 12.000
R_1674 -31.716 -1015.709 15.000
V_1675 0.000 613.196 15.000
K_1676 -17.098 -818.649 11.000
T_1677 -11.867 -90.974 6.000
L_1678 0.000 679.918 6.000
F_1679 0.000 560.542 3.000
L_1680 0.000 679.918 4.000
A_1681 0.000 185.740 8.000
E_1682 -22.253 -605.239 11.000
N_1683 -22.253 -507.047 11.000
S_1684 -19.059 -90.060 14.000
V_1685 0.000 613.196 10.000
K_1686 -15.425 -818.649 9.000
L_1687 0.000 679.918 10.000
K_1688 -16.309 -818.649 10.000
N_1689 -21.132 -507.047 10.000
L_1690 0.000 679.918 10.000
T_1691 -15.425 -90.974 9.000
G_1692 0.000 -27.649 8.000
Y_1693 -9.978 -274.939 8.000
T_1694 -13.255 -90.974 7.000
A_1695 0.000 185.740 7.000
Y_1696 -7.426 -274.939 5.000
M_1697 0.000 401.769 5.000
V_1698 0.000 613.196 5.000
S_1699 -4.441 -90.060 3.000
V_1700 0.000 613.196 3.000
A_1701 0.000 185.740 3.000
A_1702 0.000 185.740 4.000
F_1703 0.000 560.542 4.000
N_1704 -7.878 -507.047 4.000
A_1705 0.000 185.740 4.000
A_1706 0.000 185.740 8.000
G_1707 0.000 -27.649 4.000
D_1708 -7.878 -475.402 4.000
G_1709 0.000 -27.649 9.000
P_1710 0.000 -195.996 12.000
R_1711 -27.076 -1015.709 11.000
S_1712 -17.098 -90.060 11.000
T_1713 -19.059 -90.974 14.000
P_1714 0.000 -195.996 13.000
T_1715 -16.309 -90.974 10.000
Q_1716 -22.253 -643.904 11.000
G_1717 0.000 -27.649 14.000
Q_1718 -25.772 -643.904 15.000
T_1719 -19.613 -90.974 15.000
Q_1720 -25.772 -643.904 15.000
Q_1721 -22.253 -643.904 11.000
A_1722 0.000 185.740 8.000
A_1723 0.000 185.740 7.000
P_1724 0.000 -195.996 3.000
S_1725 -4.441 -90.060 3.000
A_1726 0.000 185.740 6.000
P_1727 0.000 -195.996 9.000
S_1728 -11.867 -90.060 6.000
S_1729 -15.425 -90.060 9.000
V_1730 0.000 613.196 9.000
K_1731 -15.425 -818.649 9.000
F_1732 0.000 560.542 10.000
S_1733 -16.309 -90.060 10.000
E_1734 -21.132 -605.239 10.000
L_1735 0.000 679.918 13.000
T_1736 -18.462 -90.974 13.000
T_1737 -17.811 -90.974 12.000
T_1738 -17.811 -90.974 12.000
S_1739 -18.462 -90.060 13.000
V_1740 0.000 613.196 10.000
N_1741 -21.132 -507.047 10.000
V_1742 0.000 613.196 8.000
S_1743 -17.811 -90.060 12.000
W_1744 -5.155 -203.500 8.000
E_1745 -18.409 -605.239 8.000
A_1746 0.000 185.740 9.000
P_1747 0.000 -195.996 8.000
Q_1748 -7.878 -643.904 4.000
F_1749 0.000 560.542 8.000
P_1750 0.000 -195.996 8.000
N_1751 -7.878 -507.047 4.000
G_1752 0.000 -27.649 4.000
I_1753 0.000 777.529 8.000
L_1754 0.000 679.918 4.000
E_1755 -14.591 -605.239 6.000
G_1756 0.000 -27.649 11.000
Y_1757 -11.652 -274.939 11.000
R_1758 -19.414 -1015.709 7.000
L_1759 0.000 679.918 9.000
V_1760 0.000 613.196 11.000
Y_1761 -8.431 -274.939 6.000
E_1762 -14.591 -605.239 6.000
P_1763 0.000 -195.996 9.000
C_1764 0.000 322.480 7.000
S_1765 -4.441 -90.060 3.000
P_1766 0.000 -195.996 7.000
V_1767 0.000 613.196 7.000
D_1768 -7.878 -475.402 4.000
G_1769 0.000 -27.649 7.000
V_1770 0.000 613.196 10.000
S_1771 -11.867 -90.060 6.000
K_1772 -11.867 -818.649 6.000
I_1773 0.000 777.529 9.000
V_1774 0.000 613.196 6.000
T_1775 -13.255 -90.974 7.000
V_1776 0.000 613.196 7.000
D_1777 -21.132 -475.402 10.000
V_1778 0.000 613.196 7.000
K_1779 -17.098 -818.649 11.000
G_1780 0.000 -27.649 10.000
N_1781 -21.132 -507.047 10.000
S_1782 -13.255 -90.060 7.000
P_1783 0.000 -195.996 8.000
L_1784 0.000 679.918 4.000
W_1785 -3.436 -203.500 4.000
L_1786 0.000 679.918 4.000
K_1787 -13.255 -818.649 7.000
V_1788 0.000 613.196 10.000
K_1789 -16.309 -818.649 10.000
D_1790 -16.691 -475.402 7.000
L_1791 0.000 679.918 11.000
A_1792 0.000 185.740 8.000
E_1793 -7.878 -605.239 4.000
G_1794 0.000 -27.649 7.000
V_1795 0.000 613.196 9.000
T_1796 -16.309 -90.974 10.000
Y_1797 -11.154 -274.939 10.000
R_1798 -31.716 -1015.709 15.000
F_1799 0.000 560.542 12.000
R_1800 -31.716 -1015.709 15.000
I_1801 0.000 777.529 10.000
R_1802 -29.616 -1015.709 13.000
A_1803 0.000 185.740 11.000
K_1804 -17.098 -818.649 11.000
T_1805 -15.425 -90.974 9.000
F_1806 0.000 560.542 11.000
T_1807 -14.420 -90.974 8.000
Y_1808 -7.426 -274.939 5.000
G_1809 0.000 -27.649 9.000
P_1810 0.000 -195.996 6.000
E_1811 -18.409 -605.239 8.000
I_1812 0.000 777.529 8.000
E_1813 -23.258 -605.239 12.000
A_1814 0.000 185.740 8.000
N_1815 -22.253 -507.047 11.000
V_1816 0.000 613.196 10.000
T_1817 -16.309 -90.974 10.000
T_1818 -11.867 -90.974 6.000
G_1819 0.000 -27.649 6.000
P_1820 0.000 -195.996 7.000
G_1821 0.000 -27.649 4.000
E_1822 -7.878 -605.239 4.000
G_1823 0.000 -27.649 4.000
A_1824 0.000 185.740 4.000
P_1825 0.000 -195.996 0.000
G_1826 0.000 -27.649 0.000
P_1827 0.000 -195.996 0.000
P_1828 0.000 -195.996 0.000
G_1829 0.000 -27.649 0.000
V_1830 0.000 613.196 0.000
P_1831 0.000 -195.996 0.000
I_1832 0.000 777.529 0.000
I_1833 0.000 777.529 5.000
V_1834 0.000 613.196 7.000
R_1835 -25.574 -1015.709 10.000
Y_1836 -12.518 -274.939 13.000
S_1837 -18.462 -90.060 13.000
S_1838 -14.420 -90.060 8.000
A_1839 0.000 185.740 6.000
I_1840 0.000 777.529 3.000
A_1841 0.000 185.740 2.000
I_1842 0.000 777.529 3.000
H_1843 -8.431 -583.484 6.000
W_1844 -5.447 -203.500 9.000
S_1845 -15.425 -90.060 9.000
S_1846 -17.098 -90.060 11.000
G_1847 0.000 -27.649 10.000
D_1848 -16.691 -475.402 7.000
P_1849 0.000 -195.996 7.000
G_1850 0.000 -27.649 7.000
K_1851 -4.441 -818.649 3.000
G_1852 0.000 -27.649 3.000
P_1853 0.000 -195.996 6.000
I_1854 0.000 777.529 8.000
T_1855 -16.309 -90.974 10.000
R_1856 -25.574 -1015.709 10.000
Y_1857 -11.154 -274.939 10.000
V_1858 0.000 613.196 11.000
I_1859 0.000 777.529 6.000
E_1860 -19.866 -605.239 9.000
A_1861 0.000 185.740 9.000
R_1862 -28.412 -1015.709 12.000
P_1863 0.000 -195.996 12.000
S_1864 -20.127 -90.060 16.000
D_1865 -22.253 -475.402 11.000
E_1866 -22.253 -605.239 11.000
G_1867 0.000 -27.649 9.000
L_1868 0.000 679.918 9.000
W_1869 -3.990 -203.500 5.000
D_1870 -11.867 -475.402 5.000
I_1871 0.000 777.529 5.000
L_1872 0.000 679.918 7.000
I_1873 0.000 777.529 7.000
K_1874 -13.255 -818.649 7.000
D_1875 -16.691 -475.402 7.000
I_1876 0.000 777.529 10.000
P_1877 0.000 -195.996 11.000
K_1878 -13.255 -818.649 7.000
E_1879 -21.132 -605.239 10.000
V_1880 0.000 613.196 13.000
S_1881 -17.811 -90.060 12.000
S_1882 -17.098 -90.060 11.000
Y_1883 -11.652 -274.939 11.000
T_1884 -17.098 -90.974 11.000
F_1885 0.000 560.542 8.000
S_1886 -16.309 -90.060 10.000
M_1887 0.000 401.769 7.000
D_1888 -16.691 -475.402 7.000
I_1889 0.000 777.529 7.000
L_1890 0.000 679.918 7.000
K_1891 -4.441 -818.649 3.000
P_1892 0.000 -195.996 3.000
G_1893 0.000 -27.649 6.000
V_1894 0.000 613.196 5.000
S_1895 -15.425 -90.060 9.000
Y_1896 -10.601 -274.939 9.000
D_1897 -25.003 -475.402 14.000
F_1898 0.000 560.542 11.000
R_1899 -23.856 -1015.709 9.000
V_1900 0.000 613.196 5.000
I_1901 0.000 777.529 5.000
A_1902 0.000 185.740 4.000
V_1903 0.000 613.196 8.000
N_1904 -21.132 -507.047 10.000
D_1905 -21.132 -475.402 10.000
Y_1906 -11.154 -274.939 10.000
G_1907 0.000 -27.649 6.000
F_1908 0.000 560.542 5.000
G_1909 0.000 -27.649 3.000
T_1910 -11.867 -90.974 6.000
P_1911 0.000 -195.996 9.000
S_1912 -15.425 -90.060 9.000
S_1913 -15.425 -90.060 9.000
P_1914 0.000 -195.996 13.000
S_1915 -18.462 -90.060 13.000
Q_1916 -21.132 -643.904 10.000
S_1917 -16.309 -90.060 10.000
V_1918 0.000 613.196 7.000
P_1919 0.000 -195.996 7.000
A_1920 0.000 185.740 7.000
Q_1921 -16.691 -643.904 7.000
K_1922 -17.098 -818.649 11.000
A_1923 0.000 185.740 11.000
N_1924 -16.691 -507.047 7.000
P_1925 0.000 -195.996 6.000
F_1926 0.000 560.542 10.000
Y_1927 -11.154 -274.939 10.000
E_1928 -22.253 -605.239 11.000
E_1929 -23.258 -605.239 12.000
W_1930 -5.708 -203.500 10.000
W_1931 -4.441 -203.500 6.000
F_1932 0.000 560.542 2.000
L_1933 0.000 679.918 1.000
V_1934 0.000 613.196 0.000
V_1935 0.000 613.196 0.000
I_1936 0.000 777.529 0.000
A_1937 0.000 185.740 0.000
L_1938 0.000 679.918 0.000
V_1939 0.000 613.196 0.000
G_1940 0.000 -27.649 0.000
L_1941 0.000 679.918 0.000
I_1942 0.000 777.529 0.000
F_1943 0.000 560.542 0.000
I_1944 0.000 777.529 0.000
L_1945 0.000 679.918 0.000
L_1946 0.000 679.918 0.000
L_1947 0.000 679.918 0.000
V_1948 0.000 613.196 0.000
F_1949 0.000 560.542 0.000
V_1950 0.000 613.196 0.000
L_1951 0.000 679.918 0.000
I_1952 0.000 777.529 5.000
I_1953 0.000 777.529 5.000
R_1954 -23.856 -1015.709 9.000
G_1955 0.000 -27.649 12.000
Q_1956 -25.772 -643.904 15.000
S_1957 -18.462 -90.060 13.000
K_1958 -19.613 -818.649 15.000
K_1959 -17.098 -818.649 11.000
Y_1960 -11.652 -274.939 11.000
A_1961 0.000 185.740 11.000
K_1962 -17.098 -818.649 11.000
K_1963 -18.462 -818.649 13.000
T_1964 -20.127 -90.974 16.000
D_1965 -24.169 -475.402 13.000
S_1966 -19.059 -90.060 14.000
G_1967 0.000 -27.649 14.000
N_1968 -21.132 -507.047 10.000
S_1969 -16.309 -90.060 10.000
A_1970 0.000 185.740 13.000
K_1971 -15.425 -818.649 9.000
S_1972 -11.867 -90.060 6.000
G_1973 0.000 -27.649 6.000
A_1974 0.000 185.740 3.000
L_1975 0.000 679.918 2.000
G_1976 0.000 -27.649 5.000
H_1977 -10.601 -583.484 9.000
S_1978 -15.425 -90.060 9.000
E_1979 -19.866 -605.239 9.000
M_1980 0.000 401.769 10.000
M_1981 0.000 401.769 7.000
S_1982 -13.255 -90.060 7.000
L_1983 0.000 679.918 11.000
D_1984 -25.003 -475.402 14.000
E_1985 -25.003 -605.239 14.000
S_1986 -19.059 -90.060 14.000
S_1987 -16.309 -90.060 10.000
F_1988 0.000 560.542 6.000
P_1989 0.000 -195.996 3.000
A_1990 0.000 185.740 4.000
L_1991 0.000 679.918 4.000
E_1992 -18.409 -605.239 8.000
L_1993 0.000 679.918 12.000
N_1994 -27.150 -507.047 17.000
N_1995 -27.773 -507.047 18.000
R_1996 -34.315 -1015.709 18.000
R_1997 -33.508 -1015.709 17.000
L_1998 0.000 679.918 13.000
S_1999 -17.098 -90.060 11.000
V_2000 0.000 613.196 10.000
K_2001 -18.462 -818.649 13.000
N_2002 -21.132 -507.047 10.000
S_2003 -16.309 -90.060 10.000
F_2004 0.000 560.542 12.000
C_2005 0.000 322.480 11.000
R_2006 -28.412 -1015.709 12.000
K_2007 -17.811 -818.649 12.000
N_2008 -23.258 -507.047 12.000
G_2009 0.000 -27.649 9.000
L_2010 0.000 679.918 9.000
Y_2011 -11.154 -274.939 10.000
T_2012 -18.462 -90.974 13.000
R_2013 -29.616 -1015.709 13.000
S_2014 -17.098 -90.060 11.000
P_2015 0.000 -195.996 13.000
P_2016 0.000 -195.996 8.000
R_2017 -21.845 -1015.709 8.000
P_2018 0.000 -195.996 8.000
S_2019 -14.420 -90.060 8.000
P_2020 0.000 -195.996 6.000
G_2021 0.000 -27.649 6.000
S_2022 -10.149 -90.060 5.000
L_2023 0.000 679.918 7.000
H_2024 -11.154 -583.484 10.000
Y_2025 -11.652 -274.939 11.000
S_2026 -19.613 -90.060 15.000
D_2027 -27.150 -475.402 17.000
E_2028 -25.772 -605.239 15.000
D_2029 -25.772 -475.402 15.000
V_2030 0.000 613.196 14.000
T_2031 -17.811 -90.974 12.000
K_2032 -17.811 -818.649 12.000
Y_2033 -13.586 -274.939 16.000
N_2034 -24.169 -507.047 13.000
D_2035 -21.132 -475.402 10.000
L_2036 0.000 679.918 8.000
I_2037 0.000 777.529 4.000
P_2038 0.000 -195.996 4.000
A_2039 0.000 185.740 7.000
E_2040 -21.132 -605.239 10.000
S_2041 -18.462 -90.060 13.000
S_2042 -18.462 -90.060 13.000
S_2043 -17.811 -90.060 12.000
L_2044 0.000 679.918 13.000
T_2045 -18.462 -90.974 13.000
E_2046 -21.132 -605.239 10.000
K_2047 -18.462 -818.649 13.000
P_2048 0.000 -195.996 14.000
S_2049 -16.309 -90.060 10.000
E_2050 -21.132 -605.239 10.000
I_2051 0.000 777.529 14.000
S_2052 -19.059 -90.060 14.000
D_2053 -25.003 -475.402 14.000
S_2054 -19.059 -90.060 14.000
Q_2055 -25.003 -643.904 14.000
G_2056 0.000 -27.649 14.000
S_2057 -19.059 -90.060 14.000
D_2058 -25.003 -475.402 14.000
S_2059 -20.127 -90.060 16.000
E_2060 -27.150 -605.239 17.000
Y_2061 -12.518 -274.939 13.000
E_2062 -25.003 -605.239 14.000
V_2063 0.000 613.196 13.000
D_2064 -25.772 -475.402 15.000
S_2065 -18.462 -90.060 13.000
N_2066 -27.150 -507.047 17.000
H_2067 -13.586 -583.484 16.000
Q_2068 -24.169 -643.904 13.000
K_2069 -17.098 -818.649 11.000
A_2070 0.000 185.740 12.000
H_2071 -9.978 -583.484 8.000
S_2072 -10.149 -90.060 5.000
F_2073 0.000 560.542 9.000
V_2074 0.000 613.196 9.000
N_2075 -18.409 -507.047 8.000
H_2076 -9.978 -583.484 8.000
Y_2077 -11.652 -274.939 11.000
I_2078 0.000 777.529 11.000
S_2079 -15.425 -90.060 9.000
D_2080 -21.132 -475.402 10.000
P_2081 0.000 -195.996 12.000
T_2082 -17.098 -90.974 11.000
Y_2083 -11.652 -274.939 11.000
Y_2084 -12.900 -274.939 14.000
N_2085 -23.258 -507.047 12.000
S_2086 -19.613 -90.060 15.000
W_2087 -7.165 -203.500 18.000
R_2088 -34.315 -1015.709 18.000
R_2089 -35.072 -1015.709 19.000
Q_2090 -29.436 -643.904 21.000
Q_2091 -26.485 -643.904 16.000
K_2092 -17.098 -818.649 11.000
G_2093 0.000 -27.649 10.000
I_2094 0.000 777.529 11.000
S_2095 -14.420 -90.060 8.000
R_2096 -28.412 -1015.709 12.000
A_2097 0.000 185.740 12.000
Q_2098 -22.253 -643.904 11.000
A_2099 0.000 185.740 9.000
Y_2100 -11.652 -274.939 11.000
S_2101 -16.309 -90.060 10.000
Y_2102 -12.900 -274.939 14.000
T_2103 -19.613 -90.974 15.000
E_2104 -26.485 -605.239 16.000
S_2105 -20.609 -90.060 17.000
D_2106 -25.003 -475.402 14.000
S_2107 -19.059 -90.060 14.000
G_2108 0.000 -27.649 11.000
E_2109 -22.253 -605.239 11.000
P_2110 0.000 -195.996 10.000
D_2111 -24.169 -475.402 13.000
H_2112 -12.104 -583.484 12.000
T_2113 -17.811 -90.974 12.000
T_2114 -17.098 -90.974 11.000
V_2115 0.000 613.196 13.000
T_2116 -18.462 -90.974 13.000
N_2117 -24.169 -507.047 13.000
S_2118 -20.127 -90.060 16.000
T_2119 -20.127 -90.974 16.000
S_2120 -20.127 -90.060 16.000
T_2121 -20.609 -90.974 17.000
Q_2122 -25.003 -643.904 14.000
Q_2123 -25.003 -643.904 14.000
G_2124 0.000 -27.649 11.000
S_2125 -13.255 -90.060 7.000
L_2126 0.000 679.918 8.000
F_2127 0.000 560.542 8.000
R_2128 -21.845 -1015.709 8.000
P_2129 0.000 -195.996 8.000
K_2130 -17.098 -818.649 11.000
A_2131 0.000 185.740 11.000
S_2132 -19.059 -90.060 14.000
R_2133 -27.076 -1015.709 11.000
T_2134 -19.059 -90.974 14.000
P_2135 0.000 -195.996 11.000
T_2136 -16.309 -90.974 10.000
P_2137 0.000 -195.996 11.000
Q_2138 -22.253 -643.904 11.000
N_2139 -18.409 -507.047 8.000
P_2140 0.000 -195.996 12.000
P_2141 0.000 -195.996 8.000
N_2142 -7.878 -507.047 4.000
P_2143 0.000 -195.996 7.000
P_2144 0.000 -195.996 11.000
S_2145 -17.098 -90.060 11.000
Q_2146 -25.003 -643.904 14.000
Q_2147 -27.150 -643.904 17.000
S_2148 -19.059 -90.060 14.000
T_2149 -17.811 -90.974 12.000
L_2150 0.000 679.918 13.000
Y_2151 -11.154 -274.939 10.000
R_2152 -19.414 -1015.709 7.000
P_2153 0.000 -195.996 10.000
P_2154 0.000 -195.996 11.000
S_2155 -11.867 -90.060 6.000
S_2156 -11.867 -90.060 6.000
L_2157 0.000 679.918 6.000
A_2158 0.000 185.740 3.000
P_2159 0.000 -195.996 3.000
G_2160 0.000 -27.649 8.000
S_2161 -14.420 -90.060 8.000
R_2162 -21.845 -1015.709 8.000
A_2163 0.000 185.740 8.000
P_2164 0.000 -195.996 5.000
I_2165 0.000 777.529 0.000
A_2166 0.000 185.740 0.000
G_2167 0.000 -27.649 3.000
F_2168 0.000 560.542 6.000
S_2169 -11.867 -90.060 6.000
S_2170 -11.867 -90.060 6.000
F_2171 0.000 560.542 6.000
V_2172 0.000 613.196 3.000
