M_1 0.000 401.769 3.000
S_2 -4.441 -90.060 3.000
G_3 0.000 -27.649 3.000
A_4 0.000 185.740 3.000
A_5 0.000 185.740 0.000
L_6 0.000 679.918 0.000
G_7 0.000 -27.649 4.000
L_8 0.000 679.918 4.000
E_9 -7.878 -605.239 4.000
I_10 0.000 777.529 4.000
V_11 0.000 613.196 4.000
F_12 0.000 560.542 0.000
V_13 0.000 613.196 0.000
F_14 0.000 560.542 0.000
F_15 0.000 560.542 0.000
L_16 0.000 679.918 0.000
A_17 0.000 185.740 0.000
L_18 0.000 679.918 0.000
F_19 0.000 560.542 0.000
L_20 0.000 679.918 2.000
L_21 0.000 679.918 7.000
H_22 -10.601 -583.484 9.000
R_23 -23.856 -1015.709 9.000
Y_24 -12.518 -274.939 13.000
G_25 0.000 -27.649 11.000
D_26 -19.866 -475.402 9.000
F_27 0.000 560.542 10.000
K_28 -19.059 -818.649 14.000
K_29 -17.811 -818.649 12.000
Q_30 -27.150 -643.904 17.000
H_31 -12.900 -583.484 14.000
R_32 -27.076 -1015.709 11.000
L_33 0.000 679.918 7.000
V_34 0.000 613.196 5.000
I_35 0.000 777.529 0.000
I_36 0.000 777.529 3.000
G_37 0.000 -27.649 3.000
T_38 -4.441 -90.974 3.000
L_39 0.000 679.918 3.000
L_40 0.000 679.918 4.000
A_41 0.000 185.740 3.000
W_42 -2.723 -203.500 3.000
Y_43 -4.441 -274.939 3.000
L_44 0.000 679.918 3.000
C_45 0.000 322.480 2.000
F_46 0.000 560.542 0.000
L_47 0.000 679.918 0.000
I_48 0.000 777.529 0.000
V_49 0.000 613.196 0.000
F_50 0.000 560.542 0.000
I_51 0.000 777.529 0.000
L_52 0.000 679.918 0.000
P_53 0.000 -195.996 4.000
L_54 0.000 679.918 4.000
D_55 -16.691 -475.402 7.000
V_56 0.000 613.196 10.000
S_57 -18.462 -90.060 13.000
T_58 -15.425 -90.974 9.000
T_59 -17.098 -90.974 11.000
I_60 0.000 777.529 12.000
Y_61 -12.900 -274.939 14.000
N_62 -22.253 -507.047 11.000
R_63 -30.711 -1015.709 14.000
C_64 0.000 322.480 14.000
K_65 -16.309 -818.649 10.000
H_66 -7.426 -583.484 5.000
A_67 0.000 185.740 5.000
A_68 0.000 185.740 6.000
A_69 0.000 185.740 7.000
N_70 -21.132 -507.047 10.000
S_71 -16.309 -90.060 10.000
S_72 -16.309 -90.060 10.000
P_73 0.000 -195.996 10.000
P_74 0.000 -195.996 11.000
E_75 -22.253 -605.239 11.000
N_76 -25.772 -507.047 15.000
S_77 -19.613 -90.060 15.000
N_78 -25.003 -507.047 14.000
I_79 0.000 777.529 10.000
T_80 -13.255 -90.974 7.000
G_81 0.000 -27.649 5.000
L_82 0.000 679.918 5.000
Y_83 -7.426 -274.939 5.000
A_84 0.000 185.740 5.000
T_85 -15.425 -90.974 9.000
A_86 0.000 185.740 7.000
N_87 -16.691 -507.047 7.000
P_88 0.000 -195.996 4.000
V_89 0.000 613.196 7.000
P_90 0.000 -195.996 7.000
S_91 -15.425 -90.060 9.000
Q_92 -19.866 -643.904 9.000
H_93 -10.601 -583.484 9.000
P_94 0.000 -195.996 6.000
C_95 0.000 322.480 5.000
F_96 0.000 560.542 3.000
K_97 -7.878 -818.649 4.000
P_98 0.000 -195.996 7.000
W_99 -5.447 -203.500 9.000
S_100 -11.867 -90.060 6.000
Y_101 -8.431 -274.939 6.000
I_102 0.000 777.529 9.000
P_103 0.000 -195.996 6.000
D_104 -7.878 -475.402 4.000
G_105 0.000 -27.649 4.000
I_106 0.000 777.529 4.000
M_107 0.000 401.769 0.000
P_108 0.000 -195.996 0.000
I_109 0.000 777.529 1.000
F_110 0.000 560.542 6.000
W_111 -4.441 -203.500 6.000
R_112 -16.309 -1015.709 6.000
V_113 0.000 613.196 8.000
V_114 0.000 613.196 8.000
Y_115 -8.431 -274.939 6.000
W_116 -5.447 -203.500 9.000
T_117 -18.462 -90.974 13.000
S_118 -17.098 -90.060 11.000
Q_119 -21.132 -643.904 10.000
F_120 0.000 560.542 10.000
L_121 0.000 679.918 8.000
T_122 -7.878 -90.974 4.000
W_123 -3.436 -203.500 4.000
I_124 0.000 777.529 4.000
L_125 0.000 679.918 1.000
L_126 0.000 679.918 0.000
P_127 0.000 -195.996 0.000
F_128 0.000 560.542 4.000
M_129 0.000 401.769 7.000
Q_130 -19.866 -643.904 9.000
S_131 -15.425 -90.060 9.000
Y_132 -12.900 -274.939 14.000
A_133 0.000 185.740 13.000
R_134 -25.574 -1015.709 10.000
S_135 -14.420 -90.060 8.000
G_136 0.000 -27.649 8.000
G_137 0.000 -27.649 6.000
F_138 0.000 560.542 3.000
S_139 -11.867 -90.060 6.000
I_140 0.000 777.529 6.000
T_141 -15.425 -90.974 9.000
G_142 0.000 -27.649 6.000
K_143 -15.425 -818.649 9.000
I_144 0.000 777.529 9.000
K_145 -15.425 -818.649 9.000
T_146 -11.867 -90.974 6.000
A_147 0.000 185.740 6.000
L_148 0.000 679.918 7.000
I_149 0.000 777.529 8.000
E_150 -18.409 -605.239 8.000
N_151 -18.409 -507.047 8.000
A_152 0.000 185.740 10.000
I_153 0.000 777.529 8.000
Y_154 -6.160 -274.939 4.000
Y_155 -9.265 -274.939 7.000
G_156 0.000 -27.649 9.000
T_157 -13.255 -90.974 7.000
Y_158 -7.426 -274.939 5.000
L_159 0.000 679.918 5.000
L_160 0.000 679.918 2.000
I_161 0.000 777.529 0.000
F_162 0.000 560.542 0.000
G_163 0.000 -27.649 0.000
A_164 0.000 185.740 0.000
F_165 0.000 560.542 0.000
L_166 0.000 679.918 2.000
I_167 0.000 777.529 2.000
Y_168 -1.718 -274.939 2.000
V_169 0.000 613.196 2.000
A_170 0.000 185.740 6.000
V_171 0.000 613.196 4.000
N_172 -14.591 -507.047 6.000
P_173 0.000 -195.996 6.000
H_174 -9.978 -583.484 8.000
L_175 0.000 679.918 4.000
H_176 -9.978 -583.484 8.000
L_177 0.000 679.918 7.000
E_178 -22.253 -605.239 11.000
W_179 -6.358 -203.500 13.000
N_180 -24.169 -507.047 13.000
Q_181 -24.169 -643.904 13.000
L_182 0.000 679.918 15.000
Q_183 -22.253 -643.904 11.000
T_184 -13.255 -90.974 7.000
I_185 0.000 777.529 7.000
G_186 0.000 -27.649 3.000
I_187 0.000 777.529 0.000
A_188 0.000 185.740 0.000
A_189 0.000 185.740 4.000
A_190 0.000 185.740 7.000
N_191 -18.409 -507.047 8.000
T_192 -14.420 -90.974 8.000
W_193 -5.155 -203.500 8.000
G_194 0.000 -27.649 4.000
L_195 0.000 679.918 1.000
F_196 0.000 560.542 0.000
L_197 0.000 679.918 0.000
L_198 0.000 679.918 0.000
V_199 0.000 613.196 0.000
L_200 0.000 679.918 0.000
L_201 0.000 679.918 0.000
L_202 0.000 679.918 2.000
G_203 0.000 -27.649 2.000
Y_204 -1.718 -274.939 2.000
G_205 0.000 -27.649 2.000
L_206 0.000 679.918 6.000
V_207 0.000 613.196 4.000
E_208 -7.878 -605.239 4.000
I_209 0.000 777.529 9.000
P_210 0.000 -195.996 12.000
R_211 -25.574 -1015.709 10.000
S_212 -17.098 -90.060 11.000
Y_213 -13.255 -274.939 15.000
W_214 -5.708 -203.500 10.000
N_215 -16.691 -507.047 7.000
G_216 0.000 -27.649 8.000
A_217 0.000 185.740 12.000
K_218 -14.420 -818.649 8.000
R_219 -25.574 -1015.709 10.000
G_220 0.000 -27.649 10.000
Y_221 -9.265 -274.939 7.000
L_222 0.000 679.918 2.000
L_223 0.000 679.918 5.000
M_224 0.000 401.769 6.000
K_225 -14.420 -818.649 8.000
T_226 -14.420 -90.974 8.000
Y_227 -11.652 -274.939 11.000
F_228 0.000 560.542 8.000
K_229 -10.149 -818.649 5.000
A_230 0.000 185.740 6.000
A_231 0.000 185.740 6.000
K_232 -4.441 -818.649 3.000
L_233 0.000 679.918 6.000
M_234 0.000 401.769 10.000
T_235 -16.309 -90.974 10.000
E_236 -21.132 -605.239 10.000
K_237 -19.059 -818.649 14.000
A_238 0.000 185.740 11.000
D_239 -22.253 -475.402 11.000
A_240 0.000 185.740 12.000
E_241 -26.485 -605.239 16.000
E_242 -23.258 -605.239 12.000
N_243 -26.485 -507.047 16.000
L_244 0.000 679.918 16.000
E_245 -23.258 -605.239 12.000
D_246 -18.409 -475.402 8.000
A_247 0.000 185.740 12.000
M_248 0.000 401.769 12.000
E_249 -18.409 -605.239 8.000
E_250 -24.169 -605.239 13.000
V_251 0.000 613.196 16.000
R_252 -28.412 -1015.709 12.000
K_253 -17.811 -818.649 12.000
V_254 0.000 613.196 16.000
N_255 -25.003 -507.047 14.000
E_256 -22.253 -605.239 11.000
S_257 -19.059 -90.060 14.000
I_258 0.000 777.529 12.000
K_259 -17.811 -818.649 12.000
Y_260 -11.652 -274.939 11.000
N_261 -22.253 -507.047 11.000
H_262 -9.978 -583.484 8.000
P_263 0.000 -195.996 11.000
L_264 0.000 679.918 10.000
R_265 -21.845 -1015.709 8.000
K_266 -14.420 -818.649 8.000
C_267 0.000 322.480 12.000
V_268 0.000 613.196 10.000
D_269 -16.691 -475.402 7.000
T_270 -13.255 -90.974 7.000
I_271 0.000 777.529 10.000
L_272 0.000 679.918 9.000
K_273 -11.867 -818.649 6.000
K_274 -11.867 -818.649 6.000
C_275 0.000 322.480 9.000
P_276 0.000 -195.996 10.000
T_277 -15.425 -90.974 9.000
E_278 -24.169 -605.239 13.000
Y_279 -13.896 -274.939 17.000
Q_280 -27.150 -643.904 17.000
E_281 -24.169 -605.239 13.000
K_282 -17.098 -818.649 11.000
M_283 0.000 401.769 12.000
G_284 0.000 -27.649 12.000
R_285 -23.856 -1015.709 9.000
N_286 -24.169 -507.047 13.000
M_287 0.000 401.769 17.000
D_288 -25.003 -475.402 14.000
D_289 -25.003 -475.402 14.000
Y_290 -14.188 -274.939 18.000
E_291 -25.003 -605.239 14.000
D_292 -25.003 -475.402 14.000
F_293 0.000 560.542 16.000
D_294 -25.772 -475.402 15.000
E_295 -24.169 -605.239 13.000
K_296 -20.127 -818.649 16.000
H_297 -12.104 -583.484 12.000
S_298 -16.309 -90.060 10.000
I_299 0.000 777.529 7.000
Y_300 -9.978 -274.939 8.000
P_301 0.000 -195.996 9.000
S_302 -17.811 -90.060 12.000
E_303 -24.169 -605.239 13.000
K_304 -18.462 -818.649 13.000
S_305 -16.309 -90.060 10.000
L_306 0.000 679.918 9.000
V_307 0.000 613.196 6.000
K_308 -10.149 -818.649 5.000
L_309 0.000 679.918 8.000
H_310 -12.104 -583.484 12.000
K_311 -15.425 -818.649 9.000
Q_312 -19.866 -643.904 9.000
V_313 0.000 613.196 9.000
I_314 0.000 777.529 9.000
Y_315 -7.426 -274.939 5.000
S_316 -15.425 -90.060 9.000
V_317 0.000 613.196 14.000
Q_318 -25.003 -643.904 14.000
R_319 -32.645 -1015.709 16.000
H_320 -14.973 -583.484 21.000
R_321 -35.785 -1015.709 20.000
R_322 -35.072 -1015.709 19.000
T_323 -20.609 -90.974 17.000
Q_324 -26.485 -643.904 16.000
V_325 0.000 613.196 12.000
Q_326 -24.169 -643.904 13.000
W_327 -5.447 -203.500 9.000
Q_328 -19.866 -643.904 9.000
I_329 0.000 777.529 5.000
L_330 0.000 679.918 8.000
L_331 0.000 679.918 8.000
E_332 -18.409 -605.239 8.000
Q_333 -18.409 -643.904 8.000
A_334 0.000 185.740 10.000
F_335 0.000 560.542 6.000
Y_336 -8.431 -274.939 6.000
L_337 0.000 679.918 10.000
E_338 -21.132 -605.239 10.000
D_339 -18.409 -475.402 8.000
V_340 0.000 613.196 11.000
A_341 0.000 185.740 11.000
K_342 -17.098 -818.649 11.000
N_343 -25.003 -507.047 14.000
E_344 -27.150 -605.239 17.000
T_345 -19.059 -90.974 14.000
S_346 -18.462 -90.060 13.000
A_347 0.000 185.740 11.000
T_348 -17.811 -90.974 12.000
H_349 -10.601 -583.484 9.000
Q_350 -19.866 -643.904 9.000
F_351 0.000 560.542 8.000
V_352 0.000 613.196 9.000
H_353 -7.426 -583.484 5.000
T_354 -15.425 -90.974 9.000
F_355 0.000 560.542 12.000
Q_356 -21.132 -643.904 10.000
S_357 -17.098 -90.060 11.000
P_358 0.000 -195.996 11.000
E_359 -22.253 -605.239 11.000
P_360 0.000 -195.996 12.000
E_361 -27.150 -605.239 17.000
N_362 -24.169 -507.047 13.000
R_363 -29.616 -1015.709 13.000
F_364 0.000 560.542 13.000
I_365 0.000 777.529 11.000
Q_366 -14.591 -643.904 6.000
Y_367 -9.978 -274.939 8.000
F_368 0.000 560.542 12.000
Y_369 -9.978 -274.939 8.000
N_370 -19.866 -507.047 9.000
P_371 0.000 -195.996 9.000
T_372 -17.098 -90.974 11.000
F_373 0.000 560.542 8.000
E_374 -21.132 -605.239 10.000
W_375 -5.155 -203.500 8.000
Y_376 -12.104 -274.939 12.000
W_377 -5.155 -203.500 8.000
E_378 -16.691 -605.239 7.000
C_379 0.000 322.480 5.000
L_380 0.000 679.918 9.000
L_381 0.000 679.918 5.000
R_382 -16.309 -1015.709 6.000
P_383 0.000 -195.996 6.000
W_384 -5.155 -203.500 8.000
F_385 0.000 560.542 6.000
Y_386 -8.431 -274.939 6.000
K_387 -10.149 -818.649 5.000
I_388 0.000 777.529 5.000
L_389 0.000 679.918 3.000
A_390 0.000 185.740 0.000
V_391 0.000 613.196 0.000
V_392 0.000 613.196 3.000
L_393 0.000 679.918 3.000
S_394 -4.441 -90.060 3.000
I_395 0.000 777.529 6.000
F_396 0.000 560.542 6.000
S_397 -4.441 -90.060 3.000
V_398 0.000 613.196 3.000
I_399 0.000 777.529 3.000
V_400 0.000 613.196 1.000
V_401 0.000 613.196 4.000
W_402 -5.155 -203.500 8.000
S_403 -14.420 -90.060 8.000
E_404 -22.253 -605.239 11.000
C_405 0.000 322.480 10.000
T_406 -13.255 -90.974 7.000
F_407 0.000 560.542 6.000
F_408 0.000 560.542 9.000
S_409 -15.425 -90.060 9.000
T_410 -15.425 -90.974 9.000
T_411 -15.425 -90.974 9.000
P_412 0.000 -195.996 6.000
V_413 0.000 613.196 6.000
L_414 0.000 679.918 3.000
S_415 -4.441 -90.060 3.000
L_416 0.000 679.918 3.000
F_417 0.000 560.542 3.000
A_418 0.000 185.740 0.000
V_419 0.000 613.196 0.000
F_420 0.000 560.542 4.000
I_421 0.000 777.529 4.000
Q_422 -7.878 -643.904 4.000
L_423 0.000 679.918 8.000
A_424 0.000 185.740 11.000
E_425 -21.132 -605.239 10.000
K_426 -17.811 -818.649 12.000
T_427 -20.127 -90.974 16.000
Y_428 -12.900 -274.939 14.000
N_429 -22.253 -507.047 11.000
Y_430 -11.154 -274.939 10.000
I_431 0.000 777.529 8.000
Y_432 -9.978 -274.939 8.000
I_433 0.000 777.529 6.000
E_434 -14.591 -605.239 6.000
I_435 0.000 777.529 4.000
A_436 0.000 185.740 4.000
C_437 0.000 322.480 0.000
F_438 0.000 560.542 3.000
L_439 0.000 679.918 3.000
S_440 -4.441 -90.060 3.000
I_441 0.000 777.529 3.000
F_442 0.000 560.542 3.000
F_443 0.000 560.542 3.000
L_444 0.000 679.918 3.000
S_445 -4.441 -90.060 3.000
I_446 0.000 777.529 3.000
C_447 0.000 322.480 5.000
V_448 0.000 613.196 5.000
Y_449 -9.978 -274.939 8.000
S_450 -14.420 -90.060 8.000
T_451 -14.420 -90.974 8.000
V_452 0.000 613.196 11.000
F_453 0.000 560.542 8.000
R_454 -25.574 -1015.709 10.000
I_455 0.000 777.529 10.000
R_456 -25.574 -1015.709 10.000
V_457 0.000 613.196 9.000
F_458 0.000 560.542 11.000
N_459 -18.409 -507.047 8.000
Y_460 -11.154 -274.939 10.000
Y_461 -11.154 -274.939 10.000
Y_462 -8.431 -274.939 6.000
L_463 0.000 679.918 7.000
A_464 0.000 185.740 7.000
S_465 -13.255 -90.060 7.000
H_466 -11.652 -583.484 11.000
H_467 -12.900 -583.484 14.000
Q_468 -25.772 -643.904 15.000
T_469 -18.462 -90.974 13.000
D_470 -24.169 -475.402 13.000
A_471 0.000 185.740 12.000
Y_472 -10.601 -274.939 9.000
S_473 -10.149 -90.060 5.000
L_474 0.000 679.918 5.000
L_475 0.000 679.918 6.000
F_476 0.000 560.542 3.000
S_477 -4.441 -90.060 3.000
G_478 0.000 -27.649 3.000
M_479 0.000 401.769 3.000
L_480 0.000 679.918 0.000
F_481 0.000 560.542 5.000
C_482 0.000 322.480 5.000
R_483 -21.845 -1015.709 8.000
L_484 0.000 679.918 8.000
T_485 -14.420 -90.974 8.000
P_486 0.000 -195.996 3.000
P_487 0.000 -195.996 3.000
L_488 0.000 679.918 0.000
C_489 0.000 322.480 4.000
L_490 0.000 679.918 4.000
N_491 -7.878 -507.047 4.000
F_492 0.000 560.542 4.000
L_493 0.000 679.918 4.000
G_494 0.000 -27.649 3.000
L_495 0.000 679.918 5.000
T_496 -10.149 -90.974 5.000
H_497 -10.601 -583.484 9.000
M_498 0.000 401.769 12.000
D_499 -23.258 -475.402 12.000
S_500 -16.309 -90.060 10.000
S_501 -18.462 -90.060 13.000
I_502 0.000 777.529 11.000
S_503 -17.098 -90.060 11.000
H_504 -12.104 -583.484 12.000
K_505 -19.613 -818.649 15.000
N_506 -26.485 -507.047 16.000
T_507 -19.059 -90.974 14.000
Q_508 -25.003 -643.904 14.000
P_509 0.000 -195.996 10.000
T_510 -15.425 -90.974 9.000
A_511 0.000 185.740 8.000
Y_512 -11.652 -274.939 11.000
T_513 -14.420 -90.974 8.000
S_514 -14.420 -90.060 8.000
I_515 0.000 777.529 6.000
M_516 0.000 401.769 6.000
G_517 0.000 -27.649 3.000
S_518 -11.867 -90.060 6.000
M_519 0.000 401.769 6.000
K_520 -11.867 -818.649 6.000
V_521 0.000 613.196 6.000
L_522 0.000 679.918 6.000
S_523 -4.441 -90.060 3.000
F_524 0.000 560.542 3.000
I_525 0.000 777.529 7.000
A_526 0.000 185.740 4.000
D_527 -7.878 -475.402 4.000
G_528 0.000 -27.649 6.000
F_529 0.000 560.542 6.000
Y_530 -6.160 -274.939 4.000
I_531 0.000 777.529 6.000
Y_532 -8.431 -274.939 6.000
Y_533 -6.160 -274.939 4.000
P_534 0.000 -195.996 4.000
M_535 0.000 401.769 2.000
L_536 0.000 679.918 0.000
V_537 0.000 613.196 0.000
V_538 0.000 613.196 0.000
I_539 0.000 777.529 0.000
L_540 0.000 679.918 0.000
C_541 0.000 322.480 0.000
I_542 0.000 777.529 3.000
A_543 0.000 185.740 5.000
T_544 -10.149 -90.974 5.000
Y_545 -9.978 -274.939 8.000
F_546 0.000 560.542 8.000
S_547 -10.149 -90.060 5.000
L_548 0.000 679.918 6.000
G_549 0.000 -27.649 11.000
T_550 -14.420 -90.974 8.000
R_551 -21.845 -1015.709 8.000
C_552 0.000 322.480 12.000
L_553 0.000 679.918 9.000
N_554 -7.878 -507.047 4.000
L_555 0.000 679.918 4.000
L_556 0.000 679.918 4.000
G_557 0.000 -27.649 4.000
F_558 0.000 560.542 8.000
Q_559 -18.409 -643.904 8.000
Q_560 -18.409 -643.904 8.000
F_561 0.000 560.542 8.000
M_562 0.000 401.769 8.000
G_563 0.000 -27.649 8.000
D_564 -23.258 -475.402 12.000
D_565 -23.258 -475.402 12.000
D_566 -25.772 -475.402 15.000
M_567 0.000 401.769 14.000
T_568 -19.059 -90.974 14.000
S_569 -16.309 -90.060 10.000
D_570 -21.132 -475.402 10.000
L_571 0.000 679.918 11.000
V_572 0.000 613.196 12.000
N_573 -18.409 -507.047 8.000
E_574 -22.253 -605.239 11.000
G_575 0.000 -27.649 15.000
K_576 -17.098 -818.649 11.000
E_577 -16.691 -605.239 7.000
L_578 0.000 679.918 12.000
I_579 0.000 777.529 12.000
R_580 -28.412 -1015.709 12.000
K_581 -19.613 -818.649 15.000
E_582 -28.912 -605.239 20.000
K_583 -21.060 -818.649 18.000
R_584 -35.785 -1015.709 20.000
K_585 -21.889 -818.649 20.000
R_586 -37.098 -1015.709 22.000
Q_587 -29.436 -643.904 21.000
R_588 -37.098 -1015.709 22.000
Q_589 -29.436 -643.904 21.000
E_590 -27.150 -605.239 17.000
E_591 -26.485 -605.239 16.000
G_592 0.000 -27.649 16.000
E_593 -27.150 -605.239 17.000
N_594 -27.773 -507.047 18.000
R_595 -37.706 -1015.709 23.000
R_596 -37.706 -1015.709 23.000
R_597 -35.785 -1015.709 20.000
E_598 -27.773 -605.239 18.000
W_599 -7.023 -203.500 17.000
K_600 -20.609 -818.649 17.000
E_601 -25.772 -605.239 15.000
R_602 -30.711 -1015.709 14.000
Y_603 -12.518 -274.939 13.000
G_604 0.000 -27.649 13.000
H_605 -12.518 -583.484 13.000
N_606 -25.772 -507.047 15.000
R_607 -35.072 -1015.709 19.000
E_608 -28.912 -605.239 20.000
D_609 -28.359 -475.402 19.000
S_610 -21.486 -90.060 19.000
T_611 -21.486 -90.974 19.000
R_612 -35.785 -1015.709 20.000
N_613 -29.436 -507.047 21.000
R_614 -34.315 -1015.709 18.000
N_615 -25.772 -507.047 15.000
I_616 0.000 777.529 14.000
H_617 -12.518 -583.484 13.000
T_618 -15.425 -90.974 9.000
D_619 -23.258 -475.402 12.000
P_620 0.000 -195.996 14.000
K_621 -19.059 -818.649 14.000
E_622 -25.003 -605.239 14.000
S_623 -19.059 -90.060 14.000
N_624 -25.003 -507.047 14.000
F_625 0.000 560.542 14.000
S_626 -17.098 -90.060 11.000
D_627 -22.253 -475.402 11.000
V_628 0.000 613.196 14.000
N_629 -25.772 -507.047 15.000
T_630 -20.127 -90.974 16.000
N_631 -28.359 -507.047 19.000
R_632 -31.716 -1015.709 15.000
S_633 -17.811 -90.060 12.000
A_634 0.000 185.740 11.000
F_635 0.000 560.542 8.000
K_636 -14.420 -818.649 8.000
Y_637 -12.518 -274.939 13.000
T_638 -18.462 -90.974 13.000
R_639 -30.711 -1015.709 14.000
A_640 0.000 185.740 16.000
N_641 -27.773 -507.047 18.000
N_642 -26.485 -507.047 16.000
R_643 -35.785 -1015.709 20.000
T_644 -22.271 -90.974 21.000
E_645 -29.436 -605.239 21.000
R_646 -36.459 -1015.709 21.000
D_647 -27.773 -475.402 18.000
R_648 -34.315 -1015.709 18.000
I_649 0.000 777.529 13.000
E_650 -19.866 -605.239 9.000
L_651 0.000 679.918 8.000
L_652 0.000 679.918 12.000
Q_653 -18.409 -643.904 8.000
D_654 -23.258 -475.402 12.000
A_655 0.000 185.740 12.000
E_656 -18.409 -605.239 8.000
P_657 0.000 -195.996 8.000
L_658 0.000 679.918 8.000
D_659 -18.409 -475.402 8.000
F_660 0.000 560.542 8.000
N_661 -23.258 -507.047 12.000
A_662 0.000 185.740 11.000
E_663 -22.253 -605.239 11.000
T_664 -16.309 -90.974 10.000
F_665 0.000 560.542 14.000
T_666 -19.059 -90.974 14.000
D_667 -22.253 -475.402 11.000
D_668 -22.253 -475.402 11.000
P_669 0.000 -195.996 12.000
L_670 0.000 679.918 11.000
E_671 -22.253 -605.239 11.000
S_672 -19.059 -90.060 14.000
E_673 -25.003 -605.239 14.000
S_674 -19.613 -90.060 15.000
G_675 0.000 -27.649 14.000
R_676 -30.711 -1015.709 14.000
Y_677 -11.652 -274.939 11.000
Q_678 -22.253 -643.904 11.000
P_679 0.000 -195.996 6.000
G_680 0.000 -27.649 9.000
G_681 0.000 -27.649 7.000
R_682 -19.414 -1015.709 7.000
Y_683 -11.154 -274.939 10.000
L_684 0.000 679.918 10.000
S_685 -14.420 -90.060 8.000
M_686 0.000 401.769 11.000
S_687 -19.059 -90.060 14.000
R_688 -31.716 -1015.709 15.000
S_689 -19.613 -90.060 15.000
D_690 -23.258 -475.402 12.000
I_691 0.000 777.529 11.000
F_692 0.000 560.542 12.000
N_693 -18.409 -507.047 8.000
D_694 -18.409 -475.402 8.000
V_695 0.000 613.196 8.000
