M_1 0.000 401.769 0.000
G_2 0.000 -27.649 0.000
A_3 0.000 185.740 0.000
F_4 0.000 560.542 4.000
L_5 0.000 679.918 7.000
D_6 -16.691 -475.402 7.000
K_7 -16.309 -818.649 10.000
P_8 0.000 -195.996 13.000
K_9 -18.462 -818.649 13.000
T_10 -18.462 -90.974 13.000
E_11 -25.772 -605.239 15.000
K_12 -20.127 -818.649 16.000
H_13 -12.518 -583.484 13.000
N_14 -22.253 -507.047 11.000
A_15 0.000 185.740 8.000
H_16 -8.431 -583.484 6.000
G_17 0.000 -27.649 2.000
A_18 0.000 185.740 6.000
G_19 0.000 -27.649 4.000
N_20 -7.878 -507.047 4.000
G_21 0.000 -27.649 9.000
L_22 0.000 679.918 11.000
R_23 -19.414 -1015.709 7.000
Y_24 -9.265 -274.939 7.000
G_25 0.000 -27.649 10.000
L_26 0.000 679.918 8.000
S_27 -11.867 -90.060 6.000
S_28 -16.309 -90.060 10.000
M_29 0.000 401.769 10.000
Q_30 -18.409 -643.904 8.000
G_31 0.000 -27.649 10.000
W_32 -5.708 -203.500 10.000
R_33 -25.574 -1015.709 10.000
V_34 0.000 613.196 10.000
E_35 -24.169 -605.239 13.000
M_36 0.000 401.769 12.000
E_37 -23.258 -605.239 12.000
D_38 -21.132 -475.402 10.000
A_39 0.000 185.740 13.000
H_40 -10.601 -583.484 9.000
T_41 -10.149 -90.974 5.000
A_42 0.000 185.740 5.000
V_43 0.000 613.196 3.000
V_44 0.000 613.196 0.000
G_45 0.000 -27.649 0.000
I_46 0.000 777.529 2.000
P_47 0.000 -195.996 2.000
H_48 -1.718 -583.484 2.000
G_49 0.000 -27.649 6.000
L_50 0.000 679.918 10.000
E_51 -19.866 -605.239 9.000
D_52 -23.258 -475.402 12.000
W_53 -6.160 -203.500 12.000
S_54 -14.420 -90.060 8.000
F_55 0.000 560.542 4.000
F_56 0.000 560.542 3.000
A_57 0.000 185.740 2.000
V_58 0.000 613.196 6.000
Y_59 -8.431 -274.939 6.000
D_60 -18.409 -475.402 8.000
G_61 0.000 -27.649 8.000
H_62 -8.431 -583.484 6.000
A_63 0.000 185.740 5.000
G_64 0.000 -27.649 10.000
S_65 -14.420 -90.060 8.000
R_66 -21.845 -1015.709 8.000
V_67 0.000 613.196 12.000
A_68 0.000 185.740 11.000
N_69 -14.591 -507.047 6.000
Y_70 -10.601 -274.939 9.000
C_71 0.000 322.480 12.000
S_72 -16.309 -90.060 10.000
T_73 -14.420 -90.974 8.000
H_74 -9.978 -583.484 8.000
L_75 0.000 679.918 9.000
L_76 0.000 679.918 8.000
E_77 -14.591 -605.239 6.000
H_78 -10.601 -583.484 9.000
I_79 0.000 777.529 12.000
T_80 -17.811 -90.974 12.000
T_81 -19.059 -90.974 14.000
N_82 -27.773 -507.047 18.000
E_83 -25.772 -605.239 15.000
D_84 -27.150 -475.402 17.000
F_85 0.000 560.542 13.000
R_86 -23.856 -1015.709 9.000
A_87 0.000 185.740 5.000
A_88 0.000 185.740 8.000
G_89 0.000 -27.649 6.000
K_90 -11.867 -818.649 6.000
S_91 -15.425 -90.060 9.000
G_92 0.000 -27.649 9.000
S_93 -11.867 -90.060 6.000
A_94 0.000 185.740 7.000
L_95 0.000 679.918 7.000
E_96 -16.691 -605.239 7.000
L_97 0.000 679.918 7.000
S_98 -17.098 -90.060 11.000
V_99 0.000 613.196 11.000
E_100 -22.253 -605.239 11.000
N_101 -22.253 -507.047 11.000
V_102 0.000 613.196 15.000
K_103 -17.098 -818.649 11.000
N_104 -16.691 -507.047 7.000
G_105 0.000 -27.649 12.000
I_106 0.000 777.529 12.000
R_107 -21.845 -1015.709 8.000
T_108 -14.420 -90.974 8.000
G_109 0.000 -27.649 8.000
F_110 0.000 560.542 6.000
L_111 0.000 679.918 3.000
K_112 -13.255 -818.649 7.000
I_113 0.000 777.529 11.000
D_114 -24.169 -475.402 13.000
E_115 -21.132 -605.239 10.000
Y_116 -13.255 -274.939 15.000
M_117 0.000 401.769 15.000
R_118 -27.076 -1015.709 11.000
N_119 -23.258 -507.047 12.000
F_120 0.000 560.542 16.000
S_121 -17.098 -90.060 11.000
D_122 -23.258 -475.402 12.000
L_123 0.000 679.918 16.000
R_124 -29.616 -1015.709 13.000
N_125 -19.866 -507.047 9.000
G_126 0.000 -27.649 13.000
M_127 0.000 401.769 13.000
D_128 -23.258 -475.402 12.000
R_129 -28.412 -1015.709 12.000
S_130 -19.613 -90.060 15.000
G_131 0.000 -27.649 14.000
S_132 -15.425 -90.060 9.000
T_133 -11.867 -90.974 6.000
A_134 0.000 185.740 6.000
V_135 0.000 613.196 3.000
G_136 0.000 -27.649 0.000
V_137 0.000 613.196 0.000
M_138 0.000 401.769 3.000
I_139 0.000 777.529 3.000
S_140 -11.867 -90.060 6.000
P_141 0.000 -195.996 8.000
K_142 -14.420 -818.649 8.000
H_143 -9.265 -583.484 7.000
I_144 0.000 777.529 7.000
Y_145 -6.160 -274.939 4.000
F_146 0.000 560.542 6.000
I_147 0.000 777.529 6.000
N_148 -7.878 -507.047 4.000
C_149 0.000 322.480 8.000
G_150 0.000 -27.649 11.000
D_151 -23.258 -475.402 12.000
S_152 -17.811 -90.060 12.000
R_153 -28.412 -1015.709 12.000
A_154 0.000 185.740 8.000
V_155 0.000 613.196 7.000
L_156 0.000 679.918 7.000
Y_157 -11.652 -274.939 11.000
R_158 -27.076 -1015.709 11.000
N_159 -25.772 -507.047 15.000
G_160 0.000 -27.649 13.000
Q_161 -18.409 -643.904 8.000
V_162 0.000 613.196 4.000
C_163 0.000 322.480 7.000
F_164 0.000 560.542 6.000
S_165 -16.309 -90.060 10.000
T_166 -19.059 -90.974 14.000
Q_167 -26.485 -643.904 16.000
D_168 -26.485 -475.402 16.000
H_169 -12.518 -583.484 13.000
K_170 -15.425 -818.649 9.000
P_171 0.000 -195.996 9.000
C_172 0.000 322.480 7.000
N_173 -19.866 -507.047 9.000
P_174 0.000 -195.996 13.000
R_175 -32.645 -1015.709 16.000
E_176 -26.485 -605.239 16.000
K_177 -22.271 -818.649 21.000
E_178 -26.485 -605.239 16.000
R_179 -32.645 -1015.709 16.000
I_180 0.000 777.529 17.000
Q_181 -24.169 -643.904 13.000
N_182 -18.409 -507.047 8.000
A_183 0.000 185.740 8.000
G_184 0.000 -27.649 7.000
G_185 0.000 -27.649 3.000
S_186 -4.441 -90.060 3.000
V_187 0.000 613.196 3.000
M_188 0.000 401.769 7.000
I_189 0.000 777.529 9.000
Q_190 -19.866 -643.904 9.000
R_191 -29.616 -1015.709 13.000
V_192 0.000 613.196 13.000
N_193 -23.258 -507.047 12.000
G_194 0.000 -27.649 7.000
S_195 -13.255 -90.060 7.000
L_196 0.000 679.918 3.000
A_197 0.000 185.740 6.000
V_198 0.000 613.196 8.000
S_199 -14.420 -90.060 8.000
R_200 -21.845 -1015.709 8.000
A_201 0.000 185.740 8.000
L_202 0.000 679.918 9.000
G_203 0.000 -27.649 6.000
D_204 -21.132 -475.402 10.000
Y_205 -12.104 -274.939 12.000
D_206 -25.772 -475.402 15.000
Y_207 -11.652 -274.939 11.000
K_208 -15.425 -818.649 9.000
C_209 0.000 322.480 9.000
V_210 0.000 613.196 7.000
D_211 -16.691 -475.402 7.000
G_212 0.000 -27.649 7.000
K_213 -13.255 -818.649 7.000
G_214 0.000 -27.649 6.000
P_215 0.000 -195.996 10.000
T_216 -17.098 -90.974 11.000
E_217 -22.253 -605.239 11.000
Q_218 -22.253 -643.904 11.000
L_219 0.000 679.918 11.000
V_220 0.000 613.196 7.000
S_221 -13.255 -90.060 7.000
P_222 0.000 -195.996 7.000
E_223 -22.253 -605.239 11.000
P_224 0.000 -195.996 8.000
E_225 -21.132 -605.239 10.000
V_226 0.000 613.196 10.000
Y_227 -11.154 -274.939 10.000
E_228 -14.591 -605.239 6.000
I_229 0.000 777.529 11.000
L_230 0.000 679.918 9.000
R_231 -23.856 -1015.709 9.000
A_232 0.000 185.740 13.000
E_233 -27.150 -605.239 17.000
E_234 -26.485 -605.239 16.000
D_235 -26.485 -475.402 16.000
E_236 -23.258 -605.239 12.000
F_237 0.000 560.542 8.000
I_238 0.000 777.529 4.000
I_239 0.000 777.529 0.000
L_240 0.000 679.918 0.000
A_241 0.000 185.740 4.000
C_242 0.000 322.480 4.000
D_243 -7.878 -475.402 4.000
G_244 0.000 -27.649 5.000
I_245 0.000 777.529 9.000
W_246 -3.990 -203.500 5.000
D_247 -11.867 -475.402 5.000
V_248 0.000 613.196 8.000
M_249 0.000 401.769 11.000
S_250 -17.098 -90.060 11.000
N_251 -25.772 -507.047 15.000
E_252 -25.772 -605.239 15.000
E_253 -23.258 -605.239 12.000
L_254 0.000 679.918 12.000
C_255 0.000 322.480 10.000
E_256 -14.591 -605.239 6.000
Y_257 -10.601 -274.939 9.000
V_258 0.000 613.196 12.000
K_259 -18.462 -818.649 13.000
S_260 -17.098 -90.060 11.000
R_261 -31.716 -1015.709 15.000
L_262 0.000 679.918 12.000
E_263 -23.258 -605.239 12.000
V_264 0.000 613.196 11.000
S_265 -19.613 -90.060 15.000
D_266 -22.253 -475.402 11.000
D_267 -25.772 -475.402 15.000
L_268 0.000 679.918 16.000
E_269 -23.258 -605.239 12.000
N_270 -18.409 -507.047 8.000
V_271 0.000 613.196 12.000
C_272 0.000 322.480 9.000
N_273 -11.867 -507.047 5.000
W_274 -3.990 -203.500 5.000
V_275 0.000 613.196 9.000
V_276 0.000 613.196 8.000
D_277 -16.691 -475.402 7.000
T_278 -13.255 -90.974 7.000
C_279 0.000 322.480 9.000
L_280 0.000 679.918 8.000
H_281 -7.426 -583.484 5.000
K_282 -14.420 -818.649 8.000
G_283 0.000 -27.649 13.000
S_284 -19.613 -90.060 15.000
R_285 -32.645 -1015.709 16.000
D_286 -26.485 -475.402 16.000
N_287 -26.485 -507.047 16.000
M_288 0.000 401.769 11.000
S_289 -13.255 -90.060 7.000
I_290 0.000 777.529 3.000
V_291 0.000 613.196 3.000
L_292 0.000 679.918 0.000
V_293 0.000 613.196 0.000
C_294 0.000 322.480 3.000
F_295 0.000 560.542 7.000
S_296 -13.255 -90.060 7.000
N_297 -16.691 -507.047 7.000
A_298 0.000 185.740 10.000
P_299 0.000 -195.996 7.000
K_300 -11.867 -818.649 6.000
V_301 0.000 613.196 10.000
S_302 -19.059 -90.060 14.000
D_303 -22.253 -475.402 11.000
E_304 -22.253 -605.239 11.000
A_305 0.000 185.740 11.000
V_306 0.000 613.196 10.000
K_307 -16.309 -818.649 10.000
K_308 -18.462 -818.649 13.000
D_309 -27.150 -475.402 17.000
S_310 -19.059 -90.060 14.000
E_311 -25.772 -605.239 15.000
L_312 0.000 679.918 14.000
D_313 -24.169 -475.402 13.000
K_314 -15.425 -818.649 9.000
H_315 -12.518 -583.484 13.000
L_316 0.000 679.918 12.000
E_317 -25.003 -605.239 14.000
S_318 -17.811 -90.060 12.000
R_319 -32.645 -1015.709 16.000
V_320 0.000 613.196 16.000
E_321 -24.169 -605.239 13.000
E_322 -18.409 -605.239 8.000
I_323 0.000 777.529 12.000
M_324 0.000 401.769 11.000
E_325 -21.132 -605.239 10.000
K_326 -16.309 -818.649 10.000
S_327 -19.059 -90.060 14.000
G_328 0.000 -27.649 14.000
E_329 -22.253 -605.239 11.000
E_330 -18.409 -605.239 8.000
G_331 0.000 -27.649 8.000
M_332 0.000 401.769 8.000
P_333 0.000 -195.996 4.000
D_334 -7.878 -475.402 4.000
L_335 0.000 679.918 6.000
A_336 0.000 185.740 6.000
H_337 -1.718 -583.484 2.000
V_338 0.000 613.196 7.000
M_339 0.000 401.769 7.000
R_340 -11.867 -1015.709 5.000
I_341 0.000 777.529 8.000
L_342 0.000 679.918 8.000
S_343 -13.255 -90.060 7.000
A_344 0.000 185.740 11.000
E_345 -22.253 -605.239 11.000
N_346 -18.409 -507.047 8.000
I_347 0.000 777.529 12.000
P_348 0.000 -195.996 8.000
N_349 -7.878 -507.047 4.000
L_350 0.000 679.918 4.000
P_351 0.000 -195.996 4.000
P_352 0.000 -195.996 0.000
G_353 0.000 -27.649 0.000
G_354 0.000 -27.649 0.000
G_355 0.000 -27.649 0.000
L_356 0.000 679.918 0.000
A_357 0.000 185.740 3.000
G_358 0.000 -27.649 8.000
K_359 -17.811 -818.649 12.000
R_360 -28.412 -1015.709 12.000
N_361 -23.258 -507.047 12.000
V_362 0.000 613.196 13.000
I_363 0.000 777.529 8.000
E_364 -7.878 -605.239 4.000
A_365 0.000 185.740 6.000
V_366 0.000 613.196 9.000
Y_367 -11.154 -274.939 10.000
S_368 -16.309 -90.060 10.000
R_369 -30.711 -1015.709 14.000
L_370 0.000 679.918 12.000
N_371 -22.253 -507.047 11.000
P_372 0.000 -195.996 11.000
H_373 -13.255 -583.484 15.000
R_374 -30.711 -1015.709 14.000
E_375 -27.773 -605.239 18.000
S_376 -20.127 -90.060 16.000
D_377 -22.253 -475.402 11.000
G_378 0.000 -27.649 10.000
A_379 0.000 185.740 11.000
S_380 -17.098 -90.060 11.000
D_381 -22.253 -475.402 11.000
E_382 -25.772 -605.239 15.000
A_383 0.000 185.740 16.000
E_384 -25.772 -605.239 15.000
E_385 -22.253 -605.239 11.000
S_386 -19.059 -90.060 14.000
G_387 0.000 -27.649 14.000
S_388 -16.309 -90.060 10.000
Q_389 -21.132 -643.904 10.000
G_390 0.000 -27.649 10.000
K_391 -13.255 -818.649 7.000
L_392 0.000 679.918 7.000
V_393 0.000 613.196 7.000
E_394 -7.878 -605.239 4.000
A_395 0.000 185.740 9.000
L_396 0.000 679.918 13.000
R_397 -23.856 -1015.709 9.000
Q_398 -25.003 -643.904 14.000
M_399 0.000 401.769 14.000
R_400 -29.616 -1015.709 13.000
I_401 0.000 777.529 11.000
N_402 -26.485 -507.047 16.000
H_403 -11.652 -583.484 11.000
R_404 -31.716 -1015.709 15.000
G_405 0.000 -27.649 13.000
N_406 -26.485 -507.047 16.000
Y_407 -13.255 -274.939 15.000
R_408 -31.716 -1015.709 15.000
Q_409 -22.253 -643.904 11.000
L_410 0.000 679.918 13.000
L_411 0.000 679.918 12.000
E_412 -18.409 -605.239 8.000
E_413 -18.409 -605.239 8.000
M_414 0.000 401.769 11.000
L_415 0.000 679.918 10.000
T_416 -14.420 -90.974 8.000
S_417 -18.462 -90.060 13.000
Y_418 -12.518 -274.939 13.000
R_419 -25.574 -1015.709 10.000
L_420 0.000 679.918 10.000
A_421 0.000 185.740 8.000
K_422 -13.255 -818.649 7.000
V_423 0.000 613.196 7.000
E_424 -22.253 -605.239 11.000
G_425 0.000 -27.649 12.000
E_426 -25.772 -605.239 15.000
E_427 -22.253 -605.239 11.000
S_428 -17.098 -90.060 11.000
P_429 0.000 -195.996 11.000
A_430 0.000 185.740 7.000
E_431 -7.878 -605.239 4.000
P_432 0.000 -195.996 4.000
A_433 0.000 185.740 7.000
A_434 0.000 185.740 3.000
T_435 -11.867 -90.974 6.000
A_436 0.000 185.740 9.000
T_437 -17.811 -90.974 12.000
S_438 -18.462 -90.060 13.000
S_439 -20.127 -90.060 16.000
N_440 -27.150 -507.047 17.000
S_441 -19.059 -90.060 14.000
D_442 -22.253 -475.402 11.000
A_443 0.000 185.740 11.000
G_444 0.000 -27.649 8.000
N_445 -7.878 -507.047 4.000
P_446 0.000 -195.996 7.000
V_447 0.000 613.196 7.000
T_448 -13.255 -90.974 7.000
M_449 0.000 401.769 11.000
Q_450 -25.003 -643.904 14.000
E_451 -24.169 -605.239 13.000
S_452 -20.127 -90.060 16.000
H_453 -13.586 -583.484 16.000
T_454 -19.613 -90.974 15.000
E_455 -26.485 -605.239 16.000
S_456 -20.609 -90.060 17.000
E_457 -25.003 -605.239 14.000
S_458 -16.309 -90.060 10.000
G_459 0.000 -27.649 7.000
L_460 0.000 679.918 7.000
A_461 0.000 185.740 4.000
E_462 -18.409 -605.239 8.000
L_463 0.000 679.918 11.000
D_464 -25.003 -475.402 14.000
S_465 -19.059 -90.060 14.000
S_466 -21.060 -90.060 18.000
N_467 -27.773 -507.047 18.000
E_468 -25.772 -605.239 15.000
D_469 -23.258 -475.402 12.000
A_470 0.000 185.740 11.000
G_471 0.000 -27.649 10.000
T_472 -11.867 -90.974 6.000
K_473 -15.425 -818.649 9.000
M_474 0.000 401.769 9.000
S_475 -16.309 -90.060 10.000
G_476 0.000 -27.649 10.000
E_477 -21.132 -605.239 10.000
K_478 -13.255 -818.649 7.000
I_479 0.000 777.529 7.000
