M_1 0.000 401.769 4.000
E_2 -7.878 -605.239 4.000
P_3 0.000 -195.996 8.000
A_4 0.000 185.740 12.000
E_5 -18.409 -605.239 8.000
Q_6 -22.253 -643.904 11.000
P_7 0.000 -195.996 15.000
S_8 -17.098 -90.060 11.000
E_9 -16.691 -605.239 7.000
L_10 0.000 679.918 10.000
V_11 0.000 613.196 7.000
S_12 -13.255 -90.060 7.000
A_13 0.000 185.740 7.000
E_14 -23.258 -605.239 12.000
G_15 0.000 -27.649 13.000
R_16 -34.315 -1015.709 18.000
N_17 -27.150 -507.047 17.000
R_18 -33.508 -1015.709 17.000
K_19 -17.811 -818.649 12.000
A_20 0.000 185.740 8.000
V_21 0.000 613.196 3.000
L_22 0.000 679.918 4.000
C_23 0.000 322.480 9.000
Q_24 -19.866 -643.904 9.000
R_25 -23.856 -1015.709 9.000
C_26 0.000 322.480 12.000
G_27 0.000 -27.649 13.000
S_28 -14.420 -90.060 8.000
R_29 -21.845 -1015.709 8.000
V_30 0.000 613.196 12.000
L_31 0.000 679.918 9.000
Q_32 -7.878 -643.904 4.000
P_33 0.000 -195.996 7.000
G_34 0.000 -27.649 7.000
T_35 -4.441 -90.974 3.000
A_36 0.000 185.740 3.000
L_37 0.000 679.918 6.000
F_38 0.000 560.542 8.000
S_39 -18.462 -90.060 13.000
R_40 -33.508 -1015.709 17.000
R_41 -33.508 -1015.709 17.000
Q_42 -25.003 -643.904 14.000
L_43 0.000 679.918 9.000
F_44 0.000 560.542 4.000
L_45 0.000 679.918 3.000
P_46 0.000 -195.996 3.000
S_47 -14.420 -90.060 8.000
M_48 0.000 401.769 11.000
R_49 -30.711 -1015.709 14.000
K_50 -17.098 -818.649 11.000
K_51 -17.098 -818.649 11.000
P_52 0.000 -195.996 6.000
A_53 0.000 185.740 6.000
L_54 0.000 679.918 7.000
S_55 -13.255 -90.060 7.000
D_56 -21.132 -475.402 10.000
G_57 0.000 -27.649 14.000
S_58 -17.098 -90.060 11.000
N_59 -22.253 -507.047 11.000
P_60 0.000 -195.996 11.000
D_61 -23.258 -475.402 12.000
G_62 0.000 -27.649 8.000
D_63 -18.409 -475.402 8.000
L_64 0.000 679.918 8.000
L_65 0.000 679.918 12.000
Q_66 -21.132 -643.904 10.000
E_67 -22.253 -605.239 11.000
H_68 -11.652 -583.484 11.000
W_69 -4.824 -203.500 7.000
L_70 0.000 679.918 7.000
V_71 0.000 613.196 9.000
E_72 -18.409 -605.239 8.000
D_73 -18.409 -475.402 8.000
M_74 0.000 401.769 8.000
F_75 0.000 560.542 4.000
I_76 0.000 777.529 4.000
F_77 0.000 560.542 8.000
E_78 -18.409 -605.239 8.000
N_79 -18.409 -507.047 8.000
V_80 0.000 613.196 8.000
G_81 0.000 -27.649 7.000
F_82 0.000 560.542 6.000
T_83 -16.309 -90.974 10.000
K_84 -16.309 -818.649 10.000
D_85 -21.132 -475.402 10.000
V_86 0.000 613.196 11.000
G_87 0.000 -27.649 8.000
N_88 -16.691 -507.047 7.000
I_89 0.000 777.529 7.000
K_90 -13.255 -818.649 7.000
F_91 0.000 560.542 3.000
L_92 0.000 679.918 3.000
V_93 0.000 613.196 0.000
C_94 0.000 322.480 4.000
A_95 0.000 185.740 4.000
D_96 -18.409 -475.402 8.000
C_97 0.000 322.480 8.000
E_98 -18.409 -605.239 8.000
I_99 0.000 777.529 4.000
G_100 0.000 -27.649 4.000
P_101 0.000 -195.996 0.000
I_102 0.000 777.529 1.000
G_103 0.000 -27.649 3.000
W_104 -2.723 -203.500 3.000
H_105 -4.441 -583.484 3.000
C_106 0.000 322.480 7.000
L_107 0.000 679.918 10.000
D_108 -22.253 -475.402 11.000
D_109 -25.772 -475.402 15.000
K_110 -21.060 -818.649 18.000
N_111 -25.003 -507.047 14.000
S_112 -17.811 -90.060 12.000
F_113 0.000 560.542 9.000
Y_114 -7.426 -274.939 5.000
V_115 0.000 613.196 2.000
A_116 0.000 185.740 6.000
L_117 0.000 679.918 9.000
E_118 -19.866 -605.239 9.000
R_119 -28.412 -1015.709 12.000
V_120 0.000 613.196 14.000
S_121 -19.059 -90.060 14.000
H_122 -10.601 -583.484 9.000
E_123 -19.866 -605.239 9.000
