M_1 0.000 401.769 0.000
L_2 0.000 679.918 4.000
L_3 0.000 679.918 4.000
D_4 -7.878 -475.402 4.000
A_5 0.000 185.740 4.000
G_6 0.000 -27.649 8.000
P_7 0.000 -195.996 4.000
Q_8 -7.878 -643.904 4.000
F_9 0.000 560.542 4.000
P_10 0.000 -195.996 4.000
A_11 0.000 185.740 0.000
I_12 0.000 777.529 0.000
G_13 0.000 -27.649 0.000
V_14 0.000 613.196 3.000
G_15 0.000 -27.649 3.000
S_16 -4.441 -90.060 3.000
F_17 0.000 560.542 8.000
A_18 0.000 185.740 10.000
R_19 -23.856 -1015.709 9.000
H_20 -11.652 -583.484 11.000
H_21 -12.518 -583.484 13.000
H_22 -11.652 -583.484 11.000
H_23 -10.601 -583.484 9.000
S_24 -13.255 -90.060 7.000
A_25 0.000 185.740 5.000
A_26 0.000 185.740 3.000
A_27 0.000 185.740 0.000
A_28 0.000 185.740 0.000
A_29 0.000 185.740 0.000
A_30 0.000 185.740 0.000
A_31 0.000 185.740 0.000
A_32 0.000 185.740 4.000
A_33 0.000 185.740 4.000
E_34 -18.409 -605.239 8.000
M_35 0.000 401.769 12.000
Q_36 -27.150 -643.904 17.000
D_37 -27.150 -475.402 17.000
R_38 -33.508 -1015.709 17.000
E_39 -26.485 -605.239 16.000
L_40 0.000 679.918 12.000
S_41 -13.255 -90.060 7.000
L_42 0.000 679.918 3.000
A_43 0.000 185.740 3.000
A_44 0.000 185.740 4.000
A_45 0.000 185.740 8.000
Q_46 -18.409 -643.904 8.000
N_47 -18.409 -507.047 8.000
G_48 0.000 -27.649 8.000
F_49 0.000 560.542 8.000
V_50 0.000 613.196 7.000
D_51 -16.691 -475.402 7.000
S_52 -13.255 -90.060 7.000
A_53 0.000 185.740 7.000
A_54 0.000 185.740 5.000
A_55 0.000 185.740 2.000
H_56 -1.718 -583.484 2.000
M_57 0.000 401.769 2.000
G_58 0.000 -27.649 2.000
A_59 0.000 185.740 3.000
F_60 0.000 560.542 3.000
K_61 -13.255 -818.649 7.000
L_62 0.000 679.918 7.000
N_63 -16.691 -507.047 7.000
P_64 0.000 -195.996 4.000
G_65 0.000 -27.649 6.000
A_66 0.000 185.740 6.000
H_67 -8.431 -583.484 6.000
E_68 -19.866 -605.239 9.000
L_69 0.000 679.918 9.000
S_70 -13.255 -90.060 7.000
P_71 0.000 -195.996 7.000
G_72 0.000 -27.649 10.000
Q_73 -21.132 -643.904 10.000
S_74 -16.309 -90.060 10.000
S_75 -16.309 -90.060 10.000
A_76 0.000 185.740 9.000
F_77 0.000 560.542 9.000
T_78 -16.309 -90.974 10.000
S_79 -16.309 -90.060 10.000
Q_80 -21.132 -643.904 10.000
G_81 0.000 -27.649 7.000
P_82 0.000 -195.996 4.000
G_83 0.000 -27.649 2.000
A_84 0.000 185.740 2.000
Y_85 -1.718 -274.939 2.000
P_86 0.000 -195.996 5.000
G_87 0.000 -27.649 5.000
S_88 -4.441 -90.060 3.000
A_89 0.000 185.740 3.000
A_90 0.000 185.740 3.000
A_91 0.000 185.740 0.000
A_92 0.000 185.740 0.000
A_93 0.000 185.740 0.000
A_94 0.000 185.740 0.000
A_95 0.000 185.740 0.000
A_96 0.000 185.740 0.000
A_97 0.000 185.740 0.000
L_98 0.000 679.918 0.000
G_99 0.000 -27.649 2.000
P_100 0.000 -195.996 2.000
H_101 -1.718 -583.484 2.000
A_102 0.000 185.740 4.000
A_103 0.000 185.740 4.000
H_104 -1.718 -583.484 2.000
V_105 0.000 613.196 5.000
G_106 0.000 -27.649 7.000
S_107 -14.420 -90.060 8.000
Y_108 -9.978 -274.939 8.000
S_109 -14.420 -90.060 8.000
G_110 0.000 -27.649 5.000
P_111 0.000 -195.996 3.000
P_112 0.000 -195.996 4.000
F_113 0.000 560.542 7.000
N_114 -21.132 -507.047 10.000
S_115 -19.613 -90.060 15.000
T_116 -21.486 -90.974 19.000
R_117 -31.716 -1015.709 15.000
D_118 -23.258 -475.402 12.000
F_119 0.000 560.542 9.000
L_120 0.000 679.918 9.000
F_121 0.000 560.542 8.000
R_122 -29.616 -1015.709 13.000
S_123 -18.462 -90.060 13.000
R_124 -29.616 -1015.709 13.000
G_125 0.000 -27.649 8.000
F_126 0.000 560.542 9.000
G_127 0.000 -27.649 7.000
D_128 -16.691 -475.402 7.000
S_129 -13.255 -90.060 7.000
A_130 0.000 185.740 7.000
P_131 0.000 -195.996 3.000
G_132 0.000 -27.649 0.000
G_133 0.000 -27.649 4.000
G_134 0.000 -27.649 6.000
Q_135 -14.591 -643.904 6.000
H_136 -8.431 -583.484 6.000
G_137 0.000 -27.649 6.000
L_138 0.000 679.918 2.000
F_139 0.000 560.542 0.000
G_140 0.000 -27.649 0.000
P_141 0.000 -195.996 0.000
G_142 0.000 -27.649 0.000
A_143 0.000 185.740 0.000
G_144 0.000 -27.649 0.000
G_145 0.000 -27.649 2.000
L_146 0.000 679.918 4.000
H_147 -6.160 -583.484 4.000
H_148 -8.431 -583.484 6.000
A_149 0.000 185.740 9.000
H_150 -11.652 -583.484 11.000
S_151 -15.425 -90.060 9.000
D_152 -24.169 -475.402 13.000
A_153 0.000 185.740 11.000
Q_154 -21.132 -643.904 10.000
G_155 0.000 -27.649 6.000
H_156 -8.431 -583.484 6.000
L_157 0.000 679.918 2.000
L_158 0.000 679.918 2.000
F_159 0.000 560.542 0.000
P_160 0.000 -195.996 0.000
G_161 0.000 -27.649 0.000
L_162 0.000 679.918 4.000
P_163 0.000 -195.996 8.000
E_164 -21.132 -605.239 10.000
Q_165 -21.132 -643.904 10.000
H_166 -11.154 -583.484 10.000
G_167 0.000 -27.649 8.000
P_168 0.000 -195.996 4.000
H_169 -7.426 -583.484 5.000
G_170 0.000 -27.649 9.000
S_171 -18.462 -90.060 13.000
Q_172 -22.253 -643.904 11.000
N_173 -22.253 -507.047 11.000
V_174 0.000 613.196 12.000
L_175 0.000 679.918 8.000
N_176 -18.409 -507.047 8.000
G_177 0.000 -27.649 8.000
Q_178 -24.169 -643.904 13.000
M_179 0.000 401.769 9.000
R_180 -23.856 -1015.709 9.000
L_181 0.000 679.918 5.000
G_182 0.000 -27.649 5.000
L_183 0.000 679.918 0.000
P_184 0.000 -195.996 4.000
G_185 0.000 -27.649 4.000
E_186 -7.878 -605.239 4.000
V_187 0.000 613.196 4.000
F_188 0.000 560.542 9.000
G_189 0.000 -27.649 8.000
R_190 -28.412 -1015.709 12.000
S_191 -20.127 -90.060 16.000
E_192 -27.773 -605.239 18.000
Q_193 -27.773 -643.904 18.000
Y_194 -14.463 -274.939 19.000
R_195 -31.716 -1015.709 15.000
Q_196 -22.253 -643.904 11.000
V_197 0.000 613.196 12.000
A_198 0.000 185.740 7.000
S_199 -14.420 -90.060 8.000
P_200 0.000 -195.996 11.000
R_201 -31.716 -1015.709 15.000
T_202 -17.811 -90.974 12.000
D_203 -25.003 -475.402 14.000
P_204 0.000 -195.996 12.000
Y_205 -10.601 -274.939 9.000
S_206 -10.149 -90.060 5.000
A_207 0.000 185.740 9.000
A_208 0.000 185.740 7.000
Q_209 -14.591 -643.904 6.000
L_210 0.000 679.918 10.000
H_211 -12.900 -583.484 14.000
N_212 -23.258 -507.047 12.000
Q_213 -23.258 -643.904 12.000
Y_214 -11.154 -274.939 10.000
G_215 0.000 -27.649 6.000
P_216 0.000 -195.996 6.000
M_217 0.000 401.769 4.000
N_218 -18.409 -507.047 8.000
M_219 0.000 401.769 8.000
N_220 -18.409 -507.047 8.000
M_221 0.000 401.769 4.000
G_222 0.000 -27.649 8.000
M_223 0.000 401.769 4.000
N_224 -7.878 -507.047 4.000
M_225 0.000 401.769 4.000
A_226 0.000 185.740 4.000
A_227 0.000 185.740 0.000
A_228 0.000 185.740 0.000
A_229 0.000 185.740 2.000
A_230 0.000 185.740 4.000
H_231 -8.431 -583.484 6.000
H_232 -9.978 -583.484 8.000
H_233 -11.154 -583.484 10.000
H_234 -11.154 -583.484 10.000
H_235 -11.154 -583.484 10.000
H_236 -11.154 -583.484 10.000
H_237 -11.154 -583.484 10.000
H_238 -9.978 -583.484 8.000
H_239 -8.431 -583.484 6.000
P_240 0.000 -195.996 4.000
G_241 0.000 -27.649 2.000
A_242 0.000 185.740 0.000
F_243 0.000 560.542 5.000
F_244 0.000 560.542 7.000
R_245 -19.414 -1015.709 7.000
Y_246 -12.104 -274.939 12.000
M_247 0.000 401.769 16.000
R_248 -31.716 -1015.709 15.000
Q_249 -24.169 -643.904 13.000
Q_250 -24.169 -643.904 13.000
C_251 0.000 322.480 11.000
I_252 0.000 777.529 11.000
K_253 -17.098 -818.649 11.000
Q_254 -22.253 -643.904 11.000
E_255 -22.253 -605.239 11.000
L_256 0.000 679.918 8.000
I_257 0.000 777.529 7.000
C_258 0.000 322.480 4.000
K_259 -7.878 -818.649 4.000
W_260 -5.155 -203.500 8.000
I_261 0.000 777.529 8.000
D_262 -19.866 -475.402 9.000
P_263 0.000 -195.996 12.000
E_264 -23.258 -605.239 12.000
Q_265 -22.253 -643.904 11.000
L_266 0.000 679.918 15.000
S_267 -17.098 -90.060 11.000
N_268 -21.132 -507.047 10.000
P_269 0.000 -195.996 13.000
K_270 -18.462 -818.649 13.000
K_271 -15.425 -818.649 9.000
S_272 -18.462 -90.060 13.000
C_273 0.000 322.480 13.000
N_274 -24.169 -507.047 13.000
K_275 -16.309 -818.649 10.000
T_276 -18.462 -90.974 13.000
F_277 0.000 560.542 12.000
S_278 -15.425 -90.060 9.000
T_279 -14.420 -90.974 8.000
M_280 0.000 401.769 12.000
H_281 -10.601 -583.484 9.000
E_282 -14.591 -605.239 6.000
L_283 0.000 679.918 9.000
V_284 0.000 613.196 9.000
T_285 -10.149 -90.974 5.000
H_286 -9.978 -583.484 8.000
V_287 0.000 613.196 8.000
S_288 -15.425 -90.060 9.000
V_289 0.000 613.196 9.000
E_290 -19.866 -605.239 9.000
H_291 -8.431 -583.484 6.000
V_292 0.000 613.196 6.000
G_293 0.000 -27.649 2.000
G_294 0.000 -27.649 4.000
P_295 0.000 -195.996 8.000
E_296 -22.253 -605.239 11.000
Q_297 -25.772 -643.904 15.000
S_298 -20.609 -90.060 17.000
N_299 -24.169 -507.047 13.000
H_300 -10.601 -583.484 9.000
V_301 0.000 613.196 6.000
C_302 0.000 322.480 3.000
F_303 0.000 560.542 5.000
W_304 -5.447 -203.500 9.000
E_305 -19.866 -605.239 9.000
E_306 -19.866 -605.239 9.000
C_307 0.000 322.480 13.000
P_308 0.000 -195.996 13.000
R_309 -23.856 -1015.709 9.000
E_310 -23.258 -605.239 12.000
G_311 0.000 -27.649 12.000
K_312 -13.255 -818.649 7.000
P_313 0.000 -195.996 6.000
F_314 0.000 560.542 6.000
K_315 -11.867 -818.649 6.000
A_316 0.000 185.740 8.000
K_317 -17.098 -818.649 11.000
Y_318 -9.978 -274.939 8.000
K_319 -14.420 -818.649 8.000
L_320 0.000 679.918 9.000
V_321 0.000 613.196 9.000
N_322 -14.591 -507.047 6.000
H_323 -11.652 -583.484 11.000
I_324 0.000 777.529 11.000
R_325 -23.856 -1015.709 9.000
V_326 0.000 613.196 10.000
H_327 -11.154 -583.484 10.000
T_328 -15.425 -90.974 9.000
G_329 0.000 -27.649 12.000
E_330 -21.132 -605.239 10.000
K_331 -13.255 -818.649 7.000
P_332 0.000 -195.996 7.000
F_333 0.000 560.542 3.000
P_334 0.000 -195.996 0.000
C_335 0.000 322.480 0.000
P_336 0.000 -195.996 0.000
F_337 0.000 560.542 0.000
P_338 0.000 -195.996 0.000
G_339 0.000 -27.649 0.000
C_340 0.000 322.480 3.000
G_341 0.000 -27.649 3.000
K_342 -4.441 -818.649 3.000
V_343 0.000 613.196 3.000
F_344 0.000 560.542 8.000
A_345 0.000 185.740 8.000
R_346 -28.412 -1015.709 12.000
S_347 -20.127 -90.060 16.000
E_348 -26.485 -605.239 16.000
N_349 -25.003 -507.047 14.000
L_350 0.000 679.918 11.000
K_351 -15.425 -818.649 9.000
I_352 0.000 777.529 8.000
H_353 -12.518 -583.484 13.000
K_354 -18.462 -818.649 13.000
R_355 -31.716 -1015.709 15.000
T_356 -20.127 -90.974 16.000
H_357 -12.518 -583.484 13.000
T_358 -17.811 -90.974 12.000
G_359 0.000 -27.649 12.000
E_360 -21.132 -605.239 10.000
K_361 -13.255 -818.649 7.000
P_362 0.000 -195.996 11.000
F_363 0.000 560.542 7.000
Q_364 -18.409 -643.904 8.000
C_365 0.000 322.480 8.000
E_366 -23.258 -605.239 12.000
F_367 0.000 560.542 8.000
E_368 -18.409 -605.239 8.000
G_369 0.000 -27.649 8.000
C_370 0.000 322.480 13.000
D_371 -25.003 -475.402 14.000
R_372 -30.711 -1015.709 14.000
R_373 -30.711 -1015.709 14.000
F_374 0.000 560.542 14.000
A_375 0.000 185.740 12.000
N_376 -21.132 -507.047 10.000
S_377 -19.059 -90.060 14.000
S_378 -21.486 -90.060 19.000
D_379 -27.773 -475.402 18.000
R_380 -34.315 -1015.709 18.000
K_381 -20.609 -818.649 17.000
K_382 -18.462 -818.649 13.000
H_383 -11.154 -583.484 10.000
M_384 0.000 401.769 7.000
H_385 -8.431 -583.484 6.000
V_386 0.000 613.196 7.000
H_387 -11.154 -583.484 10.000
T_388 -17.811 -90.974 12.000
S_389 -19.613 -90.060 15.000
D_390 -24.169 -475.402 13.000
K_391 -17.811 -818.649 12.000
P_392 0.000 -195.996 9.000
Y_393 -7.426 -274.939 5.000
L_394 0.000 679.918 5.000
C_395 0.000 322.480 5.000
K_396 -4.441 -818.649 3.000
M_397 0.000 401.769 7.000
C_398 0.000 322.480 10.000
D_399 -21.132 -475.402 10.000
K_400 -17.811 -818.649 12.000
S_401 -19.613 -90.060 15.000
Y_402 -12.518 -274.939 13.000
T_403 -16.309 -90.974 10.000
H_404 -11.154 -583.484 10.000
P_405 0.000 -195.996 11.000
S_406 -14.420 -90.060 8.000
S_407 -17.098 -90.060 11.000
L_408 0.000 679.918 14.000
R_409 -29.616 -1015.709 13.000
K_410 -16.309 -818.649 10.000
H_411 -12.518 -583.484 13.000
M_412 0.000 401.769 8.000
K_413 -13.255 -818.649 7.000
V_414 0.000 613.196 9.000
H_415 -12.104 -583.484 12.000
E_416 -23.258 -605.239 12.000
S_417 -17.811 -90.060 12.000
S_418 -19.059 -90.060 14.000
P_419 0.000 -195.996 10.000
Q_420 -21.132 -643.904 10.000
G_421 0.000 -27.649 11.000
S_422 -19.059 -90.060 14.000
E_423 -24.169 -605.239 13.000
S_424 -18.462 -90.060 13.000
S_425 -16.309 -90.060 10.000
P_426 0.000 -195.996 6.000
A_427 0.000 185.740 6.000
A_428 0.000 185.740 6.000
S_429 -11.867 -90.060 6.000
S_430 -14.420 -90.060 8.000
G_431 0.000 -27.649 12.000
Y_432 -12.104 -274.939 12.000
E_433 -23.258 -605.239 12.000
S_434 -19.613 -90.060 15.000
S_435 -18.462 -90.060 13.000
T_436 -15.425 -90.974 9.000
P_437 0.000 -195.996 6.000
P_438 0.000 -195.996 3.000
G_439 0.000 -27.649 0.000
L_440 0.000 679.918 3.000
V_441 0.000 613.196 3.000
S_442 -11.867 -90.060 6.000
P_443 0.000 -195.996 6.000
S_444 -16.309 -90.060 10.000
A_445 0.000 185.740 7.000
E_446 -22.253 -605.239 11.000
P_447 0.000 -195.996 11.000
Q_448 -25.003 -643.904 14.000
S_449 -18.462 -90.060 13.000
S_450 -20.609 -90.060 17.000
S_451 -18.462 -90.060 13.000
N_452 -24.169 -507.047 13.000
L_453 0.000 679.918 10.000
S_454 -13.255 -90.060 7.000
P_455 0.000 -195.996 3.000
A_456 0.000 185.740 3.000
A_457 0.000 185.740 0.000
A_458 0.000 185.740 0.000
A_459 0.000 185.740 0.000
A_460 0.000 185.740 0.000
A_461 0.000 185.740 0.000
A_462 0.000 185.740 0.000
A_463 0.000 185.740 0.000
A_464 0.000 185.740 0.000
A_465 0.000 185.740 0.000
A_466 0.000 185.740 0.000
A_467 0.000 185.740 0.000
A_468 0.000 185.740 0.000
A_469 0.000 185.740 0.000
A_470 0.000 185.740 3.000
V_471 0.000 613.196 3.000
S_472 -4.441 -90.060 3.000
A_473 0.000 185.740 5.000
V_474 0.000 613.196 10.000
H_475 -9.265 -583.484 7.000
R_476 -19.414 -1015.709 7.000
G_477 0.000 -27.649 7.000
G_478 0.000 -27.649 8.000
G_479 0.000 -27.649 3.000
S_480 -11.867 -90.060 6.000
G_481 0.000 -27.649 6.000
S_482 -11.867 -90.060 6.000
G_483 0.000 -27.649 3.000
G_484 0.000 -27.649 3.000
A_485 0.000 185.740 0.000
G_486 0.000 -27.649 0.000
G_487 0.000 -27.649 3.000
G_488 0.000 -27.649 3.000
S_489 -4.441 -90.060 3.000
G_490 0.000 -27.649 3.000
G_491 0.000 -27.649 6.000
G_492 0.000 -27.649 3.000
S_493 -11.867 -90.060 6.000
G_494 0.000 -27.649 6.000
S_495 -11.867 -90.060 6.000
G_496 0.000 -27.649 3.000
G_497 0.000 -27.649 3.000
G_498 0.000 -27.649 0.000
G_499 0.000 -27.649 0.000
G_500 0.000 -27.649 0.000
G_501 0.000 -27.649 0.000
A_502 0.000 185.740 0.000
G_503 0.000 -27.649 0.000
G_504 0.000 -27.649 0.000
G_505 0.000 -27.649 0.000
G_506 0.000 -27.649 0.000
G_507 0.000 -27.649 3.000
G_508 0.000 -27.649 6.000
S_509 -11.867 -90.060 6.000
S_510 -11.867 -90.060 6.000
G_511 0.000 -27.649 6.000
G_512 0.000 -27.649 6.000
G_513 0.000 -27.649 3.000
S_514 -11.867 -90.060 6.000
G_515 0.000 -27.649 6.000
T_516 -11.867 -90.974 6.000
A_517 0.000 185.740 3.000
G_518 0.000 -27.649 5.000
G_519 0.000 -27.649 5.000
H_520 -7.426 -583.484 5.000
S_521 -10.149 -90.060 5.000
G_522 0.000 -27.649 8.000
L_523 0.000 679.918 9.000
S_524 -16.309 -90.060 10.000
S_525 -16.309 -90.060 10.000
N_526 -25.003 -507.047 14.000
F_527 0.000 560.542 15.000
N_528 -24.169 -507.047 13.000
E_529 -22.253 -605.239 11.000
W_530 -5.944 -203.500 11.000
Y_531 -9.265 -274.939 7.000
V_532 0.000 613.196 3.000
