M_1 0.000 401.769 7.000
Y_2 -9.265 -274.939 7.000
R_3 -19.414 -1015.709 7.000
A_4 0.000 185.740 9.000
L_5 0.000 679.918 7.000
Y_6 -1.718 -274.939 2.000
A_7 0.000 185.740 7.000
F_8 0.000 560.542 10.000
R_9 -21.845 -1015.709 8.000
S_10 -17.811 -90.060 12.000
A_11 0.000 185.740 12.000
E_12 -22.253 -605.239 11.000
P_13 0.000 -195.996 8.000
N_14 -18.409 -507.047 8.000
A_15 0.000 185.740 4.000
L_16 0.000 679.918 4.000
A_17 0.000 185.740 0.000
F_18 0.000 560.542 0.000
A_19 0.000 185.740 0.000
A_20 0.000 185.740 4.000
G_21 0.000 -27.649 7.000
E_22 -16.691 -605.239 7.000
T_23 -13.255 -90.974 7.000
F_24 0.000 560.542 7.000
L_25 0.000 679.918 3.000
V_26 0.000 613.196 4.000
L_27 0.000 679.918 9.000
E_28 -23.258 -605.239 12.000
R_29 -31.716 -1015.709 15.000
S_30 -19.613 -90.060 15.000
S_31 -18.462 -90.060 13.000
A_32 0.000 185.740 9.000
H_33 -9.265 -583.484 7.000
W_34 -3.436 -203.500 4.000
W_35 -3.436 -203.500 4.000
L_36 0.000 679.918 2.000
A_37 0.000 185.740 6.000
A_38 0.000 185.740 5.000
R_39 -25.574 -1015.709 10.000
A_40 0.000 185.740 13.000
R_41 -29.616 -1015.709 13.000
S_42 -17.811 -90.060 12.000
G_43 0.000 -27.649 15.000
E_44 -21.132 -605.239 10.000
T_45 -15.425 -90.974 9.000
G_46 0.000 -27.649 9.000
Y_47 -7.426 -274.939 5.000
V_48 0.000 613.196 2.000
P_49 0.000 -195.996 2.000
P_50 0.000 -195.996 2.000
A_51 0.000 185.740 2.000
Y_52 -9.265 -274.939 7.000
L_53 0.000 679.918 12.000
R_54 -28.412 -1015.709 12.000
R_55 -30.711 -1015.709 14.000
L_56 0.000 679.918 14.000
Q_57 -19.866 -643.904 9.000
G_58 0.000 -27.649 8.000
L_59 0.000 679.918 12.000
E_60 -23.258 -605.239 12.000
Q_61 -23.258 -643.904 12.000
D_62 -23.258 -475.402 12.000
V_63 0.000 613.196 12.000
L_64 0.000 679.918 8.000
Q_65 -7.878 -643.904 4.000
A_66 0.000 185.740 8.000
I_67 0.000 777.529 13.000
D_68 -19.866 -475.402 9.000
R_69 -23.856 -1015.709 9.000
A_70 0.000 185.740 13.000
I_71 0.000 777.529 9.000
E_72 -7.878 -605.239 4.000
A_73 0.000 185.740 6.000
V_74 0.000 613.196 10.000
H_75 -10.601 -583.484 9.000
N_76 -19.866 -507.047 9.000
T_77 -15.425 -90.974 9.000
A_78 0.000 185.740 12.000
M_79 0.000 401.769 12.000
R_80 -23.856 -1015.709 9.000
D_81 -19.866 -475.402 9.000
G_82 0.000 -27.649 12.000
G_83 0.000 -27.649 9.000
K_84 -14.420 -818.649 8.000
Y_85 -9.978 -274.939 8.000
S_86 -17.811 -90.060 12.000
L_87 0.000 679.918 13.000
E_88 -26.485 -605.239 16.000
Q_89 -24.169 -643.904 13.000
R_90 -29.616 -1015.709 13.000
G_91 0.000 -27.649 9.000
V_92 0.000 613.196 9.000
L_93 0.000 679.918 7.000
Q_94 -16.691 -643.904 7.000
K_95 -13.255 -818.649 7.000
L_96 0.000 679.918 9.000
I_97 0.000 777.529 7.000
H_98 -10.601 -583.484 9.000
H_99 -12.104 -583.484 12.000
R_100 -32.645 -1015.709 16.000
K_101 -20.609 -818.649 17.000
E_102 -25.772 -605.239 15.000
T_103 -18.462 -90.974 13.000
L_104 0.000 679.918 15.000
S_105 -20.127 -90.060 16.000
R_106 -29.616 -1015.709 13.000
R_107 -29.616 -1015.709 13.000
G_108 0.000 -27.649 13.000
P_109 0.000 -195.996 8.000
S_110 -11.867 -90.060 6.000
A_111 0.000 185.740 9.000
S_112 -15.425 -90.060 9.000
S_113 -11.867 -90.060 6.000
V_114 0.000 613.196 6.000
A_115 0.000 185.740 3.000
V_116 0.000 613.196 3.000
M_117 0.000 401.769 6.000
T_118 -15.425 -90.974 9.000
S_119 -17.811 -90.060 12.000
S_120 -19.613 -90.060 15.000
T_121 -20.127 -90.974 16.000
S_122 -19.613 -90.060 15.000
D_123 -25.003 -475.402 14.000
H_124 -11.652 -583.484 11.000
H_125 -12.104 -583.484 12.000
L_126 0.000 679.918 8.000
D_127 -14.591 -475.402 6.000
A_128 0.000 185.740 4.000
A_129 0.000 185.740 4.000
A_130 0.000 185.740 5.000
A_131 0.000 185.740 9.000
R_132 -23.856 -1015.709 9.000
Q_133 -24.169 -643.904 13.000
P_134 0.000 -195.996 13.000
N_135 -18.409 -507.047 8.000
G_136 0.000 -27.649 4.000
V_137 0.000 613.196 9.000
C_138 0.000 322.480 5.000
R_139 -11.867 -1015.709 5.000
A_140 0.000 185.740 5.000
G_141 0.000 -27.649 9.000
F_142 0.000 560.542 9.000
E_143 -24.169 -605.239 13.000
R_144 -31.716 -1015.709 15.000
Q_145 -27.773 -643.904 18.000
H_146 -12.900 -583.484 14.000
S_147 -15.425 -90.060 9.000
L_148 0.000 679.918 8.000
P_149 0.000 -195.996 9.000
S_150 -16.309 -90.060 10.000
S_151 -17.811 -90.060 12.000
E_152 -23.258 -605.239 12.000
H_153 -10.601 -583.484 9.000
L_154 0.000 679.918 6.000
G_155 0.000 -27.649 6.000
A_156 0.000 185.740 4.000
D_157 -7.878 -475.402 4.000
G_158 0.000 -27.649 4.000
G_159 0.000 -27.649 6.000
L_160 0.000 679.918 6.000
Y_161 -8.431 -274.939 6.000
Q_162 -14.591 -643.904 6.000
I_163 0.000 777.529 6.000
P_164 0.000 -195.996 4.000
L_165 0.000 679.918 3.000
P_166 0.000 -195.996 6.000
S_167 -16.309 -90.060 10.000
S_168 -16.309 -90.060 10.000
Q_169 -21.132 -643.904 10.000
I_170 0.000 777.529 7.000
P_171 0.000 -195.996 8.000
P_172 0.000 -195.996 4.000
Q_173 -19.866 -643.904 9.000
P_174 0.000 -195.996 14.000
R_175 -30.711 -1015.709 14.000
R_176 -25.574 -1015.709 10.000
A_177 0.000 185.740 10.000
A_178 0.000 185.740 8.000
P_179 0.000 -195.996 6.000
T_180 -11.867 -90.974 6.000
T_181 -11.867 -90.974 6.000
P_182 0.000 -195.996 6.000
P_183 0.000 -195.996 3.000
P_184 0.000 -195.996 0.000
P_185 0.000 -195.996 3.000
V_186 0.000 613.196 8.000
K_187 -18.462 -818.649 13.000
R_188 -33.508 -1015.709 17.000
R_189 -37.098 -1015.709 22.000
D_190 -30.407 -475.402 23.000
R_191 -34.315 -1015.709 18.000
E_192 -24.169 -605.239 13.000
A_193 0.000 185.740 9.000
L_194 0.000 679.918 4.000
M_195 0.000 401.769 3.000
A_196 0.000 185.740 3.000
S_197 -11.867 -90.060 6.000
G_198 0.000 -27.649 6.000
S_199 -11.867 -90.060 6.000
G_200 0.000 -27.649 5.000
G_201 0.000 -27.649 9.000
H_202 -10.601 -583.484 9.000
N_203 -19.866 -507.047 9.000
T_204 -15.425 -90.974 9.000
M_205 0.000 401.769 10.000
P_206 0.000 -195.996 6.000
S_207 -4.441 -90.060 3.000
G_208 0.000 -27.649 7.000
G_209 0.000 -27.649 10.000
N_210 -16.691 -507.047 7.000
S_211 -16.309 -90.060 10.000
V_212 0.000 613.196 13.000
S_213 -15.425 -90.060 9.000
S_214 -15.425 -90.060 9.000
G_215 0.000 -27.649 12.000
S_216 -15.425 -90.060 9.000
S_217 -15.425 -90.060 9.000
V_218 0.000 613.196 12.000
S_219 -17.811 -90.060 12.000
S_220 -17.811 -90.060 12.000
T_221 -17.811 -90.974 12.000
S_222 -18.462 -90.060 13.000
L_223 0.000 679.918 13.000
D_224 -21.132 -475.402 10.000
T_225 -15.425 -90.974 9.000
L_226 0.000 679.918 12.000
Y_227 -11.652 -274.939 11.000
T_228 -17.098 -90.974 11.000
S_229 -19.059 -90.060 14.000
S_230 -17.811 -90.060 12.000
S_231 -17.811 -90.060 12.000
P_232 0.000 -195.996 13.000
S_233 -16.309 -90.060 10.000
E_234 -16.691 -605.239 7.000
P_235 0.000 -195.996 10.000
G_236 0.000 -27.649 10.000
S_237 -11.867 -90.060 6.000
S_238 -15.425 -90.060 9.000
C_239 0.000 322.480 9.000
S_240 -15.425 -90.060 9.000
P_241 0.000 -195.996 6.000
T_242 -11.867 -90.974 6.000
P_243 0.000 -195.996 3.000
P_244 0.000 -195.996 3.000
P_245 0.000 -195.996 0.000
V_246 0.000 613.196 5.000
P_247 0.000 -195.996 10.000
R_248 -25.574 -1015.709 10.000
R_249 -29.616 -1015.709 13.000
G_250 0.000 -27.649 15.000
T_251 -18.462 -90.974 13.000
H_252 -11.652 -583.484 11.000
T_253 -17.098 -90.974 11.000
T_254 -17.098 -90.974 11.000
V_255 0.000 613.196 13.000
S_256 -16.309 -90.060 10.000
Q_257 -22.253 -643.904 11.000
V_258 0.000 613.196 11.000
Q_259 -18.409 -643.904 8.000
P_260 0.000 -195.996 4.000
P_261 0.000 -195.996 7.000
P_262 0.000 -195.996 6.000
S_263 -11.867 -90.060 6.000
K_264 -15.425 -818.649 9.000
A_265 0.000 185.740 9.000
S_266 -11.867 -90.060 6.000
A_267 0.000 185.740 7.000
P_268 0.000 -195.996 7.000
E_269 -7.878 -605.239 4.000
P_270 0.000 -195.996 4.000
P_271 0.000 -195.996 8.000
A_272 0.000 185.740 8.000
E_273 -23.258 -605.239 12.000
E_274 -23.258 -605.239 12.000
E_275 -23.258 -605.239 12.000
V_276 0.000 613.196 11.000
A_277 0.000 185.740 7.000
T_278 -11.867 -90.974 6.000
G_279 0.000 -27.649 9.000
T_280 -17.811 -90.974 12.000
T_281 -15.425 -90.974 9.000
S_282 -17.811 -90.060 12.000
A_283 0.000 185.740 13.000
S_284 -19.059 -90.060 14.000
D_285 -22.253 -475.402 11.000
D_286 -25.772 -475.402 15.000
L_287 0.000 679.918 12.000
E_288 -18.409 -605.239 8.000
A_289 0.000 185.740 4.000
L_290 0.000 679.918 7.000
G_291 0.000 -27.649 3.000
T_292 -11.867 -90.974 6.000
L_293 0.000 679.918 6.000
S_294 -11.867 -90.060 6.000
L_295 0.000 679.918 6.000
G_296 0.000 -27.649 9.000
T_297 -16.309 -90.974 10.000
T_298 -19.059 -90.974 14.000
E_299 -27.150 -605.239 17.000
E_300 -25.003 -605.239 14.000
K_301 -17.098 -818.649 11.000
A_302 0.000 185.740 7.000
A_303 0.000 185.740 7.000
A_304 0.000 185.740 4.000
E_305 -7.878 -605.239 4.000
A_306 0.000 185.740 4.000
A_307 0.000 185.740 4.000
V_308 0.000 613.196 5.000
P_309 0.000 -195.996 8.000
R_310 -21.845 -1015.709 8.000
T_311 -14.420 -90.974 8.000
I_312 0.000 777.529 8.000
G_313 0.000 -27.649 7.000
A_314 0.000 185.740 4.000
E_315 -7.878 -605.239 4.000
L_316 0.000 679.918 8.000
M_317 0.000 401.769 8.000
E_318 -7.878 -605.239 4.000
L_319 0.000 679.918 9.000
V_320 0.000 613.196 14.000
R_321 -30.711 -1015.709 14.000
R_322 -33.508 -1015.709 17.000
N_323 -27.150 -507.047 17.000
T_324 -17.811 -90.974 12.000
G_325 0.000 -27.649 10.000
L_326 0.000 679.918 8.000
S_327 -15.425 -90.060 9.000
H_328 -10.601 -583.484 9.000
E_329 -19.866 -605.239 9.000
L_330 0.000 679.918 11.000
C_331 0.000 322.480 9.000
R_332 -11.867 -1015.709 5.000
V_333 0.000 613.196 5.000
A_334 0.000 185.740 5.000
I_335 0.000 777.529 0.000
G_336 0.000 -27.649 0.000
I_337 0.000 777.529 0.000
I_338 0.000 777.529 0.000
V_339 0.000 613.196 2.000
G_340 0.000 -27.649 2.000
H_341 -8.431 -583.484 6.000
I_342 0.000 777.529 6.000
Q_343 -19.866 -643.904 9.000
A_344 0.000 185.740 7.000
S_345 -13.255 -90.060 7.000
V_346 0.000 613.196 3.000
P_347 0.000 -195.996 6.000
A_348 0.000 185.740 6.000
S_349 -11.867 -90.060 6.000
S_350 -11.867 -90.060 6.000
P_351 0.000 -195.996 6.000
V_352 0.000 613.196 7.000
M_353 0.000 401.769 8.000
E_354 -18.409 -605.239 8.000
Q_355 -18.409 -643.904 8.000
V_356 0.000 613.196 8.000
L_357 0.000 679.918 7.000
L_358 0.000 679.918 3.000
S_359 -4.441 -90.060 3.000
L_360 0.000 679.918 7.000
V_361 0.000 613.196 7.000
E_362 -16.691 -605.239 7.000
G_363 0.000 -27.649 11.000
K_364 -17.098 -818.649 11.000
D_365 -21.132 -475.402 10.000
L_366 0.000 679.918 10.000
S_367 -13.255 -90.060 7.000
M_368 0.000 401.769 3.000
A_369 0.000 185.740 3.000
L_370 0.000 679.918 3.000
P_371 0.000 -195.996 3.000
S_372 -13.255 -90.060 7.000
G_373 0.000 -27.649 7.000
Q_374 -16.691 -643.904 7.000
V_375 0.000 613.196 6.000
C_376 0.000 322.480 10.000
H_377 -11.154 -583.484 10.000
D_378 -25.003 -475.402 14.000
Q_379 -28.359 -643.904 19.000
Q_380 -27.150 -643.904 17.000
R_381 -33.508 -1015.709 17.000
L_382 0.000 679.918 13.000
E_383 -19.866 -605.239 9.000
V_384 0.000 613.196 4.000
I_385 0.000 777.529 4.000
F_386 0.000 560.542 4.000
A_387 0.000 185.740 4.000
D_388 -7.878 -475.402 4.000
L_389 0.000 679.918 9.000
A_390 0.000 185.740 14.000
R_391 -29.616 -1015.709 13.000
R_392 -33.508 -1015.709 17.000
K_393 -22.271 -818.649 21.000
D_394 -26.485 -475.402 16.000
D_395 -25.772 -475.402 15.000
A_396 0.000 185.740 16.000
Q_397 -27.150 -643.904 17.000
Q_398 -26.485 -643.904 16.000
R_399 -33.508 -1015.709 17.000
S_400 -18.462 -90.060 13.000
W_401 -5.447 -203.500 9.000
A_402 0.000 185.740 6.000
L_403 0.000 679.918 7.000
Y_404 -11.154 -274.939 10.000
E_405 -25.003 -605.239 14.000
D_406 -25.003 -475.402 14.000
E_407 -23.258 -605.239 12.000
G_408 0.000 -27.649 8.000
V_409 0.000 613.196 9.000
I_410 0.000 777.529 5.000
R_411 -19.414 -1015.709 7.000
C_412 0.000 322.480 7.000
Y_413 -11.652 -274.939 11.000
L_414 0.000 679.918 10.000
E_415 -21.132 -605.239 10.000
E_416 -18.409 -605.239 8.000
L_417 0.000 679.918 10.000
L_418 0.000 679.918 6.000
H_419 -1.718 -583.484 2.000
I_420 0.000 777.529 5.000
L_421 0.000 679.918 9.000
T_422 -13.255 -90.974 7.000
D_423 -22.253 -475.402 11.000
A_424 0.000 185.740 11.000
D_425 -23.258 -475.402 12.000
P_426 0.000 -195.996 8.000
E_427 -18.409 -605.239 8.000
V_428 0.000 613.196 7.000
C_429 0.000 322.480 10.000
K_430 -11.867 -818.649 6.000
K_431 -11.867 -818.649 6.000
M_432 0.000 401.769 9.000
C_433 0.000 322.480 11.000
K_434 -17.811 -818.649 12.000
R_435 -32.645 -1015.709 16.000
N_436 -26.485 -507.047 16.000
E_437 -27.150 -605.239 17.000
F_438 0.000 560.542 15.000
E_439 -22.253 -605.239 11.000
S_440 -13.255 -90.060 7.000
V_441 0.000 613.196 7.000
L_442 0.000 679.918 3.000
A_443 0.000 185.740 0.000
L_444 0.000 679.918 0.000
V_445 0.000 613.196 2.000
A_446 0.000 185.740 4.000
Y_447 -9.978 -274.939 8.000
Y_448 -9.978 -274.939 8.000
Q_449 -23.258 -643.904 12.000
M_450 0.000 401.769 12.000
E_451 -25.772 -605.239 15.000
H_452 -11.652 -583.484 11.000
R_453 -30.711 -1015.709 14.000
A_454 0.000 185.740 10.000
S_455 -18.462 -90.060 13.000
L_456 0.000 679.918 8.000
R_457 -21.845 -1015.709 8.000
L_458 0.000 679.918 5.000
L_459 0.000 679.918 5.000
L_460 0.000 679.918 3.000
L_461 0.000 679.918 3.000
K_462 -4.441 -818.649 3.000
C_463 0.000 322.480 3.000
F_464 0.000 560.542 3.000
G_465 0.000 -27.649 0.000
A_466 0.000 185.740 0.000
M_467 0.000 401.769 3.000
C_468 0.000 322.480 3.000
S_469 -13.255 -90.060 7.000
L_470 0.000 679.918 7.000
D_471 -16.691 -475.402 7.000
A_472 0.000 185.740 4.000
A_473 0.000 185.740 4.000
I_474 0.000 777.529 3.000
I_475 0.000 777.529 6.000
S_476 -11.867 -90.060 6.000
T_477 -11.867 -90.974 6.000
L_478 0.000 679.918 9.000
V_479 0.000 613.196 9.000
S_480 -11.867 -90.060 6.000
S_481 -11.867 -90.060 6.000
V_482 0.000 613.196 6.000
L_483 0.000 679.918 3.000
P_484 0.000 -195.996 4.000
V_485 0.000 613.196 4.000
E_486 -7.878 -605.239 4.000
L_487 0.000 679.918 9.000
A_488 0.000 185.740 13.000
R_489 -23.856 -1015.709 9.000
D_490 -24.169 -475.402 13.000
M_491 0.000 401.769 16.000
Q_492 -25.772 -643.904 15.000
T_493 -19.059 -90.974 14.000
D_494 -27.773 -475.402 18.000
T_495 -21.060 -90.974 18.000
Q_496 -27.150 -643.904 17.000
D_497 -27.150 -475.402 17.000
H_498 -13.896 -583.484 17.000
Q_499 -24.169 -643.904 13.000
K_500 -15.425 -818.649 9.000
L_501 0.000 679.918 9.000
C_502 0.000 322.480 8.000
Y_503 -7.426 -274.939 5.000
S_504 -10.149 -90.060 5.000
A_505 0.000 185.740 5.000
L_506 0.000 679.918 3.000
I_507 0.000 777.529 0.000
L_508 0.000 679.918 0.000
A_509 0.000 185.740 0.000
M_510 0.000 401.769 0.000
V_511 0.000 613.196 3.000
F_512 0.000 560.542 3.000
S_513 -4.441 -90.060 3.000
M_514 0.000 401.769 7.000
G_515 0.000 -27.649 7.000
E_516 -7.878 -605.239 4.000
A_517 0.000 185.740 4.000
V_518 0.000 613.196 6.000
P_519 0.000 -195.996 2.000
Y_520 -6.160 -274.939 4.000
A_521 0.000 185.740 6.000
H_522 -11.154 -583.484 10.000
Y_523 -11.154 -274.939 10.000
E_524 -21.132 -605.239 10.000
H_525 -9.978 -583.484 8.000
L_526 0.000 679.918 9.000
G_527 0.000 -27.649 5.000
T_528 -4.441 -90.974 3.000
P_529 0.000 -195.996 3.000
F_530 0.000 560.542 7.000
A_531 0.000 185.740 4.000
Q_532 -7.878 -643.904 4.000
F_533 0.000 560.542 4.000
L_534 0.000 679.918 8.000
L_535 0.000 679.918 4.000
N_536 -7.878 -507.047 4.000
I_537 0.000 777.529 8.000
V_538 0.000 613.196 12.000
E_539 -18.409 -605.239 8.000
D_540 -18.409 -475.402 8.000
G_541 0.000 -27.649 8.000
L_542 0.000 679.918 4.000
P_543 0.000 -195.996 4.000
L_544 0.000 679.918 7.000
D_545 -21.132 -475.402 10.000
T_546 -19.059 -90.974 14.000
T_547 -21.060 -90.974 18.000
E_548 -25.003 -605.239 14.000
Q_549 -22.253 -643.904 11.000
L_550 0.000 679.918 12.000
P_551 0.000 -195.996 8.000
D_552 -7.878 -475.402 4.000
L_553 0.000 679.918 4.000
C_554 0.000 322.480 8.000
V_555 0.000 613.196 4.000
N_556 -7.878 -507.047 4.000
L_557 0.000 679.918 4.000
L_558 0.000 679.918 4.000
L_559 0.000 679.918 0.000
A_560 0.000 185.740 4.000
L_561 0.000 679.918 4.000
N_562 -14.591 -507.047 6.000
L_563 0.000 679.918 6.000
H_564 -8.431 -583.484 6.000
L_565 0.000 679.918 2.000
P_566 0.000 -195.996 2.000
A_567 0.000 185.740 4.000
A_568 0.000 185.740 8.000
D_569 -23.258 -475.402 12.000
Q_570 -23.258 -643.904 12.000
N_571 -23.258 -507.047 12.000
V_572 0.000 613.196 8.000
I_573 0.000 777.529 4.000
M_574 0.000 401.769 0.000
A_575 0.000 185.740 0.000
A_576 0.000 185.740 3.000
L_577 0.000 679.918 6.000
S_578 -14.420 -90.060 8.000
K_579 -14.420 -818.649 8.000
H_580 -12.104 -583.484 12.000
A_581 0.000 185.740 9.000
N_582 -19.866 -507.047 9.000
V_583 0.000 613.196 7.000
K_584 -13.255 -818.649 7.000
I_585 0.000 777.529 6.000
F_586 0.000 560.542 10.000
S_587 -16.309 -90.060 10.000
E_588 -21.132 -605.239 10.000
K_589 -16.309 -818.649 10.000
L_590 0.000 679.918 7.000
L_591 0.000 679.918 3.000
L_592 0.000 679.918 0.000
L_593 0.000 679.918 4.000
L_594 0.000 679.918 9.000
N_595 -19.866 -507.047 9.000
R_596 -29.616 -1015.709 13.000
G_597 0.000 -27.649 17.000
D_598 -24.169 -475.402 13.000
D_599 -18.409 -475.402 8.000
P_600 0.000 -195.996 13.000
V_601 0.000 613.196 9.000
R_602 -11.867 -1015.709 5.000
I_603 0.000 777.529 8.000
F_604 0.000 560.542 10.000
K_605 -15.425 -818.649 9.000
H_606 -10.601 -583.484 9.000
E_607 -24.169 -605.239 13.000
P_608 0.000 -195.996 10.000
Q_609 -18.409 -643.904 8.000
P_610 0.000 -195.996 6.000
P_611 0.000 -195.996 9.000
H_612 -7.426 -583.484 5.000
S_613 -10.149 -90.060 5.000
V_614 0.000 613.196 8.000
L_615 0.000 679.918 6.000
K_616 -4.441 -818.649 3.000
F_617 0.000 560.542 7.000
L_618 0.000 679.918 11.000
Q_619 -18.409 -643.904 8.000
D_620 -18.409 -475.402 8.000
V_621 0.000 613.196 8.000
F_622 0.000 560.542 7.000
G_623 0.000 -27.649 3.000
S_624 -4.441 -90.060 3.000
P_625 0.000 -195.996 6.000
A_626 0.000 185.740 6.000
T_627 -4.441 -90.974 3.000
A_628 0.000 185.740 3.000
A_629 0.000 185.740 3.000
I_630 0.000 777.529 2.000
F_631 0.000 560.542 4.000
Y_632 -9.265 -274.939 7.000
H_633 -11.652 -583.484 11.000
T_634 -17.098 -90.974 11.000
D_635 -19.866 -475.402 9.000
M_636 0.000 401.769 7.000
M_637 0.000 401.769 4.000
A_638 0.000 185.740 0.000
L_639 0.000 679.918 4.000
I_640 0.000 777.529 4.000
D_641 -16.691 -475.402 7.000
I_642 0.000 777.529 7.000
T_643 -17.811 -90.974 12.000
V_644 0.000 613.196 10.000
R_645 -25.574 -1015.709 10.000
H_646 -9.265 -583.484 7.000
I_647 0.000 777.529 11.000
A_648 0.000 185.740 6.000
D_649 -16.691 -475.402 7.000
L_650 0.000 679.918 7.000
S_651 -13.255 -90.060 7.000
P_652 0.000 -195.996 7.000
G_653 0.000 -27.649 10.000
D_654 -16.691 -475.402 7.000
K_655 -17.811 -818.649 12.000
L_656 0.000 679.918 12.000
R_657 -28.412 -1015.709 12.000
M_658 0.000 401.769 11.000
E_659 -22.253 -605.239 11.000
Y_660 -10.601 -274.939 9.000
L_661 0.000 679.918 9.000
S_662 -10.149 -90.060 5.000
L_663 0.000 679.918 5.000
M_664 0.000 401.769 5.000
H_665 -1.718 -583.484 2.000
A_666 0.000 185.740 2.000
I_667 0.000 777.529 7.000
V_668 0.000 613.196 8.000
R_669 -27.076 -1015.709 11.000
T_670 -17.098 -90.974 11.000
T_671 -18.462 -90.974 13.000
P_672 0.000 -195.996 8.000
Y_673 -10.601 -274.939 9.000
L_674 0.000 679.918 8.000
Q_675 -24.169 -643.904 13.000
H_676 -12.518 -583.484 13.000
R_677 -34.315 -1015.709 18.000
H_678 -12.900 -583.484 14.000
R_679 -28.412 -1015.709 12.000
L_680 0.000 679.918 11.000
P_681 0.000 -195.996 9.000
D_682 -18.409 -475.402 8.000
L_683 0.000 679.918 8.000
Q_684 -18.409 -643.904 8.000
A_685 0.000 185.740 4.000
I_686 0.000 777.529 9.000
L_687 0.000 679.918 10.000
R_688 -25.574 -1015.709 10.000
R_689 -25.574 -1015.709 10.000
I_690 0.000 777.529 14.000
L_691 0.000 679.918 13.000
N_692 -23.258 -507.047 12.000
E_693 -26.485 -605.239 16.000
E_694 -28.359 -605.239 19.000
E_695 -27.773 -605.239 18.000
T_696 -19.059 -90.974 14.000
S_697 -19.059 -90.060 14.000
P_698 0.000 -195.996 10.000
Q_699 -22.253 -643.904 11.000
C_700 0.000 322.480 8.000
Q_701 -23.258 -643.904 12.000
M_702 0.000 401.769 13.000
D_703 -24.169 -475.402 13.000
R_704 -23.856 -1015.709 9.000
M_705 0.000 401.769 9.000
I_706 0.000 777.529 10.000
V_707 0.000 613.196 9.000
R_708 -23.856 -1015.709 9.000
E_709 -19.866 -605.239 9.000
M_710 0.000 401.769 12.000
C_711 0.000 322.480 11.000
K_712 -13.255 -818.649 7.000
E_713 -16.691 -605.239 7.000
F_714 0.000 560.542 7.000
L_715 0.000 679.918 4.000
V_716 0.000 613.196 0.000
L_717 0.000 679.918 4.000
G_718 0.000 -27.649 4.000
E_719 -7.878 -605.239 4.000
A_720 0.000 185.740 7.000
P_721 0.000 -195.996 7.000
S_722 -4.441 -90.060 3.000
