M_1 0.000 401.769 4.000
P_2 0.000 -195.996 9.000
E_3 -24.169 -605.239 13.000
R_4 -29.616 -1015.709 13.000
E_5 -25.003 -605.239 14.000
L_6 0.000 679.918 10.000
W_7 -3.990 -203.500 5.000
P_8 0.000 -195.996 1.000
A_9 0.000 185.740 4.000
G_10 0.000 -27.649 3.000
T_11 -11.867 -90.974 6.000
G_12 0.000 -27.649 10.000
S_13 -16.309 -90.060 10.000
E_14 -16.691 -605.239 7.000
P_15 0.000 -195.996 10.000
V_16 0.000 613.196 12.000
T_17 -14.420 -90.974 8.000
R_18 -21.845 -1015.709 8.000
V_19 0.000 613.196 11.000
G_20 0.000 -27.649 8.000
S_21 -13.255 -90.060 7.000
C_22 0.000 322.480 10.000
D_23 -21.132 -475.402 10.000
S_24 -13.255 -90.060 7.000
M_25 0.000 401.769 10.000
M_26 0.000 401.769 9.000
S_27 -15.425 -90.060 9.000
S_28 -17.811 -90.060 12.000
T_29 -19.613 -90.974 15.000
S_30 -20.609 -90.060 17.000
T_31 -20.609 -90.974 17.000
R_32 -30.711 -1015.709 14.000
S_33 -19.059 -90.060 14.000
G_34 0.000 -27.649 14.000
S_35 -18.462 -90.060 13.000
S_36 -18.462 -90.060 13.000
D_37 -26.485 -475.402 16.000
S_38 -19.613 -90.060 15.000
S_39 -20.127 -90.060 16.000
Y_40 -12.104 -274.939 12.000
D_41 -19.866 -475.402 9.000
F_42 0.000 560.542 9.000
L_43 0.000 679.918 10.000
S_44 -16.309 -90.060 10.000
T_45 -19.059 -90.974 14.000
E_46 -27.150 -605.239 17.000
E_47 -27.773 -605.239 18.000
K_48 -19.613 -818.649 15.000
E_49 -22.253 -605.239 11.000
C_50 0.000 322.480 7.000
L_51 0.000 679.918 4.000
L_52 0.000 679.918 0.000
F_53 0.000 560.542 4.000
L_54 0.000 679.918 8.000
E_55 -22.253 -605.239 11.000
E_56 -22.253 -605.239 11.000
T_57 -17.098 -90.974 11.000
I_58 0.000 777.529 10.000
G_59 0.000 -27.649 6.000
S_60 -13.255 -90.060 7.000
L_61 0.000 679.918 10.000
D_62 -25.003 -475.402 14.000
T_63 -17.098 -90.974 11.000
E_64 -25.772 -605.239 15.000
A_65 0.000 185.740 14.000
D_66 -22.253 -475.402 11.000
S_67 -13.255 -90.060 7.000
G_68 0.000 -27.649 10.000
L_69 0.000 679.918 9.000
S_70 -16.309 -90.060 10.000
T_71 -19.059 -90.974 14.000
D_72 -27.150 -475.402 17.000
E_73 -27.773 -605.239 18.000
S_74 -19.613 -90.060 15.000
E_75 -22.253 -605.239 11.000
P_76 0.000 -195.996 10.000
A_77 0.000 185.740 10.000
T_78 -11.867 -90.974 6.000
T_79 -17.098 -90.974 11.000
P_80 0.000 -195.996 11.000
R_81 -21.845 -1015.709 8.000
G_82 0.000 -27.649 10.000
F_83 0.000 560.542 10.000
R_84 -11.867 -1015.709 5.000
A_85 0.000 185.740 5.000
L_86 0.000 679.918 5.000
P_87 0.000 -195.996 3.000
I_88 0.000 777.529 7.000
T_89 -13.255 -90.974 7.000
Q_90 -21.132 -643.904 10.000
P_91 0.000 -195.996 10.000
T_92 -17.811 -90.974 12.000
P_93 0.000 -195.996 8.000
R_94 -21.845 -1015.709 8.000
G_95 0.000 -27.649 5.000
G_96 0.000 -27.649 9.000
P_97 0.000 -195.996 8.000
E_98 -22.253 -605.239 11.000
E_99 -22.253 -605.239 11.000
T_100 -19.059 -90.974 14.000
I_101 0.000 777.529 14.000
T_102 -19.059 -90.974 14.000
Q_103 -22.253 -643.904 11.000
Q_104 -26.485 -643.904 16.000
G_105 0.000 -27.649 16.000
R_106 -28.412 -1015.709 12.000
T_107 -18.462 -90.974 13.000
P_108 0.000 -195.996 16.000
R_109 -27.076 -1015.709 11.000
T_110 -17.098 -90.974 11.000
V_111 0.000 613.196 15.000
T_112 -18.462 -90.974 13.000
E_113 -24.169 -605.239 13.000
S_114 -20.127 -90.060 16.000
S_115 -20.127 -90.060 16.000
S_116 -19.059 -90.060 14.000
S_117 -17.098 -90.060 11.000
H_118 -9.978 -583.484 8.000
P_119 0.000 -195.996 9.000
P_120 0.000 -195.996 6.000
E_121 -18.409 -605.239 8.000
P_122 0.000 -195.996 8.000
Q_123 -18.409 -643.904 8.000
G_124 0.000 -27.649 4.000
L_125 0.000 679.918 4.000
G_126 0.000 -27.649 5.000
L_127 0.000 679.918 8.000
R_128 -21.845 -1015.709 8.000
S_129 -17.098 -90.060 11.000
G_130 0.000 -27.649 13.000
S_131 -17.098 -90.060 11.000
Y_132 -9.978 -274.939 8.000
S_133 -14.420 -90.060 8.000
L_134 0.000 679.918 10.000
P_135 0.000 -195.996 12.000
R_136 -23.856 -1015.709 9.000
N_137 -22.253 -507.047 11.000
I_138 0.000 777.529 11.000
H_139 -8.431 -583.484 6.000
I_140 0.000 777.529 7.000
A_141 0.000 185.740 10.000
R_142 -28.412 -1015.709 12.000
S_143 -20.127 -90.060 16.000
Q_144 -26.485 -643.904 16.000
N_145 -26.485 -507.047 16.000
F_146 0.000 560.542 16.000
R_147 -31.716 -1015.709 15.000
K_148 -19.059 -818.649 14.000
S_149 -20.609 -90.060 17.000
T_150 -20.127 -90.974 16.000
T_151 -18.462 -90.974 13.000
Q_152 -24.169 -643.904 13.000
A_153 0.000 185.740 13.000
S_154 -17.811 -90.060 12.000
S_155 -17.811 -90.060 12.000
H_156 -12.104 -583.484 12.000
N_157 -19.866 -507.047 9.000
P_158 0.000 -195.996 10.000
G_159 0.000 -27.649 8.000
E_160 -7.878 -605.239 4.000
P_161 0.000 -195.996 9.000
G_162 0.000 -27.649 9.000
R_163 -11.867 -1015.709 5.000
L_164 0.000 679.918 5.000
A_165 0.000 185.740 9.000
P_166 0.000 -195.996 4.000
E_167 -18.409 -605.239 8.000
P_168 0.000 -195.996 11.000
E_169 -25.772 -605.239 15.000
K_170 -19.613 -818.649 15.000
E_171 -25.772 -605.239 15.000
Q_172 -25.003 -643.904 14.000
V_173 0.000 613.196 15.000
S_174 -19.059 -90.060 14.000
Q_175 -24.169 -643.904 13.000
S_176 -20.609 -90.060 17.000
S_177 -19.059 -90.060 14.000
Q_178 -25.772 -643.904 15.000
P_179 0.000 -195.996 16.000
R_180 -29.616 -1015.709 13.000
Q_181 -19.866 -643.904 9.000
A_182 0.000 185.740 9.000
P_183 0.000 -195.996 7.000
A_184 0.000 185.740 3.000
S_185 -13.255 -90.060 7.000
P_186 0.000 -195.996 11.000
Q_187 -22.253 -643.904 11.000
E_188 -18.409 -605.239 8.000
A_189 0.000 185.740 8.000
A_190 0.000 185.740 8.000
L_191 0.000 679.918 4.000
D_192 -18.409 -475.402 8.000
L_193 0.000 679.918 8.000
D_194 -18.409 -475.402 8.000
V_195 0.000 613.196 4.000
V_196 0.000 613.196 4.000
L_197 0.000 679.918 0.000
I_198 0.000 777.529 0.000
P_199 0.000 -195.996 0.000
P_200 0.000 -195.996 4.000
P_201 0.000 -195.996 4.000
E_202 -7.878 -605.239 4.000
A_203 0.000 185.740 9.000
F_204 0.000 560.542 13.000
R_205 -28.412 -1015.709 12.000
D_206 -26.485 -475.402 16.000
T_207 -20.127 -90.974 16.000
Q_208 -25.772 -643.904 15.000
P_209 0.000 -195.996 15.000
E_210 -23.258 -605.239 12.000
Q_211 -24.169 -643.904 13.000
C_212 0.000 322.480 17.000
R_213 -29.616 -1015.709 13.000
E_214 -23.258 -605.239 12.000
A_215 0.000 185.740 12.000
S_216 -13.255 -90.060 7.000
L_217 0.000 679.918 7.000
P_218 0.000 -195.996 7.000
E_219 -7.878 -605.239 4.000
G_220 0.000 -27.649 4.000
P_221 0.000 -195.996 8.000
G_222 0.000 -27.649 8.000
Q_223 -18.409 -643.904 8.000
Q_224 -21.132 -643.904 10.000
G_225 0.000 -27.649 13.000
H_226 -10.601 -583.484 9.000
T_227 -15.425 -90.974 9.000
P_228 0.000 -195.996 9.000
Q_229 -19.866 -643.904 9.000
L_230 0.000 679.918 9.000
H_231 -10.601 -583.484 9.000
T_232 -14.420 -90.974 8.000
P_233 0.000 -195.996 11.000
S_234 -17.811 -90.060 12.000
S_235 -18.462 -90.060 13.000
S_236 -20.609 -90.060 17.000
Q_237 -28.359 -643.904 19.000
E_238 -28.912 -605.239 20.000
R_239 -36.459 -1015.709 21.000
E_240 -28.912 -605.239 20.000
Q_241 -26.485 -643.904 16.000
T_242 -19.059 -90.974 14.000
P_243 0.000 -195.996 14.000
S_244 -16.309 -90.060 10.000
E_245 -16.691 -605.239 7.000
A_246 0.000 185.740 10.000
M_247 0.000 401.769 11.000
S_248 -16.309 -90.060 10.000
Q_249 -21.132 -643.904 10.000
K_250 -18.462 -818.649 13.000
A_251 0.000 185.740 14.000
K_252 -18.462 -818.649 13.000
E_253 -21.132 -605.239 10.000
T_254 -18.462 -90.974 13.000
V_255 0.000 613.196 13.000
S_256 -19.059 -90.060 14.000
T_257 -18.462 -90.974 13.000
R_258 -32.645 -1015.709 16.000
Y_259 -13.896 -274.939 17.000
T_260 -19.059 -90.974 14.000
Q_261 -24.169 -643.904 13.000
P_262 0.000 -195.996 11.000
Q_263 -18.409 -643.904 8.000
P_264 0.000 -195.996 4.000
P_265 0.000 -195.996 4.000
P_266 0.000 -195.996 0.000
A_267 0.000 185.740 0.000
G_268 0.000 -27.649 0.000
L_269 0.000 679.918 4.000
P_270 0.000 -195.996 8.000
Q_271 -18.409 -643.904 8.000
N_272 -24.169 -507.047 13.000
A_273 0.000 185.740 13.000
R_274 -29.616 -1015.709 13.000
A_275 0.000 185.740 13.000
E_276 -24.169 -605.239 13.000
D_277 -18.409 -475.402 8.000
A_278 0.000 185.740 8.000
P_279 0.000 -195.996 7.000
L_280 0.000 679.918 6.000
S_281 -11.867 -90.060 6.000
S_282 -16.309 -90.060 10.000
G_283 0.000 -27.649 14.000
E_284 -22.253 -605.239 11.000
D_285 -23.258 -475.402 12.000
P_286 0.000 -195.996 15.000
N_287 -26.485 -507.047 16.000
S_288 -17.811 -90.060 12.000
R_289 -28.412 -1015.709 12.000
L_290 0.000 679.918 8.000
A_291 0.000 185.740 5.000
P_292 0.000 -195.996 3.000
L_293 0.000 679.918 6.000
T_294 -11.867 -90.974 6.000
T_295 -15.425 -90.974 9.000
P_296 0.000 -195.996 9.000
K_297 -17.098 -818.649 11.000
P_298 0.000 -195.996 11.000
R_299 -27.076 -1015.709 11.000
K_300 -14.420 -818.649 8.000
L_301 0.000 679.918 8.000
P_302 0.000 -195.996 7.000
P_303 0.000 -195.996 4.000
N_304 -7.878 -507.047 4.000
I_305 0.000 777.529 4.000
V_306 0.000 613.196 7.000
L_307 0.000 679.918 6.000
K_308 -15.425 -818.649 9.000
S_309 -19.059 -90.060 14.000
S_310 -20.609 -90.060 17.000
R_311 -33.508 -1015.709 17.000
S_312 -19.059 -90.060 14.000
S_313 -18.462 -90.060 13.000
F_314 0.000 560.542 11.000
H_315 -12.104 -583.484 12.000
S_316 -15.425 -90.060 9.000
D_317 -24.169 -475.402 13.000
P_318 0.000 -195.996 13.000
Q_319 -22.253 -643.904 11.000
H_320 -9.265 -583.484 7.000
W_321 -5.708 -203.500 10.000
L_322 0.000 679.918 11.000
S_323 -17.098 -90.060 11.000
R_324 -29.616 -1015.709 13.000
H_325 -13.896 -583.484 17.000
T_326 -19.059 -90.974 14.000
E_327 -19.866 -605.239 9.000
A_328 0.000 185.740 7.000
A_329 0.000 185.740 4.000
P_330 0.000 -195.996 4.000
G_331 0.000 -27.649 7.000
D_332 -16.691 -475.402 7.000
S_333 -13.255 -90.060 7.000
G_334 0.000 -27.649 7.000
L_335 0.000 679.918 6.000
I_336 0.000 777.529 3.000
S_337 -11.867 -90.060 6.000
C_338 0.000 322.480 6.000
S_339 -16.309 -90.060 10.000
L_340 0.000 679.918 11.000
Q_341 -25.772 -643.904 15.000
E_342 -27.150 -605.239 17.000
Q_343 -28.912 -643.904 20.000
R_344 -32.645 -1015.709 16.000
K_345 -20.609 -818.649 17.000
A_346 0.000 185.740 16.000
R_347 -31.716 -1015.709 15.000
K_348 -17.811 -818.649 12.000
E_349 -23.258 -605.239 12.000
A_350 0.000 185.740 11.000
L_351 0.000 679.918 11.000
E_352 -16.691 -605.239 7.000
K_353 -13.255 -818.649 7.000
L_354 0.000 679.918 7.000
G_355 0.000 -27.649 3.000
L_356 0.000 679.918 4.000
P_357 0.000 -195.996 8.000
Q_358 -23.258 -643.904 12.000
D_359 -26.485 -475.402 16.000
Q_360 -28.912 -643.904 20.000
D_361 -26.485 -475.402 16.000
E_362 -23.258 -605.239 12.000
P_363 0.000 -195.996 8.000
G_364 0.000 -27.649 6.000
L_365 0.000 679.918 2.000
H_366 -7.426 -583.484 5.000
L_367 0.000 679.918 8.000
S_368 -14.420 -90.060 8.000
K_369 -15.425 -818.649 9.000
P_370 0.000 -195.996 12.000
T_371 -17.811 -90.974 12.000
S_372 -15.425 -90.060 9.000
S_373 -19.059 -90.060 14.000
I_374 0.000 777.529 11.000
R_375 -27.076 -1015.709 11.000
P_376 0.000 -195.996 12.000
K_377 -19.613 -818.649 15.000
E_378 -25.772 -605.239 15.000
T_379 -19.613 -90.974 15.000
R_380 -32.645 -1015.709 16.000
A_381 0.000 185.740 14.000
Q_382 -22.253 -643.904 11.000
H_383 -10.601 -583.484 9.000
L_384 0.000 679.918 9.000
S_385 -10.149 -90.060 5.000
P_386 0.000 -195.996 3.000
A_387 0.000 185.740 3.000
P_388 0.000 -195.996 0.000
G_389 0.000 -27.649 0.000
L_390 0.000 679.918 4.000
A_391 0.000 185.740 4.000
Q_392 -7.878 -643.904 4.000
P_393 0.000 -195.996 4.000
A_394 0.000 185.740 4.000
A_395 0.000 185.740 0.000
P_396 0.000 -195.996 4.000
A_397 0.000 185.740 4.000
Q_398 -16.691 -643.904 7.000
A_399 0.000 185.740 7.000
S_400 -13.255 -90.060 7.000
A_401 0.000 185.740 3.000
A_402 0.000 185.740 3.000
I_403 0.000 777.529 0.000
P_404 0.000 -195.996 0.000
A_405 0.000 185.740 0.000
A_406 0.000 185.740 3.000
G_407 0.000 -27.649 3.000
K_408 -4.441 -818.649 3.000
A_409 0.000 185.740 3.000
L_410 0.000 679.918 7.000
A_411 0.000 185.740 4.000
Q_412 -7.878 -643.904 4.000
A_413 0.000 185.740 4.000
P_414 0.000 -195.996 4.000
A_415 0.000 185.740 0.000
P_416 0.000 -195.996 0.000
A_417 0.000 185.740 0.000
P_418 0.000 -195.996 0.000
G_419 0.000 -27.649 0.000
P_420 0.000 -195.996 4.000
A_421 0.000 185.740 4.000
Q_422 -7.878 -643.904 4.000
G_423 0.000 -27.649 4.000
P_424 0.000 -195.996 4.000
L_425 0.000 679.918 0.000
P_426 0.000 -195.996 3.000
M_427 0.000 401.769 6.000
K_428 -11.867 -818.649 6.000
S_429 -11.867 -90.060 6.000
P_430 0.000 -195.996 6.000
A_431 0.000 185.740 3.000
P_432 0.000 -195.996 4.000
G_433 0.000 -27.649 4.000
N_434 -7.878 -507.047 4.000
V_435 0.000 613.196 4.000
A_436 0.000 185.740 7.000
A_437 0.000 185.740 6.000
S_438 -15.425 -90.060 9.000
K_439 -15.425 -818.649 9.000
S_440 -15.425 -90.060 9.000
M_441 0.000 401.769 6.000
P_442 0.000 -195.996 6.000
I_443 0.000 777.529 3.000
S_444 -4.441 -90.060 3.000
I_445 0.000 777.529 6.000
P_446 0.000 -195.996 6.000
K_447 -4.441 -818.649 3.000
A_448 0.000 185.740 8.000
P_449 0.000 -195.996 8.000
R_450 -23.856 -1015.709 9.000
A_451 0.000 185.740 12.000
N_452 -23.258 -507.047 12.000
S_453 -13.255 -90.060 7.000
A_454 0.000 185.740 10.000
L_455 0.000 679.918 6.000
T_456 -4.441 -90.974 3.000
P_457 0.000 -195.996 6.000
P_458 0.000 -195.996 6.000
K_459 -13.255 -818.649 7.000
P_460 0.000 -195.996 10.000
E_461 -21.132 -605.239 10.000
S_462 -13.255 -90.060 7.000
G_463 0.000 -27.649 10.000
L_464 0.000 679.918 6.000
T_465 -13.255 -90.974 7.000
L_466 0.000 679.918 11.000
Q_467 -25.003 -643.904 14.000
E_468 -25.772 -605.239 15.000
S_469 -21.060 -90.060 18.000
N_470 -25.003 -507.047 14.000
T_471 -16.309 -90.974 10.000
P_472 0.000 -195.996 7.000
G_473 0.000 -27.649 8.000
L_474 0.000 679.918 9.000
R_475 -23.856 -1015.709 9.000
Q_476 -24.169 -643.904 13.000
M_477 0.000 401.769 13.000
N_478 -22.253 -507.047 11.000
F_479 0.000 560.542 10.000
K_480 -19.059 -818.649 14.000
S_481 -18.462 -90.060 13.000
N_482 -24.169 -507.047 13.000
T_483 -19.059 -90.974 14.000
L_484 0.000 679.918 16.000
E_485 -25.772 -605.239 15.000
R_486 -28.412 -1015.709 12.000
S_487 -17.811 -90.060 12.000
G_488 0.000 -27.649 8.000
V_489 0.000 613.196 3.000
G_490 0.000 -27.649 3.000
L_491 0.000 679.918 6.000
S_492 -14.420 -90.060 8.000
S_493 -14.420 -90.060 8.000
Y_494 -11.652 -274.939 11.000
L_495 0.000 679.918 11.000
S_496 -17.811 -90.060 12.000
T_497 -18.462 -90.974 13.000
E_498 -27.150 -605.239 17.000
K_499 -19.059 -818.649 14.000
D_500 -25.003 -475.402 14.000
A_501 0.000 185.740 10.000
S_502 -16.309 -90.060 10.000
P_503 0.000 -195.996 9.000
K_504 -17.811 -818.649 12.000
T_505 -17.811 -90.974 12.000
S_506 -19.613 -90.060 15.000
T_507 -17.811 -90.974 12.000
S_508 -15.425 -90.060 9.000
L_509 0.000 679.918 9.000
G_510 0.000 -27.649 6.000
K_511 -11.867 -818.649 6.000
G_512 0.000 -27.649 6.000
S_513 -11.867 -90.060 6.000
F_514 0.000 560.542 7.000
L_515 0.000 679.918 10.000
D_516 -16.691 -475.402 7.000
K_517 -16.309 -818.649 10.000
I_518 0.000 777.529 10.000
S_519 -15.425 -90.060 9.000
P_520 0.000 -195.996 6.000
S_521 -11.867 -90.060 6.000
V_522 0.000 613.196 8.000
L_523 0.000 679.918 12.000
R_524 -28.412 -1015.709 12.000
N_525 -27.150 -507.047 17.000
S_526 -20.609 -90.060 17.000
R_527 -33.508 -1015.709 17.000
P_528 0.000 -195.996 13.000
R_529 -25.574 -1015.709 10.000
P_530 0.000 -195.996 8.000
A_531 0.000 185.740 8.000
S_532 -4.441 -90.060 3.000
L_533 0.000 679.918 6.000
G_534 0.000 -27.649 6.000
T_535 -11.867 -90.974 6.000
G_536 0.000 -27.649 10.000
K_537 -16.309 -818.649 10.000
D_538 -16.691 -475.402 7.000
F_539 0.000 560.542 7.000
A_540 0.000 185.740 4.000
G_541 0.000 -27.649 4.000
I_542 0.000 777.529 4.000
Q_543 -7.878 -643.904 4.000
V_544 0.000 613.196 7.000
G_545 0.000 -27.649 7.000
K_546 -4.441 -818.649 3.000
L_547 0.000 679.918 7.000
A_548 0.000 185.740 7.000
D_549 -18.409 -475.402 8.000
L_550 0.000 679.918 12.000
E_551 -26.485 -605.239 16.000
Q_552 -26.485 -643.904 16.000
E_553 -28.359 -605.239 19.000
Q_554 -27.773 -643.904 18.000
S_555 -20.609 -90.060 17.000
S_556 -21.060 -90.060 18.000
K_557 -19.059 -818.649 14.000
R_558 -30.711 -1015.709 14.000
L_559 0.000 679.918 13.000
S_560 -19.059 -90.060 14.000
Y_561 -10.601 -274.939 9.000
Q_562 -24.169 -643.904 13.000
G_563 0.000 -27.649 13.000
Q_564 -26.485 -643.904 16.000
S_565 -20.127 -90.060 16.000
R_566 -35.072 -1015.709 19.000
D_567 -25.772 -475.402 15.000
K_568 -17.811 -818.649 12.000
L_569 0.000 679.918 12.000
P_570 0.000 -195.996 8.000
R_571 -11.867 -1015.709 5.000
P_572 0.000 -195.996 5.000
P_573 0.000 -195.996 5.000
C_574 0.000 322.480 3.000
V_575 0.000 613.196 3.000
S_576 -11.867 -90.060 6.000
V_577 0.000 613.196 6.000
K_578 -15.425 -818.649 9.000
I_579 0.000 777.529 6.000
S_580 -15.425 -90.060 9.000
P_581 0.000 -195.996 6.000
K_582 -11.867 -818.649 6.000
G_583 0.000 -27.649 3.000
V_584 0.000 613.196 7.000
P_585 0.000 -195.996 8.000
N_586 -21.132 -507.047 10.000
E_587 -25.772 -605.239 15.000
H_588 -14.725 -583.484 20.000
R_589 -35.785 -1015.709 20.000
R_590 -32.645 -1015.709 16.000
E_591 -25.003 -605.239 14.000
A_592 0.000 185.740 12.000
L_593 0.000 679.918 10.000
K_594 -11.867 -818.649 6.000
K_595 -11.867 -818.649 6.000
L_596 0.000 679.918 6.000
G_597 0.000 -27.649 3.000
L_598 0.000 679.918 3.000
L_599 0.000 679.918 7.000
K_600 -13.255 -818.649 7.000
E_601 -16.691 -605.239 7.000
