M_1 0.000 401.769 3.000
F_2 0.000 560.542 3.000
T_3 -4.441 -90.974 3.000
L_4 0.000 679.918 3.000
L_5 0.000 679.918 3.000
V_6 0.000 613.196 0.000
L_7 0.000 679.918 3.000
L_8 0.000 679.918 7.000
S_9 -13.255 -90.060 7.000
Q_10 -16.691 -643.904 7.000
L_11 0.000 679.918 10.000
P_12 0.000 -195.996 7.000
T_13 -11.867 -90.974 6.000
V_14 0.000 613.196 6.000
T_15 -11.867 -90.974 6.000
L_16 0.000 679.918 3.000
G_17 0.000 -27.649 3.000
F_18 0.000 560.542 2.000
P_19 0.000 -195.996 2.000
H_20 -1.718 -583.484 2.000
C_21 0.000 322.480 7.000
A_22 0.000 185.740 7.000
R_23 -11.867 -1015.709 5.000
G_24 0.000 -27.649 8.000
P_25 0.000 -195.996 8.000
K_26 -11.867 -818.649 6.000
A_27 0.000 185.740 9.000
S_28 -17.098 -90.060 11.000
K_29 -14.420 -818.649 8.000
H_30 -9.978 -583.484 8.000
A_31 0.000 185.740 9.000
G_32 0.000 -27.649 10.000
E_33 -18.409 -605.239 8.000
E_34 -18.409 -605.239 8.000
V_35 0.000 613.196 11.000
F_36 0.000 560.542 10.000
T_37 -15.425 -90.974 9.000
S_38 -18.462 -90.060 13.000
K_39 -20.609 -818.649 17.000
E_40 -25.003 -605.239 14.000
E_41 -25.772 -605.239 15.000
A_42 0.000 185.740 12.000
N_43 -18.409 -507.047 8.000
F_44 0.000 560.542 4.000
F_45 0.000 560.542 6.000
I_46 0.000 777.529 7.000
H_47 -12.104 -583.484 12.000
R_48 -28.412 -1015.709 12.000
R_49 -28.412 -1015.709 12.000
L_50 0.000 679.918 12.000
L_51 0.000 679.918 11.000
Y_52 -11.652 -274.939 11.000
N_53 -22.253 -507.047 11.000
R_54 -31.716 -1015.709 15.000
F_55 0.000 560.542 13.000
D_56 -24.169 -475.402 13.000
L_57 0.000 679.918 8.000
E_58 -18.409 -605.239 8.000
L_59 0.000 679.918 7.000
F_60 0.000 560.542 7.000
T_61 -4.441 -90.974 3.000
P_62 0.000 -195.996 7.000
G_63 0.000 -27.649 7.000
N_64 -18.409 -507.047 8.000
L_65 0.000 679.918 13.000
E_66 -27.150 -605.239 17.000
R_67 -29.616 -1015.709 13.000
E_68 -27.150 -605.239 17.000
C_69 0.000 322.480 17.000
N_70 -26.485 -507.047 16.000
E_71 -23.258 -605.239 12.000
E_72 -23.258 -605.239 12.000
L_73 0.000 679.918 12.000
C_74 0.000 322.480 10.000
N_75 -21.132 -507.047 10.000
Y_76 -12.900 -274.939 14.000
E_77 -25.003 -605.239 14.000
E_78 -25.772 -605.239 15.000
A_79 0.000 185.740 17.000
R_80 -29.616 -1015.709 13.000
E_81 -19.866 -605.239 9.000
I_82 0.000 777.529 9.000
F_83 0.000 560.542 8.000
V_84 0.000 613.196 8.000
D_85 -23.258 -475.402 12.000
E_86 -25.772 -605.239 15.000
D_87 -27.773 -475.402 18.000
K_88 -19.059 -818.649 14.000
T_89 -16.309 -90.974 10.000
I_90 0.000 777.529 6.000
A_91 0.000 185.740 4.000
F_92 0.000 560.542 5.000
W_93 -5.447 -203.500 9.000
Q_94 -22.253 -643.904 11.000
E_95 -25.003 -605.239 14.000
Y_96 -12.518 -274.939 13.000
S_97 -17.811 -90.060 12.000
A_98 0.000 185.740 8.000
K_99 -11.867 -818.649 6.000
G_100 0.000 -27.649 6.000
P_101 0.000 -195.996 9.000
T_102 -15.425 -90.974 9.000
T_103 -17.811 -90.974 12.000
K_104 -20.127 -818.649 16.000
S_105 -18.462 -90.060 13.000
D_106 -25.003 -475.402 14.000
G_107 0.000 -27.649 16.000
N_108 -27.150 -507.047 17.000
R_109 -32.645 -1015.709 16.000
E_110 -26.485 -605.239 16.000
K_111 -20.127 -818.649 16.000
I_112 0.000 777.529 11.000
D_113 -16.691 -475.402 7.000
V_114 0.000 613.196 4.000
M_115 0.000 401.769 4.000
G_116 0.000 -27.649 0.000
L_117 0.000 679.918 3.000
L_118 0.000 679.918 3.000
T_119 -4.441 -90.974 3.000
G_120 0.000 -27.649 3.000
L_121 0.000 679.918 3.000
I_122 0.000 777.529 0.000
A_123 0.000 185.740 0.000
A_124 0.000 185.740 0.000
G_125 0.000 -27.649 0.000
V_126 0.000 613.196 0.000
F_127 0.000 560.542 0.000
L_128 0.000 679.918 0.000
V_129 0.000 613.196 0.000
I_130 0.000 777.529 0.000
F_131 0.000 560.542 0.000
G_132 0.000 -27.649 0.000
L_133 0.000 679.918 0.000
L_134 0.000 679.918 2.000
G_135 0.000 -27.649 4.000
Y_136 -6.160 -274.939 4.000
Y_137 -6.160 -274.939 4.000
L_138 0.000 679.918 4.000
C_139 0.000 322.480 5.000
I_140 0.000 777.529 6.000
T_141 -11.867 -90.974 6.000
K_142 -16.309 -818.649 10.000
C_143 0.000 322.480 15.000
N_144 -23.258 -507.047 12.000
R_145 -29.616 -1015.709 13.000
L_146 0.000 679.918 15.000
Q_147 -22.253 -643.904 11.000
H_148 -8.431 -583.484 6.000
P_149 0.000 -195.996 9.000
C_150 0.000 322.480 8.000
S_151 -11.867 -90.060 6.000
S_152 -11.867 -90.060 6.000
A_153 0.000 185.740 8.000
V_154 0.000 613.196 9.000
Y_155 -11.652 -274.939 11.000
E_156 -22.253 -605.239 11.000
R_157 -32.645 -1015.709 16.000
G_158 0.000 -27.649 16.000
R_159 -31.716 -1015.709 15.000
H_160 -11.154 -583.484 10.000
T_161 -18.462 -90.974 13.000
P_162 0.000 -195.996 8.000
S_163 -11.867 -90.060 6.000
I_164 0.000 777.529 3.000
I_165 0.000 777.529 8.000
F_166 0.000 560.542 10.000
R_167 -25.574 -1015.709 10.000
R_168 -30.711 -1015.709 14.000
P_169 0.000 -195.996 18.000
E_170 -24.169 -605.239 13.000
E_171 -18.409 -605.239 8.000
A_172 0.000 185.740 8.000
A_173 0.000 185.740 7.000
L_174 0.000 679.918 3.000
S_175 -4.441 -90.060 3.000
P_176 0.000 -195.996 3.000
L_177 0.000 679.918 3.000
P_178 0.000 -195.996 3.000
P_179 0.000 -195.996 3.000
S_180 -13.255 -90.060 7.000
V_181 0.000 613.196 11.000
E_182 -22.253 -605.239 11.000
D_183 -18.409 -475.402 8.000
A_184 0.000 185.740 8.000
G_185 0.000 -27.649 4.000
L_186 0.000 679.918 3.000
P_187 0.000 -195.996 5.000
S_188 -15.425 -90.060 9.000
Y_189 -12.518 -274.939 13.000
E_190 -24.169 -605.239 13.000
Q_191 -21.132 -643.904 10.000
A_192 0.000 185.740 8.000
V_193 0.000 613.196 4.000
A_194 0.000 185.740 3.000
L_195 0.000 679.918 8.000
T_196 -17.098 -90.974 11.000
R_197 -29.616 -1015.709 13.000
K_198 -20.127 -818.649 16.000
H_199 -12.518 -583.484 13.000
S_200 -17.098 -90.060 11.000
V_201 0.000 613.196 8.000
S_202 -11.867 -90.060 6.000
P_203 0.000 -195.996 3.000
P_204 0.000 -195.996 3.000
P_205 0.000 -195.996 2.000
P_206 0.000 -195.996 2.000
Y_207 -1.718 -274.939 2.000
P_208 0.000 -195.996 4.000
G_209 0.000 -27.649 7.000
H_210 -9.978 -583.484 8.000
T_211 -14.420 -90.974 8.000
K_212 -14.420 -818.649 8.000
G_213 0.000 -27.649 11.000
F_214 0.000 560.542 8.000
R_215 -11.867 -1015.709 5.000
V_216 0.000 613.196 8.000
F_217 0.000 560.542 11.000
K_218 -15.425 -818.649 9.000
K_219 -15.425 -818.649 9.000
S_220 -17.811 -90.060 12.000
M_221 0.000 401.769 9.000
S_222 -11.867 -90.060 6.000
L_223 0.000 679.918 6.000
P_224 0.000 -195.996 8.000
S_225 -10.149 -90.060 5.000
H_226 -7.426 -583.484 5.000
