M_1 0.000 401.769 3.000
S_2 -13.255 -90.060 7.000
A_3 0.000 185.740 7.000
E_4 -16.691 -605.239 7.000
V_5 0.000 613.196 8.000
P_6 0.000 -195.996 8.000
E_7 -7.878 -605.239 4.000
A_8 0.000 185.740 7.000
A_9 0.000 185.740 7.000
S_10 -13.255 -90.060 7.000
A_11 0.000 185.740 11.000
E_12 -25.772 -605.239 15.000
E_13 -25.772 -605.239 15.000
Q_14 -28.359 -643.904 19.000
K_15 -19.613 -818.649 15.000
E_16 -25.772 -605.239 15.000
M_17 0.000 401.769 15.000
E_18 -25.772 -605.239 15.000
D_19 -22.253 -475.402 11.000
K_20 -19.059 -818.649 14.000
V_21 0.000 613.196 13.000
T_22 -15.425 -90.974 9.000
S_23 -16.309 -90.060 10.000
P_24 0.000 -195.996 13.000
E_25 -21.132 -605.239 10.000
K_26 -17.098 -818.649 11.000
A_27 0.000 185.740 15.000
E_28 -22.253 -605.239 11.000
E_29 -22.253 -605.239 11.000
A_30 0.000 185.740 11.000
K_31 -16.309 -818.649 10.000
L_32 0.000 679.918 6.000
K_33 -17.098 -818.649 11.000
A_34 0.000 185.740 10.000
R_35 -25.574 -1015.709 10.000
Y_36 -10.601 -274.939 9.000
P_37 0.000 -195.996 9.000
H_38 -6.160 -583.484 4.000
L_39 0.000 679.918 6.000
G_40 0.000 -27.649 9.000
Q_41 -16.691 -643.904 7.000
K_42 -13.255 -818.649 7.000
P_43 0.000 -195.996 7.000
G_44 0.000 -27.649 6.000
G_45 0.000 -27.649 7.000
S_46 -13.255 -90.060 7.000
D_47 -16.691 -475.402 7.000
F_48 0.000 560.542 12.000
L_49 0.000 679.918 12.000
R_50 -29.616 -1015.709 13.000
K_51 -18.462 -818.649 13.000
R_52 -33.508 -1015.709 17.000
L_53 0.000 679.918 15.000
Q_54 -23.258 -643.904 12.000
K_55 -17.098 -818.649 11.000
G_56 0.000 -27.649 14.000
Q_57 -23.258 -643.904 12.000
K_58 -15.425 -818.649 9.000
Y_59 -12.518 -274.939 13.000
F_60 0.000 560.542 12.000
D_61 -19.866 -475.402 9.000
S_62 -17.098 -90.060 11.000
G_63 0.000 -27.649 13.000
D_64 -24.169 -475.402 13.000
Y_65 -11.154 -274.939 10.000
N_66 -21.132 -507.047 10.000
M_67 0.000 401.769 9.000
A_68 0.000 185.740 7.000
K_69 -11.867 -818.649 6.000
A_70 0.000 185.740 6.000
K_71 -15.425 -818.649 9.000
M_72 0.000 401.769 10.000
K_73 -18.462 -818.649 13.000
N_74 -25.003 -507.047 14.000
K_75 -19.059 -818.649 14.000
Q_76 -22.253 -643.904 11.000
L_77 0.000 679.918 10.000
P_78 0.000 -195.996 7.000
T_79 -4.441 -90.974 3.000
A_80 0.000 185.740 3.000
A_81 0.000 185.740 7.000
P_82 0.000 -195.996 7.000
D_83 -21.132 -475.402 10.000
K_84 -19.059 -818.649 14.000
T_85 -19.059 -90.974 14.000
E_86 -24.169 -605.239 13.000
V_87 0.000 613.196 10.000
T_88 -17.098 -90.974 11.000
G_89 0.000 -27.649 9.000
D_90 -19.866 -475.402 9.000
H_91 -8.431 -583.484 6.000
I_92 0.000 777.529 9.000
P_93 0.000 -195.996 5.000
T_94 -13.255 -90.974 7.000
P_95 0.000 -195.996 11.000
Q_96 -22.253 -643.904 11.000
D_97 -18.409 -475.402 8.000
L_98 0.000 679.918 12.000
P_99 0.000 -195.996 13.000
Q_100 -23.258 -643.904 12.000
R_101 -28.412 -1015.709 12.000
K_102 -19.613 -818.649 15.000
P_103 0.000 -195.996 11.000
S_104 -11.867 -90.060 6.000
L_105 0.000 679.918 3.000
V_106 0.000 613.196 6.000
A_107 0.000 185.740 6.000
S_108 -11.867 -90.060 6.000
K_109 -11.867 -818.649 6.000
L_110 0.000 679.918 6.000
A_111 0.000 185.740 3.000
G_112 0.000 -27.649 0.000
