M_1 0.000 401.769 7.000
S_2 -16.309 -90.060 10.000
E_3 -24.169 -605.239 13.000
K_4 -18.462 -818.649 13.000
K_5 -19.059 -818.649 14.000
L_6 0.000 679.918 13.000
E_7 -24.169 -605.239 13.000
T_8 -16.309 -90.974 10.000
T_9 -19.059 -90.974 14.000
A_10 0.000 185.740 14.000
Q_11 -26.485 -643.904 16.000
Q_12 -26.485 -643.904 16.000
R_13 -32.645 -1015.709 16.000
K_14 -17.811 -818.649 12.000
C_15 0.000 322.480 12.000
P_16 0.000 -195.996 8.000
E_17 -11.867 -605.239 5.000
W_18 -5.447 -203.500 9.000
M_19 0.000 401.769 9.000
N_20 -19.866 -507.047 9.000
V_21 0.000 613.196 12.000
Q_22 -25.772 -643.904 15.000
N_23 -26.485 -507.047 16.000
K_24 -20.127 -818.649 16.000
R_25 -28.412 -1015.709 12.000
C_26 0.000 322.480 8.000
A_27 0.000 185.740 9.000
V_28 0.000 613.196 8.000
E_29 -24.169 -605.239 13.000
E_30 -26.485 -605.239 16.000
R_31 -32.645 -1015.709 16.000
K_32 -17.811 -818.649 12.000
A_33 0.000 185.740 8.000
C_34 0.000 322.480 8.000
V_35 0.000 613.196 8.000
R_36 -27.076 -1015.709 11.000
K_37 -17.098 -818.649 11.000
S_38 -17.098 -90.060 11.000
V_39 0.000 613.196 10.000
F_40 0.000 560.542 11.000
E_41 -23.258 -605.239 12.000
D_42 -23.258 -475.402 12.000
D_43 -23.258 -475.402 12.000
L_44 0.000 679.918 8.000
P_45 0.000 -195.996 4.000
F_46 0.000 560.542 4.000
L_47 0.000 679.918 4.000
E_48 -16.691 -605.239 7.000
F_49 0.000 560.542 7.000
T_50 -16.309 -90.974 10.000
G_51 0.000 -27.649 6.000
S_52 -11.867 -90.060 6.000
I_53 0.000 777.529 5.000
V_54 0.000 613.196 8.000
Y_55 -9.265 -274.939 7.000
S_56 -17.098 -90.060 11.000
Y_57 -11.652 -274.939 11.000
D_58 -23.258 -475.402 12.000
A_59 0.000 185.740 13.000
S_60 -17.098 -90.060 11.000
D_61 -21.132 -475.402 10.000
C_62 0.000 322.480 10.000
S_63 -13.255 -90.060 7.000
F_64 0.000 560.542 6.000
L_65 0.000 679.918 10.000
S_66 -17.098 -90.060 11.000
E_67 -22.253 -605.239 11.000
D_68 -25.003 -475.402 14.000
I_69 0.000 777.529 11.000
S_70 -16.309 -90.060 10.000
M_71 0.000 401.769 6.000
S_72 -15.425 -90.060 9.000
L_73 0.000 679.918 10.000
S_74 -16.309 -90.060 10.000
D_75 -22.253 -475.402 11.000
G_76 0.000 -27.649 11.000
D_77 -18.409 -475.402 8.000
V_78 0.000 613.196 4.000
V_79 0.000 613.196 4.000
G_80 0.000 -27.649 4.000
F_81 0.000 560.542 4.000
D_82 -18.409 -475.402 8.000
M_83 0.000 401.769 9.000
E_84 -19.866 -605.239 9.000
W_85 -3.990 -203.500 5.000
P_86 0.000 -195.996 5.000
P_87 0.000 -195.996 3.000
L_88 0.000 679.918 6.000
Y_89 -11.652 -274.939 11.000
N_90 -22.253 -507.047 11.000
R_91 -30.711 -1015.709 14.000
G_92 0.000 -27.649 12.000
K_93 -14.420 -818.649 8.000
L_94 0.000 679.918 6.000
G_95 0.000 -27.649 6.000
K_96 -4.441 -818.649 3.000
V_97 0.000 613.196 3.000
A_98 0.000 185.740 3.000
L_99 0.000 679.918 4.000
I_100 0.000 777.529 4.000
Q_101 -7.878 -643.904 4.000
L_102 0.000 679.918 4.000
C_103 0.000 322.480 7.000
V_104 0.000 613.196 7.000
S_105 -16.309 -90.060 10.000
E_106 -24.169 -605.239 13.000
S_107 -18.462 -90.060 13.000
K_108 -17.811 -818.649 12.000
C_109 0.000 322.480 8.000
Y_110 -7.426 -274.939 5.000
L_111 0.000 679.918 4.000
F_112 0.000 560.542 4.000
H_113 -7.426 -583.484 5.000
V_114 0.000 613.196 8.000
S_115 -14.420 -90.060 8.000
S_116 -15.425 -90.060 9.000
M_117 0.000 401.769 9.000
S_118 -11.867 -90.060 6.000
V_119 0.000 613.196 3.000
F_120 0.000 560.542 7.000
P_121 0.000 -195.996 4.000
Q_122 -7.878 -643.904 4.000
G_123 0.000 -27.649 7.000
L_124 0.000 679.918 7.000
K_125 -4.441 -818.649 3.000
M_126 0.000 401.769 3.000
L_127 0.000 679.918 7.000
L_128 0.000 679.918 8.000
E_129 -22.253 -605.239 11.000
N_130 -22.253 -507.047 11.000
K_131 -17.098 -818.649 11.000
A_132 0.000 185.740 10.000
V_133 0.000 613.196 9.000
K_134 -11.867 -818.649 6.000
K_135 -11.867 -818.649 6.000
A_136 0.000 185.740 6.000
G_137 0.000 -27.649 3.000
V_138 0.000 613.196 0.000
G_139 0.000 -27.649 4.000
I_140 0.000 777.529 4.000
E_141 -18.409 -605.239 8.000
G_142 0.000 -27.649 12.000
D_143 -24.169 -475.402 13.000
Q_144 -23.258 -643.904 12.000
W_145 -6.160 -203.500 12.000
K_146 -14.420 -818.649 8.000
L_147 0.000 679.918 9.000
L_148 0.000 679.918 12.000
R_149 -23.856 -1015.709 9.000
D_150 -24.169 -475.402 13.000
F_151 0.000 560.542 13.000
D_152 -22.253 -475.402 11.000
I_153 0.000 777.529 7.000
K_154 -16.309 -818.649 10.000
L_155 0.000 679.918 10.000
K_156 -16.309 -818.649 10.000
N_157 -16.691 -507.047 7.000
F_158 0.000 560.542 11.000
V_159 0.000 613.196 8.000
E_160 -16.691 -605.239 7.000
L_161 0.000 679.918 11.000
T_162 -17.098 -90.974 11.000
D_163 -16.691 -475.402 7.000
V_164 0.000 613.196 11.000
A_165 0.000 185.740 11.000
N_166 -21.132 -507.047 10.000
K_167 -16.309 -818.649 10.000
K_168 -18.462 -818.649 13.000
L_169 0.000 679.918 9.000
K_170 -15.425 -818.649 9.000
C_171 0.000 322.480 10.000
T_172 -18.462 -90.974 13.000
E_173 -22.253 -605.239 11.000
T_174 -19.059 -90.974 14.000
W_175 -5.944 -203.500 11.000
S_176 -17.098 -90.060 11.000
L_177 0.000 679.918 11.000
N_178 -21.132 -507.047 10.000
S_179 -13.255 -90.060 7.000
L_180 0.000 679.918 10.000
V_181 0.000 613.196 8.000
K_182 -10.149 -818.649 5.000
H_183 -7.426 -583.484 5.000
L_184 0.000 679.918 5.000
L_185 0.000 679.918 5.000
G_186 0.000 -27.649 7.000
K_187 -13.255 -818.649 7.000
Q_188 -16.691 -643.904 7.000
L_189 0.000 679.918 10.000
L_190 0.000 679.918 11.000
K_191 -16.309 -818.649 10.000
D_192 -24.169 -475.402 13.000
K_193 -18.462 -818.649 13.000
S_194 -19.613 -90.060 15.000
I_195 0.000 777.529 11.000
R_196 -27.076 -1015.709 11.000
C_197 0.000 322.480 12.000
S_198 -18.462 -90.060 13.000
N_199 -22.253 -507.047 11.000
W_200 -6.542 -203.500 14.000
S_201 -17.098 -90.060 11.000
K_202 -13.255 -818.649 7.000
F_203 0.000 560.542 6.000
P_204 0.000 -195.996 6.000
L_205 0.000 679.918 7.000
T_206 -17.098 -90.974 11.000
E_207 -25.772 -605.239 15.000
D_208 -27.773 -475.402 18.000
Q_209 -25.772 -643.904 15.000
K_210 -18.462 -818.649 13.000
L_211 0.000 679.918 9.000
Y_212 -7.426 -274.939 5.000
A_213 0.000 185.740 5.000
A_214 0.000 185.740 9.000
T_215 -13.255 -90.974 7.000
D_216 -19.866 -475.402 9.000
A_217 0.000 185.740 9.000
Y_218 -8.431 -274.939 6.000
A_219 0.000 185.740 2.000
G_220 0.000 -27.649 2.000
F_221 0.000 560.542 0.000
I_222 0.000 777.529 2.000
I_223 0.000 777.529 7.000
Y_224 -11.652 -274.939 11.000
R_225 -27.076 -1015.709 11.000
N_226 -25.772 -507.047 15.000
L_227 0.000 679.918 13.000
E_228 -18.409 -605.239 8.000
I_229 0.000 777.529 8.000
L_230 0.000 679.918 12.000
D_231 -22.253 -475.402 11.000
D_232 -22.253 -475.402 11.000
T_233 -19.613 -90.974 15.000
V_234 0.000 613.196 16.000
Q_235 -23.258 -643.904 12.000
R_236 -23.856 -1015.709 9.000
F_237 0.000 560.542 9.000
A_238 0.000 185.740 9.000
I_239 0.000 777.529 7.000
N_240 -22.253 -507.047 11.000
K_241 -19.613 -818.649 15.000
E_242 -28.359 -605.239 19.000
E_243 -25.772 -605.239 15.000
E_244 -23.258 -605.239 12.000
I_245 0.000 777.529 8.000
L_246 0.000 679.918 7.000
L_247 0.000 679.918 7.000
S_248 -13.255 -90.060 7.000
D_249 -22.253 -475.402 11.000
M_250 0.000 401.769 14.000
N_251 -25.772 -507.047 15.000
K_252 -17.098 -818.649 11.000
Q_253 -25.003 -643.904 14.000
L_254 0.000 679.918 13.000
T_255 -16.309 -90.974 10.000
S_256 -15.425 -90.060 9.000
I_257 0.000 777.529 13.000
S_258 -19.059 -90.060 14.000
E_259 -22.253 -605.239 11.000
E_260 -22.253 -605.239 11.000
V_261 0.000 613.196 12.000
M_262 0.000 401.769 8.000
D_263 -7.878 -475.402 4.000
L_264 0.000 679.918 7.000
A_265 0.000 185.740 9.000
K_266 -10.149 -818.649 5.000
H_267 -7.426 -583.484 5.000
L_268 0.000 679.918 7.000
P_269 0.000 -195.996 4.000
H_270 -1.718 -583.484 2.000
A_271 0.000 185.740 5.000
F_272 0.000 560.542 8.000
S_273 -11.867 -90.060 6.000
K_274 -16.309 -818.649 10.000
L_275 0.000 679.918 14.000
E_276 -22.253 -605.239 11.000
N_277 -24.169 -507.047 13.000
P_278 0.000 -195.996 18.000
R_279 -30.711 -1015.709 14.000
R_280 -29.616 -1015.709 13.000
V_281 0.000 613.196 13.000
S_282 -14.420 -90.060 8.000
I_283 0.000 777.529 3.000
L_284 0.000 679.918 6.000
L_285 0.000 679.918 7.000
K_286 -13.255 -818.649 7.000
D_287 -21.132 -475.402 10.000
I_288 0.000 777.529 14.000
S_289 -19.613 -90.060 15.000
E_290 -22.253 -605.239 11.000
N_291 -24.169 -507.047 13.000
L_292 0.000 679.918 13.000
Y_293 -10.601 -274.939 9.000
S_294 -16.309 -90.060 10.000
L_295 0.000 679.918 15.000
R_296 -29.616 -1015.709 13.000
R_297 -25.574 -1015.709 10.000
M_298 0.000 401.769 10.000
I_299 0.000 777.529 5.000
I_300 0.000 777.529 3.000
G_301 0.000 -27.649 6.000
S_302 -16.309 -90.060 10.000
T_303 -16.309 -90.974 10.000
N_304 -25.003 -507.047 14.000
I_305 0.000 777.529 14.000
E_306 -25.772 -605.239 15.000
T_307 -17.098 -90.974 11.000
E_308 -26.485 -605.239 16.000
L_309 0.000 679.918 12.000
R_310 -28.412 -1015.709 12.000
P_311 0.000 -195.996 12.000
S_312 -20.127 -90.060 16.000
N_313 -22.253 -507.047 11.000
N_314 -25.772 -507.047 15.000
L_315 0.000 679.918 12.000
N_316 -18.409 -507.047 8.000
L_317 0.000 679.918 7.000
L_318 0.000 679.918 7.000
S_319 -13.255 -90.060 7.000
F_320 0.000 560.542 11.000
E_321 -25.003 -605.239 14.000
D_322 -25.003 -475.402 14.000
S_323 -20.609 -90.060 17.000
T_324 -18.462 -90.974 13.000
T_325 -15.425 -90.974 9.000
G_326 0.000 -27.649 6.000
G_327 0.000 -27.649 7.000
V_328 0.000 613.196 8.000
Q_329 -22.253 -643.904 11.000
Q_330 -25.772 -643.904 15.000
K_331 -19.613 -818.649 15.000
Q_332 -26.485 -643.904 16.000
I_333 0.000 777.529 16.000
R_334 -31.716 -1015.709 15.000
E_335 -25.772 -605.239 15.000
H_336 -13.255 -583.484 15.000
E_337 -21.132 -605.239 10.000
V_338 0.000 613.196 6.000
L_339 0.000 679.918 6.000
I_340 0.000 777.529 2.000
H_341 -8.431 -583.484 6.000
V_342 0.000 613.196 10.000
E_343 -25.003 -605.239 14.000
D_344 -25.772 -475.402 15.000
E_345 -26.485 -605.239 16.000
T_346 -20.127 -90.974 16.000
W_347 -6.160 -203.500 12.000
D_348 -22.253 -475.402 11.000
P_349 0.000 -195.996 8.000
T_350 -17.098 -90.974 11.000
L_351 0.000 679.918 9.000
D_352 -19.866 -475.402 9.000
H_353 -8.431 -583.484 6.000
L_354 0.000 679.918 9.000
A_355 0.000 185.740 7.000
K_356 -15.425 -818.649 9.000
H_357 -10.601 -583.484 9.000
D_358 -24.169 -475.402 13.000
G_359 0.000 -27.649 14.000
E_360 -23.258 -605.239 12.000
D_361 -18.409 -475.402 8.000
V_362 0.000 613.196 8.000
L_363 0.000 679.918 8.000
G_364 0.000 -27.649 7.000
N_365 -16.691 -507.047 7.000
K_366 -17.098 -818.649 11.000
V_367 0.000 613.196 16.000
E_368 -25.772 -605.239 15.000
R_369 -32.645 -1015.709 16.000
K_370 -21.889 -818.649 20.000
E_371 -26.485 -605.239 16.000
D_372 -22.253 -475.402 11.000
G_373 0.000 -27.649 12.000
F_374 0.000 560.542 12.000
E_375 -18.409 -605.239 8.000
D_376 -18.409 -475.402 8.000
G_377 0.000 -27.649 12.000
V_378 0.000 613.196 12.000
E_379 -23.258 -605.239 12.000
D_380 -25.772 -475.402 15.000
N_381 -25.772 -507.047 15.000
K_382 -19.059 -818.649 14.000
L_383 0.000 679.918 14.000
K_384 -19.059 -818.649 14.000
E_385 -22.253 -605.239 11.000
N_386 -25.772 -507.047 15.000
M_387 0.000 401.769 17.000
E_388 -24.169 -605.239 13.000
R_389 -23.856 -1015.709 9.000
A_390 0.000 185.740 9.000
C_391 0.000 322.480 5.000
L_392 0.000 679.918 3.000
M_393 0.000 401.769 3.000
S_394 -13.255 -90.060 7.000
L_395 0.000 679.918 7.000
D_396 -21.132 -475.402 10.000
I_397 0.000 777.529 11.000
T_398 -18.462 -90.974 13.000
E_399 -24.169 -605.239 13.000
H_400 -12.518 -583.484 13.000
E_401 -25.003 -605.239 14.000
L_402 0.000 679.918 10.000
Q_403 -18.409 -643.904 8.000
I_404 0.000 777.529 8.000
L_405 0.000 679.918 12.000
E_406 -23.258 -605.239 12.000
Q_407 -25.772 -643.904 15.000
Q_408 -28.359 -643.904 19.000
S_409 -21.486 -90.060 19.000
Q_410 -28.359 -643.904 19.000
E_411 -27.150 -605.239 17.000
E_412 -25.003 -605.239 14.000
Y_413 -12.518 -274.939 13.000
L_414 0.000 679.918 13.000
S_415 -15.425 -90.060 9.000
D_416 -16.691 -475.402 7.000
I_417 0.000 777.529 9.000
A_418 0.000 185.740 9.000
Y_419 -9.978 -274.939 8.000
K_420 -17.098 -818.649 11.000
S_421 -19.613 -90.060 15.000
T_422 -19.613 -90.974 15.000
E_423 -23.258 -605.239 12.000
H_424 -12.104 -583.484 12.000
L_425 0.000 679.918 9.000
S_426 -15.425 -90.060 9.000
P_427 0.000 -195.996 11.000
N_428 -25.772 -507.047 15.000
D_429 -26.485 -475.402 16.000
N_430 -28.912 -507.047 20.000
E_431 -28.912 -605.239 20.000
N_432 -28.359 -507.047 19.000
D_433 -27.773 -475.402 18.000
T_434 -20.127 -90.974 16.000
S_435 -17.811 -90.060 12.000
Y_436 -9.978 -274.939 8.000
V_437 0.000 613.196 9.000
I_438 0.000 777.529 9.000
E_439 -22.253 -605.239 11.000
S_440 -19.613 -90.060 15.000
D_441 -28.359 -475.402 19.000
E_442 -25.772 -605.239 15.000
D_443 -26.485 -475.402 16.000
L_444 0.000 679.918 12.000
E_445 -23.258 -605.239 12.000
M_446 0.000 401.769 8.000
E_447 -18.409 -605.239 8.000
M_448 0.000 401.769 7.000
L_449 0.000 679.918 9.000
K_450 -10.149 -818.649 5.000
H_451 -9.978 -583.484 8.000
L_452 0.000 679.918 8.000
S_453 -15.425 -90.060 9.000
P_454 0.000 -195.996 11.000
N_455 -25.772 -507.047 15.000
D_456 -26.485 -475.402 16.000
N_457 -28.912 -507.047 20.000
E_458 -28.912 -605.239 20.000
N_459 -28.359 -507.047 19.000
D_460 -27.773 -475.402 18.000
T_461 -20.127 -90.974 16.000
S_462 -17.811 -90.060 12.000
Y_463 -9.978 -274.939 8.000
V_464 0.000 613.196 9.000
I_465 0.000 777.529 9.000
E_466 -22.253 -605.239 11.000
S_467 -19.613 -90.060 15.000
D_468 -28.359 -475.402 19.000
E_469 -25.772 -605.239 15.000
D_470 -26.485 -475.402 16.000
L_471 0.000 679.918 12.000
E_472 -23.258 -605.239 12.000
M_473 0.000 401.769 8.000
E_474 -18.409 -605.239 8.000
M_475 0.000 401.769 7.000
L_476 0.000 679.918 10.000
K_477 -11.867 -818.649 6.000
S_478 -16.309 -90.060 10.000
L_479 0.000 679.918 14.000
E_480 -22.253 -605.239 11.000
N_481 -23.258 -507.047 12.000
L_482 0.000 679.918 15.000
N_483 -22.253 -507.047 11.000
S_484 -16.309 -90.060 10.000
G_485 0.000 -27.649 10.000
T_486 -16.309 -90.974 10.000
V_487 0.000 613.196 7.000
E_488 -21.132 -605.239 10.000
P_489 0.000 -195.996 9.000
T_490 -17.811 -90.974 12.000
H_491 -11.652 -583.484 11.000
S_492 -17.098 -90.060 11.000
K_493 -14.420 -818.649 8.000
C_494 0.000 322.480 9.000
L_495 0.000 679.918 6.000
K_496 -13.255 -818.649 7.000
M_497 0.000 401.769 12.000
E_498 -26.485 -605.239 16.000
R_499 -29.616 -1015.709 13.000
N_500 -24.169 -507.047 13.000
L_501 0.000 679.918 9.000
G_502 0.000 -27.649 4.000
L_503 0.000 679.918 3.000
P_504 0.000 -195.996 6.000
T_505 -16.309 -90.974 10.000
K_506 -19.059 -818.649 14.000
E_507 -27.773 -605.239 18.000
E_508 -28.359 -605.239 19.000
E_509 -28.912 -605.239 20.000
E_510 -28.912 -605.239 20.000
D_511 -28.912 -475.402 20.000
D_512 -28.912 -475.402 20.000
E_513 -28.912 -605.239 20.000
N_514 -26.485 -507.047 16.000
E_515 -26.485 -605.239 16.000
A_516 0.000 185.740 16.000
N_517 -23.258 -507.047 12.000
E_518 -23.258 -605.239 12.000
G_519 0.000 -27.649 16.000
E_520 -26.485 -605.239 16.000
E_521 -26.485 -605.239 16.000
D_522 -28.912 -475.402 20.000
D_523 -28.359 -475.402 19.000
D_524 -28.359 -475.402 19.000
K_525 -19.613 -818.649 15.000
D_526 -22.253 -475.402 11.000
F_527 0.000 560.542 8.000
L_528 0.000 679.918 5.000
W_529 -0.000 -203.500 1.000
P_530 0.000 -195.996 1.000
A_531 0.000 185.740 5.000
P_532 0.000 -195.996 8.000
N_533 -23.258 -507.047 12.000
E_534 -26.485 -605.239 16.000
E_535 -26.485 -605.239 16.000
Q_536 -25.772 -643.904 15.000
V_537 0.000 613.196 11.000
T_538 -13.255 -90.974 7.000
C_539 0.000 322.480 6.000
L_540 0.000 679.918 6.000
K_541 -10.149 -818.649 5.000
M_542 0.000 401.769 5.000
Y_543 -7.426 -274.939 5.000
F_544 0.000 560.542 4.000
G_545 0.000 -27.649 7.000
H_546 -9.978 -583.484 8.000
S_547 -14.420 -90.060 8.000
S_548 -17.098 -90.060 11.000
F_549 0.000 560.542 9.000
K_550 -11.867 -818.649 6.000
P_551 0.000 -195.996 7.000
V_552 0.000 613.196 8.000
Q_553 -18.409 -643.904 8.000
W_554 -5.155 -203.500 8.000
K_555 -14.420 -818.649 8.000
V_556 0.000 613.196 6.000
I_557 0.000 777.529 8.000
H_558 -7.426 -583.484 5.000
S_559 -10.149 -90.060 5.000
V_560 0.000 613.196 9.000
L_561 0.000 679.918 11.000
E_562 -24.169 -605.239 13.000
E_563 -27.773 -605.239 18.000
R_564 -37.098 -1015.709 22.000
R_565 -37.098 -1015.709 22.000
D_566 -27.773 -475.402 18.000
N_567 -24.169 -507.047 13.000
V_568 0.000 613.196 8.000
A_569 0.000 185.740 4.000
V_570 0.000 613.196 0.000
M_571 0.000 401.769 3.000
A_572 0.000 185.740 3.000
T_573 -10.149 -90.974 5.000
G_574 0.000 -27.649 5.000
Y_575 -9.978 -274.939 8.000
G_576 0.000 -27.649 8.000
K_577 -14.420 -818.649 8.000
S_578 -11.867 -90.060 6.000
L_579 0.000 679.918 6.000
C_580 0.000 322.480 7.000
F_581 0.000 560.542 6.000
Q_582 -14.591 -643.904 6.000
Y_583 -8.431 -274.939 6.000
P_584 0.000 -195.996 6.000
P_585 0.000 -195.996 4.000
V_586 0.000 613.196 2.000
Y_587 -1.718 -274.939 2.000
V_588 0.000 613.196 5.000
G_589 0.000 -27.649 5.000
K_590 -4.441 -818.649 3.000
I_591 0.000 777.529 3.000
G_592 0.000 -27.649 3.000
L_593 0.000 679.918 0.000
V_594 0.000 613.196 3.000
I_595 0.000 777.529 3.000
S_596 -4.441 -90.060 3.000
P_597 0.000 -195.996 3.000
L_598 0.000 679.918 6.000
I_599 0.000 777.529 3.000
S_600 -4.441 -90.060 3.000
L_601 0.000 679.918 7.000
M_602 0.000 401.769 11.000
E_603 -23.258 -605.239 12.000
D_604 -23.258 -475.402 12.000
Q_605 -23.258 -643.904 12.000
V_606 0.000 613.196 12.000
L_607 0.000 679.918 8.000
Q_608 -16.691 -643.904 7.000
L_609 0.000 679.918 7.000
K_610 -16.309 -818.649 10.000
M_611 0.000 401.769 10.000
S_612 -16.309 -90.060 10.000
N_613 -16.691 -507.047 7.000
I_614 0.000 777.529 7.000
P_615 0.000 -195.996 4.000
A_616 0.000 185.740 0.000
C_617 0.000 322.480 0.000
F_618 0.000 560.542 0.000
L_619 0.000 679.918 3.000
G_620 0.000 -27.649 3.000
S_621 -13.255 -90.060 7.000
A_622 0.000 185.740 10.000
Q_623 -25.003 -643.904 14.000
S_624 -19.613 -90.060 15.000
E_625 -25.772 -605.239 15.000
N_626 -22.253 -507.047 11.000
V_627 0.000 613.196 11.000
L_628 0.000 679.918 11.000
T_629 -13.255 -90.974 7.000
D_630 -21.132 -475.402 10.000
I_631 0.000 777.529 10.000
K_632 -13.255 -818.649 7.000
L_633 0.000 679.918 6.000
G_634 0.000 -27.649 8.000
K_635 -16.309 -818.649 10.000
Y_636 -11.154 -274.939 10.000
R_637 -25.574 -1015.709 10.000
I_638 0.000 777.529 9.000
V_639 0.000 613.196 7.000
Y_640 -7.426 -274.939 5.000
V_641 0.000 613.196 5.000
T_642 -15.425 -90.974 9.000
P_643 0.000 -195.996 9.000
E_644 -19.866 -605.239 9.000
Y_645 -10.601 -274.939 9.000
C_646 0.000 322.480 9.000
S_647 -15.425 -90.060 9.000
G_648 0.000 -27.649 7.000
N_649 -16.691 -507.047 7.000
M_650 0.000 401.769 4.000
G_651 0.000 -27.649 4.000
L_652 0.000 679.918 4.000
L_653 0.000 679.918 8.000
Q_654 -18.409 -643.904 8.000
Q_655 -23.258 -643.904 12.000
L_656 0.000 679.918 12.000
E_657 -23.258 -605.239 12.000
A_658 0.000 185.740 8.000
D_659 -18.409 -475.402 8.000
I_660 0.000 777.529 4.000
G_661 0.000 -27.649 7.000
I_662 0.000 777.529 3.000
T_663 -4.441 -90.974 3.000
L_664 0.000 679.918 3.000
I_665 0.000 777.529 3.000
A_666 0.000 185.740 4.000
V_667 0.000 613.196 8.000
D_668 -18.409 -475.402 8.000
E_669 -21.132 -605.239 10.000
A_670 0.000 185.740 10.000
H_671 -8.431 -583.484 6.000
C_672 0.000 322.480 5.000
I_673 0.000 777.529 9.000
S_674 -14.420 -90.060 8.000
E_675 -18.409 -605.239 8.000
W_676 -5.708 -203.500 10.000
G_677 0.000 -27.649 11.000
H_678 -9.265 -583.484 7.000
D_679 -22.253 -475.402 11.000
F_680 0.000 560.542 15.000
R_681 -32.645 -1015.709 16.000
D_682 -23.258 -475.402 12.000
S_683 -20.609 -90.060 17.000
F_684 0.000 560.542 15.000
R_685 -27.076 -1015.709 11.000
K_686 -14.420 -818.649 8.000
L_687 0.000 679.918 11.000
G_688 0.000 -27.649 6.000
S_689 -11.867 -90.060 6.000
L_690 0.000 679.918 9.000
K_691 -15.425 -818.649 9.000
T_692 -11.867 -90.974 6.000
A_693 0.000 185.740 6.000
L_694 0.000 679.918 3.000
P_695 0.000 -195.996 0.000
M_696 0.000 401.769 0.000
V_697 0.000 613.196 0.000
P_698 0.000 -195.996 0.000
I_699 0.000 777.529 0.000
V_700 0.000 613.196 0.000
A_701 0.000 185.740 3.000
L_702 0.000 679.918 3.000
T_703 -11.867 -90.974 6.000
A_704 0.000 185.740 6.000
T_705 -15.425 -90.974 9.000
A_706 0.000 185.740 9.000
S_707 -17.811 -90.060 12.000
S_708 -15.425 -90.060 9.000
S_709 -19.059 -90.060 14.000
I_710 0.000 777.529 15.000
R_711 -32.645 -1015.709 16.000
E_712 -24.169 -605.239 13.000
D_713 -24.169 -475.402 13.000
I_714 0.000 777.529 13.000
V_715 0.000 613.196 9.000
R_716 -11.867 -1015.709 5.000
C_717 0.000 322.480 9.000
L_718 0.000 679.918 9.000
N_719 -19.866 -507.047 9.000
L_720 0.000 679.918 13.000
R_721 -29.616 -1015.709 13.000
N_722 -24.169 -507.047 13.000
P_723 0.000 -195.996 13.000
Q_724 -22.253 -643.904 11.000
I_725 0.000 777.529 7.000
T_726 -16.309 -90.974 10.000
C_727 0.000 322.480 6.000
T_728 -11.867 -90.974 6.000
G_729 0.000 -27.649 7.000
F_730 0.000 560.542 12.000
D_731 -19.866 -475.402 9.000
R_732 -29.616 -1015.709 13.000
P_733 0.000 -195.996 13.000
N_734 -22.253 -507.047 11.000
L_735 0.000 679.918 6.000
Y_736 -11.154 -274.939 10.000
L_737 0.000 679.918 6.000
E_738 -22.253 -605.239 11.000
V_739 0.000 613.196 14.000
R_740 -33.508 -1015.709 17.000
R_741 -32.645 -1015.709 16.000
K_742 -20.127 -818.649 16.000
T_743 -19.613 -90.974 15.000
G_744 0.000 -27.649 10.000
N_745 -16.691 -507.047 7.000
I_746 0.000 777.529 8.000
L_747 0.000 679.918 12.000
Q_748 -18.409 -643.904 8.000
D_749 -23.258 -475.402 12.000
L_750 0.000 679.918 12.000
Q_751 -18.409 -643.904 8.000
P_752 0.000 -195.996 4.000
F_753 0.000 560.542 4.000
L_754 0.000 679.918 3.000
V_755 0.000 613.196 6.000
K_756 -15.425 -818.649 9.000
T_757 -17.811 -90.974 12.000
S_758 -19.059 -90.060 14.000
S_759 -17.811 -90.060 12.000
H_760 -12.518 -583.484 13.000
W_761 -5.708 -203.500 10.000
E_762 -22.253 -605.239 11.000
F_763 0.000 560.542 9.000
E_764 -18.409 -605.239 8.000
G_765 0.000 -27.649 7.000
P_766 0.000 -195.996 7.000
T_767 -4.441 -90.974 3.000
I_768 0.000 777.529 5.000
I_769 0.000 777.529 5.000
Y_770 -1.718 -274.939 2.000
C_771 0.000 322.480 5.000
P_772 0.000 -195.996 10.000
S_773 -17.098 -90.060 11.000
R_774 -27.076 -1015.709 11.000
K_775 -19.059 -818.649 14.000
M_776 0.000 401.769 15.000
T_777 -19.059 -90.974 14.000
Q_778 -22.253 -643.904 11.000
Q_779 -25.003 -643.904 14.000
V_780 0.000 613.196 11.000
T_781 -17.098 -90.974 11.000
G_782 0.000 -27.649 7.000
E_783 -23.258 -605.239 12.000
L_784 0.000 679.918 12.000
R_785 -28.412 -1015.709 12.000
K_786 -17.811 -818.649 12.000
L_787 0.000 679.918 12.000
N_788 -21.132 -507.047 10.000
L_789 0.000 679.918 7.000
S_790 -13.255 -90.060 7.000
C_791 0.000 322.480 6.000
G_792 0.000 -27.649 8.000
T_793 -13.255 -90.974 7.000
Y_794 -9.265 -274.939 7.000
H_795 -9.265 -583.484 7.000
A_796 0.000 185.740 4.000
G_797 0.000 -27.649 5.000
M_798 0.000 401.769 3.000
S_799 -11.867 -90.060 6.000
F_800 0.000 560.542 9.000
S_801 -19.059 -90.060 14.000
T_802 -19.059 -90.974 14.000
R_803 -34.315 -1015.709 18.000
K_804 -19.613 -818.649 15.000
D_805 -25.003 -475.402 14.000
I_806 0.000 777.529 11.000
H_807 -12.518 -583.484 13.000
H_808 -10.601 -583.484 9.000
R_809 -23.856 -1015.709 9.000
F_810 0.000 560.542 12.000
V_811 0.000 613.196 14.000
R_812 -29.616 -1015.709 13.000
D_813 -24.169 -475.402 13.000
E_814 -27.150 -605.239 17.000
I_815 0.000 777.529 12.000
Q_816 -18.409 -643.904 8.000
C_817 0.000 322.480 4.000
V_818 0.000 613.196 4.000
I_819 0.000 777.529 3.000
A_820 0.000 185.740 3.000
T_821 -4.441 -90.974 3.000
I_822 0.000 777.529 3.000
A_823 0.000 185.740 3.000
F_824 0.000 560.542 0.000
G_825 0.000 -27.649 0.000
M_826 0.000 401.769 0.000
G_827 0.000 -27.649 4.000
I_828 0.000 777.529 7.000
N_829 -16.691 -507.047 7.000
K_830 -17.098 -818.649 11.000
A_831 0.000 185.740 11.000
D_832 -23.258 -475.402 12.000
I_833 0.000 777.529 13.000
R_834 -29.616 -1015.709 13.000
Q_835 -19.866 -643.904 9.000
V_836 0.000 613.196 11.000
I_837 0.000 777.529 8.000
H_838 -6.160 -583.484 4.000
Y_839 -6.160 -274.939 4.000
G_840 0.000 -27.649 4.000
A_841 0.000 185.740 5.000
P_842 0.000 -195.996 7.000
K_843 -13.255 -818.649 7.000
D_844 -22.253 -475.402 11.000
M_845 0.000 401.769 14.000
E_846 -24.169 -605.239 13.000
S_847 -17.098 -90.060 11.000
Y_848 -13.255 -274.939 15.000
Y_849 -13.255 -274.939 15.000
Q_850 -23.258 -643.904 12.000
E_851 -21.132 -605.239 10.000
I_852 0.000 777.529 13.000
G_853 0.000 -27.649 9.000
R_854 -11.867 -1015.709 5.000
A_855 0.000 185.740 10.000
G_856 0.000 -27.649 14.000
R_857 -23.856 -1015.709 9.000
D_858 -19.866 -475.402 9.000
G_859 0.000 -27.649 13.000
L_860 0.000 679.918 11.000
Q_861 -21.132 -643.904 10.000
S_862 -16.309 -90.060 10.000
S_863 -17.811 -90.060 12.000
C_864 0.000 322.480 8.000
H_865 -7.426 -583.484 5.000
V_866 0.000 613.196 3.000
L_867 0.000 679.918 3.000
W_868 -0.000 -203.500 1.000
A_869 0.000 185.740 1.000
P_870 0.000 -195.996 5.000
A_871 0.000 185.740 4.000
D_872 -18.409 -475.402 8.000
I_873 0.000 777.529 8.000
N_874 -23.258 -507.047 12.000
L_875 0.000 679.918 13.000
N_876 -25.772 -507.047 15.000
R_877 -27.076 -1015.709 11.000
H_878 -11.652 -583.484 11.000
L_879 0.000 679.918 10.000
L_880 0.000 679.918 9.000
T_881 -13.255 -90.974 7.000
E_882 -23.258 -605.239 12.000
I_883 0.000 777.529 16.000
R_884 -33.508 -1015.709 17.000
N_885 -26.485 -507.047 16.000
E_886 -26.485 -605.239 16.000
K_887 -20.127 -818.649 16.000
F_888 0.000 560.542 12.000
R_889 -25.574 -1015.709 10.000
L_890 0.000 679.918 10.000
Y_891 -11.154 -274.939 10.000
K_892 -14.420 -818.649 8.000
L_893 0.000 679.918 8.000
K_894 -11.867 -818.649 6.000
M_895 0.000 401.769 3.000
M_896 0.000 401.769 6.000
A_897 0.000 185.740 3.000
K_898 -13.255 -818.649 7.000
M_899 0.000 401.769 10.000
E_900 -23.258 -605.239 12.000
K_901 -15.425 -818.649 9.000
Y_902 -11.652 -274.939 11.000
L_903 0.000 679.918 10.000
H_904 -11.154 -583.484 10.000
S_905 -18.462 -90.060 13.000
S_906 -18.462 -90.060 13.000
R_907 -32.645 -1015.709 16.000
C_908 0.000 322.480 18.000
R_909 -35.072 -1015.709 19.000
R_910 -30.711 -1015.709 14.000
Q_911 -25.003 -643.904 14.000
I_912 0.000 777.529 9.000
I_913 0.000 777.529 7.000
L_914 0.000 679.918 5.000
S_915 -10.149 -90.060 5.000
H_916 -10.601 -583.484 9.000
F_917 0.000 560.542 13.000
E_918 -24.169 -605.239 13.000
D_919 -25.772 -475.402 15.000
K_920 -19.613 -818.649 15.000
Q_921 -25.772 -643.904 15.000
V_922 0.000 613.196 14.000
Q_923 -22.253 -643.904 11.000
K_924 -16.309 -818.649 10.000
A_925 0.000 185.740 10.000
S_926 -11.867 -90.060 6.000
L_927 0.000 679.918 3.000
G_928 0.000 -27.649 3.000
I_929 0.000 777.529 0.000
M_930 0.000 401.769 3.000
G_931 0.000 -27.649 7.000
T_932 -16.309 -90.974 10.000
E_933 -21.132 -605.239 10.000
K_934 -16.309 -818.649 10.000
C_935 0.000 322.480 11.000
C_936 0.000 322.480 11.000
D_937 -18.409 -475.402 8.000
N_938 -24.169 -507.047 13.000
C_939 0.000 322.480 16.000
R_940 -33.508 -1015.709 17.000
S_941 -18.462 -90.060 13.000
R_942 -33.508 -1015.709 17.000
L_943 0.000 679.918 14.000
D_944 -22.253 -475.402 11.000
H_945 -9.978 -583.484 8.000
C_946 0.000 322.480 11.000
Y_947 -9.265 -274.939 7.000
S_948 -15.425 -90.060 9.000
M_949 0.000 401.769 13.000
D_950 -25.003 -475.402 14.000
D_951 -25.772 -475.402 15.000
S_952 -21.486 -90.060 19.000
E_953 -27.773 -605.239 18.000
D_954 -27.150 -475.402 17.000
T_955 -19.613 -90.974 15.000
S_956 -19.613 -90.060 15.000
W_957 -5.944 -203.500 11.000
D_958 -18.409 -475.402 8.000
F_959 0.000 560.542 5.000
G_960 0.000 -27.649 8.000
P_961 0.000 -195.996 4.000
Q_962 -7.878 -643.904 4.000
A_963 0.000 185.740 7.000
F_964 0.000 560.542 7.000
K_965 -4.441 -818.649 3.000
L_966 0.000 679.918 6.000
L_967 0.000 679.918 6.000
S_968 -4.441 -90.060 3.000
A_969 0.000 185.740 7.000
V_970 0.000 613.196 7.000
D_971 -7.878 -475.402 4.000
I_972 0.000 777.529 4.000
L_973 0.000 679.918 8.000
G_974 0.000 -27.649 7.000
E_975 -16.691 -605.239 7.000
K_976 -13.255 -818.649 7.000
F_977 0.000 560.542 7.000
G_978 0.000 -27.649 3.000
I_979 0.000 777.529 0.000
G_980 0.000 -27.649 0.000
L_981 0.000 679.918 0.000
P_982 0.000 -195.996 0.000
I_983 0.000 777.529 0.000
L_984 0.000 679.918 0.000
F_985 0.000 560.542 5.000
L_986 0.000 679.918 5.000
R_987 -21.845 -1015.709 8.000
G_988 0.000 -27.649 12.000
S_989 -19.613 -90.060 15.000
N_990 -25.003 -507.047 14.000
S_991 -21.486 -90.060 19.000
Q_992 -26.485 -643.904 16.000
R_993 -28.412 -1015.709 12.000
L_994 0.000 679.918 13.000
A_995 0.000 185.740 13.000
D_996 -21.132 -475.402 10.000
Q_997 -25.772 -643.904 15.000
Y_998 -14.725 -274.939 20.000
R_999 -34.315 -1015.709 18.000
R_1000 -33.508 -1015.709 17.000
H_1001 -13.255 -583.484 15.000
S_1002 -16.309 -90.060 10.000
L_1003 0.000 679.918 5.000
F_1004 0.000 560.542 6.000
G_1005 0.000 -27.649 3.000
T_1006 -11.867 -90.974 6.000
G_1007 0.000 -27.649 10.000
K_1008 -19.059 -818.649 14.000
D_1009 -25.003 -475.402 14.000
Q_1010 -27.773 -643.904 18.000
T_1011 -21.060 -90.974 18.000
E_1012 -25.772 -605.239 15.000
S_1013 -17.811 -90.060 12.000
W_1014 -6.160 -203.500 12.000
W_1015 -5.155 -203.500 8.000
K_1016 -10.149 -818.649 5.000
A_1017 0.000 185.740 7.000
F_1018 0.000 560.542 11.000
S_1019 -17.811 -90.060 12.000
R_1020 -28.412 -1015.709 12.000
Q_1021 -23.258 -643.904 12.000
L_1022 0.000 679.918 12.000
I_1023 0.000 777.529 11.000
T_1024 -13.255 -90.974 7.000
E_1025 -16.691 -605.239 7.000
G_1026 0.000 -27.649 7.000
F_1027 0.000 560.542 4.000
L_1028 0.000 679.918 4.000
V_1029 0.000 613.196 4.000
E_1030 -16.691 -605.239 7.000
V_1031 0.000 613.196 12.000
S_1032 -19.059 -90.060 14.000
R_1033 -30.711 -1015.709 14.000
Y_1034 -13.896 -274.939 17.000
N_1035 -25.003 -507.047 14.000
K_1036 -15.425 -818.649 9.000
F_1037 0.000 560.542 10.000
M_1038 0.000 401.769 6.000
K_1039 -4.441 -818.649 3.000
I_1040 0.000 777.529 3.000
C_1041 0.000 322.480 3.000
A_1042 0.000 185.740 3.000
L_1043 0.000 679.918 6.000
T_1044 -15.425 -90.974 9.000
K_1045 -15.425 -818.649 9.000
K_1046 -19.059 -818.649 14.000
G_1047 0.000 -27.649 15.000
R_1048 -29.616 -1015.709 13.000
N_1049 -21.132 -507.047 10.000
W_1050 -6.160 -203.500 12.000
L_1051 0.000 679.918 10.000
H_1052 -8.431 -583.484 6.000
K_1053 -15.425 -818.649 9.000
A_1054 0.000 185.740 12.000
N_1055 -25.003 -507.047 14.000
T_1056 -19.059 -90.974 14.000
E_1057 -27.773 -605.239 18.000
S_1058 -20.609 -90.060 17.000
Q_1059 -25.003 -643.904 14.000
S_1060 -16.309 -90.060 10.000
L_1061 0.000 679.918 7.000
I_1062 0.000 777.529 7.000
L_1063 0.000 679.918 4.000
Q_1064 -18.409 -643.904 8.000
A_1065 0.000 185.740 12.000
N_1066 -26.485 -507.047 16.000
E_1067 -23.258 -605.239 12.000
E_1068 -23.258 -605.239 12.000
L_1069 0.000 679.918 8.000
C_1070 0.000 322.480 7.000
P_1071 0.000 -195.996 6.000
K_1072 -11.867 -818.649 6.000
K_1073 -11.867 -818.649 6.000
L_1074 0.000 679.918 6.000
L_1075 0.000 679.918 3.000
L_1076 0.000 679.918 3.000
P_1077 0.000 -195.996 6.000
S_1078 -15.425 -90.060 9.000
S_1079 -17.811 -90.060 12.000
K_1080 -17.811 -818.649 12.000
T_1081 -17.811 -90.974 12.000
V_1082 0.000 613.196 12.000
S_1083 -15.425 -90.060 9.000
S_1084 -15.425 -90.060 9.000
G_1085 0.000 -27.649 12.000
T_1086 -18.462 -90.974 13.000
K_1087 -17.811 -818.649 12.000
E_1088 -23.258 -605.239 12.000
H_1089 -11.652 -583.484 11.000
C_1090 0.000 322.480 12.000
Y_1091 -12.104 -274.939 12.000
N_1092 -21.132 -507.047 10.000
Q_1093 -21.132 -643.904 10.000
V_1094 0.000 613.196 8.000
P_1095 0.000 -195.996 8.000
V_1096 0.000 613.196 4.000
E_1097 -16.691 -605.239 7.000
L_1098 0.000 679.918 10.000
S_1099 -19.059 -90.060 14.000
T_1100 -18.462 -90.974 13.000
E_1101 -26.485 -605.239 16.000
K_1102 -20.127 -818.649 16.000
K_1103 -20.609 -818.649 17.000
S_1104 -18.462 -90.060 13.000
N_1105 -25.003 -507.047 14.000
L_1106 0.000 679.918 14.000
E_1107 -22.253 -605.239 11.000
K_1108 -15.425 -818.649 9.000
L_1109 0.000 679.918 12.000
Y_1110 -11.154 -274.939 10.000
S_1111 -16.309 -90.060 10.000
Y_1112 -11.154 -274.939 10.000
K_1113 -14.420 -818.649 8.000
P_1114 0.000 -195.996 9.000
C_1115 0.000 322.480 10.000
D_1116 -16.691 -475.402 7.000
K_1117 -16.309 -818.649 10.000
I_1118 0.000 777.529 13.000
S_1119 -15.425 -90.060 9.000
S_1120 -15.425 -90.060 9.000
G_1121 0.000 -27.649 13.000
S_1122 -16.309 -90.060 10.000
N_1123 -21.132 -507.047 10.000
I_1124 0.000 777.529 13.000
S_1125 -18.462 -90.060 13.000
K_1126 -17.811 -818.649 12.000
K_1127 -17.811 -818.649 12.000
S_1128 -15.425 -90.060 9.000
I_1129 0.000 777.529 6.000
M_1130 0.000 401.769 7.000
V_1131 0.000 613.196 7.000
Q_1132 -16.691 -643.904 7.000
S_1133 -17.098 -90.060 11.000
P_1134 0.000 -195.996 14.000
E_1135 -21.132 -605.239 10.000
K_1136 -15.425 -818.649 9.000
A_1137 0.000 185.740 12.000
Y_1138 -11.652 -274.939 11.000
S_1139 -17.098 -90.060 11.000
S_1140 -19.613 -90.060 15.000
S_1141 -18.462 -90.060 13.000
Q_1142 -21.132 -643.904 10.000
P_1143 0.000 -195.996 7.000
V_1144 0.000 613.196 7.000
I_1145 0.000 777.529 3.000
S_1146 -13.255 -90.060 7.000
A_1147 0.000 185.740 11.000
Q_1148 -25.772 -643.904 15.000
E_1149 -26.485 -605.239 16.000
Q_1150 -28.359 -643.904 19.000
E_1151 -28.359 -605.239 19.000
T_1152 -19.613 -90.974 15.000
Q_1153 -22.253 -643.904 11.000
I_1154 0.000 777.529 7.000
V_1155 0.000 613.196 6.000
L_1156 0.000 679.918 2.000
Y_1157 -7.426 -274.939 5.000
G_1158 0.000 -27.649 5.000
K_1159 -10.149 -818.649 5.000
L_1160 0.000 679.918 7.000
V_1161 0.000 613.196 7.000
E_1162 -19.866 -605.239 9.000
A_1163 0.000 185.740 13.000
R_1164 -32.645 -1015.709 16.000
Q_1165 -25.003 -643.904 14.000
K_1166 -19.059 -818.649 14.000
H_1167 -12.518 -583.484 13.000
A_1168 0.000 185.740 12.000
N_1169 -19.866 -507.047 9.000
K_1170 -17.098 -818.649 11.000
M_1171 0.000 401.769 11.000
D_1172 -16.691 -475.402 7.000
V_1173 0.000 613.196 4.000
P_1174 0.000 -195.996 4.000
P_1175 0.000 -195.996 0.000
A_1176 0.000 185.740 0.000
I_1177 0.000 777.529 0.000
L_1178 0.000 679.918 3.000
A_1179 0.000 185.740 7.000
T_1180 -16.309 -90.974 10.000
N_1181 -21.132 -507.047 10.000
K_1182 -16.309 -818.649 10.000
I_1183 0.000 777.529 7.000
L_1184 0.000 679.918 7.000
V_1185 0.000 613.196 4.000
D_1186 -7.878 -475.402 4.000
M_1187 0.000 401.769 7.000
A_1188 0.000 185.740 7.000
K_1189 -14.420 -818.649 8.000
M_1190 0.000 401.769 8.000
R_1191 -27.076 -1015.709 11.000
P_1192 0.000 -195.996 11.000
T_1193 -17.098 -90.974 11.000
T_1194 -16.309 -90.974 10.000
V_1195 0.000 613.196 14.000
E_1196 -22.253 -605.239 11.000
N_1197 -22.253 -507.047 11.000
V_1198 0.000 613.196 16.000
K_1199 -17.811 -818.649 12.000
R_1200 -28.412 -1015.709 12.000
I_1201 0.000 777.529 12.000
D_1202 -19.866 -475.402 9.000
G_1203 0.000 -27.649 7.000
V_1204 0.000 613.196 11.000
S_1205 -13.255 -90.060 7.000
E_1206 -21.132 -605.239 10.000
G_1207 0.000 -27.649 10.000
K_1208 -13.255 -818.649 7.000
A_1209 0.000 185.740 3.000
A_1210 0.000 185.740 3.000
M_1211 0.000 401.769 0.000
L_1212 0.000 679.918 0.000
A_1213 0.000 185.740 0.000
P_1214 0.000 -195.996 0.000
L_1215 0.000 679.918 4.000
L_1216 0.000 679.918 4.000
E_1217 -7.878 -605.239 4.000
V_1218 0.000 613.196 7.000
I_1219 0.000 777.529 9.000
K_1220 -10.149 -818.649 5.000
H_1221 -7.426 -583.484 5.000
F_1222 0.000 560.542 9.000
C_1223 0.000 322.480 9.000
Q_1224 -22.253 -643.904 11.000
T_1225 -19.059 -90.974 14.000
N_1226 -25.003 -507.047 14.000
S_1227 -19.059 -90.060 14.000
V_1228 0.000 613.196 14.000
Q_1229 -25.003 -643.904 14.000
T_1230 -17.098 -90.974 11.000
D_1231 -22.253 -475.402 11.000
L_1232 0.000 679.918 10.000
F_1233 0.000 560.542 10.000
S_1234 -15.425 -90.060 9.000
S_1235 -17.811 -90.060 12.000
T_1236 -17.811 -90.974 12.000
K_1237 -18.462 -818.649 13.000
P_1238 0.000 -195.996 14.000
Q_1239 -25.772 -643.904 15.000
E_1240 -26.485 -605.239 16.000
E_1241 -28.359 -605.239 19.000
Q_1242 -27.773 -643.904 18.000
K_1243 -20.609 -818.649 17.000
T_1244 -18.462 -90.974 13.000
S_1245 -15.425 -90.060 9.000
L_1246 0.000 679.918 6.000
V_1247 0.000 613.196 6.000
A_1248 0.000 185.740 7.000
K_1249 -16.309 -818.649 10.000
N_1250 -21.132 -507.047 10.000
K_1251 -16.309 -818.649 10.000
I_1252 0.000 777.529 10.000
C_1253 0.000 322.480 6.000
T_1254 -11.867 -90.974 6.000
L_1255 0.000 679.918 10.000
S_1256 -18.462 -90.060 13.000
Q_1257 -21.132 -643.904 10.000
S_1258 -16.309 -90.060 10.000
M_1259 0.000 401.769 7.000
A_1260 0.000 185.740 6.000
I_1261 0.000 777.529 5.000
T_1262 -14.420 -90.974 8.000
Y_1263 -9.978 -274.939 8.000
S_1264 -14.420 -90.060 8.000
L_1265 0.000 679.918 9.000
F_1266 0.000 560.542 11.000
Q_1267 -22.253 -643.904 11.000
E_1268 -25.003 -605.239 14.000
K_1269 -19.059 -818.649 14.000
K_1270 -16.309 -818.649 10.000
M_1271 0.000 401.769 6.000
P_1272 0.000 -195.996 6.000
L_1273 0.000 679.918 6.000
K_1274 -11.867 -818.649 6.000
S_1275 -11.867 -90.060 6.000
I_1276 0.000 777.529 10.000
A_1277 0.000 185.740 10.000
E_1278 -23.258 -605.239 12.000
S_1279 -17.811 -90.060 12.000
R_1280 -28.412 -1015.709 12.000
I_1281 0.000 777.529 8.000
L_1282 0.000 679.918 5.000
P_1283 0.000 -195.996 0.000
L_1284 0.000 679.918 3.000
M_1285 0.000 401.769 3.000
T_1286 -4.441 -90.974 3.000
I_1287 0.000 777.529 3.000
G_1288 0.000 -27.649 5.000
M_1289 0.000 401.769 2.000
H_1290 -7.426 -583.484 5.000
L_1291 0.000 679.918 9.000
S_1292 -15.425 -90.060 9.000
Q_1293 -16.691 -643.904 7.000
A_1294 0.000 185.740 10.000
V_1295 0.000 613.196 7.000
K_1296 -4.441 -818.649 3.000
A_1297 0.000 185.740 3.000
G_1298 0.000 -27.649 3.000
C_1299 0.000 322.480 0.000
P_1300 0.000 -195.996 4.000
L_1301 0.000 679.918 4.000
D_1302 -18.409 -475.402 8.000
L_1303 0.000 679.918 13.000
E_1304 -24.169 -605.239 13.000
R_1305 -23.856 -1015.709 9.000
A_1306 0.000 185.740 9.000
G_1307 0.000 -27.649 8.000
L_1308 0.000 679.918 3.000
T_1309 -13.255 -90.974 7.000
P_1310 0.000 -195.996 7.000
E_1311 -22.253 -605.239 11.000
V_1312 0.000 613.196 11.000
Q_1313 -22.253 -643.904 11.000
K_1314 -13.255 -818.649 7.000
I_1315 0.000 777.529 7.000
I_1316 0.000 777.529 7.000
A_1317 0.000 185.740 4.000
D_1318 -7.878 -475.402 4.000
V_1319 0.000 613.196 9.000
I_1320 0.000 777.529 13.000
R_1321 -23.856 -1015.709 9.000
N_1322 -19.866 -507.047 9.000
P_1323 0.000 -195.996 9.000
P_1324 0.000 -195.996 8.000
V_1325 0.000 613.196 7.000
N_1326 -22.253 -507.047 11.000
S_1327 -17.098 -90.060 11.000
D_1328 -25.003 -475.402 14.000
M_1329 0.000 401.769 13.000
S_1330 -16.309 -90.060 10.000
K_1331 -15.425 -818.649 9.000
I_1332 0.000 777.529 9.000
S_1333 -11.867 -90.060 6.000
L_1334 0.000 679.918 8.000
I_1335 0.000 777.529 8.000
R_1336 -11.867 -1015.709 5.000
M_1337 0.000 401.769 5.000
L_1338 0.000 679.918 5.000
V_1339 0.000 613.196 4.000
P_1340 0.000 -195.996 8.000
E_1341 -18.409 -605.239 8.000
N_1342 -23.258 -507.047 12.000
I_1343 0.000 777.529 15.000
D_1344 -24.169 -475.402 13.000
T_1345 -15.425 -90.974 9.000
Y_1346 -10.601 -274.939 9.000
L_1347 0.000 679.918 7.000
I_1348 0.000 777.529 4.000
H_1349 -1.718 -583.484 2.000
M_1350 0.000 401.769 2.000
A_1351 0.000 185.740 6.000
I_1352 0.000 777.529 4.000
E_1353 -7.878 -605.239 4.000
I_1354 0.000 777.529 7.000
L_1355 0.000 679.918 9.000
K_1356 -10.149 -818.649 5.000
H_1357 -7.426 -583.484 5.000
G_1358 0.000 -27.649 9.000
P_1359 0.000 -195.996 9.000
D_1360 -16.691 -475.402 7.000
S_1361 -13.255 -90.060 7.000
G_1362 0.000 -27.649 11.000
L_1363 0.000 679.918 7.000
Q_1364 -16.691 -643.904 7.000
P_1365 0.000 -195.996 7.000
S_1366 -17.098 -90.060 11.000
C_1367 0.000 322.480 7.000
D_1368 -22.253 -475.402 11.000
V_1369 0.000 613.196 11.000
N_1370 -26.485 -507.047 16.000
K_1371 -20.609 -818.649 17.000
R_1372 -33.508 -1015.709 17.000
R_1373 -29.616 -1015.709 13.000
C_1374 0.000 322.480 10.000
F_1375 0.000 560.542 5.000
P_1376 0.000 -195.996 3.000
G_1377 0.000 -27.649 7.000
S_1378 -17.098 -90.060 11.000
E_1379 -22.253 -605.239 11.000
E_1380 -22.253 -605.239 11.000
I_1381 0.000 777.529 11.000
C_1382 0.000 322.480 10.000
S_1383 -15.425 -90.060 9.000
S_1384 -17.811 -90.060 12.000
S_1385 -20.609 -90.060 17.000
K_1386 -20.609 -818.649 17.000
R_1387 -33.508 -1015.709 17.000
S_1388 -21.060 -90.060 18.000
K_1389 -21.486 -818.649 19.000
E_1390 -25.003 -605.239 14.000
E_1391 -22.253 -605.239 11.000
V_1392 0.000 613.196 8.000
G_1393 0.000 -27.649 8.000
I_1394 0.000 777.529 7.000
N_1395 -22.253 -507.047 11.000
T_1396 -19.059 -90.974 14.000
E_1397 -27.150 -605.239 17.000
T_1398 -20.127 -90.974 16.000
S_1399 -18.462 -90.060 13.000
S_1400 -18.462 -90.060 13.000
A_1401 0.000 185.740 15.000
E_1402 -25.772 -605.239 15.000
R_1403 -33.508 -1015.709 17.000
K_1404 -22.635 -818.649 22.000
R_1405 -34.315 -1015.709 18.000
R_1406 -29.616 -1015.709 13.000
L_1407 0.000 679.918 10.000
P_1408 0.000 -195.996 6.000
V_1409 0.000 613.196 1.000
W_1410 -0.000 -203.500 1.000
F_1411 0.000 560.542 4.000
A_1412 0.000 185.740 4.000
K_1413 -11.867 -818.649 6.000
G_1414 0.000 -27.649 10.000
S_1415 -18.462 -90.060 13.000
D_1416 -24.169 -475.402 13.000
T_1417 -20.127 -90.974 16.000
S_1418 -20.127 -90.060 16.000
K_1419 -17.811 -818.649 12.000
K_1420 -15.425 -818.649 9.000
L_1421 0.000 679.918 10.000
M_1422 0.000 401.769 10.000
D_1423 -21.132 -475.402 10.000
K_1424 -18.462 -818.649 13.000
T_1425 -21.060 -90.974 18.000
K_1426 -19.059 -818.649 14.000
R_1427 -27.076 -1015.709 11.000
G_1428 0.000 -27.649 8.000
G_1429 0.000 -27.649 5.000
L_1430 0.000 679.918 3.000
F_1431 0.000 560.542 3.000
S_1432 -4.441 -90.060 3.000
