M_1 0.000 401.769 4.000
S_2 -7.878 -90.060 4.000
W_3 -3.436 -203.500 4.000
A_4 0.000 185.740 4.000
P_5 0.000 -195.996 1.000
V_6 0.000 613.196 0.000
L_7 0.000 679.918 0.000
L_8 0.000 679.918 0.000
M_9 0.000 401.769 0.000
L_10 0.000 679.918 0.000
F_11 0.000 560.542 2.000
V_12 0.000 613.196 2.000
Y_13 -7.426 -274.939 5.000
C_14 0.000 322.480 5.000
T_15 -10.149 -90.974 5.000
G_16 0.000 -27.649 3.000
C_17 0.000 322.480 3.000
G_18 0.000 -27.649 4.000
P_19 0.000 -195.996 4.000
Q_20 -7.878 -643.904 4.000
P_21 0.000 -195.996 4.000
V_22 0.000 613.196 6.000
L_23 0.000 679.918 6.000
H_24 -8.431 -583.484 6.000
Q_25 -14.591 -643.904 6.000
P_26 0.000 -195.996 6.000
P_27 0.000 -195.996 4.000
A_28 0.000 185.740 3.000
M_29 0.000 401.769 6.000
S_30 -11.867 -90.060 6.000
S_31 -11.867 -90.060 6.000
A_32 0.000 185.740 6.000
L_33 0.000 679.918 6.000
G_34 0.000 -27.649 6.000
T_35 -11.867 -90.974 6.000
T_36 -17.098 -90.974 11.000
I_37 0.000 777.529 11.000
R_38 -27.076 -1015.709 11.000
L_39 0.000 679.918 8.000
T_40 -17.098 -90.974 11.000
C_41 0.000 322.480 6.000
T_42 -17.098 -90.974 11.000
L_43 0.000 679.918 12.000
R_44 -32.645 -1015.709 16.000
N_45 -25.772 -507.047 15.000
D_46 -28.359 -475.402 19.000
H_47 -12.900 -583.484 14.000
D_48 -21.132 -475.402 10.000
I_49 0.000 777.529 6.000
G_50 0.000 -27.649 6.000
V_51 0.000 613.196 5.000
Y_52 -7.426 -274.939 5.000
S_53 -13.255 -90.060 7.000
V_54 0.000 613.196 8.000
Y_55 -9.978 -274.939 8.000
W_56 -5.447 -203.500 9.000
Y_57 -12.518 -274.939 13.000
Q_58 -26.485 -643.904 16.000
Q_59 -25.772 -643.904 15.000
R_60 -29.616 -1015.709 13.000
P_61 0.000 -195.996 11.000
G_62 0.000 -27.649 7.000
H_63 -1.718 -583.484 2.000
P_64 0.000 -195.996 7.000
P_65 0.000 -195.996 7.000
R_66 -11.867 -1015.709 5.000
F_67 0.000 560.542 5.000
L_68 0.000 679.918 10.000
L_69 0.000 679.918 7.000
R_70 -19.414 -1015.709 7.000
Y_71 -11.154 -274.939 10.000
F_72 0.000 560.542 14.000
S_73 -17.811 -90.060 12.000
Q_74 -25.003 -643.904 14.000
S_75 -20.609 -90.060 17.000
D_76 -27.150 -475.402 17.000
K_77 -20.609 -818.649 17.000
S_78 -19.059 -90.060 14.000
Q_79 -21.132 -643.904 10.000
G_80 0.000 -27.649 11.000
P_81 0.000 -195.996 8.000
Q_82 -7.878 -643.904 4.000
V_83 0.000 613.196 4.000
P_84 0.000 -195.996 9.000
P_85 0.000 -195.996 5.000
R_86 -21.845 -1015.709 8.000
F_87 0.000 560.542 8.000
S_88 -17.098 -90.060 11.000
G_89 0.000 -27.649 9.000
S_90 -18.462 -90.060 13.000
K_91 -16.309 -818.649 10.000
D_92 -21.132 -475.402 10.000
V_93 0.000 613.196 12.000
A_94 0.000 185.740 13.000
R_95 -30.711 -1015.709 14.000
N_96 -25.003 -507.047 14.000
R_97 -32.645 -1015.709 16.000
G_98 0.000 -27.649 11.000
Y_99 -11.154 -274.939 10.000
L_100 0.000 679.918 5.000
S_101 -14.420 -90.060 8.000
I_102 0.000 777.529 10.000
S_103 -16.309 -90.060 10.000
E_104 -22.253 -605.239 11.000
L_105 0.000 679.918 11.000
Q_106 -23.258 -643.904 12.000
P_107 0.000 -195.996 12.000
E_108 -26.485 -605.239 16.000
D_109 -23.258 -475.402 12.000
E_110 -23.258 -605.239 12.000
A_111 0.000 185.740 10.000
M_112 0.000 401.769 8.000
Y_113 -6.160 -274.939 4.000
Y_114 -6.160 -274.939 4.000
C_115 0.000 322.480 4.000
A_116 0.000 185.740 2.000
M_117 0.000 401.769 0.000
G_118 0.000 -27.649 5.000
A_119 0.000 185.740 8.000
R_120 -27.076 -1015.709 11.000
S_121 -19.613 -90.060 15.000
S_122 -21.060 -90.060 18.000
E_123 -27.150 -605.239 17.000
K_124 -21.060 -818.649 18.000
E_125 -28.912 -605.239 20.000
E_126 -28.912 -605.239 20.000
R_127 -37.098 -1015.709 22.000
E_128 -29.934 -605.239 22.000
R_129 -35.072 -1015.709 19.000
E_130 -27.773 -605.239 18.000
W_131 -7.165 -203.500 18.000
E_132 -27.150 -605.239 17.000
E_133 -24.169 -605.239 13.000
E_134 -26.485 -605.239 16.000
M_135 0.000 401.769 12.000
E_136 -22.253 -605.239 11.000
P_137 0.000 -195.996 7.000
T_138 -13.255 -90.974 7.000
A_139 0.000 185.740 8.000
A_140 0.000 185.740 11.000
R_141 -29.616 -1015.709 13.000
T_142 -18.462 -90.974 13.000
R_143 -29.616 -1015.709 13.000
V_144 0.000 613.196 8.000
P_145 0.000 -195.996 5.000
