M_1 0.000 401.769 0.000
V_2 0.000 613.196 0.000
C_3 0.000 322.480 0.000
G_4 0.000 -27.649 0.000
G_5 0.000 -27.649 0.000
F_6 0.000 560.542 0.000
A_7 0.000 185.740 3.000
C_8 0.000 322.480 6.000
S_9 -16.309 -90.060 10.000
K_10 -16.309 -818.649 10.000
N_11 -21.132 -507.047 10.000
C_12 0.000 322.480 7.000
L_13 0.000 679.918 4.000
C_14 0.000 322.480 0.000
A_15 0.000 185.740 4.000
L_16 0.000 679.918 4.000
N_17 -7.878 -507.047 4.000
L_18 0.000 679.918 6.000
L_19 0.000 679.918 9.000
Y_20 -7.426 -274.939 5.000
T_21 -10.149 -90.974 5.000
L_22 0.000 679.918 8.000
V_23 0.000 613.196 6.000
S_24 -4.441 -90.060 3.000
L_25 0.000 679.918 3.000
L_26 0.000 679.918 3.000
L_27 0.000 679.918 0.000
I_28 0.000 777.529 0.000
G_29 0.000 -27.649 0.000
I_30 0.000 777.529 0.000
A_31 0.000 185.740 1.000
A_32 0.000 185.740 1.000
W_33 -0.000 -203.500 1.000
G_34 0.000 -27.649 1.000
I_35 0.000 777.529 1.000
G_36 0.000 -27.649 0.000
F_37 0.000 560.542 0.000
G_38 0.000 -27.649 0.000
L_39 0.000 679.918 3.000
I_40 0.000 777.529 6.000
S_41 -11.867 -90.060 6.000
S_42 -17.098 -90.060 11.000
L_43 0.000 679.918 11.000
R_44 -21.845 -1015.709 8.000
V_45 0.000 613.196 5.000
V_46 0.000 613.196 5.000
G_47 0.000 -27.649 0.000
V_48 0.000 613.196 0.000
V_49 0.000 613.196 0.000
I_50 0.000 777.529 0.000
A_51 0.000 185.740 0.000
V_52 0.000 613.196 0.000
G_53 0.000 -27.649 0.000
I_54 0.000 777.529 0.000
F_55 0.000 560.542 0.000
L_56 0.000 679.918 0.000
F_57 0.000 560.542 0.000
L_58 0.000 679.918 0.000
I_59 0.000 777.529 0.000
A_60 0.000 185.740 0.000
L_61 0.000 679.918 0.000
V_62 0.000 613.196 0.000
G_63 0.000 -27.649 0.000
L_64 0.000 679.918 0.000
I_65 0.000 777.529 0.000
G_66 0.000 -27.649 0.000
A_67 0.000 185.740 3.000
V_68 0.000 613.196 5.000
K_69 -13.255 -818.649 7.000
H_70 -11.652 -583.484 11.000
H_71 -11.652 -583.484 11.000
Q_72 -18.409 -643.904 8.000
V_73 0.000 613.196 6.000
L_74 0.000 679.918 4.000
L_75 0.000 679.918 0.000
F_76 0.000 560.542 2.000
F_77 0.000 560.542 2.000
Y_78 -1.718 -274.939 2.000
M_79 0.000 401.769 2.000
I_80 0.000 777.529 2.000
I_81 0.000 777.529 0.000
L_82 0.000 679.918 0.000
L_83 0.000 679.918 0.000
L_84 0.000 679.918 0.000
V_85 0.000 613.196 0.000
F_86 0.000 560.542 0.000
I_87 0.000 777.529 4.000
V_88 0.000 613.196 4.000
Q_89 -16.691 -643.904 7.000
F_90 0.000 560.542 7.000
S_91 -16.309 -90.060 10.000
V_92 0.000 613.196 6.000
S_93 -11.867 -90.060 6.000
C_94 0.000 322.480 3.000
A_95 0.000 185.740 3.000
C_96 0.000 322.480 0.000
L_97 0.000 679.918 0.000
A_98 0.000 185.740 4.000
L_99 0.000 679.918 8.000
N_100 -23.258 -507.047 12.000
Q_101 -26.485 -643.904 16.000
E_102 -28.912 -605.239 20.000
Q_103 -26.485 -643.904 16.000
Q_104 -26.485 -643.904 16.000
G_105 0.000 -27.649 12.000
Q_106 -18.409 -643.904 8.000
L_107 0.000 679.918 8.000
L_108 0.000 679.918 8.000
E_109 -7.878 -605.239 4.000
V_110 0.000 613.196 5.000
G_111 0.000 -27.649 9.000
W_112 -5.447 -203.500 9.000
N_113 -23.258 -507.047 12.000
N_114 -23.258 -507.047 12.000
T_115 -19.059 -90.974 14.000
A_116 0.000 185.740 10.000
S_117 -17.098 -90.060 11.000
A_118 0.000 185.740 12.000
R_119 -32.645 -1015.709 16.000
N_120 -24.169 -507.047 13.000
D_121 -27.150 -475.402 17.000
I_122 0.000 777.529 17.000
Q_123 -27.150 -643.904 17.000
R_124 -29.616 -1015.709 13.000
N_125 -27.150 -507.047 17.000
L_126 0.000 679.918 13.000
N_127 -18.409 -507.047 8.000
C_128 0.000 322.480 4.000
C_129 0.000 322.480 4.000
G_130 0.000 -27.649 5.000
F_131 0.000 560.542 8.000
R_132 -21.845 -1015.709 8.000
S_133 -17.811 -90.060 12.000
V_134 0.000 613.196 12.000
N_135 -22.253 -507.047 11.000
P_136 0.000 -195.996 12.000
N_137 -25.772 -507.047 15.000
D_138 -22.253 -475.402 11.000
T_139 -17.098 -90.974 11.000
C_140 0.000 322.480 7.000
L_141 0.000 679.918 6.000
A_142 0.000 185.740 3.000
S_143 -4.441 -90.060 3.000
C_144 0.000 322.480 6.000
V_145 0.000 613.196 9.000
K_146 -16.309 -818.649 10.000
S_147 -17.811 -90.060 12.000
D_148 -25.772 -475.402 15.000
H_149 -12.104 -583.484 12.000
S_150 -17.811 -90.060 12.000
C_151 0.000 322.480 8.000
S_152 -11.867 -90.060 6.000
P_153 0.000 -195.996 3.000
C_154 0.000 322.480 3.000
A_155 0.000 185.740 0.000
P_156 0.000 -195.996 0.000
I_157 0.000 777.529 0.000
I_158 0.000 777.529 4.000
G_159 0.000 -27.649 6.000
E_160 -14.591 -605.239 6.000
Y_161 -8.431 -274.939 6.000
A_162 0.000 185.740 10.000
G_163 0.000 -27.649 6.000
E_164 -7.878 -605.239 4.000
V_165 0.000 613.196 9.000
L_166 0.000 679.918 9.000
R_167 -11.867 -1015.709 5.000
F_168 0.000 560.542 5.000
V_169 0.000 613.196 5.000
G_170 0.000 -27.649 0.000
G_171 0.000 -27.649 0.000
I_172 0.000 777.529 0.000
G_173 0.000 -27.649 0.000
L_174 0.000 679.918 0.000
F_175 0.000 560.542 3.000
F_176 0.000 560.542 3.000
S_177 -11.867 -90.060 6.000
F_178 0.000 560.542 10.000
T_179 -16.309 -90.974 10.000
E_180 -16.691 -605.239 7.000
I_181 0.000 777.529 7.000
L_182 0.000 679.918 4.000
G_183 0.000 -27.649 1.000
V_184 0.000 613.196 1.000
W_185 -3.436 -203.500 4.000
L_186 0.000 679.918 6.000
T_187 -17.098 -90.974 11.000
Y_188 -12.104 -274.939 12.000
R_189 -33.508 -1015.709 17.000
Y_190 -14.188 -274.939 18.000
R_191 -35.785 -1015.709 20.000
N_192 -27.773 -507.047 18.000
Q_193 -28.912 -643.904 20.000
K_194 -19.613 -818.649 15.000
D_195 -26.485 -475.402 16.000
P_196 0.000 -195.996 12.000
R_197 -29.616 -1015.709 13.000
A_198 0.000 185.740 9.000
N_199 -23.258 -507.047 12.000
P_200 0.000 -195.996 7.000
S_201 -13.255 -90.060 7.000
A_202 0.000 185.740 3.000
F_203 0.000 560.542 3.000
L_204 0.000 679.918 0.000
