M_1 0.000 401.769 0.000
G_2 0.000 -27.649 0.000
V_3 0.000 613.196 0.000
A_4 0.000 185.740 5.000
G_5 0.000 -27.649 9.000
R_6 -30.711 -1015.709 14.000
N_7 -25.003 -507.047 14.000
R_8 -30.711 -1015.709 14.000
P_9 0.000 -195.996 9.000
G_10 0.000 -27.649 5.000
A_11 0.000 185.740 1.000
A_12 0.000 185.740 1.000
W_13 -0.000 -203.500 1.000
A_14 0.000 185.740 1.000
V_15 0.000 613.196 1.000
L_16 0.000 679.918 0.000
L_17 0.000 679.918 0.000
L_18 0.000 679.918 0.000
L_19 0.000 679.918 0.000
L_20 0.000 679.918 0.000
L_21 0.000 679.918 0.000
L_22 0.000 679.918 0.000
P_23 0.000 -195.996 0.000
P_24 0.000 -195.996 0.000
L_25 0.000 679.918 0.000
L_26 0.000 679.918 0.000
L_27 0.000 679.918 0.000
L_28 0.000 679.918 0.000
A_29 0.000 185.740 0.000
G_30 0.000 -27.649 0.000
A_31 0.000 185.740 0.000
V_32 0.000 613.196 0.000
P_33 0.000 -195.996 0.000
P_34 0.000 -195.996 5.000
G_35 0.000 -27.649 5.000
R_36 -25.574 -1015.709 10.000
G_37 0.000 -27.649 10.000
R_38 -25.574 -1015.709 10.000
A_39 0.000 185.740 5.000
A_40 0.000 185.740 5.000
G_41 0.000 -27.649 4.000
P_42 0.000 -195.996 8.000
Q_43 -23.258 -643.904 12.000
E_44 -23.258 -605.239 12.000
D_45 -26.485 -475.402 16.000
V_46 0.000 613.196 16.000
D_47 -23.258 -475.402 12.000
E_48 -18.409 -605.239 8.000
C_49 0.000 322.480 12.000
A_50 0.000 185.740 8.000
Q_51 -7.878 -643.904 4.000
G_52 0.000 -27.649 8.000
L_53 0.000 679.918 12.000
D_54 -18.409 -475.402 8.000
D_55 -21.132 -475.402 10.000
C_56 0.000 322.480 10.000
H_57 -11.154 -583.484 10.000
A_58 0.000 185.740 6.000
D_59 -14.591 -475.402 6.000
A_60 0.000 185.740 4.000
L_61 0.000 679.918 8.000
C_62 0.000 322.480 8.000
Q_63 -22.253 -643.904 11.000
N_64 -22.253 -507.047 11.000
T_65 -19.059 -90.974 14.000
P_66 0.000 -195.996 13.000
T_67 -17.098 -90.974 11.000
S_68 -17.098 -90.060 11.000
Y_69 -11.652 -274.939 11.000
K_70 -17.098 -818.649 11.000
C_71 0.000 322.480 8.000
S_72 -15.425 -90.060 9.000
C_73 0.000 322.480 6.000
K_74 -11.867 -818.649 6.000
P_75 0.000 -195.996 5.000
G_76 0.000 -27.649 9.000
Y_77 -8.431 -274.939 6.000
Q_78 -21.132 -643.904 10.000
G_79 0.000 -27.649 10.000
E_80 -24.169 -605.239 13.000
G_81 0.000 -27.649 13.000
R_82 -29.616 -1015.709 13.000
Q_83 -24.169 -643.904 13.000
C_84 0.000 322.480 17.000
E_85 -23.258 -605.239 12.000
D_86 -23.258 -475.402 12.000
I_87 0.000 777.529 16.000
D_88 -23.258 -475.402 12.000
E_89 -18.409 -605.239 8.000
C_90 0.000 322.480 12.000
G_91 0.000 -27.649 12.000
N_92 -18.409 -507.047 8.000
E_93 -23.258 -605.239 12.000
L_94 0.000 679.918 12.000
N_95 -18.409 -507.047 8.000
G_96 0.000 -27.649 4.000
G_97 0.000 -27.649 4.000
C_98 0.000 322.480 2.000
V_99 0.000 613.196 6.000
H_100 -8.431 -583.484 6.000
D_101 -14.591 -475.402 6.000
C_102 0.000 322.480 10.000
L_103 0.000 679.918 8.000
N_104 -7.878 -507.047 4.000
I_105 0.000 777.529 4.000
P_106 0.000 -195.996 8.000
G_107 0.000 -27.649 6.000
N_108 -22.253 -507.047 11.000
Y_109 -11.652 -274.939 11.000
R_110 -30.711 -1015.709 14.000
C_111 0.000 322.480 10.000
T_112 -14.420 -90.974 8.000
C_113 0.000 322.480 7.000
F_114 0.000 560.542 7.000
D_115 -7.878 -475.402 4.000
G_116 0.000 -27.649 4.000
F_117 0.000 560.542 4.000
M_118 0.000 401.769 0.000
L_119 0.000 679.918 2.000
A_120 0.000 185.740 6.000
H_121 -8.431 -583.484 6.000
D_122 -18.409 -475.402 8.000
G_123 0.000 -27.649 12.000
H_124 -11.154 -583.484 10.000
N_125 -14.591 -507.047 6.000
C_126 0.000 322.480 10.000
L_127 0.000 679.918 8.000
D_128 -18.409 -475.402 8.000
V_129 0.000 613.196 12.000
D_130 -23.258 -475.402 12.000
E_131 -18.409 -605.239 8.000
C_132 0.000 322.480 12.000
L_133 0.000 679.918 12.000
E_134 -23.258 -605.239 12.000
N_135 -23.258 -507.047 12.000
N_136 -23.258 -507.047 12.000
G_137 0.000 -27.649 8.000
G_138 0.000 -27.649 8.000
C_139 0.000 322.480 6.000
Q_140 -19.866 -643.904 9.000
H_141 -10.601 -583.484 9.000
T_142 -15.425 -90.974 9.000
C_143 0.000 322.480 9.000
V_144 0.000 613.196 7.000
N_145 -7.878 -507.047 4.000
V_146 0.000 613.196 4.000
M_147 0.000 401.769 7.000
G_148 0.000 -27.649 5.000
S_149 -15.425 -90.060 9.000
Y_150 -10.601 -274.939 9.000
E_151 -19.866 -605.239 9.000
C_152 0.000 322.480 6.000
C_153 0.000 322.480 7.000
C_154 0.000 322.480 7.000
K_155 -13.255 -818.649 7.000
E_156 -16.691 -605.239 7.000
G_157 0.000 -27.649 7.000
F_158 0.000 560.542 4.000
F_159 0.000 560.542 3.000
L_160 0.000 679.918 7.000
S_161 -17.098 -90.060 11.000
D_162 -25.772 -475.402 15.000
N_163 -27.150 -507.047 17.000
Q_164 -27.150 -643.904 17.000
H_165 -12.518 -583.484 13.000
T_166 -15.425 -90.974 9.000
C_167 0.000 322.480 7.000
I_168 0.000 777.529 10.000
H_169 -11.154 -583.484 10.000
R_170 -30.711 -1015.709 14.000
S_171 -21.060 -90.060 18.000
E_172 -26.485 -605.239 16.000
E_173 -22.253 -605.239 11.000
G_174 0.000 -27.649 11.000
L_175 0.000 679.918 7.000
S_176 -4.441 -90.060 3.000
C_177 0.000 322.480 7.000
M_178 0.000 401.769 10.000
N_179 -22.253 -507.047 11.000
K_180 -18.462 -818.649 13.000
D_181 -24.169 -475.402 13.000
H_182 -10.601 -583.484 9.000
G_183 0.000 -27.649 9.000
C_184 0.000 322.480 7.000
S_185 -10.149 -90.060 5.000
H_186 -7.426 -583.484 5.000
I_187 0.000 777.529 8.000
C_188 0.000 322.480 9.000
K_189 -13.255 -818.649 7.000
E_190 -16.691 -605.239 7.000
A_191 0.000 185.740 12.000
P_192 0.000 -195.996 9.000
R_193 -21.845 -1015.709 8.000
G_194 0.000 -27.649 8.000
S_195 -14.420 -90.060 8.000
V_196 0.000 613.196 3.000
A_197 0.000 185.740 7.000
C_198 0.000 322.480 4.000
E_199 -19.866 -605.239 9.000
C_200 0.000 322.480 9.000
R_201 -23.856 -1015.709 9.000
P_202 0.000 -195.996 5.000
G_203 0.000 -27.649 9.000
F_204 0.000 560.542 4.000
E_205 -7.878 -605.239 4.000
L_206 0.000 679.918 7.000
A_207 0.000 185.740 11.000
K_208 -17.098 -818.649 11.000
N_209 -26.485 -507.047 16.000
Q_210 -28.912 -643.904 20.000
R_211 -33.508 -1015.709 17.000
D_212 -24.169 -475.402 13.000
C_213 0.000 322.480 9.000
I_214 0.000 777.529 7.000
L_215 0.000 679.918 3.000
T_216 -13.255 -90.974 7.000
C_217 0.000 322.480 9.000
N_218 -19.866 -507.047 9.000
H_219 -11.154 -583.484 10.000
G_220 0.000 -27.649 10.000
N_221 -14.591 -507.047 6.000
G_222 0.000 -27.649 4.000
G_223 0.000 -27.649 8.000
C_224 0.000 322.480 6.000
Q_225 -19.866 -643.904 9.000
H_226 -10.601 -583.484 9.000
S_227 -18.462 -90.060 13.000
C_228 0.000 322.480 13.000
D_229 -25.003 -475.402 14.000
D_230 -22.253 -475.402 11.000
T_231 -19.613 -90.974 15.000
A_232 0.000 185.740 11.000
D_233 -16.691 -475.402 7.000
G_234 0.000 -27.649 8.000
P_235 0.000 -195.996 8.000
E_236 -16.691 -605.239 7.000
C_237 0.000 322.480 7.000
S_238 -15.425 -90.060 9.000
C_239 0.000 322.480 5.000
H_240 -10.601 -583.484 9.000
P_241 0.000 -195.996 8.000
Q_242 -22.253 -643.904 11.000
Y_243 -10.601 -274.939 9.000
K_244 -17.098 -818.649 11.000
M_245 0.000 401.769 10.000
H_246 -12.104 -583.484 12.000
T_247 -15.425 -90.974 9.000
D_248 -25.003 -475.402 14.000
G_249 0.000 -27.649 15.000
R_250 -28.412 -1015.709 12.000
S_251 -14.420 -90.060 8.000
C_252 0.000 322.480 12.000
L_253 0.000 679.918 12.000
E_254 -24.169 -605.239 13.000
R_255 -33.508 -1015.709 17.000
E_256 -28.912 -605.239 20.000
D_257 -26.485 -475.402 16.000
T_258 -17.098 -90.974 11.000
V_259 0.000 613.196 11.000
L_260 0.000 679.918 7.000
E_261 -16.691 -605.239 7.000
V_262 0.000 613.196 11.000
T_263 -19.059 -90.974 14.000
E_264 -25.003 -605.239 14.000
S_265 -20.609 -90.060 17.000
N_266 -27.150 -507.047 17.000
T_267 -20.127 -90.974 16.000
T_268 -18.462 -90.974 13.000
S_269 -15.425 -90.060 9.000
V_270 0.000 613.196 10.000
V_271 0.000 613.196 7.000
D_272 -18.409 -475.402 8.000
G_273 0.000 -27.649 11.000
D_274 -26.485 -475.402 16.000
K_275 -17.811 -818.649 12.000
R_276 -31.716 -1015.709 15.000
V_277 0.000 613.196 16.000
K_278 -21.060 -818.649 18.000
R_279 -29.616 -1015.709 13.000
R_280 -29.616 -1015.709 13.000
L_281 0.000 679.918 10.000
L_282 0.000 679.918 9.000
M_283 0.000 401.769 7.000
E_284 -16.691 -605.239 7.000
T_285 -13.255 -90.974 7.000
C_286 0.000 322.480 7.000
A_287 0.000 185.740 7.000
V_288 0.000 613.196 8.000
N_289 -18.409 -507.047 8.000
N_290 -18.409 -507.047 8.000
G_291 0.000 -27.649 8.000
G_292 0.000 -27.649 8.000
C_293 0.000 322.480 9.000
D_294 -23.258 -475.402 12.000
R_295 -28.412 -1015.709 12.000
T_296 -19.613 -90.974 15.000
C_297 0.000 322.480 15.000
K_298 -18.462 -818.649 13.000
D_299 -24.169 -475.402 13.000
T_300 -20.127 -90.974 16.000
S_301 -18.462 -90.060 13.000
T_302 -15.425 -90.974 9.000
G_303 0.000 -27.649 8.000
V_304 0.000 613.196 5.000
H_305 -7.426 -583.484 5.000
C_306 0.000 322.480 5.000
S_307 -10.149 -90.060 5.000
C_308 0.000 322.480 3.000
P_309 0.000 -195.996 3.000
V_310 0.000 613.196 0.000
G_311 0.000 -27.649 3.000
F_312 0.000 560.542 3.000
T_313 -13.255 -90.974 7.000
L_314 0.000 679.918 7.000
Q_315 -22.253 -643.904 11.000
L_316 0.000 679.918 8.000
D_317 -22.253 -475.402 11.000
G_318 0.000 -27.649 10.000
K_319 -16.309 -818.649 10.000
T_320 -15.425 -90.974 9.000
C_321 0.000 322.480 13.000
K_322 -16.309 -818.649 10.000
D_323 -22.253 -475.402 11.000
I_324 0.000 777.529 15.000
D_325 -23.258 -475.402 12.000
E_326 -23.258 -605.239 12.000
C_327 0.000 322.480 15.000
Q_328 -26.485 -643.904 16.000
T_329 -20.127 -90.974 16.000
R_330 -32.645 -1015.709 16.000
N_331 -23.258 -507.047 12.000
G_332 0.000 -27.649 9.000
G_333 0.000 -27.649 8.000
C_334 0.000 322.480 6.000
D_335 -14.591 -475.402 6.000
H_336 -8.431 -583.484 6.000
F_337 0.000 560.542 9.000
C_338 0.000 322.480 9.000
K_339 -13.255 -818.649 7.000
N_340 -16.691 -507.047 7.000
I_341 0.000 777.529 7.000
V_342 0.000 613.196 7.000
G_343 0.000 -27.649 3.000
S_344 -13.255 -90.060 7.000
F_345 0.000 560.542 7.000
D_346 -16.691 -475.402 7.000
C_347 0.000 322.480 4.000
G_348 0.000 -27.649 7.000
C_349 0.000 322.480 6.000
K_350 -11.867 -818.649 6.000
K_351 -11.867 -818.649 6.000
G_352 0.000 -27.649 9.000
F_353 0.000 560.542 6.000
K_354 -4.441 -818.649 3.000
L_355 0.000 679.918 6.000
L_356 0.000 679.918 10.000
T_357 -17.098 -90.974 11.000
D_358 -25.003 -475.402 14.000
E_359 -27.150 -605.239 17.000
K_360 -19.059 -818.649 14.000
S_361 -19.059 -90.060 14.000
C_362 0.000 322.480 14.000
Q_363 -22.253 -643.904 11.000
D_364 -23.258 -475.402 12.000
V_365 0.000 613.196 16.000
D_366 -23.258 -475.402 12.000
E_367 -22.253 -605.239 11.000
C_368 0.000 322.480 11.000
S_369 -17.098 -90.060 11.000
L_370 0.000 679.918 12.000
D_371 -25.772 -475.402 15.000
R_372 -28.412 -1015.709 12.000
T_373 -20.127 -90.974 16.000
C_374 0.000 322.480 14.000
D_375 -23.258 -475.402 12.000
H_376 -10.601 -583.484 9.000
S_377 -15.425 -90.060 9.000
C_378 0.000 322.480 9.000
I_379 0.000 777.529 9.000
N_380 -14.591 -507.047 6.000
H_381 -8.431 -583.484 6.000
P_382 0.000 -195.996 9.000
G_383 0.000 -27.649 5.000
T_384 -4.441 -90.974 3.000
F_385 0.000 560.542 3.000
A_386 0.000 185.740 3.000
C_387 0.000 322.480 0.000
A_388 0.000 185.740 4.000
C_389 0.000 322.480 9.000
N_390 -19.866 -507.047 9.000
R_391 -27.076 -1015.709 11.000
G_392 0.000 -27.649 14.000
Y_393 -11.154 -274.939 10.000
T_394 -13.255 -90.974 7.000
L_395 0.000 679.918 7.000
Y_396 -7.426 -274.939 5.000
G_397 0.000 -27.649 5.000
F_398 0.000 560.542 7.000
T_399 -10.149 -90.974 5.000
H_400 -7.426 -583.484 5.000
C_401 0.000 322.480 9.000
G_402 0.000 -27.649 9.000
D_403 -22.253 -475.402 11.000
T_404 -19.613 -90.974 15.000
N_405 -25.772 -507.047 15.000
E_406 -25.003 -605.239 14.000
C_407 0.000 322.480 11.000
S_408 -17.098 -90.060 11.000
I_409 0.000 777.529 11.000
N_410 -22.253 -507.047 11.000
N_411 -18.409 -507.047 8.000
G_412 0.000 -27.649 8.000
G_413 0.000 -27.649 8.000
C_414 0.000 322.480 8.000
Q_415 -18.409 -643.904 8.000
Q_416 -18.409 -643.904 8.000
V_417 0.000 613.196 8.000
C_418 0.000 322.480 8.000
V_419 0.000 613.196 7.000
N_420 -16.691 -507.047 7.000
T_421 -13.255 -90.974 7.000
V_422 0.000 613.196 10.000
G_423 0.000 -27.649 8.000
S_424 -15.425 -90.060 9.000
Y_425 -10.601 -274.939 9.000
E_426 -24.169 -605.239 13.000
C_427 0.000 322.480 10.000
Q_428 -21.132 -643.904 10.000
C_429 0.000 322.480 6.000
H_430 -8.431 -583.484 6.000
P_431 0.000 -195.996 4.000
G_432 0.000 -27.649 7.000
Y_433 -7.426 -274.939 5.000
K_434 -13.255 -818.649 7.000
L_435 0.000 679.918 8.000
H_436 -11.154 -583.484 10.000
W_437 -5.708 -203.500 10.000
N_438 -24.169 -507.047 13.000
K_439 -19.613 -818.649 15.000
K_440 -19.059 -818.649 14.000
D_441 -21.132 -475.402 10.000
C_442 0.000 322.480 11.000
V_443 0.000 613.196 8.000
E_444 -16.691 -605.239 7.000
V_445 0.000 613.196 7.000
K_446 -13.255 -818.649 7.000
G_447 0.000 -27.649 3.000
L_448 0.000 679.918 3.000
L_449 0.000 679.918 3.000
P_450 0.000 -195.996 6.000
T_451 -11.867 -90.974 6.000
S_452 -15.425 -90.060 9.000
V_453 0.000 613.196 9.000
S_454 -17.098 -90.060 11.000
P_455 0.000 -195.996 8.000
R_456 -27.076 -1015.709 11.000
V_457 0.000 613.196 8.000
S_458 -16.309 -90.060 10.000
L_459 0.000 679.918 5.000
H_460 -7.426 -583.484 5.000
C_461 0.000 322.480 5.000
G_462 0.000 -27.649 8.000
K_463 -11.867 -818.649 6.000
S_464 -11.867 -90.060 6.000
G_465 0.000 -27.649 6.000
G_466 0.000 -27.649 7.000
G_467 0.000 -27.649 4.000
D_468 -7.878 -475.402 4.000
G_469 0.000 -27.649 4.000
C_470 0.000 322.480 4.000
F_471 0.000 560.542 5.000
L_472 0.000 679.918 5.000
R_473 -19.414 -1015.709 7.000
C_474 0.000 322.480 10.000
H_475 -11.154 -583.484 10.000
S_476 -10.149 -90.060 5.000
G_477 0.000 -27.649 7.000
I_478 0.000 777.529 5.000
H_479 -7.426 -583.484 5.000
L_480 0.000 679.918 8.000
S_481 -14.420 -90.060 8.000
S_482 -11.867 -90.060 6.000
G_483 0.000 -27.649 10.000
L_484 0.000 679.918 7.000
Q_485 -7.878 -643.904 4.000
G_486 0.000 -27.649 6.000
A_487 0.000 185.740 9.000
Y_488 -7.426 -274.939 5.000
S_489 -14.420 -90.060 8.000
V_490 0.000 613.196 8.000
T_491 -11.867 -90.974 6.000
C_492 0.000 322.480 6.000
G_493 0.000 -27.649 9.000
S_494 -15.425 -90.060 9.000
S_495 -15.425 -90.060 9.000
S_496 -15.425 -90.060 9.000
P_497 0.000 -195.996 11.000
L_498 0.000 679.918 12.000
R_499 -28.412 -1015.709 12.000
N_500 -26.485 -507.047 16.000
K_501 -21.889 -818.649 20.000
Q_502 -27.773 -643.904 18.000
Q_503 -27.150 -643.904 17.000
K_504 -21.060 -818.649 18.000
S_505 -21.060 -90.060 18.000
N_506 -27.150 -507.047 17.000
D_507 -25.003 -475.402 14.000
S_508 -17.098 -90.060 11.000
A_509 0.000 185.740 7.000
F_510 0.000 560.542 7.000
G_511 0.000 -27.649 4.000
D_512 -16.691 -475.402 7.000
V_513 0.000 613.196 10.000
T_514 -16.309 -90.974 10.000
T_515 -17.098 -90.974 11.000
I_516 0.000 777.529 14.000
R_517 -30.711 -1015.709 14.000
T_518 -17.098 -90.974 11.000
S_519 -19.059 -90.060 14.000
V_520 0.000 613.196 9.000
T_521 -15.425 -90.974 9.000
F_522 0.000 560.542 6.000
K_523 -16.309 -818.649 10.000
L_524 0.000 679.918 11.000
N_525 -22.253 -507.047 11.000
E_526 -22.253 -605.239 11.000
G_527 0.000 -27.649 11.000
K_528 -16.309 -818.649 10.000
C_529 0.000 322.480 6.000
S_530 -15.425 -90.060 9.000
L_531 0.000 679.918 10.000
K_532 -16.309 -818.649 10.000
N_533 -22.253 -507.047 11.000
A_534 0.000 185.740 11.000
E_535 -18.409 -605.239 8.000
L_536 0.000 679.918 4.000
F_537 0.000 560.542 8.000
P_538 0.000 -195.996 4.000
E_539 -7.878 -605.239 4.000
G_540 0.000 -27.649 9.000
L_541 0.000 679.918 9.000
R_542 -11.867 -1015.709 5.000
P_543 0.000 -195.996 5.000
A_544 0.000 185.740 5.000
L_545 0.000 679.918 4.000
P_546 0.000 -195.996 7.000
E_547 -19.866 -605.239 9.000
K_548 -17.811 -818.649 12.000
H_549 -13.255 -583.484 15.000
S_550 -17.098 -90.060 11.000
S_551 -17.098 -90.060 11.000
V_552 0.000 613.196 13.000
K_553 -18.462 -818.649 13.000
E_554 -21.132 -605.239 10.000
S_555 -19.613 -90.060 15.000
F_556 0.000 560.542 14.000
R_557 -25.574 -1015.709 10.000
Y_558 -11.652 -274.939 11.000
V_559 0.000 613.196 11.000
N_560 -19.866 -507.047 9.000
L_561 0.000 679.918 7.000
T_562 -16.309 -90.974 10.000
C_563 0.000 322.480 9.000
S_564 -15.425 -90.060 9.000
S_565 -15.425 -90.060 9.000
G_566 0.000 -27.649 13.000
K_567 -16.309 -818.649 10.000
Q_568 -16.691 -643.904 7.000
V_569 0.000 613.196 7.000
P_570 0.000 -195.996 4.000
G_571 0.000 -27.649 0.000
A_572 0.000 185.740 0.000
P_573 0.000 -195.996 5.000
G_574 0.000 -27.649 5.000
R_575 -21.845 -1015.709 8.000
P_576 0.000 -195.996 11.000
S_577 -17.098 -90.060 11.000
T_578 -15.425 -90.974 9.000
P_579 0.000 -195.996 13.000
K_580 -16.309 -818.649 10.000
E_581 -16.691 -605.239 7.000
M_582 0.000 401.769 7.000
F_583 0.000 560.542 7.000
I_584 0.000 777.529 3.000
T_585 -13.255 -90.974 7.000
V_586 0.000 613.196 7.000
E_587 -22.253 -605.239 11.000
F_588 0.000 560.542 8.000
E_589 -23.258 -605.239 12.000
L_590 0.000 679.918 11.000
E_591 -25.772 -605.239 15.000
T_592 -19.613 -90.974 15.000
N_593 -27.773 -507.047 18.000
Q_594 -27.773 -643.904 18.000
K_595 -19.613 -818.649 15.000
E_596 -25.003 -605.239 14.000
V_597 0.000 613.196 10.000
T_598 -16.309 -90.974 10.000
A_599 0.000 185.740 6.000
S_600 -16.309 -90.060 10.000
C_601 0.000 322.480 7.000
D_602 -21.132 -475.402 10.000
L_603 0.000 679.918 7.000
S_604 -13.255 -90.060 7.000
C_605 0.000 322.480 3.000
I_606 0.000 777.529 6.000
V_607 0.000 613.196 8.000
K_608 -17.098 -818.649 11.000
R_609 -31.716 -1015.709 15.000
T_610 -21.060 -90.974 18.000
E_611 -28.912 -605.239 20.000
K_612 -19.613 -818.649 15.000
R_613 -33.508 -1015.709 17.000
L_614 0.000 679.918 16.000
R_615 -29.616 -1015.709 13.000
K_616 -14.420 -818.649 8.000
A_617 0.000 185.740 13.000
I_618 0.000 777.529 11.000
R_619 -21.845 -1015.709 8.000
T_620 -18.462 -90.974 13.000
L_621 0.000 679.918 16.000
R_622 -27.076 -1015.709 11.000
K_623 -14.420 -818.649 8.000
A_624 0.000 185.740 10.000
V_625 0.000 613.196 10.000
H_626 -11.652 -583.484 11.000
R_627 -31.716 -1015.709 15.000
E_628 -25.772 -605.239 15.000
Q_629 -25.772 -643.904 15.000
F_630 0.000 560.542 10.000
H_631 -11.154 -583.484 10.000
L_632 0.000 679.918 6.000
Q_633 -19.866 -643.904 9.000
L_634 0.000 679.918 7.000
S_635 -13.255 -90.060 7.000
G_636 0.000 -27.649 7.000
M_637 0.000 401.769 7.000
N_638 -18.409 -507.047 8.000
L_639 0.000 679.918 8.000
D_640 -18.409 -475.402 8.000
V_641 0.000 613.196 7.000
A_642 0.000 185.740 10.000
K_643 -11.867 -818.649 6.000
K_644 -11.867 -818.649 6.000
P_645 0.000 -195.996 11.000
P_646 0.000 -195.996 11.000
R_647 -27.076 -1015.709 11.000
T_648 -19.613 -90.974 15.000
S_649 -21.889 -90.060 20.000
E_650 -28.359 -605.239 19.000
R_651 -32.645 -1015.709 16.000
Q_652 -27.150 -643.904 17.000
A_653 0.000 185.740 16.000
E_654 -22.253 -605.239 11.000
S_655 -13.255 -90.060 7.000
C_656 0.000 322.480 7.000
G_657 0.000 -27.649 3.000
V_658 0.000 613.196 4.000
G_659 0.000 -27.649 4.000
Q_660 -14.591 -643.904 6.000
G_661 0.000 -27.649 6.000
H_662 -11.154 -583.484 10.000
A_663 0.000 185.740 10.000
E_664 -25.003 -605.239 14.000
N_665 -23.258 -507.047 12.000
Q_666 -23.258 -643.904 12.000
C_667 0.000 322.480 11.000
V_668 0.000 613.196 7.000
S_669 -14.420 -90.060 8.000
C_670 0.000 322.480 8.000
R_671 -21.845 -1015.709 8.000
A_672 0.000 185.740 8.000
G_673 0.000 -27.649 10.000
T_674 -13.255 -90.974 7.000
Y_675 -11.652 -274.939 11.000
Y_676 -11.652 -274.939 11.000
D_677 -18.409 -475.402 8.000
G_678 0.000 -27.649 11.000
A_679 0.000 185.740 13.000
R_680 -30.711 -1015.709 14.000
E_681 -25.003 -605.239 14.000
R_682 -30.711 -1015.709 14.000
C_683 0.000 322.480 9.000
I_684 0.000 777.529 5.000
L_685 0.000 679.918 0.000
C_686 0.000 322.480 4.000
P_687 0.000 -195.996 4.000
N_688 -16.691 -507.047 7.000
G_689 0.000 -27.649 7.000
T_690 -17.098 -90.974 11.000
F_691 0.000 560.542 11.000
Q_692 -25.772 -643.904 15.000
N_693 -26.485 -507.047 16.000
E_694 -26.485 -605.239 16.000
E_695 -26.485 -605.239 16.000
G_696 0.000 -27.649 12.000
Q_697 -22.253 -643.904 11.000
M_698 0.000 401.769 7.000
T_699 -17.098 -90.974 11.000
C_700 0.000 322.480 7.000
E_701 -16.691 -605.239 7.000
P_702 0.000 -195.996 4.000
C_703 0.000 322.480 9.000
P_704 0.000 -195.996 5.000
R_705 -11.867 -1015.709 5.000
P_706 0.000 -195.996 9.000
G_707 0.000 -27.649 12.000
N_708 -16.691 -507.047 7.000
S_709 -13.255 -90.060 7.000
G_710 0.000 -27.649 7.000
A_711 0.000 185.740 6.000
L_712 0.000 679.918 6.000
K_713 -11.867 -818.649 6.000
T_714 -16.309 -90.974 10.000
P_715 0.000 -195.996 10.000
E_716 -18.409 -605.239 8.000
A_717 0.000 185.740 9.000
W_718 -5.447 -203.500 9.000
N_719 -18.409 -507.047 8.000
M_720 0.000 401.769 12.000
S_721 -17.098 -90.060 11.000
E_722 -16.691 -605.239 7.000
C_723 0.000 322.480 7.000
G_724 0.000 -27.649 4.000
G_725 0.000 -27.649 0.000
L_726 0.000 679.918 4.000
C_727 0.000 322.480 4.000
Q_728 -7.878 -643.904 4.000
P_729 0.000 -195.996 8.000
G_730 0.000 -27.649 10.000
E_731 -19.866 -605.239 9.000
Y_732 -10.601 -274.939 9.000
S_733 -18.462 -90.060 13.000
A_734 0.000 185.740 9.000
D_735 -16.691 -475.402 7.000
G_736 0.000 -27.649 4.000
F_737 0.000 560.542 4.000
A_738 0.000 185.740 0.000
P_739 0.000 -195.996 4.000
C_740 0.000 322.480 4.000
Q_741 -7.878 -643.904 4.000
L_742 0.000 679.918 4.000
C_743 0.000 322.480 4.000
A_744 0.000 185.740 0.000
L_745 0.000 679.918 3.000
G_746 0.000 -27.649 3.000
T_747 -13.255 -90.974 7.000
F_748 0.000 560.542 7.000
Q_749 -22.253 -643.904 11.000
P_750 0.000 -195.996 8.000
E_751 -18.409 -605.239 8.000
A_752 0.000 185.740 9.000
G_753 0.000 -27.649 12.000
R_754 -27.076 -1015.709 11.000
T_755 -17.098 -90.974 11.000
S_756 -17.098 -90.060 11.000
C_757 0.000 322.480 6.000
F_758 0.000 560.542 3.000
P_759 0.000 -195.996 0.000
C_760 0.000 322.480 0.000
G_761 0.000 -27.649 0.000
G_762 0.000 -27.649 0.000
G_763 0.000 -27.649 0.000
L_764 0.000 679.918 3.000
A_765 0.000 185.740 6.000
T_766 -14.420 -90.974 8.000
K_767 -17.811 -818.649 12.000
H_768 -12.104 -583.484 12.000
Q_769 -19.866 -643.904 9.000
G_770 0.000 -27.649 9.000
A_771 0.000 185.740 10.000
T_772 -11.867 -90.974 6.000
S_773 -16.309 -90.060 10.000
F_774 0.000 560.542 14.000
Q_775 -22.253 -643.904 11.000
D_776 -23.258 -475.402 12.000
C_777 0.000 322.480 15.000
E_778 -26.485 -605.239 16.000
T_779 -17.811 -90.974 12.000
R_780 -32.645 -1015.709 16.000
V_781 0.000 613.196 12.000
Q_782 -23.258 -643.904 12.000
C_783 0.000 322.480 7.000
S_784 -13.255 -90.060 7.000
P_785 0.000 -195.996 5.000
G_786 0.000 -27.649 5.000
H_787 -6.160 -583.484 4.000
F_788 0.000 560.542 8.000
Y_789 -11.652 -274.939 11.000
N_790 -23.258 -507.047 12.000
T_791 -19.613 -90.974 15.000
T_792 -19.613 -90.974 15.000
T_793 -20.127 -90.974 16.000
H_794 -12.518 -583.484 13.000
R_795 -25.574 -1015.709 10.000
C_796 0.000 322.480 12.000
I_797 0.000 777.529 10.000
R_798 -11.867 -1015.709 5.000
C_799 0.000 322.480 5.000
P_800 0.000 -195.996 5.000
V_801 0.000 613.196 3.000
G_802 0.000 -27.649 5.000
T_803 -15.425 -90.974 9.000
Y_804 -10.601 -274.939 9.000
Q_805 -24.169 -643.904 13.000
P_806 0.000 -195.996 10.000
E_807 -18.409 -605.239 8.000
F_808 0.000 560.542 7.000
G_809 0.000 -27.649 11.000
K_810 -17.098 -818.649 11.000
N_811 -22.253 -507.047 11.000
N_812 -22.253 -507.047 11.000
C_813 0.000 322.480 11.000
V_814 0.000 613.196 7.000
S_815 -4.441 -90.060 3.000
C_816 0.000 322.480 3.000
P_817 0.000 -195.996 7.000
G_818 0.000 -27.649 7.000
N_819 -21.132 -507.047 10.000
T_820 -18.462 -90.974 13.000
T_821 -20.609 -90.974 17.000
T_822 -18.462 -90.974 13.000
D_823 -25.003 -475.402 14.000
F_824 0.000 560.542 11.000
D_825 -22.253 -475.402 11.000
G_826 0.000 -27.649 10.000
S_827 -19.059 -90.060 14.000
T_828 -16.309 -90.974 10.000
N_829 -24.169 -507.047 13.000
I_830 0.000 777.529 14.000
T_831 -17.098 -90.974 11.000
Q_832 -21.132 -643.904 10.000
C_833 0.000 322.480 14.000
K_834 -20.127 -818.649 16.000
N_835 -27.150 -507.047 17.000
R_836 -33.508 -1015.709 17.000
R_837 -30.711 -1015.709 14.000
C_838 0.000 322.480 10.000
G_839 0.000 -27.649 9.000
G_840 0.000 -27.649 4.000
E_841 -7.878 -605.239 4.000
L_842 0.000 679.918 8.000
G_843 0.000 -27.649 8.000
D_844 -16.691 -475.402 7.000
F_845 0.000 560.542 7.000
T_846 -15.425 -90.974 9.000
G_847 0.000 -27.649 5.000
Y_848 -10.601 -274.939 9.000
I_849 0.000 777.529 9.000
E_850 -19.866 -605.239 9.000
S_851 -17.098 -90.060 11.000
P_852 0.000 -195.996 13.000
N_853 -19.866 -507.047 9.000
Y_854 -8.431 -274.939 6.000
P_855 0.000 -195.996 10.000
G_856 0.000 -27.649 8.000
N_857 -14.591 -507.047 6.000
Y_858 -8.431 -274.939 6.000
P_859 0.000 -195.996 10.000
A_860 0.000 185.740 9.000
N_861 -22.253 -507.047 11.000
T_862 -17.098 -90.974 11.000
E_863 -25.003 -605.239 14.000
C_864 0.000 322.480 11.000
T_865 -17.098 -90.974 11.000
W_866 -4.824 -203.500 7.000
T_867 -17.098 -90.974 11.000
I_868 0.000 777.529 8.000
N_869 -16.691 -507.047 7.000
P_870 0.000 -195.996 4.000
P_871 0.000 -195.996 7.000
P_872 0.000 -195.996 8.000
K_873 -18.462 -818.649 13.000
R_874 -29.616 -1015.709 13.000
R_875 -29.616 -1015.709 13.000
I_876 0.000 777.529 10.000
L_877 0.000 679.918 5.000
I_878 0.000 777.529 0.000
V_879 0.000 613.196 0.000
V_880 0.000 613.196 4.000
P_881 0.000 -195.996 4.000
E_882 -7.878 -605.239 4.000
I_883 0.000 777.529 4.000
F_884 0.000 560.542 4.000
L_885 0.000 679.918 0.000
P_886 0.000 -195.996 4.000
I_887 0.000 777.529 8.000
E_888 -23.258 -605.239 12.000
D_889 -23.258 -475.402 12.000
D_890 -23.258 -475.402 12.000
C_891 0.000 322.480 12.000
G_892 0.000 -27.649 10.000
D_893 -14.591 -475.402 6.000
Y_894 -8.431 -274.939 6.000
L_895 0.000 679.918 6.000
V_896 0.000 613.196 7.000
M_897 0.000 401.769 8.000
R_898 -27.076 -1015.709 11.000
K_899 -19.059 -818.649 14.000
T_900 -20.609 -90.974 17.000
S_901 -19.613 -90.060 15.000
S_902 -20.127 -90.060 16.000
S_903 -20.127 -90.060 16.000
N_904 -24.169 -507.047 13.000
S_905 -18.462 -90.060 13.000
V_906 0.000 613.196 13.000
T_907 -17.098 -90.974 11.000
T_908 -17.811 -90.974 12.000
Y_909 -13.255 -274.939 15.000
E_910 -23.258 -605.239 12.000
T_911 -18.462 -90.974 13.000
C_912 0.000 322.480 14.000
Q_913 -23.258 -643.904 12.000
T_914 -18.462 -90.974 13.000
Y_915 -14.188 -274.939 18.000
E_916 -25.003 -605.239 14.000
R_917 -27.076 -1015.709 11.000
P_918 0.000 -195.996 9.000
I_919 0.000 777.529 5.000
A_920 0.000 185.740 3.000
F_921 0.000 560.542 6.000
T_922 -17.098 -90.974 11.000
S_923 -19.059 -90.060 14.000
R_924 -33.508 -1015.709 17.000
S_925 -20.609 -90.060 17.000
K_926 -19.059 -818.649 14.000
K_927 -16.309 -818.649 10.000
L_928 0.000 679.918 7.000
W_929 -5.155 -203.500 8.000
I_930 0.000 777.529 5.000
Q_931 -18.409 -643.904 8.000
F_932 0.000 560.542 10.000
K_933 -19.059 -818.649 14.000
S_934 -19.059 -90.060 14.000
N_935 -25.003 -507.047 14.000
E_936 -25.772 -605.239 15.000
G_937 0.000 -27.649 15.000
N_938 -22.253 -507.047 11.000
S_939 -17.811 -90.060 12.000
A_940 0.000 185.740 12.000
R_941 -21.845 -1015.709 8.000
G_942 0.000 -27.649 9.000
F_943 0.000 560.542 9.000
Q_944 -7.878 -643.904 4.000
V_945 0.000 613.196 6.000
P_946 0.000 -195.996 6.000
Y_947 -7.426 -274.939 5.000
V_948 0.000 613.196 7.000
T_949 -17.098 -90.974 11.000
Y_950 -12.518 -274.939 13.000
D_951 -27.150 -475.402 17.000
E_952 -26.485 -605.239 16.000
D_953 -27.773 -475.402 18.000
Y_954 -14.188 -274.939 18.000
Q_955 -25.003 -643.904 14.000
E_956 -21.132 -605.239 10.000
L_957 0.000 679.918 12.000
I_958 0.000 777.529 12.000
E_959 -18.409 -605.239 8.000
D_960 -18.409 -475.402 8.000
I_961 0.000 777.529 13.000
V_962 0.000 613.196 13.000
R_963 -23.856 -1015.709 9.000
D_964 -25.003 -475.402 14.000
G_965 0.000 -27.649 14.000
R_966 -27.076 -1015.709 11.000
L_967 0.000 679.918 7.000
Y_968 -11.154 -274.939 10.000
A_969 0.000 185.740 9.000
S_970 -18.462 -90.060 13.000
E_971 -24.169 -605.239 13.000
N_972 -27.150 -507.047 17.000
H_973 -14.188 -583.484 18.000
Q_974 -25.003 -643.904 14.000
E_975 -21.132 -605.239 10.000
I_976 0.000 777.529 11.000
L_977 0.000 679.918 11.000
K_978 -16.309 -818.649 10.000
D_979 -24.169 -475.402 13.000
K_980 -18.462 -818.649 13.000
K_981 -16.309 -818.649 10.000
L_982 0.000 679.918 9.000
I_983 0.000 777.529 6.000
K_984 -4.441 -818.649 3.000
A_985 0.000 185.740 3.000
L_986 0.000 679.918 7.000
F_987 0.000 560.542 4.000
D_988 -7.878 -475.402 4.000
V_989 0.000 613.196 4.000
L_990 0.000 679.918 6.000
A_991 0.000 185.740 2.000
H_992 -8.431 -583.484 6.000
P_993 0.000 -195.996 10.000
Q_994 -23.258 -643.904 12.000
N_995 -21.132 -507.047 10.000
Y_996 -12.518 -274.939 13.000
F_997 0.000 560.542 11.000
K_998 -16.309 -818.649 10.000
Y_999 -9.978 -274.939 8.000
T_1000 -17.811 -90.974 12.000
A_1001 0.000 185.740 13.000
Q_1002 -25.003 -643.904 14.000
E_1003 -26.485 -605.239 16.000
S_1004 -21.889 -90.060 20.000
R_1005 -32.645 -1015.709 16.000
E_1006 -23.258 -605.239 12.000
M_1007 0.000 401.769 9.000
F_1008 0.000 560.542 9.000
P_1009 0.000 -195.996 8.000
R_1010 -21.845 -1015.709 8.000
S_1011 -14.420 -90.060 8.000
F_1012 0.000 560.542 13.000
I_1013 0.000 777.529 8.000
R_1014 -11.867 -1015.709 5.000
L_1015 0.000 679.918 10.000
L_1016 0.000 679.918 13.000
R_1017 -27.076 -1015.709 11.000
S_1018 -17.098 -90.060 11.000
K_1019 -19.059 -818.649 14.000
V_1020 0.000 613.196 14.000
S_1021 -17.098 -90.060 11.000
R_1022 -21.845 -1015.709 8.000
F_1023 0.000 560.542 13.000
L_1024 0.000 679.918 10.000
R_1025 -19.414 -1015.709 7.000
P_1026 0.000 -195.996 10.000
Y_1027 -11.154 -274.939 10.000
K_1028 -10.149 -818.649 5.000
