M_1 0.000 401.769 7.000
T_2 -17.098 -90.974 11.000
E_3 -22.253 -605.239 11.000
E_4 -22.253 -605.239 11.000
V_5 0.000 613.196 8.000
I_6 0.000 777.529 4.000
V_7 0.000 613.196 0.000
I_8 0.000 777.529 3.000
A_9 0.000 185.740 4.000
K_10 -14.420 -818.649 8.000
W_11 -5.708 -203.500 10.000
D_12 -24.169 -475.402 13.000
Y_13 -11.154 -274.939 10.000
T_14 -18.462 -90.974 13.000
A_15 0.000 185.740 13.000
Q_16 -25.772 -643.904 15.000
Q_17 -26.485 -643.904 16.000
D_18 -28.912 -475.402 20.000
Q_19 -26.485 -643.904 16.000
E_20 -26.485 -605.239 16.000
L_21 0.000 679.918 12.000
D_22 -22.253 -475.402 11.000
I_23 0.000 777.529 10.000
K_24 -19.059 -818.649 14.000
K_25 -19.059 -818.649 14.000
N_26 -28.359 -507.047 19.000
E_27 -26.485 -605.239 16.000
R_28 -30.711 -1015.709 14.000
L_29 0.000 679.918 10.000
W_30 -4.441 -203.500 6.000
L_31 0.000 679.918 5.000
L_32 0.000 679.918 9.000
D_33 -22.253 -475.402 11.000
D_34 -25.003 -475.402 14.000
S_35 -20.609 -90.060 17.000
K_36 -19.059 -818.649 14.000
T_37 -17.098 -90.974 11.000
W_38 -6.358 -203.500 13.000
W_39 -5.708 -203.500 10.000
R_40 -28.412 -1015.709 12.000
V_41 0.000 613.196 15.000
R_42 -30.711 -1015.709 14.000
N_43 -19.866 -507.047 9.000
A_44 0.000 185.740 13.000
A_45 0.000 185.740 13.000
N_46 -23.258 -507.047 12.000
R_47 -28.412 -1015.709 12.000
T_48 -19.059 -90.974 14.000
G_49 0.000 -27.649 10.000
Y_50 -7.426 -274.939 5.000
V_51 0.000 613.196 5.000
P_52 0.000 -195.996 9.000
S_53 -15.425 -90.060 9.000
N_54 -19.866 -507.047 9.000
Y_55 -12.518 -274.939 13.000
V_56 0.000 613.196 15.000
E_57 -25.003 -605.239 14.000
R_58 -32.645 -1015.709 16.000
K_59 -21.486 -818.649 19.000
N_60 -25.772 -507.047 15.000
S_61 -18.462 -90.060 13.000
L_62 0.000 679.918 13.000
K_63 -15.425 -818.649 9.000
K_64 -15.425 -818.649 9.000
G_65 0.000 -27.649 9.000
S_66 -11.867 -90.060 6.000
L_67 0.000 679.918 6.000
V_68 0.000 613.196 10.000
K_69 -13.255 -818.649 7.000
N_70 -21.132 -507.047 10.000
L_71 0.000 679.918 14.000
K_72 -19.059 -818.649 14.000
D_73 -21.132 -475.402 10.000
T_74 -16.309 -90.974 10.000
L_75 0.000 679.918 7.000
G_76 0.000 -27.649 3.000
L_77 0.000 679.918 3.000
G_78 0.000 -27.649 6.000
K_79 -17.098 -818.649 11.000
T_80 -20.127 -90.974 16.000
R_81 -35.072 -1015.709 19.000
R_82 -35.072 -1015.709 19.000
K_83 -21.486 -818.649 19.000
T_84 -19.059 -90.974 14.000
S_85 -19.059 -90.060 14.000
A_86 0.000 185.740 15.000
R_87 -28.412 -1015.709 12.000
D_88 -23.258 -475.402 12.000
A_89 0.000 185.740 12.000
S_90 -16.309 -90.060 10.000
P_91 0.000 -195.996 6.000
T_92 -15.425 -90.974 9.000
P_93 0.000 -195.996 9.000
S_94 -18.462 -90.060 13.000
T_95 -16.309 -90.974 10.000
D_96 -25.003 -475.402 14.000
A_97 0.000 185.740 13.000
E_98 -21.132 -605.239 10.000
Y_99 -8.431 -274.939 6.000
P_100 0.000 -195.996 10.000
A_101 0.000 185.740 6.000
N_102 -16.691 -507.047 7.000
G_103 0.000 -27.649 7.000
S_104 -13.255 -90.060 7.000
G_105 0.000 -27.649 7.000
A_106 0.000 185.740 12.000
D_107 -19.866 -475.402 9.000
R_108 -27.076 -1015.709 11.000
I_109 0.000 777.529 15.000
Y_110 -11.652 -274.939 11.000
D_111 -21.132 -475.402 10.000
L_112 0.000 679.918 10.000
N_113 -18.409 -507.047 8.000
I_114 0.000 777.529 4.000
P_115 0.000 -195.996 4.000
A_116 0.000 185.740 0.000
F_117 0.000 560.542 3.000
V_118 0.000 613.196 3.000
K_119 -4.441 -818.649 3.000
F_120 0.000 560.542 5.000
A_121 0.000 185.740 5.000
Y_122 -1.718 -274.939 2.000
V_123 0.000 613.196 6.000
A_124 0.000 185.740 11.000
E_125 -24.169 -605.239 13.000
R_126 -33.508 -1015.709 17.000
E_127 -29.436 -605.239 21.000
D_128 -27.150 -475.402 17.000
E_129 -25.772 -605.239 15.000
L_130 0.000 679.918 11.000
S_131 -13.255 -90.060 7.000
L_132 0.000 679.918 6.000
V_133 0.000 613.196 6.000
K_134 -11.867 -818.649 6.000
G_135 0.000 -27.649 11.000
S_136 -17.098 -90.060 11.000
R_137 -27.076 -1015.709 11.000
V_138 0.000 613.196 11.000
T_139 -14.420 -90.974 8.000
V_140 0.000 613.196 7.000
M_141 0.000 401.769 10.000
E_142 -16.691 -605.239 7.000
K_143 -16.309 -818.649 10.000
C_144 0.000 322.480 14.000
S_145 -16.309 -90.060 10.000
D_146 -18.409 -475.402 8.000
G_147 0.000 -27.649 9.000
W_148 -5.944 -203.500 11.000
W_149 -4.824 -203.500 7.000
R_150 -25.574 -1015.709 10.000
G_151 0.000 -27.649 11.000
S_152 -19.059 -90.060 14.000
Y_153 -10.601 -274.939 9.000
N_154 -24.169 -507.047 13.000
G_155 0.000 -27.649 10.000
Q_156 -18.409 -643.904 8.000
I_157 0.000 777.529 5.000
G_158 0.000 -27.649 5.000
W_159 -0.000 -203.500 1.000
F_160 0.000 560.542 4.000
P_161 0.000 -195.996 8.000
S_162 -15.425 -90.060 9.000
N_163 -19.866 -507.047 9.000
Y_164 -10.601 -274.939 9.000
V_165 0.000 613.196 10.000
L_166 0.000 679.918 10.000
E_167 -18.409 -605.239 8.000
E_168 -23.258 -605.239 12.000
V_169 0.000 613.196 16.000
D_170 -23.258 -475.402 12.000
E_171 -18.409 -605.239 8.000
A_172 0.000 185.740 8.000
A_173 0.000 185.740 8.000
A_174 0.000 185.740 7.000
E_175 -16.691 -605.239 7.000
S_176 -16.309 -90.060 10.000
P_177 0.000 -195.996 10.000
S_178 -11.867 -90.060 6.000
F_179 0.000 560.542 6.000
L_180 0.000 679.918 6.000
S_181 -14.420 -90.060 8.000
L_182 0.000 679.918 11.000
R_183 -27.076 -1015.709 11.000
K_184 -14.420 -818.649 8.000
G_185 0.000 -27.649 11.000
A_186 0.000 185.740 6.000
S_187 -11.867 -90.060 6.000
L_188 0.000 679.918 10.000
S_189 -16.309 -90.060 10.000
N_190 -22.253 -507.047 11.000
G_191 0.000 -27.649 11.000
Q_192 -22.253 -643.904 11.000
G_193 0.000 -27.649 12.000
S_194 -17.811 -90.060 12.000
R_195 -21.845 -1015.709 8.000
V_196 0.000 613.196 10.000
L_197 0.000 679.918 7.000
H_198 -1.718 -583.484 2.000
V_199 0.000 613.196 6.000
V_200 0.000 613.196 9.000
Q_201 -16.691 -643.904 7.000
T_202 -15.425 -90.974 9.000
L_203 0.000 679.918 9.000
Y_204 -7.426 -274.939 5.000
P_205 0.000 -195.996 5.000
F_206 0.000 560.542 8.000
S_207 -11.867 -90.060 6.000
S_208 -15.425 -90.060 9.000
V_209 0.000 613.196 13.000
T_210 -19.059 -90.974 14.000
E_211 -25.772 -605.239 15.000
E_212 -25.772 -605.239 15.000
E_213 -26.485 -605.239 16.000
L_214 0.000 679.918 12.000
N_215 -23.258 -507.047 12.000
F_216 0.000 560.542 11.000
E_217 -22.253 -605.239 11.000
K_218 -17.098 -818.649 11.000
G_219 0.000 -27.649 14.000
E_220 -21.132 -605.239 10.000
T_221 -17.098 -90.974 11.000
M_222 0.000 401.769 11.000
E_223 -16.691 -605.239 7.000
V_224 0.000 613.196 8.000
I_225 0.000 777.529 11.000
E_226 -16.691 -605.239 7.000
K_227 -17.098 -818.649 11.000
P_228 0.000 -195.996 15.000
E_229 -25.772 -605.239 15.000
N_230 -23.258 -507.047 12.000
D_231 -26.485 -475.402 16.000
P_232 0.000 -195.996 13.000
E_233 -21.132 -605.239 10.000
W_234 -5.447 -203.500 9.000
W_235 -5.447 -203.500 9.000
K_236 -14.420 -818.649 8.000
C_237 0.000 322.480 11.000
K_238 -16.309 -818.649 10.000
N_239 -23.258 -507.047 12.000
A_240 0.000 185.740 12.000
R_241 -29.616 -1015.709 13.000
G_242 0.000 -27.649 9.000
Q_243 -19.866 -643.904 9.000
V_244 0.000 613.196 4.000
G_245 0.000 -27.649 4.000
L_246 0.000 679.918 0.000
V_247 0.000 613.196 3.000
P_248 0.000 -195.996 7.000
K_249 -15.425 -818.649 9.000
N_250 -19.866 -507.047 9.000
Y_251 -10.601 -274.939 9.000
V_252 0.000 613.196 6.000
V_253 0.000 613.196 2.000
V_254 0.000 613.196 3.000
L_255 0.000 679.918 7.000
S_256 -13.255 -90.060 7.000
D_257 -16.691 -475.402 7.000
G_258 0.000 -27.649 7.000
P_259 0.000 -195.996 4.000
A_260 0.000 185.740 2.000
L_261 0.000 679.918 2.000
H_262 -1.718 -583.484 2.000
P_263 0.000 -195.996 4.000
A_264 0.000 185.740 4.000
H_265 -1.718 -583.484 2.000
A_266 0.000 185.740 6.000
P_267 0.000 -195.996 6.000
Q_268 -16.691 -643.904 7.000
I_269 0.000 777.529 9.000
S_270 -17.811 -90.060 12.000
Y_271 -9.978 -274.939 8.000
T_272 -14.420 -90.974 8.000
G_273 0.000 -27.649 8.000
P_274 0.000 -195.996 9.000
S_275 -15.425 -90.060 9.000
S_276 -15.425 -90.060 9.000
S_277 -19.059 -90.060 14.000
G_278 0.000 -27.649 11.000
R_279 -21.845 -1015.709 8.000
F_280 0.000 560.542 5.000
A_281 0.000 185.740 10.000
G_282 0.000 -27.649 9.000
R_283 -25.574 -1015.709 10.000
E_284 -23.258 -605.239 12.000
W_285 -6.542 -203.500 14.000
Y_286 -10.601 -274.939 9.000
Y_287 -10.601 -274.939 9.000
G_288 0.000 -27.649 8.000
N_289 -19.866 -507.047 9.000
V_290 0.000 613.196 12.000
T_291 -19.059 -90.974 14.000
R_292 -30.711 -1015.709 14.000
H_293 -12.900 -583.484 14.000
Q_294 -25.772 -643.904 15.000
A_295 0.000 185.740 10.000
E_296 -18.409 -605.239 8.000
C_297 0.000 322.480 4.000
A_298 0.000 185.740 8.000
L_299 0.000 679.918 8.000
N_300 -24.169 -507.047 13.000
E_301 -24.169 -605.239 13.000
R_302 -29.616 -1015.709 13.000
G_303 0.000 -27.649 13.000
V_304 0.000 613.196 9.000
E_305 -18.409 -605.239 8.000
G_306 0.000 -27.649 8.000
D_307 -18.409 -475.402 8.000
F_308 0.000 560.542 4.000
L_309 0.000 679.918 9.000
I_310 0.000 777.529 9.000
R_311 -28.412 -1015.709 12.000
D_312 -26.485 -475.402 16.000
S_313 -21.486 -90.060 19.000
E_314 -27.150 -605.239 17.000
S_315 -18.462 -90.060 13.000
S_316 -18.462 -90.060 13.000
P_317 0.000 -195.996 13.000
S_318 -16.309 -90.060 10.000
D_319 -21.132 -475.402 10.000
F_320 0.000 560.542 10.000
S_321 -16.309 -90.060 10.000
V_322 0.000 613.196 6.000
S_323 -15.425 -90.060 9.000
L_324 0.000 679.918 6.000
K_325 -15.425 -818.649 9.000
A_326 0.000 185.740 6.000
S_327 -15.425 -90.060 9.000
G_328 0.000 -27.649 10.000
K_329 -18.462 -818.649 13.000
N_330 -23.258 -507.047 12.000
K_331 -17.811 -818.649 12.000
H_332 -12.104 -583.484 12.000
F_333 0.000 560.542 8.000
K_334 -15.425 -818.649 9.000
V_335 0.000 613.196 7.000
Q_336 -16.691 -643.904 7.000
L_337 0.000 679.918 8.000
V_338 0.000 613.196 12.000
D_339 -18.409 -475.402 8.000
N_340 -21.132 -507.047 10.000
V_341 0.000 613.196 10.000
Y_342 -8.431 -274.939 6.000
C_343 0.000 322.480 2.000
I_344 0.000 777.529 6.000
G_345 0.000 -27.649 9.000
Q_346 -25.003 -643.904 14.000
R_347 -30.711 -1015.709 14.000
R_348 -32.645 -1015.709 16.000
F_349 0.000 560.542 15.000
H_350 -11.154 -583.484 10.000
T_351 -15.425 -90.974 9.000
M_352 0.000 401.769 13.000
D_353 -22.253 -475.402 11.000
E_354 -18.409 -605.239 8.000
L_355 0.000 679.918 12.000
V_356 0.000 613.196 10.000
E_357 -18.409 -605.239 8.000
H_358 -11.652 -583.484 11.000
Y_359 -12.900 -274.939 14.000
K_360 -16.309 -818.649 10.000
K_361 -14.420 -818.649 8.000
A_362 0.000 185.740 6.000
P_363 0.000 -195.996 3.000
I_364 0.000 777.529 3.000
F_365 0.000 560.542 6.000
T_366 -16.309 -90.974 10.000
S_367 -17.811 -90.060 12.000
E_368 -23.258 -605.239 12.000
H_369 -12.518 -583.484 13.000
G_370 0.000 -27.649 13.000
E_371 -19.866 -605.239 9.000
K_372 -15.425 -818.649 9.000
L_373 0.000 679.918 9.000
Y_374 -7.426 -274.939 5.000
L_375 0.000 679.918 7.000
V_376 0.000 613.196 7.000
R_377 -11.867 -1015.709 5.000
A_378 0.000 185.740 9.000
L_379 0.000 679.918 9.000
Q_380 -7.878 -643.904 4.000
