M_1 0.000 401.769 4.000
E_2 -7.878 -605.239 4.000
G_3 0.000 -27.649 9.000
P_4 0.000 -195.996 9.000
R_5 -16.309 -1015.709 6.000
G_6 0.000 -27.649 6.000
W_7 -4.441 -203.500 6.000
L_8 0.000 679.918 1.000
V_9 0.000 613.196 1.000
L_10 0.000 679.918 0.000
C_11 0.000 322.480 0.000
V_12 0.000 613.196 0.000
L_13 0.000 679.918 0.000
A_14 0.000 185.740 3.000
I_15 0.000 777.529 3.000
S_16 -4.441 -90.060 3.000
L_17 0.000 679.918 6.000
A_18 0.000 185.740 6.000
S_19 -4.441 -90.060 3.000
M_20 0.000 401.769 6.000
V_21 0.000 613.196 10.000
T_22 -17.098 -90.974 11.000
E_23 -22.253 -605.239 11.000
D_24 -22.253 -475.402 11.000
L_25 0.000 679.918 13.000
C_26 0.000 322.480 9.000
R_27 -11.867 -1015.709 5.000
A_28 0.000 185.740 9.000
P_29 0.000 -195.996 9.000
D_30 -16.691 -475.402 7.000
G_31 0.000 -27.649 10.000
K_32 -16.309 -818.649 10.000
K_33 -16.309 -818.649 10.000
G_34 0.000 -27.649 10.000
E_35 -16.691 -605.239 7.000
A_36 0.000 185.740 9.000
G_37 0.000 -27.649 9.000
R_38 -11.867 -1015.709 5.000
P_39 0.000 -195.996 10.000
G_40 0.000 -27.649 15.000
R_41 -25.574 -1015.709 10.000
R_42 -31.716 -1015.709 15.000
G_43 0.000 -27.649 15.000
R_44 -25.574 -1015.709 10.000
P_45 0.000 -195.996 5.000
G_46 0.000 -27.649 8.000
L_47 0.000 679.918 3.000
K_48 -13.255 -818.649 7.000
G_49 0.000 -27.649 11.000
E_50 -22.253 -605.239 11.000
Q_51 -23.258 -643.904 12.000
G_52 0.000 -27.649 12.000
E_53 -18.409 -605.239 8.000
P_54 0.000 -195.996 4.000
G_55 0.000 -27.649 4.000
A_56 0.000 185.740 0.000
P_57 0.000 -195.996 0.000
G_58 0.000 -27.649 5.000
I_59 0.000 777.529 8.000
R_60 -21.845 -1015.709 8.000
T_61 -14.420 -90.974 8.000
G_62 0.000 -27.649 12.000
I_63 0.000 777.529 7.000
Q_64 -7.878 -643.904 4.000
G_65 0.000 -27.649 7.000
L_66 0.000 679.918 7.000
K_67 -13.255 -818.649 7.000
G_68 0.000 -27.649 11.000
D_69 -22.253 -475.402 11.000
Q_70 -23.258 -643.904 12.000
G_71 0.000 -27.649 12.000
E_72 -18.409 -605.239 8.000
P_73 0.000 -195.996 4.000
G_74 0.000 -27.649 7.000
P_75 0.000 -195.996 3.000
S_76 -13.255 -90.060 7.000
G_77 0.000 -27.649 7.000
N_78 -16.691 -507.047 7.000
P_79 0.000 -195.996 7.000
G_80 0.000 -27.649 7.000
K_81 -4.441 -818.649 3.000
V_82 0.000 613.196 5.000
G_83 0.000 -27.649 5.000
Y_84 -1.718 -274.939 2.000
P_85 0.000 -195.996 2.000
G_86 0.000 -27.649 5.000
P_87 0.000 -195.996 3.000
S_88 -4.441 -90.060 3.000
G_89 0.000 -27.649 3.000
P_90 0.000 -195.996 3.000
L_91 0.000 679.918 0.000
G_92 0.000 -27.649 5.000
A_93 0.000 185.740 5.000
R_94 -11.867 -1015.709 5.000
G_95 0.000 -27.649 5.000
I_96 0.000 777.529 5.000
P_97 0.000 -195.996 0.000
G_98 0.000 -27.649 3.000
I_99 0.000 777.529 3.000
K_100 -11.867 -818.649 6.000
G_101 0.000 -27.649 9.000
T_102 -15.425 -90.974 9.000
K_103 -15.425 -818.649 9.000
G_104 0.000 -27.649 9.000
S_105 -11.867 -90.060 6.000
P_106 0.000 -195.996 7.000
G_107 0.000 -27.649 7.000
N_108 -16.691 -507.047 7.000
I_109 0.000 777.529 11.000
K_110 -19.613 -818.649 15.000
D_111 -22.253 -475.402 11.000
Q_112 -26.485 -643.904 16.000
P_113 0.000 -195.996 13.000
R_114 -23.856 -1015.709 9.000
P_115 0.000 -195.996 5.000
A_116 0.000 185.740 8.000
F_117 0.000 560.542 3.000
S_118 -4.441 -90.060 3.000
A_119 0.000 185.740 8.000
I_120 0.000 777.529 13.000
R_121 -30.711 -1015.709 14.000
R_122 -30.711 -1015.709 14.000
N_123 -25.003 -507.047 14.000
P_124 0.000 -195.996 9.000
P_125 0.000 -195.996 4.000
M_126 0.000 401.769 0.000
G_127 0.000 -27.649 4.000
G_128 0.000 -27.649 4.000
N_129 -7.878 -507.047 4.000
V_130 0.000 613.196 4.000
V_131 0.000 613.196 4.000
I_132 0.000 777.529 4.000
F_133 0.000 560.542 7.000
D_134 -16.691 -475.402 7.000
T_135 -13.255 -90.974 7.000
V_136 0.000 613.196 10.000
I_137 0.000 777.529 10.000
T_138 -17.098 -90.974 11.000
N_139 -25.772 -507.047 15.000
Q_140 -28.359 -643.904 19.000
E_141 -26.485 -605.239 16.000
E_142 -25.003 -605.239 14.000
P_143 0.000 -195.996 14.000
Y_144 -12.900 -274.939 14.000
Q_145 -23.258 -643.904 12.000
N_146 -25.772 -507.047 15.000
H_147 -12.518 -583.484 13.000
S_148 -19.059 -90.060 14.000
G_149 0.000 -27.649 10.000
R_150 -21.845 -1015.709 8.000
F_151 0.000 560.542 5.000
V_152 0.000 613.196 8.000
C_153 0.000 322.480 3.000
T_154 -4.441 -90.974 3.000
V_155 0.000 613.196 3.000
P_156 0.000 -195.996 5.000
G_157 0.000 -27.649 4.000
Y_158 -8.431 -274.939 6.000
Y_159 -8.431 -274.939 6.000
Y_160 -10.601 -274.939 9.000
F_161 0.000 560.542 7.000
T_162 -15.425 -90.974 9.000
F_163 0.000 560.542 7.000
Q_164 -16.691 -643.904 7.000
V_165 0.000 613.196 7.000
L_166 0.000 679.918 11.000
S_167 -14.420 -90.060 8.000
Q_168 -23.258 -643.904 12.000
W_169 -6.160 -203.500 12.000
E_170 -19.866 -605.239 9.000
I_171 0.000 777.529 5.000
C_172 0.000 322.480 7.000
L_173 0.000 679.918 3.000
S_174 -4.441 -90.060 3.000
I_175 0.000 777.529 6.000
V_176 0.000 613.196 9.000
S_177 -15.425 -90.060 9.000
S_178 -19.059 -90.060 14.000
S_179 -19.059 -90.060 14.000
R_180 -31.716 -1015.709 15.000
G_181 0.000 -27.649 12.000
Q_182 -25.003 -643.904 14.000
V_183 0.000 613.196 14.000
R_184 -33.508 -1015.709 17.000
R_185 -29.616 -1015.709 13.000
S_186 -18.462 -90.060 13.000
L_187 0.000 679.918 8.000
G_188 0.000 -27.649 3.000
F_189 0.000 560.542 4.000
C_190 0.000 322.480 7.000
D_191 -21.132 -475.402 10.000
T_192 -19.059 -90.974 14.000
T_193 -20.609 -90.974 17.000
N_194 -24.169 -507.047 13.000
K_195 -16.309 -818.649 10.000
G_196 0.000 -27.649 7.000
L_197 0.000 679.918 7.000
F_198 0.000 560.542 4.000
Q_199 -7.878 -643.904 4.000
V_200 0.000 613.196 7.000
V_201 0.000 613.196 7.000
S_202 -4.441 -90.060 3.000
G_203 0.000 -27.649 3.000
G_204 0.000 -27.649 3.000
M_205 0.000 401.769 0.000
V_206 0.000 613.196 4.000
L_207 0.000 679.918 4.000
Q_208 -18.409 -643.904 8.000
L_209 0.000 679.918 12.000
Q_210 -23.258 -643.904 12.000
Q_211 -23.258 -643.904 12.000
G_212 0.000 -27.649 16.000
D_213 -23.258 -475.402 12.000
Q_214 -19.866 -643.904 9.000
V_215 0.000 613.196 9.000
W_216 -5.447 -203.500 9.000
V_217 0.000 613.196 8.000
E_218 -23.258 -605.239 12.000
K_219 -17.098 -818.649 11.000
D_220 -25.003 -475.402 14.000
P_221 0.000 -195.996 13.000
K_222 -16.309 -818.649 10.000
K_223 -14.420 -818.649 8.000
G_224 0.000 -27.649 8.000
H_225 -9.265 -583.484 7.000
I_226 0.000 777.529 8.000
Y_227 -9.978 -274.939 8.000
Q_228 -19.866 -643.904 9.000
G_229 0.000 -27.649 13.000
S_230 -17.098 -90.060 11.000
E_231 -22.253 -605.239 11.000
A_232 0.000 185.740 14.000
D_233 -22.253 -475.402 11.000
S_234 -13.255 -90.060 7.000
V_235 0.000 613.196 10.000
F_236 0.000 560.542 6.000
S_237 -4.441 -90.060 3.000
G_238 0.000 -27.649 3.000
F_239 0.000 560.542 3.000
L_240 0.000 679.918 0.000
I_241 0.000 777.529 0.000
F_242 0.000 560.542 3.000
P_243 0.000 -195.996 3.000
S_244 -4.441 -90.060 3.000
A_245 0.000 185.740 3.000
