M_1 0.000 401.769 0.000
G_2 0.000 -27.649 4.000
L_3 0.000 679.918 4.000
E_4 -7.878 -605.239 4.000
L_5 0.000 679.918 4.000
F_6 0.000 560.542 8.000
L_7 0.000 679.918 4.000
D_8 -7.878 -475.402 4.000
L_9 0.000 679.918 7.000
V_10 0.000 613.196 11.000
S_11 -13.255 -90.060 7.000
Q_12 -21.132 -643.904 10.000
P_13 0.000 -195.996 15.000
S_14 -17.811 -90.060 12.000
R_15 -21.845 -1015.709 8.000
A_16 0.000 185.740 10.000
V_17 0.000 613.196 7.000
Y_18 -1.718 -274.939 2.000
I_19 0.000 777.529 2.000
F_20 0.000 560.542 5.000
A_21 0.000 185.740 6.000
K_22 -16.309 -818.649 10.000
K_23 -16.309 -818.649 10.000
N_24 -21.132 -507.047 10.000
G_25 0.000 -27.649 7.000
I_26 0.000 777.529 4.000
P_27 0.000 -195.996 4.000
L_28 0.000 679.918 4.000
E_29 -19.866 -605.239 9.000
L_30 0.000 679.918 12.000
R_31 -28.412 -1015.709 12.000
T_32 -17.811 -90.974 12.000
V_33 0.000 613.196 12.000
D_34 -16.691 -475.402 7.000
L_35 0.000 679.918 7.000
V_36 0.000 613.196 7.000
K_37 -13.255 -818.649 7.000
G_38 0.000 -27.649 9.000
Q_39 -23.258 -643.904 12.000
H_40 -12.104 -583.484 12.000
K_41 -19.613 -818.649 15.000
S_42 -19.613 -90.060 15.000
K_43 -18.462 -818.649 13.000
E_44 -21.132 -605.239 10.000
F_45 0.000 560.542 11.000
L_46 0.000 679.918 8.000
Q_47 -18.409 -643.904 8.000
I_48 0.000 777.529 11.000
N_49 -22.253 -507.047 11.000
S_50 -13.255 -90.060 7.000
L_51 0.000 679.918 10.000
G_52 0.000 -27.649 6.000
K_53 -4.441 -818.649 3.000
L_54 0.000 679.918 6.000
P_55 0.000 -195.996 6.000
T_56 -11.867 -90.974 6.000
L_57 0.000 679.918 10.000
K_58 -16.309 -818.649 10.000
D_59 -22.253 -475.402 11.000
G_60 0.000 -27.649 11.000
D_61 -18.409 -475.402 8.000
F_62 0.000 560.542 4.000
I_63 0.000 777.529 7.000
L_64 0.000 679.918 7.000
T_65 -16.309 -90.974 10.000
E_66 -24.169 -605.239 13.000
S_67 -18.462 -90.060 13.000
S_68 -16.309 -90.060 10.000
A_69 0.000 185.740 6.000
I_70 0.000 777.529 3.000
L_71 0.000 679.918 2.000
I_72 0.000 777.529 2.000
Y_73 -7.426 -274.939 5.000
L_74 0.000 679.918 5.000
S_75 -14.420 -90.060 8.000
C_76 0.000 322.480 8.000
K_77 -17.811 -818.649 12.000
Y_78 -12.104 -274.939 12.000
Q_79 -23.258 -643.904 12.000
T_80 -18.462 -90.974 13.000
P_81 0.000 -195.996 13.000
D_82 -21.132 -475.402 10.000
H_83 -10.601 -583.484 9.000
W_84 -5.447 -203.500 9.000
Y_85 -9.978 -274.939 8.000
P_86 0.000 -195.996 10.000
S_87 -15.425 -90.060 9.000
D_88 -22.253 -475.402 11.000
L_89 0.000 679.918 11.000
Q_90 -24.169 -643.904 13.000
A_91 0.000 185.740 9.000
R_92 -30.711 -1015.709 14.000
A_93 0.000 185.740 10.000
R_94 -28.412 -1015.709 12.000
V_95 0.000 613.196 11.000
H_96 -12.518 -583.484 13.000
E_97 -18.409 -605.239 8.000
Y_98 -9.978 -274.939 8.000
L_99 0.000 679.918 7.000
G_100 0.000 -27.649 5.000
W_101 -2.723 -203.500 3.000
H_102 -9.265 -583.484 7.000
A_103 0.000 185.740 7.000
D_104 -14.591 -475.402 6.000
C_105 0.000 322.480 9.000
I_106 0.000 777.529 9.000
R_107 -21.845 -1015.709 8.000
G_108 0.000 -27.649 8.000
T_109 -14.420 -90.974 8.000
F_110 0.000 560.542 3.000
G_111 0.000 -27.649 3.000
I_112 0.000 777.529 0.000
P_113 0.000 -195.996 1.000
L_114 0.000 679.918 1.000
W_115 -3.990 -203.500 5.000
V_116 0.000 613.196 5.000
Q_117 -11.867 -643.904 5.000
V_118 0.000 613.196 4.000
L_119 0.000 679.918 4.000
G_120 0.000 -27.649 0.000
P_121 0.000 -195.996 0.000
L_122 0.000 679.918 0.000
I_123 0.000 777.529 0.000
G_124 0.000 -27.649 4.000
V_125 0.000 613.196 4.000
Q_126 -7.878 -643.904 4.000
V_127 0.000 613.196 7.000
P_128 0.000 -195.996 11.000
K_129 -16.309 -818.649 10.000
E_130 -21.132 -605.239 10.000
K_131 -19.059 -818.649 14.000
V_132 0.000 613.196 16.000
E_133 -26.485 -605.239 16.000
R_134 -34.315 -1015.709 18.000
N_135 -29.436 -507.047 21.000
R_136 -33.508 -1015.709 17.000
T_137 -17.811 -90.974 12.000
A_138 0.000 185.740 12.000
M_139 0.000 401.769 11.000
D_140 -18.409 -475.402 8.000
Q_141 -18.409 -643.904 8.000
A_142 0.000 185.740 12.000
L_143 0.000 679.918 9.000
Q_144 -11.867 -643.904 5.000
W_145 -5.447 -203.500 9.000
L_146 0.000 679.918 13.000
E_147 -23.258 -605.239 12.000
D_148 -22.253 -475.402 11.000
K_149 -17.098 -818.649 11.000
F_150 0.000 560.542 7.000
L_151 0.000 679.918 7.000
G_152 0.000 -27.649 9.000
D_153 -19.866 -475.402 9.000
R_154 -23.856 -1015.709 9.000
P_155 0.000 -195.996 9.000
F_156 0.000 560.542 5.000
L_157 0.000 679.918 0.000
A_158 0.000 185.740 4.000
G_159 0.000 -27.649 8.000
Q_160 -18.409 -643.904 8.000
Q_161 -22.253 -643.904 11.000
V_162 0.000 613.196 11.000
T_163 -13.255 -90.974 7.000
L_164 0.000 679.918 7.000
A_165 0.000 185.740 7.000
D_166 -7.878 -475.402 4.000
L_167 0.000 679.918 4.000
M_168 0.000 401.769 4.000
A_169 0.000 185.740 4.000
L_170 0.000 679.918 8.000
E_171 -18.409 -605.239 8.000
E_172 -18.409 -605.239 8.000
L_173 0.000 679.918 12.000
M_174 0.000 401.769 8.000
Q_175 -7.878 -643.904 4.000
P_176 0.000 -195.996 4.000
V_177 0.000 613.196 4.000
A_178 0.000 185.740 0.000
L_179 0.000 679.918 2.000
G_180 0.000 -27.649 6.000
Y_181 -8.431 -274.939 6.000
E_182 -14.591 -605.239 6.000
L_183 0.000 679.918 10.000
F_184 0.000 560.542 8.000
E_185 -19.866 -605.239 9.000
G_186 0.000 -27.649 9.000
R_187 -30.711 -1015.709 14.000
P_188 0.000 -195.996 10.000
R_189 -25.574 -1015.709 10.000
L_190 0.000 679.918 5.000
A_191 0.000 185.740 6.000
A_192 0.000 185.740 6.000
W_193 -4.441 -203.500 6.000
R_194 -27.076 -1015.709 11.000
G_195 0.000 -27.649 11.000
R_196 -30.711 -1015.709 14.000
V_197 0.000 613.196 9.000
E_198 -19.866 -605.239 9.000
A_199 0.000 185.740 4.000
F_200 0.000 560.542 4.000
L_201 0.000 679.918 0.000
G_202 0.000 -27.649 4.000
A_203 0.000 185.740 4.000
E_204 -7.878 -605.239 4.000
L_205 0.000 679.918 8.000
C_206 0.000 322.480 12.000
Q_207 -18.409 -643.904 8.000
E_208 -21.132 -605.239 10.000
A_209 0.000 185.740 13.000
H_210 -10.601 -583.484 9.000
S_211 -10.149 -90.060 5.000
I_212 0.000 777.529 5.000
I_213 0.000 777.529 6.000
L_214 0.000 679.918 3.000
S_215 -4.441 -90.060 3.000
I_216 0.000 777.529 7.000
L_217 0.000 679.918 11.000
E_218 -18.409 -605.239 8.000
Q_219 -18.409 -643.904 8.000
A_220 0.000 185.740 11.000
A_221 0.000 185.740 10.000
K_222 -15.425 -818.649 9.000
K_223 -15.425 -818.649 9.000
T_224 -15.425 -90.974 9.000
L_225 0.000 679.918 9.000
P_226 0.000 -195.996 6.000
T_227 -11.867 -90.974 6.000
P_228 0.000 -195.996 6.000
S_229 -16.309 -90.060 10.000
P_230 0.000 -195.996 7.000
E_231 -19.866 -605.239 9.000
A_232 0.000 185.740 10.000
Y_233 -11.154 -274.939 10.000
Q_234 -14.591 -643.904 6.000
A_235 0.000 185.740 6.000
M_236 0.000 401.769 4.000
L_237 0.000 679.918 5.000
L_238 0.000 679.918 5.000
R_239 -11.867 -1015.709 5.000
I_240 0.000 777.529 10.000
A_241 0.000 185.740 10.000
R_242 -11.867 -1015.709 5.000
I_243 0.000 777.529 5.000
P_244 0.000 -195.996 5.000
