M_1 0.000 401.769 3.000
M_2 0.000 401.769 6.000
S_3 -11.867 -90.060 6.000
S_4 -15.425 -90.060 9.000
V_5 0.000 613.196 12.000
S_6 -18.462 -90.060 13.000
T_7 -18.462 -90.974 13.000
E_8 -26.485 -605.239 16.000
S_9 -18.462 -90.060 13.000
K_10 -19.059 -818.649 14.000
L_11 0.000 679.918 14.000
Q_12 -22.253 -643.904 11.000
Q_13 -18.409 -643.904 8.000
A_14 0.000 185.740 11.000
V_15 0.000 613.196 7.000
S_16 -13.255 -90.060 7.000
L_17 0.000 679.918 7.000
Q_18 -16.691 -643.904 7.000
G_19 0.000 -27.649 8.000
V_20 0.000 613.196 8.000
D_21 -18.409 -475.402 8.000
P_22 0.000 -195.996 11.000
E_23 -22.253 -605.239 11.000
T_24 -13.255 -90.974 7.000
C_25 0.000 322.480 7.000
M_26 0.000 401.769 3.000
I_27 0.000 777.529 0.000
V_28 0.000 613.196 3.000
F_29 0.000 560.542 7.000
K_30 -15.425 -818.649 9.000
N_31 -21.132 -507.047 10.000
H_32 -11.154 -583.484 10.000
W_33 -5.944 -203.500 11.000
A_34 0.000 185.740 7.000
Q_35 -11.867 -643.904 5.000
V_36 0.000 613.196 7.000
V_37 0.000 613.196 7.000
K_38 -4.441 -818.649 3.000
I_39 0.000 777.529 7.000
L_40 0.000 679.918 10.000
E_41 -19.866 -605.239 9.000
K_42 -18.462 -818.649 13.000
H_43 -12.518 -583.484 13.000
D_44 -19.866 -475.402 9.000
P_45 0.000 -195.996 9.000
L_46 0.000 679.918 11.000
K_47 -16.309 -818.649 10.000
N_48 -25.003 -507.047 14.000
T_49 -19.059 -90.974 14.000
Q_50 -25.003 -643.904 14.000
A_51 0.000 185.740 12.000
K_52 -15.425 -818.649 9.000
Y_53 -9.978 -274.939 8.000
G_54 0.000 -27.649 8.000
S_55 -10.149 -90.060 5.000
I_56 0.000 777.529 3.000
P_57 0.000 -195.996 7.000
P_58 0.000 -195.996 8.000
D_59 -18.409 -475.402 8.000
E_60 -22.253 -605.239 11.000
A_61 0.000 185.740 11.000
S_62 -13.255 -90.060 7.000
A_63 0.000 185.740 7.000
V_64 0.000 613.196 11.000
Q_65 -21.132 -643.904 10.000
N_66 -21.132 -507.047 10.000
Y_67 -12.900 -274.939 14.000
V_68 0.000 613.196 12.000
E_69 -18.409 -605.239 8.000
H_70 -8.431 -583.484 6.000
M_71 0.000 401.769 6.000
L_72 0.000 679.918 2.000
F_73 0.000 560.542 0.000
L_74 0.000 679.918 0.000
L_75 0.000 679.918 4.000
I_76 0.000 777.529 8.000
E_77 -23.258 -605.239 12.000
E_78 -23.258 -605.239 12.000
Q_79 -25.772 -643.904 15.000
A_80 0.000 185.740 15.000
K_81 -17.098 -818.649 11.000
D_82 -16.691 -475.402 7.000
A_83 0.000 185.740 7.000
A_84 0.000 185.740 4.000
M_85 0.000 401.769 0.000
G_86 0.000 -27.649 0.000
P_87 0.000 -195.996 0.000
I_88 0.000 777.529 4.000
L_89 0.000 679.918 4.000
E_90 -7.878 -605.239 4.000
F_91 0.000 560.542 4.000
V_92 0.000 613.196 7.000
V_93 0.000 613.196 7.000
S_94 -17.098 -90.060 11.000
E_95 -22.253 -605.239 11.000
N_96 -22.253 -507.047 11.000
I_97 0.000 777.529 12.000
M_98 0.000 401.769 11.000
E_99 -16.691 -605.239 7.000
K_100 -13.255 -818.649 7.000
L_101 0.000 679.918 7.000
F_102 0.000 560.542 4.000
L_103 0.000 679.918 4.000
W_104 -3.436 -203.500 4.000
S_105 -15.425 -90.060 9.000
L_106 0.000 679.918 14.000
R_107 -33.508 -1015.709 17.000
R_108 -30.711 -1015.709 14.000
E_109 -27.150 -605.239 17.000
F_110 0.000 560.542 16.000
T_111 -19.613 -90.974 15.000
D_112 -25.003 -475.402 14.000
E_113 -27.150 -605.239 17.000
T_114 -19.059 -90.974 14.000
K_115 -19.059 -818.649 14.000
I_116 0.000 777.529 14.000
E_117 -22.253 -605.239 11.000
Q_118 -22.253 -643.904 11.000
L_119 0.000 679.918 11.000
K_120 -15.425 -818.649 9.000
M_121 0.000 401.769 9.000
Y_122 -10.601 -274.939 9.000
E_123 -14.591 -605.239 6.000
M_124 0.000 401.769 6.000
L_125 0.000 679.918 7.000
V_126 0.000 613.196 7.000
T_127 -16.309 -90.974 10.000
Q_128 -23.258 -643.904 12.000
S_129 -20.127 -90.060 16.000
H_130 -12.518 -583.484 13.000
Q_131 -19.866 -643.904 9.000
P_132 0.000 -195.996 6.000
L_133 0.000 679.918 6.000
L_134 0.000 679.918 4.000
H_135 -9.265 -583.484 7.000
H_136 -9.265 -583.484 7.000
K_137 -13.255 -818.649 7.000
P_138 0.000 -195.996 5.000
I_139 0.000 777.529 6.000
L_140 0.000 679.918 3.000
K_141 -4.441 -818.649 3.000
P_142 0.000 -195.996 3.000
L_143 0.000 679.918 3.000
M_144 0.000 401.769 0.000
M_145 0.000 401.769 0.000
L_146 0.000 679.918 3.000
L_147 0.000 679.918 6.000
S_148 -11.867 -90.060 6.000
S_149 -15.425 -90.060 9.000
C_150 0.000 322.480 9.000
S_151 -15.425 -90.060 9.000
G_152 0.000 -27.649 9.000
T_153 -17.811 -90.974 12.000
T_154 -15.425 -90.974 9.000
T_155 -17.811 -90.974 12.000
P_156 0.000 -195.996 9.000
T_157 -16.309 -90.974 10.000
V_158 0.000 613.196 11.000
E_159 -25.003 -605.239 14.000
E_160 -22.253 -605.239 11.000
K_161 -17.098 -818.649 11.000
L_162 0.000 679.918 7.000
V_163 0.000 613.196 3.000
V_164 0.000 613.196 0.000
L_165 0.000 679.918 4.000
L_166 0.000 679.918 8.000
N_167 -18.409 -507.047 8.000
Q_168 -18.409 -643.904 8.000
L_169 0.000 679.918 11.000
C_170 0.000 322.480 7.000
S_171 -4.441 -90.060 3.000
I_172 0.000 777.529 3.000
L_173 0.000 679.918 6.000
A_174 0.000 185.740 7.000
K_175 -13.255 -818.649 7.000
D_176 -21.132 -475.402 10.000
P_177 0.000 -195.996 10.000
S_178 -13.255 -90.060 7.000
I_179 0.000 777.529 7.000
L_180 0.000 679.918 7.000
E_181 -7.878 -605.239 4.000
L_182 0.000 679.918 4.000
F_183 0.000 560.542 6.000
F_184 0.000 560.542 5.000
H_185 -9.978 -583.484 8.000
T_186 -17.811 -90.974 12.000
S_187 -20.127 -90.060 16.000
E_188 -27.773 -605.239 18.000
D_189 -25.772 -475.402 15.000
Q_190 -23.258 -643.904 12.000
G_191 0.000 -27.649 8.000
A_192 0.000 185.740 8.000
A_193 0.000 185.740 4.000
N_194 -7.878 -507.047 4.000
F_195 0.000 560.542 4.000
L_196 0.000 679.918 4.000
I_197 0.000 777.529 3.000
F_198 0.000 560.542 3.000
S_199 -4.441 -90.060 3.000
L_200 0.000 679.918 3.000
L_201 0.000 679.918 3.000
I_202 0.000 777.529 0.000
P_203 0.000 -195.996 0.000
F_204 0.000 560.542 2.000
I_205 0.000 777.529 7.000
H_206 -11.652 -583.484 11.000
R_207 -27.076 -1015.709 11.000
E_208 -25.003 -605.239 14.000
G_209 0.000 -27.649 12.000
S_210 -13.255 -90.060 7.000
V_211 0.000 613.196 7.000
G_212 0.000 -27.649 11.000
Q_213 -18.409 -643.904 8.000
Q_214 -24.169 -643.904 13.000
A_215 0.000 185.740 17.000
R_216 -29.616 -1015.709 13.000
D_217 -19.866 -475.402 9.000
A_218 0.000 185.740 9.000
L_219 0.000 679.918 4.000
L_220 0.000 679.918 0.000
F_221 0.000 560.542 0.000
I_222 0.000 777.529 3.000
M_223 0.000 401.769 3.000
S_224 -11.867 -90.060 6.000
L_225 0.000 679.918 6.000
S_226 -16.309 -90.060 10.000
A_227 0.000 185.740 11.000
E_228 -25.003 -605.239 14.000
N_229 -22.253 -507.047 11.000
T_230 -17.098 -90.974 11.000
M_231 0.000 401.769 7.000
V_232 0.000 613.196 5.000
A_233 0.000 185.740 4.000
H_234 -6.160 -583.484 4.000
H_235 -6.160 -583.484 4.000
I_236 0.000 777.529 8.000
V_237 0.000 613.196 10.000
E_238 -22.253 -605.239 11.000
N_239 -24.169 -507.047 13.000
T_240 -18.462 -90.974 13.000
Y_241 -10.601 -274.939 9.000
F_242 0.000 560.542 5.000
C_243 0.000 322.480 2.000
P_244 0.000 -195.996 0.000
V_245 0.000 613.196 0.000
L_246 0.000 679.918 3.000
A_247 0.000 185.740 3.000
T_248 -4.441 -90.974 3.000
G_249 0.000 -27.649 6.000
L_250 0.000 679.918 6.000
S_251 -4.441 -90.060 3.000
G_252 0.000 -27.649 5.000
L_253 0.000 679.918 8.000
Y_254 -9.978 -274.939 8.000
S_255 -14.420 -90.060 8.000
S_256 -14.420 -90.060 8.000
L_257 0.000 679.918 9.000
P_258 0.000 -195.996 9.000
T_259 -11.867 -90.974 6.000
K_260 -16.309 -818.649 10.000
L_261 0.000 679.918 14.000
E_262 -25.003 -605.239 14.000
E_263 -22.253 -605.239 11.000
K_264 -19.613 -818.649 15.000
G_265 0.000 -27.649 15.000
E_266 -23.258 -605.239 12.000
E_267 -22.253 -605.239 11.000
W_268 -5.944 -203.500 11.000
H_269 -9.265 -583.484 7.000
C_270 0.000 322.480 3.000
L_271 0.000 679.918 5.000
L_272 0.000 679.918 7.000
K_273 -17.098 -818.649 11.000
D_274 -23.258 -475.402 12.000
D_275 -23.258 -475.402 12.000
W_276 -5.447 -203.500 9.000
L_277 0.000 679.918 5.000
L_278 0.000 679.918 1.000
L_279 0.000 679.918 3.000
P_280 0.000 -195.996 3.000
S_281 -4.441 -90.060 3.000
L_282 0.000 679.918 7.000
V_283 0.000 613.196 7.000
Q_284 -7.878 -643.904 4.000
F_285 0.000 560.542 8.000
M_286 0.000 401.769 11.000
N_287 -16.691 -507.047 7.000
S_288 -17.098 -90.060 11.000
L_289 0.000 679.918 11.000
E_290 -16.691 -605.239 7.000
F_291 0.000 560.542 8.000
C_292 0.000 322.480 8.000
N_293 -7.878 -507.047 4.000
A_294 0.000 185.740 4.000
V_295 0.000 613.196 8.000
I_296 0.000 777.529 4.000
Q_297 -7.878 -643.904 4.000
V_298 0.000 613.196 6.000
A_299 0.000 185.740 6.000
H_300 -1.718 -583.484 2.000
P_301 0.000 -195.996 2.000
L_302 0.000 679.918 7.000
I_303 0.000 777.529 9.000
R_304 -29.616 -1015.709 13.000
N_305 -24.169 -507.047 13.000
Q_306 -24.169 -643.904 13.000
L_307 0.000 679.918 12.000
V_308 0.000 613.196 10.000
N_309 -14.591 -507.047 6.000
Y_310 -9.978 -274.939 8.000
I_311 0.000 777.529 12.000
Y_312 -9.978 -274.939 8.000
N_313 -14.591 -507.047 6.000
G_314 0.000 -27.649 6.000
F_315 0.000 560.542 4.000
L_316 0.000 679.918 0.000
V_317 0.000 613.196 0.000
P_318 0.000 -195.996 0.000
V_319 0.000 613.196 0.000
L_320 0.000 679.918 0.000
A_321 0.000 185.740 0.000
P_322 0.000 -195.996 0.000
A_323 0.000 185.740 2.000
L_324 0.000 679.918 5.000
H_325 -7.426 -583.484 5.000
K_326 -14.420 -818.649 8.000
V_327 0.000 613.196 8.000
T_328 -16.309 -90.974 10.000
V_329 0.000 613.196 11.000
E_330 -22.253 -605.239 11.000
E_331 -18.409 -605.239 8.000
V_332 0.000 613.196 11.000
M_333 0.000 401.769 10.000
T_334 -15.425 -90.974 9.000
T_335 -15.425 -90.974 9.000
T_336 -17.098 -90.974 11.000
A_337 0.000 185.740 8.000
Y_338 -10.601 -274.939 9.000
L_339 0.000 679.918 6.000
D_340 -14.591 -475.402 6.000
L_341 0.000 679.918 4.000
F_342 0.000 560.542 9.000
L_343 0.000 679.918 8.000
R_344 -21.845 -1015.709 8.000
S_345 -17.098 -90.060 11.000
I_346 0.000 777.529 15.000
S_347 -16.309 -90.060 10.000
E_348 -16.691 -605.239 7.000
P_349 0.000 -195.996 7.000
A_350 0.000 185.740 4.000
L_351 0.000 679.918 4.000
L_352 0.000 679.918 4.000
E_353 -7.878 -605.239 4.000
I_354 0.000 777.529 4.000
F_355 0.000 560.542 9.000
L_356 0.000 679.918 5.000
R_357 -11.867 -1015.709 5.000
F_358 0.000 560.542 5.000
I_359 0.000 777.529 5.000
L_360 0.000 679.918 2.000
L_361 0.000 679.918 6.000
H_362 -9.978 -583.484 8.000
Q_363 -23.258 -643.904 12.000
H_364 -13.586 -583.484 16.000
E_365 -25.003 -605.239 14.000
N_366 -23.258 -507.047 12.000
V_367 0.000 613.196 10.000
H_368 -8.431 -583.484 6.000
I_369 0.000 777.529 6.000
L_370 0.000 679.918 9.000
D_371 -16.691 -475.402 7.000
T_372 -16.309 -90.974 10.000
L_373 0.000 679.918 13.000
T_374 -19.059 -90.974 14.000
S_375 -17.098 -90.060 11.000
R_376 -31.716 -1015.709 15.000
I_377 0.000 777.529 15.000
N_378 -23.258 -507.047 12.000
T_379 -13.255 -90.974 7.000
P_380 0.000 -195.996 12.000
F_381 0.000 560.542 8.000
R_382 -11.867 -1015.709 5.000
L_383 0.000 679.918 5.000
C_384 0.000 322.480 5.000
V_385 0.000 613.196 3.000
V_386 0.000 613.196 3.000
S_387 -4.441 -90.060 3.000
L_388 0.000 679.918 3.000
A_389 0.000 185.740 3.000
L_390 0.000 679.918 5.000
F_391 0.000 560.542 8.000
R_392 -21.845 -1015.709 8.000
T_393 -14.420 -90.974 8.000
L_394 0.000 679.918 8.000
I_395 0.000 777.529 3.000
G_396 0.000 -27.649 2.000
L_397 0.000 679.918 2.000
H_398 -8.431 -583.484 6.000
C_399 0.000 322.480 10.000
E_400 -21.132 -605.239 10.000
D_401 -18.409 -475.402 8.000
V_402 0.000 613.196 8.000
M_403 0.000 401.769 8.000
L_404 0.000 679.918 4.000
Q_405 -7.878 -643.904 4.000
L_406 0.000 679.918 4.000
V_407 0.000 613.196 9.000
L_408 0.000 679.918 7.000
R_409 -19.414 -1015.709 7.000
Y_410 -9.265 -274.939 7.000
L_411 0.000 679.918 7.000
I_412 0.000 777.529 2.000
P_413 0.000 -195.996 4.000
C_414 0.000 322.480 6.000
N_415 -14.591 -507.047 6.000
H_416 -8.431 -583.484 6.000
M_417 0.000 401.769 6.000
M_418 0.000 401.769 5.000
L_419 0.000 679.918 7.000
S_420 -17.811 -90.060 12.000
Q_421 -24.169 -643.904 13.000
R_422 -29.616 -1015.709 13.000
W_423 -5.708 -203.500 10.000
A_424 0.000 185.740 9.000
V_425 0.000 613.196 8.000
K_426 -17.811 -818.649 12.000
E_427 -26.485 -605.239 16.000
R_428 -32.645 -1015.709 16.000
D_429 -25.772 -475.402 15.000
C_430 0.000 322.480 14.000
Y_431 -10.601 -274.939 9.000
S_432 -14.420 -90.060 8.000
V_433 0.000 613.196 8.000
S_434 -11.867 -90.060 6.000
A_435 0.000 185.740 6.000
A_436 0.000 185.740 6.000
K_437 -4.441 -818.649 3.000
L_438 0.000 679.918 3.000
L_439 0.000 679.918 3.000
A_440 0.000 185.740 3.000
L_441 0.000 679.918 3.000
T_442 -4.441 -90.974 3.000
P_443 0.000 -195.996 3.000
V_444 0.000 613.196 3.000
C_445 0.000 322.480 3.000
C_446 0.000 322.480 6.000
S_447 -11.867 -90.060 6.000
S_448 -11.867 -90.060 6.000
G_449 0.000 -27.649 9.000
I_450 0.000 777.529 6.000
T_451 -11.867 -90.974 6.000
L_452 0.000 679.918 6.000
T_453 -11.867 -90.974 6.000
L_454 0.000 679.918 7.000
G_455 0.000 -27.649 11.000
N_456 -23.258 -507.047 12.000
Q_457 -27.150 -643.904 17.000
E_458 -29.436 -605.239 21.000
R_459 -35.072 -1015.709 19.000
D_460 -25.772 -475.402 15.000
Y_461 -11.652 -274.939 11.000
I_462 0.000 777.529 7.000
L_463 0.000 679.918 6.000
W_464 -4.824 -203.500 7.000
S_465 -13.255 -90.060 7.000
K_466 -13.255 -818.649 7.000
C_467 0.000 322.480 8.000
M_468 0.000 401.769 9.000
H_469 -10.601 -583.484 9.000
D_470 -23.258 -475.402 12.000
T_471 -17.811 -90.974 12.000
S_472 -16.309 -90.060 10.000
G_473 0.000 -27.649 6.000
P_474 0.000 -195.996 7.000
V_475 0.000 613.196 9.000
E_476 -19.866 -605.239 9.000
R_477 -23.856 -1015.709 9.000
P_478 0.000 -195.996 9.000
F_479 0.000 560.542 9.000
P_480 0.000 -195.996 4.000
E_481 -7.878 -605.239 4.000
A_482 0.000 185.740 7.000
F_483 0.000 560.542 11.000
S_484 -16.309 -90.060 10.000
E_485 -21.132 -605.239 10.000
S_486 -16.309 -90.060 10.000
A_487 0.000 185.740 7.000
C_488 0.000 322.480 3.000
I_489 0.000 777.529 4.000
V_490 0.000 613.196 6.000
E_491 -14.591 -605.239 6.000
Y_492 -10.601 -274.939 9.000
G_493 0.000 -27.649 9.000
K_494 -10.149 -818.649 5.000
A_495 0.000 185.740 7.000
L_496 0.000 679.918 7.000
D_497 -16.691 -475.402 7.000
I_498 0.000 777.529 9.000
S_499 -15.425 -90.060 9.000
Y_500 -10.601 -274.939 9.000
L_501 0.000 679.918 11.000
Q_502 -18.409 -643.904 8.000
Y_503 -9.265 -274.939 7.000
L_504 0.000 679.918 11.000
W_505 -4.824 -203.500 7.000
E_506 -16.691 -605.239 7.000
A_507 0.000 185.740 10.000
H_508 -12.518 -583.484 13.000
T_509 -15.425 -90.974 9.000
N_510 -19.866 -507.047 9.000
I_511 0.000 777.529 12.000
L_512 0.000 679.918 9.000
R_513 -11.867 -1015.709 5.000
C_514 0.000 322.480 10.000
M_515 0.000 401.769 14.000
R_516 -23.856 -1015.709 9.000
D_517 -25.003 -475.402 14.000
C_518 0.000 322.480 14.000
R_519 -25.574 -1015.709 10.000
V_520 0.000 613.196 9.000
W_521 -5.447 -203.500 9.000
S_522 -7.878 -90.060 4.000
A_523 0.000 185.740 6.000
L_524 0.000 679.918 9.000
Y_525 -8.431 -274.939 6.000
D_526 -21.132 -475.402 10.000
G_527 0.000 -27.649 13.000
D_528 -22.253 -475.402 11.000
S_529 -17.098 -90.060 11.000
P_530 0.000 -195.996 11.000
D_531 -22.253 -475.402 11.000
P_532 0.000 -195.996 8.000
E_533 -18.409 -605.239 8.000
M_534 0.000 401.769 4.000
F_535 0.000 560.542 8.000
L_536 0.000 679.918 7.000
Q_537 -16.691 -643.904 7.000
S_538 -16.309 -90.060 10.000
L_539 0.000 679.918 14.000
T_540 -19.059 -90.974 14.000
E_541 -22.253 -605.239 11.000
E_542 -25.003 -605.239 14.000
G_543 0.000 -27.649 11.000
S_544 -16.309 -90.060 10.000
V_545 0.000 613.196 9.000
S_546 -15.425 -90.060 9.000
S_547 -11.867 -90.060 6.000
A_548 0.000 185.740 6.000
C_549 0.000 322.480 3.000
P_550 0.000 -195.996 0.000
V_551 0.000 613.196 0.000
F_552 0.000 560.542 0.000
G_553 0.000 -27.649 0.000
L_554 0.000 679.918 4.000
P_555 0.000 -195.996 8.000
Q_556 -18.409 -643.904 8.000
Q_557 -18.409 -643.904 8.000
L_558 0.000 679.918 13.000
P_559 0.000 -195.996 12.000
R_560 -27.076 -1015.709 11.000
K_561 -17.098 -818.649 11.000
T_562 -17.098 -90.974 11.000
G_563 0.000 -27.649 10.000
P_564 0.000 -195.996 7.000
Q_565 -7.878 -643.904 4.000
L_566 0.000 679.918 4.000
A_567 0.000 185.740 9.000
P_568 0.000 -195.996 8.000
R_569 -28.412 -1015.709 12.000
K_570 -19.613 -818.649 15.000
D_571 -27.773 -475.402 18.000
K_572 -20.609 -818.649 17.000
S_573 -20.609 -90.060 17.000
Q_574 -27.150 -643.904 17.000
T_575 -19.059 -90.974 14.000
E_576 -25.772 -605.239 15.000
L_577 0.000 679.918 12.000
E_578 -24.169 -605.239 13.000
W_579 -6.358 -203.500 13.000
D_580 -26.485 -475.402 16.000
D_581 -25.003 -475.402 14.000
S_582 -20.609 -90.060 17.000
Y_583 -13.586 -274.939 16.000
D_584 -23.258 -475.402 12.000
T_585 -15.425 -90.974 9.000
G_586 0.000 -27.649 10.000
I_587 0.000 777.529 9.000
S_588 -11.867 -90.060 6.000
S_589 -11.867 -90.060 6.000
G_590 0.000 -27.649 10.000
A_591 0.000 185.740 7.000
D_592 -7.878 -475.402 4.000
V_593 0.000 613.196 7.000
G_594 0.000 -27.649 7.000
S_595 -4.441 -90.060 3.000
P_596 0.000 -195.996 3.000
G_597 0.000 -27.649 5.000
P_598 0.000 -195.996 6.000
Y_599 -11.154 -274.939 10.000
D_600 -21.132 -475.402 10.000
D_601 -25.003 -475.402 14.000
L_602 0.000 679.918 12.000
E_603 -22.253 -605.239 11.000
V_604 0.000 613.196 7.000
S_605 -13.255 -90.060 7.000
G_606 0.000 -27.649 3.000
P_607 0.000 -195.996 3.000
P_608 0.000 -195.996 0.000
A_609 0.000 185.740 0.000
P_610 0.000 -195.996 4.000
I_611 0.000 777.529 4.000
D_612 -7.878 -475.402 4.000
P_613 0.000 -195.996 7.000
P_614 0.000 -195.996 9.000
K_615 -10.149 -818.649 5.000
H_616 -10.601 -583.484 9.000
I_617 0.000 777.529 13.000
Q_618 -21.132 -643.904 10.000
E_619 -22.253 -605.239 11.000
M_620 0.000 401.769 14.000
K_621 -19.059 -818.649 14.000
K_622 -16.309 -818.649 10.000
N_623 -21.132 -507.047 10.000
A_624 0.000 185.740 7.000
L_625 0.000 679.918 4.000
L_626 0.000 679.918 0.000
L_627 0.000 679.918 3.000
F_628 0.000 560.542 3.000
K_629 -11.867 -818.649 6.000
G_630 0.000 -27.649 8.000
S_631 -14.420 -90.060 8.000
Y_632 -10.601 -274.939 9.000
I_633 0.000 777.529 13.000
E_634 -24.169 -605.239 13.000
E_635 -25.772 -605.239 15.000
S_636 -19.613 -90.060 15.000
D_637 -25.772 -475.402 15.000
F_638 0.000 560.542 15.000
Q_639 -26.485 -643.904 16.000
D_640 -23.258 -475.402 12.000
D_641 -23.258 -475.402 12.000
V_642 0.000 613.196 8.000
M_643 0.000 401.769 6.000
V_644 0.000 613.196 7.000
Y_645 -9.265 -274.939 7.000
R_646 -19.414 -1015.709 7.000
L_647 0.000 679.918 7.000
C_648 0.000 322.480 9.000
A_649 0.000 185.740 7.000
E_650 -22.253 -605.239 11.000
K_651 -19.059 -818.649 14.000
D_652 -27.773 -475.402 18.000
S_653 -21.060 -90.060 18.000
E_654 -25.772 -605.239 15.000
D_655 -25.003 -475.402 14.000
M_656 0.000 401.769 15.000
K_657 -19.059 -818.649 14.000
D_658 -25.003 -475.402 14.000
S_659 -21.060 -90.060 18.000
Q_660 -28.359 -643.904 19.000
E_661 -25.772 -605.239 15.000
E_662 -23.258 -605.239 12.000
A_663 0.000 185.740 13.000
A_664 0.000 185.740 9.000
R_665 -11.867 -1015.709 5.000
P_666 0.000 -195.996 5.000
P_667 0.000 -195.996 9.000
A_668 0.000 185.740 4.000
E_669 -18.409 -605.239 8.000
A_670 0.000 185.740 8.000
Q_671 -23.258 -643.904 12.000
A_672 0.000 185.740 8.000
E_673 -23.258 -605.239 12.000
V_674 0.000 613.196 11.000
Q_675 -22.253 -643.904 11.000
S_676 -13.255 -90.060 7.000
V_677 0.000 613.196 7.000
P_678 0.000 -195.996 7.000
I_679 0.000 777.529 8.000
N_680 -18.409 -507.047 8.000
N_681 -18.409 -507.047 8.000
G_682 0.000 -27.649 8.000
P_683 0.000 -195.996 4.000
L_684 0.000 679.918 3.000
L_685 0.000 679.918 6.000
S_686 -16.309 -90.060 10.000
T_687 -16.309 -90.974 10.000
Q_688 -25.003 -643.904 14.000
P_689 0.000 -195.996 14.000
E_690 -25.772 -605.239 15.000
T_691 -19.059 -90.974 14.000
D_692 -27.773 -475.402 18.000
S_693 -21.060 -90.060 18.000
E_694 -28.359 -605.239 19.000
E_695 -26.485 -605.239 16.000
E_696 -27.150 -605.239 17.000
W_697 -7.165 -203.500 18.000
N_698 -27.773 -507.047 18.000
R_699 -34.315 -1015.709 18.000
D_700 -28.912 -475.402 20.000
N_701 -28.912 -507.047 20.000
S_702 -19.613 -90.060 15.000
D_703 -22.253 -475.402 11.000
P_704 0.000 -195.996 9.000
F_705 0.000 560.542 9.000
H_706 -10.601 -583.484 9.000
S_707 -15.425 -90.060 9.000
E_708 -23.258 -605.239 12.000
P_709 0.000 -195.996 14.000
K_710 -17.098 -818.649 11.000
E_711 -21.132 -605.239 10.000
P_712 0.000 -195.996 14.000
K_713 -19.613 -818.649 15.000
Q_714 -26.485 -643.904 16.000
E_715 -28.912 -605.239 20.000
R_716 -33.508 -1015.709 17.000
E_717 -27.150 -605.239 17.000
P_718 0.000 -195.996 13.000
E_719 -18.409 -605.239 8.000
A_720 0.000 185.740 4.000
A_721 0.000 185.740 8.000
P_722 0.000 -195.996 7.000
E_723 -22.253 -605.239 11.000
S_724 -19.059 -90.060 14.000
N_725 -27.773 -507.047 18.000
S_726 -19.059 -90.060 14.000
E_727 -22.253 -605.239 11.000
L_728 0.000 679.918 10.000
A_729 0.000 185.740 7.000
S_730 -4.441 -90.060 3.000
P_731 0.000 -195.996 3.000
A_732 0.000 185.740 7.000
P_733 0.000 -195.996 4.000
E_734 -18.409 -605.239 8.000
A_735 0.000 185.740 10.000
E_736 -24.169 -605.239 13.000
H_737 -12.104 -583.484 12.000
S_738 -20.127 -90.060 16.000
S_739 -17.811 -90.060 12.000
N_740 -24.169 -507.047 13.000
L_741 0.000 679.918 10.000
T_742 -13.255 -90.974 7.000
A_743 0.000 185.740 5.000
A_744 0.000 185.740 5.000
H_745 -8.431 -583.484 6.000
P_746 0.000 -195.996 9.000
E_747 -24.169 -605.239 13.000
S_748 -19.613 -90.060 15.000
E_749 -25.772 -605.239 15.000
E_750 -22.253 -605.239 11.000
L_751 0.000 679.918 8.000
I_752 0.000 777.529 8.000
A_753 0.000 185.740 6.000
Q_754 -21.132 -643.904 10.000
Y_755 -12.900 -274.939 14.000
D_756 -25.003 -475.402 14.000
Q_757 -21.132 -643.904 10.000
I_758 0.000 777.529 11.000
I_759 0.000 777.529 11.000
K_760 -13.255 -818.649 7.000
E_761 -22.253 -605.239 11.000
L_762 0.000 679.918 14.000
D_763 -22.253 -475.402 11.000
S_764 -13.255 -90.060 7.000
G_765 0.000 -27.649 11.000
A_766 0.000 185.740 7.000
E_767 -7.878 -605.239 4.000
G_768 0.000 -27.649 4.000
L_769 0.000 679.918 8.000
M_770 0.000 401.769 8.000
E_771 -23.258 -605.239 12.000
Q_772 -25.003 -643.904 14.000
N_773 -25.003 -507.047 14.000
Y_774 -12.518 -274.939 13.000
P_775 0.000 -195.996 9.000
T_776 -15.425 -90.974 9.000
P_777 0.000 -195.996 7.000
D_778 -16.691 -475.402 7.000
P_779 0.000 -195.996 4.000
L_780 0.000 679.918 4.000
L_781 0.000 679.918 3.000
L_782 0.000 679.918 6.000
T_783 -16.309 -90.974 10.000
K_784 -19.059 -818.649 14.000
E_785 -27.773 -605.239 18.000
E_786 -25.772 -605.239 15.000
E_787 -25.772 -605.239 15.000
G_788 0.000 -27.649 15.000
K_789 -19.613 -818.649 15.000
E_790 -25.003 -605.239 14.000
E_791 -27.150 -605.239 17.000
S_792 -19.059 -90.060 14.000
K_793 -19.059 -818.649 14.000
G_794 0.000 -27.649 13.000
E_795 -25.003 -605.239 14.000
K_796 -19.059 -818.649 14.000
E_797 -27.773 -605.239 18.000
K_798 -19.059 -818.649 14.000
E_799 -25.003 -605.239 14.000
G_800 0.000 -27.649 13.000
K_801 -19.059 -818.649 14.000
K_802 -16.309 -818.649 10.000
E_803 -25.003 -605.239 14.000
L_804 0.000 679.918 15.000
E_805 -26.485 -605.239 16.000
D_806 -26.485 -475.402 16.000
E_807 -28.912 -605.239 20.000
E_808 -28.912 -605.239 20.000
D_809 -26.485 -475.402 16.000
D_810 -26.485 -475.402 16.000
F_811 0.000 560.542 15.000
D_812 -22.253 -475.402 11.000
S_813 -13.255 -90.060 7.000
F_814 0.000 560.542 7.000
I_815 0.000 777.529 7.000
A_816 0.000 185.740 4.000
E_817 -7.878 -605.239 4.000
M_818 0.000 401.769 4.000
P_819 0.000 -195.996 4.000
A_820 0.000 185.740 4.000
V_821 0.000 613.196 7.000
E_822 -16.691 -605.239 7.000
T_823 -13.255 -90.974 7.000
V_824 0.000 613.196 10.000
P_825 0.000 -195.996 6.000
S_826 -4.441 -90.060 3.000
P_827 0.000 -195.996 3.000
F_828 0.000 560.542 3.000
V_829 0.000 613.196 5.000
G_830 0.000 -27.649 9.000
R_831 -29.616 -1015.709 13.000
D_832 -24.169 -475.402 13.000
E_833 -24.169 -605.239 13.000
A_834 0.000 185.740 8.000
A_835 0.000 185.740 4.000
F_836 0.000 560.542 3.000
A_837 0.000 185.740 8.000
S_838 -16.309 -90.060 10.000
R_839 -25.574 -1015.709 10.000
H_840 -11.154 -583.484 10.000
P_841 0.000 -195.996 12.000
V_842 0.000 613.196 10.000
R_843 -28.412 -1015.709 12.000
T_844 -19.613 -90.974 15.000
Q_845 -27.773 -643.904 18.000
S_846 -18.462 -90.060 13.000
T_847 -16.309 -90.974 10.000
P_848 0.000 -195.996 9.000
F_849 0.000 560.542 6.000
T_850 -4.441 -90.974 3.000
G_851 0.000 -27.649 3.000
P_852 0.000 -195.996 3.000
F_853 0.000 560.542 3.000
I_854 0.000 777.529 3.000
S_855 -4.441 -90.060 3.000
V_856 0.000 613.196 3.000
V_857 0.000 613.196 6.000
L_858 0.000 679.918 6.000
S_859 -11.867 -90.060 6.000
K_860 -16.309 -818.649 10.000
L_861 0.000 679.918 14.000
E_862 -22.253 -605.239 11.000
N_863 -18.409 -507.047 8.000
M_864 0.000 401.769 12.000
L_865 0.000 679.918 12.000
E_866 -22.253 -605.239 11.000
N_867 -22.253 -507.047 11.000
S_868 -18.462 -90.060 13.000
L_869 0.000 679.918 9.000
H_870 -10.601 -583.484 9.000
V_871 0.000 613.196 6.000
N_872 -14.591 -507.047 6.000
L_873 0.000 679.918 4.000
L_874 0.000 679.918 4.000
L_875 0.000 679.918 0.000
I_876 0.000 777.529 0.000
G_877 0.000 -27.649 0.000
I_878 0.000 777.529 3.000
I_879 0.000 777.529 7.000
T_880 -13.255 -90.974 7.000
Q_881 -16.691 -643.904 7.000
L_882 0.000 679.918 10.000
A_883 0.000 185.740 9.000
S_884 -10.149 -90.060 5.000
Y_885 -10.601 -274.939 9.000
P_886 0.000 -195.996 9.000
Q_887 -14.591 -643.904 6.000
P_888 0.000 -195.996 4.000
L_889 0.000 679.918 9.000
L_890 0.000 679.918 8.000
R_891 -21.845 -1015.709 8.000
S_892 -14.420 -90.060 8.000
F_893 0.000 560.542 8.000
L_894 0.000 679.918 7.000
L_895 0.000 679.918 7.000
N_896 -22.253 -507.047 11.000
T_897 -17.098 -90.974 11.000
N_898 -22.253 -507.047 11.000
M_899 0.000 401.769 7.000
V_900 0.000 613.196 8.000
F_901 0.000 560.542 4.000
Q_902 -16.691 -643.904 7.000
P_903 0.000 -195.996 7.000
S_904 -17.811 -90.060 12.000
V_905 0.000 613.196 11.000
R_906 -27.076 -1015.709 11.000
S_907 -16.309 -90.060 10.000
L_908 0.000 679.918 14.000
Y_909 -10.601 -274.939 9.000
Q_910 -14.591 -643.904 6.000
V_911 0.000 613.196 6.000
L_912 0.000 679.918 7.000
A_913 0.000 185.740 3.000
S_914 -11.867 -90.060 6.000
V_915 0.000 613.196 10.000
K_916 -18.462 -818.649 13.000
N_917 -21.132 -507.047 10.000
K_918 -19.059 -818.649 14.000
I_919 0.000 777.529 15.000
E_920 -22.253 -605.239 11.000
Q_921 -18.409 -643.904 8.000
F_922 0.000 560.542 11.000
A_923 0.000 185.740 7.000
S_924 -13.255 -90.060 7.000
V_925 0.000 613.196 12.000
E_926 -26.485 -605.239 16.000
R_927 -29.616 -1015.709 13.000
D_928 -24.169 -475.402 13.000
F_929 0.000 560.542 9.000
P_930 0.000 -195.996 4.000
G_931 0.000 -27.649 0.000
L_932 0.000 679.918 0.000
L_933 0.000 679.918 4.000
I_934 0.000 777.529 4.000
Q_935 -18.409 -643.904 8.000
A_936 0.000 185.740 12.000
Q_937 -25.003 -643.904 14.000
Q_938 -21.132 -643.904 10.000
Y_939 -11.154 -274.939 10.000
L_940 0.000 679.918 6.000
L_941 0.000 679.918 7.000
F_942 0.000 560.542 5.000
R_943 -23.856 -1015.709 9.000
V_944 0.000 613.196 9.000
D_945 -23.258 -475.402 12.000
M_946 0.000 401.769 11.000
S_947 -17.098 -90.060 11.000
D_948 -21.132 -475.402 10.000
M_949 0.000 401.769 10.000
T_950 -13.255 -90.974 7.000
P_951 0.000 -195.996 3.000
A_952 0.000 185.740 3.000
A_953 0.000 185.740 3.000
L_954 0.000 679.918 6.000
T_955 -16.309 -90.974 10.000
K_956 -16.309 -818.649 10.000
D_957 -21.132 -475.402 10.000
P_958 0.000 -195.996 11.000
I_959 0.000 777.529 12.000
Q_960 -18.409 -643.904 8.000
E_961 -22.253 -605.239 11.000
A_962 0.000 185.740 16.000
S_963 -19.613 -90.060 15.000
R_964 -27.076 -1015.709 11.000
T_965 -19.059 -90.974 14.000
G_966 0.000 -27.649 11.000
S_967 -15.425 -90.060 9.000
G_968 0.000 -27.649 10.000
K_969 -16.309 -818.649 10.000
N_970 -16.691 -507.047 7.000
L_971 0.000 679.918 11.000
L_972 0.000 679.918 8.000
D_973 -7.878 -475.402 4.000
G_974 0.000 -27.649 4.000
P_975 0.000 -195.996 9.000
P_976 0.000 -195.996 5.000
R_977 -11.867 -1015.709 5.000
V_978 0.000 613.196 9.000
L_979 0.000 679.918 9.000
Q_980 -7.878 -643.904 4.000
P_981 0.000 -195.996 4.000
F_982 0.000 560.542 7.000
L_983 0.000 679.918 5.000
T_984 -16.309 -90.974 10.000
H_985 -12.518 -583.484 13.000
R_986 -32.645 -1015.709 16.000
T_987 -18.462 -90.974 13.000
K_988 -17.098 -818.649 11.000
V_989 0.000 613.196 10.000
A_990 0.000 185.740 7.000
E_991 -7.878 -605.239 4.000
A_992 0.000 185.740 4.000
P_993 0.000 -195.996 8.000
P_994 0.000 -195.996 4.000
N_995 -7.878 -507.047 4.000
L_996 0.000 679.918 4.000
P_997 0.000 -195.996 4.000
L_998 0.000 679.918 0.000
P_999 0.000 -195.996 5.000
V_1000 0.000 613.196 9.000
R_1001 -23.856 -1015.709 9.000
N_1002 -19.866 -507.047 9.000
P_1003 0.000 -195.996 9.000
M_1004 0.000 401.769 4.000
L_1005 0.000 679.918 0.000
A_1006 0.000 185.740 0.000
A_1007 0.000 185.740 0.000
A_1008 0.000 185.740 0.000
L_1009 0.000 679.918 0.000
F_1010 0.000 560.542 4.000
P_1011 0.000 -195.996 4.000
E_1012 -7.878 -605.239 4.000
F_1013 0.000 560.542 7.000
L_1014 0.000 679.918 11.000
K_1015 -13.255 -818.649 7.000
E_1016 -16.691 -605.239 7.000
L_1017 0.000 679.918 7.000
A_1018 0.000 185.740 4.000
A_1019 0.000 185.740 0.000
L_1020 0.000 679.918 4.000
A_1021 0.000 185.740 8.000
Q_1022 -21.132 -643.904 10.000
E_1023 -24.169 -605.239 13.000
H_1024 -12.518 -583.484 13.000
S_1025 -15.425 -90.060 9.000
I_1026 0.000 777.529 5.000
L_1027 0.000 679.918 5.000
C_1028 0.000 322.480 5.000
Y_1029 -7.426 -274.939 5.000
K_1030 -10.149 -818.649 5.000
I_1031 0.000 777.529 5.000
L_1032 0.000 679.918 7.000
G_1033 0.000 -27.649 4.000
D_1034 -18.409 -475.402 8.000
F_1035 0.000 560.542 12.000
E_1036 -25.772 -605.239 15.000
D_1037 -22.253 -475.402 11.000
S_1038 -17.098 -90.060 11.000
C_1039 0.000 322.480 7.000
C_1040 0.000 322.480 3.000
