M_1 0.000 401.769 2.000
P_2 0.000 -195.996 6.000
Y_3 -8.431 -274.939 6.000
E_4 -21.132 -605.239 10.000
V_5 0.000 613.196 10.000
N_6 -18.409 -507.047 8.000
A_7 0.000 185.740 6.000
G_8 0.000 -27.649 10.000
Y_9 -8.431 -274.939 6.000
D_10 -19.866 -475.402 9.000
F_11 0.000 560.542 13.000
T_12 -17.098 -90.974 11.000
N_13 -16.691 -507.047 7.000
M_14 0.000 401.769 12.000
V_15 0.000 613.196 12.000
R_16 -27.076 -1015.709 11.000
K_17 -19.613 -818.649 15.000
K_18 -19.613 -818.649 15.000
N_19 -21.132 -507.047 10.000
P_20 0.000 -195.996 7.000
P_21 0.000 -195.996 9.000
L_22 0.000 679.918 9.000
R_23 -23.856 -1015.709 9.000
N_24 -19.866 -507.047 9.000
V_25 0.000 613.196 12.000
A_26 0.000 185.740 11.000
S_27 -13.255 -90.060 7.000
E_28 -22.253 -605.239 11.000
G_29 0.000 -27.649 11.000
E_30 -23.258 -605.239 12.000
G_31 0.000 -27.649 8.000
Q_32 -18.409 -643.904 8.000
I_33 0.000 777.529 8.000
L_34 0.000 679.918 8.000
E_35 -7.878 -605.239 4.000
P_36 0.000 -195.996 4.000
I_37 0.000 777.529 7.000
G_38 0.000 -27.649 7.000
T_39 -16.309 -90.974 10.000
E_40 -24.169 -605.239 13.000
S_41 -18.462 -90.060 13.000
K_42 -18.462 -818.649 13.000
V_43 0.000 613.196 9.000
S_44 -15.425 -90.060 9.000
G_45 0.000 -27.649 10.000
K_46 -18.462 -818.649 13.000
N_47 -25.003 -507.047 14.000
K_48 -19.059 -818.649 14.000
E_49 -25.003 -605.239 14.000
F_50 0.000 560.542 10.000
S_51 -17.098 -90.060 11.000
A_52 0.000 185.740 11.000
D_53 -22.253 -475.402 11.000
Q_54 -22.253 -643.904 11.000
M_55 0.000 401.769 15.000
S_56 -19.613 -90.060 15.000
E_57 -25.003 -605.239 14.000
N_58 -27.773 -507.047 18.000
T_59 -21.486 -90.974 19.000
D_60 -27.773 -475.402 18.000
Q_61 -27.773 -643.904 18.000
S_62 -19.613 -90.060 15.000
D_63 -22.253 -475.402 11.000
A_64 0.000 185.740 11.000
A_65 0.000 185.740 8.000
E_66 -18.409 -605.239 8.000
L_67 0.000 679.918 10.000
N_68 -24.169 -507.047 13.000
H_69 -12.518 -583.484 13.000
K_70 -20.609 -818.649 17.000
E_71 -25.772 -605.239 15.000
E_72 -26.485 -605.239 16.000
H_73 -12.518 -583.484 13.000
S_74 -17.098 -90.060 11.000
L_75 0.000 679.918 7.000
H_76 -10.601 -583.484 9.000
V_77 0.000 613.196 10.000
Q_78 -21.132 -643.904 10.000
D_79 -22.253 -475.402 11.000
P_80 0.000 -195.996 14.000
S_81 -18.462 -90.060 13.000
S_82 -17.811 -90.060 12.000
S_83 -19.613 -90.060 15.000
S_84 -19.613 -90.060 15.000
K_85 -20.127 -818.649 16.000
K_86 -18.462 -818.649 13.000
D_87 -24.169 -475.402 13.000
L_88 0.000 679.918 13.000
K_89 -16.309 -818.649 10.000
S_90 -11.867 -90.060 6.000
A_91 0.000 185.740 6.000
V_92 0.000 613.196 6.000
L_93 0.000 679.918 7.000
S_94 -16.309 -90.060 10.000
E_95 -21.132 -605.239 10.000
K_96 -16.309 -818.649 10.000
A_97 0.000 185.740 7.000
G_98 0.000 -27.649 7.000
F_99 0.000 560.542 6.000
N_100 -21.132 -507.047 10.000
Y_101 -12.518 -274.939 13.000
E_102 -24.169 -605.239 13.000
S_103 -17.811 -90.060 12.000
P_104 0.000 -195.996 13.000
S_105 -15.425 -90.060 9.000
K_106 -11.867 -818.649 6.000
G_107 0.000 -27.649 10.000
G_108 0.000 -27.649 7.000
N_109 -7.878 -507.047 4.000
F_110 0.000 560.542 7.000
P_111 0.000 -195.996 7.000
S_112 -4.441 -90.060 3.000
F_113 0.000 560.542 5.000
P_114 0.000 -195.996 9.000
H_115 -11.154 -583.484 10.000
D_116 -21.132 -475.402 10.000
E_117 -24.169 -605.239 13.000
V_118 0.000 613.196 15.000
T_119 -20.127 -90.974 16.000
D_120 -26.485 -475.402 16.000
R_121 -32.645 -1015.709 16.000
N_122 -24.169 -507.047 13.000
M_123 0.000 401.769 9.000
L_124 0.000 679.918 4.000
A_125 0.000 185.740 3.000
F_126 0.000 560.542 6.000
S_127 -11.867 -90.060 6.000
S_128 -11.867 -90.060 6.000
P_129 0.000 -195.996 6.000
A_130 0.000 185.740 3.000
A_131 0.000 185.740 0.000
G_132 0.000 -27.649 0.000
G_133 0.000 -27.649 0.000
V_134 0.000 613.196 4.000
C_135 0.000 322.480 4.000
E_136 -7.878 -605.239 4.000
P_137 0.000 -195.996 7.000
L_138 0.000 679.918 10.000
K_139 -11.867 -818.649 6.000
S_140 -16.309 -90.060 10.000
P_141 0.000 -195.996 15.000
Q_142 -23.258 -643.904 12.000
R_143 -29.616 -1015.709 13.000
A_144 0.000 185.740 13.000
E_145 -24.169 -605.239 13.000
A_146 0.000 185.740 12.000
D_147 -23.258 -475.402 12.000
D_148 -23.258 -475.402 12.000
P_149 0.000 -195.996 16.000
Q_150 -23.258 -643.904 12.000
D_151 -18.409 -475.402 8.000
M_152 0.000 401.769 8.000
A_153 0.000 185.740 7.000
C_154 0.000 322.480 3.000
T_155 -11.867 -90.974 6.000
P_156 0.000 -195.996 6.000
S_157 -16.309 -90.060 10.000
G_158 0.000 -27.649 10.000
D_159 -21.132 -475.402 10.000
S_160 -17.098 -90.060 11.000
L_161 0.000 679.918 14.000
E_162 -24.169 -605.239 13.000
T_163 -19.059 -90.974 14.000
K_164 -21.060 -818.649 18.000
E_165 -27.773 -605.239 18.000
D_166 -27.773 -475.402 18.000
Q_167 -25.772 -643.904 15.000
K_168 -19.059 -818.649 14.000
M_169 0.000 401.769 10.000
S_170 -15.425 -90.060 9.000
P_171 0.000 -195.996 6.000
K_172 -15.425 -818.649 9.000
A_173 0.000 185.740 10.000
T_174 -19.059 -90.974 14.000
E_175 -25.003 -605.239 14.000
E_176 -25.003 -605.239 14.000
T_177 -19.613 -90.974 15.000
G_178 0.000 -27.649 11.000
Q_179 -22.253 -643.904 11.000
A_180 0.000 185.740 11.000
Q_181 -22.253 -643.904 11.000
S_182 -17.098 -90.060 11.000
G_183 0.000 -27.649 11.000
Q_184 -22.253 -643.904 11.000
A_185 0.000 185.740 8.000
N_186 -23.258 -507.047 12.000
C_187 0.000 322.480 8.000
Q_188 -18.409 -643.904 8.000
G_189 0.000 -27.649 7.000
L_190 0.000 679.918 7.000
S_191 -4.441 -90.060 3.000
P_192 0.000 -195.996 6.000
V_193 0.000 613.196 6.000
S_194 -4.441 -90.060 3.000
V_195 0.000 613.196 6.000
A_196 0.000 185.740 9.000
S_197 -16.309 -90.060 10.000
K_198 -16.309 -818.649 10.000
N_199 -25.003 -507.047 14.000
P_200 0.000 -195.996 11.000
Q_201 -18.409 -643.904 8.000
V_202 0.000 613.196 7.000
P_203 0.000 -195.996 11.000
S_204 -13.255 -90.060 7.000
D_205 -16.691 -475.402 7.000
G_206 0.000 -27.649 7.000
G_207 0.000 -27.649 9.000
V_208 0.000 613.196 5.000
R_209 -23.856 -1015.709 9.000
L_210 0.000 679.918 12.000
N_211 -25.772 -507.047 15.000
K_212 -18.462 -818.649 13.000
S_213 -20.127 -90.060 16.000
K_214 -20.127 -818.649 16.000
T_215 -18.462 -90.974 13.000
D_216 -21.132 -475.402 10.000
L_217 0.000 679.918 7.000
L_218 0.000 679.918 8.000
V_219 0.000 613.196 8.000
N_220 -23.258 -507.047 12.000
D_221 -23.258 -475.402 12.000
N_222 -26.485 -507.047 16.000
P_223 0.000 -195.996 12.000
D_224 -18.409 -475.402 8.000
P_225 0.000 -195.996 4.000
A_226 0.000 185.740 4.000
P_227 0.000 -195.996 3.000
L_228 0.000 679.918 3.000
S_229 -13.255 -90.060 7.000
P_230 0.000 -195.996 7.000
E_231 -22.253 -605.239 11.000
L_232 0.000 679.918 12.000
Q_233 -23.258 -643.904 12.000
D_234 -22.253 -475.402 11.000
F_235 0.000 560.542 11.000
K_236 -17.098 -818.649 11.000
C_237 0.000 322.480 7.000
N_238 -16.691 -507.047 7.000
I_239 0.000 777.529 4.000
C_240 0.000 322.480 6.000
G_241 0.000 -27.649 2.000
Y_242 -6.160 -274.939 4.000
G_243 0.000 -27.649 6.000
Y_244 -8.431 -274.939 6.000
Y_245 -9.978 -274.939 8.000
G_246 0.000 -27.649 12.000
N_247 -21.132 -507.047 10.000
D_248 -22.253 -475.402 11.000
P_249 0.000 -195.996 15.000
T_250 -17.098 -90.974 11.000
D_251 -16.691 -475.402 7.000
L_252 0.000 679.918 10.000
I_253 0.000 777.529 9.000
K_254 -10.149 -818.649 5.000
H_255 -11.154 -583.484 10.000
F_256 0.000 560.542 13.000
R_257 -28.412 -1015.709 12.000
K_258 -17.811 -818.649 12.000
Y_259 -12.104 -274.939 12.000
H_260 -9.265 -583.484 7.000
L_261 0.000 679.918 4.000
G_262 0.000 -27.649 4.000
L_263 0.000 679.918 6.000
H_264 -11.652 -583.484 11.000
N_265 -25.003 -507.047 14.000
R_266 -35.072 -1015.709 19.000
T_267 -22.271 -90.974 21.000
R_268 -36.459 -1015.709 21.000
Q_269 -26.485 -643.904 16.000
D_270 -27.150 -475.402 17.000
A_271 0.000 185.740 12.000
E_272 -23.258 -605.239 12.000
L_273 0.000 679.918 11.000
D_274 -25.003 -475.402 14.000
S_275 -16.309 -90.060 10.000
K_276 -16.309 -818.649 10.000
I_277 0.000 777.529 6.000
L_278 0.000 679.918 3.000
A_279 0.000 185.740 2.000
L_280 0.000 679.918 6.000
H_281 -8.431 -583.484 6.000
N_282 -14.591 -507.047 6.000
M_283 0.000 401.769 10.000
V_284 0.000 613.196 8.000
Q_285 -16.691 -643.904 7.000
F_286 0.000 560.542 9.000
S_287 -17.811 -90.060 12.000
H_288 -11.652 -583.484 11.000
S_289 -19.613 -90.060 15.000
K_290 -17.811 -818.649 12.000
D_291 -25.003 -475.402 14.000
F_292 0.000 560.542 14.000
Q_293 -22.253 -643.904 11.000
K_294 -17.098 -818.649 11.000
V_295 0.000 613.196 16.000
N_296 -25.772 -507.047 15.000
R_297 -28.412 -1015.709 12.000
S_298 -17.811 -90.060 12.000
V_299 0.000 613.196 11.000
F_300 0.000 560.542 6.000
S_301 -4.441 -90.060 3.000
G_302 0.000 -27.649 3.000
V_303 0.000 613.196 7.000
L_304 0.000 679.918 8.000
Q_305 -18.409 -643.904 8.000
D_306 -23.258 -475.402 12.000
I_307 0.000 777.529 15.000
N_308 -25.003 -507.047 14.000
S_309 -19.613 -90.060 15.000
S_310 -19.613 -90.060 15.000
R_311 -27.076 -1015.709 11.000
P_312 0.000 -195.996 8.000
V_313 0.000 613.196 5.000
L_314 0.000 679.918 4.000
L_315 0.000 679.918 4.000
N_316 -16.691 -507.047 7.000
G_317 0.000 -27.649 9.000
T_318 -18.462 -90.974 13.000
Y_319 -10.601 -274.939 9.000
D_320 -24.169 -475.402 13.000
V_321 0.000 613.196 10.000
Q_322 -22.253 -643.904 11.000
V_323 0.000 613.196 10.000
T_324 -16.309 -90.974 10.000
S_325 -11.867 -90.060 6.000
G_326 0.000 -27.649 9.000
G_327 0.000 -27.649 6.000
T_328 -4.441 -90.974 3.000
F_329 0.000 560.542 3.000
I_330 0.000 777.529 3.000
G_331 0.000 -27.649 0.000
I_332 0.000 777.529 5.000
G_333 0.000 -27.649 8.000
R_334 -27.076 -1015.709 11.000
K_335 -17.098 -818.649 11.000
T_336 -19.613 -90.974 15.000
P_337 0.000 -195.996 10.000
D_338 -22.253 -475.402 11.000
C_339 0.000 322.480 8.000
Q_340 -23.258 -643.904 12.000
G_341 0.000 -27.649 11.000
N_342 -25.003 -507.047 14.000
T_343 -17.811 -90.974 12.000
K_344 -17.811 -818.649 12.000
Y_345 -12.518 -274.939 13.000
F_346 0.000 560.542 10.000
R_347 -25.574 -1015.709 10.000
C_348 0.000 322.480 8.000
K_349 -14.420 -818.649 8.000
F_350 0.000 560.542 7.000
C_351 0.000 322.480 7.000
N_352 -16.691 -507.047 7.000
F_353 0.000 560.542 9.000
T_354 -15.425 -90.974 9.000
Y_355 -7.426 -274.939 5.000
M_356 0.000 401.769 9.000
G_357 0.000 -27.649 9.000
N_358 -21.132 -507.047 10.000
S_359 -18.462 -90.060 13.000
S_360 -20.609 -90.060 17.000
T_361 -18.462 -90.974 13.000
E_362 -25.003 -605.239 14.000
L_363 0.000 679.918 15.000
E_364 -25.003 -605.239 14.000
Q_365 -21.132 -643.904 10.000
H_366 -11.154 -583.484 10.000
F_367 0.000 560.542 10.000
L_368 0.000 679.918 9.000
Q_369 -19.866 -643.904 9.000
T_370 -15.425 -90.974 9.000
H_371 -12.518 -583.484 13.000
P_372 0.000 -195.996 12.000
N_373 -19.866 -507.047 9.000
K_374 -16.309 -818.649 10.000
I_375 0.000 777.529 10.000
K_376 -15.425 -818.649 9.000
A_377 0.000 185.740 6.000
S_378 -11.867 -90.060 6.000
L_379 0.000 679.918 6.000
P_380 0.000 -195.996 9.000
S_381 -16.309 -90.060 10.000
S_382 -16.309 -90.060 10.000
E_383 -21.132 -605.239 10.000
V_384 0.000 613.196 10.000
A_385 0.000 185.740 7.000
K_386 -11.867 -818.649 6.000
P_387 0.000 -195.996 10.000
S_388 -18.462 -90.060 13.000
E_389 -25.003 -605.239 14.000
K_390 -20.609 -818.649 17.000
N_391 -27.773 -507.047 18.000
S_392 -20.609 -90.060 17.000
N_393 -27.150 -507.047 17.000
K_394 -18.462 -818.649 13.000
S_395 -16.309 -90.060 10.000
I_396 0.000 777.529 6.000
P_397 0.000 -195.996 3.000
A_398 0.000 185.740 4.000
L_399 0.000 679.918 7.000
Q_400 -21.132 -643.904 10.000
S_401 -19.059 -90.060 14.000
S_402 -20.609 -90.060 17.000
D_403 -24.169 -475.402 13.000
S_404 -19.059 -90.060 14.000
G_405 0.000 -27.649 11.000
D_406 -16.691 -475.402 7.000
L_407 0.000 679.918 7.000
G_408 0.000 -27.649 8.000
K_409 -14.420 -818.649 8.000
W_410 -6.160 -203.500 12.000
Q_411 -25.772 -643.904 15.000
D_412 -23.258 -475.402 12.000
K_413 -19.059 -818.649 14.000
I_414 0.000 777.529 10.000
T_415 -15.425 -90.974 9.000
V_416 0.000 613.196 6.000
K_417 -11.867 -818.649 6.000
A_418 0.000 185.740 7.000
G_419 0.000 -27.649 11.000
D_420 -22.253 -475.402 11.000
D_421 -22.253 -475.402 11.000
T_422 -17.098 -90.974 11.000
P_423 0.000 -195.996 7.000
V_424 0.000 613.196 5.000
G_425 0.000 -27.649 5.000
Y_426 -7.426 -274.939 5.000
S_427 -10.149 -90.060 5.000
V_428 0.000 613.196 5.000
P_429 0.000 -195.996 6.000
I_430 0.000 777.529 3.000
K_431 -4.441 -818.649 3.000
P_432 0.000 -195.996 7.000
L_433 0.000 679.918 10.000
D_434 -21.132 -475.402 10.000
S_435 -19.613 -90.060 15.000
S_436 -21.486 -90.060 19.000
R_437 -35.072 -1015.709 19.000
Q_438 -26.485 -643.904 16.000
N_439 -26.485 -507.047 16.000
G_440 0.000 -27.649 15.000
T_441 -17.098 -90.974 11.000
E_442 -21.132 -605.239 10.000
A_443 0.000 185.740 13.000
T_444 -17.811 -90.974 12.000
S_445 -16.309 -90.060 10.000
Y_446 -11.652 -274.939 11.000
Y_447 -9.978 -274.939 8.000
W_448 -5.155 -203.500 8.000
C_449 0.000 322.480 6.000
K_450 -7.878 -818.649 4.000
F_451 0.000 560.542 6.000
C_452 0.000 322.480 6.000
S_453 -11.867 -90.060 6.000
F_454 0.000 560.542 6.000
S_455 -16.309 -90.060 10.000
C_456 0.000 322.480 10.000
E_457 -24.169 -605.239 13.000
S_458 -18.462 -90.060 13.000
S_459 -20.127 -90.060 16.000
S_460 -17.811 -90.060 12.000
S_461 -17.811 -90.060 12.000
L_462 0.000 679.918 9.000
K_463 -11.867 -818.649 6.000
L_464 0.000 679.918 7.000
L_465 0.000 679.918 9.000
E_466 -18.409 -605.239 8.000
H_467 -9.978 -583.484 8.000
Y_468 -11.652 -274.939 11.000
G_469 0.000 -27.649 11.000
K_470 -17.098 -818.649 11.000
Q_471 -19.866 -643.904 9.000
H_472 -10.601 -583.484 9.000
G_473 0.000 -27.649 6.000
A_474 0.000 185.740 6.000
V_475 0.000 613.196 7.000
Q_476 -16.691 -643.904 7.000
S_477 -13.255 -90.060 7.000
G_478 0.000 -27.649 7.000
G_479 0.000 -27.649 7.000
L_480 0.000 679.918 4.000
N_481 -18.409 -507.047 8.000
P_482 0.000 -195.996 8.000
E_483 -23.258 -605.239 12.000
L_484 0.000 679.918 12.000
N_485 -25.772 -507.047 15.000
D_486 -22.253 -475.402 11.000
K_487 -19.059 -818.649 14.000
L_488 0.000 679.918 15.000
S_489 -17.098 -90.060 11.000
R_490 -27.076 -1015.709 11.000
G_491 0.000 -27.649 11.000
S_492 -14.420 -90.060 8.000
V_493 0.000 613.196 7.000
I_494 0.000 777.529 11.000
N_495 -23.258 -507.047 12.000
Q_496 -26.485 -643.904 16.000
N_497 -26.485 -507.047 16.000
D_498 -23.258 -475.402 12.000
L_499 0.000 679.918 11.000
A_500 0.000 185.740 10.000
K_501 -15.425 -818.649 9.000
S_502 -18.462 -90.060 13.000
S_503 -18.462 -90.060 13.000
E_504 -25.003 -605.239 14.000
G_505 0.000 -27.649 14.000
E_506 -22.253 -605.239 11.000
T_507 -16.309 -90.974 10.000
M_508 0.000 401.769 13.000
T_509 -17.811 -90.974 12.000
K_510 -18.462 -818.649 13.000
T_511 -20.127 -90.974 16.000
D_512 -26.485 -475.402 16.000
K_513 -20.127 -818.649 16.000
S_514 -20.127 -90.060 16.000
S_515 -17.811 -90.060 12.000
S_516 -15.425 -90.060 9.000
G_517 0.000 -27.649 9.000
A_518 0.000 185.740 9.000
K_519 -15.425 -818.649 9.000
K_520 -18.462 -818.649 13.000
K_521 -18.462 -818.649 13.000
D_522 -24.169 -475.402 13.000
F_523 0.000 560.542 13.000
S_524 -18.462 -90.060 13.000
S_525 -15.425 -90.060 9.000
K_526 -15.425 -818.649 9.000
G_527 0.000 -27.649 10.000
A_528 0.000 185.740 11.000
E_529 -23.258 -605.239 12.000
D_530 -23.258 -475.402 12.000
N_531 -23.258 -507.047 12.000
M_532 0.000 401.769 11.000
V_533 0.000 613.196 10.000
T_534 -14.420 -90.974 8.000
S_535 -17.811 -90.060 12.000
Y_536 -12.104 -274.939 12.000
N_537 -24.169 -507.047 13.000
C_538 0.000 322.480 10.000
Q_539 -18.409 -643.904 8.000
F_540 0.000 560.542 8.000
C_541 0.000 322.480 8.000
D_542 -19.866 -475.402 9.000
F_543 0.000 560.542 11.000
R_544 -30.711 -1015.709 14.000
Y_545 -12.518 -274.939 13.000
S_546 -20.127 -90.060 16.000
K_547 -18.462 -818.649 13.000
S_548 -17.098 -90.060 11.000
H_549 -9.978 -583.484 8.000
G_550 0.000 -27.649 9.000
P_551 0.000 -195.996 6.000
D_552 -7.878 -475.402 4.000
V_553 0.000 613.196 4.000
I_554 0.000 777.529 4.000
V_555 0.000 613.196 0.000
V_556 0.000 613.196 0.000
G_557 0.000 -27.649 0.000
P_558 0.000 -195.996 0.000
L_559 0.000 679.918 5.000
L_560 0.000 679.918 7.000
R_561 -23.856 -1015.709 9.000
H_562 -12.518 -583.484 13.000
Y_563 -13.896 -274.939 17.000
Q_564 -23.258 -643.904 12.000
Q_565 -23.258 -643.904 12.000
L_566 0.000 679.918 14.000
H_567 -11.154 -583.484 10.000
N_568 -18.409 -507.047 8.000
I_569 0.000 777.529 11.000
H_570 -10.601 -583.484 9.000
K_571 -14.420 -818.649 8.000
C_572 0.000 322.480 8.000
T_573 -15.425 -90.974 9.000
I_574 0.000 777.529 8.000
K_575 -14.420 -818.649 8.000
H_576 -7.426 -583.484 5.000
C_577 0.000 322.480 5.000
P_578 0.000 -195.996 2.000
F_579 0.000 560.542 0.000
C_580 0.000 322.480 5.000
P_581 0.000 -195.996 5.000
R_582 -11.867 -1015.709 5.000
G_583 0.000 -27.649 5.000
L_584 0.000 679.918 8.000
C_585 0.000 322.480 3.000
S_586 -13.255 -90.060 7.000
P_587 0.000 -195.996 10.000
E_588 -23.258 -605.239 12.000
K_589 -15.425 -818.649 9.000
H_590 -10.601 -583.484 9.000
L_591 0.000 679.918 9.000
G_592 0.000 -27.649 6.000
E_593 -16.691 -605.239 7.000
I_594 0.000 777.529 9.000
T_595 -15.425 -90.974 9.000
Y_596 -7.426 -274.939 5.000
P_597 0.000 -195.996 5.000
F_598 0.000 560.542 2.000
A_599 0.000 185.740 5.000
C_600 0.000 322.480 8.000
R_601 -27.076 -1015.709 11.000
K_602 -19.613 -818.649 15.000
S_603 -19.613 -90.060 15.000
N_604 -24.169 -507.047 13.000
C_605 0.000 322.480 12.000
S_606 -15.425 -90.060 9.000
H_607 -7.426 -583.484 5.000
C_608 0.000 322.480 5.000
A_609 0.000 185.740 2.000
L_610 0.000 679.918 0.000
L_611 0.000 679.918 0.000
L_612 0.000 679.918 2.000
L_613 0.000 679.918 2.000
H_614 -7.426 -583.484 5.000
L_615 0.000 679.918 5.000
S_616 -10.149 -90.060 5.000
P_617 0.000 -195.996 3.000
G_618 0.000 -27.649 3.000
A_619 0.000 185.740 0.000
A_620 0.000 185.740 3.000
G_621 0.000 -27.649 6.000
S_622 -17.098 -90.060 11.000
S_623 -17.098 -90.060 11.000
R_624 -30.711 -1015.709 14.000
V_625 0.000 613.196 13.000
K_626 -19.059 -818.649 14.000
H_627 -10.601 -583.484 9.000
Q_628 -22.253 -643.904 11.000
C_629 0.000 322.480 12.000
H_630 -11.154 -583.484 10.000
Q_631 -19.866 -643.904 9.000
C_632 0.000 322.480 9.000
S_633 -16.309 -90.060 10.000
F_634 0.000 560.542 9.000
T_635 -15.425 -90.974 9.000
T_636 -16.309 -90.974 10.000
P_637 0.000 -195.996 10.000
D_638 -22.253 -475.402 11.000
V_639 0.000 613.196 8.000
D_640 -18.409 -475.402 8.000
V_641 0.000 613.196 4.000
L_642 0.000 679.918 4.000
L_643 0.000 679.918 2.000
F_644 0.000 560.542 4.000
H_645 -9.978 -583.484 8.000
Y_646 -11.652 -274.939 11.000
E_647 -22.253 -605.239 11.000
S_648 -17.098 -90.060 11.000
V_649 0.000 613.196 13.000
H_650 -12.104 -583.484 12.000
E_651 -24.169 -605.239 13.000
S_652 -18.462 -90.060 13.000
Q_653 -25.003 -643.904 14.000
A_654 0.000 185.740 14.000
S_655 -17.098 -90.060 11.000
D_656 -21.132 -475.402 10.000
V_657 0.000 613.196 14.000
K_658 -19.613 -818.649 15.000
Q_659 -22.253 -643.904 11.000
E_660 -25.772 -605.239 15.000
A_661 0.000 185.740 14.000
N_662 -21.132 -507.047 10.000
H_663 -11.154 -583.484 10.000
L_664 0.000 679.918 10.000
Q_665 -19.866 -643.904 9.000
G_666 0.000 -27.649 11.000
S_667 -17.098 -90.060 11.000
D_668 -22.253 -475.402 11.000
G_669 0.000 -27.649 15.000
Q_670 -25.772 -643.904 15.000
Q_671 -22.253 -643.904 11.000
S_672 -19.059 -90.060 14.000
V_673 0.000 613.196 14.000
K_674 -18.462 -818.649 13.000
E_675 -24.169 -605.239 13.000
S_676 -20.609 -90.060 17.000
K_677 -20.127 -818.649 16.000
E_678 -25.772 -605.239 15.000
H_679 -12.104 -583.484 12.000
S_680 -17.811 -90.060 12.000
C_681 0.000 322.480 11.000
T_682 -15.425 -90.974 9.000
K_683 -16.309 -818.649 10.000
C_684 0.000 322.480 10.000
D_685 -16.691 -475.402 7.000
F_686 0.000 560.542 7.000
I_687 0.000 777.529 11.000
T_688 -13.255 -90.974 7.000
Q_689 -22.253 -643.904 11.000
V_690 0.000 613.196 15.000
E_691 -26.485 -605.239 16.000
E_692 -23.258 -605.239 12.000
E_693 -25.772 -605.239 15.000
I_694 0.000 777.529 16.000
S_695 -19.059 -90.060 14.000
R_696 -28.412 -1015.709 12.000
H_697 -13.896 -583.484 17.000
Y_698 -14.463 -274.939 19.000
R_699 -30.711 -1015.709 14.000
R_700 -30.711 -1015.709 14.000
A_701 0.000 185.740 15.000
H_702 -11.154 -583.484 10.000
S_703 -13.255 -90.060 7.000
C_704 0.000 322.480 10.000
Y_705 -9.978 -274.939 8.000
K_706 -16.309 -818.649 10.000
C_707 0.000 322.480 14.000
R_708 -28.412 -1015.709 12.000
Q_709 -23.258 -643.904 12.000
C_710 0.000 322.480 12.000
S_711 -16.309 -90.060 10.000
F_712 0.000 560.542 6.000
T_713 -11.867 -90.974 6.000
A_714 0.000 185.740 7.000
A_715 0.000 185.740 10.000
D_716 -22.253 -475.402 11.000
T_717 -19.059 -90.974 14.000
Q_718 -25.003 -643.904 14.000
S_719 -16.309 -90.060 10.000
L_720 0.000 679.918 11.000
L_721 0.000 679.918 9.000
E_722 -14.591 -605.239 6.000
H_723 -11.154 -583.484 10.000
F_724 0.000 560.542 13.000
N_725 -19.866 -507.047 9.000
T_726 -15.425 -90.974 9.000
V_727 0.000 613.196 9.000
H_728 -10.601 -583.484 9.000
C_729 0.000 322.480 10.000
Q_730 -25.003 -643.904 14.000
E_731 -26.485 -605.239 16.000
Q_732 -26.485 -643.904 16.000
D_733 -25.772 -475.402 15.000
I_734 0.000 777.529 14.000
T_735 -16.309 -90.974 10.000
T_736 -16.309 -90.974 10.000
A_737 0.000 185.740 10.000
N_738 -22.253 -507.047 11.000
G_739 0.000 -27.649 12.000
E_740 -26.485 -605.239 16.000
E_741 -23.258 -605.239 12.000
D_742 -25.003 -475.402 14.000
G_743 0.000 -27.649 10.000
H_744 -8.431 -583.484 6.000
A_745 0.000 185.740 5.000
I_746 0.000 777.529 8.000
S_747 -11.867 -90.060 6.000
T_748 -15.425 -90.974 9.000
I_749 0.000 777.529 13.000
K_750 -19.059 -818.649 14.000
E_751 -22.253 -605.239 11.000
E_752 -25.003 -605.239 14.000
P_753 0.000 -195.996 11.000
K_754 -17.098 -818.649 11.000
I_755 0.000 777.529 7.000
D_756 -23.258 -475.402 12.000
F_757 0.000 560.542 9.000
R_758 -27.076 -1015.709 11.000
V_759 0.000 613.196 11.000
Y_760 -11.652 -274.939 11.000
N_761 -14.591 -507.047 6.000
L_762 0.000 679.918 9.000
L_763 0.000 679.918 7.000
T_764 -13.255 -90.974 7.000
P_765 0.000 -195.996 10.000
D_766 -24.169 -475.402 13.000
S_767 -16.309 -90.060 10.000
K_768 -16.309 -818.649 10.000
M_769 0.000 401.769 10.000
G_770 0.000 -27.649 7.000
E_771 -7.878 -605.239 4.000
P_772 0.000 -195.996 7.000
V_773 0.000 613.196 11.000
S_774 -16.309 -90.060 10.000
E_775 -21.132 -605.239 10.000
S_776 -16.309 -90.060 10.000
V_777 0.000 613.196 10.000
V_778 0.000 613.196 11.000
K_779 -17.811 -818.649 12.000
R_780 -31.716 -1015.709 15.000
E_781 -25.772 -605.239 15.000
K_782 -20.127 -818.649 16.000
L_783 0.000 679.918 15.000
E_784 -25.003 -605.239 14.000
E_785 -25.772 -605.239 15.000
K_786 -19.613 -818.649 15.000
D_787 -22.253 -475.402 11.000
G_788 0.000 -27.649 10.000
L_789 0.000 679.918 11.000
K_790 -16.309 -818.649 10.000
E_791 -21.132 -605.239 10.000
K_792 -17.098 -818.649 11.000
V_793 0.000 613.196 11.000
W_794 -5.944 -203.500 11.000
T_795 -17.098 -90.974 11.000
E_796 -25.003 -605.239 14.000
S_797 -20.127 -90.060 16.000
S_798 -20.609 -90.060 17.000
S_799 -20.609 -90.060 17.000
D_800 -25.003 -475.402 14.000
D_801 -26.485 -475.402 16.000
L_802 0.000 679.918 17.000
R_803 -29.616 -1015.709 13.000
N_804 -23.258 -507.047 12.000
V_805 0.000 613.196 13.000
T_806 -18.462 -90.974 13.000
W_807 -5.447 -203.500 9.000
R_808 -23.856 -1015.709 9.000
G_809 0.000 -27.649 10.000
A_810 0.000 185.740 9.000
D_811 -7.878 -475.402 4.000
I_812 0.000 777.529 9.000
L_813 0.000 679.918 9.000
R_814 -21.845 -1015.709 8.000
G_815 0.000 -27.649 8.000
S_816 -17.098 -90.060 11.000
P_817 0.000 -195.996 8.000
S_818 -17.098 -90.060 11.000
Y_819 -12.104 -274.939 12.000
T_820 -17.811 -90.974 12.000
Q_821 -23.258 -643.904 12.000
A_822 0.000 185.740 10.000
S_823 -13.255 -90.060 7.000
L_824 0.000 679.918 3.000
G_825 0.000 -27.649 3.000
L_826 0.000 679.918 3.000
L_827 0.000 679.918 3.000
T_828 -4.441 -90.974 3.000
P_829 0.000 -195.996 6.000
V_830 0.000 613.196 6.000
S_831 -11.867 -90.060 6.000
G_832 0.000 -27.649 10.000
T_833 -19.059 -90.974 14.000
Q_834 -25.772 -643.904 15.000
E_835 -27.773 -605.239 18.000
Q_836 -27.773 -643.904 18.000
T_837 -20.609 -90.974 17.000
K_838 -18.462 -818.649 13.000
T_839 -19.059 -90.974 14.000
L_840 0.000 679.918 15.000
R_841 -31.716 -1015.709 15.000
D_842 -23.258 -475.402 12.000
S_843 -20.127 -90.060 16.000
P_844 0.000 -195.996 11.000
N_845 -22.253 -507.047 11.000
V_846 0.000 613.196 8.000
E_847 -18.409 -605.239 8.000
A_848 0.000 185.740 6.000
A_849 0.000 185.740 6.000
H_850 -1.718 -583.484 2.000
L_851 0.000 679.918 7.000
A_852 0.000 185.740 7.000
R_853 -11.867 -1015.709 5.000
P_854 0.000 -195.996 7.000
I_855 0.000 777.529 7.000
Y_856 -1.718 -274.939 2.000
G_857 0.000 -27.649 2.000
L_858 0.000 679.918 2.000
A_859 0.000 185.740 4.000
V_860 0.000 613.196 7.000
E_861 -21.132 -605.239 10.000
T_862 -16.309 -90.974 10.000
K_863 -16.309 -818.649 10.000
G_864 0.000 -27.649 6.000
F_865 0.000 560.542 7.000
L_866 0.000 679.918 4.000
Q_867 -7.878 -643.904 4.000
G_868 0.000 -27.649 4.000
A_869 0.000 185.740 4.000
P_870 0.000 -195.996 0.000
A_871 0.000 185.740 0.000
G_872 0.000 -27.649 4.000
G_873 0.000 -27.649 7.000
E_874 -21.132 -605.239 10.000
K_875 -16.309 -818.649 10.000
S_876 -16.309 -90.060 10.000
G_877 0.000 -27.649 6.000
A_878 0.000 185.740 3.000
L_879 0.000 679.918 4.000
P_880 0.000 -195.996 8.000
Q_881 -21.132 -643.904 10.000
Q_882 -21.132 -643.904 10.000
Y_883 -11.154 -274.939 10.000
P_884 0.000 -195.996 9.000
A_885 0.000 185.740 5.000
S_886 -13.255 -90.060 7.000
G_887 0.000 -27.649 11.000
E_888 -25.003 -605.239 14.000
N_889 -25.003 -507.047 14.000
K_890 -20.609 -818.649 17.000
S_891 -20.609 -90.060 17.000
K_892 -20.609 -818.649 17.000
D_893 -27.150 -475.402 17.000
E_894 -27.773 -605.239 18.000
S_895 -21.060 -90.060 18.000
Q_896 -25.003 -643.904 14.000
S_897 -16.309 -90.060 10.000
L_898 0.000 679.918 12.000
L_899 0.000 679.918 13.000
R_900 -31.716 -1015.709 15.000
R_901 -35.785 -1015.709 20.000
R_902 -35.785 -1015.709 20.000
R_903 -34.315 -1015.709 18.000
G_904 0.000 -27.649 13.000
S_905 -14.420 -90.060 8.000
G_906 0.000 -27.649 3.000
V_907 0.000 613.196 3.000
F_908 0.000 560.542 0.000
C_909 0.000 322.480 4.000
A_910 0.000 185.740 4.000
N_911 -7.878 -507.047 4.000
C_912 0.000 322.480 7.000
L_913 0.000 679.918 10.000
T_914 -15.425 -90.974 9.000
T_915 -17.811 -90.974 12.000
K_916 -19.613 -818.649 15.000
T_917 -17.811 -90.974 12.000
S_918 -16.309 -90.060 10.000
L_919 0.000 679.918 12.000
W_920 -6.160 -203.500 12.000
R_921 -29.616 -1015.709 13.000
K_922 -18.462 -818.649 13.000
N_923 -26.485 -507.047 16.000
A_924 0.000 185.740 11.000
N_925 -18.409 -507.047 8.000
G_926 0.000 -27.649 6.000
G_927 0.000 -27.649 6.000
Y_928 -1.718 -274.939 2.000
V_929 0.000 613.196 6.000
C_930 0.000 322.480 6.000
N_931 -7.878 -507.047 4.000
A_932 0.000 185.740 4.000
C_933 0.000 322.480 4.000
G_934 0.000 -27.649 2.000
L_935 0.000 679.918 6.000
Y_936 -10.601 -274.939 9.000
Q_937 -19.866 -643.904 9.000
K_938 -17.098 -818.649 11.000
L_939 0.000 679.918 12.000
H_940 -11.652 -583.484 11.000
S_941 -14.420 -90.060 8.000
T_942 -18.462 -90.974 13.000
P_943 0.000 -195.996 11.000
R_944 -21.845 -1015.709 8.000
P_945 0.000 -195.996 9.000
L_946 0.000 679.918 9.000
N_947 -7.878 -507.047 4.000
I_948 0.000 777.529 7.000
I_949 0.000 777.529 11.000
K_950 -17.098 -818.649 11.000
Q_951 -25.772 -643.904 15.000
N_952 -25.772 -507.047 15.000
N_953 -26.485 -507.047 16.000
G_954 0.000 -27.649 16.000
E_955 -23.258 -605.239 12.000
Q_956 -18.409 -643.904 8.000
I_957 0.000 777.529 13.000
I_958 0.000 777.529 14.000
R_959 -31.716 -1015.709 15.000
R_960 -34.315 -1015.709 18.000
R_961 -37.706 -1015.709 23.000
T_962 -22.271 -90.974 21.000
R_963 -36.459 -1015.709 21.000
K_964 -20.127 -818.649 16.000
R_965 -33.508 -1015.709 17.000
L_966 0.000 679.918 12.000
N_967 -24.169 -507.047 13.000
P_968 0.000 -195.996 8.000
E_969 -18.409 -605.239 8.000
A_970 0.000 185.740 8.000
L_971 0.000 679.918 8.000
Q_972 -18.409 -643.904 8.000
A_973 0.000 185.740 12.000
E_974 -23.258 -605.239 12.000
Q_975 -23.258 -643.904 12.000
L_976 0.000 679.918 15.000
N_977 -25.772 -507.047 15.000
K_978 -19.613 -818.649 15.000
Q_979 -28.912 -643.904 20.000
Q_980 -26.485 -643.904 16.000
R_981 -32.645 -1015.709 16.000
G_982 0.000 -27.649 16.000
S_983 -20.127 -90.060 16.000
N_984 -25.772 -507.047 15.000
E_985 -28.359 -605.239 19.000
E_986 -26.485 -605.239 16.000
Q_987 -26.485 -643.904 16.000
V_988 0.000 613.196 12.000
N_989 -22.253 -507.047 11.000
G_990 0.000 -27.649 7.000
S_991 -13.255 -90.060 7.000
P_992 0.000 -195.996 7.000
L_993 0.000 679.918 12.000
E_994 -25.003 -605.239 14.000
R_995 -33.508 -1015.709 17.000
R_996 -36.459 -1015.709 21.000
S_997 -22.271 -90.060 21.000
E_998 -27.773 -605.239 18.000
D_999 -24.169 -475.402 13.000
H_1000 -12.518 -583.484 13.000
L_1001 0.000 679.918 13.000
T_1002 -17.811 -90.974 12.000
E_1003 -23.258 -605.239 12.000
S_1004 -20.127 -90.060 16.000
H_1005 -14.188 -583.484 18.000
Q_1006 -27.773 -643.904 18.000
R_1007 -31.716 -1015.709 15.000
E_1008 -24.169 -605.239 13.000
I_1009 0.000 777.529 9.000
P_1010 0.000 -195.996 4.000
L_1011 0.000 679.918 3.000
P_1012 0.000 -195.996 3.000
S_1013 -11.867 -90.060 6.000
L_1014 0.000 679.918 9.000
S_1015 -17.098 -90.060 11.000
K_1016 -17.811 -818.649 12.000
Y_1017 -12.104 -274.939 12.000
E_1018 -24.169 -605.239 13.000
A_1019 0.000 185.740 10.000
Q_1020 -22.253 -643.904 11.000
G_1021 0.000 -27.649 7.000
S_1022 -16.309 -90.060 10.000
L_1023 0.000 679.918 9.000
T_1024 -17.811 -90.974 12.000
K_1025 -17.098 -818.649 11.000
S_1026 -19.059 -90.060 14.000
H_1027 -11.652 -583.484 11.000
S_1028 -17.811 -90.060 12.000
A_1029 0.000 185.740 13.000
Q_1030 -22.253 -643.904 11.000
Q_1031 -18.409 -643.904 8.000
P_1032 0.000 -195.996 8.000
V_1033 0.000 613.196 4.000
L_1034 0.000 679.918 3.000
V_1035 0.000 613.196 7.000
S_1036 -16.309 -90.060 10.000
Q_1037 -21.132 -643.904 10.000
T_1038 -19.059 -90.974 14.000
L_1039 0.000 679.918 11.000
D_1040 -19.866 -475.402 9.000
I_1041 0.000 777.529 9.000
H_1042 -12.900 -583.484 14.000
K_1043 -16.309 -818.649 10.000
R_1044 -30.711 -1015.709 14.000
M_1045 0.000 401.769 12.000
Q_1046 -19.866 -643.904 9.000
P_1047 0.000 -195.996 6.000
L_1048 0.000 679.918 6.000
H_1049 -8.431 -583.484 6.000
I_1050 0.000 777.529 6.000
Q_1051 -19.866 -643.904 9.000
I_1052 0.000 777.529 10.000
K_1053 -16.309 -818.649 10.000
S_1054 -16.309 -90.060 10.000
P_1055 0.000 -195.996 14.000
Q_1056 -25.003 -643.904 14.000
E_1057 -25.003 -605.239 14.000
S_1058 -19.059 -90.060 14.000
T_1059 -19.059 -90.974 14.000
G_1060 0.000 -27.649 10.000
D_1061 -16.691 -475.402 7.000
P_1062 0.000 -195.996 8.000
G_1063 0.000 -27.649 11.000
N_1064 -21.132 -507.047 10.000
S_1065 -18.462 -90.060 13.000
S_1066 -18.462 -90.060 13.000
S_1067 -17.811 -90.060 12.000
V_1068 0.000 613.196 13.000
S_1069 -16.309 -90.060 10.000
E_1070 -21.132 -605.239 10.000
G_1071 0.000 -27.649 10.000
K_1072 -16.309 -818.649 10.000
G_1073 0.000 -27.649 9.000
S_1074 -18.462 -90.060 13.000
S_1075 -19.613 -90.060 15.000
E_1076 -25.772 -605.239 15.000
R_1077 -31.716 -1015.709 15.000
G_1078 0.000 -27.649 12.000
S_1079 -14.420 -90.060 8.000
P_1080 0.000 -195.996 7.000
I_1081 0.000 777.529 10.000
E_1082 -19.866 -605.239 9.000
K_1083 -15.425 -818.649 9.000
Y_1084 -12.900 -274.939 14.000
M_1085 0.000 401.769 10.000
R_1086 -19.414 -1015.709 7.000
P_1087 0.000 -195.996 8.000
A_1088 0.000 185.740 10.000
K_1089 -10.149 -818.649 5.000
H_1090 -10.601 -583.484 9.000
P_1091 0.000 -195.996 11.000
N_1092 -22.253 -507.047 11.000
Y_1093 -10.601 -274.939 9.000
S_1094 -15.425 -90.060 9.000
P_1095 0.000 -195.996 5.000
P_1096 0.000 -195.996 6.000
G_1097 0.000 -27.649 3.000
S_1098 -4.441 -90.060 3.000
P_1099 0.000 -195.996 7.000
I_1100 0.000 777.529 10.000
E_1101 -19.866 -605.239 9.000
K_1102 -18.462 -818.649 13.000
Y_1103 -13.255 -274.939 15.000
Q_1104 -22.253 -643.904 11.000
Y_1105 -9.978 -274.939 8.000
P_1106 0.000 -195.996 6.000
L_1107 0.000 679.918 2.000
F_1108 0.000 560.542 0.000
G_1109 0.000 -27.649 0.000
L_1110 0.000 679.918 0.000
P_1111 0.000 -195.996 0.000
F_1112 0.000 560.542 2.000
V_1113 0.000 613.196 6.000
H_1114 -11.154 -583.484 10.000
N_1115 -21.132 -507.047 10.000
D_1116 -25.003 -475.402 14.000
F_1117 0.000 560.542 15.000
Q_1118 -25.772 -643.904 15.000
S_1119 -17.098 -90.060 11.000
E_1120 -25.772 -605.239 15.000
A_1121 0.000 185.740 12.000
D_1122 -19.866 -475.402 9.000
W_1123 -5.708 -203.500 10.000
L_1124 0.000 679.918 10.000
R_1125 -19.414 -1015.709 7.000
F_1126 0.000 560.542 9.000
W_1127 -6.160 -203.500 12.000
S_1128 -15.425 -90.060 9.000
K_1129 -17.811 -818.649 12.000
Y_1130 -11.652 -274.939 11.000
K_1131 -17.098 -818.649 11.000
L_1132 0.000 679.918 8.000
S_1133 -11.867 -90.060 6.000
V_1134 0.000 613.196 3.000
P_1135 0.000 -195.996 7.000
G_1136 0.000 -27.649 4.000
N_1137 -14.591 -507.047 6.000
P_1138 0.000 -195.996 8.000
H_1139 -9.978 -583.484 8.000
Y_1140 -9.265 -274.939 7.000
L_1141 0.000 679.918 9.000
S_1142 -13.255 -90.060 7.000
H_1143 -7.426 -583.484 5.000
V_1144 0.000 613.196 5.000
P_1145 0.000 -195.996 2.000
G_1146 0.000 -27.649 0.000
L_1147 0.000 679.918 4.000
P_1148 0.000 -195.996 4.000
N_1149 -7.878 -507.047 4.000
P_1150 0.000 -195.996 8.000
C_1151 0.000 322.480 12.000
Q_1152 -21.132 -643.904 10.000
N_1153 -21.132 -507.047 10.000
Y_1154 -11.154 -274.939 10.000
V_1155 0.000 613.196 8.000
P_1156 0.000 -195.996 4.000
Y_1157 -7.426 -274.939 5.000
P_1158 0.000 -195.996 5.000
T_1159 -15.425 -90.974 9.000
F_1160 0.000 560.542 7.000
N_1161 -16.691 -507.047 7.000
L_1162 0.000 679.918 4.000
P_1163 0.000 -195.996 6.000
P_1164 0.000 -195.996 2.000
H_1165 -7.426 -583.484 5.000
F_1166 0.000 560.542 5.000
S_1167 -10.149 -90.060 5.000
A_1168 0.000 185.740 3.000
V_1169 0.000 613.196 6.000
G_1170 0.000 -27.649 7.000
S_1171 -17.098 -90.060 11.000
D_1172 -25.772 -475.402 15.000
N_1173 -25.772 -507.047 15.000
D_1174 -23.258 -475.402 12.000
I_1175 0.000 777.529 8.000
P_1176 0.000 -195.996 8.000
L_1177 0.000 679.918 4.000
D_1178 -7.878 -475.402 4.000
L_1179 0.000 679.918 4.000
A_1180 0.000 185.740 7.000
I_1181 0.000 777.529 5.000
K_1182 -14.420 -818.649 8.000
H_1183 -12.518 -583.484 13.000
S_1184 -18.462 -90.060 13.000
R_1185 -25.574 -1015.709 10.000
P_1186 0.000 -195.996 8.000
G_1187 0.000 -27.649 8.000
P_1188 0.000 -195.996 3.000
T_1189 -13.255 -90.974 7.000
A_1190 0.000 185.740 7.000
N_1191 -16.691 -507.047 7.000
G_1192 0.000 -27.649 7.000
A_1193 0.000 185.740 10.000
S_1194 -16.309 -90.060 10.000
K_1195 -18.462 -818.649 13.000
E_1196 -26.485 -605.239 16.000
K_1197 -20.127 -818.649 16.000
T_1198 -18.462 -90.974 13.000
K_1199 -15.425 -818.649 9.000
A_1200 0.000 185.740 6.000
P_1201 0.000 -195.996 7.000
P_1202 0.000 -195.996 4.000
N_1203 -16.691 -507.047 7.000
V_1204 0.000 613.196 11.000
K_1205 -19.613 -818.649 15.000
N_1206 -22.253 -507.047 11.000
E_1207 -22.253 -605.239 11.000
G_1208 0.000 -27.649 8.000
P_1209 0.000 -195.996 8.000
L_1210 0.000 679.918 4.000
N_1211 -7.878 -507.047 4.000
V_1212 0.000 613.196 7.000
V_1213 0.000 613.196 10.000
K_1214 -16.309 -818.649 10.000
T_1215 -18.462 -90.974 13.000
E_1216 -24.169 -605.239 13.000
K_1217 -19.059 -818.649 14.000
V_1218 0.000 613.196 16.000
D_1219 -25.772 -475.402 15.000
R_1220 -31.716 -1015.709 15.000
S_1221 -21.486 -90.060 19.000
T_1222 -21.486 -90.974 19.000
Q_1223 -27.773 -643.904 18.000
D_1224 -25.772 -475.402 15.000
E_1225 -25.772 -605.239 15.000
L_1226 0.000 679.918 14.000
S_1227 -18.462 -90.060 13.000
T_1228 -15.425 -90.974 9.000
K_1229 -15.425 -818.649 9.000
C_1230 0.000 322.480 8.000
V_1231 0.000 613.196 5.000
H_1232 -1.718 -583.484 2.000
C_1233 0.000 322.480 2.000
G_1234 0.000 -27.649 2.000
I_1235 0.000 777.529 0.000
V_1236 0.000 613.196 0.000
F_1237 0.000 560.542 4.000
L_1238 0.000 679.918 8.000
D_1239 -18.409 -475.402 8.000
E_1240 -18.409 -605.239 8.000
V_1241 0.000 613.196 10.000
M_1242 0.000 401.769 6.000
Y_1243 -1.718 -274.939 2.000
A_1244 0.000 185.740 4.000
L_1245 0.000 679.918 4.000
H_1246 -7.426 -583.484 5.000
M_1247 0.000 401.769 5.000
S_1248 -13.255 -90.060 7.000
C_1249 0.000 322.480 5.000
H_1250 -10.601 -583.484 9.000
G_1251 0.000 -27.649 9.000
D_1252 -19.866 -475.402 9.000
S_1253 -13.255 -90.060 7.000
G_1254 0.000 -27.649 7.000
P_1255 0.000 -195.996 7.000
F_1256 0.000 560.542 4.000
Q_1257 -16.691 -643.904 7.000
C_1258 0.000 322.480 7.000
S_1259 -13.255 -90.060 7.000
I_1260 0.000 777.529 7.000
C_1261 0.000 322.480 9.000
Q_1262 -14.591 -643.904 6.000
H_1263 -8.431 -583.484 6.000
L_1264 0.000 679.918 9.000
C_1265 0.000 322.480 9.000
T_1266 -16.309 -90.974 10.000
D_1267 -23.258 -475.402 12.000
K_1268 -20.127 -818.649 16.000
Y_1269 -12.518 -274.939 13.000
D_1270 -23.258 -475.402 12.000
F_1271 0.000 560.542 12.000
T_1272 -17.811 -90.974 12.000
T_1273 -14.420 -90.974 8.000
H_1274 -12.104 -583.484 12.000
I_1275 0.000 777.529 14.000
Q_1276 -22.253 -643.904 11.000
R_1277 -23.856 -1015.709 9.000
G_1278 0.000 -27.649 11.000
L_1279 0.000 679.918 12.000
H_1280 -11.652 -583.484 11.000
R_1281 -31.716 -1015.709 15.000
N_1282 -25.772 -507.047 15.000
N_1283 -27.150 -507.047 17.000
A_1284 0.000 185.740 12.000
Q_1285 -23.258 -643.904 12.000
V_1286 0.000 613.196 11.000
E_1287 -25.772 -605.239 15.000
K_1288 -17.098 -818.649 11.000
N_1289 -25.003 -507.047 14.000
G_1290 0.000 -27.649 10.000
K_1291 -16.309 -818.649 10.000
P_1292 0.000 -195.996 10.000
K_1293 -16.309 -818.649 10.000
E_1294 -16.691 -605.239 7.000
