M_1 0.000 401.769 8.000
S_2 -17.811 -90.060 12.000
R_3 -31.716 -1015.709 15.000
Q_4 -25.772 -643.904 15.000
T_5 -19.613 -90.974 15.000
A_6 0.000 185.740 10.000
T_7 -11.867 -90.974 6.000
A_8 0.000 185.740 3.000
L_9 0.000 679.918 6.000
P_10 0.000 -195.996 3.000
T_11 -11.867 -90.974 6.000
G_12 0.000 -27.649 9.000
T_13 -17.811 -90.974 12.000
S_14 -15.425 -90.060 9.000
K_15 -15.425 -818.649 9.000
C_16 0.000 322.480 6.000
P_17 0.000 -195.996 6.000
P_18 0.000 -195.996 7.000
S_19 -17.811 -90.060 12.000
Q_20 -23.258 -643.904 12.000
R_21 -28.412 -1015.709 12.000
V_22 0.000 613.196 9.000
P_23 0.000 -195.996 5.000
A_24 0.000 185.740 3.000
L_25 0.000 679.918 3.000
T_26 -11.867 -90.974 6.000
G_27 0.000 -27.649 9.000
T_28 -15.425 -90.974 9.000
T_29 -15.425 -90.974 9.000
A_30 0.000 185.740 13.000
S_31 -19.059 -90.060 14.000
N_32 -25.772 -507.047 15.000
N_33 -25.772 -507.047 15.000
D_34 -23.258 -475.402 12.000
L_35 0.000 679.918 11.000
A_36 0.000 185.740 7.000
S_37 -4.441 -90.060 3.000
L_38 0.000 679.918 7.000
F_39 0.000 560.542 7.000
E_40 -7.878 -605.239 4.000
C_41 0.000 322.480 4.000
P_42 0.000 -195.996 4.000
V_43 0.000 613.196 0.000
C_44 0.000 322.480 4.000
F_45 0.000 560.542 6.000
D_46 -14.591 -475.402 6.000
Y_47 -8.431 -274.939 6.000
V_48 0.000 613.196 6.000
L_49 0.000 679.918 2.000
P_50 0.000 -195.996 0.000
P_51 0.000 -195.996 0.000
I_52 0.000 777.529 4.000
L_53 0.000 679.918 4.000
Q_54 -18.409 -643.904 8.000
C_55 0.000 322.480 11.000
Q_56 -22.253 -643.904 11.000
S_57 -15.425 -90.060 9.000
G_58 0.000 -27.649 9.000
H_59 -7.426 -583.484 5.000
L_60 0.000 679.918 2.000
V_61 0.000 613.196 5.000
C_62 0.000 322.480 7.000
S_63 -13.255 -90.060 7.000
N_64 -23.258 -507.047 12.000
C_65 0.000 322.480 12.000
R_66 -28.412 -1015.709 12.000
P_67 0.000 -195.996 8.000
K_68 -17.098 -818.649 11.000
L_69 0.000 679.918 6.000
T_70 -11.867 -90.974 6.000
C_71 0.000 322.480 3.000
C_72 0.000 322.480 6.000
P_73 0.000 -195.996 3.000
T_74 -14.420 -90.974 8.000
C_75 0.000 322.480 8.000
R_76 -21.845 -1015.709 8.000
G_77 0.000 -27.649 5.000
P_78 0.000 -195.996 5.000
L_79 0.000 679.918 3.000
G_80 0.000 -27.649 3.000
S_81 -14.420 -90.060 8.000
I_82 0.000 777.529 12.000
R_83 -28.412 -1015.709 12.000
N_84 -19.866 -507.047 9.000
L_85 0.000 679.918 9.000
A_86 0.000 185.740 8.000
M_87 0.000 401.769 7.000
E_88 -16.691 -605.239 7.000
K_89 -13.255 -818.649 7.000
V_90 0.000 613.196 11.000
A_91 0.000 185.740 10.000
N_92 -16.691 -507.047 7.000
S_93 -13.255 -90.060 7.000
V_94 0.000 613.196 7.000
L_95 0.000 679.918 3.000
F_96 0.000 560.542 0.000
P_97 0.000 -195.996 3.000
C_98 0.000 322.480 5.000
K_99 -10.149 -818.649 5.000
Y_100 -9.978 -274.939 8.000
A_101 0.000 185.740 11.000
S_102 -14.420 -90.060 8.000
S_103 -11.867 -90.060 6.000
G_104 0.000 -27.649 10.000
C_105 0.000 322.480 7.000
E_106 -16.691 -605.239 7.000
I_107 0.000 777.529 7.000
T_108 -13.255 -90.974 7.000
L_109 0.000 679.918 5.000
P_110 0.000 -195.996 8.000
H_111 -10.601 -583.484 9.000
T_112 -17.811 -90.974 12.000
E_113 -23.258 -605.239 12.000
K_114 -19.059 -818.649 14.000
A_115 0.000 185.740 13.000
D_116 -24.169 -475.402 13.000
H_117 -12.900 -583.484 14.000
E_118 -25.003 -605.239 14.000
E_119 -21.132 -605.239 10.000
L_120 0.000 679.918 12.000
C_121 0.000 322.480 8.000
E_122 -19.866 -605.239 9.000
F_123 0.000 560.542 9.000
R_124 -27.076 -1015.709 11.000
P_125 0.000 -195.996 10.000
Y_126 -11.154 -274.939 10.000
S_127 -10.149 -90.060 5.000
C_128 0.000 322.480 5.000
P_129 0.000 -195.996 3.000
C_130 0.000 322.480 0.000
P_131 0.000 -195.996 0.000
G_132 0.000 -27.649 3.000
A_133 0.000 185.740 3.000
S_134 -11.867 -90.060 6.000
C_135 0.000 322.480 7.000
K_136 -17.098 -818.649 11.000
W_137 -5.155 -203.500 8.000
Q_138 -22.253 -643.904 11.000
G_139 0.000 -27.649 8.000
S_140 -17.098 -90.060 11.000
L_141 0.000 679.918 7.000
D_142 -16.691 -475.402 7.000
A_143 0.000 185.740 4.000
V_144 0.000 613.196 4.000
M_145 0.000 401.769 2.000
P_146 0.000 -195.996 2.000
H_147 -1.718 -583.484 2.000
L_148 0.000 679.918 4.000
M_149 0.000 401.769 8.000
H_150 -9.978 -583.484 8.000
Q_151 -22.253 -643.904 11.000
H_152 -12.900 -583.484 14.000
K_153 -17.811 -818.649 12.000
S_154 -17.098 -90.060 11.000
I_155 0.000 777.529 12.000
T_156 -15.425 -90.974 9.000
T_157 -16.309 -90.974 10.000
L_158 0.000 679.918 10.000
Q_159 -22.253 -643.904 11.000
G_160 0.000 -27.649 12.000
E_161 -23.258 -605.239 12.000
D_162 -18.409 -475.402 8.000
I_163 0.000 777.529 8.000
V_164 0.000 613.196 4.000
F_165 0.000 560.542 0.000
L_166 0.000 679.918 3.000
A_167 0.000 185.740 7.000
T_168 -13.255 -90.974 7.000
D_169 -22.253 -475.402 11.000
I_170 0.000 777.529 11.000
N_171 -18.409 -507.047 8.000
L_172 0.000 679.918 4.000
P_173 0.000 -195.996 4.000
G_174 0.000 -27.649 0.000
A_175 0.000 185.740 4.000
V_176 0.000 613.196 5.000
D_177 -11.867 -475.402 5.000
W_178 -3.990 -203.500 5.000
V_179 0.000 613.196 5.000
M_180 0.000 401.769 5.000
M_181 0.000 401.769 7.000
Q_182 -16.691 -643.904 7.000
S_183 -13.255 -90.060 7.000
C_184 0.000 322.480 7.000
F_185 0.000 560.542 3.000
G_186 0.000 -27.649 2.000
F_187 0.000 560.542 2.000
H_188 -1.718 -583.484 2.000
F_189 0.000 560.542 2.000
M_190 0.000 401.769 2.000
L_191 0.000 679.918 0.000
V_192 0.000 613.196 4.000
L_193 0.000 679.918 7.000
E_194 -22.253 -605.239 11.000
K_195 -19.613 -818.649 15.000
Q_196 -27.773 -643.904 18.000
E_197 -26.485 -605.239 16.000
K_198 -20.609 -818.649 17.000
Y_199 -12.518 -274.939 13.000
D_200 -22.253 -475.402 11.000
G_201 0.000 -27.649 12.000
H_202 -12.900 -583.484 14.000
Q_203 -21.132 -643.904 10.000
Q_204 -21.132 -643.904 10.000
F_205 0.000 560.542 8.000
F_206 0.000 560.542 4.000
A_207 0.000 185.740 0.000
I_208 0.000 777.529 4.000
V_209 0.000 613.196 4.000
Q_210 -7.878 -643.904 4.000
L_211 0.000 679.918 4.000
I_212 0.000 777.529 7.000
G_213 0.000 -27.649 8.000
T_214 -17.098 -90.974 11.000
R_215 -31.716 -1015.709 15.000
K_216 -19.613 -818.649 15.000
Q_217 -26.485 -643.904 16.000
A_218 0.000 185.740 15.000
E_219 -23.258 -605.239 12.000
N_220 -18.409 -507.047 8.000
F_221 0.000 560.542 10.000
A_222 0.000 185.740 11.000
Y_223 -9.265 -274.939 7.000
R_224 -27.076 -1015.709 11.000
L_225 0.000 679.918 11.000
E_226 -24.169 -605.239 13.000
L_227 0.000 679.918 8.000
N_228 -21.132 -507.047 10.000
G_229 0.000 -27.649 11.000
H_230 -13.586 -583.484 16.000
R_231 -33.508 -1015.709 17.000
R_232 -33.508 -1015.709 17.000
R_233 -34.315 -1015.709 18.000
L_234 0.000 679.918 14.000
T_235 -18.462 -90.974 13.000
W_236 -5.155 -203.500 8.000
E_237 -22.253 -605.239 11.000
A_238 0.000 185.740 8.000
T_239 -17.811 -90.974 12.000
P_240 0.000 -195.996 11.000
R_241 -27.076 -1015.709 11.000
S_242 -16.309 -90.060 10.000
I_243 0.000 777.529 14.000
H_244 -10.601 -583.484 9.000
E_245 -14.591 -605.239 6.000
G_246 0.000 -27.649 6.000
I_247 0.000 777.529 7.000
A_248 0.000 185.740 3.000
T_249 -4.441 -90.974 3.000
A_250 0.000 185.740 3.000
I_251 0.000 777.529 7.000
M_252 0.000 401.769 7.000
N_253 -22.253 -507.047 11.000
S_254 -17.098 -90.060 11.000
D_255 -22.253 -475.402 11.000
C_256 0.000 322.480 7.000
L_257 0.000 679.918 4.000
V_258 0.000 613.196 4.000
F_259 0.000 560.542 7.000
D_260 -21.132 -475.402 10.000
T_261 -16.309 -90.974 10.000
S_262 -16.309 -90.060 10.000
I_263 0.000 777.529 10.000
A_264 0.000 185.740 7.000
Q_265 -7.878 -643.904 4.000
L_266 0.000 679.918 4.000
F_267 0.000 560.542 8.000
A_268 0.000 185.740 8.000
E_269 -18.409 -605.239 8.000
N_270 -23.258 -507.047 12.000
G_271 0.000 -27.649 12.000
N_272 -18.409 -507.047 8.000
L_273 0.000 679.918 4.000
G_274 0.000 -27.649 8.000
I_275 0.000 777.529 4.000
N_276 -16.691 -507.047 7.000
V_277 0.000 613.196 7.000
T_278 -16.309 -90.974 10.000
I_279 0.000 777.529 6.000
S_280 -11.867 -90.060 6.000
M_281 0.000 401.769 3.000
C_282 0.000 322.480 3.000
