M_1 0.000 401.769 5.000
D_2 -11.867 -475.402 5.000
W_3 -5.155 -203.500 8.000
G_4 0.000 -27.649 12.000
T_5 -14.420 -90.974 8.000
E_6 -18.409 -605.239 8.000
L_7 0.000 679.918 12.000
W_8 -6.358 -203.500 13.000
D_9 -19.866 -475.402 9.000
Q_10 -24.169 -643.904 13.000
F_11 0.000 560.542 12.000
E_12 -18.409 -605.239 8.000
V_13 0.000 613.196 8.000
L_14 0.000 679.918 13.000
E_15 -22.253 -605.239 11.000
R_16 -30.711 -1015.709 14.000
H_17 -14.188 -583.484 18.000
T_18 -19.613 -90.974 15.000
Q_19 -21.132 -643.904 10.000
W_20 -5.155 -203.500 8.000
G_21 0.000 -27.649 9.000
L_22 0.000 679.918 5.000
D_23 -7.878 -475.402 4.000
L_24 0.000 679.918 8.000
L_25 0.000 679.918 13.000
D_26 -22.253 -475.402 11.000
R_27 -27.076 -1015.709 11.000
Y_28 -12.900 -274.939 14.000
V_29 0.000 613.196 10.000
K_30 -10.149 -818.649 5.000
F_31 0.000 560.542 6.000
V_32 0.000 613.196 10.000
K_33 -17.811 -818.649 12.000
E_34 -25.772 -605.239 15.000
R_35 -35.072 -1015.709 19.000
T_36 -20.127 -90.974 16.000
E_37 -26.485 -605.239 16.000
V_38 0.000 613.196 15.000
E_39 -23.258 -605.239 12.000
Q_40 -21.132 -643.904 10.000
A_41 0.000 185.740 10.000
Y_42 -10.601 -274.939 9.000
A_43 0.000 185.740 9.000
K_44 -15.425 -818.649 9.000
Q_45 -23.258 -643.904 12.000
L_46 0.000 679.918 15.000
R_47 -28.412 -1015.709 12.000
S_48 -14.420 -90.060 8.000
L_49 0.000 679.918 11.000
V_50 0.000 613.196 9.000
K_51 -14.420 -818.649 8.000
K_52 -14.420 -818.649 8.000
Y_53 -9.978 -274.939 8.000
L_54 0.000 679.918 8.000
P_55 0.000 -195.996 10.000
K_56 -14.420 -818.649 8.000
R_57 -21.845 -1015.709 8.000
P_58 0.000 -195.996 11.000
A_59 0.000 185.740 12.000
K_60 -17.098 -818.649 11.000
D_61 -22.253 -475.402 11.000
D_62 -25.772 -475.402 15.000
P_63 0.000 -195.996 15.000
E_64 -25.003 -605.239 14.000
S_65 -16.309 -90.060 10.000
K_66 -18.462 -818.649 13.000
F_67 0.000 560.542 13.000
S_68 -19.059 -90.060 14.000
Q_69 -25.772 -643.904 15.000
Q_70 -27.773 -643.904 18.000
Q_71 -25.772 -643.904 15.000
S_72 -17.098 -90.060 11.000
F_73 0.000 560.542 11.000
V_74 0.000 613.196 7.000
Q_75 -7.878 -643.904 4.000
I_76 0.000 777.529 8.000
L_77 0.000 679.918 12.000
Q_78 -18.409 -643.904 8.000
E_79 -23.258 -605.239 12.000
V_80 0.000 613.196 16.000
N_81 -23.258 -507.047 12.000
D_82 -18.409 -475.402 8.000
F_83 0.000 560.542 8.000
A_84 0.000 185.740 8.000
G_85 0.000 -27.649 9.000
Q_86 -24.169 -643.904 13.000
R_87 -29.616 -1015.709 13.000
E_88 -24.169 -605.239 13.000
L_89 0.000 679.918 9.000
V_90 0.000 613.196 8.000
A_91 0.000 185.740 8.000
E_92 -18.409 -605.239 8.000
N_93 -22.253 -507.047 11.000
L_94 0.000 679.918 11.000
S_95 -17.811 -90.060 12.000
V_96 0.000 613.196 8.000
R_97 -21.845 -1015.709 8.000
V_98 0.000 613.196 5.000
C_99 0.000 322.480 9.000
L_100 0.000 679.918 4.000
E_101 -16.691 -605.239 7.000
L_102 0.000 679.918 10.000
T_103 -17.811 -90.974 12.000
K_104 -17.098 -818.649 11.000
Y_105 -13.255 -274.939 15.000
S_106 -20.127 -90.060 16.000
Q_107 -24.169 -643.904 13.000
E_108 -25.003 -605.239 14.000
M_109 0.000 401.769 15.000
K_110 -19.613 -818.649 15.000
Q_111 -26.485 -643.904 16.000
E_112 -28.359 -605.239 19.000
R_113 -32.645 -1015.709 16.000
K_114 -19.059 -818.649 14.000
M_115 0.000 401.769 10.000
H_116 -10.601 -583.484 9.000
F_117 0.000 560.542 10.000
Q_118 -21.132 -643.904 10.000
E_119 -24.169 -605.239 13.000
G_120 0.000 -27.649 18.000
R_121 -30.711 -1015.709 14.000
R_122 -30.711 -1015.709 14.000
A_123 0.000 185.740 18.000
Q_124 -27.150 -643.904 17.000
Q_125 -23.258 -643.904 12.000
Q_126 -26.485 -643.904 16.000
L_127 0.000 679.918 16.000
E_128 -23.258 -605.239 12.000
N_129 -18.409 -507.047 8.000
G_130 0.000 -27.649 11.000
F_131 0.000 560.542 11.000
K_132 -13.255 -818.649 7.000
Q_133 -22.253 -643.904 11.000
L_134 0.000 679.918 15.000
E_135 -25.772 -605.239 15.000
N_136 -25.003 -507.047 14.000
S_137 -21.486 -90.060 19.000
K_138 -21.060 -818.649 18.000
R_139 -30.711 -1015.709 14.000
K_140 -19.613 -818.649 15.000
F_141 0.000 560.542 17.000
E_142 -26.485 -605.239 16.000
R_143 -29.616 -1015.709 13.000
D_144 -27.773 -475.402 18.000
C_145 0.000 322.480 18.000
R_146 -29.616 -1015.709 13.000
E_147 -24.169 -605.239 13.000
A_148 0.000 185.740 16.000
E_149 -22.253 -605.239 11.000
K_150 -13.255 -818.649 7.000
A_151 0.000 185.740 11.000
A_152 0.000 185.740 10.000
Q_153 -16.691 -643.904 7.000
T_154 -17.098 -90.974 11.000
A_155 0.000 185.740 16.000
E_156 -23.258 -605.239 12.000
R_157 -29.616 -1015.709 13.000
L_158 0.000 679.918 17.000
D_159 -27.150 -475.402 17.000
Q_160 -23.258 -643.904 12.000
D_161 -26.485 -475.402 16.000
I_162 0.000 777.529 12.000
N_163 -22.253 -507.047 11.000
A_164 0.000 185.740 10.000
T_165 -16.309 -90.974 10.000
K_166 -16.309 -818.649 10.000
A_167 0.000 185.740 10.000
D_168 -22.253 -475.402 11.000
V_169 0.000 613.196 11.000
E_170 -22.253 -605.239 11.000
K_171 -16.309 -818.649 10.000
A_172 0.000 185.740 14.000
K_173 -19.059 -818.649 14.000
Q_174 -22.253 -643.904 11.000
Q_175 -24.169 -643.904 13.000
A_176 0.000 185.740 10.000
H_177 -11.652 -583.484 11.000
L_178 0.000 679.918 10.000
R_179 -28.412 -1015.709 12.000
S_180 -16.309 -90.060 10.000
H_181 -11.154 -583.484 10.000
M_182 0.000 401.769 9.000
A_183 0.000 185.740 10.000
E_184 -22.253 -605.239 11.000
E_185 -25.003 -605.239 14.000
S_186 -21.060 -90.060 18.000
K_187 -21.060 -818.649 18.000
N_188 -26.485 -507.047 16.000
E_189 -24.169 -605.239 13.000
Y_190 -11.154 -274.939 10.000
A_191 0.000 185.740 10.000
A_192 0.000 185.740 6.000
Q_193 -18.409 -643.904 8.000
L_194 0.000 679.918 13.000
Q_195 -24.169 -643.904 13.000
R_196 -29.616 -1015.709 13.000
F_197 0.000 560.542 18.000
N_198 -27.773 -507.047 18.000
R_199 -33.508 -1015.709 17.000
D_200 -27.150 -475.402 17.000
Q_201 -25.772 -643.904 15.000
A_202 0.000 185.740 10.000
H_203 -9.978 -583.484 8.000
F_204 0.000 560.542 4.000
Y_205 -9.265 -274.939 7.000
F_206 0.000 560.542 9.000
S_207 -15.425 -90.060 9.000
Q_208 -16.691 -643.904 7.000
M_209 0.000 401.769 11.000
P_210 0.000 -195.996 8.000
Q_211 -7.878 -643.904 4.000
I_212 0.000 777.529 8.000
F_213 0.000 560.542 11.000
D_214 -16.691 -475.402 7.000
K_215 -17.098 -818.649 11.000
L_216 0.000 679.918 15.000
Q_217 -22.253 -643.904 11.000
D_218 -23.258 -475.402 12.000
M_219 0.000 401.769 16.000
D_220 -27.150 -475.402 17.000
E_221 -27.773 -605.239 18.000
R_222 -34.315 -1015.709 18.000
R_223 -33.508 -1015.709 17.000
A_224 0.000 185.740 18.000
T_225 -18.462 -90.974 13.000
R_226 -21.845 -1015.709 8.000
L_227 0.000 679.918 8.000
G_228 0.000 -27.649 5.000
A_229 0.000 185.740 2.000
G_230 0.000 -27.649 2.000
Y_231 -1.718 -274.939 2.000
G_232 0.000 -27.649 2.000
L_233 0.000 679.918 5.000
L_234 0.000 679.918 7.000
S_235 -13.255 -90.060 7.000
E_236 -22.253 -605.239 11.000
A_237 0.000 185.740 11.000
E_238 -23.258 -605.239 12.000
L_239 0.000 679.918 8.000
E_240 -18.409 -605.239 8.000
V_241 0.000 613.196 4.000
V_242 0.000 613.196 4.000
P_243 0.000 -195.996 0.000
I_244 0.000 777.529 0.000
I_245 0.000 777.529 3.000
A_246 0.000 185.740 3.000
K_247 -4.441 -818.649 3.000
C_248 0.000 322.480 7.000
L_249 0.000 679.918 7.000
E_250 -7.878 -605.239 4.000
G_251 0.000 -27.649 7.000
M_252 0.000 401.769 7.000
K_253 -4.441 -818.649 3.000
V_254 0.000 613.196 3.000
A_255 0.000 185.740 7.000
A_256 0.000 185.740 4.000
N_257 -7.878 -507.047 4.000
A_258 0.000 185.740 8.000
V_259 0.000 613.196 8.000
D_260 -16.691 -475.402 7.000
P_261 0.000 -195.996 11.000
K_262 -19.613 -818.649 15.000
N_263 -25.003 -507.047 14.000
D_264 -26.485 -475.402 16.000
S_265 -18.462 -90.060 13.000
H_266 -10.601 -583.484 9.000
V_267 0.000 613.196 5.000
L_268 0.000 679.918 6.000
I_269 0.000 777.529 4.000
E_270 -14.591 -605.239 6.000
L_271 0.000 679.918 9.000
H_272 -12.104 -583.484 12.000
K_273 -14.420 -818.649 8.000
S_274 -14.420 -90.060 8.000
G_275 0.000 -27.649 6.000
F_276 0.000 560.542 8.000
A_277 0.000 185.740 5.000
R_278 -11.867 -1015.709 5.000
P_279 0.000 -195.996 9.000
G_280 0.000 -27.649 9.000
D_281 -18.409 -475.402 8.000
V_282 0.000 613.196 8.000
E_283 -23.258 -605.239 12.000
F_284 0.000 560.542 12.000
E_285 -23.258 -605.239 12.000
D_286 -22.253 -475.402 11.000
F_287 0.000 560.542 15.000
S_288 -17.098 -90.060 11.000
Q_289 -16.691 -643.904 7.000
P_290 0.000 -195.996 11.000
M_291 0.000 401.769 13.000
N_292 -19.866 -507.047 9.000
R_293 -23.856 -1015.709 9.000
A_294 0.000 185.740 12.000
P_295 0.000 -195.996 12.000
S_296 -16.309 -90.060 10.000
D_297 -24.169 -475.402 13.000
S_298 -18.462 -90.060 13.000
S_299 -16.309 -90.060 10.000
L_300 0.000 679.918 9.000
G_301 0.000 -27.649 6.000
T_302 -11.867 -90.974 6.000
P_303 0.000 -195.996 10.000
S_304 -16.309 -90.060 10.000
D_305 -23.258 -475.402 12.000
G_306 0.000 -27.649 12.000
R_307 -29.616 -1015.709 13.000
P_308 0.000 -195.996 9.000
E_309 -25.003 -605.239 14.000
L_310 0.000 679.918 9.000
R_311 -23.856 -1015.709 9.000
G_312 0.000 -27.649 5.000
P_313 0.000 -195.996 10.000
G_314 0.000 -27.649 8.000
R_315 -29.616 -1015.709 13.000
S_316 -20.127 -90.060 16.000
R_317 -35.072 -1015.709 19.000
T_318 -21.486 -90.974 19.000
K_319 -20.609 -818.649 17.000
R_320 -28.412 -1015.709 12.000
W_321 -5.447 -203.500 9.000
P_322 0.000 -195.996 6.000
F_323 0.000 560.542 4.000
G_324 0.000 -27.649 6.000
K_325 -16.309 -818.649 10.000
K_326 -18.462 -818.649 13.000
N_327 -24.169 -507.047 13.000
K_328 -19.613 -818.649 15.000
P_329 0.000 -195.996 12.000
R_330 -21.845 -1015.709 8.000
P_331 0.000 -195.996 5.000
P_332 0.000 -195.996 5.000
P_333 0.000 -195.996 3.000
L_334 0.000 679.918 3.000
S_335 -4.441 -90.060 3.000
P_336 0.000 -195.996 3.000
L_337 0.000 679.918 3.000
G_338 0.000 -27.649 0.000
G_339 0.000 -27.649 0.000
P_340 0.000 -195.996 0.000
V_341 0.000 613.196 3.000
P_342 0.000 -195.996 3.000
S_343 -4.441 -90.060 3.000
A_344 0.000 185.740 3.000
L_345 0.000 679.918 7.000
P_346 0.000 -195.996 4.000
N_347 -7.878 -507.047 4.000
G_348 0.000 -27.649 4.000
P_349 0.000 -195.996 7.000
P_350 0.000 -195.996 3.000
S_351 -14.420 -90.060 8.000
P_352 0.000 -195.996 11.000
R_353 -27.076 -1015.709 11.000
S_354 -18.462 -90.060 13.000
G_355 0.000 -27.649 17.000
R_356 -28.412 -1015.709 12.000
D_357 -19.866 -475.402 9.000
P_358 0.000 -195.996 9.000
L_359 0.000 679.918 4.000
A_360 0.000 185.740 0.000
I_361 0.000 777.529 3.000
L_362 0.000 679.918 7.000
S_363 -13.255 -90.060 7.000
E_364 -21.132 -605.239 10.000
I_365 0.000 777.529 13.000
S_366 -18.462 -90.060 13.000
K_367 -15.425 -818.649 9.000
S_368 -17.811 -90.060 12.000
V_369 0.000 613.196 9.000
K_370 -17.098 -818.649 11.000
P_371 0.000 -195.996 8.000
R_372 -21.845 -1015.709 8.000
L_373 0.000 679.918 8.000
A_374 0.000 185.740 8.000
S_375 -14.420 -90.060 8.000
F_376 0.000 560.542 11.000
R_377 -27.076 -1015.709 11.000
S_378 -18.462 -90.060 13.000
L_379 0.000 679.918 13.000
R_380 -27.076 -1015.709 11.000
G_381 0.000 -27.649 13.000
S_382 -18.462 -90.060 13.000
R_383 -27.076 -1015.709 11.000
G_384 0.000 -27.649 11.000
T_385 -14.420 -90.974 8.000
V_386 0.000 613.196 6.000
V_387 0.000 613.196 10.000
T_388 -17.098 -90.974 11.000
E_389 -22.253 -605.239 11.000
D_390 -25.003 -475.402 14.000
F_391 0.000 560.542 13.000
S_392 -15.425 -90.060 9.000
H_393 -7.426 -583.484 5.000
L_394 0.000 679.918 5.000
P_395 0.000 -195.996 6.000
P_396 0.000 -195.996 8.000
E_397 -23.258 -605.239 12.000
Q_398 -27.150 -643.904 17.000
Q_399 -28.912 -643.904 20.000
R_400 -36.459 -1015.709 21.000
K_401 -20.609 -818.649 17.000
R_402 -33.508 -1015.709 17.000
L_403 0.000 679.918 16.000
Q_404 -27.150 -643.904 17.000
Q_405 -23.258 -643.904 12.000
Q_406 -26.485 -643.904 16.000
L_407 0.000 679.918 16.000
E_408 -27.150 -605.239 17.000
E_409 -26.485 -605.239 16.000
R_410 -36.459 -1015.709 21.000
S_411 -22.271 -90.060 21.000
R_412 -33.508 -1015.709 17.000
E_413 -26.485 -605.239 16.000
L_414 0.000 679.918 16.000
Q_415 -25.772 -643.904 15.000
K_416 -17.098 -818.649 11.000
E_417 -25.772 -605.239 15.000
V_418 0.000 613.196 15.000
D_419 -27.150 -475.402 17.000
Q_420 -27.150 -643.904 17.000
R_421 -33.508 -1015.709 17.000
E_422 -24.169 -605.239 13.000
A_423 0.000 185.740 12.000
L_424 0.000 679.918 10.000
K_425 -11.867 -818.649 6.000
K_426 -15.425 -818.649 9.000
M_427 0.000 401.769 13.000
K_428 -16.309 -818.649 10.000
D_429 -19.866 -475.402 9.000
V_430 0.000 613.196 13.000
Y_431 -12.518 -274.939 13.000
E_432 -23.258 -605.239 12.000
K_433 -17.811 -818.649 12.000
T_434 -19.059 -90.974 14.000
P_435 0.000 -195.996 10.000
Q_436 -16.691 -643.904 7.000
M_437 0.000 401.769 8.000
G_438 0.000 -27.649 8.000
D_439 -7.878 -475.402 4.000
P_440 0.000 -195.996 7.000
A_441 0.000 185.740 7.000
S_442 -13.255 -90.060 7.000
L_443 0.000 679.918 7.000
E_444 -22.253 -605.239 11.000
P_445 0.000 -195.996 8.000
Q_446 -18.409 -643.904 8.000
I_447 0.000 777.529 8.000
A_448 0.000 185.740 11.000
E_449 -16.691 -605.239 7.000
T_450 -16.309 -90.974 10.000
L_451 0.000 679.918 14.000
S_452 -16.309 -90.060 10.000
N_453 -22.253 -507.047 11.000
I_454 0.000 777.529 16.000
E_455 -24.169 -605.239 13.000
R_456 -28.412 -1015.709 12.000
L_457 0.000 679.918 12.000
K_458 -17.811 -818.649 12.000
L_459 0.000 679.918 7.000
E_460 -22.253 -605.239 11.000
V_461 0.000 613.196 11.000
Q_462 -24.169 -643.904 13.000
K_463 -18.462 -818.649 13.000
Y_464 -12.518 -274.939 13.000
E_465 -21.132 -605.239 10.000
A_466 0.000 185.740 7.000
W_467 -3.990 -203.500 5.000
L_468 0.000 679.918 5.000
A_469 0.000 185.740 5.000
E_470 -18.409 -605.239 8.000
A_471 0.000 185.740 11.000
E_472 -26.485 -605.239 16.000
S_473 -17.811 -90.060 12.000
R_474 -28.412 -1015.709 12.000
V_475 0.000 613.196 11.000
L_476 0.000 679.918 12.000
S_477 -17.811 -90.060 12.000
N_478 -23.258 -507.047 12.000
R_479 -32.645 -1015.709 16.000
G_480 0.000 -27.649 16.000
D_481 -23.258 -475.402 12.000
S_482 -16.309 -90.060 10.000
L_483 0.000 679.918 15.000
S_484 -18.462 -90.060 13.000
R_485 -25.574 -1015.709 10.000
H_486 -13.255 -583.484 15.000
A_487 0.000 185.740 12.000
R_488 -19.414 -1015.709 7.000
P_489 0.000 -195.996 9.000
P_490 0.000 -195.996 9.000
D_491 -7.878 -475.402 4.000
P_492 0.000 -195.996 4.000
P_493 0.000 -195.996 7.000
A_494 0.000 185.740 3.000
S_495 -4.441 -90.060 3.000
A_496 0.000 185.740 3.000
P_497 0.000 -195.996 7.000
P_498 0.000 -195.996 7.000
D_499 -21.132 -475.402 10.000
S_500 -18.462 -90.060 13.000
S_501 -20.609 -90.060 17.000
S_502 -20.127 -90.060 16.000
N_503 -24.169 -507.047 13.000
S_504 -18.462 -90.060 13.000
A_505 0.000 185.740 14.000
S_506 -19.059 -90.060 14.000
Q_507 -25.003 -643.904 14.000
D_508 -27.150 -475.402 17.000
T_509 -21.060 -90.974 18.000
K_510 -20.609 -818.649 17.000
E_511 -26.485 -605.239 16.000
S_512 -20.609 -90.060 17.000
S_513 -21.060 -90.060 18.000
E_514 -25.003 -605.239 14.000
E_515 -22.253 -605.239 11.000
P_516 0.000 -195.996 11.000
P_517 0.000 -195.996 11.000
S_518 -17.098 -90.060 11.000
E_519 -25.003 -605.239 14.000
E_520 -27.773 -605.239 18.000
S_521 -21.486 -90.060 19.000
Q_522 -27.773 -643.904 18.000
D_523 -25.003 -475.402 14.000
T_524 -17.098 -90.974 11.000
P_525 0.000 -195.996 9.000
I_526 0.000 777.529 8.000
Y_527 -10.601 -274.939 9.000
T_528 -15.425 -90.974 9.000
E_529 -24.169 -605.239 13.000
F_530 0.000 560.542 15.000
D_531 -26.485 -475.402 16.000
E_532 -23.258 -605.239 12.000
D_533 -26.485 -475.402 16.000
F_534 0.000 560.542 16.000
E_535 -26.485 -605.239 16.000
E_536 -23.258 -605.239 12.000
E_537 -25.772 -605.239 15.000
P_538 0.000 -195.996 14.000
T_539 -16.309 -90.974 10.000
S_540 -11.867 -90.060 6.000
P_541 0.000 -195.996 6.000
I_542 0.000 777.529 5.000
G_543 0.000 -27.649 2.000
H_544 -1.718 -583.484 2.000
C_545 0.000 322.480 2.000
V_546 0.000 613.196 2.000
A_547 0.000 185.740 2.000
I_548 0.000 777.529 4.000
Y_549 -6.160 -274.939 4.000
H_550 -9.978 -583.484 8.000
F_551 0.000 560.542 8.000
E_552 -19.866 -605.239 9.000
G_553 0.000 -27.649 10.000
S_554 -19.059 -90.060 14.000
S_555 -16.309 -90.060 10.000
E_556 -24.169 -605.239 13.000
G_557 0.000 -27.649 10.000
T_558 -16.309 -90.974 10.000
I_559 0.000 777.529 6.000
S_560 -11.867 -90.060 6.000
M_561 0.000 401.769 7.000
A_562 0.000 185.740 7.000
E_563 -18.409 -605.239 8.000
G_564 0.000 -27.649 12.000
E_565 -23.258 -605.239 12.000
D_566 -22.253 -475.402 11.000
L_567 0.000 679.918 11.000
S_568 -13.255 -90.060 7.000
L_569 0.000 679.918 7.000
M_570 0.000 401.769 11.000
E_571 -23.258 -605.239 12.000
E_572 -25.772 -605.239 15.000
D_573 -25.772 -475.402 15.000
K_574 -19.613 -818.649 15.000
G_575 0.000 -27.649 11.000
D_576 -18.409 -475.402 8.000
G_577 0.000 -27.649 8.000
W_578 -6.358 -203.500 13.000
T_579 -15.425 -90.974 9.000
R_580 -30.711 -1015.709 14.000
V_581 0.000 613.196 18.000
R_582 -34.315 -1015.709 18.000
R_583 -33.508 -1015.709 17.000
K_584 -20.609 -818.649 17.000
E_585 -23.258 -605.239 12.000
G_586 0.000 -27.649 11.000
G_587 0.000 -27.649 8.000
E_588 -14.591 -605.239 6.000
G_589 0.000 -27.649 6.000
Y_590 -8.431 -274.939 6.000
V_591 0.000 613.196 5.000
P_592 0.000 -195.996 8.000
T_593 -14.420 -90.974 8.000
S_594 -14.420 -90.060 8.000
Y_595 -12.518 -274.939 13.000
L_596 0.000 679.918 10.000
R_597 -25.574 -1015.709 10.000
V_598 0.000 613.196 8.000
T_599 -17.811 -90.974 12.000
L_600 0.000 679.918 7.000
N_601 -16.691 -507.047 7.000
