M_1 0.000 401.769 0.000
A_2 0.000 185.740 0.000
A_3 0.000 185.740 0.000
L_4 0.000 679.918 3.000
A_5 0.000 185.740 6.000
S_6 -11.867 -90.060 6.000
S_7 -11.867 -90.060 6.000
L_8 0.000 679.918 11.000
I_9 0.000 777.529 12.000
R_10 -28.412 -1015.709 12.000
Q_11 -27.150 -643.904 17.000
K_12 -22.271 -818.649 21.000
R_13 -32.645 -1015.709 16.000
E_14 -27.150 -605.239 17.000
V_15 0.000 613.196 18.000
R_16 -29.616 -1015.709 13.000
E_17 -19.866 -605.239 9.000
P_18 0.000 -195.996 9.000
G_19 0.000 -27.649 7.000
G_20 0.000 -27.649 8.000
S_21 -14.420 -90.060 8.000
R_22 -21.845 -1015.709 8.000
P_23 0.000 -195.996 11.000
V_24 0.000 613.196 8.000
S_25 -13.255 -90.060 7.000
A_26 0.000 185.740 12.000
Q_27 -27.150 -643.904 17.000
R_28 -30.711 -1015.709 14.000
R_29 -30.711 -1015.709 14.000
V_30 0.000 613.196 10.000
C_31 0.000 322.480 10.000
P_32 0.000 -195.996 5.000
R_33 -21.845 -1015.709 8.000
G_34 0.000 -27.649 11.000
T_35 -19.059 -90.974 14.000
K_36 -15.425 -818.649 9.000
S_37 -15.425 -90.060 9.000
L_38 0.000 679.918 10.000
C_39 0.000 322.480 10.000
Q_40 -22.253 -643.904 11.000
K_41 -17.098 -818.649 11.000
Q_42 -22.253 -643.904 11.000
L_43 0.000 679.918 7.000
L_44 0.000 679.918 4.000
I_45 0.000 777.529 0.000
L_46 0.000 679.918 3.000
L_47 0.000 679.918 6.000
S_48 -11.867 -90.060 6.000
K_49 -17.098 -818.649 11.000
V_50 0.000 613.196 11.000
R_51 -21.845 -1015.709 8.000
L_52 0.000 679.918 5.000
C_53 0.000 322.480 5.000
G_54 0.000 -27.649 5.000
G_55 0.000 -27.649 5.000
R_56 -11.867 -1015.709 5.000
P_57 0.000 -195.996 10.000
A_58 0.000 185.740 10.000
R_59 -23.856 -1015.709 9.000
P_60 0.000 -195.996 14.000
D_61 -25.003 -475.402 14.000
R_62 -23.856 -1015.709 9.000
G_63 0.000 -27.649 13.000
P_64 0.000 -195.996 9.000
E_65 -18.409 -605.239 8.000
P_66 0.000 -195.996 8.000
Q_67 -22.253 -643.904 11.000
L_68 0.000 679.918 7.000
K_69 -13.255 -818.649 7.000
G_70 0.000 -27.649 3.000
I_71 0.000 777.529 6.000
V_72 0.000 613.196 6.000
T_73 -11.867 -90.974 6.000
K_74 -11.867 -818.649 6.000
L_75 0.000 679.918 6.000
F_76 0.000 560.542 8.000
C_77 0.000 322.480 9.000
R_78 -23.856 -1015.709 9.000
Q_79 -19.866 -643.904 9.000
G_80 0.000 -27.649 11.000
F_81 0.000 560.542 6.000
Y_82 -8.431 -274.939 6.000
L_83 0.000 679.918 6.000
Q_84 -21.132 -643.904 10.000
A_85 0.000 185.740 8.000
N_86 -23.258 -507.047 12.000
P_87 0.000 -195.996 8.000
D_88 -22.253 -475.402 11.000
G_89 0.000 -27.649 7.000
S_90 -17.098 -90.060 11.000
I_91 0.000 777.529 7.000
Q_92 -21.132 -643.904 10.000
G_93 0.000 -27.649 7.000
T_94 -17.098 -90.974 11.000
P_95 0.000 -195.996 11.000
E_96 -25.003 -605.239 14.000
D_97 -25.003 -475.402 14.000
T_98 -20.609 -90.974 17.000
S_99 -18.462 -90.060 13.000
S_100 -17.811 -90.060 12.000
F_101 0.000 560.542 11.000
T_102 -14.420 -90.974 8.000
H_103 -10.601 -583.484 9.000
F_104 0.000 560.542 9.000
N_105 -14.591 -507.047 6.000
L_106 0.000 679.918 4.000
I_107 0.000 777.529 4.000
P_108 0.000 -195.996 0.000
V_109 0.000 613.196 0.000
G_110 0.000 -27.649 5.000
L_111 0.000 679.918 5.000
R_112 -11.867 -1015.709 5.000
V_113 0.000 613.196 8.000
V_114 0.000 613.196 8.000
T_115 -13.255 -90.974 7.000
I_116 0.000 777.529 10.000
Q_117 -21.132 -643.904 10.000
S_118 -16.309 -90.060 10.000
A_119 0.000 185.740 10.000
K_120 -11.867 -818.649 6.000
L_121 0.000 679.918 5.000
G_122 0.000 -27.649 7.000
H_123 -6.160 -583.484 4.000
Y_124 -6.160 -274.939 4.000
M_125 0.000 401.769 4.000
A_126 0.000 185.740 6.000
M_127 0.000 401.769 4.000
N_128 -18.409 -507.047 8.000
A_129 0.000 185.740 8.000
E_130 -18.409 -605.239 8.000
G_131 0.000 -27.649 4.000
L_132 0.000 679.918 6.000
L_133 0.000 679.918 5.000
Y_134 -9.978 -274.939 8.000
S_135 -14.420 -90.060 8.000
S_136 -16.309 -90.060 10.000
P_137 0.000 -195.996 8.000
H_138 -9.978 -583.484 8.000
F_139 0.000 560.542 5.000
T_140 -15.425 -90.974 9.000
A_141 0.000 185.740 7.000
E_142 -23.258 -605.239 12.000
C_143 0.000 322.480 9.000
R_144 -28.412 -1015.709 12.000
F_145 0.000 560.542 12.000
K_146 -17.811 -818.649 12.000
E_147 -16.691 -605.239 7.000
C_148 0.000 322.480 7.000
V_149 0.000 613.196 8.000
F_150 0.000 560.542 8.000
E_151 -21.132 -605.239 10.000
N_152 -23.258 -507.047 12.000
Y_153 -12.104 -274.939 12.000
Y_154 -9.978 -274.939 8.000
V_155 0.000 613.196 6.000
L_156 0.000 679.918 4.000
Y_157 -7.426 -274.939 5.000
A_158 0.000 185.740 5.000
S_159 -10.149 -90.060 5.000
A_160 0.000 185.740 5.000
L_161 0.000 679.918 10.000
Y_162 -11.652 -274.939 11.000
R_163 -32.645 -1015.709 16.000
Q_164 -29.436 -643.904 21.000
R_165 -37.098 -1015.709 22.000
R_166 -33.508 -1015.709 17.000
S_167 -21.060 -90.060 18.000
G_168 0.000 -27.649 13.000
R_169 -23.856 -1015.709 9.000
A_170 0.000 185.740 8.000
W_171 -5.155 -203.500 8.000
Y_172 -4.441 -274.939 3.000
L_173 0.000 679.918 3.000
G_174 0.000 -27.649 6.000
L_175 0.000 679.918 7.000
D_176 -22.253 -475.402 11.000
K_177 -17.098 -818.649 11.000
E_178 -25.772 -605.239 15.000
G_179 0.000 -27.649 11.000
Q_180 -18.409 -643.904 8.000
V_181 0.000 613.196 7.000
M_182 0.000 401.769 7.000
K_183 -13.255 -818.649 7.000
G_184 0.000 -27.649 12.000
N_185 -23.258 -507.047 12.000
R_186 -28.412 -1015.709 12.000
V_187 0.000 613.196 15.000
K_188 -19.059 -818.649 14.000
K_189 -17.811 -818.649 12.000
T_190 -17.811 -90.974 12.000
K_191 -15.425 -818.649 9.000
A_192 0.000 185.740 6.000
A_193 0.000 185.740 5.000
A_194 0.000 185.740 2.000
H_195 -1.718 -583.484 2.000
F_196 0.000 560.542 2.000
L_197 0.000 679.918 5.000
P_198 0.000 -195.996 3.000
K_199 -4.441 -818.649 3.000
L_200 0.000 679.918 7.000
L_201 0.000 679.918 7.000
E_202 -7.878 -605.239 4.000
V_203 0.000 613.196 4.000
A_204 0.000 185.740 6.000
M_205 0.000 401.769 6.000
Y_206 -11.154 -274.939 10.000
Q_207 -21.132 -643.904 10.000
E_208 -24.169 -605.239 13.000
P_209 0.000 -195.996 11.000
S_210 -15.425 -90.060 9.000
L_211 0.000 679.918 8.000
H_212 -9.978 -583.484 8.000
S_213 -10.149 -90.060 5.000
V_214 0.000 613.196 9.000
P_215 0.000 -195.996 7.000
E_216 -16.691 -605.239 7.000
A_217 0.000 185.740 7.000
S_218 -16.309 -90.060 10.000
P_219 0.000 -195.996 9.000
S_220 -15.425 -90.060 9.000
S_221 -11.867 -90.060 6.000
P_222 0.000 -195.996 6.000
P_223 0.000 -195.996 3.000
A_224 0.000 185.740 0.000
P_225 0.000 -195.996 0.000
