M_1 0.000 401.769 4.000
D_2 -7.878 -475.402 4.000
A_3 0.000 185.740 8.000
A_4 0.000 185.740 8.000
E_5 -18.409 -605.239 8.000
V_6 0.000 613.196 8.000
E_7 -18.409 -605.239 8.000
F_8 0.000 560.542 4.000
L_9 0.000 679.918 8.000
A_10 0.000 185.740 7.000
E_11 -22.253 -605.239 11.000
K_12 -17.098 -818.649 11.000
E_13 -22.253 -605.239 11.000
L_14 0.000 679.918 10.000
V_15 0.000 613.196 7.000
T_16 -4.441 -90.974 3.000
I_17 0.000 777.529 3.000
I_18 0.000 777.529 7.000
P_19 0.000 -195.996 4.000
N_20 -16.691 -507.047 7.000
F_21 0.000 560.542 7.000
S_22 -17.098 -90.060 11.000
L_23 0.000 679.918 10.000
D_24 -21.132 -475.402 10.000
K_25 -15.425 -818.649 9.000
I_26 0.000 777.529 9.000
Y_27 -7.426 -274.939 5.000
L_28 0.000 679.918 2.000
I_29 0.000 777.529 2.000
G_30 0.000 -27.649 4.000
G_31 0.000 -27.649 4.000
D_32 -7.878 -475.402 4.000
L_33 0.000 679.918 4.000
G_34 0.000 -27.649 4.000
P_35 0.000 -195.996 4.000
F_36 0.000 560.542 4.000
N_37 -7.878 -507.047 4.000
P_38 0.000 -195.996 4.000
G_39 0.000 -27.649 4.000
L_40 0.000 679.918 0.000
P_41 0.000 -195.996 4.000
V_42 0.000 613.196 4.000
E_43 -7.878 -605.239 4.000
V_44 0.000 613.196 4.000
P_45 0.000 -195.996 5.000
L_46 0.000 679.918 1.000
W_47 -0.000 -203.500 1.000
L_48 0.000 679.918 1.000
A_49 0.000 185.740 5.000
I_50 0.000 777.529 4.000
N_51 -16.691 -507.047 7.000
L_52 0.000 679.918 11.000
K_53 -20.127 -818.649 16.000
Q_54 -26.485 -643.904 16.000
R_55 -35.072 -1015.709 19.000
Q_56 -26.485 -643.904 16.000
K_57 -20.609 -818.649 17.000
C_58 0.000 322.480 12.000
R_59 -21.845 -1015.709 8.000
L_60 0.000 679.918 5.000
L_61 0.000 679.918 5.000
P_62 0.000 -195.996 4.000
P_63 0.000 -195.996 5.000
E_64 -11.867 -605.239 5.000
W_65 -5.447 -203.500 9.000
M_66 0.000 401.769 9.000
D_67 -19.866 -475.402 9.000
V_68 0.000 613.196 11.000
E_69 -22.253 -605.239 11.000
K_70 -17.098 -818.649 11.000
L_71 0.000 679.918 14.000
E_72 -21.132 -605.239 10.000
K_73 -17.811 -818.649 12.000
M_74 0.000 401.769 16.000
R_75 -30.711 -1015.709 14.000
D_76 -25.772 -475.402 15.000
H_77 -14.725 -583.484 20.000
E_78 -27.773 -605.239 18.000
R_79 -34.315 -1015.709 18.000
K_80 -21.889 -818.649 20.000
E_81 -28.359 -605.239 19.000
E_82 -25.003 -605.239 14.000
T_83 -19.059 -90.974 14.000
F_84 0.000 560.542 10.000
T_85 -11.867 -90.974 6.000
P_86 0.000 -195.996 3.000
M_87 0.000 401.769 6.000
P_88 0.000 -195.996 3.000
S_89 -10.149 -90.060 5.000
P_90 0.000 -195.996 7.000
Y_91 -9.265 -274.939 7.000
Y_92 -9.978 -274.939 8.000
M_93 0.000 401.769 8.000
E_94 -19.866 -605.239 9.000
L_95 0.000 679.918 10.000
T_96 -16.309 -90.974 10.000
K_97 -11.867 -818.649 6.000
L_98 0.000 679.918 6.000
L_99 0.000 679.918 7.000
L_100 0.000 679.918 6.000
N_101 -14.591 -507.047 6.000
H_102 -10.601 -583.484 9.000
A_103 0.000 185.740 13.000
S_104 -18.462 -90.060 13.000
D_105 -22.253 -475.402 11.000
N_106 -22.253 -507.047 11.000
I_107 0.000 777.529 11.000
P_108 0.000 -195.996 7.000
K_109 -13.255 -818.649 7.000
A_110 0.000 185.740 11.000
D_111 -22.253 -475.402 11.000
E_112 -24.169 -605.239 13.000
I_113 0.000 777.529 16.000
R_114 -28.412 -1015.709 12.000
T_115 -14.420 -90.974 8.000
L_116 0.000 679.918 11.000
V_117 0.000 613.196 10.000
K_118 -13.255 -818.649 7.000
D_119 -18.409 -475.402 8.000
M_120 0.000 401.769 12.000
W_121 -6.160 -203.500 12.000
D_122 -24.169 -475.402 13.000
T_123 -18.462 -90.974 13.000
R_124 -28.412 -1015.709 12.000
I_125 0.000 777.529 11.000
A_126 0.000 185.740 8.000
K_127 -14.420 -818.649 8.000
L_128 0.000 679.918 8.000
R_129 -27.076 -1015.709 11.000
V_130 0.000 613.196 8.000
S_131 -17.811 -90.060 12.000
A_132 0.000 185.740 10.000
D_133 -21.132 -475.402 10.000
S_134 -13.255 -90.060 7.000
F_135 0.000 560.542 12.000
V_136 0.000 613.196 12.000
R_137 -29.616 -1015.709 13.000
Q_138 -27.150 -643.904 17.000
Q_139 -27.150 -643.904 17.000
E_140 -25.003 -605.239 14.000
A_141 0.000 185.740 10.000
H_142 -10.601 -583.484 9.000
A_143 0.000 185.740 5.000
K_144 -15.425 -818.649 9.000
L_145 0.000 679.918 11.000
D_146 -22.253 -475.402 11.000
N_147 -22.253 -507.047 11.000
L_148 0.000 679.918 11.000
T_149 -13.255 -90.974 7.000
L_150 0.000 679.918 7.000
M_151 0.000 401.769 7.000
E_152 -18.409 -605.239 8.000
I_153 0.000 777.529 11.000
N_154 -25.003 -507.047 14.000
T_155 -16.309 -90.974 10.000
S_156 -18.462 -90.060 13.000
G_157 0.000 -27.649 9.000
T_158 -11.867 -90.974 6.000
F_159 0.000 560.542 6.000
L_160 0.000 679.918 10.000
T_161 -13.255 -90.974 7.000
Q_162 -16.691 -643.904 7.000
A_163 0.000 185.740 11.000
L_164 0.000 679.918 10.000
N_165 -14.591 -507.047 6.000
H_166 -9.978 -583.484 8.000
M_167 0.000 401.769 11.000
Y_168 -9.265 -274.939 7.000
K_169 -16.309 -818.649 10.000
L_170 0.000 679.918 13.000
R_171 -31.716 -1015.709 15.000
T_172 -17.811 -90.974 12.000
N_173 -26.485 -507.047 16.000
L_174 0.000 679.918 11.000
Q_175 -18.409 -643.904 8.000
P_176 0.000 -195.996 8.000
L_177 0.000 679.918 11.000
E_178 -21.132 -605.239 10.000
S_179 -19.059 -90.060 14.000
T_180 -20.609 -90.974 17.000
Q_181 -27.150 -643.904 17.000
S_182 -21.060 -90.060 18.000
Q_183 -25.772 -643.904 15.000
D_184 -22.253 -475.402 11.000
F_185 0.000 560.542 8.000
