M_1 0.000 401.769 4.000
E_2 -16.691 -605.239 7.000
A_3 0.000 185.740 11.000
K_4 -19.059 -818.649 14.000
E_5 -25.003 -605.239 14.000
K_6 -20.127 -818.649 16.000
Q_7 -24.169 -643.904 13.000
H_8 -10.601 -583.484 9.000
L_9 0.000 679.918 10.000
L_10 0.000 679.918 6.000
D_11 -19.866 -475.402 9.000
A_12 0.000 185.740 9.000
R_13 -23.856 -1015.709 9.000
P_14 0.000 -195.996 5.000
A_15 0.000 185.740 10.000
I_16 0.000 777.529 8.000
R_17 -25.574 -1015.709 10.000
S_18 -18.462 -90.060 13.000
Y_19 -12.518 -274.939 13.000
T_20 -17.098 -90.974 11.000
G_21 0.000 -27.649 8.000
S_22 -13.255 -90.060 7.000
L_23 0.000 679.918 8.000
W_24 -6.160 -203.500 12.000
Q_25 -19.866 -643.904 9.000
E_26 -19.866 -605.239 9.000
G_27 0.000 -27.649 8.000
A_28 0.000 185.740 5.000
G_29 0.000 -27.649 1.000
W_30 -0.000 -203.500 1.000
I_31 0.000 777.529 1.000
P_32 0.000 -195.996 1.000
L_33 0.000 679.918 5.000
P_34 0.000 -195.996 5.000
R_35 -11.867 -1015.709 5.000
P_36 0.000 -195.996 5.000
G_37 0.000 -27.649 9.000
L_38 0.000 679.918 4.000
D_39 -18.409 -475.402 8.000
L_40 0.000 679.918 8.000
Q_41 -18.409 -643.904 8.000
A_42 0.000 185.740 8.000
I_43 0.000 777.529 8.000
E_44 -7.878 -605.239 4.000
L_45 0.000 679.918 4.000
A_46 0.000 185.740 8.000
A_47 0.000 185.740 7.000
Q_48 -22.253 -643.904 11.000
S_49 -18.462 -90.060 13.000
N_50 -25.772 -507.047 15.000
H_51 -11.652 -583.484 11.000
H_52 -11.154 -583.484 10.000
C_53 0.000 322.480 6.000
H_54 -9.978 -583.484 8.000
A_55 0.000 185.740 9.000
Q_56 -19.866 -643.904 9.000
K_57 -13.255 -818.649 7.000
G_58 0.000 -27.649 11.000
P_59 0.000 -195.996 10.000
D_60 -19.866 -475.402 9.000
S_61 -15.425 -90.060 9.000
H_62 -12.518 -583.484 13.000
C_63 0.000 322.480 9.000
D_64 -19.866 -475.402 9.000
P_65 0.000 -195.996 10.000
K_66 -16.309 -818.649 10.000
K_67 -15.425 -818.649 9.000
G_68 0.000 -27.649 9.000
K_69 -16.309 -818.649 10.000
A_70 0.000 185.740 12.000
Q_71 -26.485 -643.904 16.000
R_72 -29.616 -1015.709 13.000
Q_73 -25.772 -643.904 15.000
L_74 0.000 679.918 11.000
Y_75 -8.431 -274.939 6.000
V_76 0.000 613.196 5.000
A_77 0.000 185.740 5.000
S_78 -4.441 -90.060 3.000
A_79 0.000 185.740 3.000
I_80 0.000 777.529 3.000
C_81 0.000 322.480 0.000
L_82 0.000 679.918 0.000
L_83 0.000 679.918 0.000
F_84 0.000 560.542 0.000
M_85 0.000 401.769 0.000
I_86 0.000 777.529 4.000
G_87 0.000 -27.649 4.000
E_88 -7.878 -605.239 4.000
V_89 0.000 613.196 4.000
V_90 0.000 613.196 4.000
G_91 0.000 -27.649 2.000
G_92 0.000 -27.649 2.000
Y_93 -1.718 -274.939 2.000
L_94 0.000 679.918 4.000
A_95 0.000 185.740 7.000
H_96 -7.426 -583.484 5.000
S_97 -10.149 -90.060 5.000
L_98 0.000 679.918 5.000
A_99 0.000 185.740 3.000
V_100 0.000 613.196 3.000
M_101 0.000 401.769 7.000
T_102 -13.255 -90.974 7.000
D_103 -16.691 -475.402 7.000
A_104 0.000 185.740 9.000
A_105 0.000 185.740 6.000
H_106 -1.718 -583.484 2.000
L_107 0.000 679.918 5.000
L_108 0.000 679.918 9.000
T_109 -13.255 -90.974 7.000
D_110 -16.691 -475.402 7.000
F_111 0.000 560.542 10.000
A_112 0.000 185.740 7.000
S_113 -4.441 -90.060 3.000
M_114 0.000 401.769 3.000
L_115 0.000 679.918 6.000
I_116 0.000 777.529 3.000
S_117 -4.441 -90.060 3.000
L_118 0.000 679.918 6.000
F_119 0.000 560.542 6.000
S_120 -7.878 -90.060 4.000
L_121 0.000 679.918 4.000
W_122 -4.824 -203.500 7.000
M_123 0.000 401.769 7.000
S_124 -17.811 -90.060 12.000
S_125 -17.098 -90.060 11.000
R_126 -27.076 -1015.709 11.000
P_127 0.000 -195.996 11.000
A_128 0.000 185.740 11.000
T_129 -15.425 -90.974 9.000
K_130 -15.425 -818.649 9.000
T_131 -18.462 -90.974 13.000
M_132 0.000 401.769 10.000
N_133 -16.691 -507.047 7.000
F_134 0.000 560.542 5.000
G_135 0.000 -27.649 9.000
W_136 -5.708 -203.500 10.000
Q_137 -21.132 -643.904 10.000
R_138 -30.711 -1015.709 14.000
A_139 0.000 185.740 13.000
E_140 -19.866 -605.239 9.000
I_141 0.000 777.529 4.000
L_142 0.000 679.918 4.000
G_143 0.000 -27.649 0.000
A_144 0.000 185.740 0.000
L_145 0.000 679.918 3.000
V_146 0.000 613.196 3.000
S_147 -4.441 -90.060 3.000
V_148 0.000 613.196 6.000
L_149 0.000 679.918 6.000
S_150 -7.878 -90.060 4.000
I_151 0.000 777.529 4.000
W_152 -3.436 -203.500 4.000
V_153 0.000 613.196 4.000
V_154 0.000 613.196 4.000
T_155 -4.441 -90.974 3.000
G_156 0.000 -27.649 3.000
V_157 0.000 613.196 3.000
L_158 0.000 679.918 2.000
V_159 0.000 613.196 2.000
Y_160 -1.718 -274.939 2.000
L_161 0.000 679.918 2.000
A_162 0.000 185.740 6.000
V_163 0.000 613.196 9.000
E_164 -19.866 -605.239 9.000
R_165 -23.856 -1015.709 9.000
L_166 0.000 679.918 12.000
I_167 0.000 777.529 8.000
S_168 -13.255 -90.060 7.000
G_169 0.000 -27.649 9.000
D_170 -24.169 -475.402 13.000
Y_171 -11.154 -274.939 10.000
E_172 -25.003 -605.239 14.000
I_173 0.000 777.529 10.000
D_174 -18.409 -475.402 8.000
G_175 0.000 -27.649 7.000
G_176 0.000 -27.649 7.000
T_177 -4.441 -90.974 3.000
M_178 0.000 401.769 3.000
L_179 0.000 679.918 6.000
I_180 0.000 777.529 6.000
T_181 -11.867 -90.974 6.000
S_182 -11.867 -90.060 6.000
G_183 0.000 -27.649 6.000
C_184 0.000 322.480 3.000
A_185 0.000 185.740 0.000
V_186 0.000 613.196 0.000
A_187 0.000 185.740 4.000
V_188 0.000 613.196 4.000
N_189 -7.878 -507.047 4.000
I_190 0.000 777.529 4.000
I_191 0.000 777.529 4.000
M_192 0.000 401.769 0.000
G_193 0.000 -27.649 3.000
L_194 0.000 679.918 3.000
T_195 -10.149 -90.974 5.000
L_196 0.000 679.918 9.000
H_197 -12.104 -583.484 12.000
Q_198 -19.866 -643.904 9.000
S_199 -17.098 -90.060 11.000
G_200 0.000 -27.649 9.000
H_201 -9.265 -583.484 7.000
G_202 0.000 -27.649 7.000
H_203 -10.601 -583.484 9.000
S_204 -13.255 -90.060 7.000
H_205 -11.154 -583.484 10.000
G_206 0.000 -27.649 11.000
T_207 -17.811 -90.974 12.000
T_208 -19.059 -90.974 14.000
N_209 -27.773 -507.047 18.000
Q_210 -28.359 -643.904 19.000
Q_211 -28.912 -643.904 20.000
E_212 -28.912 -605.239 20.000
E_213 -26.485 -605.239 16.000
N_214 -25.772 -507.047 15.000
P_215 0.000 -195.996 11.000
S_216 -17.811 -90.060 12.000
V_217 0.000 613.196 8.000
R_218 -21.845 -1015.709 8.000
A_219 0.000 185.740 5.000
A_220 0.000 185.740 5.000
F_221 0.000 560.542 2.000
I_222 0.000 777.529 2.000
H_223 -1.718 -583.484 2.000
V_224 0.000 613.196 2.000
I_225 0.000 777.529 6.000
G_226 0.000 -27.649 4.000
D_227 -7.878 -475.402 4.000
F_228 0.000 560.542 8.000
M_229 0.000 401.769 11.000
Q_230 -16.691 -643.904 7.000
S_231 -13.255 -90.060 7.000
M_232 0.000 401.769 7.000
G_233 0.000 -27.649 3.000
V_234 0.000 613.196 0.000
L_235 0.000 679.918 0.000
V_236 0.000 613.196 0.000
A_237 0.000 185.740 2.000
A_238 0.000 185.740 2.000
Y_239 -1.718 -274.939 2.000
I_240 0.000 777.529 4.000
L_241 0.000 679.918 4.000
Y_242 -7.426 -274.939 5.000
F_243 0.000 560.542 5.000
K_244 -15.425 -818.649 9.000
P_245 0.000 -195.996 9.000
E_246 -23.258 -605.239 12.000
Y_247 -11.652 -274.939 11.000
K_248 -17.098 -818.649 11.000
Y_249 -11.652 -274.939 11.000
V_250 0.000 613.196 9.000
D_251 -14.591 -475.402 6.000
P_252 0.000 -195.996 4.000
I_253 0.000 777.529 7.000
C_254 0.000 322.480 3.000
T_255 -4.441 -90.974 3.000
F_256 0.000 560.542 3.000
V_257 0.000 613.196 6.000
F_258 0.000 560.542 3.000
S_259 -4.441 -90.060 3.000
I_260 0.000 777.529 3.000
L_261 0.000 679.918 3.000
V_262 0.000 613.196 0.000
L_263 0.000 679.918 3.000
G_264 0.000 -27.649 6.000
T_265 -11.867 -90.974 6.000
T_266 -15.425 -90.974 9.000
L_267 0.000 679.918 9.000
T_268 -11.867 -90.974 6.000
I_269 0.000 777.529 8.000
L_270 0.000 679.918 12.000
R_271 -23.856 -1015.709 9.000
D_272 -19.866 -475.402 9.000
V_273 0.000 613.196 9.000
I_274 0.000 777.529 4.000
L_275 0.000 679.918 0.000
V_276 0.000 613.196 0.000
L_277 0.000 679.918 4.000
M_278 0.000 401.769 4.000
E_279 -16.691 -605.239 7.000
G_280 0.000 -27.649 7.000
T_281 -16.309 -90.974 10.000
P_282 0.000 -195.996 6.000
K_283 -11.867 -818.649 6.000
G_284 0.000 -27.649 7.000
V_285 0.000 613.196 7.000
D_286 -16.691 -475.402 7.000
F_287 0.000 560.542 7.000
T_288 -13.255 -90.974 7.000
A_289 0.000 185.740 8.000
V_290 0.000 613.196 12.000
R_291 -23.856 -1015.709 9.000
D_292 -19.866 -475.402 9.000
L_293 0.000 679.918 9.000
L_294 0.000 679.918 7.000
L_295 0.000 679.918 3.000
S_296 -13.255 -90.060 7.000
V_297 0.000 613.196 7.000
E_298 -16.691 -605.239 7.000
G_299 0.000 -27.649 8.000
V_300 0.000 613.196 8.000
E_301 -7.878 -605.239 4.000
A_302 0.000 185.740 6.000
L_303 0.000 679.918 9.000
H_304 -7.426 -583.484 5.000
S_305 -13.255 -90.060 7.000
L_306 0.000 679.918 7.000
H_307 -8.431 -583.484 6.000
I_308 0.000 777.529 3.000
W_309 -2.723 -203.500 3.000
A_310 0.000 185.740 4.000
L_311 0.000 679.918 4.000
T_312 -4.441 -90.974 3.000
V_313 0.000 613.196 7.000
A_314 0.000 185.740 7.000
Q_315 -7.878 -643.904 4.000
P_316 0.000 -195.996 4.000
V_317 0.000 613.196 7.000
L_318 0.000 679.918 3.000
S_319 -10.149 -90.060 5.000
V_320 0.000 613.196 5.000
H_321 -7.426 -583.484 5.000
I_322 0.000 777.529 2.000
A_323 0.000 185.740 2.000
I_324 0.000 777.529 4.000
A_325 0.000 185.740 8.000
Q_326 -22.253 -643.904 11.000
N_327 -25.772 -507.047 15.000
T_328 -19.613 -90.974 15.000
D_329 -25.772 -475.402 15.000
A_330 0.000 185.740 11.000
Q_331 -18.409 -643.904 8.000
A_332 0.000 185.740 4.000
V_333 0.000 613.196 7.000
L_334 0.000 679.918 6.000
K_335 -11.867 -818.649 6.000
T_336 -15.425 -90.974 9.000
A_337 0.000 185.740 12.000
S_338 -19.059 -90.060 14.000
S_339 -17.098 -90.060 11.000
R_340 -31.716 -1015.709 15.000
L_341 0.000 679.918 12.000
Q_342 -23.258 -643.904 12.000
G_343 0.000 -27.649 7.000
K_344 -15.425 -818.649 9.000
F_345 0.000 560.542 5.000
H_346 -9.265 -583.484 7.000
F_347 0.000 560.542 7.000
H_348 -9.265 -583.484 7.000
T_349 -14.420 -90.974 8.000
V_350 0.000 613.196 8.000
T_351 -16.309 -90.974 10.000
I_352 0.000 777.529 7.000
Q_353 -22.253 -643.904 11.000
I_354 0.000 777.529 12.000
E_355 -25.003 -605.239 14.000
D_356 -24.169 -475.402 13.000
Y_357 -13.896 -274.939 17.000
S_358 -20.609 -90.060 17.000
E_359 -24.169 -605.239 13.000
D_360 -25.003 -475.402 14.000
M_361 0.000 401.769 15.000
K_362 -17.098 -818.649 11.000
D_363 -22.253 -475.402 11.000
C_364 0.000 322.480 11.000
Q_365 -18.409 -643.904 8.000
A_366 0.000 185.740 8.000
C_367 0.000 322.480 8.000
Q_368 -7.878 -643.904 4.000
G_369 0.000 -27.649 7.000
P_370 0.000 -195.996 11.000
S_371 -13.255 -90.060 7.000
D_372 -16.691 -475.402 7.000
