M_1 0.000 401.769 5.000
L_2 0.000 679.918 8.000
R_3 -21.845 -1015.709 8.000
S_4 -15.425 -90.060 9.000
V_5 0.000 613.196 13.000
W_6 -5.155 -203.500 8.000
N_7 -11.867 -507.047 5.000
F_8 0.000 560.542 8.000
L_9 0.000 679.918 12.000
K_10 -16.309 -818.649 10.000
R_11 -29.616 -1015.709 13.000
H_12 -13.586 -583.484 16.000
K_13 -20.127 -818.649 16.000
K_14 -17.098 -818.649 11.000
K_15 -15.425 -818.649 9.000
C_16 0.000 322.480 6.000
I_17 0.000 777.529 3.000
F_18 0.000 560.542 0.000
L_19 0.000 679.918 3.000
G_20 0.000 -27.649 3.000
T_21 -4.441 -90.974 3.000
V_22 0.000 613.196 3.000
L_23 0.000 679.918 3.000
G_24 0.000 -27.649 0.000
G_25 0.000 -27.649 2.000
V_26 0.000 613.196 2.000
Y_27 -1.718 -274.939 2.000
I_28 0.000 777.529 2.000
L_29 0.000 679.918 5.000
G_30 0.000 -27.649 5.000
K_31 -10.149 -818.649 5.000
Y_32 -10.601 -274.939 9.000
G_33 0.000 -27.649 12.000
Q_34 -23.258 -643.904 12.000
K_35 -16.309 -818.649 10.000
K_36 -19.613 -818.649 15.000
I_37 0.000 777.529 15.000
R_38 -28.412 -1015.709 12.000
E_39 -24.169 -605.239 13.000
I_40 0.000 777.529 17.000
Q_41 -27.150 -643.904 17.000
E_42 -27.150 -605.239 17.000
R_43 -33.508 -1015.709 17.000
E_44 -24.169 -605.239 13.000
A_45 0.000 185.740 13.000
A_46 0.000 185.740 10.000
E_47 -14.591 -605.239 6.000
Y_48 -8.431 -274.939 6.000
I_49 0.000 777.529 10.000
A_50 0.000 185.740 6.000
Q_51 -19.866 -643.904 9.000
A_52 0.000 185.740 14.000
R_53 -34.315 -1015.709 18.000
R_54 -32.645 -1015.709 16.000
Q_55 -27.773 -643.904 18.000
Y_56 -12.518 -274.939 13.000
H_57 -12.104 -583.484 12.000
F_58 0.000 560.542 11.000
E_59 -24.169 -605.239 13.000
S_60 -19.613 -90.060 15.000
N_61 -28.912 -507.047 20.000
Q_62 -28.359 -643.904 19.000
R_63 -32.645 -1015.709 16.000
T_64 -20.127 -90.974 16.000
C_65 0.000 322.480 12.000
N_66 -21.132 -507.047 10.000
M_67 0.000 401.769 7.000
T_68 -13.255 -90.974 7.000
V_69 0.000 613.196 6.000
L_70 0.000 679.918 6.000
S_71 -4.441 -90.060 3.000
M_72 0.000 401.769 3.000
L_73 0.000 679.918 6.000
P_74 0.000 -195.996 3.000
T_75 -14.420 -90.974 8.000
L_76 0.000 679.918 12.000
R_77 -28.412 -1015.709 12.000
E_78 -19.866 -605.239 9.000
A_79 0.000 185.740 9.000
L_80 0.000 679.918 8.000
M_81 0.000 401.769 8.000
Q_82 -18.409 -643.904 8.000
Q_83 -23.258 -643.904 12.000
L_84 0.000 679.918 15.000
N_85 -25.772 -507.047 15.000
S_86 -19.059 -90.060 14.000
E_87 -25.003 -605.239 14.000
S_88 -18.462 -90.060 13.000
L_89 0.000 679.918 10.000
T_90 -11.867 -90.974 6.000
A_91 0.000 185.740 3.000
L_92 0.000 679.918 6.000
L_93 0.000 679.918 7.000
K_94 -17.811 -818.649 12.000
N_95 -23.258 -507.047 12.000
R_96 -31.716 -1015.709 15.000
P_97 0.000 -195.996 16.000
S_98 -19.613 -90.060 15.000
N_99 -21.132 -507.047 10.000
K_100 -19.059 -818.649 14.000
L_101 0.000 679.918 11.000
E_102 -18.409 -605.239 8.000
I_103 0.000 777.529 9.000
W_104 -6.358 -203.500 13.000
E_105 -19.866 -605.239 9.000
D_106 -23.258 -475.402 12.000
L_107 0.000 679.918 11.000
K_108 -13.255 -818.649 7.000
I_109 0.000 777.529 6.000
I_110 0.000 777.529 6.000
S_111 -11.867 -90.060 6.000
F_112 0.000 560.542 11.000
T_113 -19.059 -90.974 14.000
R_114 -30.711 -1015.709 14.000
S_115 -19.059 -90.060 14.000
T_116 -17.098 -90.974 11.000
V_117 0.000 613.196 6.000
A_118 0.000 185.740 5.000
V_119 0.000 613.196 5.000
Y_120 -9.978 -274.939 8.000
S_121 -14.420 -90.060 8.000
T_122 -14.420 -90.974 8.000
C_123 0.000 322.480 6.000
M_124 0.000 401.769 3.000
L_125 0.000 679.918 0.000
V_126 0.000 613.196 0.000
V_127 0.000 613.196 0.000
L_128 0.000 679.918 5.000
L_129 0.000 679.918 5.000
R_130 -23.856 -1015.709 9.000
V_131 0.000 613.196 9.000
Q_132 -24.169 -643.904 13.000
L_133 0.000 679.918 8.000
N_134 -18.409 -507.047 8.000
I_135 0.000 777.529 4.000
I_136 0.000 777.529 4.000
G_137 0.000 -27.649 2.000
G_138 0.000 -27.649 2.000
Y_139 -6.160 -274.939 4.000
I_140 0.000 777.529 4.000
Y_141 -9.978 -274.939 8.000
L_142 0.000 679.918 10.000
D_143 -21.132 -475.402 10.000
N_144 -18.409 -507.047 8.000
A_145 0.000 185.740 8.000
A_146 0.000 185.740 4.000
V_147 0.000 613.196 3.000
G_148 0.000 -27.649 7.000
K_149 -13.255 -818.649 7.000
N_150 -21.132 -507.047 10.000
G_151 0.000 -27.649 13.000
T_152 -16.309 -90.974 10.000
T_153 -11.867 -90.974 6.000
I_154 0.000 777.529 6.000
L_155 0.000 679.918 3.000
A_156 0.000 185.740 0.000
P_157 0.000 -195.996 4.000
P_158 0.000 -195.996 4.000
D_159 -18.409 -475.402 8.000
V_160 0.000 613.196 12.000
Q_161 -26.485 -643.904 16.000
Q_162 -25.003 -643.904 14.000
Q_163 -25.003 -643.904 14.000
Y_164 -12.518 -274.939 13.000
L_165 0.000 679.918 12.000
S_166 -14.420 -90.060 8.000
S_167 -16.309 -90.060 10.000
I_168 0.000 777.529 12.000
Q_169 -19.866 -643.904 9.000
H_170 -8.431 -583.484 6.000
L_171 0.000 679.918 6.000
L_172 0.000 679.918 6.000
G_173 0.000 -27.649 4.000
D_174 -7.878 -475.402 4.000
G_175 0.000 -27.649 7.000
L_176 0.000 679.918 11.000
T_177 -13.255 -90.974 7.000
E_178 -16.691 -605.239 7.000
L_179 0.000 679.918 10.000
I_180 0.000 777.529 7.000
T_181 -4.441 -90.974 3.000
V_182 0.000 613.196 6.000
I_183 0.000 777.529 10.000
K_184 -13.255 -818.649 7.000
Q_185 -16.691 -643.904 7.000
A_186 0.000 185.740 11.000
V_187 0.000 613.196 11.000
Q_188 -16.691 -643.904 7.000
K_189 -13.255 -818.649 7.000
V_190 0.000 613.196 7.000
L_191 0.000 679.918 6.000
G_192 0.000 -27.649 3.000
S_193 -11.867 -90.060 6.000
V_194 0.000 613.196 6.000
S_195 -15.425 -90.060 9.000
L_196 0.000 679.918 8.000
K_197 -17.098 -818.649 11.000
H_198 -9.978 -583.484 8.000
S_199 -17.098 -90.060 11.000
L_200 0.000 679.918 8.000
S_201 -11.867 -90.060 6.000
L_202 0.000 679.918 7.000
L_203 0.000 679.918 7.000
D_204 -18.409 -475.402 8.000
L_205 0.000 679.918 12.000
E_206 -25.772 -605.239 15.000
Q_207 -22.253 -643.904 11.000
K_208 -19.059 -818.649 14.000
L_209 0.000 679.918 14.000
K_210 -16.309 -818.649 10.000
E_211 -23.258 -605.239 12.000
I_212 0.000 777.529 16.000
R_213 -29.616 -1015.709 13.000
N_214 -19.866 -507.047 9.000
L_215 0.000 679.918 13.000
V_216 0.000 613.196 12.000
E_217 -21.132 -605.239 10.000
Q_218 -24.169 -643.904 13.000
H_219 -13.586 -583.484 16.000
K_220 -19.613 -818.649 15.000
S_221 -19.059 -90.060 14.000
S_222 -18.462 -90.060 13.000
S_223 -16.309 -90.060 10.000
W_224 -5.944 -203.500 11.000
I_225 0.000 777.529 11.000
N_226 -23.258 -507.047 12.000
K_227 -17.098 -818.649 11.000
D_228 -25.003 -475.402 14.000
G_229 0.000 -27.649 13.000
S_230 -16.309 -90.060 10.000
K_231 -11.867 -818.649 6.000
P_232 0.000 -195.996 6.000
L_233 0.000 679.918 3.000
L_234 0.000 679.918 2.000
C_235 0.000 322.480 4.000
H_236 -6.160 -583.484 4.000
Y_237 -6.160 -274.939 4.000
M_238 0.000 401.769 4.000
M_239 0.000 401.769 6.000
P_240 0.000 -195.996 8.000
D_241 -23.258 -475.402 12.000
E_242 -25.772 -605.239 15.000
E_243 -25.772 -605.239 15.000
T_244 -17.098 -90.974 11.000
P_245 0.000 -195.996 7.000
L_246 0.000 679.918 3.000
A_247 0.000 185.740 4.000
V_248 0.000 613.196 4.000
Q_249 -7.878 -643.904 4.000
A_250 0.000 185.740 4.000
C_251 0.000 322.480 4.000
G_252 0.000 -27.649 3.000
L_253 0.000 679.918 3.000
S_254 -14.420 -90.060 8.000
P_255 0.000 -195.996 12.000
R_256 -28.412 -1015.709 12.000
D_257 -23.258 -475.402 12.000
I_258 0.000 777.529 15.000
T_259 -16.309 -90.974 10.000
T_260 -15.425 -90.974 9.000
I_261 0.000 777.529 9.000
K_262 -11.867 -818.649 6.000
L_263 0.000 679.918 7.000
L_264 0.000 679.918 11.000
N_265 -22.253 -507.047 11.000
E_266 -26.485 -605.239 16.000
T_267 -21.889 -90.974 20.000
R_268 -32.645 -1015.709 16.000
D_269 -23.258 -475.402 12.000
M_270 0.000 401.769 13.000
L_271 0.000 679.918 11.000
E_272 -16.691 -605.239 7.000
S_273 -17.098 -90.060 11.000
P_274 0.000 -195.996 11.000
D_275 -21.132 -475.402 10.000
F_276 0.000 560.542 10.000
S_277 -16.309 -90.060 10.000
T_278 -11.867 -90.974 6.000
V_279 0.000 613.196 10.000
L_280 0.000 679.918 10.000
N_281 -16.691 -507.047 7.000
T_282 -13.255 -90.974 7.000
C_283 0.000 322.480 11.000
L_284 0.000 679.918 12.000
N_285 -19.866 -507.047 9.000
R_286 -23.856 -1015.709 9.000
G_287 0.000 -27.649 12.000
F_288 0.000 560.542 13.000
S_289 -14.420 -90.060 8.000
R_290 -21.845 -1015.709 8.000
L_291 0.000 679.918 12.000
L_292 0.000 679.918 13.000
D_293 -18.409 -475.402 8.000
N_294 -18.409 -507.047 8.000
M_295 0.000 401.769 12.000
A_296 0.000 185.740 8.000
E_297 -7.878 -605.239 4.000
F_298 0.000 560.542 9.000
F_299 0.000 560.542 9.000
R_300 -21.845 -1015.709 8.000
P_301 0.000 -195.996 12.000
T_302 -20.127 -90.974 16.000
E_303 -25.772 -605.239 15.000
Q_304 -25.772 -643.904 15.000
D_305 -26.485 -475.402 16.000
L_306 0.000 679.918 14.000
Q_307 -21.132 -643.904 10.000
H_308 -11.154 -583.484 10.000
G_309 0.000 -27.649 13.000
N_310 -19.866 -507.047 9.000
S_311 -17.098 -90.060 11.000
M_312 0.000 401.769 14.000
N_313 -21.132 -507.047 10.000
S_314 -16.309 -90.060 10.000
L_315 0.000 679.918 13.000
S_316 -15.425 -90.060 9.000
S_317 -15.425 -90.060 9.000
V_318 0.000 613.196 9.000
S_319 -11.867 -90.060 6.000
L_320 0.000 679.918 3.000
P_321 0.000 -195.996 3.000
L_322 0.000 679.918 3.000
A_323 0.000 185.740 3.000
K_324 -4.441 -818.649 3.000
I_325 0.000 777.529 3.000
I_326 0.000 777.529 3.000
P_327 0.000 -195.996 0.000
I_328 0.000 777.529 4.000
V_329 0.000 613.196 4.000
N_330 -18.409 -507.047 8.000
G_331 0.000 -27.649 8.000
Q_332 -21.132 -643.904 10.000
I_333 0.000 777.529 9.000
H_334 -10.601 -583.484 9.000
S_335 -10.149 -90.060 5.000
V_336 0.000 613.196 8.000
C_337 0.000 322.480 10.000
S_338 -16.309 -90.060 10.000
E_339 -21.132 -605.239 10.000
T_340 -18.462 -90.974 13.000
P_341 0.000 -195.996 12.000
S_342 -14.420 -90.060 8.000
H_343 -7.426 -583.484 5.000
F_344 0.000 560.542 9.000
V_345 0.000 613.196 10.000
Q_346 -18.409 -643.904 8.000
D_347 -18.409 -475.402 8.000
L_348 0.000 679.918 11.000
L_349 0.000 679.918 7.000
T_350 -13.255 -90.974 7.000
M_351 0.000 401.769 11.000
E_352 -22.253 -605.239 11.000
Q_353 -22.253 -643.904 11.000
V_354 0.000 613.196 15.000
K_355 -17.098 -818.649 11.000
D_356 -16.691 -475.402 7.000
F_357 0.000 560.542 7.000
A_358 0.000 185.740 8.000
A_359 0.000 185.740 4.000
N_360 -14.591 -507.047 6.000
V_361 0.000 613.196 10.000
Y_362 -11.154 -274.939 10.000
E_363 -14.591 -605.239 6.000
A_364 0.000 185.740 9.000
F_365 0.000 560.542 10.000
S_366 -11.867 -90.060 6.000
T_367 -16.309 -90.974 10.000
P_368 0.000 -195.996 14.000
Q_369 -22.253 -643.904 11.000
Q_370 -23.258 -643.904 12.000
L_371 0.000 679.918 15.000
E_372 -22.253 -605.239 11.000
K_373 -13.255 -818.649 7.000
