M_1 0.000 401.769 3.000
S_2 -4.441 -90.060 3.000
L_3 0.000 679.918 3.000
P_4 0.000 -195.996 7.000
L_5 0.000 679.918 4.000
N_6 -16.691 -507.047 7.000
P_7 0.000 -195.996 7.000
K_8 -13.255 -818.649 7.000
P_9 0.000 -195.996 3.000
F_10 0.000 560.542 7.000
L_11 0.000 679.918 4.000
N_12 -7.878 -507.047 4.000
G_13 0.000 -27.649 7.000
L_14 0.000 679.918 7.000
T_15 -11.867 -90.974 6.000
G_16 0.000 -27.649 6.000
K_17 -11.867 -818.649 6.000
P_18 0.000 -195.996 3.000
V_19 0.000 613.196 3.000
M_20 0.000 401.769 3.000
V_21 0.000 613.196 3.000
K_22 -11.867 -818.649 6.000
L_23 0.000 679.918 7.000
K_24 -13.255 -818.649 7.000
W_25 -3.436 -203.500 4.000
G_26 0.000 -27.649 8.000
M_27 0.000 401.769 7.000
E_28 -19.866 -605.239 9.000
Y_29 -10.601 -274.939 9.000
K_30 -17.098 -818.649 11.000
G_31 0.000 -27.649 7.000
Y_32 -7.426 -274.939 5.000
L_33 0.000 679.918 5.000
V_34 0.000 613.196 5.000
S_35 -13.255 -90.060 7.000
V_36 0.000 613.196 7.000
D_37 -19.866 -475.402 9.000
G_38 0.000 -27.649 6.000
Y_39 -11.154 -274.939 10.000
M_40 0.000 401.769 6.000
N_41 -21.132 -507.047 10.000
M_42 0.000 401.769 8.000
Q_43 -18.409 -643.904 8.000
L_44 0.000 679.918 8.000
A_45 0.000 185.740 11.000
N_46 -22.253 -507.047 11.000
T_47 -19.613 -90.974 15.000
E_48 -27.150 -605.239 17.000
E_49 -24.169 -605.239 13.000
Y_50 -12.900 -274.939 14.000
I_51 0.000 777.529 10.000
D_52 -14.591 -475.402 6.000
G_53 0.000 -27.649 4.000
A_54 0.000 185.740 7.000
L_55 0.000 679.918 3.000
S_56 -10.149 -90.060 5.000
G_57 0.000 -27.649 5.000
H_58 -7.426 -583.484 5.000
L_59 0.000 679.918 6.000
G_60 0.000 -27.649 6.000
E_61 -7.878 -605.239 4.000
V_62 0.000 613.196 4.000
L_63 0.000 679.918 9.000
I_64 0.000 777.529 5.000
R_65 -23.856 -1015.709 9.000
C_66 0.000 322.480 13.000
N_67 -24.169 -507.047 13.000
N_68 -18.409 -507.047 8.000
V_69 0.000 613.196 10.000
L_70 0.000 679.918 6.000
Y_71 -9.265 -274.939 7.000
I_72 0.000 777.529 7.000
R_73 -19.414 -1015.709 7.000
G_74 0.000 -27.649 9.000
V_75 0.000 613.196 13.000
E_76 -23.258 -605.239 12.000
E_77 -26.485 -605.239 16.000
E_78 -28.912 -605.239 20.000
E_79 -28.912 -605.239 20.000
E_80 -26.485 -605.239 16.000
D_81 -26.485 -475.402 16.000
G_82 0.000 -27.649 12.000
E_83 -24.169 -605.239 13.000
M_84 0.000 401.769 13.000
R_85 -29.616 -1015.709 13.000
E_86 -19.866 -605.239 9.000
