M_1 0.000 401.769 3.000
A_2 0.000 185.740 3.000
T_3 -4.441 -90.974 3.000
A_4 0.000 185.740 3.000
P_5 0.000 -195.996 3.000
G_6 0.000 -27.649 0.000
P_7 0.000 -195.996 0.000
A_8 0.000 185.740 0.000
G_9 0.000 -27.649 0.000
I_10 0.000 777.529 0.000
A_11 0.000 185.740 0.000
M_12 0.000 401.769 3.000
G_13 0.000 -27.649 3.000
S_14 -4.441 -90.060 3.000
V_15 0.000 613.196 6.000
G_16 0.000 -27.649 6.000
S_17 -4.441 -90.060 3.000
L_18 0.000 679.918 7.000
L_19 0.000 679.918 12.000
E_20 -24.169 -605.239 13.000
R_21 -33.508 -1015.709 17.000
Q_22 -27.150 -643.904 17.000
D_23 -26.485 -475.402 16.000
F_24 0.000 560.542 11.000
S_25 -17.098 -90.060 11.000
P_26 0.000 -195.996 11.000
E_27 -22.253 -605.239 11.000
E_28 -24.169 -605.239 13.000
L_29 0.000 679.918 13.000
R_30 -23.856 -1015.709 9.000
A_31 0.000 185.740 5.000
A_32 0.000 185.740 5.000
L_33 0.000 679.918 0.000
A_34 0.000 185.740 3.000
G_35 0.000 -27.649 8.000
S_36 -14.420 -90.060 8.000
R_37 -27.076 -1015.709 11.000
G_38 0.000 -27.649 16.000
S_39 -20.609 -90.060 17.000
R_40 -28.412 -1015.709 12.000
Q_41 -26.485 -643.904 16.000
P_42 0.000 -195.996 13.000
D_43 -18.409 -475.402 8.000
G_44 0.000 -27.649 4.000
L_45 0.000 679.918 9.000
L_46 0.000 679.918 8.000
R_47 -21.845 -1015.709 8.000
K_48 -14.420 -818.649 8.000
G_49 0.000 -27.649 8.000
L_50 0.000 679.918 7.000
G_51 0.000 -27.649 9.000
Q_52 -24.169 -643.904 13.000
R_53 -29.616 -1015.709 13.000
E_54 -24.169 -605.239 13.000
F_55 0.000 560.542 12.000
L_56 0.000 679.918 9.000
S_57 -10.149 -90.060 5.000
Y_58 -9.265 -274.939 7.000
L_59 0.000 679.918 7.000
H_60 -6.160 -583.484 4.000
L_61 0.000 679.918 5.000
P_62 0.000 -195.996 8.000
K_63 -16.309 -818.649 10.000
K_64 -18.462 -818.649 13.000
D_65 -26.485 -475.402 16.000
S_66 -20.127 -90.060 16.000
K_67 -20.127 -818.649 16.000
S_68 -19.613 -90.060 15.000
T_69 -20.127 -90.974 16.000
K_70 -20.127 -818.649 16.000
N_71 -26.485 -507.047 16.000
T_72 -21.060 -90.974 18.000
K_73 -19.613 -818.649 15.000
R_74 -27.076 -1015.709 11.000
A_75 0.000 185.740 13.000
P_76 0.000 -195.996 14.000
R_77 -29.616 -1015.709 13.000
N_78 -24.169 -507.047 13.000
E_79 -24.169 -605.239 13.000
P_80 0.000 -195.996 12.000
A_81 0.000 185.740 10.000
D_82 -14.591 -475.402 6.000
Y_83 -10.601 -274.939 9.000
A_84 0.000 185.740 9.000
T_85 -13.255 -90.974 7.000
L_86 0.000 679.918 7.000
Y_87 -12.104 -274.939 12.000
Y_88 -12.518 -274.939 13.000
R_89 -31.716 -1015.709 15.000
E_90 -26.485 -605.239 16.000
H_91 -14.463 -583.484 19.000
S_92 -19.059 -90.060 14.000
R_93 -25.574 -1015.709 10.000
A_94 0.000 185.740 12.000
G_95 0.000 -27.649 9.000
D_96 -16.691 -475.402 7.000
F_97 0.000 560.542 10.000
S_98 -18.462 -90.060 13.000
K_99 -17.811 -818.649 12.000
T_100 -17.811 -90.974 12.000
S_101 -15.425 -90.060 9.000
L_102 0.000 679.918 10.000
P_103 0.000 -195.996 12.000
E_104 -19.866 -605.239 9.000
R_105 -30.711 -1015.709 14.000
G_106 0.000 -27.649 14.000
R_107 -30.711 -1015.709 14.000
F_108 0.000 560.542 12.000
D_109 -23.258 -475.402 12.000
K_110 -17.811 -818.649 12.000
C_111 0.000 322.480 12.000
R_112 -29.616 -1015.709 13.000
I_113 0.000 777.529 10.000
R_114 -29.616 -1015.709 13.000
P_115 0.000 -195.996 8.000
S_116 -14.420 -90.060 8.000
V_117 0.000 613.196 6.000
F_118 0.000 560.542 6.000
K_119 -11.867 -818.649 6.000
P_120 0.000 -195.996 6.000
T_121 -11.867 -90.974 6.000
A_122 0.000 185.740 7.000
G_123 0.000 -27.649 7.000
N_124 -16.691 -507.047 7.000
G_125 0.000 -27.649 7.000
K_126 -13.255 -818.649 7.000
G_127 0.000 -27.649 3.000
F_128 0.000 560.542 6.000
L_129 0.000 679.918 3.000
S_130 -13.255 -90.060 7.000
M_131 0.000 401.769 10.000
Q_132 -21.132 -643.904 10.000
S_133 -13.255 -90.060 7.000
L_134 0.000 679.918 10.000
A_135 0.000 185.740 8.000
S_136 -14.420 -90.060 8.000
H_137 -9.978 -583.484 8.000
K_138 -17.811 -818.649 12.000
G_139 0.000 -27.649 12.000
Q_140 -21.132 -643.904 10.000
K_141 -14.420 -818.649 8.000
L_142 0.000 679.918 13.000
W_143 -6.160 -203.500 12.000
R_144 -29.616 -1015.709 13.000
S_145 -18.462 -90.060 13.000
N_146 -25.772 -507.047 15.000
G_147 0.000 -27.649 10.000
S_148 -15.425 -90.060 9.000
L_149 0.000 679.918 8.000
H_150 -9.978 -583.484 8.000
T_151 -10.149 -90.974 5.000
L_152 0.000 679.918 5.000
A_153 0.000 185.740 5.000
C_154 0.000 322.480 2.000
H_155 -1.718 -583.484 2.000
P_156 0.000 -195.996 2.000
P_157 0.000 -195.996 5.000
L_158 0.000 679.918 3.000
S_159 -4.441 -90.060 3.000
P_160 0.000 -195.996 3.000
G_161 0.000 -27.649 8.000
P_162 0.000 -195.996 5.000
R_163 -21.845 -1015.709 8.000
A_164 0.000 185.740 12.000
S_165 -17.811 -90.060 12.000
Q_166 -23.258 -643.904 12.000
A_167 0.000 185.740 12.000
R_168 -29.616 -1015.709 13.000
A_169 0.000 185.740 9.000
Q_170 -19.866 -643.904 9.000
L_171 0.000 679.918 6.000
L_172 0.000 679.918 6.000
H_173 -1.718 -583.484 2.000
A_174 0.000 185.740 5.000
L_175 0.000 679.918 5.000
S_176 -13.255 -90.060 7.000
L_177 0.000 679.918 11.000
D_178 -22.253 -475.402 11.000
E_179 -18.409 -605.239 8.000
G_180 0.000 -27.649 8.000
G_181 0.000 -27.649 8.000
P_182 0.000 -195.996 4.000
E_183 -18.409 -605.239 8.000
P_184 0.000 -195.996 8.000
E_185 -22.253 -605.239 11.000
P_186 0.000 -195.996 7.000
S_187 -16.309 -90.060 10.000
L_188 0.000 679.918 10.000
S_189 -18.462 -90.060 13.000
D_190 -24.169 -475.402 13.000
S_191 -20.127 -90.060 16.000
S_192 -18.462 -90.060 13.000
S_193 -15.425 -90.060 9.000
G_194 0.000 -27.649 9.000
G_195 0.000 -27.649 6.000
S_196 -4.441 -90.060 3.000
F_197 0.000 560.542 8.000
G_198 0.000 -27.649 11.000
R_199 -21.845 -1015.709 8.000
S_200 -14.420 -90.060 8.000
P_201 0.000 -195.996 11.000
G_202 0.000 -27.649 6.000
T_203 -4.441 -90.974 3.000
G_204 0.000 -27.649 6.000
P_205 0.000 -195.996 6.000
S_206 -4.441 -90.060 3.000
P_207 0.000 -195.996 6.000
F_208 0.000 560.542 9.000
S_209 -15.425 -90.060 9.000
S_210 -15.425 -90.060 9.000
S_211 -15.425 -90.060 9.000
L_212 0.000 679.918 8.000
G_213 0.000 -27.649 5.000
H_214 -8.431 -583.484 6.000
L_215 0.000 679.918 8.000
N_216 -18.409 -507.047 8.000
H_217 -8.431 -583.484 6.000
L_218 0.000 679.918 6.000
G_219 0.000 -27.649 5.000
G_220 0.000 -27.649 3.000
S_221 -13.255 -90.060 7.000
L_222 0.000 679.918 12.000
D_223 -23.258 -475.402 12.000
R_224 -28.412 -1015.709 12.000
A_225 0.000 185.740 16.000
S_226 -17.811 -90.060 12.000
Q_227 -16.691 -643.904 7.000
G_228 0.000 -27.649 10.000
P_229 0.000 -195.996 11.000
K_230 -13.255 -818.649 7.000
E_231 -16.691 -605.239 7.000
A_232 0.000 185.740 7.000
G_233 0.000 -27.649 4.000
P_234 0.000 -195.996 0.000
P_235 0.000 -195.996 0.000
A_236 0.000 185.740 0.000
V_237 0.000 613.196 3.000
L_238 0.000 679.918 3.000
S_239 -4.441 -90.060 3.000
C_240 0.000 322.480 3.000
L_241 0.000 679.918 7.000
P_242 0.000 -195.996 4.000
E_243 -7.878 -605.239 4.000
P_244 0.000 -195.996 4.000
P_245 0.000 -195.996 4.000
P_246 0.000 -195.996 2.000
P_247 0.000 -195.996 6.000
Y_248 -8.431 -274.939 6.000
E_249 -19.866 -605.239 9.000
F_250 0.000 560.542 9.000
S_251 -16.309 -90.060 10.000
C_252 0.000 322.480 9.000
S_253 -15.425 -90.060 9.000
S_254 -16.309 -90.060 10.000
A_255 0.000 185.740 14.000
E_256 -22.253 -605.239 11.000
E_257 -18.409 -605.239 8.000
M_258 0.000 401.769 8.000
G_259 0.000 -27.649 4.000
A_260 0.000 185.740 0.000
V_261 0.000 613.196 0.000
L_262 0.000 679.918 4.000
P_263 0.000 -195.996 7.000
E_264 -16.691 -605.239 7.000
T_265 -17.098 -90.974 11.000
C_266 0.000 322.480 15.000
E_267 -22.253 -605.239 11.000
E_268 -22.253 -605.239 11.000
L_269 0.000 679.918 16.000
K_270 -17.811 -818.649 12.000
R_271 -21.845 -1015.709 8.000
G_272 0.000 -27.649 8.000
L_273 0.000 679.918 9.000
G_274 0.000 -27.649 8.000
D_275 -23.258 -475.402 12.000
E_276 -23.258 -605.239 12.000
D_277 -25.772 -475.402 15.000
G_278 0.000 -27.649 15.000
S_279 -17.098 -90.060 11.000
N_280 -16.691 -507.047 7.000
P_281 0.000 -195.996 10.000
F_282 0.000 560.542 11.000
T_283 -13.255 -90.974 7.000
Q_284 -16.691 -643.904 7.000
V_285 0.000 613.196 11.000
L_286 0.000 679.918 12.000
E_287 -24.169 -605.239 13.000
E_288 -27.150 -605.239 17.000
R_289 -37.098 -1015.709 22.000
Q_290 -27.773 -643.904 18.000
R_291 -31.716 -1015.709 15.000
L_292 0.000 679.918 10.000
W_293 -4.441 -203.500 6.000
L_294 0.000 679.918 5.000
A_295 0.000 185.740 5.000
E_296 -16.691 -605.239 7.000
L_297 0.000 679.918 12.000
K_298 -17.811 -818.649 12.000
R_299 -25.574 -1015.709 10.000
L_300 0.000 679.918 10.000
Y_301 -11.652 -274.939 11.000
V_302 0.000 613.196 11.000
E_303 -22.253 -605.239 11.000
R_304 -27.076 -1015.709 11.000
L_305 0.000 679.918 15.000
H_306 -11.652 -583.484 11.000
E_307 -19.866 -605.239 9.000
V_308 0.000 613.196 13.000
T_309 -19.059 -90.974 14.000
Q_310 -21.132 -643.904 10.000
K_311 -19.059 -818.649 14.000
A_312 0.000 185.740 16.000
E_313 -25.772 -605.239 15.000
R_314 -32.645 -1015.709 16.000
S_315 -22.271 -90.060 21.000
E_316 -29.436 -605.239 21.000
R_317 -32.645 -1015.709 16.000
N_318 -27.150 -507.047 17.000
L_319 0.000 679.918 13.000
Q_320 -23.258 -643.904 12.000
L_321 0.000 679.918 8.000
Q_322 -18.409 -643.904 8.000
L_323 0.000 679.918 4.000
F_324 0.000 560.542 4.000
M_325 0.000 401.769 4.000
A_326 0.000 185.740 8.000
Q_327 -23.258 -643.904 12.000
Q_328 -26.485 -643.904 16.000
E_329 -29.436 -605.239 21.000
Q_330 -29.934 -643.904 22.000
R_331 -34.315 -1015.709 18.000
R_332 -35.072 -1015.709 19.000
L_333 0.000 679.918 18.000
R_334 -33.508 -1015.709 17.000
K_335 -17.811 -818.649 12.000
E_336 -27.150 -605.239 17.000
L_337 0.000 679.918 12.000
R_338 -29.616 -1015.709 13.000
A_339 0.000 185.740 13.000
Q_340 -24.169 -643.904 13.000
Q_341 -18.409 -643.904 8.000
G_342 0.000 -27.649 8.000
L_343 0.000 679.918 4.000
A_344 0.000 185.740 4.000
P_345 0.000 -195.996 4.000
E_346 -19.866 -605.239 9.000
P_347 0.000 -195.996 9.000
R_348 -23.856 -1015.709 9.000
A_349 0.000 185.740 5.000
P_350 0.000 -195.996 8.000
G_351 0.000 -27.649 3.000
T_352 -4.441 -90.974 3.000
L_353 0.000 679.918 7.000
P_354 0.000 -195.996 7.000
E_355 -18.409 -605.239 8.000
A_356 0.000 185.740 8.000
D_357 -22.253 -475.402 11.000
P_358 0.000 -195.996 7.000
S_359 -17.811 -90.060 12.000
A_360 0.000 185.740 8.000
R_361 -28.412 -1015.709 12.000
P_362 0.000 -195.996 13.000
E_363 -27.150 -605.239 17.000
E_364 -23.258 -605.239 12.000
E_365 -27.150 -605.239 17.000
A_366 0.000 185.740 14.000
R_367 -30.711 -1015.709 14.000
W_368 -5.708 -203.500 10.000
E_369 -21.132 -605.239 10.000
V_370 0.000 613.196 9.000
C_371 0.000 322.480 11.000
Q_372 -21.132 -643.904 10.000
K_373 -16.309 -818.649 10.000
T_374 -19.059 -90.974 14.000
A_375 0.000 185.740 10.000
E_376 -21.132 -605.239 10.000
I_377 0.000 777.529 7.000
S_378 -13.255 -90.060 7.000
L_379 0.000 679.918 6.000
L_380 0.000 679.918 10.000
K_381 -17.098 -818.649 11.000
Q_382 -22.253 -643.904 11.000
Q_383 -26.485 -643.904 16.000
L_384 0.000 679.918 17.000
R_385 -29.616 -1015.709 13.000
E_386 -24.169 -605.239 13.000
A_387 0.000 185.740 13.000
Q_388 -23.258 -643.904 12.000
A_389 0.000 185.740 8.000
E_390 -18.409 -605.239 8.000
L_391 0.000 679.918 8.000
A_392 0.000 185.740 11.000
Q_393 -16.691 -643.904 7.000
K_394 -13.255 -818.649 7.000
L_395 0.000 679.918 11.000
A_396 0.000 185.740 7.000
E_397 -7.878 -605.239 4.000
I_398 0.000 777.529 7.000
F_399 0.000 560.542 7.000
S_400 -11.867 -90.060 6.000
L_401 0.000 679.918 9.000
K_402 -18.462 -818.649 13.000
T_403 -16.309 -90.974 10.000
Q_404 -25.772 -643.904 15.000
L_405 0.000 679.918 12.000
R_406 -28.412 -1015.709 12.000
G_407 0.000 -27.649 13.000
S_408 -18.462 -90.060 13.000
R_409 -28.412 -1015.709 12.000
A_410 0.000 185.740 12.000
Q_411 -24.169 -643.904 13.000
A_412 0.000 185.740 8.000
Q_413 -23.258 -643.904 12.000
A_414 0.000 185.740 12.000
Q_415 -23.258 -643.904 12.000
D_416 -23.258 -475.402 12.000
A_417 0.000 185.740 12.000
E_418 -18.409 -605.239 8.000
L_419 0.000 679.918 9.000
V_420 0.000 613.196 9.000
R_421 -25.574 -1015.709 10.000
L_422 0.000 679.918 14.000
R_423 -30.711 -1015.709 14.000
E_424 -19.866 -605.239 9.000
A_425 0.000 185.740 14.000
V_426 0.000 613.196 12.000
R_427 -21.845 -1015.709 8.000
S_428 -17.811 -90.060 12.000
L_429 0.000 679.918 16.000
Q_430 -25.772 -643.904 15.000
E_431 -23.258 -605.239 12.000
Q_432 -23.258 -643.904 12.000
A_433 0.000 185.740 13.000
P_434 0.000 -195.996 13.000
R_435 -29.616 -1015.709 13.000
E_436 -24.169 -605.239 13.000
E_437 -24.169 -605.239 13.000
A_438 0.000 185.740 8.000
P_439 0.000 -195.996 7.000
G_440 0.000 -27.649 3.000
S_441 -13.255 -90.060 7.000
C_442 0.000 322.480 10.000
E_443 -25.003 -605.239 14.000
T_444 -19.613 -90.974 15.000
D_445 -25.772 -475.402 15.000
D_446 -25.003 -475.402 14.000
C_447 0.000 322.480 14.000
K_448 -19.613 -818.649 15.000
S_449 -17.098 -90.060 11.000
R_450 -27.076 -1015.709 11.000
G_451 0.000 -27.649 8.000
L_452 0.000 679.918 5.000
L_453 0.000 679.918 4.000
G_454 0.000 -27.649 4.000
E_455 -7.878 -605.239 4.000
A_456 0.000 185.740 4.000
G_457 0.000 -27.649 7.000
G_458 0.000 -27.649 7.000
S_459 -13.255 -90.060 7.000
E_460 -23.258 -605.239 12.000
A_461 0.000 185.740 16.000
R_462 -32.645 -1015.709 16.000
D_463 -23.258 -475.402 12.000
S_464 -20.127 -90.060 16.000
A_465 0.000 185.740 15.000
E_466 -22.253 -605.239 11.000
Q_467 -24.169 -643.904 13.000
L_468 0.000 679.918 13.000
R_469 -29.616 -1015.709 13.000
A_470 0.000 185.740 9.000
E_471 -19.866 -605.239 9.000
L_472 0.000 679.918 8.000
L_473 0.000 679.918 12.000
Q_474 -24.169 -643.904 13.000
E_475 -24.169 -605.239 13.000
R_476 -34.315 -1015.709 18.000
L_477 0.000 679.918 14.000
R_478 -30.711 -1015.709 14.000
G_479 0.000 -27.649 13.000
Q_480 -27.150 -643.904 17.000
E_481 -23.258 -605.239 12.000
Q_482 -23.258 -643.904 12.000
A_483 0.000 185.740 13.000
L_484 0.000 679.918 9.000
R_485 -23.856 -1015.709 9.000
F_486 0.000 560.542 13.000
E_487 -27.150 -605.239 17.000
Q_488 -27.150 -643.904 17.000
E_489 -29.934 -605.239 22.000
R_490 -36.459 -1015.709 21.000
R_491 -34.315 -1015.709 18.000
T_492 -21.060 -90.974 18.000
W_493 -7.023 -203.500 17.000
Q_494 -26.485 -643.904 16.000
E_495 -26.485 -605.239 16.000
E_496 -28.359 -605.239 19.000
K_497 -21.889 -818.649 20.000
E_498 -26.485 -605.239 16.000
R_499 -28.412 -1015.709 12.000
V_500 0.000 613.196 14.000
L_501 0.000 679.918 12.000
R_502 -27.076 -1015.709 11.000
Y_503 -13.586 -274.939 16.000
Q_504 -28.912 -643.904 20.000
R_505 -31.716 -1015.709 15.000
E_506 -27.150 -605.239 17.000
I_507 0.000 777.529 13.000
Q_508 -18.409 -643.904 8.000
G_509 0.000 -27.649 6.000
G_510 0.000 -27.649 6.000
Y_511 -8.431 -274.939 6.000
M_512 0.000 401.769 6.000
D_513 -18.409 -475.402 8.000
M_514 0.000 401.769 11.000
Y_515 -13.586 -274.939 16.000
R_516 -32.645 -1015.709 16.000
R_517 -35.785 -1015.709 20.000
N_518 -27.773 -507.047 18.000
Q_519 -24.169 -643.904 13.000
A_520 0.000 185.740 12.000
L_521 0.000 679.918 12.000
E_522 -23.258 -605.239 12.000
Q_523 -23.258 -643.904 12.000
E_524 -27.150 -605.239 17.000
L_525 0.000 679.918 13.000
R_526 -23.856 -1015.709 9.000
A_527 0.000 185.740 10.000
L_528 0.000 679.918 14.000
R_529 -23.856 -1015.709 9.000
E_530 -19.866 -605.239 9.000
P_531 0.000 -195.996 12.000
P_532 0.000 -195.996 7.000
T_533 -7.878 -90.974 4.000
P_534 0.000 -195.996 7.000
W_535 -4.824 -203.500 7.000
S_536 -15.425 -90.060 9.000
P_537 0.000 -195.996 9.000
R_538 -28.412 -1015.709 12.000
L_539 0.000 679.918 12.000
E_540 -25.772 -605.239 15.000
S_541 -18.462 -90.060 13.000
S_542 -18.462 -90.060 13.000
K_543 -15.425 -818.649 9.000
I_544 0.000 777.529 6.000
