M_1 0.000 401.769 0.000
F_2 0.000 560.542 3.000
G_3 0.000 -27.649 3.000
K_4 -13.255 -818.649 7.000
P_5 0.000 -195.996 10.000
D_6 -21.132 -475.402 10.000
K_7 -17.098 -818.649 11.000
M_8 0.000 401.769 11.000
D_9 -23.258 -475.402 12.000
V_10 0.000 613.196 9.000
R_11 -27.076 -1015.709 11.000
C_12 0.000 322.480 10.000
H_13 -12.900 -583.484 14.000
S_14 -15.425 -90.060 9.000
D_15 -24.169 -475.402 13.000
A_16 0.000 185.740 11.000
E_17 -18.409 -605.239 8.000
A_18 0.000 185.740 9.000
A_19 0.000 185.740 9.000
R_20 -21.845 -1015.709 8.000
V_21 0.000 613.196 11.000
S_22 -19.613 -90.060 15.000
K_23 -16.309 -818.649 10.000
N_24 -23.258 -507.047 12.000
A_25 0.000 185.740 12.000
H_26 -12.518 -583.484 13.000
K_27 -17.811 -818.649 12.000
E_28 -27.150 -605.239 17.000
S_29 -21.486 -90.060 19.000
R_30 -35.072 -1015.709 19.000
E_31 -27.773 -605.239 18.000
S_32 -19.613 -90.060 15.000
K_33 -16.309 -818.649 10.000
G_34 0.000 -27.649 10.000
A_35 0.000 185.740 7.000
E_36 -18.409 -605.239 8.000
G_37 0.000 -27.649 8.000
N_38 -18.409 -507.047 8.000
L_39 0.000 679.918 4.000
P_40 0.000 -195.996 4.000
A_41 0.000 185.740 0.000
A_42 0.000 185.740 0.000
F_43 0.000 560.542 3.000
L_44 0.000 679.918 7.000
K_45 -13.255 -818.649 7.000
E_46 -22.253 -605.239 11.000
P_47 0.000 -195.996 11.000
Q_48 -18.409 -643.904 8.000
G_49 0.000 -27.649 4.000
A_50 0.000 185.740 7.000
F_51 0.000 560.542 3.000
S_52 -11.867 -90.060 6.000
A_53 0.000 185.740 6.000
S_54 -11.867 -90.060 6.000
G_55 0.000 -27.649 3.000
A_56 0.000 185.740 7.000
A_57 0.000 185.740 8.000
E_58 -18.409 -605.239 8.000
D_59 -23.258 -475.402 12.000
C_60 0.000 322.480 15.000
N_61 -25.003 -507.047 14.000
K_62 -18.462 -818.649 13.000
S_63 -20.127 -90.060 16.000
K_64 -20.127 -818.649 16.000
S_65 -20.127 -90.060 16.000
N_66 -24.169 -507.047 13.000
S_67 -16.309 -90.060 10.000
A_68 0.000 185.740 11.000
A_69 0.000 185.740 7.000
D_70 -18.409 -475.402 8.000
P_71 0.000 -195.996 10.000
D_72 -21.132 -475.402 10.000
Y_73 -11.652 -274.939 11.000
C_74 0.000 322.480 16.000
R_75 -28.412 -1015.709 12.000
R_76 -25.574 -1015.709 10.000
I_77 0.000 777.529 10.000
L_78 0.000 679.918 10.000
V_79 0.000 613.196 9.000
R_80 -23.856 -1015.709 9.000
D_81 -23.258 -475.402 12.000
A_82 0.000 185.740 12.000
K_83 -16.309 -818.649 10.000
G_84 0.000 -27.649 6.000
S_85 -17.098 -90.060 11.000
I_86 0.000 777.529 12.000
R_87 -28.412 -1015.709 12.000
E_88 -19.866 -605.239 9.000
I_89 0.000 777.529 9.000
I_90 0.000 777.529 4.000
L_91 0.000 679.918 3.000
P_92 0.000 -195.996 3.000
K_93 -4.441 -818.649 3.000
G_94 0.000 -27.649 7.000
L_95 0.000 679.918 7.000
D_96 -18.409 -475.402 8.000
L_97 0.000 679.918 13.000
D_98 -24.169 -475.402 13.000
R_99 -28.412 -1015.709 12.000
P_100 0.000 -195.996 17.000
K_101 -20.127 -818.649 16.000
R_102 -32.645 -1015.709 16.000
T_103 -21.486 -90.974 19.000
R_104 -35.072 -1015.709 19.000
T_105 -19.059 -90.974 14.000
S_106 -19.059 -90.060 14.000
F_107 0.000 560.542 9.000
T_108 -16.309 -90.974 10.000
A_109 0.000 185.740 11.000
E_110 -22.253 -605.239 11.000
Q_111 -21.132 -643.904 10.000
L_112 0.000 679.918 15.000
Y_113 -11.652 -274.939 11.000
R_114 -27.076 -1015.709 11.000
L_115 0.000 679.918 11.000
E_116 -24.169 -605.239 13.000
M_117 0.000 401.769 8.000
E_118 -23.258 -605.239 12.000
F_119 0.000 560.542 13.000
Q_120 -24.169 -643.904 13.000
R_121 -29.616 -1015.709 13.000
C_122 0.000 322.480 15.000
Q_123 -22.253 -643.904 11.000
Y_124 -8.431 -274.939 6.000
V_125 0.000 613.196 6.000
V_126 0.000 613.196 7.000
G_127 0.000 -27.649 9.000
R_128 -30.711 -1015.709 14.000
E_129 -27.150 -605.239 17.000
R_130 -36.459 -1015.709 21.000
T_131 -20.127 -90.974 16.000
E_132 -23.258 -605.239 12.000
L_133 0.000 679.918 12.000
A_134 0.000 185.740 13.000
R_135 -23.856 -1015.709 9.000
Q_136 -24.169 -643.904 13.000
L_137 0.000 679.918 13.000
N_138 -22.253 -507.047 11.000
L_139 0.000 679.918 11.000
S_140 -19.059 -90.060 14.000
E_141 -25.003 -605.239 14.000
T_142 -19.059 -90.974 14.000
Q_143 -25.003 -643.904 14.000
V_144 0.000 613.196 10.000
K_145 -14.420 -818.649 8.000
V_146 0.000 613.196 4.000
W_147 -5.155 -203.500 8.000
F_148 0.000 560.542 9.000
Q_149 -25.003 -643.904 14.000
N_150 -27.773 -507.047 18.000
R_151 -36.459 -1015.709 21.000
R_152 -35.785 -1015.709 20.000
T_153 -21.889 -90.974 20.000
K_154 -21.060 -818.649 18.000
Q_155 -26.485 -643.904 16.000
K_156 -20.609 -818.649 17.000
K_157 -21.060 -818.649 18.000
D_158 -25.003 -475.402 14.000
Q_159 -25.003 -643.904 14.000
G_160 0.000 -27.649 15.000
K_161 -19.059 -818.649 14.000
D_162 -25.003 -475.402 14.000
S_163 -19.059 -90.060 14.000
E_164 -26.485 -605.239 16.000
L_165 0.000 679.918 15.000
R_166 -28.412 -1015.709 12.000
S_167 -14.420 -90.060 8.000
V_168 0.000 613.196 11.000
V_169 0.000 613.196 10.000
S_170 -16.309 -90.060 10.000
E_171 -21.132 -605.239 10.000
T_172 -16.309 -90.974 10.000
A_173 0.000 185.740 10.000
A_174 0.000 185.740 6.000
T_175 -11.867 -90.974 6.000
C_176 0.000 322.480 6.000
S_177 -11.867 -90.060 6.000
V_178 0.000 613.196 8.000
L_179 0.000 679.918 8.000
R_180 -11.867 -1015.709 5.000
L_181 0.000 679.918 9.000
L_182 0.000 679.918 13.000
E_183 -18.409 -605.239 8.000
Q_184 -24.169 -643.904 13.000
G_185 0.000 -27.649 13.000
R_186 -23.856 -1015.709 9.000
L_187 0.000 679.918 8.000
L_188 0.000 679.918 8.000
S_189 -4.441 -90.060 3.000
P_190 0.000 -195.996 3.000
P_191 0.000 -195.996 3.000
G_192 0.000 -27.649 0.000
L_193 0.000 679.918 0.000
P_194 0.000 -195.996 0.000
A_195 0.000 185.740 0.000
L_196 0.000 679.918 0.000
L_197 0.000 679.918 0.000
P_198 0.000 -195.996 0.000
P_199 0.000 -195.996 0.000
C_200 0.000 322.480 3.000
A_201 0.000 185.740 3.000
T_202 -4.441 -90.974 3.000
G_203 0.000 -27.649 3.000
A_204 0.000 185.740 3.000
L_205 0.000 679.918 3.000
G_206 0.000 -27.649 3.000
S_207 -4.441 -90.060 3.000
A_208 0.000 185.740 8.000
L_209 0.000 679.918 8.000
R_210 -11.867 -1015.709 5.000
G_211 0.000 -27.649 8.000
P_212 0.000 -195.996 8.000
S_213 -4.441 -90.060 3.000
L_214 0.000 679.918 3.000
P_215 0.000 -195.996 3.000
A_216 0.000 185.740 0.000
L_217 0.000 679.918 0.000
G_218 0.000 -27.649 0.000
A_219 0.000 185.740 0.000
G_220 0.000 -27.649 0.000
A_221 0.000 185.740 0.000
A_222 0.000 185.740 0.000
A_223 0.000 185.740 3.000
G_224 0.000 -27.649 3.000
S_225 -4.441 -90.060 3.000
A_226 0.000 185.740 3.000
A_227 0.000 185.740 3.000
A_228 0.000 185.740 0.000
A_229 0.000 185.740 0.000
A_230 0.000 185.740 0.000
A_231 0.000 185.740 0.000
A_232 0.000 185.740 0.000
A_233 0.000 185.740 0.000
P_234 0.000 -195.996 0.000
G_235 0.000 -27.649 0.000
P_236 0.000 -195.996 0.000
A_237 0.000 185.740 0.000
G_238 0.000 -27.649 0.000
A_239 0.000 185.740 3.000
A_240 0.000 185.740 3.000
S_241 -10.149 -90.060 5.000
P_242 0.000 -195.996 5.000
H_243 -7.426 -583.484 5.000
P_244 0.000 -195.996 2.000
P_245 0.000 -195.996 2.000
A_246 0.000 185.740 0.000
V_247 0.000 613.196 0.000
G_248 0.000 -27.649 0.000
G_249 0.000 -27.649 0.000
A_250 0.000 185.740 0.000
P_251 0.000 -195.996 0.000
G_252 0.000 -27.649 0.000
P_253 0.000 -195.996 0.000
G_254 0.000 -27.649 0.000
P_255 0.000 -195.996 0.000
A_256 0.000 185.740 0.000
G_257 0.000 -27.649 0.000
P_258 0.000 -195.996 0.000
G_259 0.000 -27.649 0.000
G_260 0.000 -27.649 2.000
L_261 0.000 679.918 2.000
H_262 -1.718 -583.484 2.000
A_263 0.000 185.740 2.000
G_264 0.000 -27.649 2.000
A_265 0.000 185.740 0.000
P_266 0.000 -195.996 0.000
A_267 0.000 185.740 0.000
A_268 0.000 185.740 2.000
G_269 0.000 -27.649 5.000
H_270 -7.426 -583.484 5.000
S_271 -10.149 -90.060 5.000
L_272 0.000 679.918 8.000
F_273 0.000 560.542 6.000
S_274 -4.441 -90.060 3.000
L_275 0.000 679.918 3.000
P_276 0.000 -195.996 3.000
V_277 0.000 613.196 3.000
P_278 0.000 -195.996 3.000
S_279 -4.441 -90.060 3.000
L_280 0.000 679.918 3.000
L_281 0.000 679.918 6.000
G_282 0.000 -27.649 3.000
S_283 -4.441 -90.060 3.000
V_284 0.000 613.196 6.000
A_285 0.000 185.740 11.000
S_286 -14.420 -90.060 8.000
R_287 -27.076 -1015.709 11.000
L_288 0.000 679.918 14.000
S_289 -17.098 -90.060 11.000
S_290 -11.867 -90.060 6.000
A_291 0.000 185.740 6.000
P_292 0.000 -195.996 6.000
L_293 0.000 679.918 3.000
T_294 -4.441 -90.974 3.000
M_295 0.000 401.769 3.000
A_296 0.000 185.740 6.000
G_297 0.000 -27.649 3.000
S_298 -4.441 -90.060 3.000
L_299 0.000 679.918 3.000
A_300 0.000 185.740 7.000
G_301 0.000 -27.649 4.000
N_302 -18.409 -507.047 8.000
L_303 0.000 679.918 12.000
Q_304 -23.258 -643.904 12.000
E_305 -22.253 -605.239 11.000
L_306 0.000 679.918 11.000
S_307 -17.811 -90.060 12.000
A_308 0.000 185.740 10.000
R_309 -25.574 -1015.709 10.000
Y_310 -11.154 -274.939 10.000
L_311 0.000 679.918 13.000
S_312 -17.098 -90.060 11.000
S_313 -15.425 -90.060 9.000
S_314 -15.425 -90.060 9.000
A_315 0.000 185.740 10.000
F_316 0.000 560.542 7.000
E_317 -14.591 -605.239 6.000
P_318 0.000 -195.996 9.000
Y_319 -12.900 -274.939 14.000
S_320 -18.462 -90.060 13.000
R_321 -33.508 -1015.709 17.000
T_322 -21.486 -90.974 19.000
N_323 -28.359 -507.047 19.000
N_324 -27.773 -507.047 18.000
K_325 -19.613 -818.649 15.000
E_326 -22.253 -605.239 11.000
G_327 0.000 -27.649 11.000
A_328 0.000 185.740 11.000
E_329 -21.132 -605.239 10.000
K_330 -16.309 -818.649 10.000
K_331 -16.309 -818.649 10.000
A_332 0.000 185.740 10.000
L_333 0.000 679.918 7.000
D_334 -7.878 -475.402 4.000
