M_1 0.000 401.769 8.000
R_2 -27.076 -1015.709 11.000
K_3 -17.811 -818.649 12.000
K_4 -19.613 -818.649 15.000
W_5 -5.708 -203.500 10.000
K_6 -13.255 -818.649 7.000
M_7 0.000 401.769 4.000
G_8 0.000 -27.649 3.000
G_9 0.000 -27.649 3.000
M_10 0.000 401.769 5.000
K_11 -10.149 -818.649 5.000
Y_12 -7.426 -274.939 5.000
I_13 0.000 777.529 8.000
F_14 0.000 560.542 5.000
S_15 -4.441 -90.060 3.000
L_16 0.000 679.918 3.000
L_17 0.000 679.918 3.000
F_18 0.000 560.542 0.000
F_19 0.000 560.542 0.000
L_20 0.000 679.918 0.000
L_21 0.000 679.918 4.000
L_22 0.000 679.918 4.000
E_23 -7.878 -605.239 4.000
G_24 0.000 -27.649 7.000
G_25 0.000 -27.649 10.000
K_26 -16.309 -818.649 10.000
T_27 -19.059 -90.974 14.000
E_28 -25.003 -605.239 14.000
Q_29 -25.003 -643.904 14.000
V_30 0.000 613.196 13.000
K_31 -17.811 -818.649 12.000
H_32 -12.104 -583.484 12.000
S_33 -19.613 -90.060 15.000
E_34 -25.003 -605.239 14.000
T_35 -17.811 -90.974 12.000
Y_36 -10.601 -274.939 9.000
C_37 0.000 322.480 5.000
M_38 0.000 401.769 6.000
F_39 0.000 560.542 8.000
Q_40 -22.253 -643.904 11.000
D_41 -25.003 -475.402 14.000
K_42 -20.127 -818.649 16.000
K_43 -20.609 -818.649 17.000
Y_44 -12.518 -274.939 13.000
R_45 -25.574 -1015.709 10.000
V_46 0.000 613.196 11.000
G_47 0.000 -27.649 14.000
E_48 -21.132 -605.239 10.000
R_49 -28.412 -1015.709 12.000
W_50 -6.160 -203.500 12.000
H_51 -11.154 -583.484 10.000
P_52 0.000 -195.996 5.000
Y_53 -9.978 -274.939 8.000
L_54 0.000 679.918 6.000
E_55 -18.409 -605.239 8.000
P_56 0.000 -195.996 6.000
Y_57 -8.431 -274.939 6.000
G_58 0.000 -27.649 2.000
L_59 0.000 679.918 4.000
V_60 0.000 613.196 2.000
Y_61 -1.718 -274.939 2.000
C_62 0.000 322.480 6.000
V_63 0.000 613.196 6.000
N_64 -7.878 -507.047 4.000
C_65 0.000 322.480 4.000
I_66 0.000 777.529 7.000
C_67 0.000 322.480 7.000
S_68 -17.098 -90.060 11.000
E_69 -22.253 -605.239 11.000
N_70 -25.772 -507.047 15.000
G_71 0.000 -27.649 12.000
N_72 -18.409 -507.047 8.000
V_73 0.000 613.196 4.000
L_74 0.000 679.918 7.000
C_75 0.000 322.480 8.000
S_76 -14.420 -90.060 8.000
R_77 -29.616 -1015.709 13.000
V_78 0.000 613.196 13.000
R_79 -25.574 -1015.709 10.000
C_80 0.000 322.480 9.000
P_81 0.000 -195.996 9.000
N_82 -14.591 -507.047 6.000
V_83 0.000 613.196 6.000
H_84 -8.431 -583.484 6.000
C_85 0.000 322.480 5.000
L_86 0.000 679.918 5.000
S_87 -4.441 -90.060 3.000
P_88 0.000 -195.996 5.000
V_89 0.000 613.196 5.000
H_90 -1.718 -583.484 2.000
I_91 0.000 777.529 4.000
P_92 0.000 -195.996 4.000
H_93 -1.718 -583.484 2.000
L_94 0.000 679.918 2.000
C_95 0.000 322.480 2.000
C_96 0.000 322.480 5.000
P_97 0.000 -195.996 5.000
R_98 -11.867 -1015.709 5.000
C_99 0.000 322.480 9.000
P_100 0.000 -195.996 13.000
E_101 -22.253 -605.239 11.000
D_102 -22.253 -475.402 11.000
S_103 -17.098 -90.060 11.000
L_104 0.000 679.918 7.000
P_105 0.000 -195.996 3.000
P_106 0.000 -195.996 4.000
V_107 0.000 613.196 8.000
N_108 -22.253 -507.047 11.000
N_109 -22.253 -507.047 11.000
K_110 -19.059 -818.649 14.000
V_111 0.000 613.196 13.000
T_112 -17.811 -90.974 12.000
S_113 -17.811 -90.060 12.000
K_114 -17.811 -818.649 12.000
S_115 -18.462 -90.060 13.000
C_116 0.000 322.480 12.000
E_117 -24.169 -605.239 13.000
Y_118 -11.154 -274.939 10.000
N_119 -24.169 -507.047 13.000
G_120 0.000 -27.649 12.000
T_121 -17.811 -90.974 12.000
T_122 -17.811 -90.974 12.000
Y_123 -12.900 -274.939 14.000
Q_124 -22.253 -643.904 11.000
H_125 -12.104 -583.484 12.000
G_126 0.000 -27.649 10.000
E_127 -14.591 -605.239 6.000
L_128 0.000 679.918 4.000
F_129 0.000 560.542 4.000
V_130 0.000 613.196 4.000
A_131 0.000 185.740 4.000
E_132 -7.878 -605.239 4.000
G_133 0.000 -27.649 4.000
L_134 0.000 679.918 8.000
F_135 0.000 560.542 8.000
Q_136 -24.169 -643.904 13.000
N_137 -27.150 -507.047 17.000
R_138 -33.508 -1015.709 17.000
Q_139 -27.150 -643.904 17.000
P_140 0.000 -195.996 17.000
N_141 -23.258 -507.047 12.000
Q_142 -22.253 -643.904 11.000
C_143 0.000 322.480 15.000
T_144 -17.098 -90.974 11.000
Q_145 -21.132 -643.904 10.000
C_146 0.000 322.480 10.000
S_147 -16.309 -90.060 10.000
C_148 0.000 322.480 10.000
S_149 -16.309 -90.060 10.000
E_150 -22.253 -605.239 11.000
G_151 0.000 -27.649 11.000
N_152 -21.132 -507.047 10.000
V_153 0.000 613.196 6.000
Y_154 -8.431 -274.939 6.000
C_155 0.000 322.480 2.000
G_156 0.000 -27.649 5.000
L_157 0.000 679.918 6.000
K_158 -11.867 -818.649 6.000
T_159 -11.867 -90.974 6.000
C_160 0.000 322.480 9.000
P_161 0.000 -195.996 6.000
K_162 -11.867 -818.649 6.000
L_163 0.000 679.918 6.000
T_164 -11.867 -90.974 6.000
C_165 0.000 322.480 3.000
A_166 0.000 185.740 3.000
F_167 0.000 560.542 0.000
P_168 0.000 -195.996 3.000
V_169 0.000 613.196 3.000
S_170 -4.441 -90.060 3.000
V_171 0.000 613.196 7.000
P_172 0.000 -195.996 10.000
D_173 -16.691 -475.402 7.000
S_174 -13.255 -90.060 7.000
C_175 0.000 322.480 12.000
C_176 0.000 322.480 8.000
R_177 -11.867 -1015.709 5.000
V_178 0.000 613.196 10.000
C_179 0.000 322.480 10.000
R_180 -23.856 -1015.709 9.000
G_181 0.000 -27.649 9.000
D_182 -24.169 -475.402 13.000
G_183 0.000 -27.649 8.000
E_184 -22.253 -605.239 11.000
L_185 0.000 679.918 8.000
S_186 -17.811 -90.060 12.000
W_187 -5.708 -203.500 10.000
E_188 -24.169 -605.239 13.000
H_189 -12.900 -583.484 14.000
S_190 -18.462 -90.060 13.000
D_191 -24.169 -475.402 13.000
G_192 0.000 -27.649 11.000
D_193 -18.409 -475.402 8.000
I_194 0.000 777.529 9.000
F_195 0.000 560.542 13.000
R_196 -23.856 -1015.709 9.000
Q_197 -19.866 -643.904 9.000
P_198 0.000 -195.996 13.000
A_199 0.000 185.740 13.000
N_200 -24.169 -507.047 13.000
R_201 -29.616 -1015.709 13.000
E_202 -27.773 -605.239 18.000
A_203 0.000 185.740 16.000
R_204 -30.711 -1015.709 14.000
H_205 -12.104 -583.484 12.000
S_206 -19.059 -90.060 14.000
Y_207 -12.900 -274.939 14.000
H_208 -13.255 -583.484 15.000
R_209 -30.711 -1015.709 14.000
S_210 -19.059 -90.060 14.000
H_211 -13.586 -583.484 16.000
Y_212 -11.652 -274.939 11.000
D_213 -18.409 -475.402 8.000
P_214 0.000 -195.996 6.000
P_215 0.000 -195.996 7.000
P_216 0.000 -195.996 8.000
S_217 -17.811 -90.060 12.000
R_218 -28.412 -1015.709 12.000
Q_219 -23.258 -643.904 12.000
A_220 0.000 185.740 9.000
G_221 0.000 -27.649 4.000
G_222 0.000 -27.649 3.000
L_223 0.000 679.918 8.000
S_224 -14.420 -90.060 8.000
R_225 -21.845 -1015.709 8.000
F_226 0.000 560.542 8.000
P_227 0.000 -195.996 5.000
G_228 0.000 -27.649 5.000
A_229 0.000 185.740 8.000
R_230 -25.574 -1015.709 10.000
S_231 -19.613 -90.060 15.000
H_232 -13.255 -583.484 15.000
R_233 -25.574 -1015.709 10.000
G_234 0.000 -27.649 7.000
A_235 0.000 185.740 5.000
L_236 0.000 679.918 4.000
M_237 0.000 401.769 7.000
D_238 -22.253 -475.402 11.000
S_239 -19.613 -90.060 15.000
Q_240 -25.772 -643.904 15.000
Q_241 -25.003 -643.904 14.000
A_242 0.000 185.740 11.000
S_243 -16.309 -90.060 10.000
G_244 0.000 -27.649 6.000
T_245 -11.867 -90.974 6.000
I_246 0.000 777.529 7.000
V_247 0.000 613.196 7.000
Q_248 -7.878 -643.904 4.000
I_249 0.000 777.529 4.000
V_250 0.000 613.196 8.000
I_251 0.000 777.529 8.000
N_252 -22.253 -507.047 11.000
N_253 -24.169 -507.047 13.000
K_254 -20.127 -818.649 16.000
H_255 -12.900 -583.484 14.000
K_256 -16.309 -818.649 10.000
H_257 -11.652 -583.484 11.000
G_258 0.000 -27.649 9.000
Q_259 -14.591 -643.904 6.000
V_260 0.000 613.196 4.000
C_261 0.000 322.480 7.000
V_262 0.000 613.196 7.000
S_263 -13.255 -90.060 7.000
N_264 -21.132 -507.047 10.000
G_265 0.000 -27.649 13.000
K_266 -17.811 -818.649 12.000
T_267 -17.098 -90.974 11.000
Y_268 -12.518 -274.939 13.000
S_269 -16.309 -90.060 10.000
H_270 -11.652 -583.484 11.000
G_271 0.000 -27.649 12.000
E_272 -21.132 -605.239 10.000
S_273 -16.309 -90.060 10.000
W_274 -5.708 -203.500 10.000
H_275 -11.154 -583.484 10.000
P_276 0.000 -195.996 7.000
N_277 -22.253 -507.047 11.000
L_278 0.000 679.918 9.000
R_279 -23.856 -1015.709 9.000
A_280 0.000 185.740 5.000
F_281 0.000 560.542 5.000
G_282 0.000 -27.649 0.000
I_283 0.000 777.529 4.000
V_284 0.000 613.196 4.000
E_285 -7.878 -605.239 4.000
C_286 0.000 322.480 4.000
V_287 0.000 613.196 4.000
L_288 0.000 679.918 3.000
C_289 0.000 322.480 3.000
T_290 -13.255 -90.974 7.000
C_291 0.000 322.480 7.000
N_292 -21.132 -507.047 10.000
V_293 0.000 613.196 10.000
T_294 -19.059 -90.974 14.000
K_295 -19.059 -818.649 14.000
Q_296 -25.003 -643.904 14.000
E_297 -25.003 -605.239 14.000
C_298 0.000 322.480 14.000
K_299 -16.309 -818.649 10.000
K_300 -14.420 -818.649 8.000
I_301 0.000 777.529 8.000
H_302 -7.426 -583.484 5.000
C_303 0.000 322.480 6.000
P_304 0.000 -195.996 11.000
N_305 -22.253 -507.047 11.000
R_306 -27.076 -1015.709 11.000
Y_307 -11.652 -274.939 11.000
P_308 0.000 -195.996 10.000
C_309 0.000 322.480 7.000
K_310 -10.149 -818.649 5.000
Y_311 -10.601 -274.939 9.000
P_312 0.000 -195.996 12.000
Q_313 -19.866 -643.904 9.000
K_314 -17.098 -818.649 11.000
I_315 0.000 777.529 11.000
D_316 -21.132 -475.402 10.000
G_317 0.000 -27.649 7.000
K_318 -13.255 -818.649 7.000
C_319 0.000 322.480 6.000
C_320 0.000 322.480 6.000
K_321 -4.441 -818.649 3.000
V_322 0.000 613.196 3.000
C_323 0.000 322.480 3.000
P_324 0.000 -195.996 3.000
G_325 0.000 -27.649 6.000
K_326 -11.867 -818.649 6.000
K_327 -15.425 -818.649 9.000
A_328 0.000 185.740 13.000
K_329 -19.059 -818.649 14.000
E_330 -22.253 -605.239 11.000
E_331 -22.253 -605.239 11.000
L_332 0.000 679.918 8.000
P_333 0.000 -195.996 8.000
G_334 0.000 -27.649 7.000
Q_335 -16.691 -643.904 7.000
S_336 -17.098 -90.060 11.000
F_337 0.000 560.542 15.000
D_338 -25.003 -475.402 14.000
N_339 -22.253 -507.047 11.000
K_340 -18.462 -818.649 13.000
G_341 0.000 -27.649 9.000
Y_342 -7.426 -274.939 5.000
F_343 0.000 560.542 2.000
C_344 0.000 322.480 6.000
G_345 0.000 -27.649 8.000
E_346 -22.253 -605.239 11.000
E_347 -22.253 -605.239 11.000
T_348 -17.098 -90.974 11.000
M_349 0.000 401.769 7.000
P_350 0.000 -195.996 5.000
V_351 0.000 613.196 6.000
Y_352 -10.601 -274.939 9.000
E_353 -19.866 -605.239 9.000
S_354 -15.425 -90.060 9.000
V_355 0.000 613.196 7.000
F_356 0.000 560.542 7.000
M_357 0.000 401.769 8.000
E_358 -18.409 -605.239 8.000
D_359 -23.258 -475.402 12.000
G_360 0.000 -27.649 15.000
E_361 -25.003 -605.239 14.000
T_362 -19.613 -90.974 15.000
T_363 -21.060 -90.974 18.000
R_364 -30.711 -1015.709 14.000
K_365 -17.098 -818.649 11.000
I_366 0.000 777.529 8.000
A_367 0.000 185.740 7.000
L_368 0.000 679.918 7.000
E_369 -22.253 -605.239 11.000
T_370 -20.127 -90.974 16.000
E_371 -26.485 -605.239 16.000
R_372 -28.412 -1015.709 12.000
P_373 0.000 -195.996 13.000
P_374 0.000 -195.996 9.000
Q_375 -18.409 -643.904 8.000
V_376 0.000 613.196 8.000
E_377 -21.132 -605.239 10.000
V_378 0.000 613.196 6.000
H_379 -9.265 -583.484 7.000
V_380 0.000 613.196 6.000
W_381 -4.441 -203.500 6.000
T_382 -15.425 -90.974 9.000
I_383 0.000 777.529 12.000
R_384 -27.076 -1015.709 11.000
K_385 -14.420 -818.649 8.000
G_386 0.000 -27.649 8.000
I_387 0.000 777.529 7.000
L_388 0.000 679.918 6.000
Q_389 -14.591 -643.904 6.000
H_390 -9.978 -583.484 8.000
F_391 0.000 560.542 8.000
H_392 -9.978 -583.484 8.000
I_393 0.000 777.529 9.000
E_394 -19.866 -605.239 9.000
K_395 -16.309 -818.649 10.000
I_396 0.000 777.529 13.000
S_397 -19.059 -90.060 14.000
K_398 -17.098 -818.649 11.000
R_399 -27.076 -1015.709 11.000
M_400 0.000 401.769 12.000
F_401 0.000 560.542 13.000
E_402 -18.409 -605.239 8.000
E_403 -18.409 -605.239 8.000
L_404 0.000 679.918 10.000
P_405 0.000 -195.996 6.000
H_406 -7.426 -583.484 5.000
F_407 0.000 560.542 5.000
K_408 -10.149 -818.649 5.000
L_409 0.000 679.918 6.000
V_410 0.000 613.196 11.000
T_411 -17.098 -90.974 11.000
R_412 -30.711 -1015.709 14.000
T_413 -19.059 -90.974 14.000
T_414 -19.059 -90.974 14.000
L_415 0.000 679.918 13.000
S_416 -17.098 -90.060 11.000
Q_417 -22.253 -643.904 11.000
W_418 -5.944 -203.500 11.000
K_419 -14.420 -818.649 8.000
I_420 0.000 777.529 7.000
F_421 0.000 560.542 10.000
T_422 -13.255 -90.974 7.000
E_423 -22.253 -605.239 11.000
G_424 0.000 -27.649 11.000
E_425 -23.258 -605.239 12.000
A_426 0.000 185.740 8.000
Q_427 -22.253 -643.904 11.000
I_428 0.000 777.529 11.000
S_429 -17.098 -90.060 11.000
Q_430 -16.691 -643.904 7.000
M_431 0.000 401.769 10.000
C_432 0.000 322.480 10.000
S_433 -17.098 -90.060 11.000
S_434 -17.098 -90.060 11.000
R_435 -27.076 -1015.709 11.000
V_436 0.000 613.196 13.000
C_437 0.000 322.480 13.000
R_438 -28.412 -1015.709 12.000
T_439 -17.811 -90.974 12.000
E_440 -26.485 -605.239 16.000
L_441 0.000 679.918 15.000
E_442 -23.258 -605.239 12.000
D_443 -18.409 -475.402 8.000
L_444 0.000 679.918 11.000
V_445 0.000 613.196 7.000
K_446 -4.441 -818.649 3.000
V_447 0.000 613.196 5.000
L_448 0.000 679.918 5.000
Y_449 -8.431 -274.939 6.000
L_450 0.000 679.918 11.000
E_451 -25.003 -605.239 14.000
R_452 -32.645 -1015.709 16.000
S_453 -21.486 -90.060 19.000
E_454 -25.772 -605.239 15.000
K_455 -17.811 -818.649 12.000
G_456 0.000 -27.649 9.000
H_457 -7.426 -583.484 5.000
C_458 0.000 322.480 2.000
