M_1 0.000 401.769 6.000
D_2 -21.132 -475.402 10.000
Y_3 -13.255 -274.939 15.000
N_4 -25.772 -507.047 15.000
R_5 -31.716 -1015.709 15.000
M_6 0.000 401.769 16.000
N_7 -23.258 -507.047 12.000
S_8 -13.255 -90.060 7.000
F_9 0.000 560.542 11.000
L_10 0.000 679.918 9.000
E_11 -14.591 -605.239 6.000
Y_12 -8.431 -274.939 6.000
P_13 0.000 -195.996 6.000
L_14 0.000 679.918 6.000
C_15 0.000 322.480 9.000
N_16 -19.866 -507.047 9.000
R_17 -23.856 -1015.709 9.000
G_18 0.000 -27.649 12.000
P_19 0.000 -195.996 8.000
S_20 -10.149 -90.060 5.000
A_21 0.000 185.740 8.000
Y_22 -9.978 -274.939 8.000
S_23 -13.255 -90.060 7.000
A_24 0.000 185.740 10.000
H_25 -9.978 -583.484 8.000
S_26 -10.149 -90.060 5.000
A_27 0.000 185.740 8.000
P_28 0.000 -195.996 9.000
T_29 -11.867 -90.974 6.000
S_30 -11.867 -90.060 6.000
F_31 0.000 560.542 6.000
P_32 0.000 -195.996 6.000
P_33 0.000 -195.996 6.000
S_34 -11.867 -90.060 6.000
S_35 -16.309 -90.060 10.000
A_36 0.000 185.740 10.000
Q_37 -16.691 -643.904 7.000
A_38 0.000 185.740 8.000
V_39 0.000 613.196 11.000
D_40 -19.866 -475.402 9.000
S_41 -15.425 -90.060 9.000
Y_42 -12.104 -274.939 12.000
A_43 0.000 185.740 12.000
S_44 -15.425 -90.060 9.000
E_45 -23.258 -605.239 12.000
G_46 0.000 -27.649 14.000
R_47 -27.076 -1015.709 11.000
Y_48 -9.265 -274.939 7.000
G_49 0.000 -27.649 7.000
G_50 0.000 -27.649 2.000
G_51 0.000 -27.649 3.000
L_52 0.000 679.918 6.000
S_53 -11.867 -90.060 6.000
S_54 -11.867 -90.060 6.000
P_55 0.000 -195.996 6.000
A_56 0.000 185.740 7.000
F_57 0.000 560.542 8.000
Q_58 -23.258 -643.904 12.000
Q_59 -25.772 -643.904 15.000
N_60 -25.772 -507.047 15.000
S_61 -18.462 -90.060 13.000
G_62 0.000 -27.649 9.000
Y_63 -7.426 -274.939 5.000
P_64 0.000 -195.996 6.000
A_65 0.000 185.740 10.000
Q_66 -18.409 -643.904 8.000
Q_67 -18.409 -643.904 8.000
P_68 0.000 -195.996 11.000
P_69 0.000 -195.996 10.000
S_70 -11.867 -90.060 6.000
T_71 -11.867 -90.974 6.000
L_72 0.000 679.918 6.000
G_73 0.000 -27.649 3.000
V_74 0.000 613.196 0.000
P_75 0.000 -195.996 0.000
F_76 0.000 560.542 3.000
P_77 0.000 -195.996 6.000
S_78 -11.867 -90.060 6.000
S_79 -11.867 -90.060 6.000
A_80 0.000 185.740 9.000
P_81 0.000 -195.996 6.000
S_82 -10.149 -90.060 5.000
G_83 0.000 -27.649 5.000
Y_84 -7.426 -274.939 5.000
A_85 0.000 185.740 2.000
P_86 0.000 -195.996 2.000
A_87 0.000 185.740 0.000
A_88 0.000 185.740 3.000
C_89 0.000 322.480 3.000
S_90 -11.867 -90.060 6.000
P_91 0.000 -195.996 8.000
S_92 -14.420 -90.060 8.000
Y_93 -7.426 -274.939 5.000
G_94 0.000 -27.649 8.000
P_95 0.000 -195.996 9.000
S_96 -15.425 -90.060 9.000
Q_97 -22.253 -643.904 11.000
Y_98 -11.652 -274.939 11.000
Y_99 -9.978 -274.939 8.000
P_100 0.000 -195.996 4.000
L_101 0.000 679.918 6.000
G_102 0.000 -27.649 7.000
Q_103 -22.253 -643.904 11.000
S_104 -17.098 -90.060 11.000
E_105 -25.772 -605.239 15.000
G_106 0.000 -27.649 11.000
D_107 -18.409 -475.402 8.000
G_108 0.000 -27.649 6.000
G_109 0.000 -27.649 6.000
Y_110 -6.160 -274.939 4.000
F_111 0.000 560.542 4.000
H_112 -9.265 -583.484 7.000
P_113 0.000 -195.996 8.000
S_114 -16.309 -90.060 10.000
S_115 -14.420 -90.060 8.000
Y_116 -9.978 -274.939 8.000
G_117 0.000 -27.649 9.000
A_118 0.000 185.740 6.000
Q_119 -7.878 -643.904 4.000
L_120 0.000 679.918 4.000
G_121 0.000 -27.649 4.000
G_122 0.000 -27.649 3.000
L_123 0.000 679.918 7.000
S_124 -13.255 -90.060 7.000
D_125 -19.866 -475.402 9.000
G_126 0.000 -27.649 9.000
Y_127 -8.431 -274.939 6.000
G_128 0.000 -27.649 2.000
A_129 0.000 185.740 2.000
G_130 0.000 -27.649 0.000
G_131 0.000 -27.649 0.000
A_132 0.000 185.740 0.000
G_133 0.000 -27.649 0.000
P_134 0.000 -195.996 0.000
G_135 0.000 -27.649 2.000
P_136 0.000 -195.996 2.000
Y_137 -1.718 -274.939 2.000
P_138 0.000 -195.996 6.000
P_139 0.000 -195.996 8.000
Q_140 -14.591 -643.904 6.000
H_141 -8.431 -583.484 6.000
P_142 0.000 -195.996 8.000
P_143 0.000 -195.996 4.000
Y_144 -8.431 -274.939 6.000
G_145 0.000 -27.649 10.000
N_146 -25.003 -507.047 14.000
E_147 -25.772 -605.239 15.000
Q_148 -25.772 -643.904 15.000
T_149 -19.059 -90.974 14.000
A_150 0.000 185.740 10.000
S_151 -11.867 -90.060 6.000
F_152 0.000 560.542 3.000
A_153 0.000 185.740 3.000
P_154 0.000 -195.996 2.000
A_155 0.000 185.740 2.000
Y_156 -8.431 -274.939 6.000
A_157 0.000 185.740 6.000
D_158 -14.591 -475.402 6.000
L_159 0.000 679.918 7.000
L_160 0.000 679.918 11.000
S_161 -17.098 -90.060 11.000
E_162 -25.003 -605.239 14.000
D_163 -27.773 -475.402 18.000
K_164 -21.060 -818.649 18.000
E_165 -25.003 -605.239 14.000
T_166 -16.309 -90.974 10.000
P_167 0.000 -195.996 7.000
C_168 0.000 322.480 6.000
P_169 0.000 -195.996 7.000
S_170 -13.255 -90.060 7.000
E_171 -22.253 -605.239 11.000
P_172 0.000 -195.996 14.000
N_173 -22.253 -507.047 11.000
T_174 -16.309 -90.974 10.000
P_175 0.000 -195.996 10.000
T_176 -17.098 -90.974 11.000
A_177 0.000 185.740 11.000
R_178 -27.076 -1015.709 11.000
T_179 -17.811 -90.974 12.000
F_180 0.000 560.542 13.000
D_181 -18.409 -475.402 8.000
W_182 -5.155 -203.500 8.000
M_183 0.000 401.769 8.000
K_184 -13.255 -818.649 7.000
V_185 0.000 613.196 11.000
K_186 -19.613 -818.649 15.000
R_187 -28.412 -1015.709 12.000
N_188 -23.258 -507.047 12.000
P_189 0.000 -195.996 12.000
P_190 0.000 -195.996 10.000
K_191 -11.867 -818.649 6.000
T_192 -15.425 -90.974 9.000
A_193 0.000 185.740 9.000
K_194 -15.425 -818.649 9.000
V_195 0.000 613.196 10.000
S_196 -16.309 -90.060 10.000
E_197 -16.691 -605.239 7.000
P_198 0.000 -195.996 7.000
G_199 0.000 -27.649 4.000
L_200 0.000 679.918 3.000
G_201 0.000 -27.649 3.000
S_202 -11.867 -90.060 6.000
P_203 0.000 -195.996 6.000
S_204 -11.867 -90.060 6.000
G_205 0.000 -27.649 8.000
L_206 0.000 679.918 11.000
R_207 -28.412 -1015.709 12.000
T_208 -17.811 -90.974 12.000
N_209 -25.772 -507.047 15.000
F_210 0.000 560.542 13.000
T_211 -19.613 -90.974 15.000
T_212 -19.613 -90.974 15.000
R_213 -31.716 -1015.709 15.000
Q_214 -25.772 -643.904 15.000
L_215 0.000 679.918 16.000
T_216 -17.098 -90.974 11.000
E_217 -22.253 -605.239 11.000
L_218 0.000 679.918 14.000
E_219 -25.772 -605.239 15.000
K_220 -17.098 -818.649 11.000
E_221 -24.169 -605.239 13.000
F_222 0.000 560.542 9.000
H_223 -11.154 -583.484 10.000
F_224 0.000 560.542 9.000
N_225 -22.253 -507.047 11.000
K_226 -15.425 -818.649 9.000
Y_227 -12.104 -274.939 12.000
L_228 0.000 679.918 13.000
S_229 -16.309 -90.060 10.000
R_230 -29.616 -1015.709 13.000
A_231 0.000 185.740 18.000
R_232 -31.716 -1015.709 15.000
R_233 -30.711 -1015.709 14.000
V_234 0.000 613.196 14.000
E_235 -19.866 -605.239 9.000
I_236 0.000 777.529 4.000
A_237 0.000 185.740 7.000
A_238 0.000 185.740 3.000
T_239 -13.255 -90.974 7.000
L_240 0.000 679.918 7.000
E_241 -22.253 -605.239 11.000
L_242 0.000 679.918 12.000
N_243 -25.772 -507.047 15.000
E_244 -25.772 -605.239 15.000
T_245 -19.613 -90.974 15.000
Q_246 -25.003 -643.904 14.000
V_247 0.000 613.196 10.000
K_248 -14.420 -818.649 8.000
I_249 0.000 777.529 4.000
W_250 -5.155 -203.500 8.000
F_251 0.000 560.542 9.000
Q_252 -25.003 -643.904 14.000
N_253 -27.773 -507.047 18.000
R_254 -34.315 -1015.709 18.000
R_255 -33.508 -1015.709 17.000
M_256 0.000 401.769 17.000
K_257 -19.613 -818.649 15.000
Q_258 -24.169 -643.904 13.000
K_259 -21.060 -818.649 18.000
K_260 -21.486 -818.649 19.000
R_261 -35.785 -1015.709 20.000
E_262 -29.436 -605.239 21.000
R_263 -37.098 -1015.709 22.000
E_264 -27.150 -605.239 17.000
E_265 -27.773 -605.239 18.000
G_266 0.000 -27.649 13.000
R_267 -23.856 -1015.709 9.000
V_268 0.000 613.196 5.000
P_269 0.000 -195.996 5.000
P_270 0.000 -195.996 0.000
A_271 0.000 185.740 0.000
P_272 0.000 -195.996 0.000
P_273 0.000 -195.996 0.000
G_274 0.000 -27.649 0.000
C_275 0.000 322.480 3.000
P_276 0.000 -195.996 7.000
K_277 -13.255 -818.649 7.000
E_278 -16.691 -605.239 7.000
A_279 0.000 185.740 7.000
A_280 0.000 185.740 8.000
G_281 0.000 -27.649 4.000
D_282 -16.691 -475.402 7.000
A_283 0.000 185.740 11.000
S_284 -19.613 -90.060 15.000
D_285 -25.003 -475.402 14.000
Q_286 -27.150 -643.904 17.000
S_287 -19.059 -90.060 14.000
T_288 -18.462 -90.974 13.000
C_289 0.000 322.480 12.000
T_290 -15.425 -90.974 9.000
S_291 -16.309 -90.060 10.000
P_292 0.000 -195.996 10.000
E_293 -21.132 -605.239 10.000
A_294 0.000 185.740 7.000
S_295 -16.309 -90.060 10.000
P_296 0.000 -195.996 9.000
S_297 -15.425 -90.060 9.000
S_298 -15.425 -90.060 9.000
V_299 0.000 613.196 12.000
T_300 -15.425 -90.974 9.000
S_301 -11.867 -90.060 6.000
