M_1 0.000 401.769 7.000
E_2 -16.691 -605.239 7.000
S_3 -13.255 -90.060 7.000
P_4 0.000 -195.996 11.000
G_5 0.000 -27.649 10.000
E_6 -16.691 -605.239 7.000
S_7 -13.255 -90.060 7.000
G_8 0.000 -27.649 7.000
A_9 0.000 185.740 6.000
G_10 0.000 -27.649 3.000
S_11 -4.441 -90.060 3.000
P_12 0.000 -195.996 3.000
G_13 0.000 -27.649 3.000
A_14 0.000 185.740 3.000
P_15 0.000 -195.996 3.000
S_16 -11.867 -90.060 6.000
P_17 0.000 -195.996 9.000
S_18 -15.425 -90.060 9.000
S_19 -15.425 -90.060 9.000
F_20 0.000 560.542 12.000
T_21 -15.425 -90.974 9.000
T_22 -14.420 -90.974 8.000
G_23 0.000 -27.649 8.000
H_24 -7.426 -583.484 5.000
L_25 0.000 679.918 7.000
A_26 0.000 185.740 11.000
R_27 -28.412 -1015.709 12.000
E_28 -23.258 -605.239 12.000
K_29 -17.811 -818.649 12.000
P_30 0.000 -195.996 11.000
A_31 0.000 185.740 11.000
Q_32 -18.409 -643.904 8.000
D_33 -18.409 -475.402 8.000
P_34 0.000 -195.996 10.000
L_35 0.000 679.918 10.000
Y_36 -8.431 -274.939 6.000
D_37 -14.591 -475.402 6.000
V_38 0.000 613.196 10.000
P_39 0.000 -195.996 8.000
N_40 -16.691 -507.047 7.000
A_41 0.000 185.740 7.000
S_42 -13.255 -90.060 7.000
G_43 0.000 -27.649 7.000
G_44 0.000 -27.649 7.000
Q_45 -7.878 -643.904 4.000
A_46 0.000 185.740 4.000
G_47 0.000 -27.649 4.000
G_48 0.000 -27.649 4.000
P_49 0.000 -195.996 9.000
Q_50 -19.866 -643.904 9.000
R_51 -23.856 -1015.709 9.000
P_52 0.000 -195.996 14.000
G_53 0.000 -27.649 10.000
R_54 -11.867 -1015.709 5.000
V_55 0.000 613.196 8.000
V_56 0.000 613.196 8.000
S_57 -14.420 -90.060 8.000
L_58 0.000 679.918 12.000
R_59 -33.508 -1015.709 17.000
E_60 -25.003 -605.239 14.000
R_61 -30.711 -1015.709 14.000
L_62 0.000 679.918 9.000
L_63 0.000 679.918 8.000
L_64 0.000 679.918 8.000
T_65 -14.420 -90.974 8.000
R_66 -21.845 -1015.709 8.000
P_67 0.000 -195.996 9.000
V_68 0.000 613.196 6.000
W_69 -3.990 -203.500 5.000
L_70 0.000 679.918 5.000
Q_71 -19.866 -643.904 9.000
L_72 0.000 679.918 8.000
Q_73 -23.258 -643.904 12.000
A_74 0.000 185.740 8.000
N_75 -18.409 -507.047 8.000
A_76 0.000 185.740 4.000
A_77 0.000 185.740 4.000
A_78 0.000 185.740 0.000
A_79 0.000 185.740 2.000
L_80 0.000 679.918 2.000
H_81 -1.718 -583.484 2.000
M_82 0.000 401.769 7.000
L_83 0.000 679.918 10.000
R_84 -28.412 -1015.709 12.000
T_85 -17.811 -90.974 12.000
E_86 -23.258 -605.239 12.000
P_87 0.000 -195.996 7.000
P_88 0.000 -195.996 7.000
G_89 0.000 -27.649 3.000
T_90 -4.441 -90.974 3.000
F_91 0.000 560.542 3.000
L_92 0.000 679.918 8.000
V_93 0.000 613.196 8.000
R_94 -27.076 -1015.709 11.000
K_95 -19.613 -818.649 15.000
S_96 -21.060 -90.060 18.000
N_97 -27.773 -507.047 18.000
T_98 -21.486 -90.974 19.000
R_99 -32.645 -1015.709 16.000
Q_100 -26.485 -643.904 16.000
C_101 0.000 322.480 13.000
Q_102 -18.409 -643.904 8.000
A_103 0.000 185.740 4.000
L_104 0.000 679.918 4.000
C_105 0.000 322.480 5.000
M_106 0.000 401.769 5.000
R_107 -11.867 -1015.709 5.000
L_108 0.000 679.918 9.000
P_109 0.000 -195.996 9.000
E_110 -16.691 -605.239 7.000
A_111 0.000 185.740 7.000
S_112 -13.255 -90.060 7.000
G_113 0.000 -27.649 6.000
P_114 0.000 -195.996 6.000
S_115 -4.441 -90.060 3.000
F_116 0.000 560.542 6.000
V_117 0.000 613.196 9.000
S_118 -14.420 -90.060 8.000
S_119 -16.309 -90.060 10.000
H_120 -11.154 -583.484 10.000
Y_121 -9.265 -274.939 7.000
I_122 0.000 777.529 8.000
L_123 0.000 679.918 9.000
E_124 -16.691 -605.239 7.000
S_125 -13.255 -90.060 7.000
P_126 0.000 -195.996 7.000
G_127 0.000 -27.649 3.000
G_128 0.000 -27.649 3.000
V_129 0.000 613.196 3.000
S_130 -13.255 -90.060 7.000
L_131 0.000 679.918 7.000
E_132 -21.132 -605.239 10.000
G_133 0.000 -27.649 11.000
S_134 -17.098 -90.060 11.000
E_135 -16.691 -605.239 7.000
L_136 0.000 679.918 7.000
M_137 0.000 401.769 4.000
F_138 0.000 560.542 4.000
P_139 0.000 -195.996 4.000
D_140 -7.878 -475.402 4.000
L_141 0.000 679.918 8.000
V_142 0.000 613.196 8.000
Q_143 -7.878 -643.904 4.000
L_144 0.000 679.918 4.000
I_145 0.000 777.529 4.000
C_146 0.000 322.480 2.000
A_147 0.000 185.740 2.000
Y_148 -6.160 -274.939 4.000
C_149 0.000 322.480 7.000
H_150 -12.104 -583.484 12.000
T_151 -19.059 -90.974 14.000
R_152 -30.711 -1015.709 14.000
D_153 -23.258 -475.402 12.000
I_154 0.000 777.529 9.000
L_155 0.000 679.918 4.000
L_156 0.000 679.918 0.000
L_157 0.000 679.918 0.000
P_158 0.000 -195.996 4.000
L_159 0.000 679.918 4.000
Q_160 -7.878 -643.904 4.000
L_161 0.000 679.918 9.000
P_162 0.000 -195.996 9.000
R_163 -11.867 -1015.709 5.000
A_164 0.000 185.740 7.000
I_165 0.000 777.529 9.000
H_166 -6.160 -583.484 4.000
H_167 -6.160 -583.484 4.000
A_168 0.000 185.740 7.000
A_169 0.000 185.740 7.000
T_170 -14.420 -90.974 8.000
H_171 -12.104 -583.484 12.000
K_172 -17.811 -818.649 12.000
E_173 -24.169 -605.239 13.000
L_174 0.000 679.918 11.000
E_175 -18.409 -605.239 8.000
A_176 0.000 185.740 7.000
I_177 0.000 777.529 9.000
S_178 -10.149 -90.060 5.000
H_179 -7.426 -583.484 5.000
L_180 0.000 679.918 5.000
G_181 0.000 -27.649 6.000
I_182 0.000 777.529 4.000
E_183 -11.867 -605.239 5.000
F_184 0.000 560.542 8.000
W_185 -5.944 -203.500 11.000
S_186 -16.309 -90.060 10.000
S_187 -16.309 -90.060 10.000
S_188 -18.462 -90.060 13.000
L_189 0.000 679.918 10.000
N_190 -21.132 -507.047 10.000
I_191 0.000 777.529 7.000
K_192 -17.098 -818.649 11.000
A_193 0.000 185.740 12.000
Q_194 -23.258 -643.904 12.000
R_195 -23.856 -1015.709 9.000
G_196 0.000 -27.649 9.000
P_197 0.000 -195.996 5.000
A_198 0.000 185.740 0.000
G_199 0.000 -27.649 0.000
G_200 0.000 -27.649 0.000
P_201 0.000 -195.996 0.000
V_202 0.000 613.196 0.000
L_203 0.000 679.918 4.000
P_204 0.000 -195.996 4.000
Q_205 -16.691 -643.904 7.000
L_206 0.000 679.918 7.000
K_207 -17.811 -818.649 12.000
A_208 0.000 185.740 11.000
R_209 -27.076 -1015.709 11.000
S_210 -17.811 -90.060 12.000
P_211 0.000 -195.996 16.000
Q_212 -22.253 -643.904 11.000
E_213 -23.258 -605.239 12.000
L_214 0.000 679.918 16.000
D_215 -23.258 -475.402 12.000
Q_216 -22.253 -643.904 11.000
G_217 0.000 -27.649 11.000
T_218 -13.255 -90.974 7.000
G_219 0.000 -27.649 3.000
A_220 0.000 185.740 3.000
A_221 0.000 185.740 0.000
L_222 0.000 679.918 0.000
C_223 0.000 322.480 0.000
F_224 0.000 560.542 4.000
F_225 0.000 560.542 4.000
N_226 -7.878 -507.047 4.000
P_227 0.000 -195.996 4.000
L_228 0.000 679.918 4.000
F_229 0.000 560.542 0.000
P_230 0.000 -195.996 4.000
G_231 0.000 -27.649 4.000
D_232 -7.878 -475.402 4.000
L_233 0.000 679.918 4.000
G_234 0.000 -27.649 7.000
P_235 0.000 -195.996 6.000
T_236 -17.098 -90.974 11.000
K_237 -19.613 -818.649 15.000
R_238 -34.315 -1015.709 18.000
E_239 -25.772 -605.239 15.000
K_240 -19.613 -818.649 15.000
F_241 0.000 560.542 15.000
K_242 -19.059 -818.649 14.000
R_243 -27.076 -1015.709 11.000
S_244 -19.059 -90.060 14.000
F_245 0.000 560.542 11.000
K_246 -17.098 -818.649 11.000
V_247 0.000 613.196 8.000
R_248 -27.076 -1015.709 11.000
V_249 0.000 613.196 11.000
S_250 -19.613 -90.060 15.000
T_251 -18.462 -90.974 13.000
E_252 -26.485 -605.239 16.000
T_253 -20.127 -90.974 16.000
S_254 -18.462 -90.060 13.000
S_255 -15.425 -90.060 9.000
P_256 0.000 -195.996 9.000
L_257 0.000 679.918 6.000
S_258 -4.441 -90.060 3.000
P_259 0.000 -195.996 3.000
P_260 0.000 -195.996 3.000
A_261 0.000 185.740 0.000
V_262 0.000 613.196 0.000
P_263 0.000 -195.996 0.000
P_264 0.000 -195.996 0.000
P_265 0.000 -195.996 0.000
P_266 0.000 -195.996 0.000
V_267 0.000 613.196 0.000
P_268 0.000 -195.996 0.000
V_269 0.000 613.196 0.000
L_270 0.000 679.918 0.000
P_271 0.000 -195.996 0.000
G_272 0.000 -27.649 0.000
A_273 0.000 185.740 0.000
V_274 0.000 613.196 3.000
P_275 0.000 -195.996 7.000
S_276 -16.309 -90.060 10.000
Q_277 -25.003 -643.904 14.000
T_278 -21.486 -90.974 19.000
E_279 -26.485 -605.239 16.000
R_280 -28.412 -1015.709 12.000
L_281 0.000 679.918 9.000
P_282 0.000 -195.996 5.000
P_283 0.000 -195.996 4.000
C_284 0.000 322.480 4.000
Q_285 -7.878 -643.904 4.000
L_286 0.000 679.918 9.000
L_287 0.000 679.918 14.000
R_288 -30.711 -1015.709 14.000
R_289 -33.508 -1015.709 17.000
E_290 -28.912 -605.239 20.000
S_291 -19.613 -90.060 15.000
S_292 -16.309 -90.060 10.000
V_293 0.000 613.196 8.000
G_294 0.000 -27.649 10.000
Y_295 -9.265 -274.939 7.000
R_296 -19.414 -1015.709 7.000
V_297 0.000 613.196 7.000
P_298 0.000 -195.996 5.000
A_299 0.000 185.740 3.000
G_300 0.000 -27.649 3.000
S_301 -4.441 -90.060 3.000
G_302 0.000 -27.649 6.000
P_303 0.000 -195.996 6.000
S_304 -4.441 -90.060 3.000
L_305 0.000 679.918 3.000
P_306 0.000 -195.996 3.000
P_307 0.000 -195.996 0.000
M_308 0.000 401.769 3.000
P_309 0.000 -195.996 3.000
S_310 -13.255 -90.060 7.000
L_311 0.000 679.918 11.000
Q_312 -22.253 -643.904 11.000
E_313 -23.258 -605.239 12.000
V_314 0.000 613.196 12.000
D_315 -18.409 -475.402 8.000
C_316 0.000 322.480 7.000
G_317 0.000 -27.649 7.000
S_318 -11.867 -90.060 6.000
P_319 0.000 -195.996 9.000
S_320 -17.811 -90.060 12.000
S_321 -18.462 -90.060 13.000
S_322 -20.609 -90.060 17.000
E_323 -27.773 -605.239 18.000
E_324 -25.772 -605.239 15.000
E_325 -23.258 -605.239 12.000
G_326 0.000 -27.649 8.000
V_327 0.000 613.196 4.000
P_328 0.000 -195.996 3.000
G_329 0.000 -27.649 8.000
S_330 -14.420 -90.060 8.000
R_331 -27.076 -1015.709 11.000
G_332 0.000 -27.649 11.000
S_333 -14.420 -90.060 8.000
P_334 0.000 -195.996 6.000
A_335 0.000 185.740 9.000
T_336 -11.867 -90.974 6.000
S_337 -14.420 -90.060 8.000
P_338 0.000 -195.996 8.000
H_339 -7.426 -583.484 5.000
L_340 0.000 679.918 7.000
G_341 0.000 -27.649 12.000
R_342 -31.716 -1015.709 15.000
R_343 -31.716 -1015.709 15.000
R_344 -31.716 -1015.709 15.000
P_345 0.000 -195.996 10.000
L_346 0.000 679.918 10.000
L_347 0.000 679.918 8.000
R_348 -21.845 -1015.709 8.000
S_349 -17.098 -90.060 11.000
M_350 0.000 401.769 11.000
S_351 -11.867 -90.060 6.000
A_352 0.000 185.740 3.000
A_353 0.000 185.740 3.000
F_354 0.000 560.542 3.000
C_355 0.000 322.480 3.000
S_356 -4.441 -90.060 3.000
L_357 0.000 679.918 3.000
L_358 0.000 679.918 3.000
A_359 0.000 185.740 4.000
P_360 0.000 -195.996 9.000
E_361 -24.169 -605.239 13.000
R_362 -29.616 -1015.709 13.000
Q_363 -24.169 -643.904 13.000
V_364 0.000 613.196 14.000
G_365 0.000 -27.649 9.000
R_366 -11.867 -1015.709 5.000
A_367 0.000 185.740 5.000
A_368 0.000 185.740 5.000
A_369 0.000 185.740 0.000
A_370 0.000 185.740 0.000
L_371 0.000 679.918 4.000
M_372 0.000 401.769 8.000
Q_373 -24.169 -643.904 13.000
D_374 -25.772 -475.402 15.000
R_375 -34.315 -1015.709 18.000
H_376 -12.900 -583.484 14.000
T_377 -16.309 -90.974 10.000
A_378 0.000 185.740 5.000
A_379 0.000 185.740 7.000
G_380 0.000 -27.649 4.000
Q_381 -7.878 -643.904 4.000
L_382 0.000 679.918 8.000
V_383 0.000 613.196 12.000
Q_384 -18.409 -643.904 8.000
D_385 -18.409 -475.402 8.000
L_386 0.000 679.918 11.000
L_387 0.000 679.918 11.000
T_388 -13.255 -90.974 7.000
Q_389 -23.258 -643.904 12.000
V_390 0.000 613.196 12.000
R_391 -23.856 -1015.709 9.000
A_392 0.000 185.740 5.000
G_393 0.000 -27.649 9.000
P_394 0.000 -195.996 4.000
E_395 -18.409 -605.239 8.000
P_396 0.000 -195.996 12.000
Q_397 -23.258 -643.904 12.000
E_398 -23.258 -605.239 12.000
L_399 0.000 679.918 12.000
Q_400 -18.409 -643.904 8.000
G_401 0.000 -27.649 9.000
I_402 0.000 777.529 13.000
R_403 -23.856 -1015.709 9.000
Q_404 -19.866 -643.904 9.000
A_405 0.000 185.740 12.000
L_406 0.000 679.918 12.000
S_407 -14.420 -90.060 8.000
R_408 -29.616 -1015.709 13.000
A_409 0.000 185.740 13.000
R_410 -25.574 -1015.709 10.000
A_411 0.000 185.740 5.000
M_412 0.000 401.769 8.000
L_413 0.000 679.918 3.000
S_414 -13.255 -90.060 7.000
A_415 0.000 185.740 7.000
E_416 -16.691 -605.239 7.000
L_417 0.000 679.918 4.000
G_418 0.000 -27.649 8.000
P_419 0.000 -195.996 7.000
E_420 -16.691 -605.239 7.000
K_421 -13.255 -818.649 7.000
L_422 0.000 679.918 10.000
L_423 0.000 679.918 6.000
S_424 -11.867 -90.060 6.000
P_425 0.000 -195.996 11.000
K_426 -17.098 -818.649 11.000
R_427 -28.412 -1015.709 12.000
L_428 0.000 679.918 14.000
E_429 -22.253 -605.239 11.000
H_430 -8.431 -583.484 6.000
V_431 0.000 613.196 10.000
L_432 0.000 679.918 9.000
E_433 -21.132 -605.239 10.000
K_434 -16.309 -818.649 10.000
S_435 -17.811 -90.060 12.000
L_436 0.000 679.918 8.000
H_437 -9.978 -583.484 8.000
C_438 0.000 322.480 5.000
S_439 -10.149 -90.060 5.000
V_440 0.000 613.196 6.000
L_441 0.000 679.918 6.000
K_442 -4.441 -818.649 3.000
P_443 0.000 -195.996 8.000
L_444 0.000 679.918 8.000
R_445 -11.867 -1015.709 5.000
P_446 0.000 -195.996 5.000
I_447 0.000 777.529 5.000
L_448 0.000 679.918 0.000
A_449 0.000 185.740 5.000
A_450 0.000 185.740 5.000
R_451 -25.574 -1015.709 10.000
L_452 0.000 679.918 15.000
R_453 -35.785 -1015.709 20.000
R_454 -31.716 -1015.709 15.000
R_455 -31.716 -1015.709 15.000
L_456 0.000 679.918 10.000
A_457 0.000 185.740 9.000
A_458 0.000 185.740 4.000
D_459 -16.691 -475.402 7.000
G_460 0.000 -27.649 7.000
S_461 -13.255 -90.060 7.000
L_462 0.000 679.918 8.000
G_463 0.000 -27.649 8.000
R_464 -11.867 -1015.709 5.000
L_465 0.000 679.918 9.000
A_466 0.000 185.740 9.000
E_467 -7.878 -605.239 4.000
G_468 0.000 -27.649 9.000
L_469 0.000 679.918 9.000
R_470 -11.867 -1015.709 5.000
L_471 0.000 679.918 10.000
A_472 0.000 185.740 10.000
R_473 -23.856 -1015.709 9.000
A_474 0.000 185.740 9.000
Q_475 -19.866 -643.904 9.000
G_476 0.000 -27.649 4.000
P_477 0.000 -195.996 4.000
G_478 0.000 -27.649 0.000
A_479 0.000 185.740 0.000
F_480 0.000 560.542 3.000
G_481 0.000 -27.649 5.000
S_482 -10.149 -90.060 5.000
H_483 -9.978 -583.484 8.000
L_484 0.000 679.918 8.000
S_485 -10.149 -90.060 5.000
L_486 0.000 679.918 6.000
P_487 0.000 -195.996 6.000
S_488 -4.441 -90.060 3.000
P_489 0.000 -195.996 7.000
V_490 0.000 613.196 7.000
E_491 -18.409 -605.239 8.000
L_492 0.000 679.918 12.000
E_493 -23.258 -605.239 12.000
Q_494 -24.169 -643.904 13.000
V_495 0.000 613.196 17.000
R_496 -32.645 -1015.709 16.000
Q_497 -23.258 -643.904 12.000
K_498 -17.811 -818.649 12.000
L_499 0.000 679.918 11.000
L_500 0.000 679.918 7.000
Q_501 -7.878 -643.904 4.000
L_502 0.000 679.918 9.000
L_503 0.000 679.918 12.000
R_504 -25.574 -1015.709 10.000
T_505 -18.462 -90.974 13.000
Y_506 -12.518 -274.939 13.000
S_507 -17.098 -90.060 11.000
P_508 0.000 -195.996 8.000
S_509 -16.309 -90.060 10.000
A_510 0.000 185.740 7.000
Q_511 -21.132 -643.904 10.000
V_512 0.000 613.196 12.000
K_513 -17.811 -818.649 12.000
R_514 -21.845 -1015.709 8.000
L_515 0.000 679.918 12.000
L_516 0.000 679.918 9.000
Q_517 -7.878 -643.904 4.000
A_518 0.000 185.740 7.000
C_519 0.000 322.480 7.000
K_520 -4.441 -818.649 3.000
L_521 0.000 679.918 5.000
L_522 0.000 679.918 5.000
Y_523 -1.718 -274.939 2.000
M_524 0.000 401.769 2.000
A_525 0.000 185.740 7.000
L_526 0.000 679.918 8.000
R_527 -28.412 -1015.709 12.000
T_528 -20.127 -90.974 16.000
Q_529 -26.485 -643.904 16.000
E_530 -25.772 -605.239 15.000
G_531 0.000 -27.649 12.000
E_532 -18.409 -605.239 8.000
G_533 0.000 -27.649 4.000
A_534 0.000 185.740 4.000
G_535 0.000 -27.649 4.000
A_536 0.000 185.740 8.000
D_537 -18.409 -475.402 8.000
E_538 -18.409 -605.239 8.000
F_539 0.000 560.542 8.000
L_540 0.000 679.918 4.000
P_541 0.000 -195.996 0.000
L_542 0.000 679.918 3.000
L_543 0.000 679.918 3.000
S_544 -4.441 -90.060 3.000
L_545 0.000 679.918 3.000
V_546 0.000 613.196 3.000
L_547 0.000 679.918 2.000
A_548 0.000 185.740 2.000
H_549 -8.431 -583.484 6.000
C_550 0.000 322.480 6.000
D_551 -14.591 -475.402 6.000
L_552 0.000 679.918 8.000
P_553 0.000 -195.996 8.000
E_554 -7.878 -605.239 4.000
L_555 0.000 679.918 4.000
L_556 0.000 679.918 8.000
L_557 0.000 679.918 4.000
E_558 -18.409 -605.239 8.000
A_559 0.000 185.740 10.000
E_560 -21.132 -605.239 10.000
Y_561 -10.601 -274.939 9.000
M_562 0.000 401.769 13.000
S_563 -15.425 -90.060 9.000
E_564 -16.691 -605.239 7.000
L_565 0.000 679.918 11.000
L_566 0.000 679.918 8.000
E_567 -16.691 -605.239 7.000
P_568 0.000 -195.996 7.000
S_569 -13.255 -90.060 7.000
L_570 0.000 679.918 6.000
L_571 0.000 679.918 6.000
T_572 -13.255 -90.974 7.000
G_573 0.000 -27.649 7.000
E_574 -16.691 -605.239 7.000
G_575 0.000 -27.649 6.000
G_576 0.000 -27.649 8.000
Y_577 -6.160 -274.939 4.000
Y_578 -9.265 -274.939 7.000
L_579 0.000 679.918 10.000
T_580 -14.420 -90.974 8.000
S_581 -15.425 -90.060 9.000
L_582 0.000 679.918 9.000
S_583 -15.425 -90.060 9.000
A_584 0.000 185.740 6.000
S_585 -11.867 -90.060 6.000
L_586 0.000 679.918 3.000
A_587 0.000 185.740 3.000
L_588 0.000 679.918 3.000
L_589 0.000 679.918 3.000
S_590 -4.441 -90.060 3.000
G_591 0.000 -27.649 3.000
L_592 0.000 679.918 7.000
G_593 0.000 -27.649 4.000
Q_594 -14.591 -643.904 6.000
A_595 0.000 185.740 9.000
H_596 -10.601 -583.484 9.000
T_597 -10.149 -90.974 5.000
L_598 0.000 679.918 5.000
P_599 0.000 -195.996 6.000
L_600 0.000 679.918 3.000
S_601 -4.441 -90.060 3.000
P_602 0.000 -195.996 7.000
V_603 0.000 613.196 11.000
Q_604 -18.409 -643.904 8.000
E_605 -24.169 -605.239 13.000
L_606 0.000 679.918 18.000
R_607 -33.508 -1015.709 17.000
R_608 -29.616 -1015.709 13.000
S_609 -20.127 -90.060 16.000
L_610 0.000 679.918 11.000
S_611 -13.255 -90.060 7.000
L_612 0.000 679.918 8.000
W_613 -6.160 -203.500 12.000
E_614 -25.003 -605.239 14.000
Q_615 -28.359 -643.904 19.000
R_616 -34.315 -1015.709 18.000
R_617 -30.711 -1015.709 14.000
L_618 0.000 679.918 10.000
P_619 0.000 -195.996 8.000
A_620 0.000 185.740 5.000
T_621 -10.149 -90.974 5.000
H_622 -7.426 -583.484 5.000
C_623 0.000 322.480 9.000
F_624 0.000 560.542 8.000
Q_625 -14.591 -643.904 6.000
H_626 -8.431 -583.484 6.000
L_627 0.000 679.918 11.000
L_628 0.000 679.918 7.000
R_629 -11.867 -1015.709 5.000
V_630 0.000 613.196 7.000
A_631 0.000 185.740 11.000
Y_632 -11.154 -274.939 10.000
Q_633 -21.132 -643.904 10.000
D_634 -24.169 -475.402 13.000
P_635 0.000 -195.996 14.000
S_636 -16.309 -90.060 10.000
S_637 -11.867 -90.060 6.000
G_638 0.000 -27.649 9.000
C_639 0.000 322.480 9.000
T_640 -15.425 -90.974 9.000
S_641 -17.811 -90.060 12.000
K_642 -17.811 -818.649 12.000
T_643 -15.425 -90.974 9.000
L_644 0.000 679.918 6.000
A_645 0.000 185.740 3.000
V_646 0.000 613.196 0.000
P_647 0.000 -195.996 4.000
P_648 0.000 -195.996 4.000
E_649 -16.691 -605.239 7.000
A_650 0.000 185.740 7.000
S_651 -13.255 -90.060 7.000
I_652 0.000 777.529 6.000
A_653 0.000 185.740 6.000
T_654 -13.255 -90.974 7.000
L_655 0.000 679.918 11.000
N_656 -22.253 -507.047 11.000
Q_657 -18.409 -643.904 8.000
L_658 0.000 679.918 8.000
C_659 0.000 322.480 7.000
A_660 0.000 185.740 6.000
T_661 -11.867 -90.974 6.000
K_662 -17.098 -818.649 11.000
F_663 0.000 560.542 11.000
R_664 -27.076 -1015.709 11.000
V_665 0.000 613.196 12.000
T_666 -17.811 -90.974 12.000
Q_667 -22.253 -643.904 11.000
P_668 0.000 -195.996 14.000
N_669 -22.253 -507.047 11.000
T_670 -13.255 -90.974 7.000
F_671 0.000 560.542 7.000
G_672 0.000 -27.649 3.000
L_673 0.000 679.918 0.000
F_674 0.000 560.542 2.000
L_675 0.000 679.918 5.000
Y_676 -10.601 -274.939 9.000
K_677 -18.462 -818.649 13.000
E_678 -24.169 -605.239 13.000
Q_679 -24.169 -643.904 13.000
G_680 0.000 -27.649 12.000
Y_681 -12.518 -274.939 13.000
H_682 -10.601 -583.484 9.000
R_683 -23.856 -1015.709 9.000
L_684 0.000 679.918 7.000
P_685 0.000 -195.996 5.000
P_686 0.000 -195.996 0.000
G_687 0.000 -27.649 0.000
A_688 0.000 185.740 0.000
L_689 0.000 679.918 2.000
A_690 0.000 185.740 7.000
H_691 -9.265 -583.484 7.000
R_692 -19.414 -1015.709 7.000
L_693 0.000 679.918 10.000
P_694 0.000 -195.996 11.000
T_695 -11.867 -90.974 6.000
T_696 -14.420 -90.974 8.000
G_697 0.000 -27.649 8.000
Y_698 -7.426 -274.939 5.000
L_699 0.000 679.918 4.000
V_700 0.000 613.196 9.000
Y_701 -12.104 -274.939 12.000
R_702 -28.412 -1015.709 12.000
R_703 -32.645 -1015.709 16.000
A_704 0.000 185.740 15.000
E_705 -21.132 -605.239 10.000
W_706 -5.447 -203.500 9.000
P_707 0.000 -195.996 12.000
E_708 -23.258 -605.239 12.000
T_709 -17.098 -90.974 11.000
Q_710 -22.253 -643.904 11.000
G_711 0.000 -27.649 7.000
A_712 0.000 185.740 7.000
V_713 0.000 613.196 7.000
T_714 -17.098 -90.974 11.000
E_715 -25.772 -605.239 15.000
E_716 -25.772 -605.239 15.000
E_717 -25.772 -605.239 15.000
G_718 0.000 -27.649 11.000
S_719 -17.098 -90.060 11.000
G_720 0.000 -27.649 10.000
Q_721 -25.003 -643.904 14.000
S_722 -17.098 -90.060 11.000
E_723 -26.485 -605.239 16.000
A_724 0.000 185.740 15.000
R_725 -33.508 -1015.709 17.000
S_726 -18.462 -90.060 13.000
R_727 -33.508 -1015.709 17.000
G_728 0.000 -27.649 16.000
E_729 -27.150 -605.239 17.000
E_730 -23.258 -605.239 12.000
Q_731 -23.258 -643.904 12.000
G_732 0.000 -27.649 12.000
C_733 0.000 322.480 8.000
Q_734 -18.409 -643.904 8.000
G_735 0.000 -27.649 8.000
D_736 -23.258 -475.402 12.000
G_737 0.000 -27.649 8.000
D_738 -18.409 -475.402 8.000
A_739 0.000 185.740 4.000
G_740 0.000 -27.649 7.000
V_741 0.000 613.196 3.000
K_742 -11.867 -818.649 6.000
A_743 0.000 185.740 6.000
S_744 -17.098 -90.060 11.000
P_745 0.000 -195.996 12.000
R_746 -28.412 -1015.709 12.000
D_747 -25.003 -475.402 14.000
I_748 0.000 777.529 18.000
R_749 -33.508 -1015.709 17.000
E_750 -26.485 -605.239 16.000
Q_751 -28.912 -643.904 20.000
S_752 -21.060 -90.060 18.000
E_753 -27.150 -605.239 17.000
T_754 -18.462 -90.974 13.000
T_755 -19.059 -90.974 14.000
A_756 0.000 185.740 10.000
E_757 -16.691 -605.239 7.000
G_758 0.000 -27.649 8.000
G_759 0.000 -27.649 8.000
Q_760 -18.409 -643.904 8.000
G_761 0.000 -27.649 8.000
Q_762 -23.258 -643.904 12.000
A_763 0.000 185.740 12.000
Q_764 -23.258 -643.904 12.000
E_765 -18.409 -605.239 8.000
G_766 0.000 -27.649 8.000
P_767 0.000 -195.996 8.000
A_768 0.000 185.740 4.000
Q_769 -7.878 -643.904 4.000
P_770 0.000 -195.996 8.000
G_771 0.000 -27.649 8.000
E_772 -18.409 -605.239 8.000
P_773 0.000 -195.996 8.000
E_774 -23.258 -605.239 12.000
A_775 0.000 185.740 8.000
E_776 -22.253 -605.239 11.000
G_777 0.000 -27.649 12.000
S_778 -17.811 -90.060 12.000
R_779 -21.845 -1015.709 8.000
A_780 0.000 185.740 12.000
A_781 0.000 185.740 13.000
E_782 -18.409 -605.239 8.000
E_783 -18.409 -605.239 8.000
