M_1 0.000 401.769 3.000
S_2 -13.255 -90.060 7.000
C_3 0.000 322.480 11.000
Q_4 -25.772 -643.904 15.000
Q_5 -26.485 -643.904 16.000
N_6 -28.912 -507.047 20.000
Q_7 -28.912 -643.904 20.000
Q_8 -26.485 -643.904 16.000
Q_9 -26.485 -643.904 16.000
C_10 0.000 322.480 12.000
Q_11 -18.409 -643.904 8.000
P_12 0.000 -195.996 4.000
P_13 0.000 -195.996 7.000
P_14 0.000 -195.996 3.000
K_15 -4.441 -818.649 3.000
C_16 0.000 322.480 3.000
P_17 0.000 -195.996 3.000
I_18 0.000 777.529 3.000
P_19 0.000 -195.996 5.000
K_20 -10.149 -818.649 5.000
Y_21 -7.426 -274.939 5.000
P_22 0.000 -195.996 8.000
P_23 0.000 -195.996 5.000
K_24 -4.441 -818.649 3.000
C_25 0.000 322.480 6.000
P_26 0.000 -195.996 9.000
S_27 -11.867 -90.060 6.000
K_28 -11.867 -818.649 6.000
C_29 0.000 322.480 9.000
A_30 0.000 185.740 9.000
S_31 -11.867 -90.060 6.000
S_32 -11.867 -90.060 6.000
C_33 0.000 322.480 6.000
P_34 0.000 -195.996 3.000
P_35 0.000 -195.996 0.000
P_36 0.000 -195.996 3.000
I_37 0.000 777.529 6.000
S_38 -11.867 -90.060 6.000
S_39 -11.867 -90.060 6.000
C_40 0.000 322.480 6.000
C_41 0.000 322.480 6.000
G_42 0.000 -27.649 6.000
S_43 -15.425 -90.060 9.000
S_44 -15.425 -90.060 9.000
S_45 -15.425 -90.060 9.000
G_46 0.000 -27.649 6.000
G_47 0.000 -27.649 3.000
C_48 0.000 322.480 0.000
G_49 0.000 -27.649 0.000
C_50 0.000 322.480 3.000
C_51 0.000 322.480 6.000
S_52 -16.309 -90.060 10.000
S_53 -16.309 -90.060 10.000
E_54 -21.132 -605.239 10.000
G_55 0.000 -27.649 7.000
G_56 0.000 -27.649 4.000
G_57 0.000 -27.649 0.000
C_58 0.000 322.480 0.000
C_59 0.000 322.480 3.000
L_60 0.000 679.918 5.000
S_61 -13.255 -90.060 7.000
H_62 -12.104 -583.484 12.000
H_63 -12.900 -583.484 14.000
R_64 -29.616 -1015.709 13.000
H_65 -13.586 -583.484 16.000
H_66 -13.896 -583.484 17.000
R_67 -30.711 -1015.709 14.000
S_68 -17.811 -90.060 12.000
H_69 -12.104 -583.484 12.000
C_70 0.000 322.480 12.000
H_71 -10.601 -583.484 9.000
R_72 -25.574 -1015.709 10.000
P_73 0.000 -195.996 13.000
K_74 -19.059 -818.649 14.000
S_75 -18.462 -90.060 13.000
S_76 -18.462 -90.060 13.000
N_77 -23.258 -507.047 12.000
C_78 0.000 322.480 9.000
Y_79 -10.601 -274.939 9.000
G_80 0.000 -27.649 5.000
S_81 -14.420 -90.060 8.000
G_82 0.000 -27.649 6.000
S_83 -16.309 -90.060 10.000
G_84 0.000 -27.649 11.000
Q_85 -25.003 -643.904 14.000
Q_86 -22.253 -643.904 11.000
S_87 -17.098 -90.060 11.000
G_88 0.000 -27.649 10.000
G_89 0.000 -27.649 6.000
S_90 -4.441 -90.060 3.000
G_91 0.000 -27.649 3.000
C_92 0.000 322.480 6.000
C_93 0.000 322.480 3.000
S_94 -4.441 -90.060 3.000
G_95 0.000 -27.649 3.000
G_96 0.000 -27.649 3.000
G_97 0.000 -27.649 0.000
C_98 0.000 322.480 0.000
C_99 0.000 322.480 0.000
