M_1 0.000 401.769 8.000
Q_2 -22.253 -643.904 11.000
Q_3 -22.253 -643.904 11.000
K_4 -17.098 -818.649 11.000
A_5 0.000 185.740 11.000
F_6 0.000 560.542 11.000
E_7 -22.253 -605.239 11.000
E_8 -26.485 -605.239 16.000
S_9 -21.060 -90.060 18.000
R_10 -30.711 -1015.709 14.000
Y_11 -11.652 -274.939 11.000
P_12 0.000 -195.996 12.000
W_13 -5.944 -203.500 11.000
Q_14 -23.258 -643.904 12.000
E_15 -23.258 -605.239 12.000
S_16 -19.613 -90.060 15.000
F_17 0.000 560.542 15.000
E_18 -22.253 -605.239 11.000
N_19 -18.409 -507.047 8.000
V_20 0.000 613.196 8.000
A_21 0.000 185.740 4.000
V_22 0.000 613.196 0.000
C_23 0.000 322.480 0.000
L_24 0.000 679.918 0.000
P_25 0.000 -195.996 5.000
L_26 0.000 679.918 5.000
R_27 -11.867 -1015.709 5.000
C_28 0.000 322.480 10.000
P_29 0.000 -195.996 10.000
R_30 -11.867 -1015.709 5.000
C_31 0.000 322.480 9.000
G_32 0.000 -27.649 11.000
D_33 -19.866 -475.402 9.000
H_34 -12.900 -583.484 14.000
T_35 -19.059 -90.974 14.000
R_36 -31.716 -1015.709 15.000
F_37 0.000 560.542 16.000
R_38 -29.616 -1015.709 13.000
S_39 -17.098 -90.060 11.000
L_40 0.000 679.918 14.000
S_41 -15.425 -90.060 9.000
S_42 -17.098 -90.060 11.000
L_43 0.000 679.918 11.000
R_44 -25.574 -1015.709 10.000
A_45 0.000 185.740 7.000
H_46 -11.652 -583.484 11.000
L_47 0.000 679.918 6.000
E_48 -19.866 -605.239 9.000
F_49 0.000 560.542 9.000
S_50 -17.811 -90.060 12.000
H_51 -11.154 -583.484 10.000
S_52 -19.059 -90.060 14.000
Y_53 -13.255 -274.939 15.000
E_54 -27.773 -605.239 18.000
E_55 -27.773 -605.239 18.000
R_56 -32.645 -1015.709 16.000
T_57 -17.811 -90.974 12.000
L_58 0.000 679.918 11.000
L_59 0.000 679.918 9.000
T_60 -11.867 -90.974 6.000
K_61 -15.425 -818.649 9.000
C_62 0.000 322.480 9.000
S_63 -11.867 -90.060 6.000
L_64 0.000 679.918 3.000
F_65 0.000 560.542 6.000
P_66 0.000 -195.996 3.000
S_67 -11.867 -90.060 6.000
L_68 0.000 679.918 10.000
K_69 -18.462 -818.649 13.000
D_70 -25.003 -475.402 14.000
T_71 -19.059 -90.974 14.000
D_72 -22.253 -475.402 11.000
L_73 0.000 679.918 10.000
V_74 0.000 613.196 10.000
T_75 -15.425 -90.974 9.000
S_76 -18.462 -90.060 13.000
S_77 -18.462 -90.060 13.000
E_78 -21.132 -605.239 10.000
L_79 0.000 679.918 10.000
L_80 0.000 679.918 7.000
K_81 -4.441 -818.649 3.000
P_82 0.000 -195.996 6.000
G_83 0.000 -27.649 6.000
K_84 -13.255 -818.649 7.000
L_85 0.000 679.918 10.000
Q_86 -24.169 -643.904 13.000
S_87 -16.309 -90.060 10.000
S_88 -19.059 -90.060 14.000
G_89 0.000 -27.649 10.000
N_90 -16.691 -507.047 7.000
V_91 0.000 613.196 7.000
V_92 0.000 613.196 11.000
K_93 -16.309 -818.649 10.000
Q_94 -21.132 -643.904 10.000
K_95 -18.462 -818.649 13.000
P_96 0.000 -195.996 12.000
S_97 -14.420 -90.060 8.000
Y_98 -10.601 -274.939 9.000
V_99 0.000 613.196 9.000
N_100 -18.409 -507.047 8.000
L_101 0.000 679.918 9.000
Y_102 -10.601 -274.939 9.000
S_103 -14.420 -90.060 8.000
I_104 0.000 777.529 10.000
S_105 -17.811 -90.060 12.000
H_106 -11.652 -583.484 11.000
E_107 -25.003 -605.239 14.000
H_108 -12.900 -583.484 14.000
S_109 -20.127 -90.060 16.000
K_110 -20.609 -818.649 17.000
D_111 -27.773 -475.402 18.000
R_112 -31.716 -1015.709 15.000
K_113 -17.811 -818.649 12.000
P_114 0.000 -195.996 12.000
F_115 0.000 560.542 7.000
E_116 -7.878 -605.239 4.000
V_117 0.000 613.196 4.000
V_118 0.000 613.196 8.000
A_119 0.000 185.740 9.000
E_120 -19.866 -605.239 9.000
R_121 -23.856 -1015.709 9.000
P_122 0.000 -195.996 12.000
V_123 0.000 613.196 10.000
S_124 -10.149 -90.060 5.000
Y_125 -10.601 -274.939 9.000
V_126 0.000 613.196 12.000
Q_127 -22.253 -643.904 11.000
T_128 -17.811 -90.974 12.000
Y_129 -12.104 -274.939 12.000
T_130 -14.420 -90.974 8.000
A_131 0.000 185.740 9.000
M_132 0.000 401.769 7.000
D_133 -14.591 -475.402 6.000
L_134 0.000 679.918 6.000
H_135 -11.154 -583.484 10.000
A_136 0.000 185.740 9.000
D_137 -19.866 -475.402 9.000
S_138 -17.098 -90.060 11.000
L_139 0.000 679.918 11.000
D_140 -21.132 -475.402 10.000
G_141 0.000 -27.649 12.000
T_142 -19.613 -90.974 15.000
R_143 -27.076 -1015.709 11.000
S_144 -17.098 -90.060 11.000
G_145 0.000 -27.649 8.000
P_146 0.000 -195.996 3.000
G_147 0.000 -27.649 0.000
L_148 0.000 679.918 3.000
P_149 0.000 -195.996 6.000
T_150 -16.309 -90.974 10.000
S_151 -18.462 -90.060 13.000
D_152 -26.485 -475.402 16.000
T_153 -18.462 -90.974 13.000
K_154 -18.462 -818.649 13.000
A_155 0.000 185.740 9.000
S_156 -16.309 -90.060 10.000
F_157 0.000 560.542 7.000
E_158 -19.866 -605.239 9.000
A_159 0.000 185.740 6.000
H_160 -11.652 -583.484 11.000
V_161 0.000 613.196 11.000
R_162 -30.711 -1015.709 14.000
E_163 -23.258 -605.239 12.000
K_164 -20.127 -818.649 16.000
F_165 0.000 560.542 16.000
N_166 -23.258 -507.047 12.000
R_167 -23.856 -1015.709 9.000
M_168 0.000 401.769 13.000
V_169 0.000 613.196 9.000
E_170 -7.878 -605.239 4.000
A_171 0.000 185.740 8.000
V_172 0.000 613.196 13.000
D_173 -23.258 -475.402 12.000
R_174 -28.412 -1015.709 12.000
T_175 -20.127 -90.974 16.000
I_176 0.000 777.529 15.000
E_177 -25.772 -605.239 15.000
K_178 -17.811 -818.649 12.000
R_179 -32.645 -1015.709 16.000
I_180 0.000 777.529 15.000
D_181 -23.258 -475.402 12.000
K_182 -16.309 -818.649 10.000
L_183 0.000 679.918 13.000
T_184 -18.462 -90.974 13.000
K_185 -16.309 -818.649 10.000
E_186 -21.132 -605.239 10.000
L_187 0.000 679.918 11.000
A_188 0.000 185.740 11.000
Q_189 -21.132 -643.904 10.000
K_190 -16.309 -818.649 10.000
T_191 -19.059 -90.974 14.000
A_192 0.000 185.740 10.000
E_193 -16.691 -605.239 7.000
L_194 0.000 679.918 8.000
L_195 0.000 679.918 8.000
E_196 -19.866 -605.239 9.000
V_197 0.000 613.196 9.000
R_198 -23.856 -1015.709 9.000
A_199 0.000 185.740 5.000
A_200 0.000 185.740 5.000
F_201 0.000 560.542 4.000
V_202 0.000 613.196 4.000
Q_203 -16.691 -643.904 7.000
L_204 0.000 679.918 11.000
T_205 -19.059 -90.974 14.000
Q_206 -24.169 -643.904 13.000
K_207 -20.609 -818.649 17.000
K_208 -21.060 -818.649 18.000
Q_209 -25.003 -643.904 14.000
E_210 -25.772 -605.239 15.000
V_211 0.000 613.196 17.000
Q_212 -27.773 -643.904 18.000
R_213 -34.315 -1015.709 18.000
R_214 -37.706 -1015.709 23.000
E_215 -28.359 -605.239 19.000
R_216 -30.711 -1015.709 14.000
A_217 0.000 185.740 13.000
L_218 0.000 679.918 14.000
N_219 -24.169 -507.047 13.000
R_220 -29.616 -1015.709 13.000
Q_221 -27.150 -643.904 17.000
V_222 0.000 613.196 13.000
D_223 -18.409 -475.402 8.000
V_224 0.000 613.196 4.000
A_225 0.000 185.740 8.000
V_226 0.000 613.196 4.000
E_227 -7.878 -605.239 4.000
M_228 0.000 401.769 4.000
I_229 0.000 777.529 4.000
A_230 0.000 185.740 0.000
V_231 0.000 613.196 5.000
L_232 0.000 679.918 9.000
R_233 -30.711 -1015.709 14.000
Q_234 -25.003 -643.904 14.000
R_235 -33.508 -1015.709 17.000
L_236 0.000 679.918 16.000
T_237 -19.613 -90.974 15.000
E_238 -25.003 -605.239 14.000
S_239 -21.060 -90.060 18.000
E_240 -28.359 -605.239 19.000
E_241 -25.772 -605.239 15.000
E_242 -23.258 -605.239 12.000
L_243 0.000 679.918 13.000
L_244 0.000 679.918 12.000
R_245 -28.412 -1015.709 12.000
K_246 -20.127 -818.649 16.000
E_247 -28.912 -605.239 20.000
E_248 -25.772 -605.239 15.000
E_249 -23.258 -605.239 12.000
V_250 0.000 613.196 11.000
V_251 0.000 613.196 7.000
T_252 -13.255 -90.974 7.000
F_253 0.000 560.542 9.000
N_254 -19.866 -507.047 9.000
H_255 -8.431 -583.484 6.000
F_256 0.000 560.542 10.000
L_257 0.000 679.918 6.000
E_258 -7.878 -605.239 4.000
A_259 0.000 185.740 4.000
A_260 0.000 185.740 8.000
A_261 0.000 185.740 7.000
E_262 -22.253 -605.239 11.000
K_263 -17.098 -818.649 11.000
E_264 -25.772 -605.239 15.000
V_265 0.000 613.196 11.000
Q_266 -22.253 -643.904 11.000
G_267 0.000 -27.649 7.000
K_268 -17.811 -818.649 12.000
A_269 0.000 185.740 8.000
R_270 -28.412 -1015.709 12.000
L_271 0.000 679.918 13.000
Q_272 -24.169 -643.904 13.000
D_273 -18.409 -475.402 8.000
F_274 0.000 560.542 12.000
I_275 0.000 777.529 12.000
E_276 -18.409 -605.239 8.000
N_277 -18.409 -507.047 8.000
L_278 0.000 679.918 12.000
L_279 0.000 679.918 13.000
Q_280 -19.866 -643.904 9.000
R_281 -29.616 -1015.709 13.000
V_282 0.000 613.196 13.000
E_283 -19.866 -605.239 9.000
L_284 0.000 679.918 8.000
A_285 0.000 185.740 11.000
E_286 -22.253 -605.239 11.000
K_287 -17.098 -818.649 11.000
Q_288 -25.772 -643.904 15.000
L_289 0.000 679.918 13.000
E_290 -23.258 -605.239 12.000
Y_291 -12.104 -274.939 12.000
Y_292 -13.255 -274.939 15.000
Q_293 -25.772 -643.904 15.000
S_294 -20.609 -90.060 17.000
Q_295 -25.772 -643.904 15.000
Q_296 -25.003 -643.904 14.000
A_297 0.000 185.740 11.000
S_298 -13.255 -90.060 7.000
G_299 0.000 -27.649 3.000
F_300 0.000 560.542 8.000
V_301 0.000 613.196 9.000
R_302 -23.856 -1015.709 9.000
D_303 -23.258 -475.402 12.000
L_304 0.000 679.918 12.000
S_305 -15.425 -90.060 9.000
G_306 0.000 -27.649 5.000
H_307 -7.426 -583.484 5.000
V_308 0.000 613.196 5.000
L_309 0.000 679.918 9.000
T_310 -13.255 -90.974 7.000
D_311 -21.132 -475.402 10.000
I_312 0.000 777.529 13.000
S_313 -19.059 -90.060 14.000
S_314 -19.613 -90.060 15.000
N_315 -27.773 -507.047 18.000
R_316 -31.716 -1015.709 15.000
K_317 -19.613 -818.649 15.000
P_318 0.000 -195.996 11.000
K_319 -11.867 -818.649 6.000
C_320 0.000 322.480 6.000
L_321 0.000 679.918 11.000
S_322 -14.420 -90.060 8.000
R_323 -25.574 -1015.709 10.000
G_324 0.000 -27.649 10.000
H_325 -10.601 -583.484 9.000
P_326 0.000 -195.996 7.000
H_327 -9.265 -583.484 7.000
S_328 -10.149 -90.060 5.000
V_329 0.000 613.196 9.000
C_330 0.000 322.480 9.000
N_331 -14.591 -507.047 6.000
H_332 -11.154 -583.484 10.000
P_333 0.000 -195.996 10.000
D_334 -19.866 -475.402 9.000
L_335 0.000 679.918 7.000
K_336 -15.425 -818.649 9.000
A_337 0.000 185.740 5.000
H_338 -9.265 -583.484 7.000
F_339 0.000 560.542 4.000
H_340 -9.265 -583.484 7.000
P_341 0.000 -195.996 5.000
K_342 -16.309 -818.649 10.000
G_343 0.000 -27.649 12.000
R_344 -30.711 -1015.709 14.000
N_345 -22.253 -507.047 11.000
H_346 -12.900 -583.484 14.000
L_347 0.000 679.918 12.000
K_348 -14.420 -818.649 8.000
K_349 -15.425 -818.649 9.000
A_350 0.000 185.740 13.000
K_351 -19.059 -818.649 14.000
D_352 -26.485 -475.402 16.000
D_353 -26.485 -475.402 16.000
R_354 -32.645 -1015.709 16.000
A_355 0.000 185.740 12.000
S_356 -17.811 -90.060 12.000
M_357 0.000 401.769 7.000
Q_358 -16.691 -643.904 7.000
P_359 0.000 -195.996 7.000
A_360 0.000 185.740 7.000
K_361 -4.441 -818.649 3.000
A_362 0.000 185.740 5.000
I_363 0.000 777.529 9.000
H_364 -11.154 -583.484 10.000
E_365 -21.132 -605.239 10.000
Q_366 -25.003 -643.904 14.000
A_367 0.000 185.740 15.000
E_368 -25.003 -605.239 14.000
S_369 -19.613 -90.060 15.000
S_370 -21.486 -90.060 19.000
R_371 -31.716 -1015.709 15.000
D_372 -23.258 -475.402 12.000
L_373 0.000 679.918 14.000
C_374 0.000 322.480 9.000
R_375 -11.867 -1015.709 5.000
P_376 0.000 -195.996 8.000
P_377 0.000 -195.996 11.000
K_378 -11.867 -818.649 6.000
K_379 -16.309 -818.649 10.000
G_380 0.000 -27.649 10.000
E_381 -16.691 -605.239 7.000
L_382 0.000 679.918 4.000
L_383 0.000 679.918 4.000
G_384 0.000 -27.649 0.000
F_385 0.000 560.542 5.000
G_386 0.000 -27.649 8.000
R_387 -21.845 -1015.709 8.000
K_388 -17.811 -818.649 12.000
G_389 0.000 -27.649 12.000
N_390 -23.258 -507.047 12.000
I_391 0.000 777.529 9.000
R_392 -28.412 -1015.709 12.000
P_393 0.000 -195.996 8.000
K_394 -14.420 -818.649 8.000
M_395 0.000 401.769 6.000
A_396 0.000 185.740 9.000
K_397 -15.425 -818.649 9.000
K_398 -15.425 -818.649 9.000
K_399 -17.811 -818.649 12.000
P_400 0.000 -195.996 9.000
T_401 -11.867 -90.974 6.000
A_402 0.000 185.740 3.000
I_403 0.000 777.529 7.000
V_404 0.000 613.196 4.000
N_405 -7.878 -507.047 4.000
I_406 0.000 777.529 4.000
I_407 0.000 777.529 4.000
