M_1 0.000 401.769 5.000
R_2 -11.867 -1015.709 5.000
L_3 0.000 679.918 8.000
F_4 0.000 560.542 8.000
S_5 -4.441 -90.060 3.000
G_6 0.000 -27.649 7.000
M_7 0.000 401.769 11.000
N_8 -23.258 -507.047 12.000
N_9 -25.003 -507.047 14.000
Q_10 -27.150 -643.904 17.000
Y_11 -14.188 -274.939 18.000
T_12 -21.486 -90.974 19.000
R_13 -35.072 -1015.709 19.000
R_14 -33.508 -1015.709 17.000
E_15 -25.003 -605.239 14.000
V_16 0.000 613.196 9.000
F_17 0.000 560.542 9.000
C_18 0.000 322.480 9.000
R_19 -28.412 -1015.709 12.000
N_20 -23.258 -507.047 12.000
T_21 -19.059 -90.974 14.000
C_22 0.000 322.480 13.000
H_23 -10.601 -583.484 9.000
D_24 -19.866 -475.402 9.000
L_25 0.000 679.918 11.000
K_26 -15.425 -818.649 9.000
H_27 -8.431 -583.484 6.000
F_28 0.000 560.542 10.000
W_29 -6.160 -203.500 12.000
E_30 -25.003 -605.239 14.000
R_31 -30.711 -1015.709 14.000
E_32 -24.169 -605.239 13.000
I_33 0.000 777.529 12.000
G_34 0.000 -27.649 11.000
K_35 -16.309 -818.649 10.000
Q_36 -23.258 -643.904 12.000
T_37 -19.059 -90.974 14.000
Y_38 -13.586 -274.939 16.000
Y_39 -13.586 -274.939 16.000
R_40 -32.645 -1015.709 16.000
E_41 -27.773 -605.239 18.000
S_42 -21.889 -90.060 20.000
E_43 -28.912 -605.239 20.000
E_44 -29.436 -605.239 21.000
R_45 -34.315 -1015.709 18.000
R_46 -30.711 -1015.709 14.000
L_47 0.000 679.918 15.000
G_48 0.000 -27.649 13.000
R_49 -21.845 -1015.709 8.000
S_50 -14.420 -90.060 8.000
A_51 0.000 185.740 13.000
L_52 0.000 679.918 11.000
R_53 -21.845 -1015.709 8.000
K_54 -18.462 -818.649 13.000
L_55 0.000 679.918 17.000
R_56 -32.645 -1015.709 16.000
E_57 -25.003 -605.239 14.000
E_58 -27.150 -605.239 17.000
W_59 -6.873 -203.500 16.000
K_60 -20.609 -818.649 17.000
Q_61 -24.169 -643.904 13.000
R_62 -32.645 -1015.709 16.000
L_63 0.000 679.918 16.000
E_64 -25.772 -605.239 15.000
T_65 -16.309 -90.974 10.000
K_66 -19.613 -818.649 15.000
L_67 0.000 679.918 11.000
R_68 -29.616 -1015.709 13.000
L_69 0.000 679.918 14.000
R_70 -34.315 -1015.709 18.000
N_71 -24.169 -507.047 13.000
N_72 -27.150 -507.047 17.000
P_73 0.000 -195.996 16.000
E_74 -25.772 -605.239 15.000
D_75 -25.772 -475.402 15.000
T_76 -21.060 -90.974 18.000
E_77 -28.359 -605.239 19.000
K_78 -21.060 -818.649 18.000
R_79 -35.072 -1015.709 19.000
T_80 -19.613 -90.974 15.000
N_81 -23.258 -507.047 12.000
V_82 0.000 613.196 7.000
G_83 0.000 -27.649 4.000
