M_1 0.000 401.769 7.000
S_2 -15.425 -90.060 9.000
N_3 -23.258 -507.047 12.000
Y_4 -12.104 -274.939 12.000
S_5 -17.811 -90.060 12.000
V_6 0.000 613.196 8.000
S_7 -11.867 -90.060 6.000
L_8 0.000 679.918 3.000
V_9 0.000 613.196 3.000
G_10 0.000 -27.649 0.000
P_11 0.000 -195.996 0.000
A_12 0.000 185.740 1.000
P_13 0.000 -195.996 1.000
W_14 -0.000 -203.500 1.000
G_15 0.000 -27.649 6.000
F_16 0.000 560.542 6.000
R_17 -23.856 -1015.709 9.000
L_18 0.000 679.918 9.000
Q_19 -19.866 -643.904 9.000
G_20 0.000 -27.649 7.000
G_21 0.000 -27.649 11.000
K_22 -13.255 -818.649 7.000
D_23 -22.253 -475.402 11.000
F_24 0.000 560.542 11.000
N_25 -18.409 -507.047 8.000
M_26 0.000 401.769 4.000
P_27 0.000 -195.996 7.000
L_28 0.000 679.918 3.000
T_29 -11.867 -90.974 6.000
I_30 0.000 777.529 9.000
S_31 -15.425 -90.060 9.000
S_32 -15.425 -90.060 9.000
L_33 0.000 679.918 13.000
K_34 -16.309 -818.649 10.000
D_35 -16.691 -475.402 7.000
G_36 0.000 -27.649 10.000
G_37 0.000 -27.649 7.000
K_38 -4.441 -818.649 3.000
A_39 0.000 185.740 7.000
A_40 0.000 185.740 7.000
Q_41 -18.409 -643.904 8.000
A_42 0.000 185.740 8.000
N_43 -24.169 -507.047 13.000
V_44 0.000 613.196 9.000
R_45 -23.856 -1015.709 9.000
I_46 0.000 777.529 9.000
G_47 0.000 -27.649 9.000
D_48 -7.878 -475.402 4.000
V_49 0.000 613.196 4.000
V_50 0.000 613.196 7.000
L_51 0.000 679.918 3.000
S_52 -13.255 -90.060 7.000
I_53 0.000 777.529 7.000
D_54 -16.691 -475.402 7.000
G_55 0.000 -27.649 8.000
I_56 0.000 777.529 8.000
N_57 -18.409 -507.047 8.000
A_58 0.000 185.740 8.000
Q_59 -18.409 -643.904 8.000
G_60 0.000 -27.649 7.000
M_61 0.000 401.769 9.000
T_62 -10.149 -90.974 5.000
H_63 -10.601 -583.484 9.000
L_64 0.000 679.918 9.000
E_65 -21.132 -605.239 10.000
A_66 0.000 185.740 12.000
Q_67 -25.772 -643.904 15.000
N_68 -22.253 -507.047 11.000
K_69 -19.059 -818.649 14.000
I_70 0.000 777.529 10.000
K_71 -11.867 -818.649 6.000
G_72 0.000 -27.649 6.000
C_73 0.000 322.480 6.000
T_74 -11.867 -90.974 6.000
G_75 0.000 -27.649 6.000
S_76 -16.309 -90.060 10.000
L_77 0.000 679.918 7.000
N_78 -21.132 -507.047 10.000
M_79 0.000 401.769 7.000
T_80 -17.098 -90.974 11.000
L_81 0.000 679.918 12.000
Q_82 -23.258 -643.904 12.000
R_83 -28.412 -1015.709 12.000
A_84 0.000 185.740 12.000
S_85 -14.420 -90.060 8.000
A_86 0.000 185.740 3.000
A_87 0.000 185.740 6.000
P_88 0.000 -195.996 3.000
K_89 -13.255 -818.649 7.000
P_90 0.000 -195.996 7.000
E_91 -16.691 -605.239 7.000
P_92 0.000 -195.996 4.000
V_93 0.000 613.196 4.000
P_94 0.000 -195.996 4.000
V_95 0.000 613.196 7.000
Q_96 -16.691 -643.904 7.000
K_97 -17.098 -818.649 11.000
G_98 0.000 -27.649 11.000
E_99 -21.132 -605.239 10.000
P_100 0.000 -195.996 11.000
K_101 -17.098 -818.649 11.000
E_102 -16.691 -605.239 7.000
V_103 0.000 613.196 10.000
V_104 0.000 613.196 7.000
K_105 -4.441 -818.649 3.000
P_106 0.000 -195.996 3.000
V_107 0.000 613.196 3.000
P_108 0.000 -195.996 3.000
I_109 0.000 777.529 6.000
T_110 -11.867 -90.974 6.000
S_111 -11.867 -90.060 6.000
P_112 0.000 -195.996 6.000
A_113 0.000 185.740 6.000
V_114 0.000 613.196 6.000
S_115 -11.867 -90.060 6.000
K_116 -15.425 -818.649 9.000
V_117 0.000 613.196 12.000
T_118 -17.811 -90.974 12.000
S_119 -18.462 -90.060 13.000
T_120 -20.609 -90.974 17.000
N_121 -25.003 -507.047 14.000
N_122 -22.253 -507.047 11.000
M_123 0.000 401.769 10.000
A_124 0.000 185.740 10.000
Y_125 -10.601 -274.939 9.000
N_126 -19.866 -507.047 9.000
K_127 -15.425 -818.649 9.000
A_128 0.000 185.740 12.000
P_129 0.000 -195.996 8.000
R_130 -11.867 -1015.709 5.000
P_131 0.000 -195.996 5.000
F_132 0.000 560.542 8.000
G_133 0.000 -27.649 3.000
S_134 -11.867 -90.060 6.000
V_135 0.000 613.196 9.000
S_136 -15.425 -90.060 9.000
S_137 -15.425 -90.060 9.000
P_138 0.000 -195.996 9.000
K_139 -15.425 -818.649 9.000
V_140 0.000 613.196 9.000
T_141 -15.425 -90.974 9.000
S_142 -11.867 -90.060 6.000
I_143 0.000 777.529 9.000
P_144 0.000 -195.996 6.000
S_145 -11.867 -90.060 6.000
P_146 0.000 -195.996 9.000
S_147 -15.425 -90.060 9.000
S_148 -11.867 -90.060 6.000
A_149 0.000 185.740 9.000
F_150 0.000 560.542 6.000
T_151 -4.441 -90.974 3.000
P_152 0.000 -195.996 5.000
A_153 0.000 185.740 5.000
H_154 -7.426 -583.484 5.000
A_155 0.000 185.740 8.000
T_156 -17.098 -90.974 11.000
T_157 -17.811 -90.974 12.000
S_158 -19.059 -90.060 14.000
S_159 -17.098 -90.060 11.000
H_160 -11.652 -583.484 11.000
A_161 0.000 185.740 8.000
S_162 -14.420 -90.060 8.000
P_163 0.000 -195.996 6.000
S_164 -11.867 -90.060 6.000
P_165 0.000 -195.996 3.000
V_166 0.000 613.196 3.000
A_167 0.000 185.740 0.000
A_168 0.000 185.740 3.000
V_169 0.000 613.196 3.000
T_170 -4.441 -90.974 3.000
P_171 0.000 -195.996 3.000
P_172 0.000 -195.996 3.000
L_173 0.000 679.918 0.000
F_174 0.000 560.542 0.000
A_175 0.000 185.740 3.000
A_176 0.000 185.740 3.000
S_177 -4.441 -90.060 3.000
G_178 0.000 -27.649 5.000
L_179 0.000 679.918 5.000
H_180 -8.431 -583.484 6.000
A_181 0.000 185.740 6.000
N_182 -21.132 -507.047 10.000
A_183 0.000 185.740 8.000
N_184 -22.253 -507.047 11.000
L_185 0.000 679.918 7.000
S_186 -17.098 -90.060 11.000
A_187 0.000 185.740 11.000
D_188 -25.003 -475.402 14.000
Q_189 -22.253 -643.904 11.000
S_190 -19.059 -90.060 14.000
P_191 0.000 -195.996 10.000
S_192 -11.867 -90.060 6.000
A_193 0.000 185.740 6.000
L_194 0.000 679.918 6.000
S_195 -4.441 -90.060 3.000
A_196 0.000 185.740 6.000
G_197 0.000 -27.649 9.000
K_198 -11.867 -818.649 6.000
T_199 -11.867 -90.974 6.000
A_200 0.000 185.740 10.000
V_201 0.000 613.196 7.000
N_202 -7.878 -507.047 4.000
V_203 0.000 613.196 9.000
P_204 0.000 -195.996 13.000
R_205 -23.856 -1015.709 9.000
Q_206 -23.258 -643.904 12.000
P_207 0.000 -195.996 12.000
T_208 -16.309 -90.974 10.000
V_209 0.000 613.196 9.000
T_210 -15.425 -90.974 9.000
S_211 -11.867 -90.060 6.000
V_212 0.000 613.196 9.000
C_213 0.000 322.480 10.000
S_214 -16.309 -90.060 10.000
E_215 -24.169 -605.239 13.000
T_216 -20.609 -90.974 17.000
S_217 -21.060 -90.060 18.000
Q_218 -25.003 -643.904 14.000
E_219 -22.253 -605.239 11.000
L_220 0.000 679.918 12.000
A_221 0.000 185.740 8.000
E_222 -18.409 -605.239 8.000
G_223 0.000 -27.649 13.000
Q_224 -27.773 -643.904 18.000
R_225 -30.711 -1015.709 14.000
R_226 -33.508 -1015.709 17.000
G_227 0.000 -27.649 17.000
S_228 -17.811 -90.060 12.000
Q_229 -22.253 -643.904 11.000
G_230 0.000 -27.649 14.000
D_231 -25.003 -475.402 14.000
S_232 -19.059 -90.060 14.000
K_233 -21.060 -818.649 18.000
Q_234 -27.773 -643.904 18.000
Q_235 -25.772 -643.904 15.000
N_236 -23.258 -507.047 12.000
G_237 0.000 -27.649 8.000
P_238 0.000 -195.996 9.000
P_239 0.000 -195.996 8.000
R_240 -25.574 -1015.709 10.000
K_241 -16.309 -818.649 10.000
H_242 -11.154 -583.484 10.000
I_243 0.000 777.529 9.000
V_244 0.000 613.196 11.000
E_245 -22.253 -605.239 11.000
R_246 -30.711 -1015.709 14.000
Y_247 -14.188 -274.939 18.000
T_248 -19.059 -90.974 14.000
E_249 -22.253 -605.239 11.000
F_250 0.000 560.542 11.000
Y_251 -9.978 -274.939 8.000
H_252 -6.160 -583.484 4.000
V_253 0.000 613.196 7.000
P_254 0.000 -195.996 7.000
T_255 -14.420 -90.974 8.000
H_256 -12.104 -583.484 12.000
S_257 -17.811 -90.060 12.000
D_258 -23.258 -475.402 12.000
A_259 0.000 185.740 13.000
S_260 -18.462 -90.060 13.000
K_261 -19.059 -818.649 14.000
K_262 -19.059 -818.649 14.000
R_263 -27.076 -1015.709 11.000
L_264 0.000 679.918 12.000
I_265 0.000 777.529 13.000
E_266 -22.253 -605.239 11.000
D_267 -25.772 -475.402 15.000
T_268 -21.486 -90.974 19.000
E_269 -26.485 -605.239 16.000
D_270 -27.150 -475.402 17.000
W_271 -6.542 -203.500 14.000
R_272 -31.716 -1015.709 15.000
P_273 0.000 -195.996 14.000
R_274 -29.616 -1015.709 13.000
T_275 -17.098 -90.974 11.000
G_276 0.000 -27.649 14.000
T_277 -18.462 -90.974 13.000
T_278 -18.462 -90.974 13.000
Q_279 -27.773 -643.904 18.000
S_280 -21.060 -90.060 18.000
R_281 -31.716 -1015.709 15.000
S_282 -20.127 -90.060 16.000
F_283 0.000 560.542 13.000
R_284 -21.845 -1015.709 8.000
I_285 0.000 777.529 5.000
L_286 0.000 679.918 9.000
A_287 0.000 185.740 4.000
Q_288 -16.691 -643.904 7.000
I_289 0.000 777.529 7.000
T_290 -16.309 -90.974 10.000
G_291 0.000 -27.649 10.000
T_292 -17.811 -90.974 12.000
E_293 -19.866 -605.239 9.000
H_294 -12.104 -583.484 12.000
L_295 0.000 679.918 13.000
K_296 -17.811 -818.649 12.000
E_297 -25.003 -605.239 14.000
S_298 -19.059 -90.060 14.000
E_299 -25.772 -605.239 15.000
A_300 0.000 185.740 15.000
D_301 -25.772 -475.402 15.000
N_302 -25.003 -507.047 14.000
T_303 -20.609 -90.974 17.000
K_304 -18.462 -818.649 13.000
K_305 -18.462 -818.649 13.000
A_306 0.000 185.740 14.000
N_307 -25.003 -507.047 14.000
N_308 -25.772 -507.047 15.000
S_309 -21.486 -90.060 19.000
Q_310 -25.772 -643.904 15.000
E_311 -25.003 -605.239 14.000
P_312 0.000 -195.996 11.000
S_313 -17.098 -90.060 11.000
P_314 0.000 -195.996 7.000
Q_315 -16.691 -643.904 7.000
L_316 0.000 679.918 7.000
A_317 0.000 185.740 10.000
S_318 -11.867 -90.060 6.000
S_319 -11.867 -90.060 6.000
V_320 0.000 613.196 9.000
A_321 0.000 185.740 9.000
S_322 -17.098 -90.060 11.000
T_323 -19.059 -90.974 14.000
R_324 -30.711 -1015.709 14.000
S_325 -17.098 -90.060 11.000
M_326 0.000 401.769 12.000
P_327 0.000 -195.996 10.000
E_328 -16.691 -605.239 7.000
S_329 -17.098 -90.060 11.000
L_330 0.000 679.918 14.000
D_331 -21.132 -475.402 10.000
S_332 -16.309 -90.060 10.000
P_333 0.000 -195.996 13.000
T_334 -15.425 -90.974 9.000
S_335 -17.098 -90.060 11.000
G_336 0.000 -27.649 11.000
R_337 -21.845 -1015.709 8.000
P_338 0.000 -195.996 5.000
G_339 0.000 -27.649 8.000
V_340 0.000 613.196 6.000
T_341 -11.867 -90.974 6.000
S_342 -15.425 -90.060 9.000
L_343 0.000 679.918 9.000
T_344 -11.867 -90.974 6.000
A_345 0.000 185.740 3.000
A_346 0.000 185.740 3.000
A_347 0.000 185.740 0.000
A_348 0.000 185.740 3.000
F_349 0.000 560.542 3.000
K_350 -4.441 -818.649 3.000
P_351 0.000 -195.996 3.000
V_352 0.000 613.196 6.000
G_353 0.000 -27.649 6.000
S_354 -11.867 -90.060 6.000
T_355 -11.867 -90.974 6.000
G_356 0.000 -27.649 6.000
V_357 0.000 613.196 6.000
I_358 0.000 777.529 6.000
K_359 -11.867 -818.649 6.000
S_360 -15.425 -90.060 9.000
P_361 0.000 -195.996 10.000
S_362 -17.098 -90.060 11.000
W_363 -6.358 -203.500 13.000
Q_364 -24.169 -643.904 13.000
R_365 -30.711 -1015.709 14.000
P_366 0.000 -195.996 17.000
N_367 -24.169 -507.047 13.000
Q_368 -18.409 -643.904 8.000
G_369 0.000 -27.649 8.000
V_370 0.000 613.196 7.000
P_371 0.000 -195.996 6.000
S_372 -11.867 -90.060 6.000
T_373 -17.098 -90.974 11.000
G_374 0.000 -27.649 11.000
R_375 -27.076 -1015.709 11.000
I_376 0.000 777.529 12.000
S_377 -19.613 -90.060 15.000
N_378 -21.132 -507.047 10.000
S_379 -18.462 -90.060 13.000
A_380 0.000 185.740 12.000
T_381 -17.098 -90.974 11.000
Y_382 -9.978 -274.939 8.000
S_383 -17.098 -90.060 11.000
G_384 0.000 -27.649 8.000
S_385 -11.867 -90.060 6.000
V_386 0.000 613.196 3.000
A_387 0.000 185.740 3.000
P_388 0.000 -195.996 4.000
A_389 0.000 185.740 7.000
N_390 -16.691 -507.047 7.000
S_391 -13.255 -90.060 7.000
A_392 0.000 185.740 7.000
L_393 0.000 679.918 7.000
G_394 0.000 -27.649 7.000
Q_395 -22.253 -643.904 11.000
T_396 -17.098 -90.974 11.000
Q_397 -25.003 -643.904 14.000
P_398 0.000 -195.996 14.000
S_399 -19.613 -90.060 15.000
D_400 -25.772 -475.402 15.000
Q_401 -27.773 -643.904 18.000
D_402 -25.772 -475.402 15.000
T_403 -17.098 -90.974 11.000
L_404 0.000 679.918 11.000
V_405 0.000 613.196 12.000
Q_406 -19.866 -643.904 9.000
R_407 -29.616 -1015.709 13.000
A_408 0.000 185.740 15.000
E_409 -22.253 -605.239 11.000
H_410 -8.431 -583.484 6.000
I_411 0.000 777.529 6.000
P_412 0.000 -195.996 2.000
A_413 0.000 185.740 3.000
G_414 0.000 -27.649 8.000
K_415 -17.098 -818.649 11.000
R_416 -27.076 -1015.709 11.000
T_417 -17.098 -90.974 11.000
P_418 0.000 -195.996 8.000
M_419 0.000 401.769 3.000
C_420 0.000 322.480 2.000
A_421 0.000 185.740 2.000
H_422 -8.431 -583.484 6.000
C_423 0.000 322.480 10.000
N_424 -21.132 -507.047 10.000
Q_425 -18.409 -643.904 8.000
V_426 0.000 613.196 13.000
I_427 0.000 777.529 9.000
R_428 -11.867 -1015.709 5.000
G_429 0.000 -27.649 5.000
P_430 0.000 -195.996 5.000
F_431 0.000 560.542 0.000
L_432 0.000 679.918 0.000
V_433 0.000 613.196 0.000
A_434 0.000 185.740 0.000
L_435 0.000 679.918 3.000
G_436 0.000 -27.649 6.000
K_437 -13.255 -818.649 7.000
S_438 -15.425 -90.060 9.000
W_439 -5.447 -203.500 9.000
H_440 -11.154 -583.484 10.000
P_441 0.000 -195.996 11.000
E_442 -21.132 -605.239 10.000
E_443 -23.258 -605.239 12.000
F_444 0.000 560.542 12.000
N_445 -18.409 -507.047 8.000
C_446 0.000 322.480 6.000
A_447 0.000 185.740 6.000
H_448 -7.426 -583.484 5.000
C_449 0.000 322.480 9.000
K_450 -17.811 -818.649 12.000
N_451 -21.132 -507.047 10.000
T_452 -16.309 -90.974 10.000
M_453 0.000 401.769 9.000
A_454 0.000 185.740 5.000
Y_455 -1.718 -274.939 2.000
I_456 0.000 777.529 2.000
G_457 0.000 -27.649 2.000
F_458 0.000 560.542 4.000
V_459 0.000 613.196 8.000
E_460 -22.253 -605.239 11.000
E_461 -22.253 -605.239 11.000
K_462 -17.098 -818.649 11.000
G_463 0.000 -27.649 7.000
A_464 0.000 185.740 5.000
L_465 0.000 679.918 2.000
Y_466 -8.431 -274.939 6.000
C_467 0.000 322.480 6.000
E_468 -14.591 -605.239 6.000
L_469 0.000 679.918 6.000
C_470 0.000 322.480 10.000
Y_471 -10.601 -274.939 9.000
E_472 -19.866 -605.239 9.000
K_473 -15.425 -818.649 9.000
F_474 0.000 560.542 7.000
F_475 0.000 560.542 3.000
A_476 0.000 185.740 4.000
P_477 0.000 -195.996 4.000
E_478 -7.878 -605.239 4.000
C_479 0.000 322.480 9.000
G_480 0.000 -27.649 9.000
R_481 -23.856 -1015.709 9.000
C_482 0.000 322.480 14.000
Q_483 -27.150 -643.904 17.000
R_484 -28.412 -1015.709 12.000
K_485 -17.811 -818.649 12.000
I_486 0.000 777.529 8.000
L_487 0.000 679.918 7.000
G_488 0.000 -27.649 4.000
E_489 -7.878 -605.239 4.000
V_490 0.000 613.196 7.000
I_491 0.000 777.529 7.000
S_492 -4.441 -90.060 3.000
A_493 0.000 185.740 6.000
L_494 0.000 679.918 10.000
K_495 -16.309 -818.649 10.000
Q_496 -22.253 -643.904 11.000
T_497 -18.462 -90.974 13.000
W_498 -5.708 -203.500 10.000
H_499 -10.601 -583.484 9.000
V_500 0.000 613.196 6.000
S_501 -10.149 -90.060 5.000
C_502 0.000 322.480 3.000
F_503 0.000 560.542 3.000
V_504 0.000 613.196 0.000
C_505 0.000 322.480 0.000
V_506 0.000 613.196 0.000
A_507 0.000 185.740 0.000
C_508 0.000 322.480 3.000
G_509 0.000 -27.649 3.000
K_510 -4.441 -818.649 3.000
P_511 0.000 -195.996 8.000
I_512 0.000 777.529 12.000
R_513 -29.616 -1015.709 13.000
N_514 -24.169 -507.047 13.000
N_515 -24.169 -507.047 13.000
V_516 0.000 613.196 10.000
F_517 0.000 560.542 6.000
H_518 -8.431 -583.484 6.000
L_519 0.000 679.918 10.000
E_520 -21.132 -605.239 10.000
D_521 -23.258 -475.402 12.000
G_522 0.000 -27.649 12.000
E_523 -21.132 -605.239 10.000
P_524 0.000 -195.996 6.000
Y_525 -11.154 -274.939 10.000
C_526 0.000 322.480 9.000
E_527 -24.169 -605.239 13.000
T_528 -18.462 -90.974 13.000
D_529 -25.772 -475.402 15.000
Y_530 -11.652 -274.939 11.000
Y_531 -9.978 -274.939 8.000
A_532 0.000 185.740 4.000
L_533 0.000 679.918 2.000
F_534 0.000 560.542 3.000
G_535 0.000 -27.649 3.000
T_536 -4.441 -90.974 3.000
I_537 0.000 777.529 5.000
C_538 0.000 322.480 5.000
H_539 -1.718 -583.484 2.000
G_540 0.000 -27.649 6.000
C_541 0.000 322.480 6.000
E_542 -7.878 -605.239 4.000
F_543 0.000 560.542 4.000
P_544 0.000 -195.996 8.000
I_545 0.000 777.529 4.000
E_546 -7.878 -605.239 4.000
A_547 0.000 185.740 8.000
G_548 0.000 -27.649 8.000
D_549 -7.878 -475.402 4.000
M_550 0.000 401.769 4.000
F_551 0.000 560.542 8.000
L_552 0.000 679.918 4.000
E_553 -7.878 -605.239 4.000
A_554 0.000 185.740 4.000
L_555 0.000 679.918 6.000
G_556 0.000 -27.649 5.000
Y_557 -8.431 -274.939 6.000
T_558 -14.420 -90.974 8.000
W_559 -6.160 -203.500 12.000
H_560 -12.518 -583.484 13.000
D_561 -21.132 -475.402 10.000
T_562 -15.425 -90.974 9.000
C_563 0.000 322.480 7.000
F_564 0.000 560.542 3.000
V_565 0.000 613.196 3.000
C_566 0.000 322.480 3.000
S_567 -4.441 -90.060 3.000
V_568 0.000 613.196 3.000
C_569 0.000 322.480 7.000
C_570 0.000 322.480 7.000
E_571 -16.691 -605.239 7.000
S_572 -17.098 -90.060 11.000
L_573 0.000 679.918 11.000
E_574 -22.253 -605.239 11.000
G_575 0.000 -27.649 11.000
Q_576 -22.253 -643.904 11.000
T_577 -13.255 -90.974 7.000
F_578 0.000 560.542 10.000
F_579 0.000 560.542 9.000
S_580 -15.425 -90.060 9.000
K_581 -18.462 -818.649 13.000
K_582 -20.127 -818.649 16.000
D_583 -24.169 -475.402 13.000
K_584 -16.309 -818.649 10.000
P_585 0.000 -195.996 7.000
L_586 0.000 679.918 6.000
C_587 0.000 322.480 6.000
K_588 -14.420 -818.649 8.000
K_589 -14.420 -818.649 8.000
H_590 -11.154 -583.484 10.000
A_591 0.000 185.740 10.000
H_592 -9.265 -583.484 7.000
S_593 -15.425 -90.060 9.000
V_594 0.000 613.196 9.000
N_595 -16.691 -507.047 7.000
F_596 0.000 560.542 4.000
