M_1 0.000 401.769 3.000
K_2 -4.441 -818.649 3.000
A_3 0.000 185.740 7.000
A_4 0.000 185.740 10.000
D_5 -16.691 -475.402 7.000
T_6 -13.255 -90.974 7.000
V_7 0.000 613.196 7.000
I_8 0.000 777.529 4.000
L_9 0.000 679.918 1.000
W_10 -4.441 -203.500 6.000
A_11 0.000 185.740 9.000
R_12 -28.412 -1015.709 12.000
S_13 -19.613 -90.060 15.000
K_14 -21.486 -818.649 19.000
N_15 -27.773 -507.047 18.000
D_16 -25.772 -475.402 15.000
Q_17 -27.150 -643.904 17.000
L_18 0.000 679.918 13.000
R_19 -28.412 -1015.709 12.000
I_20 0.000 777.529 8.000
S_21 -14.420 -90.060 8.000
F_22 0.000 560.542 3.000
P_23 0.000 -195.996 3.000
P_24 0.000 -195.996 0.000
G_25 0.000 -27.649 0.000
L_26 0.000 679.918 1.000
C_27 0.000 322.480 1.000
W_28 -3.990 -203.500 5.000
G_29 0.000 -27.649 10.000
D_30 -21.132 -475.402 10.000
R_31 -23.856 -1015.709 9.000
M_32 0.000 401.769 13.000
P_33 0.000 -195.996 12.000
D_34 -22.253 -475.402 11.000
K_35 -19.613 -818.649 15.000
D_36 -25.772 -475.402 15.000
D_37 -26.485 -475.402 16.000
I_38 0.000 777.529 13.000
R_39 -23.856 -1015.709 9.000
L_40 0.000 679.918 5.000
L_41 0.000 679.918 8.000
P_42 0.000 -195.996 3.000
S_43 -4.441 -90.060 3.000
A_44 0.000 185.740 3.000
L_45 0.000 679.918 3.000
G_46 0.000 -27.649 3.000
V_47 0.000 613.196 6.000
K_48 -17.098 -818.649 11.000
K_49 -19.059 -818.649 14.000
R_50 -35.072 -1015.709 19.000
K_51 -20.127 -818.649 16.000
R_52 -29.616 -1015.709 13.000
G_53 0.000 -27.649 11.000
P_54 0.000 -195.996 11.000
K_55 -16.309 -818.649 10.000
K_56 -18.462 -818.649 13.000
Q_57 -27.150 -643.904 17.000
K_58 -21.060 -818.649 18.000
E_59 -27.773 -605.239 18.000
N_60 -25.003 -507.047 14.000
K_61 -17.098 -818.649 11.000
P_62 0.000 -195.996 10.000
G_63 0.000 -27.649 6.000
K_64 -14.420 -818.649 8.000
P_65 0.000 -195.996 11.000
R_66 -32.645 -1015.709 16.000
K_67 -20.127 -818.649 16.000
R_68 -35.072 -1015.709 19.000
K_69 -21.486 -818.649 19.000
K_70 -21.889 -818.649 20.000
R_71 -34.315 -1015.709 18.000
D_72 -28.359 -475.402 19.000
S_73 -21.889 -90.060 20.000
E_74 -28.359 -605.239 19.000
E_75 -25.772 -605.239 15.000
E_76 -23.258 -605.239 12.000
F_77 0.000 560.542 11.000
G_78 0.000 -27.649 11.000
S_79 -17.811 -90.060 12.000
E_80 -26.485 -605.239 16.000
R_81 -35.785 -1015.709 20.000
D_82 -28.359 -475.402 19.000
E_83 -28.912 -605.239 20.000
Y_84 -14.463 -274.939 19.000
R_85 -34.315 -1015.709 18.000
E_86 -27.150 -605.239 17.000
K_87 -21.486 -818.649 19.000
S_88 -20.609 -90.060 17.000
E_89 -24.169 -605.239 13.000
S_90 -16.309 -90.060 10.000
G_91 0.000 -27.649 10.000
G_92 0.000 -27.649 10.000
S_93 -15.425 -90.060 9.000
E_94 -19.866 -605.239 9.000
Y_95 -12.104 -274.939 12.000
G_96 0.000 -27.649 9.000
T_97 -10.149 -90.974 5.000
G_98 0.000 -27.649 3.000
P_99 0.000 -195.996 8.000
G_100 0.000 -27.649 8.000
R_101 -29.616 -1015.709 13.000
K_102 -21.060 -818.649 18.000
R_103 -37.706 -1015.709 23.000
R_104 -36.459 -1015.709 21.000
R_105 -35.785 -1015.709 20.000
K_106 -21.889 -818.649 20.000
H_107 -14.463 -583.484 19.000
R_108 -33.508 -1015.709 17.000
E_109 -27.150 -605.239 17.000
K_110 -21.486 -818.649 19.000
K_111 -20.609 -818.649 17.000
E_112 -26.485 -605.239 16.000
K_113 -20.127 -818.649 16.000
K_114 -20.127 -818.649 16.000
T_115 -20.609 -90.974 17.000
K_116 -21.486 -818.649 19.000
R_117 -35.072 -1015.709 19.000
R_118 -35.072 -1015.709 19.000
K_119 -20.127 -818.649 16.000
K_120 -19.613 -818.649 15.000
G_121 0.000 -27.649 10.000
E_122 -22.253 -605.239 11.000
G_123 0.000 -27.649 8.000
D_124 -18.409 -475.402 8.000
G_125 0.000 -27.649 8.000
G_126 0.000 -27.649 11.000
Q_127 -22.253 -643.904 11.000
K_128 -17.098 -818.649 11.000
Q_129 -25.772 -643.904 15.000
V_130 0.000 613.196 15.000
E_131 -25.772 -605.239 15.000
Q_132 -25.003 -643.904 14.000
K_133 -20.609 -818.649 17.000
S_134 -18.462 -90.060 13.000
S_135 -17.811 -90.060 12.000
A_136 0.000 185.740 9.000
T_137 -11.867 -90.974 6.000
L_138 0.000 679.918 3.000
L_139 0.000 679.918 6.000
L_140 0.000 679.918 4.000
T_141 -7.878 -90.974 4.000
W_142 -3.436 -203.500 4.000
G_143 0.000 -27.649 8.000
L_144 0.000 679.918 9.000
E_145 -18.409 -605.239 8.000
D_146 -23.258 -475.402 12.000
V_147 0.000 613.196 14.000
E_148 -21.132 -605.239 10.000
H_149 -8.431 -583.484 6.000
V_150 0.000 613.196 9.000
F_151 0.000 560.542 9.000
S_152 -17.098 -90.060 11.000
E_153 -25.772 -605.239 15.000
E_154 -27.150 -605.239 17.000
D_155 -26.485 -475.402 16.000
Y_156 -13.255 -274.939 15.000
H_157 -11.652 -583.484 11.000
T_158 -16.309 -90.974 10.000
L_159 0.000 679.918 12.000
T_160 -17.811 -90.974 12.000
N_161 -23.258 -507.047 12.000
Y_162 -12.104 -274.939 12.000
K_163 -15.425 -818.649 9.000
A_164 0.000 185.740 8.000
F_165 0.000 560.542 10.000
S_166 -13.255 -90.060 7.000
Q_167 -16.691 -643.904 7.000
F_168 0.000 560.542 12.000
M_169 0.000 401.769 9.000
R_170 -11.867 -1015.709 5.000
P_171 0.000 -195.996 5.000
L_172 0.000 679.918 5.000
I_173 0.000 777.529 3.000
A_174 0.000 185.740 6.000
K_175 -16.309 -818.649 10.000
K_176 -16.309 -818.649 10.000
N_177 -24.169 -507.047 13.000
P_178 0.000 -195.996 10.000
K_179 -13.255 -818.649 7.000
I_180 0.000 777.529 3.000
P_181 0.000 -195.996 6.000
M_182 0.000 401.769 6.000
S_183 -11.867 -90.060 6.000
K_184 -11.867 -818.649 6.000
M_185 0.000 401.769 9.000
M_186 0.000 401.769 6.000
T_187 -4.441 -90.974 3.000
I_188 0.000 777.529 3.000
L_189 0.000 679.918 3.000
G_190 0.000 -27.649 3.000
A_191 0.000 185.740 4.000
K_192 -15.425 -818.649 9.000
W_193 -6.358 -203.500 13.000
R_194 -29.616 -1015.709 13.000
E_195 -24.169 -605.239 13.000
F_196 0.000 560.542 12.000
S_197 -17.098 -90.060 11.000
A_198 0.000 185.740 11.000
N_199 -22.253 -507.047 11.000
N_200 -18.409 -507.047 8.000
P_201 0.000 -195.996 11.000
F_202 0.000 560.542 7.000
K_203 -11.867 -818.649 6.000
G_204 0.000 -27.649 6.000
S_205 -11.867 -90.060 6.000
A_206 0.000 185.740 3.000
A_207 0.000 185.740 3.000
A_208 0.000 185.740 0.000
V_209 0.000 613.196 0.000
A_210 0.000 185.740 0.000
A_211 0.000 185.740 0.000
A_212 0.000 185.740 0.000
A_213 0.000 185.740 0.000
A_214 0.000 185.740 0.000
A_215 0.000 185.740 0.000
A_216 0.000 185.740 0.000
A_217 0.000 185.740 0.000
A_218 0.000 185.740 0.000
A_219 0.000 185.740 0.000
V_220 0.000 613.196 4.000
A_221 0.000 185.740 8.000
E_222 -18.409 -605.239 8.000
Q_223 -22.253 -643.904 11.000
V_224 0.000 613.196 11.000
S_225 -13.255 -90.060 7.000
A_226 0.000 185.740 3.000
A_227 0.000 185.740 6.000
V_228 0.000 613.196 6.000
S_229 -11.867 -90.060 6.000
S_230 -15.425 -90.060 9.000
A_231 0.000 185.740 9.000
T_232 -11.867 -90.974 6.000
P_233 0.000 -195.996 3.000
I_234 0.000 777.529 3.000
A_235 0.000 185.740 3.000
P_236 0.000 -195.996 3.000
S_237 -4.441 -90.060 3.000
G_238 0.000 -27.649 3.000
P_239 0.000 -195.996 3.000
P_240 0.000 -195.996 0.000
A_241 0.000 185.740 0.000
L_242 0.000 679.918 0.000
P_243 0.000 -195.996 0.000
P_244 0.000 -195.996 0.000
P_245 0.000 -195.996 0.000
P_246 0.000 -195.996 0.000
A_247 0.000 185.740 4.000
A_248 0.000 185.740 4.000
D_249 -18.409 -475.402 8.000
I_250 0.000 777.529 8.000
Q_251 -18.409 -643.904 8.000
P_252 0.000 -195.996 4.000
P_253 0.000 -195.996 4.000
P_254 0.000 -195.996 5.000
I_255 0.000 777.529 10.000
R_256 -25.574 -1015.709 10.000
R_257 -29.616 -1015.709 13.000
A_258 0.000 185.740 16.000
K_259 -19.059 -818.649 14.000
T_260 -18.462 -90.974 13.000
K_261 -18.462 -818.649 13.000
E_262 -24.169 -605.239 13.000
G_263 0.000 -27.649 10.000
K_264 -13.255 -818.649 7.000
G_265 0.000 -27.649 3.000
P_266 0.000 -195.996 5.000
G_267 0.000 -27.649 5.000
H_268 -11.154 -583.484 10.000
K_269 -19.613 -818.649 15.000
R_270 -34.315 -1015.709 18.000
R_271 -35.072 -1015.709 19.000
S_272 -21.486 -90.060 19.000
K_273 -19.059 -818.649 14.000
S_274 -19.059 -90.060 14.000
P_275 0.000 -195.996 11.000
R_276 -21.845 -1015.709 8.000
V_277 0.000 613.196 9.000
P_278 0.000 -195.996 9.000
D_279 -19.866 -475.402 9.000
G_280 0.000 -27.649 12.000
R_281 -31.716 -1015.709 15.000
K_282 -17.098 -818.649 11.000
K_283 -20.127 -818.649 16.000
L_284 0.000 679.918 11.000
R_285 -27.076 -1015.709 11.000
G_286 0.000 -27.649 11.000
K_287 -17.098 -818.649 11.000
K_288 -11.867 -818.649 6.000
M_289 0.000 401.769 6.000
A_290 0.000 185.740 3.000
P_291 0.000 -195.996 3.000
L_292 0.000 679.918 3.000
K_293 -11.867 -818.649 6.000
I_294 0.000 777.529 6.000
K_295 -11.867 -818.649 6.000
L_296 0.000 679.918 3.000
G_297 0.000 -27.649 3.000
L_298 0.000 679.918 0.000
L_299 0.000 679.918 0.000
G_300 0.000 -27.649 3.000
G_301 0.000 -27.649 8.000
K_302 -17.098 -818.649 11.000
R_303 -30.711 -1015.709 14.000
K_304 -19.059 -818.649 14.000
K_305 -17.098 -818.649 11.000
G_306 0.000 -27.649 9.000
G_307 0.000 -27.649 8.000
S_308 -10.149 -90.060 5.000
Y_309 -7.426 -274.939 5.000
V_310 0.000 613.196 9.000
F_311 0.000 560.542 9.000
Q_312 -22.253 -643.904 11.000
S_313 -19.613 -90.060 15.000
D_314 -25.772 -475.402 15.000
E_315 -22.253 -605.239 11.000
G_316 0.000 -27.649 12.000
P_317 0.000 -195.996 8.000
E_318 -18.409 -605.239 8.000
P_319 0.000 -195.996 8.000
E_320 -23.258 -605.239 12.000
A_321 0.000 185.740 12.000
E_322 -25.772 -605.239 15.000
E_323 -25.772 -605.239 15.000
S_324 -19.613 -90.060 15.000
D_325 -25.772 -475.402 15.000
L_326 0.000 679.918 14.000
D_327 -22.253 -475.402 11.000
S_328 -16.309 -90.060 10.000
G_329 0.000 -27.649 10.000
S_330 -14.420 -90.060 8.000
V_331 0.000 613.196 8.000
H_332 -9.978 -583.484 8.000
S_333 -14.420 -90.060 8.000
A_334 0.000 185.740 8.000
S_335 -17.098 -90.060 11.000
G_336 0.000 -27.649 8.000
R_337 -28.412 -1015.709 12.000
P_338 0.000 -195.996 9.000
D_339 -19.866 -475.402 9.000
G_340 0.000 -27.649 4.000
P_341 0.000 -195.996 9.000
V_342 0.000 613.196 8.000
R_343 -27.076 -1015.709 11.000
T_344 -19.059 -90.974 14.000
K_345 -19.059 -818.649 14.000
K_346 -17.811 -818.649 12.000
L_347 0.000 679.918 14.000
K_348 -17.098 -818.649 11.000
R_349 -29.616 -1015.709 13.000
G_350 0.000 -27.649 13.000
R_351 -25.574 -1015.709 10.000
P_352 0.000 -195.996 10.000
G_353 0.000 -27.649 13.000
R_354 -27.076 -1015.709 11.000
K_355 -19.059 -818.649 14.000
K_356 -20.609 -818.649 17.000
K_357 -17.811 -818.649 12.000
K_358 -15.425 -818.649 9.000
V_359 0.000 613.196 6.000
L_360 0.000 679.918 3.000
G_361 0.000 -27.649 0.000
C_362 0.000 322.480 0.000
P_363 0.000 -195.996 0.000
A_364 0.000 185.740 0.000
V_365 0.000 613.196 0.000
A_366 0.000 185.740 4.000
G_367 0.000 -27.649 8.000
E_368 -23.258 -605.239 12.000
E_369 -23.258 -605.239 12.000
E_370 -26.485 -605.239 16.000
V_371 0.000 613.196 12.000
D_372 -21.132 -475.402 10.000
G_373 0.000 -27.649 10.000
Y_374 -12.518 -274.939 13.000
E_375 -24.169 -605.239 13.000
T_376 -19.613 -90.974 15.000
D_377 -27.150 -475.402 17.000
H_378 -13.896 -583.484 17.000
Q_379 -26.485 -643.904 16.000
D_380 -23.258 -475.402 12.000
Y_381 -12.900 -274.939 14.000
C_382 0.000 322.480 10.000
E_383 -14.591 -605.239 6.000
V_384 0.000 613.196 8.000
C_385 0.000 322.480 12.000
Q_386 -18.409 -643.904 8.000
Q_387 -18.409 -643.904 8.000
G_388 0.000 -27.649 12.000
G_389 0.000 -27.649 8.000
E_390 -7.878 -605.239 4.000
I_391 0.000 777.529 4.000
I_392 0.000 777.529 4.000
L_393 0.000 679.918 4.000
C_394 0.000 322.480 7.000
D_395 -16.691 -475.402 7.000
T_396 -13.255 -90.974 7.000
C_397 0.000 322.480 12.000
P_398 0.000 -195.996 8.000
R_399 -19.414 -1015.709 7.000
A_400 0.000 185.740 9.000
Y_401 -10.601 -274.939 9.000
H_402 -6.160 -583.484 4.000
L_403 0.000 679.918 4.000
V_404 0.000 613.196 2.000
C_405 0.000 322.480 4.000
L_406 0.000 679.918 4.000
D_407 -18.409 -475.402 8.000
P_408 0.000 -195.996 8.000
E_409 -23.258 -605.239 12.000
L_410 0.000 679.918 13.000
D_411 -24.169 -475.402 13.000
R_412 -23.856 -1015.709 9.000
A_413 0.000 185.740 13.000
P_414 0.000 -195.996 9.000
E_415 -16.691 -605.239 7.000
G_416 0.000 -27.649 8.000
K_417 -17.098 -818.649 11.000
W_418 -4.824 -203.500 7.000
S_419 -13.255 -90.060 7.000
C_420 0.000 322.480 6.000
P_421 0.000 -195.996 5.000
H_422 -8.431 -583.484 6.000
C_423 0.000 322.480 9.000
E_424 -24.169 -605.239 13.000
K_425 -17.098 -818.649 11.000
E_426 -22.253 -605.239 11.000
G_427 0.000 -27.649 11.000
V_428 0.000 613.196 9.000
Q_429 -19.866 -643.904 9.000
W_430 -5.447 -203.500 9.000
E_431 -23.258 -605.239 12.000
A_432 0.000 185.740 12.000
K_433 -19.613 -818.649 15.000
E_434 -25.772 -605.239 15.000
E_435 -28.359 -605.239 19.000
E_436 -28.912 -605.239 20.000
E_437 -27.773 -605.239 18.000
E_438 -27.773 -605.239 18.000
Y_439 -14.188 -274.939 18.000
E_440 -27.773 -605.239 18.000
E_441 -25.003 -605.239 14.000
E_442 -26.485 -605.239 16.000
G_443 0.000 -27.649 16.000
E_444 -26.485 -605.239 16.000
E_445 -23.258 -605.239 12.000
E_446 -26.485 -605.239 16.000
G_447 0.000 -27.649 15.000
E_448 -25.772 -605.239 15.000
K_449 -19.613 -818.649 15.000
E_450 -28.359 -605.239 19.000
E_451 -28.359 -605.239 19.000
E_452 -28.912 -605.239 20.000
D_453 -27.773 -475.402 18.000
D_454 -25.003 -475.402 14.000
H_455 -12.900 -583.484 14.000
M_456 0.000 401.769 12.000
E_457 -18.409 -605.239 8.000
Y_458 -11.652 -274.939 11.000
C_459 0.000 322.480 11.000
R_460 -19.414 -1015.709 7.000
V_461 0.000 613.196 8.000
C_462 0.000 322.480 12.000
K_463 -13.255 -818.649 7.000
D_464 -16.691 -475.402 7.000
G_465 0.000 -27.649 11.000
G_466 0.000 -27.649 8.000
E_467 -7.878 -605.239 4.000
L_468 0.000 679.918 4.000
L_469 0.000 679.918 4.000
C_470 0.000 322.480 4.000
C_471 0.000 322.480 4.000
D_472 -7.878 -475.402 4.000
A_473 0.000 185.740 4.000
C_474 0.000 322.480 7.000
I_475 0.000 777.529 6.000
S_476 -14.420 -90.060 8.000
S_477 -16.309 -90.060 10.000
Y_478 -11.154 -274.939 10.000
H_479 -10.601 -583.484 9.000
I_480 0.000 777.529 6.000
H_481 -6.160 -583.484 4.000
C_482 0.000 322.480 6.000
L_483 0.000 679.918 6.000
N_484 -7.878 -507.047 4.000
P_485 0.000 -195.996 4.000
P_486 0.000 -195.996 4.000
L_487 0.000 679.918 4.000
P_488 0.000 -195.996 4.000
D_489 -7.878 -475.402 4.000
I_490 0.000 777.529 8.000
P_491 0.000 -195.996 8.000
N_492 -18.409 -507.047 8.000
G_493 0.000 -27.649 9.000
E_494 -19.866 -605.239 9.000
W_495 -3.990 -203.500 5.000
L_496 0.000 679.918 5.000
C_497 0.000 322.480 6.000
P_498 0.000 -195.996 5.000
R_499 -21.845 -1015.709 8.000
C_500 0.000 322.480 8.000
T_501 -14.420 -90.974 8.000
C_502 0.000 322.480 3.000
P_503 0.000 -195.996 3.000
V_504 0.000 613.196 3.000
L_505 0.000 679.918 3.000
K_506 -14.420 -818.649 8.000
G_507 0.000 -27.649 8.000
R_508 -28.412 -1015.709 12.000
V_509 0.000 613.196 12.000
Q_510 -23.258 -643.904 12.000
K_511 -13.255 -818.649 7.000
I_512 0.000 777.529 9.000
L_513 0.000 679.918 6.000
H_514 -9.978 -583.484 8.000
W_515 -5.447 -203.500 9.000
R_516 -23.856 -1015.709 9.000
W_517 -5.944 -203.500 11.000
G_518 0.000 -27.649 10.000
E_519 -11.867 -605.239 5.000
P_520 0.000 -195.996 4.000
P_521 0.000 -195.996 4.000
V_522 0.000 613.196 0.000
A_523 0.000 185.740 0.000
V_524 0.000 613.196 0.000
P_525 0.000 -195.996 0.000
A_526 0.000 185.740 4.000
P_527 0.000 -195.996 8.000
Q_528 -18.409 -643.904 8.000
Q_529 -23.258 -643.904 12.000
A_530 0.000 185.740 12.000
D_531 -23.258 -475.402 12.000
G_532 0.000 -27.649 8.000
N_533 -23.258 -507.047 12.000
P_534 0.000 -195.996 8.000
D_535 -18.409 -475.402 8.000
V_536 0.000 613.196 4.000
P_537 0.000 -195.996 4.000
P_538 0.000 -195.996 5.000
P_539 0.000 -195.996 5.000
R_540 -11.867 -1015.709 5.000
P_541 0.000 -195.996 9.000
L_542 0.000 679.918 9.000
Q_543 -19.866 -643.904 9.000
G_544 0.000 -27.649 12.000
R_545 -32.645 -1015.709 16.000
S_546 -20.609 -90.060 17.000
E_547 -29.436 -605.239 21.000
R_548 -32.645 -1015.709 16.000
E_549 -24.169 -605.239 13.000
F_550 0.000 560.542 9.000
F_551 0.000 560.542 7.000
V_552 0.000 613.196 4.000
K_553 -7.878 -818.649 4.000
W_554 -3.436 -203.500 4.000
V_555 0.000 613.196 4.000
G_556 0.000 -27.649 4.000
L_557 0.000 679.918 5.000
S_558 -11.867 -90.060 6.000
Y_559 -9.978 -274.939 8.000
W_560 -5.155 -203.500 8.000
H_561 -9.978 -583.484 8.000
C_562 0.000 322.480 7.000
S_563 -11.867 -90.060 6.000
W_564 -4.824 -203.500 7.000
A_565 0.000 185.740 11.000
K_566 -14.420 -818.649 8.000
E_567 -22.253 -605.239 11.000
L_568 0.000 679.918 11.000
Q_569 -23.258 -643.904 12.000
L_570 0.000 679.918 8.000
E_571 -18.409 -605.239 8.000
I_572 0.000 777.529 6.000
F_573 0.000 560.542 6.000
H_574 -1.718 -583.484 2.000
L_575 0.000 679.918 2.000
V_576 0.000 613.196 4.000
M_577 0.000 401.769 7.000
Y_578 -11.652 -274.939 11.000
R_579 -29.616 -1015.709 13.000
N_580 -27.150 -507.047 17.000
Y_581 -14.725 -274.939 20.000
Q_582 -27.773 -643.904 18.000
R_583 -34.315 -1015.709 18.000
K_584 -21.889 -818.649 20.000
N_585 -26.485 -507.047 16.000
D_586 -25.772 -475.402 15.000
M_587 0.000 401.769 16.000
D_588 -23.258 -475.402 12.000
E_589 -18.409 -605.239 8.000
P_590 0.000 -195.996 8.000
P_591 0.000 -195.996 4.000
P_592 0.000 -195.996 4.000
L_593 0.000 679.918 6.000
D_594 -14.591 -475.402 6.000
Y_595 -10.601 -274.939 9.000
G_596 0.000 -27.649 9.000
S_597 -15.425 -90.060 9.000
G_598 0.000 -27.649 11.000
E_599 -25.772 -605.239 15.000
D_600 -23.258 -475.402 12.000
D_601 -25.772 -475.402 15.000
G_602 0.000 -27.649 14.000
K_603 -19.059 -818.649 14.000
S_604 -18.462 -90.060 13.000
D_605 -27.773 -475.402 18.000
K_606 -21.060 -818.649 18.000
R_607 -31.716 -1015.709 15.000
K_608 -19.059 -818.649 14.000
V_609 0.000 613.196 15.000
K_610 -16.309 -818.649 10.000
D_611 -19.866 -475.402 9.000
P_612 0.000 -195.996 11.000
H_613 -9.978 -583.484 8.000
Y_614 -9.978 -274.939 8.000
A_615 0.000 185.740 8.000
E_616 -21.132 -605.239 10.000
M_617 0.000 401.769 12.000
E_618 -25.772 -605.239 15.000
E_619 -24.169 -605.239 13.000
K_620 -19.613 -818.649 15.000
Y_621 -13.586 -274.939 16.000
Y_622 -12.104 -274.939 12.000
R_623 -23.856 -1015.709 9.000
F_624 0.000 560.542 7.000
G_625 0.000 -27.649 8.000
I_626 0.000 777.529 3.000
K_627 -13.255 -818.649 7.000
P_628 0.000 -195.996 8.000
E_629 -18.409 -605.239 8.000
W_630 -5.155 -203.500 8.000
M_631 0.000 401.769 8.000
T_632 -11.867 -90.974 6.000
V_633 0.000 613.196 10.000
H_634 -11.154 -583.484 10.000
R_635 -19.414 -1015.709 7.000
I_636 0.000 777.529 11.000
I_637 0.000 777.529 11.000
N_638 -19.866 -507.047 9.000
H_639 -10.601 -583.484 9.000
S_640 -18.462 -90.060 13.000
V_641 0.000 613.196 12.000
D_642 -24.169 -475.402 13.000
K_643 -16.309 -818.649 10.000
K_644 -19.059 -818.649 14.000
G_645 0.000 -27.649 12.000
N_646 -22.253 -507.047 11.000
Y_647 -11.154 -274.939 10.000
H_648 -11.154 -583.484 10.000
Y_649 -8.431 -274.939 6.000
L_650 0.000 679.918 7.000
V_651 0.000 613.196 6.000
K_652 -15.425 -818.649 9.000
W_653 -6.358 -203.500 13.000
R_654 -29.616 -1015.709 13.000
D_655 -21.132 -475.402 10.000
L_656 0.000 679.918 11.000
P_657 0.000 -195.996 10.000
Y_658 -11.154 -274.939 10.000
D_659 -24.169 -475.402 13.000
Q_660 -26.485 -643.904 16.000
S_661 -19.613 -90.060 15.000
T_662 -19.613 -90.974 15.000
W_663 -6.713 -203.500 15.000
E_664 -26.485 -605.239 16.000
E_665 -27.150 -605.239 17.000
D_666 -26.485 -475.402 16.000
E_667 -26.485 -605.239 16.000
M_668 0.000 401.769 12.000
N_669 -18.409 -507.047 8.000
I_670 0.000 777.529 8.000
P_671 0.000 -195.996 10.000
E_672 -21.132 -605.239 10.000
Y_673 -12.900 -274.939 14.000
E_674 -26.485 -605.239 16.000
E_675 -25.772 -605.239 15.000
H_676 -13.896 -583.484 17.000
K_677 -20.127 -818.649 16.000
Q_678 -25.003 -643.904 14.000
S_679 -18.462 -90.060 13.000
Y_680 -13.255 -274.939 15.000
W_681 -6.358 -203.500 13.000
R_682 -31.716 -1015.709 15.000
H_683 -13.896 -583.484 17.000
R_684 -32.645 -1015.709 16.000
E_685 -22.253 -605.239 11.000
L_686 0.000 679.918 9.000
I_687 0.000 777.529 4.000
M_688 0.000 401.769 4.000
G_689 0.000 -27.649 8.000
E_690 -18.409 -605.239 8.000
D_691 -18.409 -475.402 8.000
P_692 0.000 -195.996 12.000
A_693 0.000 185.740 8.000
Q_694 -19.866 -643.904 9.000
P_695 0.000 -195.996 12.000
R_696 -30.711 -1015.709 14.000
K_697 -18.462 -818.649 13.000
Y_698 -13.586 -274.939 16.000
K_699 -19.059 -818.649 14.000
K_700 -19.059 -818.649 14.000
K_701 -19.613 -818.649 15.000
K_702 -20.127 -818.649 16.000
K_703 -18.462 -818.649 13.000
E_704 -25.003 -605.239 14.000
L_705 0.000 679.918 11.000
Q_706 -23.258 -643.904 12.000
G_707 0.000 -27.649 8.000
D_708 -18.409 -475.402 8.000
G_709 0.000 -27.649 4.000
P_710 0.000 -195.996 7.000
P_711 0.000 -195.996 6.000
S_712 -11.867 -90.060 6.000
S_713 -15.425 -90.060 9.000
P_714 0.000 -195.996 13.000
T_715 -19.059 -90.974 14.000
N_716 -22.253 -507.047 11.000
D_717 -25.003 -475.402 14.000
P_718 0.000 -195.996 11.000
T_719 -16.309 -90.974 10.000
V_720 0.000 613.196 8.000
K_721 -17.811 -818.649 12.000
Y_722 -12.104 -274.939 12.000
E_723 -26.485 -605.239 16.000
T_724 -18.462 -90.974 13.000
Q_725 -26.485 -643.904 16.000
P_726 0.000 -195.996 12.000
R_727 -23.856 -1015.709 9.000
F_728 0.000 560.542 8.000
I_729 0.000 777.529 8.000
T_730 -11.867 -90.974 6.000
A_731 0.000 185.740 6.000
T_732 -11.867 -90.974 6.000
G_733 0.000 -27.649 6.000
G_734 0.000 -27.649 6.000
T_735 -10.149 -90.974 5.000
L_736 0.000 679.918 5.000
H_737 -9.265 -583.484 7.000
M_738 0.000 401.769 8.000
Y_739 -9.978 -274.939 8.000
Q_740 -21.132 -643.904 10.000
L_741 0.000 679.918 10.000
E_742 -18.409 -605.239 8.000
G_743 0.000 -27.649 8.000
L_744 0.000 679.918 9.000
N_745 -11.867 -507.047 5.000
W_746 -5.708 -203.500 10.000
L_747 0.000 679.918 10.000
R_748 -23.856 -1015.709 9.000
F_749 0.000 560.542 9.000
S_750 -15.425 -90.060 9.000
W_751 -5.155 -203.500 8.000
A_752 0.000 185.740 8.000
Q_753 -18.409 -643.904 8.000
G_754 0.000 -27.649 11.000
T_755 -19.059 -90.974 14.000
D_756 -21.132 -475.402 10.000
T_757 -16.309 -90.974 10.000
I_758 0.000 777.529 7.000
L_759 0.000 679.918 7.000
A_760 0.000 185.740 8.000
D_761 -18.409 -475.402 8.000
E_762 -18.409 -605.239 8.000
M_763 0.000 401.769 8.000
G_764 0.000 -27.649 4.000
L_765 0.000 679.918 3.000
G_766 0.000 -27.649 6.000
K_767 -11.867 -818.649 6.000
T_768 -16.309 -90.974 10.000
I_769 0.000 777.529 13.000
Q_770 -21.132 -643.904 10.000
T_771 -13.255 -90.974 7.000
I_772 0.000 777.529 7.000
V_773 0.000 613.196 3.000
F_774 0.000 560.542 2.000
L_775 0.000 679.918 5.000
Y_776 -7.426 -274.939 5.000
S_777 -13.255 -90.060 7.000
L_778 0.000 679.918 10.000
Y_779 -12.104 -274.939 12.000
K_780 -15.425 -818.649 9.000
E_781 -22.253 -605.239 11.000
G_782 0.000 -27.649 12.000
H_783 -12.104 -583.484 12.000
T_784 -14.420 -90.974 8.000
K_785 -14.420 -818.649 8.000
G_786 0.000 -27.649 6.000
P_787 0.000 -195.996 3.000
F_788 0.000 560.542 0.000
L_789 0.000 679.918 3.000
V_790 0.000 613.196 3.000
S_791 -4.441 -90.060 3.000
A_792 0.000 185.740 3.000
P_793 0.000 -195.996 6.000
L_794 0.000 679.918 6.000
S_795 -11.867 -90.060 6.000
T_796 -11.867 -90.974 6.000
I_797 0.000 777.529 10.000
I_798 0.000 777.529 8.000
N_799 -19.866 -507.047 9.000
W_800 -6.542 -203.500 14.000
E_801 -27.773 -605.239 18.000
R_802 -30.711 -1015.709 14.000
E_803 -27.150 -605.239 17.000
F_804 0.000 560.542 13.000
Q_805 -19.866 -643.904 9.000
M_806 0.000 401.769 5.000
W_807 -3.990 -203.500 5.000
A_808 0.000 185.740 4.000
P_809 0.000 -195.996 4.000
K_810 -10.149 -818.649 5.000
F_811 0.000 560.542 5.000
Y_812 -7.426 -274.939 5.000
V_813 0.000 613.196 5.000
V_814 0.000 613.196 7.000
T_815 -14.420 -90.974 8.000
Y_816 -9.978 -274.939 8.000
T_817 -17.811 -90.974 12.000
G_818 0.000 -27.649 12.000
D_819 -25.003 -475.402 14.000
K_820 -19.059 -818.649 14.000
D_821 -28.359 -475.402 19.000
S_822 -19.613 -90.060 15.000
R_823 -28.412 -1015.709 12.000
A_824 0.000 185.740 8.000
I_825 0.000 777.529 10.000
I_826 0.000 777.529 9.000
R_827 -29.616 -1015.709 13.000
E_828 -27.150 -605.239 17.000
N_829 -27.150 -507.047 17.000
E_830 -25.772 -605.239 15.000
F_831 0.000 560.542 11.000
S_832 -17.098 -90.060 11.000
F_833 0.000 560.542 11.000
E_834 -25.772 -605.239 15.000
D_835 -23.258 -475.402 12.000
N_836 -23.258 -507.047 12.000
A_837 0.000 185.740 11.000
I_838 0.000 777.529 7.000
K_839 -4.441 -818.649 3.000
G_840 0.000 -27.649 6.000
G_841 0.000 -27.649 9.000
K_842 -11.867 -818.649 6.000
K_843 -11.867 -818.649 6.000
A_844 0.000 185.740 9.000
F_845 0.000 560.542 6.000
K_846 -11.867 -818.649 6.000
M_847 0.000 401.769 11.000
K_848 -19.613 -818.649 15.000
R_849 -28.412 -1015.709 12.000
E_850 -26.485 -605.239 16.000
A_851 0.000 185.740 13.000
Q_852 -22.253 -643.904 11.000
V_853 0.000 613.196 7.000
K_854 -15.425 -818.649 9.000
F_855 0.000 560.542 5.000
H_856 -7.426 -583.484 5.000
V_857 0.000 613.196 2.000
L_858 0.000 679.918 5.000
L_859 0.000 679.918 6.000
T_860 -14.420 -90.974 8.000
S_861 -17.811 -90.060 12.000
Y_862 -12.104 -274.939 12.000
E_863 -19.866 -605.239 9.000
L_864 0.000 679.918 9.000
I_865 0.000 777.529 7.000
T_866 -13.255 -90.974 7.000
I_867 0.000 777.529 11.000
D_868 -22.253 -475.402 11.000
Q_869 -18.409 -643.904 8.000
A_870 0.000 185.740 8.000
A_871 0.000 185.740 4.000
L_872 0.000 679.918 3.000
G_873 0.000 -27.649 3.000
S_874 -14.420 -90.060 8.000
I_875 0.000 777.529 9.000
R_876 -23.856 -1015.709 9.000
W_877 -4.441 -203.500 6.000
A_878 0.000 185.740 6.000
C_879 0.000 322.480 1.000
L_880 0.000 679.918 0.000
V_881 0.000 613.196 4.000
V_882 0.000 613.196 8.000
D_883 -18.409 -475.402 8.000
E_884 -21.132 -605.239 10.000
A_885 0.000 185.740 15.000
H_886 -11.652 -583.484 11.000
R_887 -25.574 -1015.709 10.000
L_888 0.000 679.918 14.000
K_889 -20.127 -818.649 16.000
N_890 -25.772 -507.047 15.000
N_891 -27.773 -507.047 18.000
Q_892 -27.773 -643.904 18.000
S_893 -19.059 -90.060 14.000
K_894 -16.309 -818.649 10.000
F_895 0.000 560.542 11.000
F_896 0.000 560.542 8.000
R_897 -11.867 -1015.709 5.000
V_898 0.000 613.196 9.000
L_899 0.000 679.918 9.000
N_900 -14.591 -507.047 6.000
G_901 0.000 -27.649 9.000
Y_902 -10.601 -274.939 9.000
K_903 -15.425 -818.649 9.000
I_904 0.000 777.529 11.000
D_905 -23.258 -475.402 12.000
H_906 -10.601 -583.484 9.000
K_907 -15.425 -818.649 9.000
L_908 0.000 679.918 5.000
L_909 0.000 679.918 6.000
L_910 0.000 679.918 3.000
T_911 -11.867 -90.974 6.000
G_912 0.000 -27.649 6.000
T_913 -11.867 -90.974 6.000
P_914 0.000 -195.996 7.000
L_915 0.000 679.918 11.000
Q_916 -23.258 -643.904 12.000
N_917 -23.258 -507.047 12.000
N_918 -26.485 -507.047 16.000
L_919 0.000 679.918 16.000
E_920 -23.258 -605.239 12.000
E_921 -18.409 -605.239 8.000
L_922 0.000 679.918 10.000
F_923 0.000 560.542 6.000
H_924 -1.718 -583.484 2.000
L_925 0.000 679.918 6.000
L_926 0.000 679.918 6.000
N_927 -7.878 -507.047 4.000
F_928 0.000 560.542 7.000
L_929 0.000 679.918 7.000
T_930 -13.255 -90.974 7.000
P_931 0.000 -195.996 12.000
E_932 -23.258 -605.239 12.000
R_933 -29.616 -1015.709 13.000
F_934 0.000 560.542 17.000
N_935 -24.169 -507.047 13.000
N_936 -23.258 -507.047 12.000
L_937 0.000 679.918 12.000
E_938 -18.409 -605.239 8.000
G_939 0.000 -27.649 4.000
F_940 0.000 560.542 8.000
L_941 0.000 679.918 8.000
E_942 -18.409 -605.239 8.000
E_943 -18.409 -605.239 8.000
F_944 0.000 560.542 12.000
A_945 0.000 185.740 8.000
D_946 -16.691 -475.402 7.000
I_947 0.000 777.529 10.000
S_948 -19.059 -90.060 14.000
K_949 -19.059 -818.649 14.000
E_950 -27.773 -605.239 18.000
D_951 -25.772 -475.402 15.000
Q_952 -25.772 -643.904 15.000
I_953 0.000 777.529 14.000
K_954 -16.309 -818.649 10.000
K_955 -14.420 -818.649 8.000
L_956 0.000 679.918 12.000
H_957 -10.601 -583.484 9.000
D_958 -14.591 -475.402 6.000
L_959 0.000 679.918 6.000
L_960 0.000 679.918 4.000
G_961 0.000 -27.649 2.000
P_962 0.000 -195.996 2.000
H_963 -1.718 -583.484 2.000
M_964 0.000 401.769 7.000
L_965 0.000 679.918 12.000
R_966 -25.574 -1015.709 10.000
R_967 -29.616 -1015.709 13.000
L_968 0.000 679.918 13.000
K_969 -17.811 -818.649 12.000
A_970 0.000 185.740 7.000
D_971 -16.691 -475.402 7.000
V_972 0.000 613.196 7.000
F_973 0.000 560.542 11.000
K_974 -13.255 -818.649 7.000
N_975 -16.691 -507.047 7.000
M_976 0.000 401.769 7.000
P_977 0.000 -195.996 7.000
A_978 0.000 185.740 6.000
K_979 -16.309 -818.649 10.000
T_980 -16.309 -90.974 10.000
E_981 -21.132 -605.239 10.000
L_982 0.000 679.918 7.000
I_983 0.000 777.529 9.000
V_984 0.000 613.196 5.000
R_985 -23.856 -1015.709 9.000
V_986 0.000 613.196 9.000
E_987 -23.258 -605.239 12.000
L_988 0.000 679.918 7.000
S_989 -13.255 -90.060 7.000
P_990 0.000 -195.996 7.000
M_991 0.000 401.769 10.000
Q_992 -21.132 -643.904 10.000
K_993 -17.811 -818.649 12.000
K_994 -19.059 -818.649 14.000
Y_995 -12.518 -274.939 13.000
Y_996 -12.104 -274.939 12.000
K_997 -15.425 -818.649 9.000
Y_998 -9.265 -274.939 7.000
I_999 0.000 777.529 8.000
L_1000 0.000 679.918 10.000
T_1001 -17.811 -90.974 12.000
R_1002 -28.412 -1015.709 12.000
N_1003 -26.485 -507.047 16.000
F_1004 0.000 560.542 13.000
E_1005 -18.409 -605.239 8.000
A_1006 0.000 185.740 8.000
L_1007 0.000 679.918 11.000
N_1008 -23.258 -507.047 12.000
S_1009 -17.811 -90.060 12.000
R_1010 -28.412 -1015.709 12.000
G_1011 0.000 -27.649 8.000
G_1012 0.000 -27.649 9.000
G_1013 0.000 -27.649 8.000
N_1014 -18.409 -507.047 8.000
Q_1015 -22.253 -643.904 11.000
V_1016 0.000 613.196 11.000
S_1017 -13.255 -90.060 7.000
L_1018 0.000 679.918 7.000
L_1019 0.000 679.918 7.000
N_1020 -7.878 -507.047 4.000
I_1021 0.000 777.529 4.000
M_1022 0.000 401.769 8.000
M_1023 0.000 401.769 4.000
D_1024 -16.691 -475.402 7.000
L_1025 0.000 679.918 10.000
K_1026 -16.309 -818.649 10.000
K_1027 -11.867 -818.649 6.000
C_1028 0.000 322.480 10.000
C_1029 0.000 322.480 9.000
N_1030 -14.591 -507.047 6.000
H_1031 -9.978 -583.484 8.000
P_1032 0.000 -195.996 8.000
Y_1033 -6.160 -274.939 4.000
L_1034 0.000 679.918 2.000
F_1035 0.000 560.542 2.000
P_1036 0.000 -195.996 0.000
V_1037 0.000 613.196 0.000
A_1038 0.000 185.740 0.000
A_1039 0.000 185.740 4.000
M_1040 0.000 401.769 7.000
E_1041 -16.691 -605.239 7.000
S_1042 -16.309 -90.060 10.000
P_1043 0.000 -195.996 10.000
K_1044 -11.867 -818.649 6.000
L_1045 0.000 679.918 6.000
P_1046 0.000 -195.996 6.000
S_1047 -4.441 -90.060 3.000
G_1048 0.000 -27.649 5.000
A_1049 0.000 185.740 9.000
Y_1050 -8.431 -274.939 6.000
E_1051 -14.591 -605.239 6.000
G_1052 0.000 -27.649 6.000
G_1053 0.000 -27.649 4.000
A_1054 0.000 185.740 0.000
L_1055 0.000 679.918 3.000
I_1056 0.000 777.529 6.000
K_1057 -15.425 -818.649 9.000
S_1058 -15.425 -90.060 9.000
S_1059 -17.811 -90.060 12.000
G_1060 0.000 -27.649 9.000
K_1061 -11.867 -818.649 6.000
L_1062 0.000 679.918 3.000
M_1063 0.000 401.769 3.000
L_1064 0.000 679.918 4.000
L_1065 0.000 679.918 7.000
Q_1066 -16.691 -643.904 7.000
K_1067 -13.255 -818.649 7.000
M_1068 0.000 401.769 12.000
L_1069 0.000 679.918 11.000
R_1070 -21.845 -1015.709 8.000
K_1071 -17.098 -818.649 11.000
L_1072 0.000 679.918 15.000
K_1073 -19.059 -818.649 14.000
E_1074 -22.253 -605.239 11.000
Q_1075 -24.169 -643.904 13.000
G_1076 0.000 -27.649 15.000
H_1077 -11.652 -583.484 11.000
R_1078 -19.414 -1015.709 7.000
V_1079 0.000 613.196 7.000
L_1080 0.000 679.918 5.000
I_1081 0.000 777.529 3.000
F_1082 0.000 560.542 7.000
S_1083 -13.255 -90.060 7.000
Q_1084 -21.132 -643.904 10.000
M_1085 0.000 401.769 13.000
T_1086 -16.309 -90.974 10.000
K_1087 -11.867 -818.649 6.000
M_1088 0.000 401.769 10.000
L_1089 0.000 679.918 7.000
D_1090 -7.878 -475.402 4.000
L_1091 0.000 679.918 8.000
L_1092 0.000 679.918 12.000
E_1093 -18.409 -605.239 8.000
D_1094 -18.409 -475.402 8.000
F_1095 0.000 560.542 12.000
L_1096 0.000 679.918 10.000
D_1097 -21.132 -475.402 10.000
Y_1098 -11.154 -274.939 10.000
E_1099 -23.258 -605.239 12.000
G_1100 0.000 -27.649 11.000
Y_1101 -11.652 -274.939 11.000
K_1102 -17.098 -818.649 11.000
Y_1103 -13.586 -274.939 16.000
E_1104 -25.003 -605.239 14.000
R_1105 -31.716 -1015.709 15.000
I_1106 0.000 777.529 13.000
D_1107 -19.866 -475.402 9.000
G_1108 0.000 -27.649 4.000
G_1109 0.000 -27.649 7.000
I_1110 0.000 777.529 3.000
T_1111 -4.441 -90.974 3.000
G_1112 0.000 -27.649 3.000
A_1113 0.000 185.740 8.000
L_1114 0.000 679.918 9.000
R_1115 -29.616 -1015.709 13.000
Q_1116 -24.169 -643.904 13.000
E_1117 -24.169 -605.239 13.000
A_1118 0.000 185.740 12.000
I_1119 0.000 777.529 13.000
D_1120 -19.866 -475.402 9.000
R_1121 -29.616 -1015.709 13.000
F_1122 0.000 560.542 13.000
N_1123 -19.866 -507.047 9.000
A_1124 0.000 185.740 4.000
P_1125 0.000 -195.996 4.000
G_1126 0.000 -27.649 4.000
A_1127 0.000 185.740 8.000
Q_1128 -18.409 -643.904 8.000
Q_1129 -18.409 -643.904 8.000
F_1130 0.000 560.542 8.000
C_1131 0.000 322.480 4.000
F_1132 0.000 560.542 0.000
L_1133 0.000 679.918 3.000
L_1134 0.000 679.918 6.000
S_1135 -17.098 -90.060 11.000
T_1136 -17.098 -90.974 11.000
R_1137 -27.076 -1015.709 11.000
A_1138 0.000 185.740 8.000
G_1139 0.000 -27.649 5.000
G_1140 0.000 -27.649 0.000
L_1141 0.000 679.918 0.000
G_1142 0.000 -27.649 4.000
I_1143 0.000 777.529 4.000
N_1144 -7.878 -507.047 4.000
L_1145 0.000 679.918 7.000
A_1146 0.000 185.740 7.000
T_1147 -13.255 -90.974 7.000
A_1148 0.000 185.740 10.000
D_1149 -21.132 -475.402 10.000
T_1150 -13.255 -90.974 7.000
V_1151 0.000 613.196 7.000
I_1152 0.000 777.529 3.000
I_1153 0.000 777.529 4.000
F_1154 0.000 560.542 7.000
D_1155 -22.253 -475.402 11.000
S_1156 -17.811 -90.060 12.000
D_1157 -26.485 -475.402 16.000
W_1158 -6.160 -203.500 12.000
N_1159 -22.253 -507.047 11.000
P_1160 0.000 -195.996 11.000
H_1161 -12.900 -583.484 14.000
N_1162 -21.132 -507.047 10.000
D_1163 -25.003 -475.402 14.000
I_1164 0.000 777.529 12.000
Q_1165 -18.409 -643.904 8.000
A_1166 0.000 185.740 7.000
F_1167 0.000 560.542 12.000
S_1168 -14.420 -90.060 8.000
R_1169 -25.574 -1015.709 10.000
A_1170 0.000 185.740 15.000
H_1171 -12.104 -583.484 12.000
R_1172 -19.414 -1015.709 7.000
I_1173 0.000 777.529 11.000
G_1174 0.000 -27.649 9.000
Q_1175 -18.409 -643.904 8.000
A_1176 0.000 185.740 11.000
N_1177 -22.253 -507.047 11.000
K_1178 -13.255 -818.649 7.000
V_1179 0.000 613.196 7.000
M_1180 0.000 401.769 5.000
I_1181 0.000 777.529 7.000
Y_1182 -9.265 -274.939 7.000
R_1183 -19.414 -1015.709 7.000
F_1184 0.000 560.542 10.000
V_1185 0.000 613.196 13.000
T_1186 -14.420 -90.974 8.000
R_1187 -27.076 -1015.709 11.000
A_1188 0.000 185.740 11.000
S_1189 -17.811 -90.060 12.000
V_1190 0.000 613.196 11.000
E_1191 -26.485 -605.239 16.000
E_1192 -24.169 -605.239 13.000
R_1193 -32.645 -1015.709 16.000
I_1194 0.000 777.529 16.000
T_1195 -17.811 -90.974 12.000
Q_1196 -16.691 -643.904 7.000
V_1197 0.000 613.196 10.000
A_1198 0.000 185.740 12.000
K_1199 -17.098 -818.649 11.000
R_1200 -27.076 -1015.709 11.000
K_1201 -17.098 -818.649 11.000
M_1202 0.000 401.769 8.000
M_1203 0.000 401.769 6.000
L_1204 0.000 679.918 5.000
T_1205 -10.149 -90.974 5.000
H_1206 -7.426 -583.484 5.000
L_1207 0.000 679.918 5.000
V_1208 0.000 613.196 7.000
V_1209 0.000 613.196 5.000
R_1210 -11.867 -1015.709 5.000
P_1211 0.000 -195.996 5.000
G_1212 0.000 -27.649 5.000
L_1213 0.000 679.918 3.000
G_1214 0.000 -27.649 6.000
S_1215 -11.867 -90.060 6.000
K_1216 -11.867 -818.649 6.000
A_1217 0.000 185.740 9.000
G_1218 0.000 -27.649 6.000
S_1219 -11.867 -90.060 6.000
M_1220 0.000 401.769 9.000
S_1221 -18.462 -90.060 13.000
K_1222 -19.059 -818.649 14.000
Q_1223 -25.003 -643.904 14.000
E_1224 -25.772 -605.239 15.000
L_1225 0.000 679.918 16.000
D_1226 -23.258 -475.402 12.000
D_1227 -18.409 -475.402 8.000
I_1228 0.000 777.529 11.000
L_1229 0.000 679.918 7.000
K_1230 -4.441 -818.649 3.000
F_1231 0.000 560.542 6.000
G_1232 0.000 -27.649 10.000
T_1233 -17.098 -90.974 11.000
E_1234 -22.253 -605.239 11.000
E_1235 -22.253 -605.239 11.000
L_1236 0.000 679.918 11.000
F_1237 0.000 560.542 11.000
K_1238 -17.098 -818.649 11.000
D_1239 -25.772 -475.402 15.000
E_1240 -28.359 -605.239 19.000
N_1241 -26.485 -507.047 16.000
E_1242 -26.485 -605.239 16.000
G_1243 0.000 -27.649 16.000
E_1244 -25.772 -605.239 15.000
N_1245 -25.772 -507.047 15.000
K_1246 -21.486 -818.649 19.000
E_1247 -28.359 -605.239 19.000
E_1248 -27.773 -605.239 18.000
D_1249 -27.773 -475.402 18.000
S_1250 -19.059 -90.060 14.000
S_1251 -16.309 -90.060 10.000
V_1252 0.000 613.196 8.000
I_1253 0.000 777.529 7.000
H_1254 -9.978 -583.484 8.000
Y_1255 -12.104 -274.939 12.000
D_1256 -26.485 -475.402 16.000
N_1257 -25.003 -507.047 14.000
E_1258 -23.258 -605.239 12.000
A_1259 0.000 185.740 8.000
I_1260 0.000 777.529 9.000
A_1261 0.000 185.740 5.000
R_1262 -11.867 -1015.709 5.000
L_1263 0.000 679.918 9.000
L_1264 0.000 679.918 14.000
D_1265 -24.169 -475.402 13.000
R_1266 -33.508 -1015.709 17.000
N_1267 -29.436 -507.047 21.000
Q_1268 -27.150 -643.904 17.000
D_1269 -25.772 -475.402 15.000
A_1270 0.000 185.740 15.000
T_1271 -19.613 -90.974 15.000
E_1272 -25.003 -605.239 14.000
D_1273 -27.773 -475.402 18.000
T_1274 -19.613 -90.974 15.000
D_1275 -25.772 -475.402 15.000
V_1276 0.000 613.196 15.000
Q_1277 -23.258 -643.904 12.000
N_1278 -23.258 -507.047 12.000
M_1279 0.000 401.769 16.000
N_1280 -25.003 -507.047 14.000
E_1281 -21.132 -605.239 10.000
Y_1282 -12.518 -274.939 13.000
L_1283 0.000 679.918 12.000
S_1284 -14.420 -90.060 8.000
S_1285 -15.425 -90.060 9.000
F_1286 0.000 560.542 9.000
K_1287 -11.867 -818.649 6.000
V_1288 0.000 613.196 7.000
A_1289 0.000 185.740 9.000
Q_1290 -14.591 -643.904 6.000
Y_1291 -8.431 -274.939 6.000
V_1292 0.000 613.196 11.000
V_1293 0.000 613.196 11.000
R_1294 -29.616 -1015.709 13.000
E_1295 -27.150 -605.239 17.000
E_1296 -28.912 -605.239 20.000
D_1297 -25.772 -475.402 15.000
K_1298 -19.613 -818.649 15.000
I_1299 0.000 777.529 15.000
E_1300 -22.253 -605.239 11.000
E_1301 -23.258 -605.239 12.000
I_1302 0.000 777.529 17.000
E_1303 -27.150 -605.239 17.000
R_1304 -29.616 -1015.709 13.000
E_1305 -24.169 -605.239 13.000
I_1306 0.000 777.529 12.000
I_1307 0.000 777.529 11.000
K_1308 -17.098 -818.649 11.000
Q_1309 -25.772 -643.904 15.000
E_1310 -28.359 -605.239 19.000
E_1311 -26.485 -605.239 16.000
N_1312 -26.485 -507.047 16.000
V_1313 0.000 613.196 12.000
D_1314 -23.258 -475.402 12.000
P_1315 0.000 -195.996 10.000
D_1316 -22.253 -475.402 11.000
Y_1317 -11.652 -274.939 11.000
W_1318 -6.542 -203.500 14.000
E_1319 -21.132 -605.239 10.000
K_1320 -14.420 -818.649 8.000
L_1321 0.000 679.918 12.000
L_1322 0.000 679.918 10.000
R_1323 -23.856 -1015.709 9.000
H_1324 -11.652 -583.484 11.000
H_1325 -13.255 -583.484 15.000
Y_1326 -12.900 -274.939 14.000
E_1327 -26.485 -605.239 16.000
Q_1328 -27.773 -643.904 18.000
Q_1329 -28.912 -643.904 20.000
Q_1330 -28.912 -643.904 20.000
E_1331 -26.485 -605.239 16.000
D_1332 -23.258 -475.402 12.000
L_1333 0.000 679.918 13.000
A_1334 0.000 185.740 13.000
R_1335 -23.856 -1015.709 9.000
N_1336 -19.866 -507.047 9.000
L_1337 0.000 679.918 12.000
G_1338 0.000 -27.649 7.000
K_1339 -11.867 -818.649 6.000
G_1340 0.000 -27.649 11.000
K_1341 -17.098 -818.649 11.000
R_1342 -29.616 -1015.709 13.000
V_1343 0.000 613.196 16.000
R_1344 -33.508 -1015.709 17.000
K_1345 -17.811 -818.649 12.000
Q_1346 -26.485 -643.904 16.000
V_1347 0.000 613.196 13.000
N_1348 -25.003 -507.047 14.000
Y_1349 -12.900 -274.939 14.000
N_1350 -25.003 -507.047 14.000
D_1351 -21.132 -475.402 10.000
A_1352 0.000 185.740 12.000
A_1353 0.000 185.740 12.000
Q_1354 -23.258 -643.904 12.000
E_1355 -26.485 -605.239 16.000
D_1356 -28.912 -475.402 20.000
Q_1357 -28.912 -643.904 20.000
D_1358 -28.912 -475.402 20.000
N_1359 -28.359 -507.047 19.000
Q_1360 -28.359 -643.904 19.000
S_1361 -20.609 -90.060 17.000
E_1362 -26.485 -605.239 16.000
Y_1363 -12.104 -274.939 12.000
S_1364 -15.425 -90.060 9.000
V_1365 0.000 613.196 8.000
G_1366 0.000 -27.649 10.000
S_1367 -17.098 -90.060 11.000
E_1368 -25.772 -605.239 15.000
E_1369 -28.359 -605.239 19.000
E_1370 -28.912 -605.239 20.000
D_1371 -28.912 -475.402 20.000
E_1372 -26.485 -605.239 16.000
D_1373 -26.485 -475.402 16.000
F_1374 0.000 560.542 16.000
D_1375 -27.150 -475.402 17.000
E_1376 -24.169 -605.239 13.000
R_1377 -33.508 -1015.709 17.000
P_1378 0.000 -195.996 13.000
E_1379 -25.003 -605.239 14.000
G_1380 0.000 -27.649 14.000
R_1381 -34.315 -1015.709 18.000
R_1382 -33.508 -1015.709 17.000
Q_1383 -28.912 -643.904 20.000
S_1384 -21.889 -90.060 20.000
K_1385 -21.486 -818.649 19.000
R_1386 -31.716 -1015.709 15.000
Q_1387 -27.150 -643.904 17.000
L_1388 0.000 679.918 18.000
R_1389 -33.508 -1015.709 17.000
N_1390 -26.485 -507.047 16.000
E_1391 -28.912 -605.239 20.000
K_1392 -21.060 -818.649 18.000
D_1393 -25.003 -475.402 14.000
K_1394 -16.309 -818.649 10.000
P_1395 0.000 -195.996 7.000
L_1396 0.000 679.918 3.000
P_1397 0.000 -195.996 0.000
P_1398 0.000 -195.996 0.000
L_1399 0.000 679.918 0.000
L_1400 0.000 679.918 5.000
A_1401 0.000 185.740 5.000
R_1402 -11.867 -1015.709 5.000
V_1403 0.000 613.196 5.000
G_1404 0.000 -27.649 9.000
G_1405 0.000 -27.649 4.000
N_1406 -18.409 -507.047 8.000
I_1407 0.000 777.529 8.000
E_1408 -18.409 -605.239 8.000
V_1409 0.000 613.196 4.000
L_1410 0.000 679.918 4.000
G_1411 0.000 -27.649 4.000
F_1412 0.000 560.542 7.000
N_1413 -23.258 -507.047 12.000
T_1414 -20.127 -90.974 16.000
R_1415 -36.459 -1015.709 21.000
Q_1416 -28.912 -643.904 20.000
R_1417 -33.508 -1015.709 17.000
K_1418 -17.811 -818.649 12.000
A_1419 0.000 185.740 8.000
F_1420 0.000 560.542 7.000
L_1421 0.000 679.918 4.000
N_1422 -7.878 -507.047 4.000
A_1423 0.000 185.740 4.000
V_1424 0.000 613.196 9.000
M_1425 0.000 401.769 6.000
R_1426 -16.309 -1015.709 6.000
W_1427 -4.441 -203.500 6.000
G_1428 0.000 -27.649 6.000
M_1429 0.000 401.769 1.000
P_1430 0.000 -195.996 4.000
P_1431 0.000 -195.996 8.000
Q_1432 -18.409 -643.904 8.000
D_1433 -18.409 -475.402 8.000
A_1434 0.000 185.740 11.000
F_1435 0.000 560.542 10.000
T_1436 -16.309 -90.974 10.000
T_1437 -17.098 -90.974 11.000
Q_1438 -22.253 -643.904 11.000
W_1439 -5.155 -203.500 8.000
L_1440 0.000 679.918 10.000
V_1441 0.000 613.196 10.000
R_1442 -23.856 -1015.709 9.000
D_1443 -25.003 -475.402 14.000
L_1444 0.000 679.918 14.000
R_1445 -28.412 -1015.709 12.000
G_1446 0.000 -27.649 11.000
K_1447 -19.613 -818.649 15.000
T_1448 -18.462 -90.974 13.000
E_1449 -27.150 -605.239 17.000
K_1450 -19.059 -818.649 14.000
E_1451 -25.003 -605.239 14.000
F_1452 0.000 560.542 10.000
K_1453 -15.425 -818.649 9.000
A_1454 0.000 185.740 5.000
Y_1455 -9.978 -274.939 8.000
V_1456 0.000 613.196 5.000
S_1457 -10.149 -90.060 5.000
L_1458 0.000 679.918 3.000
F_1459 0.000 560.542 8.000
M_1460 0.000 401.769 7.000
R_1461 -19.414 -1015.709 7.000
H_1462 -9.265 -583.484 7.000
L_1463 0.000 679.918 11.000
C_1464 0.000 322.480 6.000
E_1465 -7.878 -605.239 4.000
P_1466 0.000 -195.996 4.000
G_1467 0.000 -27.649 8.000
A_1468 0.000 185.740 4.000
D_1469 -16.691 -475.402 7.000
G_1470 0.000 -27.649 11.000
S_1471 -19.059 -90.060 14.000
E_1472 -21.132 -605.239 10.000
T_1473 -16.309 -90.974 10.000
F_1474 0.000 560.542 11.000
A_1475 0.000 185.740 7.000
D_1476 -7.878 -475.402 4.000
G_1477 0.000 -27.649 4.000
V_1478 0.000 613.196 9.000
P_1479 0.000 -195.996 9.000
R_1480 -23.856 -1015.709 9.000
E_1481 -19.866 -605.239 9.000
G_1482 0.000 -27.649 12.000
L_1483 0.000 679.918 12.000
S_1484 -17.811 -90.060 12.000
R_1485 -32.645 -1015.709 16.000
Q_1486 -26.485 -643.904 16.000
Q_1487 -24.169 -643.904 13.000
V_1488 0.000 613.196 11.000
L_1489 0.000 679.918 12.000
T_1490 -14.420 -90.974 8.000
R_1491 -21.845 -1015.709 8.000
I_1492 0.000 777.529 8.000
G_1493 0.000 -27.649 5.000
V_1494 0.000 613.196 3.000
M_1495 0.000 401.769 3.000
S_1496 -4.441 -90.060 3.000
L_1497 0.000 679.918 6.000
V_1498 0.000 613.196 9.000
K_1499 -15.425 -818.649 9.000
K_1500 -15.425 -818.649 9.000
K_1501 -18.462 -818.649 13.000
V_1502 0.000 613.196 14.000
Q_1503 -22.253 -643.904 11.000
E_1504 -23.258 -605.239 12.000
F_1505 0.000 560.542 14.000
E_1506 -21.132 -605.239 10.000
H_1507 -11.154 -583.484 10.000
I_1508 0.000 777.529 10.000
N_1509 -22.253 -507.047 11.000
G_1510 0.000 -27.649 10.000
R_1511 -29.616 -1015.709 13.000
W_1512 -5.447 -203.500 9.000
S_1513 -15.425 -90.060 9.000
M_1514 0.000 401.769 8.000
P_1515 0.000 -195.996 7.000
E_1516 -7.878 -605.239 4.000
L_1517 0.000 679.918 4.000
M_1518 0.000 401.769 8.000
P_1519 0.000 -195.996 4.000
D_1520 -16.691 -475.402 7.000
P_1521 0.000 -195.996 7.000
S_1522 -17.098 -90.060 11.000
A_1523 0.000 185.740 10.000
D_1524 -24.169 -475.402 13.000
S_1525 -19.613 -90.060 15.000
K_1526 -21.060 -818.649 18.000
R_1527 -33.508 -1015.709 17.000
S_1528 -21.486 -90.060 19.000
S_1529 -20.127 -90.060 16.000
R_1530 -30.711 -1015.709 14.000
A_1531 0.000 185.740 14.000
S_1532 -17.098 -90.060 11.000
S_1533 -15.425 -90.060 9.000
P_1534 0.000 -195.996 12.000
T_1535 -17.811 -90.974 12.000
K_1536 -17.811 -818.649 12.000
T_1537 -17.811 -90.974 12.000
S_1538 -17.811 -90.060 12.000
P_1539 0.000 -195.996 12.000
T_1540 -15.425 -90.974 9.000
T_1541 -16.309 -90.974 10.000
P_1542 0.000 -195.996 10.000
E_1543 -21.132 -605.239 10.000
A_1544 0.000 185.740 7.000
S_1545 -16.309 -90.060 10.000
A_1546 0.000 185.740 10.000
T_1547 -18.462 -90.974 13.000
N_1548 -21.132 -507.047 10.000
S_1549 -16.309 -90.060 10.000
P_1550 0.000 -195.996 10.000
C_1551 0.000 322.480 9.000
T_1552 -15.425 -90.974 9.000
S_1553 -15.425 -90.060 9.000
K_1554 -15.425 -818.649 9.000
P_1555 0.000 -195.996 9.000
A_1556 0.000 185.740 6.000
T_1557 -4.441 -90.974 3.000
P_1558 0.000 -195.996 3.000
A_1559 0.000 185.740 6.000
P_1560 0.000 -195.996 7.000
S_1561 -16.309 -90.060 10.000
E_1562 -21.132 -605.239 10.000
K_1563 -19.059 -818.649 14.000
G_1564 0.000 -27.649 11.000
E_1565 -16.691 -605.239 7.000
G_1566 0.000 -27.649 9.000
I_1567 0.000 777.529 12.000
R_1568 -21.845 -1015.709 8.000
T_1569 -14.420 -90.974 8.000
P_1570 0.000 -195.996 12.000
L_1571 0.000 679.918 10.000
E_1572 -22.253 -605.239 11.000
K_1573 -19.613 -818.649 15.000
E_1574 -25.772 -605.239 15.000
E_1575 -25.772 -605.239 15.000
A_1576 0.000 185.740 16.000
E_1577 -26.485 -605.239 16.000
N_1578 -26.485 -507.047 16.000
Q_1579 -28.912 -643.904 20.000
E_1580 -28.359 -605.239 19.000
E_1581 -25.772 -605.239 15.000
K_1582 -19.613 -818.649 15.000
P_1583 0.000 -195.996 14.000
E_1584 -25.003 -605.239 14.000
K_1585 -19.059 -818.649 14.000
N_1586 -28.359 -507.047 19.000
S_1587 -19.613 -90.060 15.000
R_1588 -28.412 -1015.709 12.000
I_1589 0.000 777.529 12.000
G_1590 0.000 -27.649 12.000
E_1591 -16.691 -605.239 7.000
K_1592 -17.098 -818.649 11.000
M_1593 0.000 401.769 14.000
E_1594 -25.003 -605.239 14.000
T_1595 -17.098 -90.974 11.000
E_1596 -25.772 -605.239 15.000
A_1597 0.000 185.740 11.000
D_1598 -18.409 -475.402 8.000
A_1599 0.000 185.740 7.000
P_1600 0.000 -195.996 7.000
S_1601 -4.441 -90.060 3.000
P_1602 0.000 -195.996 3.000
A_1603 0.000 185.740 6.000
P_1604 0.000 -195.996 3.000
S_1605 -4.441 -90.060 3.000
L_1606 0.000 679.918 7.000
G_1607 0.000 -27.649 12.000
E_1608 -19.866 -605.239 9.000
R_1609 -29.616 -1015.709 13.000
L_1610 0.000 679.918 13.000
E_1611 -25.003 -605.239 14.000
P_1612 0.000 -195.996 12.000
R_1613 -28.412 -1015.709 12.000
K_1614 -14.420 -818.649 8.000
I_1615 0.000 777.529 8.000
P_1616 0.000 -195.996 7.000
L_1617 0.000 679.918 8.000
E_1618 -23.258 -605.239 12.000
D_1619 -23.258 -475.402 12.000
E_1620 -23.258 -605.239 12.000
V_1621 0.000 613.196 8.000
P_1622 0.000 -195.996 4.000
G_1623 0.000 -27.649 0.000
V_1624 0.000 613.196 0.000
P_1625 0.000 -195.996 4.000
G_1626 0.000 -27.649 4.000
E_1627 -18.409 -605.239 8.000
M_1628 0.000 401.769 8.000
E_1629 -23.258 -605.239 12.000
P_1630 0.000 -195.996 8.000
E_1631 -18.409 -605.239 8.000
P_1632 0.000 -195.996 6.000
G_1633 0.000 -27.649 11.000
Y_1634 -9.265 -274.939 7.000
R_1635 -27.076 -1015.709 11.000
G_1636 0.000 -27.649 16.000
D_1637 -27.773 -475.402 18.000
R_1638 -32.645 -1015.709 16.000
E_1639 -28.359 -605.239 19.000
K_1640 -19.613 -818.649 15.000
S_1641 -18.462 -90.060 13.000
A_1642 0.000 185.740 13.000
T_1643 -18.462 -90.974 13.000
E_1644 -24.169 -605.239 13.000
S_1645 -18.462 -90.060 13.000
T_1646 -16.309 -90.974 10.000
P_1647 0.000 -195.996 10.000
G_1648 0.000 -27.649 12.000
E_1649 -19.866 -605.239 9.000
R_1650 -29.616 -1015.709 13.000
G_1651 0.000 -27.649 17.000
E_1652 -26.485 -605.239 16.000
E_1653 -22.253 -605.239 11.000
K_1654 -17.098 -818.649 11.000
P_1655 0.000 -195.996 11.000
L_1656 0.000 679.918 7.000
D_1657 -18.409 -475.402 8.000
G_1658 0.000 -27.649 12.000
Q_1659 -25.003 -643.904 14.000
E_1660 -25.772 -605.239 15.000
H_1661 -14.463 -583.484 19.000
R_1662 -35.785 -1015.709 20.000
E_1663 -26.485 -605.239 16.000
R_1664 -34.315 -1015.709 18.000
P_1665 0.000 -195.996 13.000
E_1666 -24.169 -605.239 13.000
G_1667 0.000 -27.649 11.000
E_1668 -22.253 -605.239 11.000
T_1669 -17.098 -90.974 11.000
G_1670 0.000 -27.649 11.000
D_1671 -16.691 -475.402 7.000
L_1672 0.000 679.918 7.000
G_1673 0.000 -27.649 12.000
K_1674 -17.811 -818.649 12.000
R_1675 -32.645 -1015.709 16.000
E_1676 -26.485 -605.239 16.000
D_1677 -26.485 -475.402 16.000
V_1678 0.000 613.196 11.000
K_1679 -17.098 -818.649 11.000
G_1680 0.000 -27.649 12.000
D_1681 -26.485 -475.402 16.000
R_1682 -29.616 -1015.709 13.000
E_1683 -27.773 -605.239 18.000
L_1684 0.000 679.918 14.000
R_1685 -23.856 -1015.709 9.000
P_1686 0.000 -195.996 5.000
G_1687 0.000 -27.649 10.000
P_1688 0.000 -195.996 9.000
R_1689 -29.616 -1015.709 13.000
D_1690 -24.169 -475.402 13.000
E_1691 -27.773 -605.239 18.000
P_1692 0.000 -195.996 16.000
R_1693 -32.645 -1015.709 16.000
S_1694 -17.811 -90.060 12.000
N_1695 -27.150 -507.047 17.000
G_1696 0.000 -27.649 17.000
R_1697 -34.315 -1015.709 18.000
R_1698 -34.315 -1015.709 18.000
E_1699 -29.436 -605.239 21.000
E_1700 -28.359 -605.239 19.000
K_1701 -21.060 -818.649 18.000
T_1702 -20.609 -90.974 17.000
E_1703 -24.169 -605.239 13.000
K_1704 -19.613 -818.649 15.000
P_1705 0.000 -195.996 12.000
R_1706 -21.845 -1015.709 8.000
F_1707 0.000 560.542 5.000
M_1708 0.000 401.769 9.000
F_1709 0.000 560.542 4.000
N_1710 -7.878 -507.047 4.000
I_1711 0.000 777.529 8.000
A_1712 0.000 185.740 8.000
D_1713 -7.878 -475.402 4.000
G_1714 0.000 -27.649 4.000
G_1715 0.000 -27.649 7.000
F_1716 0.000 560.542 7.000
T_1717 -13.255 -90.974 7.000
E_1718 -19.866 -605.239 9.000
L_1719 0.000 679.918 12.000
H_1720 -10.601 -583.484 9.000
T_1721 -11.867 -90.974 6.000
L_1722 0.000 679.918 10.000
W_1723 -6.160 -203.500 12.000
Q_1724 -24.169 -643.904 13.000
N_1725 -27.150 -507.047 17.000
E_1726 -29.436 -605.239 21.000
E_1727 -27.150 -605.239 17.000
R_1728 -29.616 -1015.709 13.000
A_1729 0.000 185.740 9.000
A_1730 0.000 185.740 8.000
I_1731 0.000 777.529 6.000
S_1732 -11.867 -90.060 6.000
S_1733 -15.425 -90.060 9.000
G_1734 0.000 -27.649 9.000
K_1735 -16.309 -818.649 10.000
L_1736 0.000 679.918 11.000
N_1737 -22.253 -507.047 11.000
E_1738 -19.866 -605.239 9.000
I_1739 0.000 777.529 11.000
W_1740 -6.160 -203.500 12.000
H_1741 -12.518 -583.484 13.000
R_1742 -31.716 -1015.709 15.000
R_1743 -34.315 -1015.709 18.000
H_1744 -14.188 -583.484 18.000
D_1745 -25.003 -475.402 14.000
Y_1746 -10.601 -274.939 9.000
W_1747 -4.824 -203.500 7.000
L_1748 0.000 679.918 3.000
L_1749 0.000 679.918 1.000
A_1750 0.000 185.740 0.000
G_1751 0.000 -27.649 0.000
I_1752 0.000 777.529 0.000
V_1753 0.000 613.196 2.000
L_1754 0.000 679.918 2.000
H_1755 -6.160 -583.484 4.000
G_1756 0.000 -27.649 4.000
Y_1757 -10.601 -274.939 9.000
A_1758 0.000 185.740 8.000
R_1759 -28.412 -1015.709 12.000
W_1760 -6.542 -203.500 14.000
Q_1761 -25.003 -643.904 14.000
D_1762 -24.169 -475.402 13.000
I_1763 0.000 777.529 16.000
Q_1764 -26.485 -643.904 16.000
N_1765 -23.258 -507.047 12.000
D_1766 -26.485 -475.402 16.000
A_1767 0.000 185.740 12.000
Q_1768 -18.409 -643.904 8.000
F_1769 0.000 560.542 4.000
A_1770 0.000 185.740 4.000
I_1771 0.000 777.529 4.000
I_1772 0.000 777.529 8.000
N_1773 -18.409 -507.047 8.000
E_1774 -18.409 -605.239 8.000
P_1775 0.000 -195.996 11.000
F_1776 0.000 560.542 10.000
K_1777 -16.309 -818.649 10.000
T_1778 -16.309 -90.974 10.000
E_1779 -25.003 -605.239 14.000
A_1780 0.000 185.740 14.000
N_1781 -22.253 -507.047 11.000
K_1782 -17.098 -818.649 11.000
G_1783 0.000 -27.649 11.000
N_1784 -16.691 -507.047 7.000
F_1785 0.000 560.542 8.000
L_1786 0.000 679.918 8.000
E_1787 -16.691 -605.239 7.000
M_1788 0.000 401.769 11.000
K_1789 -19.059 -818.649 14.000
N_1790 -21.132 -507.047 10.000
K_1791 -16.309 -818.649 10.000
F_1792 0.000 560.542 7.000
L_1793 0.000 679.918 8.000
A_1794 0.000 185.740 10.000
R_1795 -25.574 -1015.709 10.000
R_1796 -29.616 -1015.709 13.000
F_1797 0.000 560.542 13.000
K_1798 -14.420 -818.649 8.000
L_1799 0.000 679.918 7.000
L_1800 0.000 679.918 11.000
E_1801 -18.409 -605.239 8.000
Q_1802 -18.409 -643.904 8.000
A_1803 0.000 185.740 8.000
L_1804 0.000 679.918 4.000
V_1805 0.000 613.196 4.000
I_1806 0.000 777.529 8.000
E_1807 -23.258 -605.239 12.000
E_1808 -23.258 -605.239 12.000
Q_1809 -27.150 -643.904 17.000
L_1810 0.000 679.918 18.000
R_1811 -30.711 -1015.709 14.000
R_1812 -25.574 -1015.709 10.000
A_1813 0.000 185.740 12.000
A_1814 0.000 185.740 7.000
Y_1815 -8.431 -274.939 6.000
L_1816 0.000 679.918 6.000
N_1817 -19.866 -507.047 9.000
L_1818 0.000 679.918 11.000
S_1819 -19.613 -90.060 15.000
Q_1820 -22.253 -643.904 11.000
E_1821 -22.253 -605.239 11.000
P_1822 0.000 -195.996 10.000
A_1823 0.000 185.740 6.000
H_1824 -1.718 -583.484 2.000
P_1825 0.000 -195.996 2.000
A_1826 0.000 185.740 2.000
M_1827 0.000 401.769 0.000
A_1828 0.000 185.740 2.000
L_1829 0.000 679.918 2.000
H_1830 -9.265 -583.484 7.000
A_1831 0.000 185.740 7.000
R_1832 -19.414 -1015.709 7.000
F_1833 0.000 560.542 9.000
A_1834 0.000 185.740 9.000
E_1835 -18.409 -605.239 8.000
A_1836 0.000 185.740 8.000
E_1837 -18.409 -605.239 8.000
C_1838 0.000 322.480 4.000
L_1839 0.000 679.918 8.000
A_1840 0.000 185.740 7.000
E_1841 -19.866 -605.239 9.000
S_1842 -18.462 -90.060 13.000
H_1843 -13.255 -583.484 15.000
Q_1844 -22.253 -643.904 11.000
H_1845 -11.652 -583.484 11.000
L_1846 0.000 679.918 12.000
S_1847 -17.811 -90.060 12.000
K_1848 -18.462 -818.649 13.000
E_1849 -24.169 -605.239 13.000
S_1850 -16.309 -90.060 10.000
L_1851 0.000 679.918 7.000
A_1852 0.000 185.740 7.000
G_1853 0.000 -27.649 7.000
N_1854 -16.691 -507.047 7.000
K_1855 -13.255 -818.649 7.000
P_1856 0.000 -195.996 11.000
A_1857 0.000 185.740 7.000
N_1858 -7.878 -507.047 4.000
A_1859 0.000 185.740 4.000
V_1860 0.000 613.196 6.000
L_1861 0.000 679.918 5.000
H_1862 -7.426 -583.484 5.000
K_1863 -10.149 -818.649 5.000
V_1864 0.000 613.196 9.000
L_1865 0.000 679.918 11.000
N_1866 -18.409 -507.047 8.000
Q_1867 -23.258 -643.904 12.000
L_1868 0.000 679.918 16.000
E_1869 -23.258 -605.239 12.000
E_1870 -18.409 -605.239 8.000
L_1871 0.000 679.918 11.000
L_1872 0.000 679.918 11.000
S_1873 -13.255 -90.060 7.000
D_1874 -21.132 -475.402 10.000
M_1875 0.000 401.769 10.000
K_1876 -17.098 -818.649 11.000
A_1877 0.000 185.740 7.000
D_1878 -21.132 -475.402 10.000
V_1879 0.000 613.196 12.000
T_1880 -17.811 -90.974 12.000
R_1881 -21.845 -1015.709 8.000
L_1882 0.000 679.918 8.000
P_1883 0.000 -195.996 8.000
A_1884 0.000 185.740 3.000
T_1885 -11.867 -90.974 6.000
L_1886 0.000 679.918 11.000
S_1887 -17.098 -90.060 11.000
R_1888 -21.845 -1015.709 8.000
I_1889 0.000 777.529 8.000
P_1890 0.000 -195.996 5.000
P_1891 0.000 -195.996 0.000
I_1892 0.000 777.529 0.000
A_1893 0.000 185.740 5.000
A_1894 0.000 185.740 5.000
R_1895 -23.856 -1015.709 9.000
L_1896 0.000 679.918 9.000
Q_1897 -23.258 -643.904 12.000
M_1898 0.000 401.769 11.000
S_1899 -20.127 -90.060 16.000
E_1900 -25.772 -605.239 15.000
R_1901 -31.716 -1015.709 15.000
S_1902 -17.811 -90.060 12.000
I_1903 0.000 777.529 11.000
L_1904 0.000 679.918 11.000
S_1905 -14.420 -90.060 8.000
R_1906 -21.845 -1015.709 8.000
L_1907 0.000 679.918 11.000
A_1908 0.000 185.740 11.000
S_1909 -11.867 -90.060 6.000
K_1910 -15.425 -818.649 9.000
G_1911 0.000 -27.649 13.000
T_1912 -16.309 -90.974 10.000
E_1913 -19.866 -605.239 9.000
P_1914 0.000 -195.996 9.000
H_1915 -10.601 -583.484 9.000
P_1916 0.000 -195.996 5.000
T_1917 -10.149 -90.974 5.000
P_1918 0.000 -195.996 5.000
A_1919 0.000 185.740 5.000
Y_1920 -1.718 -274.939 2.000
P_1921 0.000 -195.996 2.000
P_1922 0.000 -195.996 2.000
G_1923 0.000 -27.649 2.000
P_1924 0.000 -195.996 2.000
Y_1925 -7.426 -274.939 5.000
A_1926 0.000 185.740 5.000
T_1927 -10.149 -90.974 5.000
P_1928 0.000 -195.996 3.000
P_1929 0.000 -195.996 5.000
G_1930 0.000 -27.649 2.000
Y_1931 -1.718 -274.939 2.000
G_1932 0.000 -27.649 2.000
A_1933 0.000 185.740 2.000
A_1934 0.000 185.740 3.000
F_1935 0.000 560.542 3.000
S_1936 -4.441 -90.060 3.000
A_1937 0.000 185.740 3.000
A_1938 0.000 185.740 3.000
P_1939 0.000 -195.996 0.000
V_1940 0.000 613.196 0.000
G_1941 0.000 -27.649 0.000
A_1942 0.000 185.740 0.000
L_1943 0.000 679.918 0.000
A_1944 0.000 185.740 0.000
A_1945 0.000 185.740 0.000
A_1946 0.000 185.740 0.000
G_1947 0.000 -27.649 4.000
A_1948 0.000 185.740 6.000
N_1949 -19.866 -507.047 9.000
Y_1950 -12.518 -274.939 13.000
S_1951 -18.462 -90.060 13.000
Q_1952 -19.866 -643.904 9.000
M_1953 0.000 401.769 7.000
P_1954 0.000 -195.996 4.000
A_1955 0.000 185.740 3.000
G_1956 0.000 -27.649 3.000
S_1957 -4.441 -90.060 3.000
F_1958 0.000 560.542 6.000
I_1959 0.000 777.529 6.000
T_1960 -4.441 -90.974 3.000
A_1961 0.000 185.740 6.000
A_1962 0.000 185.740 10.000
T_1963 -13.255 -90.974 7.000
N_1964 -16.691 -507.047 7.000
G_1965 0.000 -27.649 7.000
P_1966 0.000 -195.996 4.000
P_1967 0.000 -195.996 0.000
V_1968 0.000 613.196 0.000
L_1969 0.000 679.918 3.000
V_1970 0.000 613.196 6.000
K_1971 -16.309 -818.649 10.000
K_1972 -18.462 -818.649 13.000
E_1973 -27.150 -605.239 17.000
K_1974 -19.059 -818.649 14.000
E_1975 -22.253 -605.239 11.000
M_1976 0.000 401.769 7.000
V_1977 0.000 613.196 4.000
G_1978 0.000 -27.649 0.000
A_1979 0.000 185.740 0.000
L_1980 0.000 679.918 3.000
V_1981 0.000 613.196 7.000
S_1982 -13.255 -90.060 7.000
D_1983 -16.691 -475.402 7.000
G_1984 0.000 -27.649 11.000
L_1985 0.000 679.918 13.000
D_1986 -23.258 -475.402 12.000
R_1987 -32.645 -1015.709 16.000
K_1988 -20.127 -818.649 16.000
E_1989 -27.150 -605.239 17.000
P_1990 0.000 -195.996 12.000
R_1991 -23.856 -1015.709 9.000
A_1992 0.000 185.740 9.000
G_1993 0.000 -27.649 9.000
E_1994 -7.878 -605.239 4.000
V_1995 0.000 613.196 4.000
I_1996 0.000 777.529 4.000
C_1997 0.000 322.480 4.000
I_1998 0.000 777.529 8.000
D_1999 -18.409 -475.402 8.000
D_2000 -18.409 -475.402 8.000
