M_1 0.000 401.769 7.000
D_2 -23.258 -475.402 12.000
K_3 -19.613 -818.649 15.000
R_4 -31.716 -1015.709 15.000
K_5 -17.098 -818.649 11.000
L_6 0.000 679.918 13.000
G_7 0.000 -27.649 13.000
R_8 -25.574 -1015.709 10.000
R_9 -29.616 -1015.709 13.000
P_10 0.000 -195.996 16.000
S_11 -19.059 -90.060 14.000
S_12 -18.462 -90.060 13.000
S_13 -18.462 -90.060 13.000
E_14 -21.132 -605.239 10.000
I_15 0.000 777.529 10.000
I_16 0.000 777.529 11.000
T_17 -13.255 -90.974 7.000
E_18 -21.132 -605.239 10.000
G_19 0.000 -27.649 15.000
K_20 -19.613 -818.649 15.000
R_21 -30.711 -1015.709 14.000
K_22 -20.609 -818.649 17.000
K_23 -20.609 -818.649 17.000
S_24 -19.613 -90.060 15.000
S_25 -20.127 -90.060 16.000
S_26 -18.462 -90.060 13.000
D_27 -24.169 -475.402 13.000
L_28 0.000 679.918 14.000
S_29 -17.098 -90.060 11.000
E_30 -23.258 -605.239 12.000
I_31 0.000 777.529 15.000
R_32 -28.412 -1015.709 12.000
K_33 -14.420 -818.649 8.000
M_34 0.000 401.769 12.000
L_35 0.000 679.918 7.000
N_36 -16.691 -507.047 7.000
A_37 0.000 185.740 7.000
K_38 -17.098 -818.649 11.000
P_39 0.000 -195.996 11.000
E_40 -22.253 -605.239 11.000
D_41 -21.132 -475.402 10.000
V_42 0.000 613.196 10.000
H_43 -11.154 -583.484 10.000
V_44 0.000 613.196 9.000
Q_45 -19.866 -643.904 9.000
S_46 -13.255 -90.060 7.000
P_47 0.000 -195.996 10.000
L_48 0.000 679.918 9.000
S_49 -11.867 -90.060 6.000
K_50 -17.098 -818.649 11.000
F_51 0.000 560.542 14.000
R_52 -30.711 -1015.709 14.000
S_53 -19.613 -90.060 15.000
S_54 -21.889 -90.060 20.000
E_55 -26.485 -605.239 16.000
R_56 -32.645 -1015.709 16.000
W_57 -6.358 -203.500 13.000
T_58 -15.425 -90.974 9.000
L_59 0.000 679.918 4.000
P_60 0.000 -195.996 7.000
L_61 0.000 679.918 5.000
Q_62 -19.866 -643.904 9.000
W_63 -6.542 -203.500 14.000
E_64 -27.150 -605.239 17.000
R_65 -29.616 -1015.709 13.000
S_66 -20.609 -90.060 17.000
L_67 0.000 679.918 17.000
R_68 -31.716 -1015.709 15.000
N_69 -23.258 -507.047 12.000
K_70 -17.811 -818.649 12.000
V_71 0.000 613.196 10.000
I_72 0.000 777.529 6.000
S_73 -13.255 -90.060 7.000
L_74 0.000 679.918 9.000
D_75 -23.258 -475.402 12.000
H_76 -12.518 -583.484 13.000
K_77 -20.127 -818.649 16.000
N_78 -25.772 -507.047 15.000
K_79 -19.613 -818.649 15.000
K_80 -17.811 -818.649 12.000
H_81 -12.518 -583.484 13.000
I_82 0.000 777.529 10.000
R_83 -19.414 -1015.709 7.000
G_84 0.000 -27.649 5.000
C_85 0.000 322.480 5.000
P_86 0.000 -195.996 3.000
V_87 0.000 613.196 6.000
T_88 -15.425 -90.974 9.000
S_89 -17.811 -90.060 12.000
K_90 -19.613 -818.649 15.000
S_91 -17.811 -90.060 12.000
S_92 -18.462 -90.060 13.000
P_93 0.000 -195.996 15.000
E_94 -26.485 -605.239 16.000
R_95 -29.616 -1015.709 13.000
Q_96 -26.485 -643.904 16.000
L_97 0.000 679.918 12.000
K_98 -13.255 -818.649 7.000
V_99 0.000 613.196 3.000
M_100 0.000 401.769 6.000
L_101 0.000 679.918 7.000
T_102 -13.255 -90.974 7.000
N_103 -16.691 -507.047 7.000
V_104 0.000 613.196 8.000
L_105 0.000 679.918 8.000
W_106 -5.155 -203.500 8.000
T_107 -14.420 -90.974 8.000
D_108 -18.409 -475.402 8.000
L_109 0.000 679.918 12.000
G_110 0.000 -27.649 12.000
R_111 -21.845 -1015.709 8.000
K_112 -18.462 -818.649 13.000
F_113 0.000 560.542 16.000
R_114 -30.711 -1015.709 14.000
K_115 -17.098 -818.649 11.000
T_116 -17.098 -90.974 11.000
L_117 0.000 679.918 11.000
P_118 0.000 -195.996 12.000
R_119 -29.616 -1015.709 13.000
N_120 -24.169 -507.047 13.000
D_121 -27.150 -475.402 17.000
A_122 0.000 185.740 12.000
N_123 -18.409 -507.047 8.000
L_124 0.000 679.918 8.000
C_125 0.000 322.480 8.000
D_126 -18.409 -475.402 8.000
A_127 0.000 185.740 11.000
N_128 -22.253 -507.047 11.000
K_129 -17.098 -818.649 11.000
V_130 0.000 613.196 14.000
Q_131 -25.003 -643.904 14.000
S_132 -19.059 -90.060 14.000
D_133 -25.003 -475.402 14.000
S_134 -16.309 -90.060 10.000
L_135 0.000 679.918 10.000
P_136 0.000 -195.996 9.000
S_137 -15.425 -90.060 9.000
T_138 -15.425 -90.974 9.000
S_139 -18.462 -90.060 13.000
V_140 0.000 613.196 13.000
D_141 -21.132 -475.402 10.000
S_142 -17.098 -90.060 11.000
L_143 0.000 679.918 14.000
E_144 -21.132 -605.239 10.000
T_145 -17.098 -90.974 11.000
C_146 0.000 322.480 14.000
Q_147 -21.132 -643.904 10.000
K_148 -17.098 -818.649 11.000
L_149 0.000 679.918 11.000
E_150 -16.691 -605.239 7.000
P_151 0.000 -195.996 9.000
L_152 0.000 679.918 13.000
R_153 -28.412 -1015.709 12.000
Q_154 -23.258 -643.904 12.000
S_155 -20.127 -90.060 16.000
L_156 0.000 679.918 11.000
N_157 -21.132 -507.047 10.000
L_158 0.000 679.918 11.000
S_159 -20.127 -90.060 16.000
E_160 -23.258 -605.239 12.000
R_161 -28.412 -1015.709 12.000
I_162 0.000 777.529 14.000
P_163 0.000 -195.996 10.000
R_164 -11.867 -1015.709 5.000
V_165 0.000 613.196 5.000
I_166 0.000 777.529 8.000
L_167 0.000 679.918 7.000
T_168 -13.255 -90.974 7.000
N_169 -16.691 -507.047 7.000
V_170 0.000 613.196 7.000
L_171 0.000 679.918 7.000
G_172 0.000 -27.649 7.000
T_173 -13.255 -90.974 7.000
E_174 -16.691 -605.239 7.000
L_175 0.000 679.918 12.000
G_176 0.000 -27.649 12.000
R_177 -25.574 -1015.709 10.000
K_178 -16.309 -818.649 10.000
Y_179 -13.255 -274.939 15.000
I_180 0.000 777.529 13.000
R_181 -25.574 -1015.709 10.000
T_182 -14.420 -90.974 8.000
P_183 0.000 -195.996 8.000
P_184 0.000 -195.996 6.000
V_185 0.000 613.196 7.000
T_186 -13.255 -90.974 7.000
E_187 -21.132 -605.239 10.000
G_188 0.000 -27.649 10.000
S_189 -16.309 -90.060 10.000
L_190 0.000 679.918 10.000
S_191 -18.462 -90.060 13.000
D_192 -25.003 -475.402 14.000
T_193 -21.060 -90.974 18.000
D_194 -25.772 -475.402 15.000
N_195 -25.772 -507.047 15.000
L_196 0.000 679.918 15.000
Q_197 -25.772 -643.904 15.000
S_198 -19.613 -90.060 15.000
E_199 -25.772 -605.239 15.000
Q_200 -25.003 -643.904 14.000
L_201 0.000 679.918 14.000
S_202 -18.462 -90.060 13.000
S_203 -17.811 -90.060 12.000
S_204 -20.127 -90.060 16.000
S_205 -18.462 -90.060 13.000
D_206 -24.169 -475.402 13.000
G_207 0.000 -27.649 10.000
S_208 -17.098 -90.060 11.000
L_209 0.000 679.918 10.000
E_210 -23.258 -605.239 12.000
S_211 -18.462 -90.060 13.000
Y_212 -13.896 -274.939 17.000
Q_213 -24.169 -643.904 13.000
N_214 -25.003 -507.047 14.000
L_215 0.000 679.918 12.000
N_216 -21.132 -507.047 10.000
P_217 0.000 -195.996 9.000
H_218 -12.104 -583.484 12.000
K_219 -14.420 -818.649 8.000
S_220 -16.309 -90.060 10.000
C_221 0.000 322.480 8.000
Y_222 -9.978 -274.939 8.000
L_223 0.000 679.918 9.000
S_224 -19.059 -90.060 14.000
E_225 -23.258 -605.239 12.000
R_226 -31.716 -1015.709 15.000
G_227 0.000 -27.649 16.000
S_228 -20.609 -90.060 17.000
Q_229 -25.772 -643.904 15.000
R_230 -34.315 -1015.709 18.000
S_231 -21.060 -90.060 18.000
K_232 -19.059 -818.649 14.000
T_233 -18.462 -90.974 13.000
V_234 0.000 613.196 14.000
D_235 -25.772 -475.402 15.000
D_236 -25.772 -475.402 15.000
N_237 -25.772 -507.047 15.000
S_238 -19.059 -90.060 14.000
A_239 0.000 185.740 14.000
K_240 -18.462 -818.649 13.000
Q_241 -21.132 -643.904 10.000
T_242 -17.811 -90.974 12.000
A_243 0.000 185.740 13.000
H_244 -12.104 -583.484 12.000
N_245 -24.169 -507.047 13.000
K_246 -20.127 -818.649 16.000
E_247 -28.359 -605.239 19.000
K_248 -21.889 -818.649 20.000
R_249 -35.785 -1015.709 20.000
R_250 -35.785 -1015.709 20.000
K_251 -22.271 -818.649 21.000
D_252 -26.485 -475.402 16.000
D_253 -22.253 -475.402 11.000
G_254 0.000 -27.649 11.000
I_255 0.000 777.529 7.000
S_256 -4.441 -90.060 3.000
L_257 0.000 679.918 3.000
L_258 0.000 679.918 6.000
I_259 0.000 777.529 7.000
S_260 -16.309 -90.060 10.000
D_261 -25.003 -475.402 14.000
T_262 -19.059 -90.974 14.000
Q_263 -25.772 -643.904 15.000
P_264 0.000 -195.996 15.000
E_265 -23.258 -605.239 12.000
D_266 -23.258 -475.402 12.000
L_267 0.000 679.918 15.000
N_268 -22.253 -507.047 11.000
S_269 -16.309 -90.060 10.000
G_270 0.000 -27.649 15.000
S_271 -17.098 -90.060 11.000
R_272 -21.845 -1015.709 8.000
G_273 0.000 -27.649 12.000
C_274 0.000 322.480 11.000
D_275 -14.591 -475.402 6.000
H_276 -11.154 -583.484 10.000
L_277 0.000 679.918 14.000
E_278 -25.003 -605.239 14.000
Q_279 -25.772 -643.904 15.000
E_280 -28.912 -605.239 20.000
S_281 -21.889 -90.060 20.000
R_282 -35.072 -1015.709 19.000
N_283 -28.359 -507.047 19.000
K_284 -20.127 -818.649 16.000
D_285 -25.003 -475.402 14.000
V_286 0.000 613.196 12.000
K_287 -17.811 -818.649 12.000
Y_288 -12.104 -274.939 12.000
S_289 -19.613 -90.060 15.000
D_290 -25.772 -475.402 15.000
S_291 -18.462 -90.060 13.000
K_292 -19.059 -818.649 14.000
V_293 0.000 613.196 10.000
E_294 -21.132 -605.239 10.000
L_295 0.000 679.918 7.000
T_296 -13.255 -90.974 7.000
L_297 0.000 679.918 6.000
I_298 0.000 777.529 11.000
S_299 -17.098 -90.060 11.000
R_300 -30.711 -1015.709 14.000
K_301 -20.609 -818.649 17.000
T_302 -21.486 -90.974 19.000
K_303 -21.486 -818.649 19.000
R_304 -32.645 -1015.709 16.000
R_305 -34.315 -1015.709 18.000
L_306 0.000 679.918 19.000
R_307 -34.315 -1015.709 18.000
N_308 -24.169 -507.047 13.000
N_309 -24.169 -507.047 13.000
L_310 0.000 679.918 12.000
P_311 0.000 -195.996 11.000
D_312 -22.253 -475.402 11.000
S_313 -18.462 -90.060 13.000
Q_314 -24.169 -643.904 13.000
Y_315 -12.104 -274.939 12.000
C_316 0.000 322.480 12.000
T_317 -14.420 -90.974 8.000
S_318 -16.309 -90.060 10.000
L_319 0.000 679.918 13.000
D_320 -24.169 -475.402 13.000
K_321 -18.462 -818.649 13.000
S_322 -20.609 -90.060 17.000
T_323 -20.609 -90.974 17.000
E_324 -27.150 -605.239 17.000
Q_325 -27.150 -643.904 17.000
T_326 -20.609 -90.974 17.000
K_327 -20.609 -818.649 17.000
K_328 -20.609 -818.649 17.000
Q_329 -27.773 -643.904 18.000
E_330 -28.359 -605.239 19.000
D_331 -28.359 -475.402 19.000
D_332 -27.773 -475.402 18.000
S_333 -19.059 -90.060 14.000
T_334 -18.462 -90.974 13.000
I_335 0.000 777.529 12.000
S_336 -18.462 -90.060 13.000
T_337 -16.309 -90.974 10.000
E_338 -25.003 -605.239 14.000
F_339 0.000 560.542 14.000
E_340 -22.253 -605.239 11.000
K_341 -16.309 -818.649 10.000
P_342 0.000 -195.996 14.000
S_343 -19.059 -90.060 14.000
E_344 -24.169 -605.239 13.000
N_345 -25.772 -507.047 15.000
Y_346 -13.586 -274.939 16.000
H_347 -13.586 -583.484 16.000
Q_348 -23.258 -643.904 12.000
D_349 -24.169 -475.402 13.000
P_350 0.000 -195.996 11.000
K_351 -13.255 -818.649 7.000
L_352 0.000 679.918 7.000
P_353 0.000 -195.996 11.000
E_354 -18.409 -605.239 8.000
E_355 -22.253 -605.239 11.000
I_356 0.000 777.529 14.000
T_357 -18.462 -90.974 13.000
T_358 -15.425 -90.974 9.000
K_359 -17.811 -818.649 12.000
P_360 0.000 -195.996 12.000
T_361 -17.811 -90.974 12.000
K_362 -18.462 -818.649 13.000
S_363 -18.462 -90.060 13.000
D_364 -24.169 -475.402 13.000
F_365 0.000 560.542 13.000
T_366 -16.309 -90.974 10.000
K_367 -15.425 -818.649 9.000
L_368 0.000 679.918 12.000
S_369 -15.425 -90.060 9.000
S_370 -16.309 -90.060 10.000
L_371 0.000 679.918 13.000
N_372 -25.003 -507.047 14.000
S_373 -19.613 -90.060 15.000
Q_374 -25.772 -643.904 15.000
E_375 -25.003 -605.239 14.000
L_376 0.000 679.918 11.000
T_377 -16.309 -90.974 10.000
L_378 0.000 679.918 10.000
S_379 -16.309 -90.060 10.000
N_380 -21.132 -507.047 10.000
A_381 0.000 185.740 13.000
T_382 -18.462 -90.974 13.000
K_383 -15.425 -818.649 9.000
S_384 -17.811 -90.060 12.000
A_385 0.000 185.740 9.000
S_386 -11.867 -90.060 6.000
A_387 0.000 185.740 6.000
G_388 0.000 -27.649 9.000
S_389 -15.425 -90.060 9.000
T_390 -18.462 -90.974 13.000
T_391 -20.127 -90.974 16.000
E_392 -24.169 -605.239 13.000
T_393 -19.059 -90.974 14.000
V_394 0.000 613.196 15.000
E_395 -25.003 -605.239 14.000
N_396 -25.772 -507.047 15.000
S_397 -21.060 -90.060 18.000
N_398 -25.003 -507.047 14.000
S_399 -19.059 -90.060 14.000
I_400 0.000 777.529 11.000
D_401 -16.691 -475.402 7.000
I_402 0.000 777.529 4.000
V_403 0.000 613.196 4.000
G_404 0.000 -27.649 3.000
I_405 0.000 777.529 6.000
S_406 -11.867 -90.060 6.000
S_407 -11.867 -90.060 6.000
L_408 0.000 679.918 10.000
V_409 0.000 613.196 10.000
E_410 -22.253 -605.239 11.000
K_411 -19.613 -818.649 15.000
D_412 -28.359 -475.402 19.000
E_413 -28.359 -605.239 19.000
N_414 -26.485 -507.047 16.000
E_415 -26.485 -605.239 16.000
L_416 0.000 679.918 15.000
N_417 -22.253 -507.047 11.000
T_418 -17.098 -90.974 11.000
I_419 0.000 777.529 14.000
E_420 -21.132 -605.239 10.000
K_421 -13.255 -818.649 7.000
P_422 0.000 -195.996 7.000
I_423 0.000 777.529 8.000
L_424 0.000 679.918 5.000
R_425 -19.414 -1015.709 7.000
G_426 0.000 -27.649 11.000
H_427 -13.255 -583.484 15.000
N_428 -21.132 -507.047 10.000
E_429 -25.003 -605.239 14.000
G_430 0.000 -27.649 16.000
N_431 -25.772 -507.047 15.000
Q_432 -22.253 -643.904 11.000
S_433 -17.098 -90.060 11.000
L_434 0.000 679.918 10.000
I_435 0.000 777.529 6.000
S_436 -13.255 -90.060 7.000
A_437 0.000 185.740 7.000
E_438 -16.691 -605.239 7.000
P_439 0.000 -195.996 4.000
I_440 0.000 777.529 4.000
V_441 0.000 613.196 3.000
V_442 0.000 613.196 6.000
S_443 -16.309 -90.060 10.000
S_444 -19.059 -90.060 14.000
D_445 -27.773 -475.402 18.000
E_446 -25.772 -605.239 15.000
E_447 -23.258 -605.239 12.000
G_448 0.000 -27.649 8.000
P_449 0.000 -195.996 8.000
V_450 0.000 613.196 6.000
E_451 -19.866 -605.239 9.000
H_452 -12.104 -583.484 12.000
K_453 -19.613 -818.649 15.000
S_454 -19.613 -90.060 15.000
S_455 -18.462 -90.060 13.000
E_456 -21.132 -605.239 10.000
I_457 0.000 777.529 10.000
L_458 0.000 679.918 7.000
K_459 -13.255 -818.649 7.000
L_460 0.000 679.918 10.000
Q_461 -24.169 -643.904 13.000
S_462 -19.059 -90.060 14.000
K_463 -21.060 -818.649 18.000
Q_464 -28.359 -643.904 19.000
D_465 -28.912 -475.402 20.000
R_466 -35.785 -1015.709 20.000
E_467 -28.359 -605.239 19.000
T_468 -21.486 -90.974 19.000
T_469 -21.060 -90.974 18.000
N_470 -27.773 -507.047 18.000
E_471 -28.359 -605.239 19.000
N_472 -28.359 -507.047 19.000
E_473 -27.773 -605.239 18.000
S_474 -20.609 -90.060 17.000
T_475 -20.609 -90.974 17.000
S_476 -20.127 -90.060 16.000
E_477 -24.169 -605.239 13.000
S_478 -16.309 -90.060 10.000
A_479 0.000 185.740 7.000
L_480 0.000 679.918 7.000
L_481 0.000 679.918 4.000
E_482 -7.878 -605.239 4.000
L_483 0.000 679.918 4.000
P_484 0.000 -195.996 4.000
L_485 0.000 679.918 3.000
I_486 0.000 777.529 3.000
T_487 -13.255 -90.974 7.000
C_488 0.000 322.480 10.000
E_489 -21.132 -605.239 10.000
S_490 -17.098 -90.060 11.000
V_491 0.000 613.196 11.000
Q_492 -21.132 -643.904 10.000
M_493 0.000 401.769 10.000
S_494 -19.059 -90.060 14.000
S_495 -16.309 -90.060 10.000
E_496 -21.132 -605.239 10.000
L_497 0.000 679.918 7.000
C_498 0.000 322.480 6.000
P_499 0.000 -195.996 6.000
Y_500 -8.431 -274.939 6.000
N_501 -14.591 -507.047 6.000
P_502 0.000 -195.996 6.000
V_503 0.000 613.196 8.000
M_504 0.000 401.769 8.000
E_505 -18.409 -605.239 8.000
N_506 -22.253 -507.047 11.000
I_507 0.000 777.529 14.000
S_508 -16.309 -90.060 10.000
S_509 -11.867 -90.060 6.000
I_510 0.000 777.529 6.000
M_511 0.000 401.769 6.000
P_512 0.000 -195.996 7.000
S_513 -17.098 -90.060 11.000
N_514 -22.253 -507.047 11.000
E_515 -25.772 -605.239 15.000
M_516 0.000 401.769 12.000
D_517 -23.258 -475.402 12.000
L_518 0.000 679.918 8.000
Q_519 -23.258 -643.904 12.000
L_520 0.000 679.918 8.000
D_521 -18.409 -475.402 8.000
F_522 0.000 560.542 4.000
I_523 0.000 777.529 7.000
F_524 0.000 560.542 6.000
T_525 -11.867 -90.974 6.000
S_526 -14.420 -90.060 8.000
V_527 0.000 613.196 8.000
Y_528 -7.426 -274.939 5.000
I_529 0.000 777.529 5.000
G_530 0.000 -27.649 5.000
K_531 -11.867 -818.649 6.000
I_532 0.000 777.529 6.000
K_533 -11.867 -818.649 6.000
G_534 0.000 -27.649 6.000
A_535 0.000 185.740 9.000
S_536 -11.867 -90.060 6.000
K_537 -11.867 -818.649 6.000
G_538 0.000 -27.649 6.000
C_539 0.000 322.480 6.000
V_540 0.000 613.196 3.000
T_541 -11.867 -90.974 6.000
I_542 0.000 777.529 9.000
T_543 -17.811 -90.974 12.000
K_544 -17.098 -818.649 11.000
K_545 -17.098 -818.649 11.000
Y_546 -11.652 -274.939 11.000
I_547 0.000 777.529 8.000
K_548 -10.149 -818.649 5.000
I_549 0.000 777.529 3.000
P_550 0.000 -195.996 7.000
F_551 0.000 560.542 4.000
Q_552 -16.691 -643.904 7.000
V_553 0.000 613.196 7.000
S_554 -17.098 -90.060 11.000
L_555 0.000 679.918 11.000
N_556 -22.253 -507.047 11.000
E_557 -22.253 -605.239 11.000
I_558 0.000 777.529 11.000
S_559 -13.255 -90.060 7.000
L_560 0.000 679.918 3.000
L_561 0.000 679.918 7.000
V_562 0.000 613.196 7.000
D_563 -21.132 -475.402 10.000
T_564 -17.811 -90.974 12.000
T_565 -17.811 -90.974 12.000
H_566 -11.652 -583.484 11.000
L_567 0.000 679.918 13.000
K_568 -16.309 -818.649 10.000
R_569 -21.845 -1015.709 8.000
F_570 0.000 560.542 8.000
G_571 0.000 -27.649 6.000
L_572 0.000 679.918 4.000
W_573 -4.824 -203.500 7.000
K_574 -16.309 -818.649 10.000
S_575 -19.059 -90.060 14.000
K_576 -20.609 -818.649 17.000
D_577 -27.773 -475.402 18.000
D_578 -27.150 -475.402 17.000
N_579 -27.150 -507.047 17.000
H_580 -13.586 -583.484 16.000
S_581 -20.609 -90.060 17.000
K_582 -20.127 -818.649 16.000
R_583 -32.645 -1015.709 16.000
S_584 -18.462 -90.060 13.000
H_585 -11.154 -583.484 10.000
A_586 0.000 185.740 5.000
I_587 0.000 777.529 2.000
L_588 0.000 679.918 0.000
F_589 0.000 560.542 1.000
F_590 0.000 560.542 1.000
W_591 -3.436 -203.500 4.000
V_592 0.000 613.196 7.000
S_593 -17.098 -90.060 11.000
S_594 -17.811 -90.060 12.000
D_595 -23.258 -475.402 12.000
Y_596 -12.518 -274.939 13.000
L_597 0.000 679.918 14.000
Q_598 -21.132 -643.904 10.000
E_599 -23.258 -605.239 12.000
I_600 0.000 777.529 15.000
Q_601 -25.772 -643.904 15.000
T_602 -17.098 -90.974 11.000
Q_603 -25.772 -643.904 15.000
L_604 0.000 679.918 13.000
E_605 -24.169 -605.239 13.000
H_606 -10.601 -583.484 9.000
S_607 -15.425 -90.060 9.000
V_608 0.000 613.196 8.000
L_609 0.000 679.918 10.000
S_610 -17.098 -90.060 11.000
Q_611 -25.003 -643.904 14.000
Q_612 -27.150 -643.904 17.000
S_613 -20.609 -90.060 17.000
K_614 -20.127 -818.649 16.000
S_615 -20.127 -90.060 16.000
S_616 -18.462 -90.060 13.000
E_617 -21.132 -605.239 10.000
F_618 0.000 560.542 7.000
I_619 0.000 777.529 4.000
F_620 0.000 560.542 4.000
L_621 0.000 679.918 4.000
E_622 -14.591 -605.239 6.000
L_623 0.000 679.918 10.000
H_624 -11.154 -583.484 10.000
N_625 -14.591 -507.047 6.000
P_626 0.000 -195.996 9.000
V_627 0.000 613.196 11.000
S_628 -17.811 -90.060 12.000
Q_629 -26.485 -643.904 16.000
R_630 -35.785 -1015.709 20.000
E_631 -27.150 -605.239 17.000
E_632 -26.485 -605.239 16.000
L_633 0.000 679.918 11.000
K_634 -16.309 -818.649 10.000
L_635 0.000 679.918 10.000
K_636 -16.309 -818.649 10.000
D_637 -16.691 -475.402 7.000
I_638 0.000 777.529 10.000
M_639 0.000 401.769 11.000
T_640 -13.255 -90.974 7.000
E_641 -21.132 -605.239 10.000
I_642 0.000 777.529 10.000
S_643 -13.255 -90.060 7.000
I_644 0.000 777.529 6.000
I_645 0.000 777.529 6.000
S_646 -13.255 -90.060 7.000
G_647 0.000 -27.649 7.000
E_648 -22.253 -605.239 11.000
L_649 0.000 679.918 8.000
E_650 -22.253 -605.239 11.000
L_651 0.000 679.918 9.000
S_652 -15.425 -90.060 9.000
Y_653 -7.426 -274.939 5.000
P_654 0.000 -195.996 8.000
L_655 0.000 679.918 6.000
S_656 -7.878 -90.060 4.000
W_657 -5.155 -203.500 8.000
V_658 0.000 613.196 8.000
Q_659 -11.867 -643.904 5.000
A_660 0.000 185.740 4.000
F_661 0.000 560.542 4.000
P_662 0.000 -195.996 0.000
L_663 0.000 679.918 4.000
F_664 0.000 560.542 8.000
Q_665 -18.409 -643.904 8.000
N_666 -22.253 -507.047 11.000
L_667 0.000 679.918 14.000
S_668 -18.462 -90.060 13.000
S_669 -18.462 -90.060 13.000
K_670 -20.127 -818.649 16.000
E_671 -26.485 -605.239 16.000
S_672 -18.462 -90.060 13.000
S_673 -16.309 -90.060 10.000
F_674 0.000 560.542 8.000
I_675 0.000 777.529 7.000
H_676 -8.431 -583.484 6.000
Y_677 -8.431 -274.939 6.000
Y_678 -8.431 -274.939 6.000
C_679 0.000 322.480 7.000
V_680 0.000 613.196 8.000
S_681 -11.867 -90.060 6.000
T_682 -15.425 -90.974 9.000
C_683 0.000 322.480 9.000
S_684 -11.867 -90.060 6.000
F_685 0.000 560.542 3.000
P_686 0.000 -195.996 3.000
A_687 0.000 185.740 0.000
G_688 0.000 -27.649 0.000
V_689 0.000 613.196 0.000
A_690 0.000 185.740 0.000
V_691 0.000 613.196 4.000
A_692 0.000 185.740 8.000
E_693 -18.409 -605.239 8.000
E_694 -22.253 -605.239 11.000
M_695 0.000 401.769 11.000
K_696 -16.309 -818.649 10.000
L_697 0.000 679.918 9.000
K_698 -15.425 -818.649 9.000
S_699 -15.425 -90.060 9.000
V_700 0.000 613.196 13.000
S_701 -16.309 -90.060 10.000
Q_702 -21.132 -643.904 10.000
P_703 0.000 -195.996 14.000
S_704 -19.059 -90.060 14.000
N_705 -25.003 -507.047 14.000
T_706 -19.059 -90.974 14.000
D_707 -22.253 -475.402 11.000
A_708 0.000 185.740 10.000
A_709 0.000 185.740 7.000
K_710 -11.867 -818.649 6.000
P_711 0.000 -195.996 8.000
T_712 -17.098 -90.974 11.000
Y_713 -9.978 -274.939 8.000
T_714 -14.420 -90.974 8.000
F_715 0.000 560.542 9.000
L_716 0.000 679.918 10.000
Q_717 -22.253 -643.904 11.000
K_718 -19.059 -818.649 14.000
Q_719 -27.150 -643.904 17.000
S_720 -18.462 -90.060 13.000
S_721 -16.309 -90.060 10.000
G_722 0.000 -27.649 8.000
C_723 0.000 322.480 8.000
Y_724 -7.426 -274.939 5.000
S_725 -14.420 -90.060 8.000
L_726 0.000 679.918 8.000
S_727 -15.425 -90.060 9.000
I_728 0.000 777.529 9.000
T_729 -18.462 -90.974 13.000
S_730 -16.309 -90.060 10.000
N_731 -25.003 -507.047 14.000
P_732 0.000 -195.996 15.000
D_733 -26.485 -475.402 16.000
E_734 -24.169 -605.239 13.000
E_735 -27.773 -605.239 18.000
W_736 -7.165 -203.500 18.000
R_737 -30.711 -1015.709 14.000
E_738 -25.772 -605.239 15.000
V_739 0.000 613.196 16.000
R_740 -30.711 -1015.709 14.000
H_741 -11.154 -583.484 10.000
T_742 -16.309 -90.974 10.000
G_743 0.000 -27.649 5.000
L_744 0.000 679.918 7.000
V_745 0.000 613.196 7.000
Q_746 -16.691 -643.904 7.000
K_747 -13.255 -818.649 7.000
L_748 0.000 679.918 7.000
I_749 0.000 777.529 5.000
V_750 0.000 613.196 2.000
Y_751 -1.718 -274.939 2.000
P_752 0.000 -195.996 2.000
P_753 0.000 -195.996 2.000
P_754 0.000 -195.996 3.000
P_755 0.000 -195.996 6.000
T_756 -11.867 -90.974 6.000
K_757 -11.867 -818.649 6.000
G_758 0.000 -27.649 6.000
G_759 0.000 -27.649 3.000
L_760 0.000 679.918 0.000
G_761 0.000 -27.649 3.000
V_762 0.000 613.196 7.000
T_763 -17.098 -90.974 11.000
N_764 -25.772 -507.047 15.000
E_765 -25.772 -605.239 15.000
D_766 -26.485 -475.402 16.000
L_767 0.000 679.918 12.000
E_768 -18.409 -605.239 8.000
C_769 0.000 322.480 8.000
L_770 0.000 679.918 12.000
E_771 -18.409 -605.239 8.000
E_772 -23.258 -605.239 12.000
G_773 0.000 -27.649 12.000
E_774 -18.409 -605.239 8.000
F_775 0.000 560.542 8.000
L_776 0.000 679.918 12.000
N_777 -18.409 -507.047 8.000
D_778 -18.409 -475.402 8.000
V_779 0.000 613.196 8.000
I_780 0.000 777.529 8.000
I_781 0.000 777.529 4.000
D_782 -14.591 -475.402 6.000
F_783 0.000 560.542 6.000
Y_784 -10.601 -274.939 9.000
L_785 0.000 679.918 7.000
K_786 -13.255 -818.649 7.000
Y_787 -7.426 -274.939 5.000
L_788 0.000 679.918 5.000
I_789 0.000 777.529 6.000
L_790 0.000 679.918 7.000
E_791 -16.691 -605.239 7.000
K_792 -16.309 -818.649 10.000
A_793 0.000 185.740 14.000
S_794 -19.059 -90.060 14.000
D_795 -22.253 -475.402 11.000
E_796 -22.253 -605.239 11.000
L_797 0.000 679.918 12.000
V_798 0.000 613.196 13.000
E_799 -23.258 -605.239 12.000
R_800 -30.711 -1015.709 14.000
S_801 -19.059 -90.060 14.000
H_802 -11.154 -583.484 10.000
I_803 0.000 777.529 8.000
F_804 0.000 560.542 8.000
S_805 -11.867 -90.060 6.000
S_806 -11.867 -90.060 6.000
F_807 0.000 560.542 8.000
F_808 0.000 560.542 8.000
Y_809 -7.426 -274.939 5.000
K_810 -10.149 -818.649 5.000
C_811 0.000 322.480 8.000
L_812 0.000 679.918 11.000
T_813 -17.098 -90.974 11.000
R_814 -31.716 -1015.709 15.000
K_815 -21.486 -818.649 19.000
E_816 -28.912 -605.239 20.000
N_817 -25.772 -507.047 15.000
N_818 -25.772 -507.047 15.000
L_819 0.000 679.918 15.000
T_820 -19.613 -90.974 15.000
E_821 -25.772 -605.239 15.000
D_822 -25.772 -475.402 15.000
N_823 -26.485 -507.047 16.000
P_824 0.000 -195.996 12.000
N_825 -22.253 -507.047 11.000
L_826 0.000 679.918 7.000
S_827 -13.255 -90.060 7.000
M_828 0.000 401.769 7.000
A_829 0.000 185.740 12.000
Q_830 -25.003 -643.904 14.000
R_831 -32.645 -1015.709 16.000
R_832 -35.072 -1015.709 19.000
H_833 -14.725 -583.484 20.000
K_834 -19.613 -818.649 15.000
R_835 -31.716 -1015.709 15.000
V_836 0.000 613.196 16.000
R_837 -30.711 -1015.709 14.000
T_838 -17.811 -90.974 12.000
W_839 -7.023 -203.500 17.000
T_840 -19.059 -90.974 14.000
R_841 -27.076 -1015.709 11.000
H_842 -12.900 -583.484 14.000
I_843 0.000 777.529 11.000
N_844 -14.591 -507.047 6.000
I_845 0.000 777.529 8.000
F_846 0.000 560.542 11.000
N_847 -22.253 -507.047 11.000
K_848 -18.462 -818.649 13.000
D_849 -24.169 -475.402 13.000
Y_850 -10.601 -274.939 9.000
I_851 0.000 777.529 6.000
F_852 0.000 560.542 2.000
V_853 0.000 613.196 0.000
P_854 0.000 -195.996 4.000
V_855 0.000 613.196 8.000
N_856 -22.253 -507.047 11.000
E_857 -25.003 -605.239 14.000
S_858 -20.127 -90.060 16.000
S_859 -18.462 -90.060 13.000
H_860 -11.652 -583.484 11.000
W_861 -5.155 -203.500 8.000
Y_862 -7.426 -274.939 5.000
L_863 0.000 679.918 3.000
A_864 0.000 185.740 2.000
V_865 0.000 613.196 0.000
I_866 0.000 777.529 0.000
C_867 0.000 322.480 0.000
F_868 0.000 560.542 1.000
P_869 0.000 -195.996 1.000
W_870 -3.990 -203.500 5.000
L_871 0.000 679.918 9.000
E_872 -19.866 -605.239 9.000
E_873 -18.409 -605.239 8.000
A_874 0.000 185.740 10.000
V_875 0.000 613.196 10.000
Y_876 -11.154 -274.939 10.000
E_877 -21.132 -605.239 10.000
D_878 -21.132 -475.402 10.000
F_879 0.000 560.542 12.000
P_880 0.000 -195.996 11.000
Q_881 -16.691 -643.904 7.000
T_882 -16.309 -90.974 10.000
V_883 0.000 613.196 14.000
S_884 -19.059 -90.060 14.000
Q_885 -25.003 -643.904 14.000
Q_886 -27.773 -643.904 18.000
S_887 -19.613 -90.060 15.000
Q_888 -25.772 -643.904 15.000
A_889 0.000 185.740 15.000
Q_890 -25.772 -643.904 15.000
Q_891 -25.772 -643.904 15.000
S_892 -21.486 -90.060 19.000
Q_893 -28.359 -643.904 19.000
N_894 -28.359 -507.047 19.000
D_895 -28.359 -475.402 19.000
N_896 -27.773 -507.047 18.000
K_897 -19.059 -818.649 14.000
T_898 -19.059 -90.974 14.000
I_899 0.000 777.529 14.000
D_900 -25.772 -475.402 15.000
N_901 -23.258 -507.047 12.000
D_902 -27.150 -475.402 17.000
L_903 0.000 679.918 16.000
R_904 -31.716 -1015.709 15.000
T_905 -19.059 -90.974 14.000
T_906 -20.609 -90.974 17.000
S_907 -17.811 -90.060 12.000
T_908 -17.811 -90.974 12.000
L_909 0.000 679.918 9.000
S_910 -15.425 -90.060 9.000
L_911 0.000 679.918 6.000
S_912 -16.309 -90.060 10.000
A_913 0.000 185.740 11.000
E_914 -25.003 -605.239 14.000
D_915 -25.772 -475.402 15.000
S_916 -21.060 -90.060 18.000
Q_917 -27.150 -643.904 17.000
S_918 -20.609 -90.060 17.000
T_919 -20.609 -90.974 17.000
E_920 -27.150 -605.239 17.000
S_921 -19.059 -90.060 14.000
N_922 -25.003 -507.047 14.000
M_923 0.000 401.769 10.000
S_924 -13.255 -90.060 7.000
V_925 0.000 613.196 6.000
P_926 0.000 -195.996 9.000
K_927 -11.867 -818.649 6.000
K_928 -11.867 -818.649 6.000
M_929 0.000 401.769 9.000
C_930 0.000 322.480 11.000
K_931 -14.420 -818.649 8.000
R_932 -21.845 -1015.709 8.000
P_933 0.000 -195.996 8.000
C_934 0.000 322.480 5.000
I_935 0.000 777.529 0.000
L_936 0.000 679.918 0.000
I_937 0.000 777.529 4.000
L_938 0.000 679.918 7.000
D_939 -16.691 -475.402 7.000
S_940 -16.309 -90.060 10.000
L_941 0.000 679.918 10.000
K_942 -11.867 -818.649 6.000
A_943 0.000 185.740 6.000
A_944 0.000 185.740 6.000
S_945 -13.255 -90.060 7.000
V_946 0.000 613.196 11.000
Q_947 -25.003 -643.904 14.000
N_948 -22.253 -507.047 11.000
T_949 -19.613 -90.974 15.000
V_950 0.000 613.196 15.000
Q_951 -22.253 -643.904 11.000
N_952 -24.169 -507.047 13.000
L_953 0.000 679.918 17.000
R_954 -31.716 -1015.709 15.000
E_955 -22.253 -605.239 11.000
Y_956 -13.255 -274.939 15.000
L_957 0.000 679.918 10.000
E_958 -21.132 -605.239 10.000
V_959 0.000 613.196 9.000
E_960 -24.169 -605.239 13.000
W_961 -5.447 -203.500 9.000
E_962 -23.258 -605.239 12.000
V_963 0.000 613.196 8.000
K_964 -16.309 -818.649 10.000
L_965 0.000 679.918 9.000
K_966 -17.098 -818.649 11.000
T_967 -18.462 -90.974 13.000
H_968 -13.896 -583.484 17.000
R_969 -30.711 -1015.709 14.000
Q_970 -25.003 -643.904 14.000
F_971 0.000 560.542 15.000
S_972 -18.462 -90.060 13.000
K_973 -18.462 -818.649 13.000
T_974 -18.462 -90.974 13.000
N_975 -21.132 -507.047 10.000
M_976 0.000 401.769 11.000
V_977 0.000 613.196 8.000
D_978 -7.878 -475.402 4.000
L_979 0.000 679.918 4.000
C_980 0.000 322.480 7.000
P_981 0.000 -195.996 3.000
K_982 -4.441 -818.649 3.000
V_983 0.000 613.196 6.000
P_984 0.000 -195.996 10.000
K_985 -17.098 -818.649 11.000
Q_986 -25.772 -643.904 15.000
D_987 -27.773 -475.402 18.000
N_988 -27.773 -507.047 18.000
S_989 -21.060 -90.060 18.000
S_990 -19.059 -90.060 14.000
D_991 -21.132 -475.402 10.000
C_992 0.000 322.480 7.000
G_993 0.000 -27.649 6.000
V_994 0.000 613.196 2.000
Y_995 -1.718 -274.939 2.000
L_996 0.000 679.918 6.000
L_997 0.000 679.918 8.000
Q_998 -14.591 -643.904 6.000
Y_999 -11.154 -274.939 10.000
V_1000 0.000 613.196 13.000
E_1001 -19.866 -605.239 9.000
S_1002 -13.255 -90.060 7.000
F_1003 0.000 560.542 10.000
F_1004 0.000 560.542 10.000
K_1005 -13.255 -818.649 7.000
D_1006 -16.691 -475.402 7.000
P_1007 0.000 -195.996 7.000
I_1008 0.000 777.529 8.000
V_1009 0.000 613.196 4.000
N_1010 -18.409 -507.047 8.000
F_1011 0.000 560.542 8.000
E_1012 -18.409 -605.239 8.000
L_1013 0.000 679.918 4.000
P_1014 0.000 -195.996 6.000
I_1015 0.000 777.529 2.000
H_1016 -8.431 -583.484 6.000
L_1017 0.000 679.918 9.000
E_1018 -21.132 -605.239 10.000
K_1019 -14.420 -818.649 8.000
W_1020 -5.155 -203.500 8.000
F_1021 0.000 560.542 9.000
P_1022 0.000 -195.996 8.000
R_1023 -19.414 -1015.709 7.000
H_1024 -9.265 -583.484 7.000
V_1025 0.000 613.196 10.000
I_1026 0.000 777.529 8.000
K_1027 -15.425 -818.649 9.000
T_1028 -19.059 -90.974 14.000
K_1029 -21.060 -818.649 18.000
R_1030 -35.072 -1015.709 19.000
E_1031 -26.485 -605.239 16.000
D_1032 -27.773 -475.402 18.000
I_1033 0.000 777.529 17.000
R_1034 -29.616 -1015.709 13.000
E_1035 -19.866 -605.239 9.000
L_1036 0.000 679.918 9.000
I_1037 0.000 777.529 7.000
L_1038 0.000 679.918 3.000
K_1039 -10.149 -818.649 5.000
L_1040 0.000 679.918 5.000
H_1041 -10.601 -583.484 9.000
L_1042 0.000 679.918 10.000
Q_1043 -25.003 -643.904 14.000
Q_1044 -25.772 -643.904 15.000
Q_1045 -25.772 -643.904 15.000
K_1046 -19.059 -818.649 14.000
G_1047 0.000 -27.649 13.000
S_1048 -17.811 -90.060 12.000
S_1049 -15.425 -90.060 9.000
S_1050 -15.425 -90.060 9.000
