M_1 0.000 401.769 3.000
A_2 0.000 185.740 5.000
T_3 -16.309 -90.974 10.000
H_4 -11.154 -583.484 10.000
R_5 -25.574 -1015.709 10.000
L_6 0.000 679.918 7.000
V_7 0.000 613.196 5.000
M_8 0.000 401.769 5.000
V_9 0.000 613.196 7.000
R_10 -19.414 -1015.709 7.000
H_11 -11.652 -583.484 11.000
G_12 0.000 -27.649 14.000
E_13 -23.258 -605.239 12.000
S_14 -17.098 -90.060 11.000
T_15 -19.613 -90.974 15.000
W_16 -6.713 -203.500 15.000
N_17 -26.485 -507.047 16.000
Q_18 -27.150 -643.904 17.000
E_19 -29.436 -605.239 21.000
N_20 -27.150 -507.047 17.000
R_21 -29.616 -1015.709 13.000
F_22 0.000 560.542 9.000
C_23 0.000 322.480 6.000
G_24 0.000 -27.649 1.000
W_25 -3.990 -203.500 5.000
F_26 0.000 560.542 5.000
D_27 -19.866 -475.402 9.000
A_28 0.000 185.740 8.000
E_29 -22.253 -605.239 11.000
L_30 0.000 679.918 11.000
S_31 -19.059 -90.060 14.000
E_32 -21.132 -605.239 10.000
K_33 -18.462 -818.649 13.000
G_34 0.000 -27.649 14.000
T_35 -19.059 -90.974 14.000
E_36 -22.253 -605.239 11.000
E_37 -25.003 -605.239 14.000
A_38 0.000 185.740 16.000
K_39 -17.811 -818.649 12.000
R_40 -21.845 -1015.709 8.000
G_41 0.000 -27.649 11.000
A_42 0.000 185.740 8.000
K_43 -4.441 -818.649 3.000
A_44 0.000 185.740 6.000
I_45 0.000 777.529 10.000
K_46 -13.255 -818.649 7.000
D_47 -21.132 -475.402 10.000
A_48 0.000 185.740 10.000
K_49 -17.098 -818.649 11.000
M_50 0.000 401.769 7.000
E_51 -22.253 -605.239 11.000
F_52 0.000 560.542 8.000
D_53 -18.409 -475.402 8.000
I_54 0.000 777.529 6.000
C_55 0.000 322.480 9.000
Y_56 -9.978 -274.939 8.000
T_57 -14.420 -90.974 8.000
S_58 -14.420 -90.060 8.000
V_59 0.000 613.196 9.000
L_60 0.000 679.918 11.000
K_61 -14.420 -818.649 8.000
R_62 -21.845 -1015.709 8.000
A_63 0.000 185.740 13.000
I_64 0.000 777.529 13.000
R_65 -21.845 -1015.709 8.000
T_66 -15.425 -90.974 9.000
L_67 0.000 679.918 9.000
W_68 -3.436 -203.500 4.000
A_69 0.000 185.740 1.000
I_70 0.000 777.529 5.000
L_71 0.000 679.918 4.000
D_72 -16.691 -475.402 7.000
G_73 0.000 -27.649 11.000
T_74 -19.613 -90.974 15.000
D_75 -22.253 -475.402 11.000
Q_76 -23.258 -643.904 12.000
M_77 0.000 401.769 9.000
W_78 -3.990 -203.500 5.000
L_79 0.000 679.918 1.000
P_80 0.000 -195.996 1.000
V_81 0.000 613.196 5.000
V_82 0.000 613.196 8.000
R_83 -23.856 -1015.709 9.000
T_84 -19.059 -90.974 14.000
W_85 -6.542 -203.500 14.000
R_86 -29.616 -1015.709 13.000
L_87 0.000 679.918 14.000
N_88 -27.773 -507.047 18.000
E_89 -25.772 -605.239 15.000
R_90 -33.508 -1015.709 17.000
H_91 -12.518 -583.484 13.000
Y_92 -10.601 -274.939 9.000
G_93 0.000 -27.649 4.000
G_94 0.000 -27.649 5.000
L_95 0.000 679.918 3.000
T_96 -4.441 -90.974 3.000
G_97 0.000 -27.649 7.000
L_98 0.000 679.918 10.000
N_99 -16.691 -507.047 7.000
K_100 -17.098 -818.649 11.000
A_101 0.000 185.740 14.000
E_102 -21.132 -605.239 10.000
T_103 -13.255 -90.974 7.000
A_104 0.000 185.740 10.000
A_105 0.000 185.740 8.000
K_106 -10.149 -818.649 5.000
H_107 -10.601 -583.484 9.000
G_108 0.000 -27.649 13.000
E_109 -25.003 -605.239 14.000
E_110 -23.258 -605.239 12.000
Q_111 -25.772 -643.904 15.000
V_112 0.000 613.196 11.000
K_113 -14.420 -818.649 8.000
I_114 0.000 777.529 9.000
W_115 -6.542 -203.500 14.000
R_116 -30.711 -1015.709 14.000
R_117 -30.711 -1015.709 14.000
S_118 -20.609 -90.060 17.000
F_119 0.000 560.542 12.000
D_120 -16.691 -475.402 7.000
I_121 0.000 777.529 4.000
P_122 0.000 -195.996 4.000
P_123 0.000 -195.996 0.000
P_124 0.000 -195.996 0.000
P_125 0.000 -195.996 4.000
M_126 0.000 401.769 8.000
D_127 -22.253 -475.402 11.000
E_128 -24.169 -605.239 13.000
K_129 -18.462 -818.649 13.000
H_130 -11.652 -583.484 11.000
P_131 0.000 -195.996 9.000
Y_132 -11.154 -274.939 10.000
Y_133 -11.652 -274.939 11.000
N_134 -22.253 -507.047 11.000
S_135 -17.811 -90.060 12.000
I_136 0.000 777.529 13.000
S_137 -18.462 -90.060 13.000
K_138 -19.613 -818.649 15.000
E_139 -28.912 -605.239 20.000
R_140 -35.072 -1015.709 19.000
R_141 -32.645 -1015.709 16.000
Y_142 -12.104 -274.939 12.000
A_143 0.000 185.740 7.000
G_144 0.000 -27.649 5.000
L_145 0.000 679.918 3.000
K_146 -4.441 -818.649 3.000
P_147 0.000 -195.996 7.000
G_148 0.000 -27.649 7.000
E_149 -7.878 -605.239 4.000
L_150 0.000 679.918 7.000
P_151 0.000 -195.996 7.000
T_152 -13.255 -90.974 7.000
C_153 0.000 322.480 10.000
E_154 -21.132 -605.239 10.000
S_155 -16.309 -90.060 10.000
L_156 0.000 679.918 14.000
K_157 -18.462 -818.649 13.000
D_158 -21.132 -475.402 10.000
T_159 -16.309 -90.974 10.000
I_160 0.000 777.529 12.000
A_161 0.000 185.740 8.000
R_162 -11.867 -1015.709 5.000
A_163 0.000 185.740 5.000
L_164 0.000 679.918 5.000
P_165 0.000 -195.996 1.000
F_166 0.000 560.542 5.000
W_167 -5.447 -203.500 9.000
N_168 -24.169 -507.047 13.000
E_169 -24.169 -605.239 13.000
E_170 -23.258 -605.239 12.000
I_171 0.000 777.529 8.000
V_172 0.000 613.196 8.000
P_173 0.000 -195.996 4.000
Q_174 -16.691 -643.904 7.000
I_175 0.000 777.529 7.000
K_176 -13.255 -818.649 7.000
A_177 0.000 185.740 6.000
G_178 0.000 -27.649 11.000
K_179 -14.420 -818.649 8.000
R_180 -21.845 -1015.709 8.000
V_181 0.000 613.196 8.000
L_182 0.000 679.918 5.000
I_183 0.000 777.529 0.000
A_184 0.000 185.740 2.000
A_185 0.000 185.740 2.000
H_186 -8.431 -583.484 6.000
G_187 0.000 -27.649 9.000
N_188 -19.866 -507.047 9.000
S_189 -17.811 -90.060 12.000
L_190 0.000 679.918 12.000
R_191 -21.845 -1015.709 8.000
G_192 0.000 -27.649 5.000
I_193 0.000 777.529 8.000
V_194 0.000 613.196 5.000
K_195 -10.149 -818.649 5.000
H_196 -10.601 -583.484 9.000
L_197 0.000 679.918 9.000
E_198 -14.591 -605.239 6.000
G_199 0.000 -27.649 7.000
M_200 0.000 401.769 11.000
S_201 -17.098 -90.060 11.000
D_202 -22.253 -475.402 11.000
Q_203 -22.253 -643.904 11.000
A_204 0.000 185.740 8.000
I_205 0.000 777.529 8.000
M_206 0.000 401.769 4.000
E_207 -18.409 -605.239 8.000
L_208 0.000 679.918 8.000
N_209 -18.409 -507.047 8.000
L_210 0.000 679.918 7.000
P_211 0.000 -195.996 7.000
T_212 -4.441 -90.974 3.000
G_213 0.000 -27.649 3.000
I_214 0.000 777.529 3.000
P_215 0.000 -195.996 0.000
I_216 0.000 777.529 2.000
V_217 0.000 613.196 6.000
Y_218 -8.431 -274.939 6.000
E_219 -21.132 -605.239 10.000
L_220 0.000 679.918 13.000
N_221 -25.772 -507.047 15.000
K_222 -17.098 -818.649 11.000
E_223 -25.003 -605.239 14.000
L_224 0.000 679.918 10.000
K_225 -16.309 -818.649 10.000
P_226 0.000 -195.996 9.000
T_227 -15.425 -90.974 9.000
K_228 -11.867 -818.649 6.000
P_229 0.000 -195.996 10.000
M_230 0.000 401.769 7.000
Q_231 -7.878 -643.904 4.000
F_232 0.000 560.542 4.000
L_233 0.000 679.918 8.000
G_234 0.000 -27.649 8.000
D_235 -23.258 -475.402 12.000
E_236 -25.772 -605.239 15.000
E_237 -25.772 -605.239 15.000
T_238 -20.127 -90.974 16.000
V_239 0.000 613.196 15.000
R_240 -27.076 -1015.709 11.000
K_241 -14.420 -818.649 8.000
A_242 0.000 185.740 12.000
M_243 0.000 401.769 7.000
E_244 -7.878 -605.239 4.000
A_245 0.000 185.740 4.000
V_246 0.000 613.196 4.000
A_247 0.000 185.740 4.000
A_248 0.000 185.740 4.000
Q_249 -16.691 -643.904 7.000
G_250 0.000 -27.649 7.000
K_251 -16.309 -818.649 10.000
A_252 0.000 185.740 6.000
K_253 -11.867 -818.649 6.000
