M_1 0.000 401.769 0.000
P_2 0.000 -195.996 2.000
G_3 0.000 -27.649 6.000
H_4 -10.601 -583.484 9.000
N_5 -23.258 -507.047 12.000
T_6 -20.609 -90.974 17.000
S_7 -21.486 -90.060 19.000
R_8 -34.315 -1015.709 18.000
N_9 -27.773 -507.047 18.000
S_10 -19.613 -90.060 15.000
S_11 -19.059 -90.060 14.000
C_12 0.000 322.480 10.000
D_13 -16.691 -475.402 7.000
P_14 0.000 -195.996 4.000
I_15 0.000 777.529 7.000
V_16 0.000 613.196 3.000
T_17 -10.149 -90.974 5.000
P_18 0.000 -195.996 5.000
H_19 -7.426 -583.484 5.000
L_20 0.000 679.918 5.000
I_21 0.000 777.529 5.000
S_22 -10.149 -90.060 5.000
L_23 0.000 679.918 5.000
Y_24 -7.426 -274.939 5.000
F_25 0.000 560.542 2.000
I_26 0.000 777.529 2.000
V_27 0.000 613.196 0.000
L_28 0.000 679.918 0.000
I_29 0.000 777.529 0.000
G_30 0.000 -27.649 0.000
G_31 0.000 -27.649 0.000
L_32 0.000 679.918 0.000
V_33 0.000 613.196 0.000
G_34 0.000 -27.649 0.000
V_35 0.000 613.196 3.000
I_36 0.000 777.529 3.000
S_37 -4.441 -90.060 3.000
I_38 0.000 777.529 3.000
L_39 0.000 679.918 3.000
F_40 0.000 560.542 0.000
L_41 0.000 679.918 0.000
L_42 0.000 679.918 3.000
V_43 0.000 613.196 3.000
K_44 -13.255 -818.649 7.000
M_45 0.000 401.769 10.000
N_46 -25.772 -507.047 15.000
T_47 -19.613 -90.974 15.000
R_48 -31.716 -1015.709 15.000
S_49 -19.059 -90.060 14.000
V_50 0.000 613.196 14.000
T_51 -15.425 -90.974 9.000
T_52 -11.867 -90.974 6.000
M_53 0.000 401.769 6.000
A_54 0.000 185.740 3.000
V_55 0.000 613.196 4.000
I_56 0.000 777.529 4.000
N_57 -7.878 -507.047 4.000
L_58 0.000 679.918 4.000
V_59 0.000 613.196 4.000
V_60 0.000 613.196 2.000
V_61 0.000 613.196 5.000
H_62 -7.426 -583.484 5.000
S_63 -10.149 -90.060 5.000
V_64 0.000 613.196 5.000
F_65 0.000 560.542 3.000
L_66 0.000 679.918 3.000
L_67 0.000 679.918 3.000
T_68 -4.441 -90.974 3.000
V_69 0.000 613.196 3.000
P_70 0.000 -195.996 8.000
F_71 0.000 560.542 5.000
R_72 -21.845 -1015.709 8.000
L_73 0.000 679.918 10.000
T_74 -16.309 -90.974 10.000
Y_75 -7.426 -274.939 5.000
L_76 0.000 679.918 8.000
I_77 0.000 777.529 8.000
K_78 -15.425 -818.649 9.000
K_79 -16.309 -818.649 10.000
T_80 -16.309 -90.974 10.000
W_81 -4.824 -203.500 7.000
M_82 0.000 401.769 4.000
F_83 0.000 560.542 1.000
G_84 0.000 -27.649 0.000
L_85 0.000 679.918 0.000
P_86 0.000 -195.996 0.000
F_87 0.000 560.542 3.000
C_88 0.000 322.480 3.000
K_89 -4.441 -818.649 3.000
F_90 0.000 560.542 6.000
V_91 0.000 613.196 6.000
S_92 -4.441 -90.060 3.000
A_93 0.000 185.740 3.000
M_94 0.000 401.769 5.000
L_95 0.000 679.918 2.000
H_96 -6.160 -583.484 4.000
I_97 0.000 777.529 4.000
H_98 -8.431 -583.484 6.000
M_99 0.000 401.769 4.000
Y_100 -9.265 -274.939 7.000
L_101 0.000 679.918 5.000
T_102 -10.149 -90.974 5.000
F_103 0.000 560.542 3.000
L_104 0.000 679.918 5.000
F_105 0.000 560.542 2.000
Y_106 -1.718 -274.939 2.000
V_107 0.000 613.196 2.000
V_108 0.000 613.196 2.000
I_109 0.000 777.529 0.000
L_110 0.000 679.918 3.000
V_111 0.000 613.196 8.000
T_112 -16.309 -90.974 10.000
R_113 -25.574 -1015.709 10.000
Y_114 -11.154 -274.939 10.000
L_115 0.000 679.918 7.000
I_116 0.000 777.529 2.000
F_117 0.000 560.542 3.000
F_118 0.000 560.542 3.000
K_119 -11.867 -818.649 6.000
C_120 0.000 322.480 10.000
K_121 -18.462 -818.649 13.000
D_122 -21.132 -475.402 10.000
K_123 -19.059 -818.649 14.000
V_124 0.000 613.196 11.000
E_125 -19.866 -605.239 9.000
F_126 0.000 560.542 11.000
Y_127 -12.900 -274.939 14.000
R_128 -25.574 -1015.709 10.000
K_129 -17.811 -818.649 12.000
L_130 0.000 679.918 10.000
H_131 -7.426 -583.484 5.000
A_132 0.000 185.740 2.000
V_133 0.000 613.196 2.000
A_134 0.000 185.740 3.000
A_135 0.000 185.740 3.000
S_136 -4.441 -90.060 3.000
A_137 0.000 185.740 3.000
G_138 0.000 -27.649 4.000
M_139 0.000 401.769 4.000
W_140 -3.436 -203.500 4.000
T_141 -7.878 -90.974 4.000
L_142 0.000 679.918 4.000
V_143 0.000 613.196 3.000
I_144 0.000 777.529 0.000
V_145 0.000 613.196 0.000
I_146 0.000 777.529 0.000
V_147 0.000 613.196 0.000
V_148 0.000 613.196 0.000
P_149 0.000 -195.996 0.000
L_150 0.000 679.918 0.000
V_151 0.000 613.196 3.000
V_152 0.000 613.196 8.000
S_153 -16.309 -90.060 10.000
R_154 -25.574 -1015.709 10.000
Y_155 -11.154 -274.939 10.000
G_156 0.000 -27.649 9.000
I_157 0.000 777.529 8.000
H_158 -11.154 -583.484 10.000
E_159 -23.258 -605.239 12.000
E_160 -26.485 -605.239 16.000
Y_161 -14.188 -274.939 18.000
N_162 -27.773 -507.047 18.000
E_163 -26.485 -605.239 16.000
E_164 -25.003 -605.239 14.000
H_165 -11.154 -583.484 10.000
C_166 0.000 322.480 9.000
F_167 0.000 560.542 5.000
K_168 -10.149 -818.649 5.000
F_169 0.000 560.542 8.000
H_170 -12.104 -583.484 12.000
K_171 -15.425 -818.649 9.000
E_172 -19.866 -605.239 9.000
L_173 0.000 679.918 9.000
A_174 0.000 185.740 9.000
Y_175 -9.265 -274.939 7.000
T_176 -13.255 -90.974 7.000
Y_177 -11.154 -274.939 10.000
V_178 0.000 613.196 8.000
K_179 -10.149 -818.649 5.000
I_180 0.000 777.529 7.000
I_181 0.000 777.529 9.000
N_182 -14.591 -507.047 6.000
Y_183 -8.431 -274.939 6.000
M_184 0.000 401.769 6.000
I_185 0.000 777.529 2.000
V_186 0.000 613.196 0.000
I_187 0.000 777.529 0.000
F_188 0.000 560.542 0.000
V_189 0.000 613.196 0.000
I_190 0.000 777.529 0.000
A_191 0.000 185.740 0.000
V_192 0.000 613.196 0.000
A_193 0.000 185.740 0.000
V_194 0.000 613.196 0.000
I_195 0.000 777.529 0.000
L_196 0.000 679.918 0.000
L_197 0.000 679.918 0.000
V_198 0.000 613.196 4.000
F_199 0.000 560.542 4.000
Q_200 -7.878 -643.904 4.000
V_201 0.000 613.196 4.000
F_202 0.000 560.542 4.000
I_203 0.000 777.529 0.000
I_204 0.000 777.529 0.000
M_205 0.000 401.769 0.000
L_206 0.000 679.918 0.000
M_207 0.000 401.769 4.000
V_208 0.000 613.196 7.000
Q_209 -16.691 -643.904 7.000
K_210 -17.811 -818.649 12.000
L_211 0.000 679.918 14.000
R_212 -29.616 -1015.709 13.000
H_213 -11.154 -583.484 10.000
S_214 -16.309 -90.060 10.000
L_215 0.000 679.918 8.000
L_216 0.000 679.918 8.000
S_217 -15.425 -90.060 9.000
H_218 -12.518 -583.484 13.000
Q_219 -24.169 -643.904 13.000
E_220 -22.253 -605.239 11.000
F_221 0.000 560.542 9.000
W_222 -5.447 -203.500 9.000
A_223 0.000 185.740 5.000
Q_224 -18.409 -643.904 8.000
L_225 0.000 679.918 11.000
K_226 -17.098 -818.649 11.000
N_227 -16.691 -507.047 7.000
L_228 0.000 679.918 7.000
F_229 0.000 560.542 4.000
F_230 0.000 560.542 0.000
I_231 0.000 777.529 0.000
G_232 0.000 -27.649 0.000
V_233 0.000 613.196 0.000
I_234 0.000 777.529 0.000
L_235 0.000 679.918 0.000
V_236 0.000 613.196 0.000
C_237 0.000 322.480 0.000
F_238 0.000 560.542 0.000
L_239 0.000 679.918 2.000
P_240 0.000 -195.996 6.000
Y_241 -8.431 -274.939 6.000
Q_242 -14.591 -643.904 6.000
F_243 0.000 560.542 11.000
F_244 0.000 560.542 9.000
R_245 -19.414 -1015.709 7.000
I_246 0.000 777.529 9.000
Y_247 -10.601 -274.939 9.000
Y_248 -9.978 -274.939 8.000
L_249 0.000 679.918 8.000
N_250 -14.591 -507.047 6.000
V_251 0.000 613.196 7.000
V_252 0.000 613.196 9.000
T_253 -14.420 -90.974 8.000
H_254 -12.104 -583.484 12.000
S_255 -17.811 -90.060 12.000
N_256 -19.866 -507.047 9.000
A_257 0.000 185.740 11.000
C_258 0.000 322.480 11.000
N_259 -21.132 -507.047 10.000
S_260 -16.309 -90.060 10.000
K_261 -16.309 -818.649 10.000
V_262 0.000 613.196 6.000
A_263 0.000 185.740 5.000
F_264 0.000 560.542 6.000
Y_265 -11.154 -274.939 10.000
N_266 -21.132 -507.047 10.000
E_267 -21.132 -605.239 10.000
I_268 0.000 777.529 8.000
F_269 0.000 560.542 7.000
L_270 0.000 679.918 3.000
S_271 -11.867 -90.060 6.000
V_272 0.000 613.196 6.000
T_273 -11.867 -90.974 6.000
A_274 0.000 185.740 6.000
I_275 0.000 777.529 6.000
S_276 -10.149 -90.060 5.000
C_277 0.000 322.480 9.000
Y_278 -10.601 -274.939 9.000
D_279 -14.591 -475.402 6.000
L_280 0.000 679.918 6.000
L_281 0.000 679.918 4.000
L_282 0.000 679.918 0.000
F_283 0.000 560.542 0.000
V_284 0.000 613.196 0.000
F_285 0.000 560.542 0.000
G_286 0.000 -27.649 3.000
G_287 0.000 -27.649 5.000
S_288 -11.867 -90.060 6.000
H_289 -8.431 -583.484 6.000
W_290 -5.447 -203.500 9.000
F_291 0.000 560.542 10.000
K_292 -17.098 -818.649 11.000
Q_293 -21.132 -643.904 10.000
K_294 -16.309 -818.649 10.000
I_295 0.000 777.529 7.000
I_296 0.000 777.529 3.000
G_297 0.000 -27.649 1.000
L_298 0.000 679.918 5.000
W_299 -3.990 -203.500 5.000
N_300 -11.867 -507.047 5.000
C_301 0.000 322.480 5.000
V_302 0.000 613.196 4.000
L_303 0.000 679.918 5.000
C_304 0.000 322.480 5.000
R_305 -11.867 -1015.709 5.000
