M_1 0.000 401.769 7.000
S_2 -17.098 -90.060 11.000
Q_3 -25.003 -643.904 14.000
D_4 -27.773 -475.402 18.000
T_5 -19.613 -90.974 15.000
E_6 -25.772 -605.239 15.000
V_7 0.000 613.196 11.000
D_8 -22.253 -475.402 11.000
M_9 0.000 401.769 11.000
K_10 -17.098 -818.649 11.000
E_11 -22.253 -605.239 11.000
V_12 0.000 613.196 11.000
E_13 -23.258 -605.239 12.000
L_14 0.000 679.918 12.000
N_15 -23.258 -507.047 12.000
E_16 -23.258 -605.239 12.000
L_17 0.000 679.918 12.000
E_18 -23.258 -605.239 12.000
P_19 0.000 -195.996 11.000
E_20 -25.772 -605.239 15.000
K_21 -17.098 -818.649 11.000
Q_22 -22.253 -643.904 11.000
P_23 0.000 -195.996 11.000
M_24 0.000 401.769 8.000
N_25 -7.878 -507.047 4.000
A_26 0.000 185.740 7.000
A_27 0.000 185.740 7.000
S_28 -4.441 -90.060 3.000
G_29 0.000 -27.649 3.000
A_30 0.000 185.740 3.000
A_31 0.000 185.740 3.000
M_32 0.000 401.769 3.000
S_33 -4.441 -90.060 3.000
L_34 0.000 679.918 3.000
A_35 0.000 185.740 3.000
G_36 0.000 -27.649 4.000
A_37 0.000 185.740 7.000
E_38 -22.253 -605.239 11.000
K_39 -17.098 -818.649 11.000
N_40 -22.253 -507.047 11.000
G_41 0.000 -27.649 7.000
L_42 0.000 679.918 7.000
V_43 0.000 613.196 3.000
K_44 -11.867 -818.649 6.000
I_45 0.000 777.529 6.000
K_46 -11.867 -818.649 6.000
V_47 0.000 613.196 7.000
A_48 0.000 185.740 11.000
E_49 -23.258 -605.239 12.000
D_50 -23.258 -475.402 12.000
E_51 -26.485 -605.239 16.000
A_52 0.000 185.740 12.000
E_53 -18.409 -605.239 8.000
A_54 0.000 185.740 4.000
A_55 0.000 185.740 4.000
A_56 0.000 185.740 0.000
A_57 0.000 185.740 3.000
A_58 0.000 185.740 3.000
K_59 -11.867 -818.649 6.000
F_60 0.000 560.542 6.000
T_61 -11.867 -90.974 6.000
G_62 0.000 -27.649 6.000
L_63 0.000 679.918 9.000
S_64 -16.309 -90.060 10.000
K_65 -19.059 -818.649 14.000
E_66 -25.003 -605.239 14.000
E_67 -22.253 -605.239 11.000
L_68 0.000 679.918 11.000
L_69 0.000 679.918 7.000
K_70 -4.441 -818.649 3.000
V_71 0.000 613.196 3.000
A_72 0.000 185.740 6.000
G_73 0.000 -27.649 3.000
S_74 -4.441 -90.060 3.000
P_75 0.000 -195.996 4.000
G_76 0.000 -27.649 4.000
W_77 -4.441 -203.500 6.000
V_78 0.000 613.196 9.000
R_79 -30.711 -1015.709 14.000
T_80 -19.059 -90.974 14.000
R_81 -30.711 -1015.709 14.000
W_82 -5.447 -203.500 9.000
A_83 0.000 185.740 6.000
L_84 0.000 679.918 1.000
L_85 0.000 679.918 0.000
L_86 0.000 679.918 0.000
L_87 0.000 679.918 1.000
F_88 0.000 560.542 1.000
W_89 -0.000 -203.500 1.000
L_90 0.000 679.918 2.000
G_91 0.000 -27.649 2.000
W_92 -0.000 -203.500 1.000
L_93 0.000 679.918 1.000
G_94 0.000 -27.649 1.000
M_95 0.000 401.769 0.000
L_96 0.000 679.918 0.000
A_97 0.000 185.740 0.000
G_98 0.000 -27.649 0.000
A_99 0.000 185.740 0.000
V_100 0.000 613.196 0.000
V_101 0.000 613.196 0.000
I_102 0.000 777.529 0.000
I_103 0.000 777.529 5.000
V_104 0.000 613.196 5.000
R_105 -11.867 -1015.709 5.000
A_106 0.000 185.740 10.000
P_107 0.000 -195.996 10.000
R_108 -25.574 -1015.709 10.000
C_109 0.000 322.480 14.000
R_110 -30.711 -1015.709 14.000
E_111 -19.866 -605.239 9.000
L_112 0.000 679.918 9.000
P_113 0.000 -195.996 8.000
A_114 0.000 185.740 7.000
Q_115 -18.409 -643.904 8.000
K_116 -15.425 -818.649 9.000
W_117 -5.944 -203.500 11.000
W_118 -5.708 -203.500 10.000
H_119 -9.265 -583.484 7.000
T_120 -11.867 -90.974 6.000
G_121 0.000 -27.649 5.000
A_122 0.000 185.740 5.000
L_123 0.000 679.918 7.000
Y_124 -9.265 -274.939 7.000
R_125 -19.414 -1015.709 7.000
I_126 0.000 777.529 11.000
G_127 0.000 -27.649 9.000
D_128 -18.409 -475.402 8.000
L_129 0.000 679.918 8.000
Q_130 -18.409 -643.904 8.000
A_131 0.000 185.740 8.000
F_132 0.000 560.542 8.000
Q_133 -14.591 -643.904 6.000
G_134 0.000 -27.649 6.000
H_135 -8.431 -583.484 6.000
G_136 0.000 -27.649 2.000
A_137 0.000 185.740 6.000
G_138 0.000 -27.649 4.000
N_139 -7.878 -507.047 4.000
L_140 0.000 679.918 4.000
A_141 0.000 185.740 4.000
G_142 0.000 -27.649 3.000
L_143 0.000 679.918 3.000
K_144 -14.420 -818.649 8.000
G_145 0.000 -27.649 8.000
R_146 -28.412 -1015.709 12.000
L_147 0.000 679.918 11.000
D_148 -22.253 -475.402 11.000
Y_149 -10.601 -274.939 9.000
L_150 0.000 679.918 12.000
S_151 -14.420 -90.060 8.000
S_152 -15.425 -90.060 9.000
L_153 0.000 679.918 9.000
K_154 -15.425 -818.649 9.000
V_155 0.000 613.196 6.000
K_156 -11.867 -818.649 6.000
G_157 0.000 -27.649 3.000
L_158 0.000 679.918 3.000
V_159 0.000 613.196 0.000
L_160 0.000 679.918 0.000
G_161 0.000 -27.649 0.000
P_162 0.000 -195.996 2.000
I_163 0.000 777.529 5.000
H_164 -10.601 -583.484 9.000
K_165 -18.462 -818.649 13.000
N_166 -26.485 -507.047 16.000
Q_167 -27.773 -643.904 18.000
K_168 -21.486 -818.649 19.000
D_169 -25.772 -475.402 15.000
D_170 -22.253 -475.402 11.000
V_171 0.000 613.196 12.000
A_172 0.000 185.740 11.000
Q_173 -22.253 -643.904 11.000
T_174 -17.098 -90.974 11.000
D_175 -22.253 -475.402 11.000
L_176 0.000 679.918 11.000
L_177 0.000 679.918 8.000
Q_178 -18.409 -643.904 8.000
I_179 0.000 777.529 8.000
D_180 -23.258 -475.402 12.000
P_181 0.000 -195.996 8.000
N_182 -18.409 -507.047 8.000
F_183 0.000 560.542 7.000
G_184 0.000 -27.649 10.000
S_185 -16.309 -90.060 10.000
K_186 -19.059 -818.649 14.000
E_187 -25.003 -605.239 14.000
D_188 -25.772 -475.402 15.000
F_189 0.000 560.542 15.000
D_190 -22.253 -475.402 11.000
S_191 -13.255 -90.060 7.000
L_192 0.000 679.918 11.000
L_193 0.000 679.918 10.000
Q_194 -16.691 -643.904 7.000
S_195 -16.309 -90.060 10.000
A_196 0.000 185.740 13.000
K_197 -17.811 -818.649 12.000
K_198 -17.811 -818.649 12.000
K_199 -17.811 -818.649 12.000
S_200 -19.059 -90.060 14.000
I_201 0.000 777.529 11.000
R_202 -21.845 -1015.709 8.000
V_203 0.000 613.196 5.000
I_204 0.000 777.529 9.000
L_205 0.000 679.918 4.000
D_206 -16.691 -475.402 7.000
L_207 0.000 679.918 7.000
T_208 -17.098 -90.974 11.000
P_209 0.000 -195.996 9.000
N_210 -25.003 -507.047 14.000
Y_211 -11.652 -274.939 11.000
R_212 -31.716 -1015.709 15.000
G_213 0.000 -27.649 15.000
E_214 -26.485 -605.239 16.000
N_215 -23.258 -507.047 12.000
S_216 -17.811 -90.060 12.000
W_217 -5.944 -203.500 11.000
F_218 0.000 560.542 10.000
S_219 -17.098 -90.060 11.000
T_220 -16.309 -90.974 10.000
Q_221 -25.003 -643.904 14.000
V_222 0.000 613.196 14.000
D_223 -22.253 -475.402 11.000
T_224 -13.255 -90.974 7.000
V_225 0.000 613.196 10.000
A_226 0.000 185.740 9.000
T_227 -11.867 -90.974 6.000
K_228 -15.425 -818.649 9.000
V_229 0.000 613.196 13.000
K_230 -16.309 -818.649 10.000
D_231 -16.691 -475.402 7.000
A_232 0.000 185.740 11.000
L_233 0.000 679.918 8.000
E_234 -11.867 -605.239 5.000
F_235 0.000 560.542 5.000
W_236 -5.447 -203.500 9.000
L_237 0.000 679.918 5.000
Q_238 -11.867 -643.904 5.000
A_239 0.000 185.740 4.000
G_240 0.000 -27.649 8.000
V_241 0.000 613.196 4.000
D_242 -7.878 -475.402 4.000
G_243 0.000 -27.649 8.000
F_244 0.000 560.542 8.000
Q_245 -19.866 -643.904 9.000
V_246 0.000 613.196 13.000
R_247 -29.616 -1015.709 13.000
D_248 -24.169 -475.402 13.000
I_249 0.000 777.529 17.000
E_250 -23.258 -605.239 12.000
N_251 -22.253 -507.047 11.000
L_252 0.000 679.918 15.000
K_253 -17.098 -818.649 11.000
D_254 -21.132 -475.402 10.000
A_255 0.000 185.740 13.000
S_256 -16.309 -90.060 10.000
S_257 -11.867 -90.060 6.000
F_258 0.000 560.542 6.000
L_259 0.000 679.918 7.000
A_260 0.000 185.740 5.000
E_261 -19.866 -605.239 9.000
W_262 -6.358 -203.500 13.000
Q_263 -24.169 -643.904 13.000
N_264 -23.258 -507.047 12.000
I_265 0.000 777.529 14.000
T_266 -16.309 -90.974 10.000
K_267 -11.867 -818.649 6.000
G_268 0.000 -27.649 9.000
F_269 0.000 560.542 10.000
S_270 -17.098 -90.060 11.000
E_271 -26.485 -605.239 16.000
D_272 -26.485 -475.402 16.000
R_273 -29.616 -1015.709 13.000
L_274 0.000 679.918 9.000
L_275 0.000 679.918 5.000
I_276 0.000 777.529 0.000
A_277 0.000 185.740 3.000
G_278 0.000 -27.649 7.000
T_279 -16.309 -90.974 10.000
N_280 -24.169 -507.047 13.000
S_281 -20.609 -90.060 17.000
S_282 -19.059 -90.060 14.000
D_283 -25.003 -475.402 14.000
L_284 0.000 679.918 15.000
Q_285 -23.258 -643.904 12.000
Q_286 -18.409 -643.904 8.000
I_287 0.000 777.529 11.000
L_288 0.000 679.918 7.000
S_289 -4.441 -90.060 3.000
L_290 0.000 679.918 7.000
L_291 0.000 679.918 10.000
E_292 -22.253 -605.239 11.000
S_293 -19.059 -90.060 14.000
N_294 -27.773 -507.047 18.000
K_295 -19.059 -818.649 14.000
D_296 -22.253 -475.402 11.000
L_297 0.000 679.918 7.000
L_298 0.000 679.918 7.000
L_299 0.000 679.918 6.000
T_300 -15.425 -90.974 9.000
S_301 -17.098 -90.060 11.000
S_302 -17.098 -90.060 11.000
Y_303 -11.652 -274.939 11.000
L_304 0.000 679.918 12.000
S_305 -17.811 -90.060 12.000
D_306 -21.132 -475.402 10.000
S_307 -18.462 -90.060 13.000
G_308 0.000 -27.649 13.000
S_309 -15.425 -90.060 9.000
T_310 -16.309 -90.974 10.000
G_311 0.000 -27.649 12.000
E_312 -23.258 -605.239 12.000
H_313 -12.104 -583.484 12.000
T_314 -19.613 -90.974 15.000
K_315 -17.098 -818.649 11.000
S_316 -15.425 -90.060 9.000
L_317 0.000 679.918 9.000
V_318 0.000 613.196 10.000
T_319 -15.425 -90.974 9.000
Q_320 -19.866 -643.904 9.000
Y_321 -12.518 -274.939 13.000
L_322 0.000 679.918 10.000
N_323 -19.866 -507.047 9.000
A_324 0.000 185.740 7.000
T_325 -17.098 -90.974 11.000
G_326 0.000 -27.649 12.000
N_327 -24.169 -507.047 13.000
R_328 -25.574 -1015.709 10.000
W_329 -6.358 -203.500 13.000
C_330 0.000 322.480 10.000
S_331 -14.420 -90.060 8.000
W_332 -4.824 -203.500 7.000
S_333 -16.309 -90.060 10.000
L_334 0.000 679.918 11.000
S_335 -16.309 -90.060 10.000
Q_336 -23.258 -643.904 12.000
A_337 0.000 185.740 12.000
R_338 -23.856 -1015.709 9.000
L_339 0.000 679.918 8.000
L_340 0.000 679.918 11.000
T_341 -11.867 -90.974 6.000
S_342 -11.867 -90.060 6.000
F_343 0.000 560.542 6.000
L_344 0.000 679.918 3.000
P_345 0.000 -195.996 4.000
A_346 0.000 185.740 4.000
Q_347 -7.878 -643.904 4.000
L_348 0.000 679.918 9.000
L_349 0.000 679.918 9.000
R_350 -19.414 -1015.709 7.000
L_351 0.000 679.918 11.000
Y_352 -11.652 -274.939 11.000
Q_353 -14.591 -643.904 6.000
L_354 0.000 679.918 6.000
M_355 0.000 401.769 4.000
L_356 0.000 679.918 3.000
F_357 0.000 560.542 3.000
T_358 -4.441 -90.974 3.000
L_359 0.000 679.918 3.000
P_360 0.000 -195.996 6.000
G_361 0.000 -27.649 3.000
T_362 -4.441 -90.974 3.000
P_363 0.000 -195.996 3.000
V_364 0.000 613.196 6.000
F_365 0.000 560.542 5.000
S_366 -10.149 -90.060 5.000
Y_367 -10.601 -274.939 9.000
G_368 0.000 -27.649 13.000
D_369 -21.132 -475.402 10.000
E_370 -18.409 -605.239 8.000
I_371 0.000 777.529 8.000
G_372 0.000 -27.649 8.000
L_373 0.000 679.918 4.000
D_374 -7.878 -475.402 4.000
A_375 0.000 185.740 4.000
A_376 0.000 185.740 4.000
A_377 0.000 185.740 0.000
L_378 0.000 679.918 0.000
P_379 0.000 -195.996 4.000
G_380 0.000 -27.649 4.000
Q_381 -7.878 -643.904 4.000
P_382 0.000 -195.996 8.000
M_383 0.000 401.769 8.000
E_384 -7.878 -605.239 4.000
A_385 0.000 185.740 4.000
P_386 0.000 -195.996 4.000
V_387 0.000 613.196 0.000
M_388 0.000 401.769 1.000
L_389 0.000 679.918 5.000
W_390 -5.447 -203.500 9.000
D_391 -23.258 -475.402 12.000
E_392 -25.772 -605.239 15.000
S_393 -19.059 -90.060 14.000
S_394 -16.309 -90.060 10.000
F_395 0.000 560.542 10.000
P_396 0.000 -195.996 7.000
D_397 -7.878 -475.402 4.000
I_398 0.000 777.529 4.000
P_399 0.000 -195.996 4.000
G_400 0.000 -27.649 0.000
A_401 0.000 185.740 3.000
V_402 0.000 613.196 3.000
S_403 -13.255 -90.060 7.000
A_404 0.000 185.740 7.000
N_405 -21.132 -507.047 10.000
M_406 0.000 401.769 7.000
T_407 -16.309 -90.974 10.000
V_408 0.000 613.196 6.000
K_409 -16.309 -818.649 10.000
G_410 0.000 -27.649 10.000
Q_411 -25.003 -643.904 14.000
S_412 -19.613 -90.060 15.000
E_413 -25.772 -605.239 15.000
D_414 -22.253 -475.402 11.000
P_415 0.000 -195.996 11.000
G_416 0.000 -27.649 7.000
S_417 -4.441 -90.060 3.000
L_418 0.000 679.918 6.000
L_419 0.000 679.918 6.000
S_420 -4.441 -90.060 3.000
L_421 0.000 679.918 8.000
F_422 0.000 560.542 13.000
R_423 -25.574 -1015.709 10.000
R_424 -29.616 -1015.709 13.000
L_425 0.000 679.918 17.000
S_426 -20.127 -90.060 16.000
D_427 -26.485 -475.402 16.000
Q_428 -28.359 -643.904 19.000
R_429 -35.072 -1015.709 19.000
S_430 -21.486 -90.060 19.000
K_431 -21.889 -818.649 20.000
E_432 -27.773 -605.239 18.000
R_433 -31.716 -1015.709 15.000
S_434 -17.811 -90.060 12.000
L_435 0.000 679.918 10.000
L_436 0.000 679.918 5.000
H_437 -8.431 -583.484 6.000
G_438 0.000 -27.649 6.000
D_439 -18.409 -475.402 8.000
F_440 0.000 560.542 6.000
H_441 -8.431 -583.484 6.000
A_442 0.000 185.740 5.000
F_443 0.000 560.542 5.000
S_444 -4.441 -90.060 3.000
A_445 0.000 185.740 3.000
G_446 0.000 -27.649 3.000
P_447 0.000 -195.996 0.000
G_448 0.000 -27.649 0.000
L_449 0.000 679.918 3.000
F_450 0.000 560.542 5.000
S_451 -10.149 -90.060 5.000
Y_452 -11.154 -274.939 10.000
I_453 0.000 777.529 12.000
R_454 -25.574 -1015.709 10.000
H_455 -12.104 -583.484 12.000
W_456 -6.873 -203.500 16.000
D_457 -25.772 -475.402 15.000
Q_458 -27.150 -643.904 17.000
N_459 -29.436 -507.047 21.000
E_460 -27.150 -605.239 17.000
R_461 -29.616 -1015.709 13.000
F_462 0.000 560.542 9.000
L_463 0.000 679.918 5.000
V_464 0.000 613.196 0.000
V_465 0.000 613.196 4.000
L_466 0.000 679.918 4.000
N_467 -7.878 -507.047 4.000
F_468 0.000 560.542 8.000
G_469 0.000 -27.649 8.000
D_470 -7.878 -475.402 4.000
V_471 0.000 613.196 4.000
G_472 0.000 -27.649 7.000
L_473 0.000 679.918 3.000
S_474 -4.441 -90.060 3.000
A_475 0.000 185.740 3.000
G_476 0.000 -27.649 7.000
L_477 0.000 679.918 4.000
Q_478 -16.691 -643.904 7.000
A_479 0.000 185.740 11.000
S_480 -17.098 -90.060 11.000
D_481 -16.691 -475.402 7.000
L_482 0.000 679.918 7.000
P_483 0.000 -195.996 7.000
A_484 0.000 185.740 3.000
S_485 -11.867 -90.060 6.000
A_486 0.000 185.740 6.000
S_487 -11.867 -90.060 6.000
L_488 0.000 679.918 3.000
P_489 0.000 -195.996 6.000
A_490 0.000 185.740 3.000
K_491 -13.255 -818.649 7.000
A_492 0.000 185.740 7.000
D_493 -16.691 -475.402 7.000
L_494 0.000 679.918 4.000
L_495 0.000 679.918 7.000
L_496 0.000 679.918 6.000
S_497 -16.309 -90.060 10.000
T_498 -16.309 -90.974 10.000
Q_499 -21.132 -643.904 10.000
P_500 0.000 -195.996 12.000
G_501 0.000 -27.649 13.000
R_502 -29.616 -1015.709 13.000
E_503 -24.169 -605.239 13.000
E_504 -26.485 -605.239 16.000
G_505 0.000 -27.649 11.000
S_506 -13.255 -90.060 7.000
P_507 0.000 -195.996 7.000
L_508 0.000 679.918 7.000
E_509 -18.409 -605.239 8.000
L_510 0.000 679.918 13.000
E_511 -24.169 -605.239 13.000
R_512 -28.412 -1015.709 12.000
L_513 0.000 679.918 12.000
K_514 -17.811 -818.649 12.000
L_515 0.000 679.918 7.000
E_516 -19.866 -605.239 9.000
P_517 0.000 -195.996 10.000
H_518 -11.154 -583.484 10.000
E_519 -14.591 -605.239 6.000
G_520 0.000 -27.649 6.000
L_521 0.000 679.918 4.000
L_522 0.000 679.918 5.000
L_523 0.000 679.918 5.000
R_524 -11.867 -1015.709 5.000
F_525 0.000 560.542 7.000
P_526 0.000 -195.996 7.000
Y_527 -1.718 -274.939 2.000
A_528 0.000 185.740 2.000
A_529 0.000 185.740 2.000
