M_1 0.000 401.769 5.000
G_2 0.000 -27.649 6.000
R_3 -16.309 -1015.709 6.000
W_4 -4.824 -203.500 7.000
A_5 0.000 185.740 7.000
W_6 -1.718 -203.500 2.000
V_7 0.000 613.196 4.000
P_8 0.000 -195.996 4.000
S_9 -7.878 -90.060 4.000
P_10 0.000 -195.996 4.000
W_11 -3.436 -203.500 4.000
P_12 0.000 -195.996 1.000
P_13 0.000 -195.996 1.000
P_14 0.000 -195.996 0.000
G_15 0.000 -27.649 0.000
L_16 0.000 679.918 0.000
G_17 0.000 -27.649 0.000
P_18 0.000 -195.996 0.000
F_19 0.000 560.542 0.000
L_20 0.000 679.918 0.000
L_21 0.000 679.918 0.000
L_22 0.000 679.918 0.000
L_23 0.000 679.918 0.000
L_24 0.000 679.918 0.000
L_25 0.000 679.918 0.000
L_26 0.000 679.918 0.000
L_27 0.000 679.918 0.000
L_28 0.000 679.918 0.000
L_29 0.000 679.918 5.000
P_30 0.000 -195.996 5.000
R_31 -11.867 -1015.709 5.000
G_32 0.000 -27.649 9.000
F_33 0.000 560.542 9.000
Q_34 -18.409 -643.904 8.000
P_35 0.000 -195.996 8.000
Q_36 -18.409 -643.904 8.000
P_37 0.000 -195.996 4.000
G_38 0.000 -27.649 8.000
G_39 0.000 -27.649 9.000
N_40 -23.258 -507.047 12.000
R_41 -32.645 -1015.709 16.000
T_42 -21.486 -90.974 19.000
E_43 -25.772 -605.239 15.000
S_44 -19.059 -90.060 14.000
P_45 0.000 -195.996 11.000
E_46 -22.253 -605.239 11.000
P_47 0.000 -195.996 8.000
N_48 -22.253 -507.047 11.000
A_49 0.000 185.740 7.000
T_50 -16.309 -90.974 10.000
A_51 0.000 185.740 6.000
T_52 -11.867 -90.974 6.000
P_53 0.000 -195.996 3.000
A_54 0.000 185.740 3.000
I_55 0.000 777.529 3.000
P_56 0.000 -195.996 3.000
T_57 -4.441 -90.974 3.000
I_58 0.000 777.529 3.000
L_59 0.000 679.918 6.000
V_60 0.000 613.196 6.000
T_61 -11.867 -90.974 6.000
S_62 -15.425 -90.060 9.000
V_63 0.000 613.196 12.000
T_64 -18.462 -90.974 13.000
S_65 -18.462 -90.060 13.000
E_66 -24.169 -605.239 13.000
T_67 -16.309 -90.974 10.000
P_68 0.000 -195.996 10.000
A_69 0.000 185.740 9.000
T_70 -11.867 -90.974 6.000
S_71 -11.867 -90.060 6.000
A_72 0.000 185.740 10.000
P_73 0.000 -195.996 7.000
E_74 -18.409 -605.239 8.000
A_75 0.000 185.740 8.000
E_76 -18.409 -605.239 8.000
G_77 0.000 -27.649 8.000
P_78 0.000 -195.996 11.000
Q_79 -16.691 -643.904 7.000
S_80 -13.255 -90.060 7.000
G_81 0.000 -27.649 7.000
G_82 0.000 -27.649 3.000
L_83 0.000 679.918 0.000
P_84 0.000 -195.996 0.000
P_85 0.000 -195.996 0.000
P_86 0.000 -195.996 5.000
P_87 0.000 -195.996 5.000
R_88 -11.867 -1015.709 5.000
A_89 0.000 185.740 5.000
V_90 0.000 613.196 8.000
P_91 0.000 -195.996 6.000
S_92 -15.425 -90.060 9.000
S_93 -17.811 -90.060 12.000
S_94 -17.811 -90.060 12.000
S_95 -18.462 -90.060 13.000
P_96 0.000 -195.996 10.000
Q_97 -22.253 -643.904 11.000
A_98 0.000 185.740 8.000
Q_99 -18.409 -643.904 8.000
A_100 0.000 185.740 7.000
L_101 0.000 679.918 11.000
T_102 -17.098 -90.974 11.000
E_103 -22.253 -605.239 11.000
D_104 -26.485 -475.402 16.000
G_105 0.000 -27.649 13.000
R_106 -23.856 -1015.709 9.000
P_107 0.000 -195.996 10.000
C_108 0.000 322.480 10.000
R_109 -11.867 -1015.709 5.000
F_110 0.000 560.542 5.000
P_111 0.000 -195.996 10.000
F_112 0.000 560.542 7.000
R_113 -19.414 -1015.709 7.000
Y_114 -9.265 -274.939 7.000
G_115 0.000 -27.649 12.000
G_116 0.000 -27.649 7.000
R_117 -11.867 -1015.709 5.000
M_118 0.000 401.769 7.000
L_119 0.000 679.918 7.000
H_120 -1.718 -583.484 2.000
A_121 0.000 185.740 5.000
C_122 0.000 322.480 8.000
T_123 -16.309 -90.974 10.000
S_124 -16.309 -90.060 10.000
E_125 -24.169 -605.239 13.000
G_126 0.000 -27.649 10.000
S_127 -15.425 -90.060 9.000
A_128 0.000 185.740 10.000
H_129 -12.518 -583.484 13.000
R_130 -27.076 -1015.709 11.000
K_131 -17.098 -818.649 11.000
W_132 -5.447 -203.500 9.000
C_133 0.000 322.480 7.000
A_134 0.000 185.740 7.000
T_135 -14.420 -90.974 8.000
T_136 -17.811 -90.974 12.000
H_137 -12.900 -583.484 14.000
N_138 -25.772 -507.047 15.000
Y_139 -13.896 -274.939 17.000
D_140 -28.359 -475.402 19.000
R_141 -35.785 -1015.709 20.000
D_142 -27.773 -475.402 18.000
R_143 -31.716 -1015.709 15.000
A_144 0.000 185.740 10.000
W_145 -5.155 -203.500 8.000
G_146 0.000 -27.649 3.000
Y_147 -4.441 -274.939 3.000
C_148 0.000 322.480 6.000
V_149 0.000 613.196 6.000
E_150 -16.691 -605.239 7.000
A_151 0.000 185.740 7.000
T_152 -13.255 -90.974 7.000
P_153 0.000 -195.996 3.000
P_154 0.000 -195.996 3.000
P_155 0.000 -195.996 0.000
G_156 0.000 -27.649 0.000
G_157 0.000 -27.649 0.000
P_158 0.000 -195.996 0.000
A_159 0.000 185.740 0.000
A_160 0.000 185.740 4.000
L_161 0.000 679.918 4.000
D_162 -7.878 -475.402 4.000
P_163 0.000 -195.996 4.000
C_164 0.000 322.480 7.000
A_165 0.000 185.740 3.000
S_166 -4.441 -90.060 3.000
G_167 0.000 -27.649 3.000
P_168 0.000 -195.996 3.000
C_169 0.000 322.480 4.000
L_170 0.000 679.918 4.000
N_171 -7.878 -507.047 4.000
G_172 0.000 -27.649 7.000
G_173 0.000 -27.649 7.000
S_174 -11.867 -90.060 6.000
C_175 0.000 322.480 10.000
S_176 -18.462 -90.060 13.000
N_177 -25.003 -507.047 14.000
T_178 -21.060 -90.974 18.000
Q_179 -25.772 -643.904 15.000
D_180 -25.772 -475.402 15.000
P_181 0.000 -195.996 15.000
Q_182 -24.169 -643.904 13.000
S_183 -17.098 -90.060 11.000
Y_184 -11.652 -274.939 11.000
H_185 -11.154 -583.484 10.000
C_186 0.000 322.480 7.000
S_187 -10.149 -90.060 5.000
C_188 0.000 322.480 8.000
P_189 0.000 -195.996 8.000
R_190 -11.867 -1015.709 5.000
A_191 0.000 185.740 8.000
F_192 0.000 560.542 8.000
T_193 -11.867 -90.974 6.000
G_194 0.000 -27.649 10.000
K_195 -16.309 -818.649 10.000
D_196 -16.691 -475.402 7.000
C_197 0.000 322.480 10.000
G_198 0.000 -27.649 11.000
T_199 -16.309 -90.974 10.000
E_200 -21.132 -605.239 10.000
K_201 -16.309 -818.649 10.000
C_202 0.000 322.480 11.000
F_203 0.000 560.542 11.000
D_204 -22.253 -475.402 11.000
E_205 -26.485 -605.239 16.000
T_206 -21.060 -90.974 18.000
R_207 -34.315 -1015.709 18.000
Y_208 -13.586 -274.939 16.000
E_209 -24.169 -605.239 13.000
Y_210 -12.104 -274.939 12.000
L_211 0.000 679.918 10.000
E_212 -14.591 -605.239 6.000
G_213 0.000 -27.649 8.000
G_214 0.000 -27.649 13.000
D_215 -21.132 -475.402 10.000
R_216 -25.574 -1015.709 10.000
W_217 -6.713 -203.500 15.000
A_218 0.000 185.740 11.000
R_219 -27.076 -1015.709 11.000
V_220 0.000 613.196 14.000
R_221 -30.711 -1015.709 14.000
Q_222 -22.253 -643.904 11.000
G_223 0.000 -27.649 11.000
H_224 -11.154 -583.484 10.000
V_225 0.000 613.196 10.000
E_226 -21.132 -605.239 10.000
Q_227 -23.258 -643.904 12.000
C_228 0.000 322.480 12.000
E_229 -18.409 -605.239 8.000
C_230 0.000 322.480 4.000
F_231 0.000 560.542 4.000
G_232 0.000 -27.649 5.000
G_233 0.000 -27.649 8.000
R_234 -23.856 -1015.709 9.000
T_235 -15.425 -90.974 9.000
W_236 -6.358 -203.500 13.000
C_237 0.000 322.480 8.000
E_238 -18.409 -605.239 8.000
G_239 0.000 -27.649 12.000
T_240 -19.059 -90.974 14.000
R_241 -29.616 -1015.709 13.000
H_242 -12.518 -583.484 13.000
T_243 -16.309 -90.974 10.000
A_244 0.000 185.740 5.000
C_245 0.000 322.480 6.000
L_246 0.000 679.918 6.000
S_247 -11.867 -90.060 6.000
S_248 -11.867 -90.060 6.000
P_249 0.000 -195.996 6.000
C_250 0.000 322.480 7.000
L_251 0.000 679.918 4.000
N_252 -7.878 -507.047 4.000
G_253 0.000 -27.649 7.000
G_254 0.000 -27.649 7.000
T_255 -10.149 -90.974 5.000
C_256 0.000 322.480 5.000
H_257 -7.426 -583.484 5.000
L_258 0.000 679.918 2.000
I_259 0.000 777.529 2.000
V_260 0.000 613.196 3.000
A_261 0.000 185.740 3.000
T_262 -11.867 -90.974 6.000
G_263 0.000 -27.649 9.000
T_264 -15.425 -90.974 9.000
T_265 -11.867 -90.974 6.000
V_266 0.000 613.196 6.000
C_267 0.000 322.480 3.000
A_268 0.000 185.740 0.000
C_269 0.000 322.480 0.000
P_270 0.000 -195.996 0.000
P_271 0.000 -195.996 0.000
G_272 0.000 -27.649 0.000
F_273 0.000 560.542 0.000
A_274 0.000 185.740 5.000
G_275 0.000 -27.649 5.000
R_276 -11.867 -1015.709 5.000
L_277 0.000 679.918 9.000
C_278 0.000 322.480 9.000
N_279 -18.409 -507.047 8.000
I_280 0.000 777.529 8.000
E_281 -23.258 -605.239 12.000
P_282 0.000 -195.996 12.000
D_283 -27.150 -475.402 17.000
E_284 -24.169 -605.239 13.000
R_285 -29.616 -1015.709 13.000
C_286 0.000 322.480 9.000
F_287 0.000 560.542 5.000
L_288 0.000 679.918 4.000
G_289 0.000 -27.649 4.000
N_290 -16.691 -507.047 7.000
G_291 0.000 -27.649 7.000
T_292 -15.425 -90.974 9.000
G_293 0.000 -27.649 10.000
Y_294 -11.154 -274.939 10.000
R_295 -19.414 -1015.709 7.000
G_296 0.000 -27.649 7.000
V_297 0.000 613.196 8.000
A_298 0.000 185.740 6.000
S_299 -15.425 -90.060 9.000
T_300 -15.425 -90.974 9.000
S_301 -17.811 -90.060 12.000
A_302 0.000 185.740 9.000
S_303 -11.867 -90.060 6.000
G_304 0.000 -27.649 6.000
L_305 0.000 679.918 6.000
S_306 -4.441 -90.060 3.000
C_307 0.000 322.480 3.000
L_308 0.000 679.918 4.000
A_309 0.000 185.740 5.000
W_310 -5.155 -203.500 8.000
N_311 -23.258 -507.047 12.000
S_312 -17.811 -90.060 12.000
D_313 -22.253 -475.402 11.000
L_314 0.000 679.918 9.000
L_315 0.000 679.918 10.000
Y_316 -11.154 -274.939 10.000
Q_317 -21.132 -643.904 10.000
E_318 -23.258 -605.239 12.000
L_319 0.000 679.918 10.000
H_320 -11.154 -583.484 10.000
V_321 0.000 613.196 9.000
D_322 -19.866 -475.402 9.000
S_323 -13.255 -90.060 7.000
V_324 0.000 613.196 7.000
G_325 0.000 -27.649 3.000
A_326 0.000 185.740 0.000
A_327 0.000 185.740 0.000
A_328 0.000 185.740 0.000
L_329 0.000 679.918 0.000
L_330 0.000 679.918 0.000
G_331 0.000 -27.649 0.000
L_332 0.000 679.918 0.000
G_333 0.000 -27.649 2.000
P_334 0.000 -195.996 2.000
H_335 -6.160 -583.484 4.000
A_336 0.000 185.740 4.000
Y_337 -10.601 -274.939 9.000
C_338 0.000 322.480 11.000
R_339 -27.076 -1015.709 11.000
N_340 -24.169 -507.047 13.000
P_341 0.000 -195.996 17.000
D_342 -26.485 -475.402 16.000
N_343 -26.485 -507.047 16.000
D_344 -29.436 -475.402 21.000
E_345 -27.150 -605.239 17.000
R_346 -30.711 -1015.709 14.000
P_347 0.000 -195.996 10.000
W_348 -5.155 -203.500 8.000
C_349 0.000 322.480 3.000
Y_350 -4.441 -274.939 3.000
V_351 0.000 613.196 5.000
V_352 0.000 613.196 9.000
K_353 -16.309 -818.649 10.000
D_354 -21.132 -475.402 10.000
S_355 -16.309 -90.060 10.000
A_356 0.000 185.740 10.000
L_357 0.000 679.918 7.000
S_358 -14.420 -90.060 8.000
W_359 -5.708 -203.500 10.000
E_360 -21.132 -605.239 10.000
Y_361 -12.104 -274.939 12.000
C_362 0.000 322.480 11.000
R_363 -27.076 -1015.709 11.000
L_364 0.000 679.918 9.000
E_365 -19.866 -605.239 9.000
A_366 0.000 185.740 8.000
C_367 0.000 322.480 11.000
E_368 -16.691 -605.239 7.000
S_369 -16.309 -90.060 10.000
L_370 0.000 679.918 15.000
T_371 -17.098 -90.974 11.000
R_372 -28.412 -1015.709 12.000
V_373 0.000 613.196 12.000
Q_374 -23.258 -643.904 12.000
L_375 0.000 679.918 7.000
S_376 -17.098 -90.060 11.000
P_377 0.000 -195.996 7.000
D_378 -16.691 -475.402 7.000
L_379 0.000 679.918 4.000
L_380 0.000 679.918 7.000
A_381 0.000 185.740 3.000
T_382 -4.441 -90.974 3.000
L_383 0.000 679.918 7.000
P_384 0.000 -195.996 7.000
E_385 -7.878 -605.239 4.000
P_386 0.000 -195.996 7.000
A_387 0.000 185.740 7.000
S_388 -4.441 -90.060 3.000
P_389 0.000 -195.996 8.000
G_390 0.000 -27.649 12.000
R_391 -23.856 -1015.709 9.000
Q_392 -19.866 -643.904 9.000
A_393 0.000 185.740 9.000
C_394 0.000 322.480 9.000
G_395 0.000 -27.649 10.000
R_396 -28.412 -1015.709 12.000
R_397 -31.716 -1015.709 15.000
H_398 -14.188 -583.484 18.000
K_399 -21.060 -818.649 18.000
K_400 -20.127 -818.649 16.000
R_401 -30.711 -1015.709 14.000
T_402 -17.098 -90.974 11.000
F_403 0.000 560.542 13.000
L_404 0.000 679.918 8.000
R_405 -25.574 -1015.709 10.000
P_406 0.000 -195.996 10.000
R_407 -25.574 -1015.709 10.000
I_408 0.000 777.529 5.000
I_409 0.000 777.529 5.000
G_410 0.000 -27.649 3.000
G_411 0.000 -27.649 6.000
S_412 -15.425 -90.060 9.000
S_413 -15.425 -90.060 9.000
S_414 -15.425 -90.060 9.000
L_415 0.000 679.918 6.000
P_416 0.000 -195.996 6.000
G_417 0.000 -27.649 5.000
S_418 -10.149 -90.060 5.000
H_419 -8.431 -583.484 6.000
P_420 0.000 -195.996 6.000
W_421 -2.723 -203.500 3.000
L_422 0.000 679.918 1.000
A_423 0.000 185.740 1.000
A_424 0.000 185.740 2.000
I_425 0.000 777.529 2.000
Y_426 -1.718 -274.939 2.000
I_427 0.000 777.529 6.000
G_428 0.000 -27.649 9.000
D_429 -16.691 -475.402 7.000
S_430 -13.255 -90.060 7.000
F_431 0.000 560.542 7.000
C_432 0.000 322.480 3.000
A_433 0.000 185.740 3.000
G_434 0.000 -27.649 3.000
S_435 -4.441 -90.060 3.000
L_436 0.000 679.918 5.000
V_437 0.000 613.196 8.000
H_438 -7.426 -583.484 5.000
T_439 -11.867 -90.974 6.000
C_440 0.000 322.480 6.000
W_441 -3.436 -203.500 4.000
V_442 0.000 613.196 4.000
V_443 0.000 613.196 4.000
S_444 -4.441 -90.060 3.000
A_445 0.000 185.740 5.000
A_446 0.000 185.740 5.000
H_447 -1.718 -583.484 2.000
C_448 0.000 322.480 5.000
F_449 0.000 560.542 7.000
S_450 -14.420 -90.060 8.000
H_451 -9.978 -583.484 8.000
S_452 -14.420 -90.060 8.000
P_453 0.000 -195.996 10.000
P_454 0.000 -195.996 12.000
R_455 -28.412 -1015.709 12.000
D_456 -23.258 -475.402 12.000
S_457 -19.613 -90.060 15.000
V_458 0.000 613.196 10.000
S_459 -11.867 -90.060 6.000
V_460 0.000 613.196 3.000
V_461 0.000 613.196 3.000
L_462 0.000 679.918 4.000
G_463 0.000 -27.649 6.000
Q_464 -14.591 -643.904 6.000
H_465 -8.431 -583.484 6.000
F_466 0.000 560.542 10.000
F_467 0.000 560.542 11.000
N_468 -23.258 -507.047 12.000
R_469 -31.716 -1015.709 15.000
T_470 -21.486 -90.974 19.000
T_471 -19.613 -90.974 15.000
D_472 -24.169 -475.402 13.000
V_473 0.000 613.196 14.000
T_474 -19.059 -90.974 14.000
Q_475 -21.132 -643.904 10.000
T_476 -16.309 -90.974 10.000
F_477 0.000 560.542 7.000
G_478 0.000 -27.649 7.000
I_479 0.000 777.529 7.000
E_480 -19.866 -605.239 9.000
K_481 -15.425 -818.649 9.000
Y_482 -10.601 -274.939 9.000
I_483 0.000 777.529 7.000
P_484 0.000 -195.996 7.000
Y_485 -7.426 -274.939 5.000
T_486 -13.255 -90.974 7.000
L_487 0.000 679.918 10.000
Y_488 -9.978 -274.939 8.000
S_489 -10.149 -90.060 5.000
V_490 0.000 613.196 9.000
F_491 0.000 560.542 7.000
N_492 -16.691 -507.047 7.000
P_493 0.000 -195.996 11.000
S_494 -18.462 -90.060 13.000
D_495 -24.169 -475.402 13.000
H_496 -12.518 -583.484 13.000
D_497 -21.132 -475.402 10.000
L_498 0.000 679.918 6.000
V_499 0.000 613.196 4.000
L_500 0.000 679.918 5.000
I_501 0.000 777.529 5.000
R_502 -21.845 -1015.709 8.000
L_503 0.000 679.918 11.000
K_504 -19.059 -818.649 14.000
K_505 -15.425 -818.649 9.000
K_506 -18.462 -818.649 13.000
G_507 0.000 -27.649 15.000
D_508 -23.258 -475.402 12.000
R_509 -23.856 -1015.709 9.000
C_510 0.000 322.480 12.000
A_511 0.000 185.740 13.000
T_512 -17.098 -90.974 11.000
R_513 -31.716 -1015.709 15.000
S_514 -19.613 -90.060 15.000
Q_515 -23.258 -643.904 12.000
F_516 0.000 560.542 11.000
V_517 0.000 613.196 8.000
Q_518 -7.878 -643.904 4.000
P_519 0.000 -195.996 4.000
I_520 0.000 777.529 4.000
C_521 0.000 322.480 0.000
L_522 0.000 679.918 4.000
P_523 0.000 -195.996 4.000
E_524 -7.878 -605.239 4.000
P_525 0.000 -195.996 7.000
G_526 0.000 -27.649 10.000
S_527 -11.867 -90.060 6.000
T_528 -11.867 -90.974 6.000
F_529 0.000 560.542 6.000
P_530 0.000 -195.996 3.000
A_531 0.000 185.740 2.000
G_532 0.000 -27.649 5.000
H_533 -7.426 -583.484 5.000
K_534 -15.425 -818.649 9.000
C_535 0.000 322.480 9.000
Q_536 -16.691 -643.904 7.000
I_537 0.000 777.529 4.000
A_538 0.000 185.740 5.000
G_539 0.000 -27.649 1.000
W_540 -2.723 -203.500 3.000
G_541 0.000 -27.649 3.000
H_542 -9.265 -583.484 7.000
L_543 0.000 679.918 10.000
D_544 -25.003 -475.402 14.000
E_545 -23.258 -605.239 12.000
N_546 -25.772 -507.047 15.000
V_547 0.000 613.196 11.000
S_548 -15.425 -90.060 9.000
G_549 0.000 -27.649 8.000
Y_550 -11.652 -274.939 11.000
S_551 -17.098 -90.060 11.000
S_552 -17.098 -90.060 11.000
S_553 -19.059 -90.060 14.000
L_554 0.000 679.918 15.000
R_555 -28.412 -1015.709 12.000
E_556 -19.866 -605.239 9.000
A_557 0.000 185.740 9.000
L_558 0.000 679.918 4.000
V_559 0.000 613.196 0.000
P_560 0.000 -195.996 0.000
L_561 0.000 679.918 0.000
V_562 0.000 613.196 4.000
A_563 0.000 185.740 6.000
D_564 -19.866 -475.402 9.000
H_565 -10.601 -583.484 9.000
K_566 -17.811 -818.649 12.000
C_567 0.000 322.480 11.000
S_568 -15.425 -90.060 9.000
S_569 -16.309 -90.060 10.000
P_570 0.000 -195.996 10.000
E_571 -19.866 -605.239 9.000
V_572 0.000 613.196 6.000
Y_573 -8.431 -274.939 6.000
G_574 0.000 -27.649 6.000
A_575 0.000 185.740 6.000
D_576 -16.691 -475.402 7.000
I_577 0.000 777.529 7.000
S_578 -17.098 -90.060 11.000
P_579 0.000 -195.996 7.000
N_580 -16.691 -507.047 7.000
M_581 0.000 401.769 4.000
L_582 0.000 679.918 4.000
C_583 0.000 322.480 0.000
A_584 0.000 185.740 2.000
G_585 0.000 -27.649 2.000
Y_586 -8.431 -274.939 6.000
F_587 0.000 560.542 6.000
D_588 -19.866 -475.402 9.000
C_589 0.000 322.480 10.000
K_590 -19.059 -818.649 14.000
S_591 -16.309 -90.060 10.000
D_592 -21.132 -475.402 10.000
A_593 0.000 185.740 11.000
C_594 0.000 322.480 8.000
Q_595 -18.409 -643.904 8.000
G_596 0.000 -27.649 11.000
D_597 -22.253 -475.402 11.000
S_598 -13.255 -90.060 7.000
G_599 0.000 -27.649 7.000
G_600 0.000 -27.649 3.000
P_601 0.000 -195.996 0.000
L_602 0.000 679.918 0.000
A_603 0.000 185.740 4.000
C_604 0.000 322.480 7.000
E_605 -22.253 -605.239 11.000
K_606 -17.098 -818.649 11.000
N_607 -22.253 -507.047 11.000
G_608 0.000 -27.649 7.000
V_609 0.000 613.196 6.000
A_610 0.000 185.740 2.000
Y_611 -6.160 -274.939 4.000
L_612 0.000 679.918 4.000
Y_613 -6.160 -274.939 4.000
G_614 0.000 -27.649 2.000
I_615 0.000 777.529 5.000
I_616 0.000 777.529 4.000
S_617 -7.878 -90.060 4.000
W_618 -5.155 -203.500 8.000
G_619 0.000 -27.649 8.000
D_620 -11.867 -475.402 5.000
G_621 0.000 -27.649 4.000
C_622 0.000 322.480 9.000
G_623 0.000 -27.649 5.000
R_624 -19.414 -1015.709 7.000
L_625 0.000 679.918 10.000
H_626 -11.154 -583.484 10.000
K_627 -10.149 -818.649 5.000
P_628 0.000 -195.996 5.000
G_629 0.000 -27.649 5.000
V_630 0.000 613.196 5.000
Y_631 -11.154 -274.939 10.000
T_632 -16.309 -90.974 10.000
R_633 -25.574 -1015.709 10.000
V_634 0.000 613.196 12.000
A_635 0.000 185.740 11.000
N_636 -14.591 -507.047 6.000
Y_637 -11.154 -274.939 10.000
V_638 0.000 613.196 11.000
D_639 -16.691 -475.402 7.000
W_640 -5.447 -203.500 9.000
I_641 0.000 777.529 13.000
N_642 -25.003 -507.047 14.000
D_643 -24.169 -475.402 13.000
R_644 -34.315 -1015.709 18.000
I_645 0.000 777.529 14.000
R_646 -25.574 -1015.709 10.000
P_647 0.000 -195.996 10.000
P_648 0.000 -195.996 15.000
R_649 -25.574 -1015.709 10.000
R_650 -25.574 -1015.709 10.000
L_651 0.000 679.918 10.000
V_652 0.000 613.196 5.000
A_653 0.000 185.740 3.000
P_654 0.000 -195.996 3.000
S_655 -4.441 -90.060 3.000
