M_1 0.000 401.769 0.000
A_2 0.000 185.740 0.000
G_3 0.000 -27.649 5.000
G_4 0.000 -27.649 5.000
R_5 -11.867 -1015.709 5.000
L_6 0.000 679.918 5.000
L_7 0.000 679.918 5.000
L_8 0.000 679.918 0.000
G_9 0.000 -27.649 4.000
G_10 0.000 -27.649 4.000
D_11 -7.878 -475.402 4.000
F_12 0.000 560.542 7.000
L_13 0.000 679.918 7.000
S_14 -4.441 -90.060 3.000
P_15 0.000 -195.996 3.000
P_16 0.000 -195.996 3.000
P_17 0.000 -195.996 0.000
L_18 0.000 679.918 0.000
P_19 0.000 -195.996 0.000
P_20 0.000 -195.996 0.000
L_21 0.000 679.918 0.000
P_22 0.000 -195.996 0.000
P_23 0.000 -195.996 0.000
P_24 0.000 -195.996 0.000
P_25 0.000 -195.996 0.000
L_26 0.000 679.918 0.000
P_27 0.000 -195.996 0.000
P_28 0.000 -195.996 0.000
L_29 0.000 679.918 0.000
P_30 0.000 -195.996 0.000
P_31 0.000 -195.996 0.000
P_32 0.000 -195.996 0.000
P_33 0.000 -195.996 4.000
P_34 0.000 -195.996 4.000
E_35 -7.878 -605.239 4.000
P_36 0.000 -195.996 4.000
V_37 0.000 613.196 8.000
L_38 0.000 679.918 8.000
E_39 -19.866 -605.239 9.000
Q_40 -25.003 -643.904 14.000
W_41 -6.873 -203.500 16.000
R_42 -31.716 -1015.709 15.000
Y_43 -12.518 -274.939 13.000
S_44 -20.127 -90.060 16.000
H_45 -12.900 -583.484 14.000
E_46 -26.485 -605.239 16.000
S_47 -19.059 -90.060 14.000
D_48 -26.485 -475.402 16.000
W_49 -6.358 -203.500 13.000
Q_50 -21.132 -643.904 10.000
W_51 -4.441 -203.500 6.000
A_52 0.000 185.740 10.000
L_53 0.000 679.918 11.000
R_54 -29.616 -1015.709 13.000
R_55 -29.616 -1015.709 13.000
S_56 -18.462 -90.060 13.000
F_57 0.000 560.542 8.000
I_58 0.000 777.529 8.000
C_59 0.000 322.480 7.000
R_60 -19.414 -1015.709 7.000
H_61 -10.601 -583.484 9.000
L_62 0.000 679.918 12.000
H_63 -10.601 -583.484 9.000
S_64 -13.255 -90.060 7.000
Y_65 -9.265 -274.939 7.000
P_66 0.000 -195.996 5.000
G_67 0.000 -27.649 2.000
A_68 0.000 185.740 0.000
A_69 0.000 185.740 4.000
L_70 0.000 679.918 8.000
D_71 -18.409 -475.402 8.000
Q_72 -18.409 -643.904 8.000
L_73 0.000 679.918 8.000
L_74 0.000 679.918 4.000
A_75 0.000 185.740 3.000
L_76 0.000 679.918 3.000
S_77 -4.441 -90.060 3.000
A_78 0.000 185.740 4.000
A_79 0.000 185.740 7.000
W_80 -5.155 -203.500 8.000
T_81 -16.309 -90.974 10.000
N_82 -21.132 -507.047 10.000
H_83 -10.601 -583.484 9.000
V_84 0.000 613.196 6.000
F_85 0.000 560.542 2.000
L_86 0.000 679.918 0.000
G_87 0.000 -27.649 5.000
C_88 0.000 322.480 7.000
R_89 -25.574 -1015.709 10.000
Y_90 -11.154 -274.939 10.000
S_91 -19.613 -90.060 15.000
P_92 0.000 -195.996 10.000
R_93 -21.845 -1015.709 8.000
L_94 0.000 679.918 9.000
M_95 0.000 401.769 12.000
E_96 -16.691 -605.239 7.000
K_97 -13.255 -818.649 7.000
I_98 0.000 777.529 11.000
L_99 0.000 679.918 7.000
Q_100 -7.878 -643.904 4.000
M_101 0.000 401.769 8.000
A_102 0.000 185.740 8.000
E_103 -7.878 -605.239 4.000
G_104 0.000 -27.649 8.000
I_105 0.000 777.529 8.000
D_106 -7.878 -475.402 4.000
I_107 0.000 777.529 8.000
G_108 0.000 -27.649 8.000
E_109 -7.878 -605.239 4.000
M_110 0.000 401.769 7.000
P_111 0.000 -195.996 9.000
S_112 -15.425 -90.060 9.000
Y_113 -10.601 -274.939 9.000
D_114 -19.866 -475.402 9.000
L_115 0.000 679.918 6.000
V_116 0.000 613.196 7.000
L_117 0.000 679.918 6.000
S_118 -11.867 -90.060 6.000
K_119 -15.425 -818.649 9.000
P_120 0.000 -195.996 12.000
S_121 -15.425 -90.060 9.000
K_122 -16.309 -818.649 10.000
G_123 0.000 -27.649 13.000
Q_124 -25.772 -643.904 15.000
K_125 -19.059 -818.649 14.000
R_126 -30.711 -1015.709 14.000
H_127 -12.518 -583.484 13.000
L_128 0.000 679.918 13.000
S_129 -14.420 -90.060 8.000
T_130 -16.309 -90.974 10.000
C_131 0.000 322.480 10.000
D_132 -22.253 -475.402 11.000
G_133 0.000 -27.649 12.000
Q_134 -23.258 -643.904 12.000
N_135 -18.409 -507.047 8.000
P_136 0.000 -195.996 11.000
P_137 0.000 -195.996 10.000
K_138 -16.309 -818.649 10.000
K_139 -16.309 -818.649 10.000
Q_140 -21.132 -643.904 10.000
A_141 0.000 185.740 10.000
G_142 0.000 -27.649 10.000
S_143 -11.867 -90.060 6.000
K_144 -14.420 -818.649 8.000
F_145 0.000 560.542 8.000
H_146 -11.154 -583.484 10.000
A_147 0.000 185.740 7.000
R_148 -28.412 -1015.709 12.000
P_149 0.000 -195.996 10.000
R_150 -30.711 -1015.709 14.000
F_151 0.000 560.542 9.000
E_152 -19.866 -605.239 9.000
P_153 0.000 -195.996 6.000
V_154 0.000 613.196 6.000
H_155 -1.718 -583.484 2.000
F_156 0.000 560.542 2.000
V_157 0.000 613.196 5.000
A_158 0.000 185.740 6.000
S_159 -15.425 -90.060 9.000
S_160 -17.811 -90.060 12.000
S_161 -20.127 -90.060 16.000
K_162 -20.609 -818.649 17.000
D_163 -28.359 -475.402 19.000
E_164 -28.912 -605.239 20.000
R_165 -36.459 -1015.709 21.000
Q_166 -29.436 -643.904 21.000
E_167 -27.150 -605.239 17.000
D_168 -25.003 -475.402 14.000
P_169 0.000 -195.996 10.000
Y_170 -8.431 -274.939 6.000
G_171 0.000 -27.649 6.000
P_172 0.000 -195.996 9.000
Q_173 -21.132 -643.904 10.000
T_174 -19.059 -90.974 14.000
K_175 -19.059 -818.649 14.000
E_176 -25.003 -605.239 14.000
V_177 0.000 613.196 15.000
N_178 -26.485 -507.047 16.000
E_179 -25.772 -605.239 15.000
Q_180 -27.150 -643.904 17.000
T_181 -18.462 -90.974 13.000
H_182 -10.601 -583.484 9.000
F_183 0.000 560.542 8.000
A_184 0.000 185.740 5.000
S_185 -4.441 -90.060 3.000
M_186 0.000 401.769 8.000
P_187 0.000 -195.996 12.000
R_188 -23.856 -1015.709 9.000
D_189 -22.253 -475.402 11.000
I_190 0.000 777.529 15.000
Y_191 -12.900 -274.939 14.000
Q_192 -23.258 -643.904 12.000
D_193 -25.772 -475.402 15.000
Y_194 -13.896 -274.939 17.000
T_195 -20.609 -90.974 17.000
Q_196 -26.485 -643.904 16.000
D_197 -25.003 -475.402 14.000
S_198 -19.059 -90.060 14.000
F_199 0.000 560.542 10.000
S_200 -16.309 -90.060 10.000
I_201 0.000 777.529 11.000
Q_202 -22.253 -643.904 11.000
D_203 -23.258 -475.402 12.000
G_204 0.000 -27.649 15.000
N_205 -25.772 -507.047 15.000
S_206 -18.462 -90.060 13.000
Q_207 -24.169 -643.904 13.000
Y_208 -12.518 -274.939 13.000
C_209 0.000 322.480 13.000
D_210 -23.258 -475.402 12.000
S_211 -16.309 -90.060 10.000
S_212 -16.309 -90.060 10.000
G_213 0.000 -27.649 6.000
F_214 0.000 560.542 3.000
I_215 0.000 777.529 3.000
L_216 0.000 679.918 6.000
T_217 -16.309 -90.974 10.000
K_218 -19.059 -818.649 14.000
D_219 -25.003 -475.402 14.000
Q_220 -22.253 -643.904 11.000
P_221 0.000 -195.996 11.000
V_222 0.000 613.196 7.000
T_223 -13.255 -90.974 7.000
A_224 0.000 185.740 7.000
N_225 -19.866 -507.047 9.000
M_226 0.000 401.769 6.000
Y_227 -11.154 -274.939 10.000
F_228 0.000 560.542 9.000
D_229 -19.866 -475.402 9.000
S_230 -17.098 -90.060 11.000
G_231 0.000 -27.649 11.000
N_232 -16.691 -507.047 7.000
P_233 0.000 -195.996 4.000
A_234 0.000 185.740 7.000
P_235 0.000 -195.996 6.000
S_236 -15.425 -90.060 9.000
T_237 -17.811 -90.974 12.000
T_238 -20.127 -90.974 16.000
S_239 -20.609 -90.060 17.000
Q_240 -25.003 -643.904 14.000
Q_241 -25.772 -643.904 15.000
A_242 0.000 185.740 15.000
N_243 -25.772 -507.047 15.000
S_244 -19.059 -90.060 14.000
Q_245 -27.150 -643.904 17.000
S_246 -18.462 -90.060 13.000
T_247 -19.059 -90.974 14.000
P_248 0.000 -195.996 10.000
E_249 -21.132 -605.239 10.000
P_250 0.000 -195.996 7.000
S_251 -16.309 -90.060 10.000
P_252 0.000 -195.996 10.000
S_253 -18.462 -90.060 13.000
Q_254 -21.132 -643.904 10.000
T_255 -16.309 -90.974 10.000
F_256 0.000 560.542 11.000
P_257 0.000 -195.996 10.000
E_258 -16.691 -605.239 7.000
S_259 -13.255 -90.060 7.000
V_260 0.000 613.196 7.000
V_261 0.000 613.196 7.000
A_262 0.000 185.740 7.000
E_263 -22.253 -605.239 11.000
K_264 -18.462 -818.649 13.000
Q_265 -24.169 -643.904 13.000
Y_266 -10.601 -274.939 9.000
F_267 0.000 560.542 10.000
I_268 0.000 777.529 9.000
E_269 -16.691 -605.239 7.000
K_270 -16.309 -818.649 10.000
L_271 0.000 679.918 10.000
T_272 -15.425 -90.974 9.000
A_273 0.000 185.740 6.000
T_274 -13.255 -90.974 7.000
I_275 0.000 777.529 7.000
W_276 -5.944 -203.500 11.000
K_277 -14.420 -818.649 8.000
N_278 -22.253 -507.047 11.000
L_279 0.000 679.918 14.000
S_280 -17.098 -90.060 11.000
N_281 -22.253 -507.047 11.000
P_282 0.000 -195.996 11.000
E_283 -22.253 -605.239 11.000
M_284 0.000 401.769 10.000
T_285 -16.309 -90.974 10.000
S_286 -15.425 -90.060 9.000
G_287 0.000 -27.649 13.000
S_288 -18.462 -90.060 13.000
D_289 -21.132 -475.402 10.000
K_290 -19.059 -818.649 14.000
I_291 0.000 777.529 13.000
N_292 -23.258 -507.047 12.000
Y_293 -11.652 -274.939 11.000
T_294 -17.098 -90.974 11.000
Y_295 -9.265 -274.939 7.000
M_296 0.000 401.769 8.000
L_297 0.000 679.918 10.000
T_298 -14.420 -90.974 8.000
R_299 -21.845 -1015.709 8.000
C_300 0.000 322.480 12.000
I_301 0.000 777.529 9.000
Q_302 -7.878 -643.904 4.000
A_303 0.000 185.740 7.000
C_304 0.000 322.480 10.000
K_305 -16.309 -818.649 10.000
T_306 -16.309 -90.974 10.000
N_307 -25.003 -507.047 14.000
P_308 0.000 -195.996 13.000
E_309 -21.132 -605.239 10.000
Y_310 -9.978 -274.939 8.000
I_311 0.000 777.529 8.000
Y_312 -6.160 -274.939 4.000
A_313 0.000 185.740 2.000
P_314 0.000 -195.996 5.000
L_315 0.000 679.918 7.000
K_316 -13.255 -818.649 7.000
E_317 -16.691 -605.239 7.000
I_318 0.000 777.529 7.000
P_319 0.000 -195.996 4.000
P_320 0.000 -195.996 4.000
A_321 0.000 185.740 4.000
D_322 -7.878 -475.402 4.000
I_323 0.000 777.529 7.000
P_324 0.000 -195.996 11.000
K_325 -16.309 -818.649 10.000
N_326 -24.169 -507.047 13.000
K_327 -18.462 -818.649 13.000
K_328 -16.309 -818.649 10.000
L_329 0.000 679.918 9.000
L_330 0.000 679.918 10.000
T_331 -13.255 -90.974 7.000
D_332 -19.866 -475.402 9.000
G_333 0.000 -27.649 9.000
Y_334 -8.431 -274.939 6.000
A_335 0.000 185.740 6.000
C_336 0.000 322.480 6.000
E_337 -19.866 -605.239 9.000
V_338 0.000 613.196 9.000
R_339 -29.616 -1015.709 13.000
C_340 0.000 322.480 13.000
Q_341 -24.169 -643.904 13.000
N_342 -21.132 -507.047 10.000
I_343 0.000 777.529 10.000
Y_344 -10.601 -274.939 9.000
L_345 0.000 679.918 8.000
T_346 -14.420 -90.974 8.000
T_347 -14.420 -90.974 8.000
G_348 0.000 -27.649 8.000
Y_349 -7.426 -274.939 5.000
A_350 0.000 185.740 5.000
G_351 0.000 -27.649 8.000
S_352 -16.309 -90.060 10.000
K_353 -16.309 -818.649 10.000
N_354 -24.169 -507.047 13.000
G_355 0.000 -27.649 15.000
S_356 -20.127 -90.060 16.000
R_357 -33.508 -1015.709 17.000
D_358 -27.150 -475.402 17.000
R_359 -33.508 -1015.709 17.000
A_360 0.000 185.740 16.000
T_361 -17.811 -90.974 12.000
E_362 -16.691 -605.239 7.000
L_363 0.000 679.918 7.000
A_364 0.000 185.740 7.000
V_365 0.000 613.196 3.000
K_366 -4.441 -818.649 3.000
L_367 0.000 679.918 7.000
L_368 0.000 679.918 10.000
Q_369 -23.258 -643.904 12.000
K_370 -17.811 -818.649 12.000
R_371 -32.645 -1015.709 16.000
I_372 0.000 777.529 12.000
E_373 -25.003 -605.239 14.000
V_374 0.000 613.196 9.000
R_375 -23.856 -1015.709 9.000
V_376 0.000 613.196 10.000
V_377 0.000 613.196 15.000
R_378 -29.616 -1015.709 13.000
R_379 -29.616 -1015.709 13.000
K_380 -20.127 -818.649 16.000
F_381 0.000 560.542 13.000
K_382 -17.098 -818.649 11.000
H_383 -9.978 -583.484 8.000
T_384 -14.420 -90.974 8.000
F_385 0.000 560.542 9.000
G_386 0.000 -27.649 11.000
E_387 -18.409 -605.239 8.000
D_388 -18.409 -475.402 8.000
L_389 0.000 679.918 8.000
V_390 0.000 613.196 4.000
V_391 0.000 613.196 4.000
C_392 0.000 322.480 4.000
Q_393 -7.878 -643.904 4.000
I_394 0.000 777.529 4.000
G_395 0.000 -27.649 7.000
M_396 0.000 401.769 6.000
S_397 -14.420 -90.060 8.000
S_398 -17.811 -90.060 12.000
Y_399 -12.104 -274.939 12.000
E_400 -19.866 -605.239 9.000
F_401 0.000 560.542 6.000
P_402 0.000 -195.996 4.000
P_403 0.000 -195.996 0.000
A_404 0.000 185.740 3.000
L_405 0.000 679.918 3.000
K_406 -4.441 -818.649 3.000
P_407 0.000 -195.996 7.000
P_408 0.000 -195.996 11.000
E_409 -18.409 -605.239 8.000
D_410 -18.409 -475.402 8.000
L_411 0.000 679.918 8.000
V_412 0.000 613.196 4.000
V_413 0.000 613.196 0.000
L_414 0.000 679.918 3.000
G_415 0.000 -27.649 7.000
K_416 -13.255 -818.649 7.000
D_417 -21.132 -475.402 10.000
A_418 0.000 185.740 10.000
S_419 -17.098 -90.060 11.000
G_420 0.000 -27.649 7.000
Q_421 -16.691 -643.904 7.000
P_422 0.000 -195.996 4.000
I_423 0.000 777.529 8.000
F_424 0.000 560.542 4.000
N_425 -16.691 -507.047 7.000
A_426 0.000 185.740 7.000
S_427 -16.309 -90.060 10.000
A_428 0.000 185.740 8.000
K_429 -15.425 -818.649 9.000
H_430 -10.601 -583.484 9.000
W_431 -6.358 -203.500 13.000
T_432 -16.309 -90.974 10.000
N_433 -18.409 -507.047 8.000
F_434 0.000 560.542 7.000
V_435 0.000 613.196 7.000
I_436 0.000 777.529 7.000
T_437 -17.098 -90.974 11.000
E_438 -22.253 -605.239 11.000
N_439 -25.772 -507.047 15.000
A_440 0.000 185.740 16.000
N_441 -23.258 -507.047 12.000
D_442 -18.409 -475.402 8.000
A_443 0.000 185.740 8.000
I_444 0.000 777.529 4.000
G_445 0.000 -27.649 0.000
I_446 0.000 777.529 4.000
L_447 0.000 679.918 8.000
N_448 -22.253 -507.047 11.000
N_449 -22.253 -507.047 11.000
S_450 -19.059 -90.060 14.000
A_451 0.000 185.740 10.000
S_452 -16.309 -90.060 10.000
F_453 0.000 560.542 10.000
N_454 -21.132 -507.047 10.000
K_455 -16.309 -818.649 10.000
M_456 0.000 401.769 10.000
S_457 -16.309 -90.060 10.000
I_458 0.000 777.529 9.000
E_459 -23.258 -605.239 12.000
Y_460 -11.652 -274.939 11.000
K_461 -19.613 -818.649 15.000
Y_462 -11.652 -274.939 11.000
E_463 -19.866 -605.239 9.000
M_464 0.000 401.769 6.000
M_465 0.000 401.769 8.000
P_466 0.000 -195.996 9.000
N_467 -23.258 -507.047 12.000
R_468 -29.616 -1015.709 13.000
T_469 -21.060 -90.974 18.000
W_470 -6.542 -203.500 14.000
R_471 -30.711 -1015.709 14.000
C_472 0.000 322.480 11.000
R_473 -25.574 -1015.709 10.000
V_474 0.000 613.196 5.000
F_475 0.000 560.542 9.000
L_476 0.000 679.918 8.000
Q_477 -21.132 -643.904 10.000
D_478 -21.132 -475.402 10.000
H_479 -11.154 -583.484 10.000
C_480 0.000 322.480 6.000
L_481 0.000 679.918 6.000
A_482 0.000 185.740 4.000
E_483 -14.591 -605.239 6.000
G_484 0.000 -27.649 6.000
Y_485 -10.601 -274.939 9.000
G_486 0.000 -27.649 8.000
T_487 -17.098 -90.974 11.000
K_488 -17.811 -818.649 12.000
K_489 -19.613 -818.649 15.000
T_490 -19.613 -90.974 15.000
S_491 -19.059 -90.060 14.000
K_492 -17.098 -818.649 11.000
H_493 -9.978 -583.484 8.000
A_494 0.000 185.740 5.000
A_495 0.000 185.740 6.000
A_496 0.000 185.740 8.000
D_497 -18.409 -475.402 8.000
E_498 -18.409 -605.239 8.000
A_499 0.000 185.740 11.000
L_500 0.000 679.918 7.000
K_501 -4.441 -818.649 3.000
I_502 0.000 777.529 7.000
L_503 0.000 679.918 10.000
Q_504 -21.132 -643.904 10.000
K_505 -19.059 -818.649 14.000
T_506 -19.059 -90.974 14.000
Q_507 -24.169 -643.904 13.000
P_508 0.000 -195.996 12.000
T_509 -15.425 -90.974 9.000
Y_510 -9.978 -274.939 8.000
P_511 0.000 -195.996 8.000
S_512 -14.420 -90.060 8.000
V_513 0.000 613.196 9.000
K_514 -17.811 -818.649 12.000
S_515 -18.462 -90.060 13.000
S_516 -18.462 -90.060 13.000
Q_517 -23.258 -643.904 12.000
C_518 0.000 322.480 12.000
H_519 -10.601 -583.484 9.000
T_520 -14.420 -90.974 8.000
G_521 0.000 -27.649 11.000
S_522 -15.425 -90.060 9.000
S_523 -17.098 -90.060 11.000
P_524 0.000 -195.996 11.000
R_525 -27.076 -1015.709 11.000
G_526 0.000 -27.649 8.000
S_527 -17.098 -90.060 11.000
G_528 0.000 -27.649 9.000
K_529 -17.811 -818.649 12.000
K_530 -18.462 -818.649 13.000
K_531 -18.462 -818.649 13.000
D_532 -24.169 -475.402 13.000
I_533 0.000 777.529 14.000
K_534 -17.098 -818.649 11.000
D_535 -16.691 -475.402 7.000
L_536 0.000 679.918 7.000
V_537 0.000 613.196 6.000
V_538 0.000 613.196 6.000
Y_539 -11.154 -274.939 10.000
E_540 -24.169 -605.239 13.000
N_541 -26.485 -507.047 16.000
S_542 -21.060 -90.060 18.000
S_543 -19.059 -90.060 14.000
N_544 -21.132 -507.047 10.000
P_545 0.000 -195.996 7.000
V_546 0.000 613.196 7.000
C_547 0.000 322.480 3.000
T_548 -13.255 -90.974 7.000
L_549 0.000 679.918 11.000
N_550 -25.003 -507.047 14.000
D_551 -22.253 -475.402 11.000
T_552 -19.613 -90.974 15.000
A_553 0.000 185.740 11.000
Q_554 -22.253 -643.904 11.000
F_555 0.000 560.542 13.000
N_556 -24.169 -507.047 13.000
R_557 -28.412 -1015.709 12.000
M_558 0.000 401.769 12.000
T_559 -17.811 -90.974 12.000
V_560 0.000 613.196 9.000
E_561 -19.866 -605.239 9.000
Y_562 -9.978 -274.939 8.000
V_563 0.000 613.196 12.000
Y_564 -12.518 -274.939 13.000
E_565 -22.253 -605.239 11.000
R_566 -30.711 -1015.709 14.000
M_567 0.000 401.769 12.000
T_568 -14.420 -90.974 8.000
G_569 0.000 -27.649 8.000
L_570 0.000 679.918 9.000
R_571 -23.856 -1015.709 9.000
W_572 -5.447 -203.500 9.000
K_573 -17.811 -818.649 12.000
C_574 0.000 322.480 7.000
K_575 -11.867 -818.649 6.000
V_576 0.000 613.196 3.000
I_577 0.000 777.529 7.000
L_578 0.000 679.918 7.000
E_579 -22.253 -605.239 11.000
S_580 -17.098 -90.060 11.000
E_581 -22.253 -605.239 11.000
V_582 0.000 613.196 7.000
I_583 0.000 777.529 8.000
A_584 0.000 185.740 4.000
E_585 -7.878 -605.239 4.000
A_586 0.000 185.740 4.000
V_587 0.000 613.196 4.000
G_588 0.000 -27.649 3.000
V_589 0.000 613.196 6.000
K_590 -15.425 -818.649 9.000
K_591 -15.425 -818.649 9.000
T_592 -17.811 -90.974 12.000
V_593 0.000 613.196 11.000
K_594 -17.811 -818.649 12.000
Y_595 -10.601 -274.939 9.000
E_596 -19.866 -605.239 9.000
A_597 0.000 185.740 6.000
A_598 0.000 185.740 8.000
G_599 0.000 -27.649 4.000
E_600 -7.878 -605.239 4.000
A_601 0.000 185.740 7.000
V_602 0.000 613.196 10.000
K_603 -11.867 -818.649 6.000
T_604 -15.425 -90.974 9.000
L_605 0.000 679.918 12.000
K_606 -17.811 -818.649 12.000
K_607 -18.462 -818.649 13.000
T_608 -18.462 -90.974 13.000
Q_609 -24.169 -643.904 13.000
P_610 0.000 -195.996 10.000
T_611 -13.255 -90.974 7.000
V_612 0.000 613.196 7.000
I_613 0.000 777.529 11.000
N_614 -18.409 -507.047 8.000
N_615 -22.253 -507.047 11.000
L_616 0.000 679.918 14.000
K_617 -16.309 -818.649 10.000
K_618 -11.867 -818.649 6.000
G_619 0.000 -27.649 6.000
A_620 0.000 185.740 7.000
V_621 0.000 613.196 8.000
E_622 -18.409 -605.239 8.000
D_623 -18.409 -475.402 8.000
V_624 0.000 613.196 11.000
I_625 0.000 777.529 12.000
S_626 -17.811 -90.060 12.000
R_627 -32.645 -1015.709 16.000
N_628 -26.485 -507.047 16.000
E_629 -27.150 -605.239 17.000
I_630 0.000 777.529 12.000
Q_631 -24.169 -643.904 13.000
G_632 0.000 -27.649 12.000
R_633 -28.412 -1015.709 12.000
S_634 -17.811 -90.060 12.000
A_635 0.000 185.740 16.000
E_636 -22.253 -605.239 11.000
E_637 -21.132 -605.239 10.000
A_638 0.000 185.740 13.000
Y_639 -12.518 -274.939 13.000
K_640 -18.462 -818.649 13.000
Q_641 -24.169 -643.904 13.000
Q_642 -25.003 -643.904 14.000
I_643 0.000 777.529 15.000
K_644 -19.613 -818.649 15.000
E_645 -25.772 -605.239 15.000
D_646 -25.772 -475.402 15.000
N_647 -23.258 -507.047 12.000
I_648 0.000 777.529 12.000
G_649 0.000 -27.649 12.000
N_650 -18.409 -507.047 8.000
Q_651 -18.409 -643.904 8.000
L_652 0.000 679.918 13.000
L_653 0.000 679.918 12.000
R_654 -21.845 -1015.709 8.000
K_655 -14.420 -818.649 8.000
M_656 0.000 401.769 9.000
G_657 0.000 -27.649 7.000
W_658 -3.436 -203.500 4.000
T_659 -7.878 -90.974 4.000
G_660 0.000 -27.649 4.000
G_661 0.000 -27.649 3.000
G_662 0.000 -27.649 0.000
L_663 0.000 679.918 3.000
G_664 0.000 -27.649 6.000
K_665 -11.867 -818.649 6.000
S_666 -16.309 -90.060 10.000
G_667 0.000 -27.649 10.000
E_668 -16.691 -605.239 7.000
G_669 0.000 -27.649 9.000
I_670 0.000 777.529 13.000
R_671 -23.856 -1015.709 9.000
E_672 -19.866 -605.239 9.000
P_673 0.000 -195.996 12.000
I_674 0.000 777.529 7.000
S_675 -11.867 -90.060 6.000
V_676 0.000 613.196 10.000
K_677 -19.059 -818.649 14.000
E_678 -24.169 -605.239 13.000
Q_679 -26.485 -643.904 16.000
H_680 -14.188 -583.484 18.000
K_681 -21.060 -818.649 18.000
R_682 -30.711 -1015.709 14.000
E_683 -23.258 -605.239 12.000
G_684 0.000 -27.649 9.000
L_685 0.000 679.918 4.000
G_686 0.000 -27.649 4.000
L_687 0.000 679.918 4.000
D_688 -18.409 -475.402 8.000
V_689 0.000 613.196 13.000
E_690 -24.169 -605.239 13.000
R_691 -29.616 -1015.709 13.000
V_692 0.000 613.196 16.000
N_693 -23.258 -507.047 12.000
K_694 -13.255 -818.649 7.000
I_695 0.000 777.529 10.000
A_696 0.000 185.740 11.000
K_697 -17.811 -818.649 12.000
R_698 -28.412 -1015.709 12.000
D_699 -26.485 -475.402 16.000
I_700 0.000 777.529 17.000
E_701 -23.258 -605.239 12.000
Q_702 -18.409 -643.904 8.000
I_703 0.000 777.529 13.000
I_704 0.000 777.529 13.000
R_705 -27.076 -1015.709 11.000
N_706 -22.253 -507.047 11.000
Y_707 -13.586 -274.939 16.000
A_708 0.000 185.740 14.000
R_709 -30.711 -1015.709 14.000
S_710 -19.613 -90.060 15.000
E_711 -27.150 -605.239 17.000
S_712 -19.613 -90.060 15.000
H_713 -13.586 -583.484 16.000
T_714 -17.811 -90.974 12.000
D_715 -23.258 -475.402 12.000
L_716 0.000 679.918 10.000
T_717 -16.309 -90.974 10.000
F_718 0.000 560.542 11.000
S_719 -19.613 -90.060 15.000
R_720 -28.412 -1015.709 12.000
E_721 -25.772 -605.239 15.000
L_722 0.000 679.918 16.000
T_723 -19.613 -90.974 15.000
N_724 -25.772 -507.047 15.000
D_725 -28.912 -475.402 20.000
E_726 -28.912 -605.239 20.000
R_727 -35.785 -1015.709 20.000
K_728 -20.127 -818.649 16.000
Q_729 -25.003 -643.904 14.000
I_730 0.000 777.529 13.000
H_731 -11.154 -583.484 10.000
Q_732 -14.591 -643.904 6.000
I_733 0.000 777.529 10.000
A_734 0.000 185.740 11.000
Q_735 -19.866 -643.904 9.000
K_736 -15.425 -818.649 9.000
Y_737 -10.601 -274.939 9.000
G_738 0.000 -27.649 8.000
L_739 0.000 679.918 8.000
K_740 -15.425 -818.649 9.000
S_741 -17.811 -90.060 12.000
K_742 -19.059 -818.649 14.000
S_743 -17.098 -90.060 11.000
H_744 -9.978 -583.484 8.000
G_745 0.000 -27.649 5.000
V_746 0.000 613.196 4.000
G_747 0.000 -27.649 6.000
H_748 -11.652 -583.484 11.000
D_749 -24.169 -475.402 13.000
R_750 -29.616 -1015.709 13.000
Y_751 -11.652 -274.939 11.000
L_752 0.000 679.918 7.000
V_753 0.000 613.196 2.000
V_754 0.000 613.196 5.000
G_755 0.000 -27.649 8.000
R_756 -29.616 -1015.709 13.000
K_757 -21.060 -818.649 18.000
R_758 -36.459 -1015.709 21.000
R_759 -35.785 -1015.709 20.000
K_760 -22.271 -818.649 21.000
E_761 -26.485 -605.239 16.000
D_762 -22.253 -475.402 11.000
L_763 0.000 679.918 12.000
L_764 0.000 679.918 12.000
D_765 -18.409 -475.402 8.000
Q_766 -22.253 -643.904 11.000
L_767 0.000 679.918 15.000
K_768 -19.613 -818.649 15.000
Q_769 -22.253 -643.904 11.000
E_770 -25.772 -605.239 15.000
G_771 0.000 -27.649 12.000
Q_772 -18.409 -643.904 8.000
V_773 0.000 613.196 6.000
G_774 0.000 -27.649 8.000
H_775 -9.978 -583.484 8.000
Y_776 -9.978 -274.939 8.000
E_777 -18.409 -605.239 8.000
L_778 0.000 679.918 6.000
V_779 0.000 613.196 4.000
M_780 0.000 401.769 4.000
P_781 0.000 -195.996 4.000
Q_782 -18.409 -643.904 8.000
A_783 0.000 185.740 8.000
N_784 -18.409 -507.047 8.000
