M_1 0.000 401.769 6.000
K_2 -11.867 -818.649 6.000
S_3 -11.867 -90.060 6.000
L_4 0.000 679.918 6.000
L_5 0.000 679.918 3.000
L_6 0.000 679.918 0.000
L_7 0.000 679.918 0.000
V_8 0.000 613.196 0.000
L_9 0.000 679.918 3.000
I_10 0.000 777.529 3.000
S_11 -4.441 -90.060 3.000
I_12 0.000 777.529 4.000
C_13 0.000 322.480 4.000
W_14 -3.990 -203.500 5.000
A_15 0.000 185.740 7.000
D_16 -16.691 -475.402 7.000
H_17 -10.601 -583.484 9.000
L_18 0.000 679.918 13.000
S_19 -18.462 -90.060 13.000
D_20 -24.169 -475.402 13.000
N_21 -26.485 -507.047 16.000
Y_22 -12.518 -274.939 13.000
T_23 -18.462 -90.974 13.000
L_24 0.000 679.918 11.000
D_25 -24.169 -475.402 13.000
H_26 -13.255 -583.484 15.000
D_27 -25.772 -475.402 15.000
R_28 -27.076 -1015.709 11.000
A_29 0.000 185.740 11.000
I_30 0.000 777.529 7.000
H_31 -8.431 -583.484 6.000
I_32 0.000 777.529 6.000
Q_33 -21.132 -643.904 10.000
A_34 0.000 185.740 12.000
E_35 -23.258 -605.239 12.000
N_36 -18.409 -507.047 8.000
G_37 0.000 -27.649 10.000
P_38 0.000 -195.996 6.000
H_39 -1.718 -583.484 2.000
L_40 0.000 679.918 2.000
L_41 0.000 679.918 6.000
V_42 0.000 613.196 4.000
E_43 -18.409 -605.239 8.000
A_44 0.000 185.740 12.000
E_45 -23.258 -605.239 12.000
Q_46 -22.253 -643.904 11.000
A_47 0.000 185.740 11.000
K_48 -13.255 -818.649 7.000
V_49 0.000 613.196 6.000
F_50 0.000 560.542 8.000
S_51 -16.309 -90.060 10.000
H_52 -11.154 -583.484 10.000
R_53 -25.574 -1015.709 10.000
G_54 0.000 -27.649 11.000
G_55 0.000 -27.649 9.000
N_56 -16.691 -507.047 7.000
V_57 0.000 613.196 7.000
T_58 -13.255 -90.974 7.000
L_59 0.000 679.918 3.000
P_60 0.000 -195.996 6.000
C_61 0.000 322.480 3.000
K_62 -10.149 -818.649 5.000
F_63 0.000 560.542 10.000
Y_64 -12.900 -274.939 14.000
R_65 -27.076 -1015.709 11.000
D_66 -25.003 -475.402 14.000
P_67 0.000 -195.996 12.000
T_68 -13.255 -90.974 7.000
A_69 0.000 185.740 3.000
F_70 0.000 560.542 6.000
G_71 0.000 -27.649 3.000
S_72 -4.441 -90.060 3.000
G_73 0.000 -27.649 5.000
I_74 0.000 777.529 8.000
H_75 -7.426 -583.484 5.000
K_76 -16.309 -818.649 10.000
I_77 0.000 777.529 10.000
R_78 -27.076 -1015.709 11.000
I_79 0.000 777.529 9.000
K_80 -17.811 -818.649 12.000
W_81 -5.708 -203.500 10.000
T_82 -16.309 -90.974 10.000
K_83 -16.309 -818.649 10.000
L_84 0.000 679.918 12.000
T_85 -18.462 -90.974 13.000
S_86 -17.811 -90.060 12.000
D_87 -23.258 -475.402 12.000
Y_88 -12.104 -274.939 12.000
L_89 0.000 679.918 13.000
K_90 -15.425 -818.649 9.000
E_91 -22.253 -605.239 11.000
V_92 0.000 613.196 11.000
D_93 -18.409 -475.402 8.000
V_94 0.000 613.196 4.000
F_95 0.000 560.542 7.000
V_96 0.000 613.196 3.000
S_97 -4.441 -90.060 3.000
M_98 0.000 401.769 5.000
G_99 0.000 -27.649 7.000
Y_100 -9.265 -274.939 7.000
H_101 -11.154 -583.484 10.000
K_102 -18.462 -818.649 13.000
K_103 -18.462 -818.649 13.000
T_104 -17.098 -90.974 11.000
Y_105 -9.978 -274.939 8.000
G_106 0.000 -27.649 7.000
G_107 0.000 -27.649 8.000
Y_108 -8.431 -274.939 6.000
Q_109 -22.253 -643.904 11.000
G_110 0.000 -27.649 11.000
R_111 -23.856 -1015.709 9.000
V_112 0.000 613.196 5.000
F_113 0.000 560.542 8.000
L_114 0.000 679.918 3.000
K_115 -4.441 -818.649 3.000
G_116 0.000 -27.649 6.000
G_117 0.000 -27.649 10.000
S_118 -16.309 -90.060 10.000
D_119 -25.003 -475.402 14.000
S_120 -19.059 -90.060 14.000
D_121 -25.003 -475.402 14.000
A_122 0.000 185.740 10.000
S_123 -13.255 -90.060 7.000
L_124 0.000 679.918 3.000
V_125 0.000 613.196 6.000
I_126 0.000 777.529 7.000
T_127 -13.255 -90.974 7.000
D_128 -21.132 -475.402 10.000
L_129 0.000 679.918 10.000
T_130 -17.098 -90.974 11.000
L_131 0.000 679.918 11.000
E_132 -24.169 -605.239 13.000
D_133 -21.132 -475.402 10.000
Y_134 -13.255 -274.939 15.000
G_135 0.000 -27.649 13.000
R_136 -28.412 -1015.709 12.000
Y_137 -11.154 -274.939 10.000
K_138 -19.059 -818.649 14.000
C_139 0.000 322.480 9.000
E_140 -16.691 -605.239 7.000
V_141 0.000 613.196 8.000
I_142 0.000 777.529 8.000
E_143 -7.878 -605.239 4.000
G_144 0.000 -27.649 8.000
L_145 0.000 679.918 12.000
E_146 -23.258 -605.239 12.000
D_147 -25.772 -475.402 15.000
D_148 -25.772 -475.402 15.000
T_149 -17.098 -90.974 11.000
V_150 0.000 613.196 7.000
V_151 0.000 613.196 3.000
V_152 0.000 613.196 0.000
A_153 0.000 185.740 4.000
L_154 0.000 679.918 4.000
D_155 -18.409 -475.402 8.000
L_156 0.000 679.918 8.000
Q_157 -18.409 -643.904 8.000
G_158 0.000 -27.649 4.000
V_159 0.000 613.196 4.000
V_160 0.000 613.196 0.000
F_161 0.000 560.542 2.000
P_162 0.000 -195.996 2.000
Y_163 -1.718 -274.939 2.000
F_164 0.000 560.542 7.000
P_165 0.000 -195.996 7.000
R_166 -11.867 -1015.709 5.000
L_167 0.000 679.918 10.000
G_168 0.000 -27.649 12.000
R_169 -27.076 -1015.709 11.000
Y_170 -11.652 -274.939 11.000
N_171 -25.772 -507.047 15.000
L_172 0.000 679.918 10.000
N_173 -21.132 -507.047 10.000
F_174 0.000 560.542 10.000
H_175 -11.154 -583.484 10.000
E_176 -21.132 -605.239 10.000
A_177 0.000 185.740 14.000
Q_178 -23.258 -643.904 12.000
Q_179 -18.409 -643.904 8.000
A_180 0.000 185.740 8.000
C_181 0.000 322.480 8.000
L_182 0.000 679.918 8.000
D_183 -23.258 -475.402 12.000
Q_184 -23.258 -643.904 12.000
D_185 -23.258 -475.402 12.000
A_186 0.000 185.740 8.000
V_187 0.000 613.196 4.000
I_188 0.000 777.529 3.000
A_189 0.000 185.740 3.000
S_190 -13.255 -90.060 7.000
F_191 0.000 560.542 11.000
D_192 -22.253 -475.402 11.000
Q_193 -21.132 -643.904 10.000
L_194 0.000 679.918 14.000
Y_195 -11.154 -274.939 10.000
D_196 -16.691 -475.402 7.000
A_197 0.000 185.740 12.000
W_198 -5.708 -203.500 10.000
R_199 -16.309 -1015.709 6.000
G_200 0.000 -27.649 6.000
G_201 0.000 -27.649 9.000
L_202 0.000 679.918 5.000
D_203 -11.867 -475.402 5.000
W_204 -5.447 -203.500 9.000
C_205 0.000 322.480 9.000
N_206 -11.867 -507.047 5.000
A_207 0.000 185.740 5.000
G_208 0.000 -27.649 5.000
W_209 -3.436 -203.500 4.000
L_210 0.000 679.918 8.000
S_211 -14.420 -90.060 8.000
D_212 -21.132 -475.402 10.000
G_213 0.000 -27.649 10.000
S_214 -17.098 -90.060 11.000
V_215 0.000 613.196 9.000
Q_216 -19.866 -643.904 9.000
Y_217 -8.431 -274.939 6.000
P_218 0.000 -195.996 9.000
I_219 0.000 777.529 8.000
T_220 -11.867 -90.974 6.000
K_221 -17.098 -818.649 11.000
P_222 0.000 -195.996 15.000
R_223 -28.412 -1015.709 12.000
E_224 -19.866 -605.239 9.000
P_225 0.000 -195.996 9.000
C_226 0.000 322.480 4.000
G_227 0.000 -27.649 4.000
G_228 0.000 -27.649 8.000
Q_229 -22.253 -643.904 11.000
N_230 -22.253 -507.047 11.000
T_231 -17.098 -90.974 11.000
V_232 0.000 613.196 7.000
P_233 0.000 -195.996 3.000
G_234 0.000 -27.649 5.000
V_235 0.000 613.196 9.000
R_236 -27.076 -1015.709 11.000
N_237 -22.253 -507.047 11.000
Y_238 -11.652 -274.939 11.000
G_239 0.000 -27.649 7.000
F_240 0.000 560.542 7.000
W_241 -5.155 -203.500 8.000
D_242 -23.258 -475.402 12.000
K_243 -19.613 -818.649 15.000
D_244 -27.150 -475.402 17.000
K_245 -21.060 -818.649 18.000
S_246 -20.609 -90.060 17.000
R_247 -33.508 -1015.709 17.000
Y_248 -12.900 -274.939 14.000
D_249 -22.253 -475.402 11.000
V_250 0.000 613.196 6.000
F_251 0.000 560.542 4.000
C_252 0.000 322.480 3.000
F_253 0.000 560.542 6.000
T_254 -16.309 -90.974 10.000
S_255 -16.309 -90.060 10.000
N_256 -25.003 -507.047 14.000
F_257 0.000 560.542 11.000
N_258 -24.169 -507.047 13.000
G_259 0.000 -27.649 9.000
R_260 -27.076 -1015.709 11.000
F_261 0.000 560.542 9.000
Y_262 -10.601 -274.939 9.000
Y_263 -6.160 -274.939 4.000
L_264 0.000 679.918 6.000
I_265 0.000 777.529 4.000
H_266 -7.426 -583.484 5.000
P_267 0.000 -195.996 8.000
T_268 -14.420 -90.974 8.000
K_269 -15.425 -818.649 9.000
L_270 0.000 679.918 11.000
T_271 -17.811 -90.974 12.000
Y_272 -12.518 -274.939 13.000
D_273 -24.169 -475.402 13.000
E_274 -21.132 -605.239 10.000
A_275 0.000 185.740 12.000
V_276 0.000 613.196 8.000
Q_277 -7.878 -643.904 4.000
A_278 0.000 185.740 4.000
C_279 0.000 322.480 8.000
L_280 0.000 679.918 8.000
N_281 -18.409 -507.047 8.000
D_282 -18.409 -475.402 8.000
G_283 0.000 -27.649 12.000
A_284 0.000 185.740 8.000
Q_285 -7.878 -643.904 4.000
I_286 0.000 777.529 7.000
A_287 0.000 185.740 7.000
K_288 -4.441 -818.649 3.000
V_289 0.000 613.196 7.000
G_290 0.000 -27.649 7.000
Q_291 -7.878 -643.904 4.000
I_292 0.000 777.529 4.000
F_293 0.000 560.542 4.000
A_294 0.000 185.740 1.000
A_295 0.000 185.740 4.000
W_296 -3.436 -203.500 4.000
K_297 -7.878 -818.649 4.000
I_298 0.000 777.529 4.000
L_299 0.000 679.918 5.000
G_300 0.000 -27.649 6.000
Y_301 -11.652 -274.939 11.000
D_302 -22.253 -475.402 11.000
R_303 -31.716 -1015.709 15.000
C_304 0.000 322.480 13.000
D_305 -19.866 -475.402 9.000
A_306 0.000 185.740 5.000
G_307 0.000 -27.649 5.000
W_308 -0.000 -203.500 1.000
L_309 0.000 679.918 5.000
A_310 0.000 185.740 5.000
D_311 -16.691 -475.402 7.000
G_312 0.000 -27.649 7.000
S_313 -17.811 -90.060 12.000
V_314 0.000 613.196 10.000
R_315 -25.574 -1015.709 10.000
Y_316 -9.265 -274.939 7.000
P_317 0.000 -195.996 10.000
I_318 0.000 777.529 10.000
S_319 -14.420 -90.060 8.000
R_320 -29.616 -1015.709 13.000
P_321 0.000 -195.996 18.000
R_322 -35.785 -1015.709 20.000
R_323 -31.716 -1015.709 15.000
R_324 -34.315 -1015.709 18.000
C_325 0.000 322.480 13.000
S_326 -17.098 -90.060 11.000
P_327 0.000 -195.996 10.000
T_328 -16.309 -90.974 10.000
E_329 -16.691 -605.239 7.000
A_330 0.000 185.740 7.000
A_331 0.000 185.740 9.000
V_332 0.000 613.196 5.000
R_333 -11.867 -1015.709 5.000
F_334 0.000 560.542 5.000
V_335 0.000 613.196 5.000
G_336 0.000 -27.649 0.000
F_337 0.000 560.542 4.000
P_338 0.000 -195.996 7.000
D_339 -21.132 -475.402 10.000
K_340 -17.811 -818.649 12.000
K_341 -19.613 -818.649 15.000
H_342 -11.652 -583.484 11.000
K_343 -16.309 -818.649 10.000
L_344 0.000 679.918 7.000
Y_345 -7.426 -274.939 5.000
G_346 0.000 -27.649 4.000
V_347 0.000 613.196 4.000
Y_348 -1.718 -274.939 2.000
C_349 0.000 322.480 7.000
F_350 0.000 560.542 7.000
R_351 -19.414 -1015.709 7.000
A_352 0.000 185.740 11.000
Y_353 -11.652 -274.939 11.000
N_354 -14.591 -507.047 6.000
