M_1 0.000 401.769 6.000
S_2 -15.425 -90.060 9.000
K_3 -15.425 -818.649 9.000
K_4 -19.059 -818.649 14.000
G_5 0.000 -27.649 15.000
R_6 -31.716 -1015.709 15.000
N_7 -23.258 -507.047 12.000
K_8 -20.127 -818.649 16.000
G_9 0.000 -27.649 14.000
E_10 -21.132 -605.239 10.000
K_11 -17.098 -818.649 11.000
P_12 0.000 -195.996 11.000
E_13 -16.691 -605.239 7.000
A_14 0.000 185.740 4.000
L_15 0.000 679.918 4.000
I_16 0.000 777.529 0.000
V_17 0.000 613.196 0.000
A_18 0.000 185.740 4.000
L_19 0.000 679.918 4.000
Q_20 -7.878 -643.904 4.000
A_21 0.000 185.740 8.000
A_22 0.000 185.740 12.000
N_23 -23.258 -507.047 12.000
E_24 -23.258 -605.239 12.000
D_25 -27.150 -475.402 17.000
L_26 0.000 679.918 16.000
R_27 -31.716 -1015.709 15.000
T_28 -17.098 -90.974 11.000
K_29 -19.059 -818.649 14.000
L_30 0.000 679.918 13.000
T_31 -16.309 -90.974 10.000
D_32 -22.253 -475.402 11.000
I_33 0.000 777.529 11.000
Q_34 -23.258 -643.904 12.000
I_35 0.000 777.529 8.000
E_36 -21.132 -605.239 10.000
L_37 0.000 679.918 10.000
H_38 -12.900 -583.484 14.000
Q_39 -24.169 -643.904 13.000
E_40 -26.485 -605.239 16.000
K_41 -20.609 -818.649 17.000
S_42 -18.462 -90.060 13.000
K_43 -17.811 -818.649 12.000
V_44 0.000 613.196 12.000
S_45 -15.425 -90.060 9.000
K_46 -16.309 -818.649 10.000
L_47 0.000 679.918 15.000
E_48 -26.485 -605.239 16.000
R_49 -32.645 -1015.709 16.000
E_50 -28.359 -605.239 19.000
K_51 -21.486 -818.649 19.000
T_52 -21.060 -90.974 18.000
Q_53 -25.003 -643.904 14.000
E_54 -25.003 -605.239 14.000
A_55 0.000 185.740 16.000
K_56 -17.811 -818.649 12.000
R_57 -29.616 -1015.709 13.000
I_58 0.000 777.529 17.000
R_59 -30.711 -1015.709 14.000
E_60 -24.169 -605.239 13.000
L_61 0.000 679.918 17.000
E_62 -27.150 -605.239 17.000
Q_63 -26.485 -643.904 16.000
R_64 -34.315 -1015.709 18.000
K_65 -20.609 -818.649 17.000
H_66 -12.518 -583.484 13.000
T_67 -14.420 -90.974 8.000
V_68 0.000 613.196 5.000
L_69 0.000 679.918 6.000
V_70 0.000 613.196 7.000
T_71 -13.255 -90.974 7.000
E_72 -21.132 -605.239 10.000
L_73 0.000 679.918 10.000
K_74 -16.309 -818.649 10.000
A_75 0.000 185.740 6.000
K_76 -14.420 -818.649 8.000
L_77 0.000 679.918 9.000
H_78 -12.518 -583.484 13.000
E_79 -24.169 -605.239 13.000
E_80 -24.169 -605.239 13.000
K_81 -19.059 -818.649 14.000
M_82 0.000 401.769 14.000
K_83 -16.309 -818.649 10.000
E_84 -22.253 -605.239 11.000
L_85 0.000 679.918 11.000
Q_86 -18.409 -643.904 8.000
A_87 0.000 185.740 9.000
V_88 0.000 613.196 13.000
R_89 -29.616 -1015.709 13.000
E_90 -24.169 -605.239 13.000
N_91 -24.169 -507.047 13.000
L_92 0.000 679.918 11.000
I_93 0.000 777.529 11.000
K_94 -15.425 -818.649 9.000
Q_95 -24.169 -643.904 13.000
H_96 -13.896 -583.484 17.000
E_97 -27.773 -605.239 18.000
Q_98 -25.003 -643.904 14.000
E_99 -25.772 -605.239 15.000
M_100 0.000 401.769 16.000
S_101 -19.613 -90.060 15.000
R_102 -27.076 -1015.709 11.000
T_103 -19.059 -90.974 14.000
V_104 0.000 613.196 11.000
K_105 -17.098 -818.649 11.000
V_106 0.000 613.196 12.000
R_107 -28.412 -1015.709 12.000
D_108 -24.169 -475.402 13.000
G_109 0.000 -27.649 13.000
E_110 -23.258 -605.239 12.000
I_111 0.000 777.529 13.000
Q_112 -24.169 -643.904 13.000
R_113 -28.412 -1015.709 12.000
L_114 0.000 679.918 15.000
K_115 -17.098 -818.649 11.000
S_116 -11.867 -90.060 6.000
A_117 0.000 185.740 6.000
L_118 0.000 679.918 3.000
C_119 0.000 322.480 0.000
A_120 0.000 185.740 5.000
L_121 0.000 679.918 9.000
R_122 -23.856 -1015.709 9.000
D_123 -23.258 -475.402 12.000
G_124 0.000 -27.649 15.000
S_125 -19.059 -90.060 14.000
S_126 -18.462 -90.060 13.000
D_127 -24.169 -475.402 13.000
K_128 -19.613 -818.649 15.000
V_129 0.000 613.196 15.000
R_130 -27.076 -1015.709 11.000
T_131 -14.420 -90.974 8.000
A_132 0.000 185.740 11.000
L_133 0.000 679.918 6.000
T_134 -13.255 -90.974 7.000
I_135 0.000 777.529 7.000
E_136 -23.258 -605.239 12.000
A_137 0.000 185.740 13.000
R_138 -33.508 -1015.709 17.000
E_139 -24.169 -605.239 13.000
E_140 -27.773 -605.239 18.000
A_141 0.000 185.740 16.000
R_142 -28.412 -1015.709 12.000
K_143 -14.420 -818.649 8.000
L_144 0.000 679.918 12.000
F_145 0.000 560.542 10.000
D_146 -22.253 -475.402 11.000
T_147 -20.127 -90.974 16.000
E_148 -26.485 -605.239 16.000
R_149 -31.716 -1015.709 15.000
L_150 0.000 679.918 12.000
K_151 -14.420 -818.649 8.000
L_152 0.000 679.918 7.000
L_153 0.000 679.918 11.000
Q_154 -18.409 -643.904 8.000
E_155 -18.409 -605.239 8.000
I_156 0.000 777.529 12.000
A_157 0.000 185.740 8.000
D_158 -16.691 -475.402 7.000
L_159 0.000 679.918 10.000
K_160 -16.309 -818.649 10.000
T_161 -15.425 -90.974 9.000
A_162 0.000 185.740 12.000
K_163 -18.462 -818.649 13.000
K_164 -16.309 -818.649 10.000
Q_165 -25.003 -643.904 14.000
V_166 0.000 613.196 15.000
D_167 -23.258 -475.402 12.000
E_168 -18.409 -605.239 8.000
A_169 0.000 185.740 11.000
L_170 0.000 679.918 11.000
S_171 -13.255 -90.060 7.000
N_172 -16.691 -507.047 7.000
M_173 0.000 401.769 11.000
I_174 0.000 777.529 8.000
Q_175 -18.409 -643.904 8.000
A_176 0.000 185.740 11.000
D_177 -22.253 -475.402 11.000
K_178 -16.309 -818.649 10.000
I_179 0.000 777.529 10.000
K_180 -11.867 -818.649 6.000
A_181 0.000 185.740 7.000
G_182 0.000 -27.649 7.000
D_183 -19.866 -475.402 9.000
L_184 0.000 679.918 12.000
R_185 -32.645 -1015.709 16.000
S_186 -19.059 -90.060 14.000
E_187 -27.773 -605.239 18.000
H_188 -13.586 -583.484 16.000
Q_189 -25.772 -643.904 15.000
S_190 -19.613 -90.060 15.000
H_191 -13.896 -583.484 17.000
Q_192 -24.169 -643.904 13.000
E_193 -21.132 -605.239 10.000
A_194 0.000 185.740 11.000
I_195 0.000 777.529 10.000
S_196 -11.867 -90.060 6.000
K_197 -15.425 -818.649 9.000
I_198 0.000 777.529 10.000
K_199 -17.098 -818.649 11.000
W_200 -5.944 -203.500 11.000
E_201 -25.772 -605.239 15.000
S_202 -20.609 -90.060 17.000
E_203 -28.912 -605.239 20.000
R_204 -32.645 -1015.709 16.000
D_205 -27.773 -475.402 18.000
I_206 0.000 777.529 19.000
R_207 -30.711 -1015.709 14.000
R_208 -25.574 -1015.709 10.000
L_209 0.000 679.918 14.000
M_210 0.000 401.769 13.000
D_211 -18.409 -475.402 8.000
E_212 -22.253 -605.239 11.000
I_213 0.000 777.529 11.000
K_214 -16.309 -818.649 10.000
A_215 0.000 185.740 10.000
K_216 -19.613 -818.649 15.000
D_217 -23.258 -475.402 12.000
R_218 -28.412 -1015.709 12.000
I_219 0.000 777.529 9.000
I_220 0.000 777.529 8.000
F_221 0.000 560.542 3.000
S_222 -13.255 -90.060 7.000
L_223 0.000 679.918 10.000
E_224 -25.003 -605.239 14.000
K_225 -17.098 -818.649 11.000
E_226 -25.772 -605.239 15.000
L_227 0.000 679.918 14.000
E_228 -25.772 -605.239 15.000
T_229 -19.059 -90.974 14.000
Q_230 -25.003 -643.904 14.000
T_231 -17.811 -90.974 12.000
G_232 0.000 -27.649 9.000
Y_233 -10.601 -274.939 9.000
V_234 0.000 613.196 9.000
Q_235 -19.866 -643.904 9.000
K_236 -17.098 -818.649 11.000
L_237 0.000 679.918 11.000
Q_238 -22.253 -643.904 11.000
L_239 0.000 679.918 11.000
Q_240 -25.772 -643.904 15.000
K_241 -17.098 -818.649 11.000
E_242 -22.253 -605.239 11.000
A_243 0.000 185.740 11.000
L_244 0.000 679.918 12.000
D_245 -23.258 -475.402 12.000
E_246 -23.258 -605.239 12.000
Q_247 -23.258 -643.904 12.000
L_248 0.000 679.918 8.000
F_249 0.000 560.542 4.000
L_250 0.000 679.918 3.000
V_251 0.000 613.196 7.000
K_252 -13.255 -818.649 7.000
E_253 -22.253 -605.239 11.000
A_254 0.000 185.740 11.000
E_255 -23.258 -605.239 12.000
C_256 0.000 322.480 8.000
N_257 -22.253 -507.047 11.000
M_258 0.000 401.769 10.000
S_259 -16.309 -90.060 10.000
S_260 -15.425 -90.060 9.000
P_261 0.000 -195.996 14.000
K_262 -19.613 -818.649 15.000
R_263 -28.412 -1015.709 12.000
E_264 -23.258 -605.239 12.000
I_265 0.000 777.529 9.000
P_266 0.000 -195.996 9.000
G_267 0.000 -27.649 5.000
R_268 -11.867 -1015.709 5.000
A_269 0.000 185.740 9.000
G_270 0.000 -27.649 9.000
D_271 -16.691 -475.402 7.000
G_272 0.000 -27.649 11.000
S_273 -18.462 -90.060 13.000
E_274 -19.866 -605.239 9.000
H_275 -12.104 -583.484 12.000
C_276 0.000 322.480 12.000
S_277 -14.420 -90.060 8.000
S_278 -16.309 -90.060 10.000
P_279 0.000 -195.996 10.000
D_280 -23.258 -475.402 12.000
L_281 0.000 679.918 14.000
R_282 -34.315 -1015.709 18.000
R_283 -34.315 -1015.709 18.000
N_284 -29.436 -507.047 21.000
Q_285 -29.436 -643.904 21.000
K_286 -20.127 -818.649 16.000
R_287 -28.412 -1015.709 12.000
I_288 0.000 777.529 12.000
A_289 0.000 185.740 9.000
E_290 -18.409 -605.239 8.000
L_291 0.000 679.918 8.000
N_292 -22.253 -507.047 11.000
A_293 0.000 185.740 7.000
T_294 -17.811 -90.974 12.000
I_295 0.000 777.529 11.000
R_296 -27.076 -1015.709 11.000
K_297 -17.811 -818.649 12.000
L_298 0.000 679.918 16.000
E_299 -26.485 -605.239 16.000
D_300 -27.150 -475.402 17.000
R_301 -35.785 -1015.709 20.000
N_302 -26.485 -507.047 16.000
T_303 -17.811 -90.974 12.000
L_304 0.000 679.918 7.000
L_305 0.000 679.918 7.000
G_306 0.000 -27.649 8.000
D_307 -24.169 -475.402 13.000
E_308 -27.150 -605.239 17.000
R_309 -36.459 -1015.709 21.000
N_310 -27.150 -507.047 17.000
E_311 -24.169 -605.239 13.000
L_312 0.000 679.918 11.000
L_313 0.000 679.918 12.000
K_314 -14.420 -818.649 8.000
R_315 -29.616 -1015.709 13.000
V_316 0.000 613.196 17.000
R_317 -33.508 -1015.709 17.000
E_318 -26.485 -605.239 16.000
T_319 -21.486 -90.974 19.000
E_320 -27.773 -605.239 18.000
K_321 -19.059 -818.649 14.000
Q_322 -25.003 -643.904 14.000
C_323 0.000 322.480 10.000
K_324 -13.255 -818.649 7.000
P_325 0.000 -195.996 3.000
L_326 0.000 679.918 7.000
L_327 0.000 679.918 9.000
E_328 -24.169 -605.239 13.000
R_329 -32.645 -1015.709 16.000
N_330 -26.485 -507.047 16.000
K_331 -17.811 -818.649 12.000
C_332 0.000 322.480 7.000
L_333 0.000 679.918 6.000
A_334 0.000 185.740 8.000
K_335 -17.811 -818.649 12.000
R_336 -32.645 -1015.709 16.000
N_337 -28.912 -507.047 20.000
D_338 -27.150 -475.402 17.000
E_339 -23.258 -605.239 12.000
L_340 0.000 679.918 8.000
M_341 0.000 401.769 7.000
V_342 0.000 613.196 3.000
S_343 -13.255 -90.060 7.000
L_344 0.000 679.918 12.000
Q_345 -23.258 -643.904 12.000
R_346 -29.616 -1015.709 13.000
M_347 0.000 401.769 17.000
E_348 -26.485 -605.239 16.000
E_349 -22.253 -605.239 11.000
K_350 -19.059 -818.649 14.000
L_351 0.000 679.918 10.000
K_352 -11.867 -818.649 6.000
A_353 0.000 185.740 6.000
V_354 0.000 613.196 9.000
T_355 -16.309 -90.974 10.000
K_356 -19.059 -818.649 14.000
E_357 -27.150 -605.239 17.000
N_358 -27.773 -507.047 18.000
S_359 -19.613 -90.060 15.000
E_360 -26.485 -605.239 16.000
M_361 0.000 401.769 16.000
R_362 -32.645 -1015.709 16.000
E_363 -23.258 -605.239 12.000
K_364 -19.613 -818.649 15.000
I_365 0.000 777.529 13.000
T_366 -17.098 -90.974 11.000
S_367 -14.420 -90.060 8.000
H_368 -9.978 -583.484 8.000
P_369 0.000 -195.996 5.000
P_370 0.000 -195.996 5.000
L_371 0.000 679.918 6.000
K_372 -11.867 -818.649 6.000
K_373 -15.425 -818.649 9.000
L_374 0.000 679.918 12.000
K_375 -15.425 -818.649 9.000
S_376 -16.309 -90.060 10.000
L_377 0.000 679.918 14.000
N_378 -22.253 -507.047 11.000
D_379 -23.258 -475.402 12.000
L_380 0.000 679.918 16.000
D_381 -23.258 -475.402 12.000
Q_382 -23.258 -643.904 12.000
A_383 0.000 185.740 16.000
N_384 -26.485 -507.047 16.000
E_385 -26.485 -605.239 16.000
E_386 -28.912 -605.239 20.000
Q_387 -28.359 -643.904 19.000
E_388 -28.359 -605.239 19.000
T_389 -19.613 -90.974 15.000
E_390 -22.253 -605.239 11.000
F_391 0.000 560.542 10.000
L_392 0.000 679.918 7.000
K_393 -13.255 -818.649 7.000
L_394 0.000 679.918 7.000
Q_395 -16.691 -643.904 7.000
V_396 0.000 613.196 8.000
I_397 0.000 777.529 12.000
E_398 -23.258 -605.239 12.000
Q_399 -26.485 -643.904 16.000
Q_400 -26.485 -643.904 16.000
N_401 -23.258 -507.047 12.000
I_402 0.000 777.529 12.000
I_403 0.000 777.529 12.000
D_404 -18.409 -475.402 8.000
E_405 -22.253 -605.239 11.000
L_406 0.000 679.918 16.000
T_407 -20.127 -90.974 16.000
R_408 -33.508 -1015.709 17.000
D_409 -29.436 -475.402 21.000
R_410 -36.459 -1015.709 21.000
E_411 -26.485 -605.239 16.000
K_412 -17.811 -818.649 12.000
L_413 0.000 679.918 12.000
I_414 0.000 777.529 13.000
R_415 -31.716 -1015.709 15.000
R_416 -34.315 -1015.709 18.000
R_417 -35.785 -1015.709 20.000
K_418 -21.889 -818.649 20.000
H_419 -14.725 -583.484 20.000
R_420 -34.315 -1015.709 18.000
R_421 -34.315 -1015.709 18.000
S_422 -21.486 -90.060 19.000
S_423 -19.059 -90.060 14.000
K_424 -15.425 -818.649 9.000
P_425 0.000 -195.996 9.000
I_426 0.000 777.529 11.000
K_427 -14.420 -818.649 8.000
R_428 -21.845 -1015.709 8.000
P_429 0.000 -195.996 8.000
V_430 0.000 613.196 9.000
L_431 0.000 679.918 4.000
D_432 -7.878 -475.402 4.000
P_433 0.000 -195.996 4.000
F_434 0.000 560.542 4.000
I_435 0.000 777.529 2.000
G_436 0.000 -27.649 6.000
Y_437 -11.154 -274.939 10.000
D_438 -25.003 -475.402 14.000
E_439 -27.150 -605.239 17.000
D_440 -25.772 -475.402 15.000
S_441 -19.613 -90.060 15.000
M_442 0.000 401.769 14.000
D_443 -25.003 -475.402 14.000
S_444 -19.059 -90.060 14.000
E_445 -27.150 -605.239 17.000
T_446 -20.127 -90.974 16.000
S_447 -18.462 -90.060 13.000
S_448 -15.425 -90.060 9.000
M_449 0.000 401.769 9.000
A_450 0.000 185.740 6.000
S_451 -14.420 -90.060 8.000
F_452 0.000 560.542 11.000
R_453 -31.716 -1015.709 15.000
T_454 -20.609 -90.974 17.000
D_455 -28.912 -475.402 20.000
R_456 -31.716 -1015.709 15.000
T_457 -17.811 -90.974 12.000
P_458 0.000 -195.996 11.000
A_459 0.000 185.740 6.000
T_460 -13.255 -90.974 7.000
P_461 0.000 -195.996 11.000
D_462 -25.772 -475.402 15.000
D_463 -23.258 -475.402 12.000
D_464 -26.485 -475.402 16.000
L_465 0.000 679.918 16.000
D_466 -25.772 -475.402 15.000
E_467 -22.253 -605.239 11.000
S_468 -17.098 -90.060 11.000
L_469 0.000 679.918 7.000
A_470 0.000 185.740 7.000
A_471 0.000 185.740 8.000
E_472 -22.253 -605.239 11.000
E_473 -25.772 -605.239 15.000
S_474 -19.613 -90.060 15.000
E_475 -26.485 -605.239 16.000
L_476 0.000 679.918 12.000
R_477 -30.711 -1015.709 14.000
F_478 0.000 560.542 14.000
R_479 -30.711 -1015.709 14.000
Q_480 -23.258 -643.904 12.000
L_481 0.000 679.918 15.000
T_482 -19.059 -90.974 14.000
K_483 -17.811 -818.649 12.000
E_484 -26.485 -605.239 16.000
Y_485 -12.518 -274.939 13.000
Q_486 -21.132 -643.904 10.000
A_487 0.000 185.740 10.000
L_488 0.000 679.918 13.000
Q_489 -19.866 -643.904 9.000
R_490 -27.076 -1015.709 11.000
A_491 0.000 185.740 11.000
Y_492 -9.265 -274.939 7.000
A_493 0.000 185.740 2.000
L_494 0.000 679.918 6.000
L_495 0.000 679.918 8.000
Q_496 -23.258 -643.904 12.000
E_497 -25.772 -605.239 15.000
Q_498 -25.772 -643.904 15.000
T_499 -17.098 -90.974 11.000
G_500 0.000 -27.649 7.000
G_501 0.000 -27.649 3.000
I_502 0.000 777.529 4.000
I_503 0.000 777.529 4.000
D_504 -18.409 -475.402 8.000
A_505 0.000 185.740 13.000
E_506 -27.150 -605.239 17.000
R_507 -29.616 -1015.709 13.000
E_508 -26.485 -605.239 16.000
A_509 0.000 185.740 12.000
K_510 -17.098 -818.649 11.000
A_511 0.000 185.740 11.000
Q_512 -25.772 -643.904 15.000
E_513 -23.258 -605.239 12.000
Q_514 -26.485 -643.904 16.000
L_515 0.000 679.918 12.000
Q_516 -23.258 -643.904 12.000
A_517 0.000 185.740 8.000
E_518 -18.409 -605.239 8.000
V_519 0.000 613.196 9.000
L_520 0.000 679.918 11.000
R_521 -25.574 -1015.709 10.000
Y_522 -11.154 -274.939 10.000
K_523 -18.462 -818.649 13.000
A_524 0.000 185.740 8.000
K_525 -16.309 -818.649 10.000
I_526 0.000 777.529 11.000
E_527 -22.253 -605.239 11.000
D_528 -23.258 -475.402 12.000
L_529 0.000 679.918 12.000
E_530 -22.253 -605.239 11.000
A_531 0.000 185.740 7.000
T_532 -13.255 -90.974 7.000
L_533 0.000 679.918 7.000
A_534 0.000 185.740 10.000
Q_535 -16.691 -643.904 7.000
K_536 -17.098 -818.649 11.000
G_537 0.000 -27.649 15.000
Q_538 -25.003 -643.904 14.000
D_539 -24.169 -475.402 13.000
S_540 -19.059 -90.060 14.000
H_541 -11.154 -583.484 10.000
W_542 -5.708 -203.500 10.000
V_543 0.000 613.196 11.000
E_544 -23.258 -605.239 12.000
D_545 -25.772 -475.402 15.000
K_546 -19.613 -818.649 15.000
Q_547 -22.253 -643.904 11.000
L_548 0.000 679.918 7.000
F_549 0.000 560.542 7.000
I_550 0.000 777.529 8.000
K_551 -17.811 -818.649 12.000
R_552 -32.645 -1015.709 16.000
N_553 -28.912 -507.047 20.000
Q_554 -27.150 -643.904 17.000
E_555 -23.258 -605.239 12.000
L_556 0.000 679.918 12.000
L_557 0.000 679.918 11.000
E_558 -16.691 -605.239 7.000
K_559 -17.098 -818.649 11.000
I_560 0.000 777.529 14.000
E_561 -25.003 -605.239 14.000
K_562 -19.613 -818.649 15.000
Q_563 -25.772 -643.904 15.000
E_564 -25.772 -605.239 15.000
A_565 0.000 185.740 16.000
E_566 -25.003 -605.239 14.000
N_567 -25.772 -507.047 15.000
H_568 -13.255 -583.484 15.000
R_569 -31.716 -1015.709 15.000
L_570 0.000 679.918 15.000
Q_571 -27.150 -643.904 17.000
Q_572 -23.258 -643.904 12.000
E_573 -26.485 -605.239 16.000
L_574 0.000 679.918 16.000
Q_575 -23.258 -643.904 12.000
D_576 -24.169 -475.402 13.000
A_577 0.000 185.740 17.000
R_578 -33.508 -1015.709 17.000
D_579 -27.150 -475.402 17.000
Q_580 -29.436 -643.904 21.000
N_581 -26.485 -507.047 16.000
E_582 -23.258 -605.239 12.000
L_583 0.000 679.918 12.000
L_584 0.000 679.918 8.000
E_585 -19.866 -605.239 9.000
F_586 0.000 560.542 13.000
R_587 -29.616 -1015.709 13.000
N_588 -24.169 -507.047 13.000
L_589 0.000 679.918 13.000
E_590 -23.258 -605.239 12.000
L_591 0.000 679.918 12.000
E_592 -27.150 -605.239 17.000
E_593 -27.150 -605.239 17.000
R_594 -37.098 -1015.709 22.000
E_595 -30.407 -605.239 23.000
R_596 -37.098 -1015.709 22.000
R_597 -33.508 -1015.709 17.000
S_598 -18.462 -90.060 13.000
P_599 0.000 -195.996 8.000
P_600 0.000 -195.996 7.000
F_601 0.000 560.542 4.000
N_602 -18.409 -507.047 8.000
L_603 0.000 679.918 8.000
Q_604 -21.132 -643.904 10.000
I_605 0.000 777.529 6.000
H_606 -8.431 -583.484 6.000
P_607 0.000 -195.996 5.000
F_608 0.000 560.542 9.000
S_609 -13.255 -90.060 7.000
D_610 -16.691 -475.402 7.000
G_611 0.000 -27.649 10.000
V_612 0.000 613.196 7.000
S_613 -4.441 -90.060 3.000
A_614 0.000 185.740 7.000
L_615 0.000 679.918 7.000
Q_616 -14.591 -643.904 6.000
I_617 0.000 777.529 6.000
Y_618 -8.431 -274.939 6.000
C_619 0.000 322.480 5.000
M_620 0.000 401.769 9.000
K_621 -13.255 -818.649 7.000
E_622 -16.691 -605.239 7.000
G_623 0.000 -27.649 10.000
V_624 0.000 613.196 11.000
K_625 -13.255 -818.649 7.000
D_626 -22.253 -475.402 11.000
V_627 0.000 613.196 11.000
N_628 -18.409 -507.047 8.000
I_629 0.000 777.529 8.000
P_630 0.000 -195.996 8.000
D_631 -7.878 -475.402 4.000
L_632 0.000 679.918 7.000
I_633 0.000 777.529 11.000
K_634 -13.255 -818.649 7.000
Q_635 -22.253 -643.904 11.000
L_636 0.000 679.918 11.000
D_637 -18.409 -475.402 8.000
I_638 0.000 777.529 4.000
L_639 0.000 679.918 8.000
G_640 0.000 -27.649 8.000
D_641 -18.409 -475.402 8.000
N_642 -23.258 -507.047 12.000
G_643 0.000 -27.649 12.000
N_644 -24.169 -507.047 13.000
L_645 0.000 679.918 13.000
R_646 -33.508 -1015.709 17.000
N_647 -27.150 -507.047 17.000
E_648 -29.436 -605.239 21.000
E_649 -26.485 -605.239 16.000
Q_650 -23.258 -643.904 12.000
V_651 0.000 613.196 8.000
A_652 0.000 185.740 4.000
I_653 0.000 777.529 4.000
I_654 0.000 777.529 4.000
Q_655 -16.691 -643.904 7.000
A_656 0.000 185.740 10.000
S_657 -16.309 -90.060 10.000
T_658 -11.867 -90.974 6.000
V_659 0.000 613.196 9.000
L_660 0.000 679.918 6.000
S_661 -4.441 -90.060 3.000
L_662 0.000 679.918 7.000
A_663 0.000 185.740 10.000
E_664 -18.409 -605.239 8.000
K_665 -14.420 -818.649 8.000
W_666 -6.160 -203.500 12.000
I_667 0.000 777.529 12.000
Q_668 -19.866 -643.904 9.000
Q_669 -23.258 -643.904 12.000
I_670 0.000 777.529 12.000
E_671 -18.409 -605.239 8.000
G_672 0.000 -27.649 8.000
A_673 0.000 185.740 8.000
E_674 -7.878 -605.239 4.000
A_675 0.000 185.740 4.000
A_676 0.000 185.740 6.000
L_677 0.000 679.918 6.000
H_678 -10.601 -583.484 9.000
Q_679 -19.866 -643.904 9.000
K_680 -15.425 -818.649 9.000
M_681 0.000 401.769 11.000
M_682 0.000 401.769 7.000
E_683 -18.409 -605.239 8.000
L_684 0.000 679.918 11.000
E_685 -25.772 -605.239 15.000
S_686 -17.098 -90.060 11.000
D_687 -25.772 -475.402 15.000
M_688 0.000 401.769 15.000
E_689 -23.258 -605.239 12.000
Q_690 -18.409 -643.904 8.000
F_691 0.000 560.542 11.000
C_692 0.000 322.480 7.000
K_693 -11.867 -818.649 6.000
I_694 0.000 777.529 6.000
K_695 -14.420 -818.649 8.000
G_696 0.000 -27.649 5.000
Y_697 -10.601 -274.939 9.000
L_698 0.000 679.918 10.000
E_699 -25.003 -605.239 14.000
E_700 -23.258 -605.239 12.000
E_701 -26.485 -605.239 16.000
L_702 0.000 679.918 14.000
D_703 -25.772 -475.402 15.000
Y_704 -12.900 -274.939 14.000
R_705 -34.315 -1015.709 18.000
K_706 -19.059 -818.649 14.000
Q_707 -23.258 -643.904 12.000
A_708 0.000 185.740 11.000
L_709 0.000 679.918 12.000
D_710 -18.409 -475.402 8.000
Q_711 -21.132 -643.904 10.000
A_712 0.000 185.740 10.000
Y_713 -11.652 -274.939 11.000
M_714 0.000 401.769 7.000
R_715 -27.076 -1015.709 11.000
I_716 0.000 777.529 13.000
Q_717 -24.169 -643.904 13.000
E_718 -23.258 -605.239 12.000
L_719 0.000 679.918 12.000
E_720 -22.253 -605.239 11.000
A_721 0.000 185.740 7.000
T_722 -15.425 -90.974 9.000
L_723 0.000 679.918 9.000
Y_724 -10.601 -274.939 9.000
N_725 -14.591 -507.047 6.000
A_726 0.000 185.740 10.000
L_727 0.000 679.918 12.000
Q_728 -23.258 -643.904 12.000
Q_729 -25.772 -643.904 15.000
E_730 -25.772 -605.239 15.000
T_731 -17.098 -90.974 11.000
V_732 0.000 613.196 10.000
I_733 0.000 777.529 6.000
K_734 -4.441 -818.649 3.000
F_735 0.000 560.542 7.000
G_736 0.000 -27.649 7.000
E_737 -7.878 -605.239 4.000
L_738 0.000 679.918 7.000
L_739 0.000 679.918 11.000
S_740 -16.309 -90.060 10.000
E_741 -25.003 -605.239 14.000
K_742 -21.060 -818.649 18.000
Q_743 -28.359 -643.904 19.000
Q_744 -28.359 -643.904 19.000
E_745 -26.485 -605.239 16.000
E_746 -27.150 -605.239 17.000
L_747 0.000 679.918 16.000
R_748 -28.412 -1015.709 12.000
T_749 -14.420 -90.974 8.000
A_750 0.000 185.740 12.000
V_751 0.000 613.196 10.000
E_752 -16.691 -605.239 7.000
K_753 -17.811 -818.649 12.000
L_754 0.000 679.918 17.000
R_755 -33.508 -1015.709 17.000
R_756 -30.711 -1015.709 14.000
Q_757 -25.003 -643.904 14.000
M_758 0.000 401.769 14.000
L_759 0.000 679.918 12.000
R_760 -27.076 -1015.709 11.000
K_761 -20.127 -818.649 16.000
S_762 -21.889 -90.060 20.000
R_763 -33.508 -1015.709 17.000
E_764 -27.773 -605.239 18.000
Y_765 -13.255 -274.939 15.000
D_766 -25.003 -475.402 14.000
C_767 0.000 322.480 10.000
Q_768 -18.409 -643.904 8.000
I_769 0.000 777.529 8.000
L_770 0.000 679.918 12.000
Q_771 -24.169 -643.904 13.000
E_772 -24.169 -605.239 13.000
R_773 -33.508 -1015.709 17.000
M_774 0.000 401.769 13.000
E_775 -19.866 -605.239 9.000
L_776 0.000 679.918 8.000
L_777 0.000 679.918 12.000
Q_778 -18.409 -643.904 8.000
Q_779 -21.132 -643.904 10.000
A_780 0.000 185.740 14.000
H_781 -13.255 -583.484 15.000
Q_782 -22.253 -643.904 11.000
R_783 -32.645 -1015.709 16.000
I_784 0.000 777.529 18.000
R_785 -30.711 -1015.709 14.000
D_786 -24.169 -475.402 13.000
L_787 0.000 679.918 17.000
E_788 -25.772 -605.239 15.000
D_789 -25.003 -475.402 14.000
K_790 -21.060 -818.649 18.000
T_791 -19.059 -90.974 14.000
D_792 -25.003 -475.402 14.000
I_793 0.000 777.529 14.000
Q_794 -26.485 -643.904 16.000
K_795 -20.127 -818.649 16.000
R_796 -32.645 -1015.709 16.000
Q_797 -25.772 -643.904 15.000
I_798 0.000 777.529 16.000
K_799 -17.098 -818.649 11.000
D_800 -22.253 -475.402 11.000
L_801 0.000 679.918 15.000
E_802 -25.772 -605.239 15.000
E_803 -22.253 -605.239 11.000
K_804 -17.098 -818.649 11.000
F_805 0.000 560.542 7.000
L_806 0.000 679.918 3.000
F_807 0.000 560.542 0.000
L_808 0.000 679.918 0.000
F_809 0.000 560.542 0.000
L_810 0.000 679.918 0.000
F_811 0.000 560.542 3.000
F_812 0.000 560.542 3.000
S_813 -4.441 -90.060 3.000
L_814 0.000 679.918 3.000
A_815 0.000 185.740 3.000
F_816 0.000 560.542 0.000
I_817 0.000 777.529 1.000
L_818 0.000 679.918 1.000
W_819 -0.000 -203.500 1.000
P_820 0.000 -195.996 1.000
