M_1 0.000 401.769 6.000
S_2 -14.420 -90.060 8.000
S_3 -17.811 -90.060 12.000
Y_4 -13.586 -274.939 16.000
Q_5 -26.485 -643.904 16.000
Q_6 -27.150 -643.904 17.000
K_7 -21.060 -818.649 18.000
Q_8 -25.003 -643.904 14.000
T_9 -18.462 -90.974 13.000
F_10 0.000 560.542 10.000
T_11 -11.867 -90.974 6.000
P_12 0.000 -195.996 3.000
P_13 0.000 -195.996 7.000
P_14 0.000 -195.996 4.000
Q_15 -18.409 -643.904 8.000
L_16 0.000 679.918 12.000
Q_17 -26.485 -643.904 16.000
Q_18 -26.485 -643.904 16.000
Q_19 -26.485 -643.904 16.000
Q_20 -25.772 -643.904 15.000
V_21 0.000 613.196 15.000
K_22 -17.098 -818.649 11.000
Q_23 -21.132 -643.904 10.000
P_24 0.000 -195.996 14.000
S_25 -17.098 -90.060 11.000
Q_26 -16.691 -643.904 7.000
P_27 0.000 -195.996 7.000
P_28 0.000 -195.996 8.000
P_29 0.000 -195.996 8.000
Q_30 -18.409 -643.904 8.000
E_31 -18.409 -605.239 8.000
I_32 0.000 777.529 8.000
F_33 0.000 560.542 4.000
V_34 0.000 613.196 3.000
P_35 0.000 -195.996 6.000
T_36 -15.425 -90.974 9.000
T_37 -18.462 -90.974 13.000
K_38 -18.462 -818.649 13.000
E_39 -21.132 -605.239 10.000
P_40 0.000 -195.996 9.000
C_41 0.000 322.480 9.000
H_42 -9.978 -583.484 8.000
S_43 -14.420 -90.060 8.000
K_44 -14.420 -818.649 8.000
V_45 0.000 613.196 10.000
P_46 0.000 -195.996 7.000
Q_47 -7.878 -643.904 4.000
P_48 0.000 -195.996 8.000
G_49 0.000 -27.649 11.000
N_50 -21.132 -507.047 10.000
T_51 -16.309 -90.974 10.000
K_52 -16.309 -818.649 10.000
I_53 0.000 777.529 10.000
P_54 0.000 -195.996 7.000
E_55 -7.878 -605.239 4.000
P_56 0.000 -195.996 4.000
G_57 0.000 -27.649 7.000
C_58 0.000 322.480 6.000
T_59 -11.867 -90.974 6.000
K_60 -11.867 -818.649 6.000
V_61 0.000 613.196 10.000
P_62 0.000 -195.996 7.000
E_63 -7.878 -605.239 4.000
P_64 0.000 -195.996 4.000
G_65 0.000 -27.649 7.000
C_66 0.000 322.480 6.000
T_67 -11.867 -90.974 6.000
K_68 -11.867 -818.649 6.000
V_69 0.000 613.196 10.000
P_70 0.000 -195.996 7.000
E_71 -7.878 -605.239 4.000
P_72 0.000 -195.996 4.000
G_73 0.000 -27.649 7.000
C_74 0.000 322.480 6.000
T_75 -11.867 -90.974 6.000
K_76 -11.867 -818.649 6.000
V_77 0.000 613.196 10.000
P_78 0.000 -195.996 7.000
E_79 -7.878 -605.239 4.000
P_80 0.000 -195.996 4.000
G_81 0.000 -27.649 7.000
C_82 0.000 322.480 6.000
T_83 -11.867 -90.974 6.000
K_84 -11.867 -818.649 6.000
V_85 0.000 613.196 10.000
P_86 0.000 -195.996 7.000
E_87 -7.878 -605.239 4.000
P_88 0.000 -195.996 4.000
G_89 0.000 -27.649 7.000
C_90 0.000 322.480 6.000
T_91 -11.867 -90.974 6.000
K_92 -11.867 -818.649 6.000
V_93 0.000 613.196 10.000
P_94 0.000 -195.996 7.000
E_95 -7.878 -605.239 4.000
P_96 0.000 -195.996 4.000
G_97 0.000 -27.649 7.000
C_98 0.000 322.480 6.000
T_99 -11.867 -90.974 6.000
K_100 -11.867 -818.649 6.000
V_101 0.000 613.196 10.000
P_102 0.000 -195.996 7.000
E_103 -7.878 -605.239 4.000
P_104 0.000 -195.996 6.000
G_105 0.000 -27.649 9.000
Y_106 -9.978 -274.939 8.000
T_107 -14.420 -90.974 8.000
K_108 -14.420 -818.649 8.000
V_109 0.000 613.196 10.000
P_110 0.000 -195.996 7.000
E_111 -7.878 -605.239 4.000
P_112 0.000 -195.996 7.000
G_113 0.000 -27.649 7.000
S_114 -11.867 -90.060 6.000
I_115 0.000 777.529 6.000
K_116 -11.867 -818.649 6.000
V_117 0.000 613.196 7.000
P_118 0.000 -195.996 11.000
D_119 -18.409 -475.402 8.000
Q_120 -18.409 -643.904 8.000
G_121 0.000 -27.649 8.000
F_122 0.000 560.542 7.000
I_123 0.000 777.529 3.000
K_124 -4.441 -818.649 3.000
F_125 0.000 560.542 7.000
P_126 0.000 -195.996 7.000
E_127 -7.878 -605.239 4.000
P_128 0.000 -195.996 4.000
G_129 0.000 -27.649 4.000
A_130 0.000 185.740 3.000
I_131 0.000 777.529 3.000
K_132 -4.441 -818.649 3.000
V_133 0.000 613.196 7.000
P_134 0.000 -195.996 11.000
E_135 -18.409 -605.239 8.000
Q_136 -21.132 -643.904 10.000
G_137 0.000 -27.649 13.000
Y_138 -12.104 -274.939 12.000
T_139 -14.420 -90.974 8.000
K_140 -14.420 -818.649 8.000
V_141 0.000 613.196 6.000
P_142 0.000 -195.996 3.000
V_143 0.000 613.196 0.000
P_144 0.000 -195.996 2.000
G_145 0.000 -27.649 5.000
Y_146 -9.978 -274.939 8.000
T_147 -14.420 -90.974 8.000
K_148 -14.420 -818.649 8.000
L_149 0.000 679.918 10.000
P_150 0.000 -195.996 7.000
E_151 -7.878 -605.239 4.000
P_152 0.000 -195.996 4.000
C_153 0.000 322.480 7.000
P_154 0.000 -195.996 6.000
S_155 -11.867 -90.060 6.000
T_156 -15.425 -90.974 9.000
V_157 0.000 613.196 9.000
T_158 -11.867 -90.974 6.000
P_159 0.000 -195.996 3.000
G_160 0.000 -27.649 3.000
P_161 0.000 -195.996 4.000
A_162 0.000 185.740 8.000
Q_163 -22.253 -643.904 11.000
Q_164 -25.003 -643.904 14.000
K_165 -20.609 -818.649 17.000
T_166 -20.609 -90.974 17.000
K_167 -20.127 -818.649 16.000
Q_168 -24.169 -643.904 13.000
K_169 -16.309 -818.649 10.000
