M_1 0.000 401.769 6.000
T_2 -11.867 -90.974 6.000
K_3 -15.425 -818.649 9.000
F_4 0.000 560.542 12.000
S_5 -15.425 -90.060 9.000
S_6 -15.425 -90.060 9.000
F_7 0.000 560.542 9.000
S_8 -11.867 -90.060 6.000
L_9 0.000 679.918 3.000
F_10 0.000 560.542 3.000
F_11 0.000 560.542 0.000
L_12 0.000 679.918 0.000
I_13 0.000 777.529 0.000
V_14 0.000 613.196 0.000
G_15 0.000 -27.649 2.000
A_16 0.000 185.740 2.000
Y_17 -7.426 -274.939 5.000
M_18 0.000 401.769 7.000
T_19 -13.255 -90.974 7.000
H_20 -7.426 -583.484 5.000
V_21 0.000 613.196 5.000
C_22 0.000 322.480 6.000
F_23 0.000 560.542 4.000
N_24 -18.409 -507.047 8.000
M_25 0.000 401.769 8.000
E_26 -18.409 -605.239 8.000
I_27 0.000 777.529 4.000
I_28 0.000 777.529 4.000
G_29 0.000 -27.649 3.000
G_30 0.000 -27.649 7.000
K_31 -13.255 -818.649 7.000
E_32 -21.132 -605.239 10.000
V_33 0.000 613.196 10.000
S_34 -15.425 -90.060 9.000
P_35 0.000 -195.996 8.000
H_36 -12.518 -583.484 13.000
S_37 -16.309 -90.060 10.000
R_38 -25.574 -1015.709 10.000
P_39 0.000 -195.996 8.000
F_40 0.000 560.542 5.000
M_41 0.000 401.769 3.000
A_42 0.000 185.740 3.000
S_43 -13.255 -90.060 7.000
I_44 0.000 777.529 9.000
Q_45 -19.866 -643.904 9.000
Y_46 -8.431 -274.939 6.000
G_47 0.000 -27.649 8.000
G_48 0.000 -27.649 6.000
H_49 -6.160 -583.484 4.000
H_50 -6.160 -583.484 4.000
V_51 0.000 613.196 4.000
C_52 0.000 322.480 2.000
G_53 0.000 -27.649 0.000
G_54 0.000 -27.649 0.000
V_55 0.000 613.196 0.000
L_56 0.000 679.918 4.000
I_57 0.000 777.529 4.000
D_58 -18.409 -475.402 8.000
P_59 0.000 -195.996 9.000
Q_60 -19.866 -643.904 9.000
W_61 -3.990 -203.500 5.000
V_62 0.000 613.196 8.000
L_63 0.000 679.918 4.000
T_64 -4.441 -90.974 3.000
A_65 0.000 185.740 5.000
A_66 0.000 185.740 5.000
H_67 -8.431 -583.484 6.000
C_68 0.000 322.480 8.000
Q_69 -24.169 -643.904 13.000
Y_70 -11.652 -274.939 11.000
R_71 -30.711 -1015.709 14.000
F_72 0.000 560.542 13.000
T_73 -17.098 -90.974 11.000
K_74 -16.309 -818.649 10.000
G_75 0.000 -27.649 13.000
Q_76 -21.132 -643.904 10.000
S_77 -16.309 -90.060 10.000
P_78 0.000 -195.996 10.000
T_79 -11.867 -90.974 6.000
V_80 0.000 613.196 3.000
V_81 0.000 613.196 3.000
L_82 0.000 679.918 0.000
G_83 0.000 -27.649 2.000
A_84 0.000 185.740 5.000
H_85 -7.426 -583.484 5.000
S_86 -14.420 -90.060 8.000
L_87 0.000 679.918 11.000
S_88 -18.462 -90.060 13.000
K_89 -19.059 -818.649 14.000
N_90 -25.003 -507.047 14.000
E_91 -25.003 -605.239 14.000
A_92 0.000 185.740 14.000
S_93 -19.059 -90.060 14.000
K_94 -18.462 -818.649 13.000
Q_95 -24.169 -643.904 13.000
T_96 -19.059 -90.974 14.000
L_97 0.000 679.918 11.000
E_98 -21.132 -605.239 10.000
I_99 0.000 777.529 10.000
K_100 -16.309 -818.649 10.000
K_101 -11.867 -818.649 6.000
F_102 0.000 560.542 6.000
I_103 0.000 777.529 3.000
P_104 0.000 -195.996 3.000
F_105 0.000 560.542 8.000
S_106 -14.420 -90.060 8.000
R_107 -27.076 -1015.709 11.000
V_108 0.000 613.196 14.000
T_109 -19.613 -90.974 15.000
S_110 -16.309 -90.060 10.000
D_111 -25.003 -475.402 14.000
P_112 0.000 -195.996 14.000
Q_113 -25.772 -643.904 15.000
S_114 -19.613 -90.060 15.000
N_115 -25.772 -507.047 15.000
D_116 -22.253 -475.402 11.000
I_117 0.000 777.529 8.000
M_118 0.000 401.769 4.000
L_119 0.000 679.918 3.000
V_120 0.000 613.196 3.000
K_121 -13.255 -818.649 7.000
L_122 0.000 679.918 10.000
Q_123 -21.132 -643.904 10.000
T_124 -13.255 -90.974 7.000
A_125 0.000 185.740 10.000
A_126 0.000 185.740 6.000
K_127 -13.255 -818.649 7.000
L_128 0.000 679.918 10.000
N_129 -23.258 -507.047 12.000
K_130 -15.425 -818.649 9.000
H_131 -12.104 -583.484 12.000
V_132 0.000 613.196 8.000
K_133 -10.149 -818.649 5.000
M_134 0.000 401.769 5.000
L_135 0.000 679.918 5.000
H_136 -9.265 -583.484 7.000
I_137 0.000 777.529 10.000
R_138 -29.616 -1015.709 13.000
S_139 -19.059 -90.060 14.000
K_140 -20.609 -818.649 17.000
T_141 -17.811 -90.974 12.000
S_142 -19.059 -90.060 14.000
L_143 0.000 679.918 14.000
R_144 -27.076 -1015.709 11.000
S_145 -17.098 -90.060 11.000
G_146 0.000 -27.649 14.000
T_147 -15.425 -90.974 9.000
K_148 -15.425 -818.649 9.000
C_149 0.000 322.480 9.000
K_150 -15.425 -818.649 9.000
V_151 0.000 613.196 6.000
T_152 -13.255 -90.974 7.000
G_153 0.000 -27.649 4.000
W_154 -3.436 -203.500 4.000
G_155 0.000 -27.649 4.000
A_156 0.000 185.740 8.000
T_157 -13.255 -90.974 7.000
D_158 -22.253 -475.402 11.000
P_159 0.000 -195.996 14.000
D_160 -22.253 -475.402 11.000
S_161 -17.811 -90.060 12.000
L_162 0.000 679.918 12.000
R_163 -27.076 -1015.709 11.000
P_164 0.000 -195.996 12.000
S_165 -19.613 -90.060 15.000
D_166 -21.132 -475.402 10.000
T_167 -19.613 -90.974 15.000
L_168 0.000 679.918 16.000
R_169 -28.412 -1015.709 12.000
E_170 -23.258 -605.239 12.000
V_171 0.000 613.196 12.000
T_172 -16.309 -90.974 10.000
V_173 0.000 613.196 6.000
T_174 -11.867 -90.974 6.000
V_175 0.000 613.196 6.000
L_176 0.000 679.918 11.000
S_177 -17.098 -90.060 11.000
R_178 -27.076 -1015.709 11.000
K_179 -17.098 -818.649 11.000
L_180 0.000 679.918 12.000
C_181 0.000 322.480 10.000
N_182 -22.253 -507.047 11.000
S_183 -19.059 -90.060 14.000
Q_184 -26.485 -643.904 16.000
S_185 -19.059 -90.060 14.000
Y_186 -13.255 -274.939 15.000
Y_187 -11.652 -274.939 11.000
N_188 -23.258 -507.047 12.000
G_189 0.000 -27.649 10.000
D_190 -18.409 -475.402 8.000
P_191 0.000 -195.996 4.000
F_192 0.000 560.542 7.000
I_193 0.000 777.529 6.000
T_194 -16.309 -90.974 10.000
K_195 -16.309 -818.649 10.000
D_196 -21.132 -475.402 10.000
M_197 0.000 401.769 7.000
V_198 0.000 613.196 4.000
C_199 0.000 322.480 0.000
A_200 0.000 185.740 4.000
G_201 0.000 -27.649 4.000
D_202 -16.691 -475.402 7.000
A_203 0.000 185.740 7.000
K_204 -17.098 -818.649 11.000
G_205 0.000 -27.649 10.000
Q_206 -25.003 -643.904 14.000
K_207 -19.059 -818.649 14.000
D_208 -25.003 -475.402 14.000
S_209 -18.462 -90.060 13.000
C_210 0.000 322.480 10.000
K_211 -16.309 -818.649 10.000
G_212 0.000 -27.649 10.000
D_213 -21.132 -475.402 10.000
S_214 -13.255 -90.060 7.000
G_215 0.000 -27.649 7.000
G_216 0.000 -27.649 3.000
P_217 0.000 -195.996 0.000
L_218 0.000 679.918 0.000
I_219 0.000 777.529 3.000
C_220 0.000 322.480 3.000
K_221 -4.441 -818.649 3.000
G_222 0.000 -27.649 3.000
V_223 0.000 613.196 5.000
F_224 0.000 560.542 2.000
H_225 -1.718 -583.484 2.000
A_226 0.000 185.740 2.000
I_227 0.000 777.529 5.000
V_228 0.000 613.196 3.000
S_229 -4.441 -90.060 3.000
G_230 0.000 -27.649 5.000
G_231 0.000 -27.649 9.000
H_232 -8.431 -583.484 6.000
E_233 -14.591 -605.239 6.000
C_234 0.000 322.480 6.000
G_235 0.000 -27.649 4.000
V_236 0.000 613.196 3.000
A_237 0.000 185.740 6.000
T_238 -11.867 -90.974 6.000
K_239 -11.867 -818.649 6.000
P_240 0.000 -195.996 6.000
G_241 0.000 -27.649 5.000
I_242 0.000 777.529 5.000
Y_243 -7.426 -274.939 5.000
T_244 -10.149 -90.974 5.000
L_245 0.000 679.918 8.000
L_246 0.000 679.918 9.000
T_247 -15.425 -90.974 9.000
K_248 -17.098 -818.649 11.000
K_249 -19.613 -818.649 15.000
Y_250 -13.255 -274.939 15.000
Q_251 -24.169 -643.904 13.000
T_252 -16.309 -90.974 10.000
W_253 -5.944 -203.500 11.000
I_254 0.000 777.529 10.000
K_255 -17.098 -818.649 11.000
S_256 -16.309 -90.060 10.000
N_257 -21.132 -507.047 10.000
L_258 0.000 679.918 7.000
V_259 0.000 613.196 4.000
P_260 0.000 -195.996 2.000
P_261 0.000 -195.996 5.000
H_262 -10.601 -583.484 9.000
T_263 -15.425 -90.974 9.000
N_264 -19.866 -507.047 9.000
