M_1 0.000 401.769 4.000
V_2 0.000 613.196 4.000
E_3 -7.878 -605.239 4.000
P_4 0.000 -195.996 8.000
G_5 0.000 -27.649 12.000
Q_6 -18.409 -643.904 8.000
D_7 -18.409 -475.402 8.000
L_8 0.000 679.918 8.000
L_9 0.000 679.918 4.000
L_10 0.000 679.918 0.000
A_11 0.000 185.740 0.000
A_12 0.000 185.740 3.000
L_13 0.000 679.918 7.000
S_14 -16.309 -90.060 10.000
E_15 -21.132 -605.239 10.000
S_16 -16.309 -90.060 10.000
G_17 0.000 -27.649 10.000
I_18 0.000 777.529 6.000
S_19 -13.255 -90.060 7.000
P_20 0.000 -195.996 11.000
N_21 -22.253 -507.047 11.000
D_22 -18.409 -475.402 8.000
L_23 0.000 679.918 12.000
F_24 0.000 560.542 8.000
D_25 -18.409 -475.402 8.000
I_26 0.000 777.529 8.000
D_27 -18.409 -475.402 8.000
G_28 0.000 -27.649 8.000
G_29 0.000 -27.649 8.000
D_30 -7.878 -475.402 4.000
A_31 0.000 185.740 4.000
G_32 0.000 -27.649 4.000
L_33 0.000 679.918 3.000
A_34 0.000 185.740 3.000
T_35 -4.441 -90.974 3.000
P_36 0.000 -195.996 3.000
M_37 0.000 401.769 6.000
P_38 0.000 -195.996 3.000
T_39 -11.867 -90.974 6.000
P_40 0.000 -195.996 6.000
S_41 -16.309 -90.060 10.000
V_42 0.000 613.196 11.000
Q_43 -25.003 -643.904 14.000
Q_44 -22.253 -643.904 11.000
S_45 -17.098 -90.060 11.000
V_46 0.000 613.196 7.000
P_47 0.000 -195.996 6.000
L_48 0.000 679.918 3.000
S_49 -4.441 -90.060 3.000
A_50 0.000 185.740 7.000
L_51 0.000 679.918 7.000
E_52 -7.878 -605.239 4.000
L_53 0.000 679.918 4.000
G_54 0.000 -27.649 8.000
L_55 0.000 679.918 7.000
E_56 -22.253 -605.239 11.000
T_57 -17.098 -90.974 11.000
E_58 -22.253 -605.239 11.000
A_59 0.000 185.740 7.000
A_60 0.000 185.740 4.000
V_61 0.000 613.196 0.000
P_62 0.000 -195.996 3.000
V_63 0.000 613.196 7.000
K_64 -17.098 -818.649 11.000
Q_65 -22.253 -643.904 11.000
E_66 -25.772 -605.239 15.000
P_67 0.000 -195.996 15.000
E_68 -22.253 -605.239 11.000
T_69 -13.255 -90.974 7.000
V_70 0.000 613.196 10.000
P_71 0.000 -195.996 6.000
T_72 -4.441 -90.974 3.000
P_73 0.000 -195.996 3.000
A_74 0.000 185.740 3.000
L_75 0.000 679.918 4.000
L_76 0.000 679.918 4.000
N_77 -19.866 -507.047 9.000
V_78 0.000 613.196 13.000
R_79 -33.508 -1015.709 17.000
Q_80 -24.169 -643.904 13.000
Q_81 -24.169 -643.904 13.000
P_82 0.000 -195.996 11.000
P_83 0.000 -195.996 10.000
S_84 -15.425 -90.060 9.000
T_85 -17.811 -90.974 12.000
T_86 -17.811 -90.974 12.000
T_87 -15.425 -90.974 9.000
F_88 0.000 560.542 6.000
V_89 0.000 613.196 7.000
L_90 0.000 679.918 8.000
N_91 -18.409 -507.047 8.000
Q_92 -23.258 -643.904 12.000
I_93 0.000 777.529 14.000
N_94 -21.132 -507.047 10.000
H_95 -8.431 -583.484 6.000
L_96 0.000 679.918 6.000
P_97 0.000 -195.996 2.000
P_98 0.000 -195.996 0.000
L_99 0.000 679.918 3.000
G_100 0.000 -27.649 6.000
S_101 -11.867 -90.060 6.000
T_102 -11.867 -90.974 6.000
I_103 0.000 777.529 6.000
V_104 0.000 613.196 6.000
M_105 0.000 401.769 6.000
T_106 -15.425 -90.974 9.000
K_107 -15.425 -818.649 9.000
T_108 -15.425 -90.974 9.000
P_109 0.000 -195.996 6.000
P_110 0.000 -195.996 6.000
V_111 0.000 613.196 6.000
T_112 -16.309 -90.974 10.000
T_113 -19.613 -90.974 15.000
N_114 -28.359 -507.047 19.000
R_115 -35.072 -1015.709 19.000
Q_116 -26.485 -643.904 16.000
T_117 -19.613 -90.974 15.000
I_118 0.000 777.529 10.000
T_119 -15.425 -90.974 9.000
L_120 0.000 679.918 9.000
T_121 -15.425 -90.974 9.000
K_122 -11.867 -818.649 6.000
F_123 0.000 560.542 10.000
I_124 0.000 777.529 10.000
Q_125 -21.132 -643.904 10.000
T_126 -16.309 -90.974 10.000
T_127 -18.462 -90.974 13.000
A_128 0.000 185.740 12.000
S_129 -19.059 -90.060 14.000
T_130 -17.098 -90.974 11.000
R_131 -30.711 -1015.709 14.000
P_132 0.000 -195.996 11.000
S_133 -17.098 -90.060 11.000
V_134 0.000 613.196 6.000
S_135 -11.867 -90.060 6.000
A_136 0.000 185.740 6.000
P_137 0.000 -195.996 6.000
T_138 -14.420 -90.974 8.000
V_139 0.000 613.196 12.000
R_140 -28.412 -1015.709 12.000
N_141 -19.866 -507.047 9.000
A_142 0.000 185.740 12.000
M_143 0.000 401.769 10.000
T_144 -11.867 -90.974 6.000
S_145 -11.867 -90.060 6.000
A_146 0.000 185.740 9.000
P_147 0.000 -195.996 9.000
S_148 -16.309 -90.060 10.000
K_149 -19.059 -818.649 14.000
D_150 -25.003 -475.402 14.000
Q_151 -25.772 -643.904 15.000
V_152 0.000 613.196 12.000
Q_153 -22.253 -643.904 11.000
L_154 0.000 679.918 11.000
K_155 -17.098 -818.649 11.000
D_156 -16.691 -475.402 7.000
L_157 0.000 679.918 10.000
L_158 0.000 679.918 11.000
K_159 -17.098 -818.649 11.000
N_160 -25.003 -507.047 14.000
N_161 -25.003 -507.047 14.000
S_162 -19.613 -90.060 15.000
L_163 0.000 679.918 15.000
N_164 -22.253 -507.047 11.000
E_165 -18.409 -605.239 8.000
L_166 0.000 679.918 11.000
M_167 0.000 401.769 7.000
K_168 -11.867 -818.649 6.000
L_169 0.000 679.918 6.000
K_170 -11.867 -818.649 6.000
P_171 0.000 -195.996 3.000
P_172 0.000 -195.996 7.000
A_173 0.000 185.740 4.000
N_174 -7.878 -507.047 4.000
I_175 0.000 777.529 8.000
A_176 0.000 185.740 8.000
Q_177 -7.878 -643.904 4.000
P_178 0.000 -195.996 4.000
V_179 0.000 613.196 7.000
A_180 0.000 185.740 3.000
T_181 -4.441 -90.974 3.000
A_182 0.000 185.740 6.000
A_183 0.000 185.740 10.000
T_184 -13.255 -90.974 7.000
D_185 -21.132 -475.402 10.000
V_186 0.000 613.196 14.000
S_187 -17.098 -90.060 11.000
N_188 -21.132 -507.047 10.000
G_189 0.000 -27.649 10.000
T_190 -16.309 -90.974 10.000
V_191 0.000 613.196 9.000
K_192 -18.462 -818.649 13.000
K_193 -18.462 -818.649 13.000
E_194 -26.485 -605.239 16.000
S_195 -20.609 -90.060 17.000
S_196 -20.609 -90.060 17.000
N_197 -27.150 -507.047 17.000
K_198 -19.059 -818.649 14.000
E_199 -22.253 -605.239 11.000
G_200 0.000 -27.649 12.000
A_201 0.000 185.740 9.000
R_202 -16.309 -1015.709 6.000
M_203 0.000 401.769 6.000
W_204 -5.708 -203.500 10.000
I_205 0.000 777.529 9.000
N_206 -19.866 -507.047 9.000
D_207 -22.253 -475.402 11.000
M_208 0.000 401.769 11.000
K_209 -17.811 -818.649 12.000
M_210 0.000 401.769 11.000
R_211 -27.076 -1015.709 11.000
S_212 -17.098 -90.060 11.000
F_213 0.000 560.542 11.000
S_214 -15.425 -90.060 9.000
P_215 0.000 -195.996 6.000
T_216 -15.425 -90.974 9.000
M_217 0.000 401.769 6.000
K_218 -11.867 -818.649 6.000
V_219 0.000 613.196 3.000
P_220 0.000 -195.996 3.000
V_221 0.000 613.196 3.000
V_222 0.000 613.196 7.000
K_223 -17.098 -818.649 11.000
E_224 -25.772 -605.239 15.000
D_225 -28.359 -475.402 19.000
D_226 -26.485 -475.402 16.000
E_227 -26.485 -605.239 16.000
P_228 0.000 -195.996 16.000
E_229 -26.485 -605.239 16.000
E_230 -26.485 -605.239 16.000
E_231 -28.912 -605.239 20.000
D_232 -28.912 -475.402 20.000
E_233 -28.912 -605.239 20.000
E_234 -26.485 -605.239 16.000
E_235 -23.258 -605.239 12.000
M_236 0.000 401.769 10.000
G_237 0.000 -27.649 6.000
H_238 -8.431 -583.484 6.000
A_239 0.000 185.740 9.000
E_240 -22.253 -605.239 11.000
T_241 -15.425 -90.974 9.000
Y_242 -12.518 -274.939 13.000
A_243 0.000 185.740 11.000
E_244 -18.409 -605.239 8.000
Y_245 -8.431 -274.939 6.000
M_246 0.000 401.769 6.000
P_247 0.000 -195.996 5.000
I_248 0.000 777.529 3.000
K_249 -11.867 -818.649 6.000
L_250 0.000 679.918 6.000
K_251 -11.867 -818.649 6.000
I_252 0.000 777.529 3.000
G_253 0.000 -27.649 8.000
L_254 0.000 679.918 7.000
R_255 -19.414 -1015.709 7.000
H_256 -11.652 -583.484 11.000
P_257 0.000 -195.996 11.000
D_258 -14.591 -475.402 6.000
A_259 0.000 185.740 4.000
V_260 0.000 613.196 8.000
V_261 0.000 613.196 7.000
E_262 -21.132 -605.239 10.000
T_263 -18.462 -90.974 13.000
S_264 -18.462 -90.060 13.000
S_265 -17.811 -90.060 12.000
L_266 0.000 679.918 12.000
S_267 -15.425 -90.060 9.000
S_268 -15.425 -90.060 9.000
V_269 0.000 613.196 9.000
T_270 -11.867 -90.974 6.000
P_271 0.000 -195.996 7.000
P_272 0.000 -195.996 7.000
D_273 -11.867 -475.402 5.000
V_274 0.000 613.196 7.000
W_275 -5.708 -203.500 10.000
Y_276 -10.601 -274.939 9.000
K_277 -17.811 -818.649 12.000
T_278 -17.098 -90.974 11.000
S_279 -17.811 -90.060 12.000
I_280 0.000 777.529 13.000
S_281 -19.059 -90.060 14.000
E_282 -25.003 -605.239 14.000
E_283 -25.003 -605.239 14.000
T_284 -19.613 -90.974 15.000
I_285 0.000 777.529 15.000
D_286 -22.253 -475.402 11.000
N_287 -19.866 -507.047 9.000
G_288 0.000 -27.649 9.000
W_289 -5.155 -203.500 8.000
L_290 0.000 679.918 4.000
S_291 -7.878 -90.060 4.000
A_292 0.000 185.740 7.000
L_293 0.000 679.918 7.000
Q_294 -18.409 -643.904 8.000
L_295 0.000 679.918 8.000
E_296 -18.409 -605.239 8.000
A_297 0.000 185.740 7.000
I_298 0.000 777.529 9.000
T_299 -10.149 -90.974 5.000
Y_300 -7.426 -274.939 5.000
A_301 0.000 185.740 9.000
A_302 0.000 185.740 10.000
Q_303 -21.132 -643.904 10.000
Q_304 -25.003 -643.904 14.000
H_305 -13.896 -583.484 17.000
E_306 -24.169 -605.239 13.000
T_307 -15.425 -90.974 9.000
F_308 0.000 560.542 7.000
L_309 0.000 679.918 7.000
P_310 0.000 -195.996 4.000
N_311 -18.409 -507.047 8.000
G_312 0.000 -27.649 13.000
D_313 -24.169 -475.402 13.000
R_314 -23.856 -1015.709 9.000
A_315 0.000 185.740 9.000
G_316 0.000 -27.649 5.000
F_317 0.000 560.542 0.000
L_318 0.000 679.918 0.000
I_319 0.000 777.529 4.000
G_320 0.000 -27.649 4.000
D_321 -7.878 -475.402 4.000
G_322 0.000 -27.649 4.000
A_323 0.000 185.740 4.000
G_324 0.000 -27.649 0.000
V_325 0.000 613.196 3.000
G_326 0.000 -27.649 3.000
K_327 -14.420 -818.649 8.000
G_328 0.000 -27.649 11.000
R_329 -27.076 -1015.709 11.000
T_330 -14.420 -90.974 8.000
I_331 0.000 777.529 8.000
A_332 0.000 185.740 3.000
G_333 0.000 -27.649 0.000
I_334 0.000 777.529 2.000
I_335 0.000 777.529 6.000
Y_336 -11.154 -274.939 10.000
E_337 -23.258 -605.239 12.000
N_338 -23.258 -507.047 12.000
Y_339 -11.154 -274.939 10.000
L_340 0.000 679.918 9.000
L_341 0.000 679.918 10.000
S_342 -17.098 -90.060 11.000
R_343 -32.645 -1015.709 16.000
K_344 -20.127 -818.649 16.000
R_345 -29.616 -1015.709 13.000
A_346 0.000 185.740 9.000
L_347 0.000 679.918 6.000
W_348 -3.436 -203.500 4.000
F_349 0.000 560.542 4.000
S_350 -13.255 -90.060 7.000
V_351 0.000 613.196 10.000
S_352 -19.059 -90.060 14.000
N_353 -22.253 -507.047 11.000
D_354 -25.003 -475.402 14.000
L_355 0.000 679.918 13.000
K_356 -18.462 -818.649 13.000
Y_357 -10.601 -274.939 9.000
D_358 -24.169 -475.402 13.000
A_359 0.000 185.740 15.000
E_360 -27.150 -605.239 17.000
R_361 -29.616 -1015.709 13.000
D_362 -27.773 -475.402 18.000
L_363 0.000 679.918 18.000
R_364 -29.616 -1015.709 13.000
D_365 -19.866 -475.402 9.000
I_366 0.000 777.529 9.000
G_367 0.000 -27.649 7.000
A_368 0.000 185.740 7.000
K_369 -13.255 -818.649 7.000
N_370 -16.691 -507.047 7.000
I_371 0.000 777.529 7.000
L_372 0.000 679.918 6.000
V_373 0.000 613.196 5.000
H_374 -7.426 -583.484 5.000
S_375 -15.425 -90.060 9.000
L_376 0.000 679.918 12.000
N_377 -21.132 -507.047 10.000
K_378 -16.309 -818.649 10.000
F_379 0.000 560.542 12.000
K_380 -14.420 -818.649 8.000
Y_381 -9.978 -274.939 8.000
G_382 0.000 -27.649 8.000
K_383 -14.420 -818.649 8.000
I_384 0.000 777.529 9.000
S_385 -17.811 -90.060 12.000
S_386 -17.098 -90.060 11.000
K_387 -19.613 -818.649 15.000
H_388 -12.104 -583.484 12.000
N_389 -23.258 -507.047 12.000
G_390 0.000 -27.649 9.000
S_391 -16.309 -90.060 10.000
V_392 0.000 613.196 9.000
K_393 -15.425 -818.649 9.000
K_394 -11.867 -818.649 6.000
G_395 0.000 -27.649 6.000
V_396 0.000 613.196 3.000
I_397 0.000 777.529 0.000
F_398 0.000 560.542 3.000
A_399 0.000 185.740 5.000
T_400 -14.420 -90.974 8.000
Y_401 -11.652 -274.939 11.000
S_402 -17.098 -90.060 11.000
S_403 -14.420 -90.060 8.000
L_404 0.000 679.918 6.000
I_405 0.000 777.529 7.000
G_406 0.000 -27.649 7.000
E_407 -22.253 -605.239 11.000
S_408 -19.059 -90.060 14.000
Q_409 -25.003 -643.904 14.000
S_410 -16.309 -90.060 10.000
G_411 0.000 -27.649 10.000
G_412 0.000 -27.649 8.000
K_413 -14.420 -818.649 8.000
Y_414 -11.652 -274.939 11.000
K_415 -20.127 -818.649 16.000
T_416 -18.462 -90.974 13.000
R_417 -30.711 -1015.709 14.000
L_418 0.000 679.918 15.000
K_419 -17.811 -818.649 12.000
Q_420 -16.691 -643.904 7.000
L_421 0.000 679.918 9.000
L_422 0.000 679.918 7.000
H_423 -4.441 -583.484 3.000
W_424 -2.723 -203.500 3.000
C_425 0.000 322.480 7.000
G_426 0.000 -27.649 9.000
D_427 -18.409 -475.402 8.000
D_428 -23.258 -475.402 12.000
F_429 0.000 560.542 12.000
D_430 -18.409 -475.402 8.000
G_431 0.000 -27.649 4.000
V_432 0.000 613.196 4.000
I_433 0.000 777.529 0.000
V_434 0.000 613.196 4.000
F_435 0.000 560.542 8.000
D_436 -18.409 -475.402 8.000
E_437 -21.132 -605.239 10.000
C_438 0.000 322.480 13.000
H_439 -10.601 -583.484 9.000
K_440 -14.420 -818.649 8.000
A_441 0.000 185.740 12.000
K_442 -16.309 -818.649 10.000
N_443 -16.691 -507.047 7.000
L_444 0.000 679.918 7.000
C_445 0.000 322.480 4.000
P_446 0.000 -195.996 0.000
V_447 0.000 613.196 3.000
G_448 0.000 -27.649 6.000
S_449 -15.425 -90.060 9.000
S_450 -15.425 -90.060 9.000
K_451 -17.811 -818.649 12.000
P_452 0.000 -195.996 12.000
T_453 -17.811 -90.974 12.000
K_454 -15.425 -818.649 9.000
T_455 -15.425 -90.974 9.000
G_456 0.000 -27.649 6.000
L_457 0.000 679.918 3.000
A_458 0.000 185.740 0.000
V_459 0.000 613.196 4.000
L_460 0.000 679.918 4.000
E_461 -18.409 -605.239 8.000
L_462 0.000 679.918 12.000
Q_463 -25.772 -643.904 15.000
N_464 -22.253 -507.047 11.000
K_465 -17.098 -818.649 11.000
L_466 0.000 679.918 10.000
P_467 0.000 -195.996 6.000
K_468 -14.420 -818.649 8.000
A_469 0.000 185.740 8.000
R_470 -21.845 -1015.709 8.000
V_471 0.000 613.196 7.000
V_472 0.000 613.196 7.000
Y_473 -7.426 -274.939 5.000
A_474 0.000 185.740 5.000
S_475 -14.420 -90.060 8.000
A_476 0.000 185.740 6.000
T_477 -11.867 -90.974 6.000
G_478 0.000 -27.649 6.000
A_479 0.000 185.740 10.000
S_480 -13.255 -90.060 7.000
E_481 -23.258 -605.239 12.000
P_482 0.000 -195.996 16.000
R_483 -29.616 -1015.709 13.000
N_484 -19.866 -507.047 9.000
M_485 0.000 401.769 11.000
A_486 0.000 185.740 6.000
Y_487 -8.431 -274.939 6.000
M_488 0.000 401.769 11.000
N_489 -22.253 -507.047 11.000
R_490 -23.856 -1015.709 9.000
L_491 0.000 679.918 9.000
G_492 0.000 -27.649 6.000
I_493 0.000 777.529 1.000
W_494 -3.990 -203.500 5.000
G_495 0.000 -27.649 5.000
E_496 -18.409 -605.239 8.000
G_497 0.000 -27.649 7.000
T_498 -13.255 -90.974 7.000
P_499 0.000 -195.996 8.000
F_500 0.000 560.542 12.000
R_501 -23.856 -1015.709 9.000
E_502 -23.258 -605.239 12.000
F_503 0.000 560.542 16.000
S_504 -17.098 -90.060 11.000
D_505 -16.691 -475.402 7.000
F_506 0.000 560.542 11.000
I_507 0.000 777.529 8.000
Q_508 -7.878 -643.904 4.000
A_509 0.000 185.740 8.000
V_510 0.000 613.196 13.000
E_511 -25.003 -605.239 14.000
R_512 -30.711 -1015.709 14.000
R_513 -30.711 -1015.709 14.000
G_514 0.000 -27.649 10.000
V_515 0.000 613.196 5.000
G_516 0.000 -27.649 0.000
A_517 0.000 185.740 4.000
M_518 0.000 401.769 4.000
E_519 -7.878 -605.239 4.000
I_520 0.000 777.529 4.000
V_521 0.000 613.196 4.000
A_522 0.000 185.740 4.000
M_523 0.000 401.769 4.000
D_524 -16.691 -475.402 7.000
M_525 0.000 401.769 7.000
K_526 -17.811 -818.649 12.000
L_527 0.000 679.918 8.000
R_528 -21.845 -1015.709 8.000
G_529 0.000 -27.649 7.000
M_530 0.000 401.769 7.000
Y_531 -1.718 -274.939 2.000
I_532 0.000 777.529 7.000
A_533 0.000 185.740 11.000
R_534 -23.856 -1015.709 9.000
Q_535 -23.258 -643.904 12.000
L_536 0.000 679.918 12.000
S_537 -16.309 -90.060 10.000
F_538 0.000 560.542 6.000
T_539 -11.867 -90.974 6.000
G_540 0.000 -27.649 6.000
V_541 0.000 613.196 6.000
T_542 -11.867 -90.974 6.000
F_543 0.000 560.542 6.000
K_544 -16.309 -818.649 10.000
I_545 0.000 777.529 11.000
E_546 -22.253 -605.239 11.000
E_547 -18.409 -605.239 8.000
V_548 0.000 613.196 8.000
L_549 0.000 679.918 7.000
L_550 0.000 679.918 7.000
S_551 -16.309 -90.060 10.000
Q_552 -23.258 -643.904 12.000
S_553 -17.811 -90.060 12.000
Y_554 -12.104 -274.939 12.000
V_555 0.000 613.196 8.000
K_556 -13.255 -818.649 7.000
M_557 0.000 401.769 9.000
Y_558 -12.104 -274.939 12.000
N_559 -19.866 -507.047 9.000
K_560 -15.425 -818.649 9.000
A_561 0.000 185.740 10.000
V_562 0.000 613.196 6.000
K_563 -7.878 -818.649 4.000
L_564 0.000 679.918 4.000
W_565 -3.436 -203.500 4.000
V_566 0.000 613.196 1.000
I_567 0.000 777.529 6.000
A_568 0.000 185.740 9.000
R_569 -30.711 -1015.709 14.000
E_570 -25.003 -605.239 14.000
R_571 -34.315 -1015.709 18.000
F_572 0.000 560.542 17.000
Q_573 -24.169 -643.904 13.000
Q_574 -18.409 -643.904 8.000
A_575 0.000 185.740 12.000
A_576 0.000 185.740 8.000
D_577 -7.878 -475.402 4.000
L_578 0.000 679.918 8.000
I_579 0.000 777.529 8.000
D_580 -18.409 -475.402 8.000
A_581 0.000 185.740 12.000
E_582 -27.150 -605.239 17.000
Q_583 -24.169 -643.904 13.000
R_584 -32.645 -1015.709 16.000
M_585 0.000 401.769 15.000
K_586 -19.059 -818.649 14.000
K_587 -15.425 -818.649 9.000
S_588 -16.309 -90.060 10.000
M_589 0.000 401.769 7.000
W_590 -5.155 -203.500 8.000
G_591 0.000 -27.649 5.000
Q_592 -14.591 -643.904 6.000
F_593 0.000 560.542 8.000
W_594 -5.155 -203.500 8.000
S_595 -11.867 -90.060 6.000
A_596 0.000 185.740 10.000
H_597 -12.900 -583.484 14.000
Q_598 -22.253 -643.904 11.000
R_599 -27.076 -1015.709 11.000
F_600 0.000 560.542 12.000
F_601 0.000 560.542 10.000
K_602 -10.149 -818.649 5.000
Y_603 -7.426 -274.939 5.000
L_604 0.000 679.918 5.000
C_605 0.000 322.480 2.000
I_606 0.000 777.529 3.000
A_607 0.000 185.740 6.000
S_608 -11.867 -90.060 6.000
K_609 -15.425 -818.649 9.000
V_610 0.000 613.196 14.000
K_611 -17.098 -818.649 11.000
R_612 -21.845 -1015.709 8.000
V_613 0.000 613.196 12.000
V_614 0.000 613.196 9.000
Q_615 -7.878 -643.904 4.000
L_616 0.000 679.918 9.000
A_617 0.000 185.740 13.000
R_618 -29.616 -1015.709 13.000
E_619 -24.169 -605.239 13.000
E_620 -26.485 -605.239 16.000
I_621 0.000 777.529 15.000
K_622 -17.098 -818.649 11.000
N_623 -21.132 -507.047 10.000
G_624 0.000 -27.649 10.000
K_625 -13.255 -818.649 7.000
C_626 0.000 322.480 3.000
V_627 0.000 613.196 3.000
V_628 0.000 613.196 0.000
I_629 0.000 777.529 0.000
G_630 0.000 -27.649 4.000
L_631 0.000 679.918 7.000
Q_632 -21.132 -643.904 10.000
S_633 -16.309 -90.060 10.000
T_634 -19.059 -90.974 14.000
G_635 0.000 -27.649 10.000
E_636 -23.258 -605.239 12.000
A_637 0.000 185.740 12.000
R_638 -28.412 -1015.709 12.000
T_639 -17.811 -90.974 12.000
L_640 0.000 679.918 12.000
E_641 -16.691 -605.239 7.000
A_642 0.000 185.740 8.000
L_643 0.000 679.918 12.000
E_644 -18.409 -605.239 8.000
E_645 -18.409 -605.239 8.000
G_646 0.000 -27.649 8.000
G_647 0.000 -27.649 8.000
G_648 0.000 -27.649 4.000
E_649 -18.409 -605.239 8.000
L_650 0.000 679.918 12.000
N_651 -23.258 -507.047 12.000
D_652 -18.409 -475.402 8.000
F_653 0.000 560.542 11.000
V_654 0.000 613.196 10.000
S_655 -11.867 -90.060 6.000
T_656 -15.425 -90.974 9.000
A_657 0.000 185.740 9.000
K_658 -11.867 -818.649 6.000
G_659 0.000 -27.649 3.000
V_660 0.000 613.196 7.000
L_661 0.000 679.918 7.000
Q_662 -16.691 -643.904 7.000
S_663 -13.255 -90.060 7.000
L_664 0.000 679.918 11.000
I_665 0.000 777.529 10.000
E_666 -19.866 -605.239 9.000
K_667 -15.425 -818.649 9.000
H_668 -10.601 -583.484 9.000
F_669 0.000 560.542 5.000
P_670 0.000 -195.996 2.000
A_671 0.000 185.740 4.000
P_672 0.000 -195.996 9.000
D_673 -23.258 -475.402 12.000
R_674 -31.716 -1015.709 15.000
K_675 -19.613 -818.649 15.000
K_676 -18.462 -818.649 13.000
L_677 0.000 679.918 11.000
Y_678 -9.978 -274.939 8.000
S_679 -10.149 -90.060 5.000
L_680 0.000 679.918 5.000
L_681 0.000 679.918 3.000
G_682 0.000 -27.649 4.000
I_683 0.000 777.529 4.000
D_684 -16.691 -475.402 7.000
L_685 0.000 679.918 7.000
T_686 -13.255 -90.974 7.000
A_687 0.000 185.740 6.000
P_688 0.000 -195.996 10.000
S_689 -17.098 -90.060 11.000
N_690 -25.003 -507.047 14.000
N_691 -27.150 -507.047 17.000
S_692 -19.059 -90.060 14.000
S_693 -19.613 -90.060 15.000
P_694 0.000 -195.996 15.000
R_695 -31.716 -1015.709 15.000
D_696 -23.258 -475.402 12.000
S_697 -17.811 -90.060 12.000
P_698 0.000 -195.996 10.000
C_699 0.000 322.480 10.000
K_700 -17.098 -818.649 11.000
E_701 -25.003 -605.239 14.000
N_702 -25.003 -507.047 14.000
K_703 -19.059 -818.649 14.000
I_704 0.000 777.529 13.000
K_705 -19.059 -818.649 14.000
K_706 -19.059 -818.649 14.000
R_707 -30.711 -1015.709 14.000
K_708 -19.613 -818.649 15.000
G_709 0.000 -27.649 16.000
E_710 -22.253 -605.239 11.000
E_711 -22.253 -605.239 11.000
I_712 0.000 777.529 16.000
T_713 -20.127 -90.974 16.000
R_714 -28.412 -1015.709 12.000
E_715 -25.772 -605.239 15.000
A_716 0.000 185.740 15.000
K_717 -16.309 -818.649 10.000
K_718 -17.098 -818.649 11.000
A_719 0.000 185.740 14.000
R_720 -27.076 -1015.709 11.000
K_721 -14.420 -818.649 8.000
V_722 0.000 613.196 8.000
G_723 0.000 -27.649 3.000
G_724 0.000 -27.649 3.000
L_725 0.000 679.918 3.000
T_726 -11.867 -90.974 6.000
G_727 0.000 -27.649 9.000
S_728 -17.811 -90.060 12.000
S_729 -18.462 -90.060 13.000
S_730 -20.609 -90.060 17.000
D_731 -27.150 -475.402 17.000
D_732 -25.003 -475.402 14.000
S_733 -19.059 -90.060 14.000
G_734 0.000 -27.649 14.000
S_735 -18.462 -90.060 13.000
E_736 -25.003 -605.239 14.000
S_737 -19.059 -90.060 14.000
D_738 -25.003 -475.402 14.000
A_739 0.000 185.740 14.000
S_740 -19.613 -90.060 15.000
D_741 -25.772 -475.402 15.000
N_742 -28.359 -507.047 19.000
E_743 -28.359 -605.239 19.000
E_744 -28.359 -605.239 19.000
S_745 -20.609 -90.060 17.000
D_746 -27.150 -475.402 17.000
Y_747 -13.586 -274.939 16.000
E_748 -26.485 -605.239 16.000
S_749 -19.613 -90.060 15.000
S_750 -20.609 -90.060 17.000
K_751 -18.462 -818.649 13.000
N_752 -24.169 -507.047 13.000
M_753 0.000 401.769 13.000
S_754 -16.309 -90.060 10.000
S_755 -16.309 -90.060 10.000
G_756 0.000 -27.649 14.000
D_757 -25.772 -475.402 15.000
D_758 -26.485 -475.402 16.000
D_759 -26.485 -475.402 16.000
D_760 -26.485 -475.402 16.000
F_761 0.000 560.542 12.000
N_762 -18.409 -507.047 8.000
P_763 0.000 -195.996 4.000
F_764 0.000 560.542 8.000
L_765 0.000 679.918 8.000
D_766 -22.253 -475.402 11.000
E_767 -25.772 -605.239 15.000
S_768 -21.486 -90.060 19.000
N_769 -28.359 -507.047 19.000
E_770 -28.359 -605.239 19.000
D_771 -28.912 -475.402 20.000
D_772 -28.912 -475.402 20.000
E_773 -28.912 -605.239 20.000
N_774 -26.485 -507.047 16.000
D_775 -24.169 -475.402 13.000
P_776 0.000 -195.996 9.000
W_777 -3.990 -203.500 5.000
L_778 0.000 679.918 6.000
I_779 0.000 777.529 9.000
R_780 -28.412 -1015.709 12.000
K_781 -19.059 -818.649 14.000
D_782 -27.150 -475.402 17.000
H_783 -13.255 -583.484 15.000
K_784 -20.127 -818.649 16.000
K_785 -19.613 -818.649 15.000
N_786 -27.150 -507.047 17.000
K_787 -20.609 -818.649 17.000
E_788 -27.150 -605.239 17.000
K_789 -20.127 -818.649 16.000
K_790 -20.127 -818.649 16.000
K_791 -19.613 -818.649 15.000
K_792 -19.613 -818.649 15.000
K_793 -17.811 -818.649 12.000
S_794 -18.462 -90.060 13.000
I_795 0.000 777.529 10.000
D_796 -22.253 -475.402 11.000
P_797 0.000 -195.996 11.000
D_798 -22.253 -475.402 11.000
S_799 -17.098 -90.060 11.000
I_800 0.000 777.529 14.000
Q_801 -21.132 -643.904 10.000
S_802 -13.255 -90.060 7.000
A_803 0.000 185.740 7.000
L_804 0.000 679.918 3.000
L_805 0.000 679.918 3.000
A_806 0.000 185.740 3.000
S_807 -4.441 -90.060 3.000
G_808 0.000 -27.649 3.000
L_809 0.000 679.918 6.000
G_810 0.000 -27.649 6.000
S_811 -17.098 -90.060 11.000
K_812 -17.098 -818.649 11.000
R_813 -30.711 -1015.709 14.000
P_814 0.000 -195.996 11.000
S_815 -17.098 -90.060 11.000
F_816 0.000 560.542 9.000
S_817 -17.811 -90.060 12.000
S_818 -15.425 -90.060 9.000
T_819 -15.425 -90.974 9.000
P_820 0.000 -195.996 6.000
V_821 0.000 613.196 6.000
I_822 0.000 777.529 3.000
S_823 -4.441 -90.060 3.000
P_824 0.000 -195.996 3.000
A_825 0.000 185.740 7.000
P_826 0.000 -195.996 7.000
N_827 -21.132 -507.047 10.000
S_828 -16.309 -90.060 10.000
T_829 -16.309 -90.974 10.000
P_830 0.000 -195.996 10.000
A_831 0.000 185.740 10.000
N_832 -22.253 -507.047 11.000
S_833 -19.059 -90.060 14.000
N_834 -27.773 -507.047 18.000
T_835 -20.609 -90.974 17.000
N_836 -27.773 -507.047 18.000
S_837 -20.609 -90.060 17.000
N_838 -27.150 -507.047 17.000
S_839 -18.462 -90.060 13.000
S_840 -16.309 -90.060 10.000
L_841 0.000 679.918 9.000
I_842 0.000 777.529 9.000
T_843 -16.309 -90.974 10.000
S_844 -19.059 -90.060 14.000
Q_845 -25.003 -643.904 14.000
D_846 -22.253 -475.402 11.000
A_847 0.000 185.740 12.000
V_848 0.000 613.196 13.000
E_849 -19.866 -605.239 9.000
R_850 -29.616 -1015.709 13.000
A_851 0.000 185.740 17.000
Q_852 -24.169 -643.904 13.000
Q_853 -22.253 -643.904 11.000
M_854 0.000 401.769 14.000
K_855 -19.059 -818.649 14.000
K_856 -16.309 -818.649 10.000
D_857 -21.132 -475.402 10.000
L_858 0.000 679.918 11.000
L_859 0.000 679.918 11.000
D_860 -16.691 -475.402 7.000
K_861 -17.098 -818.649 11.000
L_862 0.000 679.918 14.000
E_863 -21.132 -605.239 10.000
K_864 -13.255 -818.649 7.000
L_865 0.000 679.918 11.000
A_866 0.000 185.740 11.000
E_867 -18.409 -605.239 8.000
D_868 -18.409 -475.402 8.000
L_869 0.000 679.918 8.000
P_870 0.000 -195.996 8.000
P_871 0.000 -195.996 7.000
N_872 -16.691 -507.047 7.000
T_873 -17.098 -90.974 11.000
L_874 0.000 679.918 15.000
D_875 -22.253 -475.402 11.000
E_876 -18.409 -605.239 8.000
L_877 0.000 679.918 12.000
I_878 0.000 777.529 12.000
D_879 -18.409 -475.402 8.000
E_880 -18.409 -605.239 8.000
L_881 0.000 679.918 8.000
G_882 0.000 -27.649 4.000
G_883 0.000 -27.649 4.000
P_884 0.000 -195.996 8.000
E_885 -18.409 -605.239 8.000
N_886 -18.409 -507.047 8.000
V_887 0.000 613.196 12.000
A_888 0.000 185.740 8.000
E_889 -16.691 -605.239 7.000
M_890 0.000 401.769 7.000
T_891 -17.811 -90.974 12.000
G_892 0.000 -27.649 11.000
R_893 -27.076 -1015.709 11.000
K_894 -18.462 -818.649 13.000
G_895 0.000 -27.649 13.000
R_896 -21.845 -1015.709 8.000
V_897 0.000 613.196 8.000
V_898 0.000 613.196 12.000
S_899 -17.098 -90.060 11.000
N_900 -25.772 -507.047 15.000
D_901 -25.772 -475.402 15.000
D_902 -25.772 -475.402 15.000
G_903 0.000 -27.649 11.000
S_904 -16.309 -90.060 10.000
I_905 0.000 777.529 8.000
S_906 -17.811 -90.060 12.000
Y_907 -12.104 -274.939 12.000
E_908 -27.150 -605.239 17.000
S_909 -20.609 -90.060 17.000
R_910 -35.072 -1015.709 19.000
S_911 -19.613 -90.060 15.000
E_912 -26.485 -605.239 16.000
L_913 0.000 679.918 11.000
D_914 -18.409 -475.402 8.000
V_915 0.000 613.196 4.000
P_916 0.000 -195.996 8.000
V_917 0.000 613.196 4.000
E_918 -7.878 -605.239 4.000
I_919 0.000 777.529 8.000
L_920 0.000 679.918 8.000
N_921 -16.691 -507.047 7.000
I_922 0.000 777.529 11.000
T_923 -19.059 -90.974 14.000
E_924 -25.003 -605.239 14.000
K_925 -21.486 -818.649 19.000
Q_926 -26.485 -643.904 16.000
R_927 -28.412 -1015.709 12.000
F_928 0.000 560.542 13.000
M_929 0.000 401.769 9.000
D_930 -18.409 -475.402 8.000
G_931 0.000 -27.649 11.000
D_932 -25.772 -475.402 15.000
K_933 -17.098 -818.649 11.000
N_934 -22.253 -507.047 11.000
I_935 0.000 777.529 7.000
A_936 0.000 185.740 4.000
I_937 0.000 777.529 3.000
I_938 0.000 777.529 7.000
S_939 -13.255 -90.060 7.000
E_940 -16.691 -605.239 7.000
A_941 0.000 185.740 10.000
A_942 0.000 185.740 10.000
S_943 -11.867 -90.060 6.000
S_944 -11.867 -90.060 6.000
G_945 0.000 -27.649 9.000
I_946 0.000 777.529 6.000
S_947 -13.255 -90.060 7.000
L_948 0.000 679.918 7.000
Q_949 -22.253 -643.904 11.000
A_950 0.000 185.740 13.000
D_951 -27.773 -475.402 18.000
R_952 -30.711 -1015.709 14.000
R_953 -33.508 -1015.709 17.000
A_954 0.000 185.740 17.000
K_955 -20.127 -818.649 16.000
N_956 -26.485 -507.047 16.000
Q_957 -29.436 -643.904 21.000
R_958 -37.706 -1015.709 23.000
R_959 -35.072 -1015.709 19.000
R_960 -33.508 -1015.709 17.000
V_961 0.000 613.196 12.000
H_962 -11.154 -583.484 10.000
M_963 0.000 401.769 5.000
T_964 -15.425 -90.974 9.000
L_965 0.000 679.918 7.000
E_966 -16.691 -605.239 7.000
L_967 0.000 679.918 5.000
P_968 0.000 -195.996 8.000
W_969 -3.436 -203.500 4.000
S_970 -14.420 -90.060 8.000
A_971 0.000 185.740 13.000
D_972 -23.258 -475.402 12.000
R_973 -23.856 -1015.709 9.000
A_974 0.000 185.740 13.000
I_975 0.000 777.529 13.000
Q_976 -18.409 -643.904 8.000
Q_977 -18.409 -643.904 8.000
F_978 0.000 560.542 13.000
G_979 0.000 -27.649 12.000
R_980 -25.574 -1015.709 10.000
T_981 -19.613 -90.974 15.000
H_982 -14.188 -583.484 18.000
R_983 -33.508 -1015.709 17.000
S_984 -21.060 -90.060 18.000
N_985 -26.485 -507.047 16.000
Q_986 -25.003 -643.904 14.000
V_987 0.000 613.196 11.000
T_988 -13.255 -90.974 7.000
A_989 0.000 185.740 7.000
P_990 0.000 -195.996 9.000
E_991 -14.591 -605.239 6.000
Y_992 -8.431 -274.939 6.000
V_993 0.000 613.196 6.000
F_994 0.000 560.542 2.000
L_995 0.000 679.918 3.000
I_996 0.000 777.529 7.000
S_997 -13.255 -90.060 7.000
E_998 -16.691 -605.239 7.000
L_999 0.000 679.918 7.000
A_1000 0.000 185.740 8.000
G_1001 0.000 -27.649 8.000
E_1002 -24.169 -605.239 13.000
Q_1003 -24.169 -643.904 13.000
R_1004 -29.616 -1015.709 13.000
F_1005 0.000 560.542 12.000
A_1006 0.000 185.740 8.000
S_1007 -4.441 -90.060 3.000
I_1008 0.000 777.529 3.000
V_1009 0.000 613.196 6.000
A_1010 0.000 185.740 8.000
K_1011 -14.420 -818.649 8.000
R_1012 -28.412 -1015.709 12.000
L_1013 0.000 679.918 15.000
E_1014 -23.258 -605.239 12.000
S_1015 -13.255 -90.060 7.000
L_1016 0.000 679.918 7.000
G_1017 0.000 -27.649 3.000
A_1018 0.000 185.740 3.000
L_1019 0.000 679.918 5.000
T_1020 -10.149 -90.974 5.000
H_1021 -10.601 -583.484 9.000
G_1022 0.000 -27.649 14.000
D_1023 -26.485 -475.402 16.000
R_1024 -30.711 -1015.709 14.000
R_1025 -33.508 -1015.709 17.000
A_1026 0.000 185.740 17.000
T_1027 -19.613 -90.974 15.000
E_1028 -25.772 -605.239 15.000
S_1029 -21.486 -90.060 19.000
R_1030 -32.645 -1015.709 16.000
D_1031 -25.772 -475.402 15.000
L_1032 0.000 679.918 17.000
S_1033 -17.811 -90.060 12.000
R_1034 -28.412 -1015.709 12.000
F_1035 0.000 560.542 12.000
N_1036 -24.169 -507.047 13.000
F_1037 0.000 560.542 12.000
D_1038 -25.772 -475.402 15.000
N_1039 -24.169 -507.047 13.000
K_1040 -18.462 -818.649 13.000
Y_1041 -12.900 -274.939 14.000
G_1042 0.000 -27.649 14.000
R_1043 -27.076 -1015.709 11.000
N_1044 -19.866 -507.047 9.000
A_1045 0.000 185.740 13.000
L_1046 0.000 679.918 8.000
E_1047 -7.878 -605.239 4.000
I_1048 0.000 777.529 4.000
V_1049 0.000 613.196 7.000
M_1050 0.000 401.769 6.000
K_1051 -11.867 -818.649 6.000
S_1052 -11.867 -90.060 6.000
I_1053 0.000 777.529 10.000
V_1054 0.000 613.196 7.000
N_1055 -18.409 -507.047 8.000
L_1056 0.000 679.918 11.000
D_1057 -22.253 -475.402 11.000
S_1058 -13.255 -90.060 7.000
P_1059 0.000 -195.996 7.000
M_1060 0.000 401.769 6.000
V_1061 0.000 613.196 3.000
S_1062 -4.441 -90.060 3.000
P_1063 0.000 -195.996 3.000
P_1064 0.000 -195.996 7.000
P_1065 0.000 -195.996 6.000
D_1066 -14.591 -475.402 6.000
Y_1067 -8.431 -274.939 6.000
P_1068 0.000 -195.996 10.000
G_1069 0.000 -27.649 6.000
E_1070 -7.878 -605.239 4.000
F_1071 0.000 560.542 7.000
F_1072 0.000 560.542 11.000
K_1073 -13.255 -818.649 7.000
D_1074 -23.258 -475.402 12.000
V_1075 0.000 613.196 16.000
R_1076 -29.616 -1015.709 13.000
Q_1077 -19.866 -643.904 9.000
G_1078 0.000 -27.649 9.000
L_1079 0.000 679.918 4.000
I_1080 0.000 777.529 0.000
G_1081 0.000 -27.649 0.000
V_1082 0.000 613.196 0.000
G_1083 0.000 -27.649 0.000
L_1084 0.000 679.918 4.000
I_1085 0.000 777.529 4.000
N_1086 -18.409 -507.047 8.000
V_1087 0.000 613.196 12.000
E_1088 -27.150 -605.239 17.000
D_1089 -26.485 -475.402 16.000
R_1090 -32.645 -1015.709 16.000
S_1091 -17.811 -90.060 12.000
G_1092 0.000 -27.649 8.000
I_1093 0.000 777.529 6.000
L_1094 0.000 679.918 3.000
T_1095 -13.255 -90.974 7.000
L_1096 0.000 679.918 10.000
D_1097 -25.003 -475.402 14.000
K_1098 -18.462 -818.649 13.000
D_1099 -27.150 -475.402 17.000
Y_1100 -13.896 -274.939 17.000
N_1101 -25.003 -507.047 14.000
N_1102 -21.132 -507.047 10.000
I_1103 0.000 777.529 11.000
G_1104 0.000 -27.649 7.000
K_1105 -4.441 -818.649 3.000
F_1106 0.000 560.542 7.000
L_1107 0.000 679.918 12.000
N_1108 -19.866 -507.047 9.000
R_1109 -23.856 -1015.709 9.000
I_1110 0.000 777.529 9.000
L_1111 0.000 679.918 5.000
G_1112 0.000 -27.649 4.000
M_1113 0.000 401.769 4.000
E_1114 -14.591 -605.239 6.000
V_1115 0.000 613.196 10.000
H_1116 -12.900 -583.484 14.000
Q_1117 -25.003 -643.904 14.000
Q_1118 -25.003 -643.904 14.000
N_1119 -23.258 -507.047 12.000
A_1120 0.000 185.740 8.000
L_1121 0.000 679.918 8.000
F_1122 0.000 560.542 6.000
Q_1123 -14.591 -643.904 6.000
Y_1124 -8.431 -274.939 6.000
F_1125 0.000 560.542 10.000
A_1126 0.000 185.740 9.000
D_1127 -16.691 -475.402 7.000
T_1128 -16.309 -90.974 10.000
L_1129 0.000 679.918 10.000
T_1130 -11.867 -90.974 6.000
A_1131 0.000 185.740 3.000
V_1132 0.000 613.196 7.000
V_1133 0.000 613.196 8.000
Q_1134 -18.409 -643.904 8.000
N_1135 -22.253 -507.047 11.000
A_1136 0.000 185.740 14.000
K_1137 -19.059 -818.649 14.000
K_1138 -16.309 -818.649 10.000
N_1139 -25.772 -507.047 15.000
G_1140 0.000 -27.649 14.000
R_1141 -31.716 -1015.709 15.000
Y_1142 -11.652 -274.939 11.000
D_1143 -22.253 -475.402 11.000
M_1144 0.000 401.769 6.000
G_1145 0.000 -27.649 4.000
I_1146 0.000 777.529 4.000
L_1147 0.000 679.918 4.000
D_1148 -7.878 -475.402 4.000
L_1149 0.000 679.918 7.000
G_1150 0.000 -27.649 7.000
S_1151 -13.255 -90.060 7.000
G_1152 0.000 -27.649 11.000
D_1153 -25.003 -475.402 14.000
E_1154 -22.253 -605.239 11.000
K_1155 -20.127 -818.649 16.000
V_1156 0.000 613.196 15.000
R_1157 -30.711 -1015.709 14.000
K_1158 -19.613 -818.649 15.000
S_1159 -19.613 -90.060 15.000
D_1160 -24.169 -475.402 13.000
V_1161 0.000 613.196 13.000
K_1162 -16.309 -818.649 10.000
K_1163 -11.867 -818.649 6.000
F_1164 0.000 560.542 9.000
L_1165 0.000 679.918 6.000
T_1166 -4.441 -90.974 3.000
P_1167 0.000 -195.996 5.000
G_1168 0.000 -27.649 8.000
Y_1169 -9.978 -274.939 8.000
S_1170 -17.098 -90.060 11.000
T_1171 -17.098 -90.974 11.000
S_1172 -17.098 -90.060 11.000
G_1173 0.000 -27.649 8.000
H_1174 -10.601 -583.484 9.000
V_1175 0.000 613.196 6.000
E_1176 -18.409 -605.239 8.000
L_1177 0.000 679.918 9.000
Y_1178 -10.601 -274.939 9.000
T_1179 -14.420 -90.974 8.000
I_1180 0.000 777.529 8.000
S_1181 -16.309 -90.060 10.000
V_1182 0.000 613.196 12.000
E_1183 -23.258 -605.239 12.000
R_1184 -23.856 -1015.709 9.000
G_1185 0.000 -27.649 12.000
M_1186 0.000 401.769 9.000
S_1187 -14.420 -90.060 8.000
W_1188 -6.160 -203.500 12.000
E_1189 -23.258 -605.239 12.000
E_1190 -23.258 -605.239 12.000
A_1191 0.000 185.740 14.000
T_1192 -16.309 -90.974 10.000
K_1193 -13.255 -818.649 7.000
I_1194 0.000 777.529 7.000
W_1195 -5.155 -203.500 8.000
A_1196 0.000 185.740 5.000
E_1197 -18.409 -605.239 8.000
L_1198 0.000 679.918 7.000
T_1199 -13.255 -90.974 7.000
G_1200 0.000 -27.649 7.000
P_1201 0.000 -195.996 11.000
D_1202 -18.409 -475.402 8.000
D_1203 -18.409 -475.402 8.000
G_1204 0.000 -27.649 10.000
F_1205 0.000 560.542 6.000
Y_1206 -7.426 -274.939 5.000
L_1207 0.000 679.918 5.000
S_1208 -15.425 -90.060 9.000
L_1209 0.000 679.918 7.000
Q_1210 -23.258 -643.904 12.000
I_1211 0.000 777.529 13.000
R_1212 -33.508 -1015.709 17.000
N_1213 -26.485 -507.047 16.000
N_1214 -28.359 -507.047 19.000
K_1215 -20.609 -818.649 17.000
K_1216 -18.462 -818.649 13.000
T_1217 -15.425 -90.974 9.000
A_1218 0.000 185.740 6.000
I_1219 0.000 777.529 3.000
L_1220 0.000 679.918 3.000
V_1221 0.000 613.196 7.000
K_1222 -13.255 -818.649 7.000
E_1223 -22.253 -605.239 11.000
V_1224 0.000 613.196 11.000
N_1225 -22.253 -507.047 11.000
P_1226 0.000 -195.996 10.000
K_1227 -18.462 -818.649 13.000
K_1228 -15.425 -818.649 9.000
K_1229 -15.425 -818.649 9.000
L_1230 0.000 679.918 6.000
F_1231 0.000 560.542 3.000
L_1232 0.000 679.918 2.000
V_1233 0.000 613.196 7.000
Y_1234 -9.265 -274.939 7.000
R_1235 -27.076 -1015.709 11.000
P_1236 0.000 -195.996 14.000
N_1237 -23.258 -507.047 12.000
T_1238 -16.309 -90.974 10.000
G_1239 0.000 -27.649 14.000
K_1240 -16.309 -818.649 10.000
Q_1241 -21.132 -643.904 10.000
L_1242 0.000 679.918 10.000
K_1243 -17.098 -818.649 11.000
L_1244 0.000 679.918 7.000
E_1245 -19.866 -605.239 9.000
I_1246 0.000 777.529 6.000
Y_1247 -11.154 -274.939 10.000
A_1248 0.000 185.740 6.000
D_1249 -19.866 -475.402 9.000
L_1250 0.000 679.918 10.000
K_1251 -18.462 -818.649 13.000
K_1252 -17.098 -818.649 11.000
K_1253 -19.059 -818.649 14.000
Y_1254 -12.900 -274.939 14.000
K_1255 -17.098 -818.649 11.000
K_1256 -14.420 -818.649 8.000
V_1257 0.000 613.196 9.000
V_1258 0.000 613.196 10.000
S_1259 -17.098 -90.060 11.000
D_1260 -22.253 -475.402 11.000
D_1261 -22.253 -475.402 11.000
A_1262 0.000 185.740 8.000
L_1263 0.000 679.918 6.000
M_1264 0.000 401.769 3.000
H_1265 -4.441 -583.484 3.000
W_1266 -4.824 -203.500 7.000
L_1267 0.000 679.918 11.000
D_1268 -22.253 -475.402 11.000
Q_1269 -25.003 -643.904 14.000
Y_1270 -13.896 -274.939 17.000
N_1271 -26.485 -507.047 16.000
S_1272 -17.811 -90.060 12.000
S_1273 -19.059 -90.060 14.000
A_1274 0.000 185.740 13.000
D_1275 -21.132 -475.402 10.000
T_1276 -16.309 -90.974 10.000
C_1277 0.000 322.480 12.000
T_1278 -14.420 -90.974 8.000
H_1279 -9.265 -583.484 7.000
A_1280 0.000 185.740 8.000
Y_1281 -11.154 -274.939 10.000
W_1282 -5.155 -203.500 8.000
R_1283 -28.412 -1015.709 12.000
G_1284 0.000 -27.649 10.000
N_1285 -23.258 -507.047 12.000
C_1286 0.000 322.480 10.000
K_1287 -16.309 -818.649 10.000
K_1288 -15.425 -818.649 9.000
A_1289 0.000 185.740 9.000
S_1290 -11.867 -90.060 6.000
L_1291 0.000 679.918 3.000
G_1292 0.000 -27.649 3.000
L_1293 0.000 679.918 0.000
V_1294 0.000 613.196 4.000
C_1295 0.000 322.480 4.000
E_1296 -7.878 -605.239 4.000
I_1297 0.000 777.529 4.000
G_1298 0.000 -27.649 9.000
L_1299 0.000 679.918 5.000
R_1300 -25.574 -1015.709 10.000
C_1301 0.000 322.480 13.000
R_1302 -31.716 -1015.709 15.000
T_1303 -17.811 -90.974 12.000
Y_1304 -12.104 -274.939 12.000
Y_1305 -9.265 -274.939 7.000
V_1306 0.000 613.196 4.000
L_1307 0.000 679.918 2.000
C_1308 0.000 322.480 3.000
G_1309 0.000 -27.649 3.000
S_1310 -4.441 -90.060 3.000
V_1311 0.000 613.196 6.000
L_1312 0.000 679.918 6.000
S_1313 -7.878 -90.060 4.000
V_1314 0.000 613.196 7.000
W_1315 -5.708 -203.500 10.000
T_1316 -13.255 -90.974 7.000
K_1317 -17.098 -818.649 11.000
V_1318 0.000 613.196 10.000
E_1319 -16.691 -605.239 7.000
G_1320 0.000 -27.649 4.000
V_1321 0.000 613.196 4.000
L_1322 0.000 679.918 3.000
A_1323 0.000 185.740 3.000
S_1324 -11.867 -90.060 6.000
V_1325 0.000 613.196 6.000
S_1326 -15.425 -90.060 9.000
G_1327 0.000 -27.649 10.000
T_1328 -16.309 -90.974 10.000
N_1329 -21.132 -507.047 10.000
V_1330 0.000 613.196 10.000
K_1331 -17.098 -818.649 11.000
M_1332 0.000 401.769 7.000
Q_1333 -16.691 -643.904 7.000
I_1334 0.000 777.529 9.000
V_1335 0.000 613.196 9.000
R_1336 -25.574 -1015.709 10.000
L_1337 0.000 679.918 13.000
R_1338 -33.508 -1015.709 17.000
T_1339 -20.127 -90.974 16.000
E_1340 -26.485 -605.239 16.000
D_1341 -25.772 -475.402 15.000
G_1342 0.000 -27.649 17.000
Q_1343 -24.169 -643.904 13.000
R_1344 -23.856 -1015.709 9.000
I_1345 0.000 777.529 9.000
V_1346 0.000 613.196 5.000
G_1347 0.000 -27.649 0.000
L_1348 0.000 679.918 0.000
I_1349 0.000 777.529 0.000
I_1350 0.000 777.529 0.000
P_1351 0.000 -195.996 4.000
A_1352 0.000 185.740 4.000
N_1353 -7.878 -507.047 4.000
C_1354 0.000 322.480 7.000
V_1355 0.000 613.196 7.000
S_1356 -4.441 -90.060 3.000
P_1357 0.000 -195.996 3.000
L_1358 0.000 679.918 7.000
V_1359 0.000 613.196 4.000
N_1360 -7.878 -507.047 4.000
L_1361 0.000 679.918 7.000
L_1362 0.000 679.918 10.000
S_1363 -15.425 -90.060 9.000
T_1364 -18.462 -90.974 13.000
S_1365 -20.609 -90.060 17.000
D_1366 -27.150 -475.402 17.000
Q_1367 -27.773 -643.904 18.000
S_1368 -21.486 -90.060 19.000
Q_1369 -25.772 -643.904 15.000
Q_1370 -22.253 -643.904 11.000
L_1371 0.000 679.918 8.000
A_1372 0.000 185.740 8.000
V_1373 0.000 613.196 8.000
Q_1374 -22.253 -643.904 11.000
Q_1375 -25.772 -643.904 15.000
K_1376 -19.613 -818.649 15.000
Q_1377 -23.258 -643.904 12.000
L_1378 0.000 679.918 12.000
W_1379 -6.358 -203.500 13.000
Q_1380 -22.253 -643.904 11.000
Q_1381 -24.169 -643.904 13.000
H_1382 -12.104 -583.484 12.000
H_1383 -12.104 -583.484 12.000
P_1384 0.000 -195.996 11.000
Q_1385 -19.866 -643.904 9.000
S_1386 -16.309 -90.060 10.000
I_1387 0.000 777.529 14.000
T_1388 -16.309 -90.974 10.000
N_1389 -21.132 -507.047 10.000
L_1390 0.000 679.918 14.000
S_1391 -17.098 -90.060 11.000
N_1392 -16.691 -507.047 7.000
A_1393 0.000 185.740 7.000
