M_1 0.000 401.769 4.000
E_2 -18.409 -605.239 8.000
L_3 0.000 679.918 13.000
E_4 -24.169 -605.239 13.000
R_5 -23.856 -1015.709 9.000
I_6 0.000 777.529 12.000
V_7 0.000 613.196 8.000
S_8 -4.441 -90.060 3.000
A_9 0.000 185.740 3.000
A_10 0.000 185.740 3.000
L_11 0.000 679.918 0.000
L_12 0.000 679.918 0.000
A_13 0.000 185.740 0.000
F_14 0.000 560.542 4.000
V_15 0.000 613.196 7.000
Q_16 -19.866 -643.904 9.000
T_17 -15.425 -90.974 9.000
H_18 -10.601 -583.484 9.000
L_19 0.000 679.918 9.000
P_20 0.000 -195.996 6.000
E_21 -18.409 -605.239 8.000
A_22 0.000 185.740 8.000
D_23 -22.253 -475.402 11.000
L_24 0.000 679.918 7.000
S_25 -13.255 -90.060 7.000
G_26 0.000 -27.649 7.000
L_27 0.000 679.918 11.000
D_28 -18.409 -475.402 8.000
E_29 -18.409 -605.239 8.000
V_30 0.000 613.196 8.000
I_31 0.000 777.529 7.000
F_32 0.000 560.542 5.000
S_33 -10.149 -90.060 5.000
Y_34 -7.426 -274.939 5.000
V_35 0.000 613.196 5.000
L_36 0.000 679.918 2.000
G_37 0.000 -27.649 0.000
V_38 0.000 613.196 4.000
L_39 0.000 679.918 8.000
E_40 -18.409 -605.239 8.000
D_41 -18.409 -475.402 8.000
L_42 0.000 679.918 8.000
G_43 0.000 -27.649 7.000
P_44 0.000 -195.996 3.000
S_45 -4.441 -90.060 3.000
G_46 0.000 -27.649 6.000
P_47 0.000 -195.996 10.000
S_48 -17.098 -90.060 11.000
E_49 -25.772 -605.239 15.000
E_50 -25.772 -605.239 15.000
N_51 -26.485 -507.047 16.000
F_52 0.000 560.542 12.000
D_53 -23.258 -475.402 12.000
M_54 0.000 401.769 8.000
E_55 -18.409 -605.239 8.000
A_56 0.000 185.740 7.000
F_57 0.000 560.542 11.000
T_58 -13.255 -90.974 7.000
E_59 -16.691 -605.239 7.000
M_60 0.000 401.769 11.000
M_61 0.000 401.769 8.000
E_62 -14.591 -605.239 6.000
A_63 0.000 185.740 6.000
Y_64 -8.431 -274.939 6.000
V_65 0.000 613.196 2.000
P_66 0.000 -195.996 2.000
G_67 0.000 -27.649 0.000
F_68 0.000 560.542 2.000
A_69 0.000 185.740 2.000
H_70 -1.718 -583.484 2.000
I_71 0.000 777.529 7.000
P_72 0.000 -195.996 7.000
R_73 -21.845 -1015.709 8.000
G_74 0.000 -27.649 8.000
T_75 -14.420 -90.974 8.000
I_76 0.000 777.529 7.000
G_77 0.000 -27.649 7.000
D_78 -7.878 -475.402 4.000
M_79 0.000 401.769 8.000
M_80 0.000 401.769 11.000
Q_81 -16.691 -643.904 7.000
K_82 -16.309 -818.649 10.000
L_83 0.000 679.918 10.000
S_84 -16.309 -90.060 10.000
G_85 0.000 -27.649 7.000
Q_86 -21.132 -643.904 10.000
L_87 0.000 679.918 11.000
S_88 -17.098 -90.060 11.000
D_89 -23.258 -475.402 12.000
A_90 0.000 185.740 16.000
R_91 -32.645 -1015.709 16.000
N_92 -26.485 -507.047 16.000
K_93 -21.889 -818.649 20.000
E_94 -25.772 -605.239 15.000
N_95 -25.772 -507.047 15.000
L_96 0.000 679.918 12.000
Q_97 -23.258 -643.904 12.000
P_98 0.000 -195.996 11.000
Q_99 -25.003 -643.904 14.000
S_100 -16.309 -90.060 10.000
S_101 -16.309 -90.060 10.000
G_102 0.000 -27.649 10.000
V_103 0.000 613.196 7.000
Q_104 -18.409 -643.904 8.000
G_105 0.000 -27.649 8.000
Q_106 -18.409 -643.904 8.000
V_107 0.000 613.196 4.000
P_108 0.000 -195.996 7.000
I_109 0.000 777.529 3.000
S_110 -13.255 -90.060 7.000
P_111 0.000 -195.996 7.000
E_112 -16.691 -605.239 7.000
P_113 0.000 -195.996 8.000
L_114 0.000 679.918 13.000
Q_115 -19.866 -643.904 9.000
R_116 -29.616 -1015.709 13.000
P_117 0.000 -195.996 13.000
E_118 -19.866 -605.239 9.000
M_119 0.000 401.769 7.000
L_120 0.000 679.918 11.000
K_121 -17.098 -818.649 11.000
E_122 -25.003 -605.239 14.000
E_123 -28.359 -605.239 19.000
T_124 -21.486 -90.974 19.000
R_125 -34.315 -1015.709 18.000
S_126 -19.059 -90.060 14.000
S_127 -17.098 -90.060 11.000
A_128 0.000 185.740 6.000
A_129 0.000 185.740 3.000
A_130 0.000 185.740 0.000
A_131 0.000 185.740 4.000
A_132 0.000 185.740 7.000
D_133 -22.253 -475.402 11.000
T_134 -19.613 -90.974 15.000
Q_135 -28.359 -643.904 19.000
D_136 -25.772 -475.402 15.000
E_137 -25.772 -605.239 15.000
A_138 0.000 185.740 11.000
T_139 -13.255 -90.974 7.000
G_140 0.000 -27.649 7.000
A_141 0.000 185.740 11.000
E_142 -23.258 -605.239 12.000
E_143 -23.258 -605.239 12.000
E_144 -23.258 -605.239 12.000
L_145 0.000 679.918 8.000
L_146 0.000 679.918 4.000
P_147 0.000 -195.996 0.000
G_148 0.000 -27.649 4.000
V_149 0.000 613.196 4.000
D_150 -7.878 -475.402 4.000
V_151 0.000 613.196 4.000
L_152 0.000 679.918 8.000
L_153 0.000 679.918 4.000
E_154 -7.878 -605.239 4.000
V_155 0.000 613.196 4.000
F_156 0.000 560.542 7.000
P_157 0.000 -195.996 3.000
T_158 -11.867 -90.974 6.000
C_159 0.000 322.480 6.000
S_160 -16.309 -90.060 10.000
V_161 0.000 613.196 11.000
E_162 -22.253 -605.239 11.000
Q_163 -23.258 -643.904 12.000
A_164 0.000 185.740 13.000
Q_165 -19.866 -643.904 9.000
W_166 -3.990 -203.500 5.000
V_167 0.000 613.196 5.000
L_168 0.000 679.918 4.000
A_169 0.000 185.740 3.000
K_170 -14.420 -818.649 8.000
A_171 0.000 185.740 8.000
R_172 -28.412 -1015.709 12.000
G_173 0.000 -27.649 9.000
D_174 -24.169 -475.402 13.000
L_175 0.000 679.918 12.000
E_176 -23.258 -605.239 12.000
E_177 -18.409 -605.239 8.000
A_178 0.000 185.740 12.000
V_179 0.000 613.196 8.000
Q_180 -7.878 -643.904 4.000
M_181 0.000 401.769 4.000
L_182 0.000 679.918 8.000
V_183 0.000 613.196 4.000
E_184 -16.691 -605.239 7.000
G_185 0.000 -27.649 11.000
K_186 -19.613 -818.649 15.000
E_187 -22.253 -605.239 11.000
E_188 -22.253 -605.239 11.000
G_189 0.000 -27.649 8.000
P_190 0.000 -195.996 4.000
A_191 0.000 185.740 1.000
A_192 0.000 185.740 5.000
W_193 -3.990 -203.500 5.000
E_194 -11.867 -605.239 5.000
G_195 0.000 -27.649 9.000
P_196 0.000 -195.996 12.000
N_197 -23.258 -507.047 12.000
Q_198 -23.258 -643.904 12.000
D_199 -23.258 -475.402 12.000
L_200 0.000 679.918 13.000
P_201 0.000 -195.996 14.000
R_202 -25.574 -1015.709 10.000
R_203 -31.716 -1015.709 15.000
L_204 0.000 679.918 15.000
R_205 -25.574 -1015.709 10.000
G_206 0.000 -27.649 9.000
P_207 0.000 -195.996 12.000
Q_208 -22.253 -643.904 11.000
K_209 -19.613 -818.649 15.000
D_210 -25.772 -475.402 15.000
E_211 -25.003 -605.239 14.000
L_212 0.000 679.918 14.000
K_213 -16.309 -818.649 10.000
S_214 -11.867 -90.060 6.000
F_215 0.000 560.542 6.000
I_216 0.000 777.529 7.000
L_217 0.000 679.918 7.000
Q_218 -19.866 -643.904 9.000
K_219 -15.425 -818.649 9.000
Y_220 -10.601 -274.939 9.000
M_221 0.000 401.769 5.000
M_222 0.000 401.769 6.000
V_223 0.000 613.196 7.000
D_224 -16.691 -475.402 7.000
S_225 -17.098 -90.060 11.000
A_226 0.000 185.740 15.000
E_227 -25.772 -605.239 15.000
D_228 -25.772 -475.402 15.000
Q_229 -25.772 -643.904 15.000
K_230 -18.462 -818.649 13.000
I_231 0.000 777.529 14.000
H_232 -11.154 -583.484 10.000
R_233 -19.414 -1015.709 7.000
P_234 0.000 -195.996 7.000
M_235 0.000 401.769 5.000
A_236 0.000 185.740 3.000
P_237 0.000 -195.996 7.000
K_238 -13.255 -818.649 7.000
E_239 -16.691 -605.239 7.000
A_240 0.000 185.740 10.000
P_241 0.000 -195.996 10.000
K_242 -11.867 -818.649 6.000
K_243 -11.867 -818.649 6.000
L_244 0.000 679.918 11.000
I_245 0.000 777.529 10.000
R_246 -19.414 -1015.709 7.000
Y_247 -11.652 -274.939 11.000
I_248 0.000 777.529 15.000
D_249 -25.003 -475.402 14.000
N_250 -23.258 -507.047 12.000
Q_251 -23.258 -643.904 12.000
V_252 0.000 613.196 11.000
V_253 0.000 613.196 10.000
S_254 -15.425 -90.060 9.000
T_255 -15.425 -90.974 9.000
K_256 -18.462 -818.649 13.000
G_257 0.000 -27.649 15.000
E_258 -23.258 -605.239 12.000
R_259 -28.412 -1015.709 12.000
F_260 0.000 560.542 16.000
K_261 -17.811 -818.649 12.000
D_262 -23.258 -475.402 12.000
V_263 0.000 613.196 16.000
R_264 -29.616 -1015.709 13.000
N_265 -24.169 -507.047 13.000
P_266 0.000 -195.996 13.000
E_267 -23.258 -605.239 12.000
A_268 0.000 185.740 12.000
E_269 -23.258 -605.239 12.000
E_270 -22.253 -605.239 11.000
M_271 0.000 401.769 11.000
K_272 -16.309 -818.649 10.000
A_273 0.000 185.740 8.000
T_274 -14.420 -90.974 8.000
Y_275 -10.601 -274.939 9.000
I_276 0.000 777.529 9.000
N_277 -19.866 -507.047 9.000
L_278 0.000 679.918 7.000
K_279 -13.255 -818.649 7.000
P_280 0.000 -195.996 8.000
A_281 0.000 185.740 11.000
R_282 -25.574 -1015.709 10.000
K_283 -19.613 -818.649 15.000
Y_284 -13.255 -274.939 15.000
R_285 -28.412 -1015.709 12.000
F_286 0.000 560.542 9.000
H_287 -9.265 -583.484 7.000
