M_1 0.000 401.769 4.000
L_2 0.000 679.918 7.000
Q_3 -16.691 -643.904 7.000
S_4 -13.255 -90.060 7.000
I_5 0.000 777.529 10.000
I_6 0.000 777.529 10.000
K_7 -13.255 -818.649 7.000
N_8 -18.409 -507.047 8.000
I_9 0.000 777.529 8.000
W_10 -3.990 -203.500 5.000
I_11 0.000 777.529 1.000
P_12 0.000 -195.996 4.000
M_13 0.000 401.769 3.000
K_14 -10.149 -818.649 5.000
P_15 0.000 -195.996 7.000
Y_16 -11.154 -274.939 10.000
Y_17 -11.154 -274.939 10.000
T_18 -16.309 -90.974 10.000
K_19 -16.309 -818.649 10.000
V_20 0.000 613.196 12.000
Y_21 -12.518 -274.939 13.000
Q_22 -21.132 -643.904 10.000
E_23 -22.253 -605.239 11.000
I_24 0.000 777.529 9.000
W_25 -3.990 -203.500 5.000
I_26 0.000 777.529 1.000
G_27 0.000 -27.649 1.000
M_28 0.000 401.769 0.000
G_29 0.000 -27.649 0.000
L_30 0.000 679.918 0.000
M_31 0.000 401.769 0.000
G_32 0.000 -27.649 0.000
F_33 0.000 560.542 0.000
I_34 0.000 777.529 2.000
V_35 0.000 613.196 5.000
Y_36 -7.426 -274.939 5.000
K_37 -16.309 -818.649 10.000
I_38 0.000 777.529 10.000
R_39 -21.845 -1015.709 8.000
A_40 0.000 185.740 9.000
A_41 0.000 185.740 12.000
D_42 -23.258 -475.402 12.000
K_43 -19.613 -818.649 15.000
R_44 -34.315 -1015.709 18.000
S_45 -19.059 -90.060 14.000
K_46 -17.098 -818.649 11.000
A_47 0.000 185.740 9.000
L_48 0.000 679.918 6.000
K_49 -11.867 -818.649 6.000
A_50 0.000 185.740 6.000
S_51 -11.867 -90.060 6.000
A_52 0.000 185.740 3.000
P_53 0.000 -195.996 3.000
A_54 0.000 185.740 0.000
P_55 0.000 -195.996 2.000
G_56 0.000 -27.649 4.000
H_57 -6.160 -583.484 4.000
H_58 -6.160 -583.484 4.000
