M_1 0.000 401.769 8.000
D_2 -23.258 -475.402 12.000
N_3 -26.485 -507.047 16.000
D_4 -26.485 -475.402 16.000
D_5 -23.258 -475.402 12.000
F_6 0.000 560.542 11.000
F_7 0.000 560.542 7.000
S_8 -13.255 -90.060 7.000
M_9 0.000 401.769 7.000
D_10 -21.132 -475.402 10.000
F_11 0.000 560.542 11.000
K_12 -17.098 -818.649 11.000
E_13 -16.691 -605.239 7.000
V_14 0.000 613.196 11.000
V_15 0.000 613.196 12.000
E_16 -18.409 -605.239 8.000
N_17 -18.409 -507.047 8.000
L_18 0.000 679.918 11.000
V_19 0.000 613.196 11.000
T_20 -17.098 -90.974 11.000
N_21 -25.772 -507.047 15.000
D_22 -27.773 -475.402 18.000
N_23 -25.772 -507.047 15.000
S_24 -19.613 -90.060 15.000
P_25 0.000 -195.996 11.000
N_26 -16.691 -507.047 7.000
I_27 0.000 777.529 8.000
P_28 0.000 -195.996 8.000
E_29 -7.878 -605.239 4.000
A_30 0.000 185.740 8.000
I_31 0.000 777.529 13.000
D_32 -19.866 -475.402 9.000
R_33 -23.856 -1015.709 9.000
L_34 0.000 679.918 12.000
F_35 0.000 560.542 12.000
S_36 -13.255 -90.060 7.000
D_37 -16.691 -475.402 7.000
I_38 0.000 777.529 11.000
A_39 0.000 185.740 8.000
N_40 -18.409 -507.047 8.000
I_41 0.000 777.529 13.000
N_42 -27.150 -507.047 17.000
R_43 -32.645 -1015.709 16.000
E_44 -26.485 -605.239 16.000
S_45 -17.811 -90.060 12.000
M_46 0.000 401.769 11.000
A_47 0.000 185.740 7.000
E_48 -16.691 -605.239 7.000
I_49 0.000 777.529 11.000
T_50 -17.098 -90.974 11.000
D_51 -22.253 -475.402 11.000
I_52 0.000 777.529 11.000
Q_53 -23.258 -643.904 12.000
I_54 0.000 777.529 12.000
E_55 -23.258 -605.239 12.000
E_56 -18.409 -605.239 8.000
M_57 0.000 401.769 8.000
A_58 0.000 185.740 8.000
V_59 0.000 613.196 4.000
N_60 -11.867 -507.047 5.000
L_61 0.000 679.918 9.000
W_62 -5.708 -203.500 10.000
N_63 -14.591 -507.047 6.000
W_64 -4.441 -203.500 6.000
A_65 0.000 185.740 8.000
L_66 0.000 679.918 4.000
T_67 -4.441 -90.974 3.000
I_68 0.000 777.529 3.000
G_69 0.000 -27.649 3.000
G_70 0.000 -27.649 1.000
G_71 0.000 -27.649 1.000
W_72 -0.000 -203.500 1.000
L_73 0.000 679.918 5.000
V_74 0.000 613.196 9.000
N_75 -23.258 -507.047 12.000
E_76 -26.485 -605.239 16.000
E_77 -28.359 -605.239 19.000
Q_78 -25.772 -643.904 15.000
K_79 -20.127 -818.649 16.000
I_80 0.000 777.529 12.000
R_81 -25.574 -1015.709 10.000
L_82 0.000 679.918 9.000
H_83 -10.601 -583.484 9.000
Y_84 -6.160 -274.939 4.000
V_85 0.000 613.196 4.000
A_86 0.000 185.740 5.000
C_87 0.000 322.480 3.000
K_88 -4.441 -818.649 3.000
L_89 0.000 679.918 6.000
L_90 0.000 679.918 6.000
S_91 -4.441 -90.060 3.000
M_92 0.000 401.769 7.000
C_93 0.000 322.480 7.000
E_94 -16.691 -605.239 7.000
A_95 0.000 185.740 7.000
S_96 -13.255 -90.060 7.000
F_97 0.000 560.542 6.000
A_98 0.000 185.740 10.000
S_99 -17.098 -90.060 11.000
E_100 -25.003 -605.239 14.000
Q_101 -25.003 -643.904 14.000
S_102 -19.613 -90.060 15.000
I_103 0.000 777.529 16.000
Q_104 -23.258 -643.904 12.000
R_105 -23.856 -1015.709 9.000
L_106 0.000 679.918 9.000
I_107 0.000 777.529 5.000
M_108 0.000 401.769 4.000
M_109 0.000 401.769 4.000
N_110 -19.866 -507.047 9.000
M_111 0.000 401.769 9.000
R_112 -23.856 -1015.709 9.000
I_113 0.000 777.529 8.000
G_114 0.000 -27.649 12.000
K_115 -14.420 -818.649 8.000
E_116 -18.409 -605.239 8.000
W_117 -6.160 -203.500 12.000
L_118 0.000 679.918 9.000
D_119 -11.867 -475.402 5.000
A_120 0.000 185.740 8.000
G_121 0.000 -27.649 8.000
N_122 -7.878 -507.047 4.000
F_123 0.000 560.542 4.000
L_124 0.000 679.918 4.000
I_125 0.000 777.529 4.000
A_126 0.000 185.740 8.000
D_127 -18.409 -475.402 8.000
E_128 -18.409 -605.239 8.000
C_129 0.000 322.480 12.000
F_130 0.000 560.542 8.000
Q_131 -7.878 -643.904 4.000
A_132 0.000 185.740 4.000
A_133 0.000 185.740 4.000
V_134 0.000 613.196 3.000
A_135 0.000 185.740 3.000
S_136 -13.255 -90.060 7.000
L_137 0.000 679.918 11.000
E_138 -22.253 -605.239 11.000
Q_139 -21.132 -643.904 10.000
L_140 0.000 679.918 10.000
Y_141 -10.601 -274.939 9.000
V_142 0.000 613.196 5.000
K_143 -10.149 -818.649 5.000
L_144 0.000 679.918 7.000
I_145 0.000 777.529 12.000
Q_146 -23.258 -643.904 12.000
R_147 -31.716 -1015.709 15.000
S_148 -19.613 -90.060 15.000
S_149 -19.613 -90.060 15.000
P_150 0.000 -195.996 10.000
E_151 -22.253 -605.239 11.000
A_152 0.000 185.740 8.000
D_153 -22.253 -475.402 11.000
L_154 0.000 679.918 7.000
T_155 -17.098 -90.974 11.000
M_156 0.000 401.769 10.000
E_157 -21.132 -605.239 10.000
K_158 -16.309 -818.649 10.000
I_159 0.000 777.529 10.000
T_160 -16.309 -90.974 10.000
V_161 0.000 613.196 10.000
E_162 -25.003 -605.239 14.000
S_163 -18.462 -90.060 13.000
D_164 -24.169 -475.402 13.000
H_165 -12.900 -583.484 14.000
F_166 0.000 560.542 11.000
R_167 -19.414 -1015.709 7.000
V_168 0.000 613.196 8.000
L_169 0.000 679.918 10.000
S_170 -15.425 -90.060 9.000
Y_171 -10.601 -274.939 9.000
Q_172 -24.169 -643.904 13.000
A_173 0.000 185.740 13.000
E_174 -22.253 -605.239 11.000
S_175 -13.255 -90.060 7.000
A_176 0.000 185.740 7.000
V_177 0.000 613.196 7.000
A_178 0.000 185.740 4.000
Q_179 -18.409 -643.904 8.000
G_180 0.000 -27.649 8.000
D_181 -23.258 -475.402 12.000
F_182 0.000 560.542 13.000
Q_183 -24.169 -643.904 13.000
R_184 -28.412 -1015.709 12.000
A_185 0.000 185.740 12.000
S_186 -14.420 -90.060 8.000
M_187 0.000 401.769 3.000
C_188 0.000 322.480 3.000
V_189 0.000 613.196 4.000
L_190 0.000 679.918 4.000
Q_191 -16.691 -643.904 7.000
C_192 0.000 322.480 11.000
K_193 -17.098 -818.649 11.000
D_194 -16.691 -475.402 7.000
M_195 0.000 401.769 7.000
L_196 0.000 679.918 9.000
M_197 0.000 401.769 5.000
R_198 -11.867 -1015.709 5.000
L_199 0.000 679.918 9.000
P_200 0.000 -195.996 9.000
Q_201 -16.691 -643.904 7.000
M_202 0.000 401.769 10.000
T_203 -18.462 -90.974 13.000
S_204 -15.425 -90.060 9.000
S_205 -17.098 -90.060 11.000
L_206 0.000 679.918 10.000
H_207 -9.265 -583.484 7.000
H_208 -6.160 -583.484 4.000
L_209 0.000 679.918 6.000
C_210 0.000 322.480 8.000
Y_211 -8.431 -274.939 6.000
N_212 -14.591 -507.047 6.000
F_213 0.000 560.542 6.000
G_214 0.000 -27.649 8.000
V_215 0.000 613.196 7.000
E_216 -22.253 -605.239 11.000
T_217 -19.059 -90.974 14.000
Q_218 -27.773 -643.904 18.000
K_219 -21.060 -818.649 18.000
N_220 -27.773 -507.047 18.000
N_221 -26.485 -507.047 16.000
K_222 -20.609 -818.649 17.000
Y_223 -13.896 -274.939 17.000
E_224 -26.485 -605.239 16.000
E_225 -26.485 -605.239 16.000
S_226 -19.059 -90.060 14.000
S_227 -17.098 -90.060 11.000
F_228 0.000 560.542 7.000
W_229 -4.824 -203.500 7.000
L_230 0.000 679.918 8.000
S_231 -17.098 -90.060 11.000
Q_232 -23.258 -643.904 12.000
S_233 -20.127 -90.060 16.000
Y_234 -12.518 -274.939 13.000
D_235 -19.866 -475.402 9.000
I_236 0.000 777.529 9.000
G_237 0.000 -27.649 7.000
K_238 -13.255 -818.649 7.000
M_239 0.000 401.769 10.000
D_240 -24.169 -475.402 13.000
K_241 -18.462 -818.649 13.000
K_242 -20.127 -818.649 16.000
S_243 -17.811 -90.060 12.000
T_244 -15.425 -90.974 9.000
G_245 0.000 -27.649 10.000
P_246 0.000 -195.996 7.000
E_247 -7.878 -605.239 4.000
M_248 0.000 401.769 4.000
L_249 0.000 679.918 7.000
A_250 0.000 185.740 3.000
K_251 -4.441 -818.649 3.000
V_252 0.000 613.196 8.000
L_253 0.000 679.918 8.000
R_254 -11.867 -1015.709 5.000
L_255 0.000 679.918 5.000
L_256 0.000 679.918 8.000
A_257 0.000 185.740 7.000
T_258 -15.425 -90.974 9.000
N_259 -19.866 -507.047 9.000
Y_260 -12.518 -274.939 13.000
L_261 0.000 679.918 11.000
D_262 -22.253 -475.402 11.000
W_263 -6.358 -203.500 13.000
D_264 -26.485 -475.402 16.000
D_265 -25.772 -475.402 15.000
T_266 -20.127 -90.974 16.000
K_267 -19.059 -818.649 14.000
Y_268 -12.900 -274.939 14.000
Y_269 -12.900 -274.939 14.000
D_270 -22.253 -475.402 11.000
K_271 -15.425 -818.649 9.000
A_272 0.000 185.740 11.000
L_273 0.000 679.918 7.000
N_274 -7.878 -507.047 4.000
A_275 0.000 185.740 8.000
V_276 0.000 613.196 8.000
N_277 -7.878 -507.047 4.000
L_278 0.000 679.918 8.000
A_279 0.000 185.740 11.000
N_280 -22.253 -507.047 11.000
K_281 -18.462 -818.649 13.000
E_282 -24.169 -605.239 13.000
H_283 -12.104 -583.484 12.000
L_284 0.000 679.918 12.000
S_285 -14.420 -90.060 8.000
S_286 -11.867 -90.060 6.000
P_287 0.000 -195.996 6.000
G_288 0.000 -27.649 3.000
L_289 0.000 679.918 0.000
F_290 0.000 560.542 3.000
L_291 0.000 679.918 3.000
K_292 -11.867 -818.649 6.000
M_293 0.000 401.769 6.000
K_294 -11.867 -818.649 6.000
I_295 0.000 777.529 3.000
L_296 0.000 679.918 6.000
L_297 0.000 679.918 3.000
K_298 -13.255 -818.649 7.000
G_299 0.000 -27.649 10.000
E_300 -24.169 -605.239 13.000
T_301 -19.059 -90.974 14.000
S_302 -21.060 -90.060 18.000
N_303 -27.773 -507.047 18.000
E_304 -25.772 -605.239 15.000
E_305 -23.258 -605.239 12.000
L_306 0.000 679.918 12.000
L_307 0.000 679.918 8.000
E_308 -7.878 -605.239 4.000
A_309 0.000 185.740 4.000
V_310 0.000 613.196 8.000
M_311 0.000 401.769 4.000
E_312 -7.878 -605.239 4.000
I_313 0.000 777.529 6.000
L_314 0.000 679.918 6.000
H_315 -8.431 -583.484 6.000
L_316 0.000 679.918 6.000
D_317 -14.591 -475.402 6.000
M_318 0.000 401.769 4.000
P_319 0.000 -195.996 8.000
L_320 0.000 679.918 4.000
D_321 -7.878 -475.402 4.000
F_322 0.000 560.542 4.000
C_323 0.000 322.480 8.000
L_324 0.000 679.918 4.000
N_325 -7.878 -507.047 4.000
I_326 0.000 777.529 7.000
A_327 0.000 185.740 7.000
K_328 -4.441 -818.649 3.000
L_329 0.000 679.918 3.000
L_330 0.000 679.918 7.000
M_331 0.000 401.769 6.000
D_332 -21.132 -475.402 10.000
H_333 -13.255 -583.484 15.000
E_334 -28.359 -605.239 19.000
R_335 -34.315 -1015.709 18.000
E_336 -26.485 -605.239 16.000
S_337 -17.811 -90.060 12.000
V_338 0.000 613.196 7.000
G_339 0.000 -27.649 5.000
F_340 0.000 560.542 2.000
H_341 -1.718 -583.484 2.000
F_342 0.000 560.542 5.000
L_343 0.000 679.918 5.000
T_344 -4.441 -90.974 3.000
I_345 0.000 777.529 5.000
I_346 0.000 777.529 9.000
H_347 -11.652 -583.484 11.000
E_348 -22.253 -605.239 11.000
R_349 -30.711 -1015.709 14.000
F_350 0.000 560.542 15.000
K_351 -19.059 -818.649 14.000
S_352 -18.462 -90.060 13.000
S_353 -20.609 -90.060 17.000
E_354 -25.003 -605.239 14.000
N_355 -22.253 -507.047 11.000
I_356 0.000 777.529 11.000
G_357 0.000 -27.649 7.000
K_358 -4.441 -818.649 3.000
V_359 0.000 613.196 3.000
L_360 0.000 679.918 3.000
I_361 0.000 777.529 2.000
L_362 0.000 679.918 5.000
H_363 -10.601 -583.484 9.000
T_364 -15.425 -90.974 9.000
D_365 -19.866 -475.402 9.000
M_366 0.000 401.769 7.000
L_367 0.000 679.918 8.000
L_368 0.000 679.918 9.000
Q_369 -23.258 -643.904 12.000
R_370 -32.645 -1015.709 16.000
K_371 -21.889 -818.649 20.000
E_372 -26.485 -605.239 16.000
E_373 -22.253 -605.239 11.000
L_374 0.000 679.918 8.000
L_375 0.000 679.918 7.000
A_376 0.000 185.740 7.000
K_377 -16.309 -818.649 10.000
E_378 -21.132 -605.239 10.000
K_379 -19.059 -818.649 14.000
I_380 0.000 777.529 15.000
E_381 -22.253 -605.239 11.000
E_382 -18.409 -605.239 8.000
I_383 0.000 777.529 8.000
F_384 0.000 560.542 4.000
L_385 0.000 679.918 2.000
A_386 0.000 185.740 6.000
H_387 -10.601 -583.484 9.000
Q_388 -19.866 -643.904 9.000
T_389 -19.059 -90.974 14.000
G_390 0.000 -27.649 16.000
R_391 -28.412 -1015.709 12.000
Q_392 -23.258 -643.904 12.000
L_393 0.000 679.918 12.000
T_394 -17.098 -90.974 11.000
A_395 0.000 185.740 10.000
E_396 -21.132 -605.239 10.000
S_397 -17.098 -90.060 11.000
M_398 0.000 401.769 12.000
N_399 -18.409 -507.047 8.000
W_400 -4.824 -203.500 7.000
L_401 0.000 679.918 11.000
H_402 -9.265 -583.484 7.000
N_403 -14.591 -507.047 6.000
I_404 0.000 777.529 7.000
L_405 0.000 679.918 10.000
W_406 -5.708 -203.500 10.000
R_407 -25.574 -1015.709 10.000
Q_408 -21.132 -643.904 10.000
A_409 0.000 185.740 12.000
A_410 0.000 185.740 10.000
S_411 -11.867 -90.060 6.000
S_412 -16.309 -90.060 10.000
F_413 0.000 560.542 10.000
E_414 -22.253 -605.239 11.000
V_415 0.000 613.196 12.000
Q_416 -25.003 -643.904 14.000
N_417 -24.169 -507.047 13.000
Y_418 -13.896 -274.939 17.000
T_419 -18.462 -90.974 13.000
D_420 -19.866 -475.402 9.000
A_421 0.000 185.740 11.000
L_422 0.000 679.918 9.000
Q_423 -16.691 -643.904 7.000
W_424 -5.447 -203.500 9.000
Y_425 -11.652 -274.939 11.000
Y_426 -11.154 -274.939 10.000
Y_427 -10.601 -274.939 9.000
S_428 -17.811 -90.060 12.000
L_429 0.000 679.918 10.000
R_430 -25.574 -1015.709 10.000
F_431 0.000 560.542 10.000
Y_432 -12.518 -274.939 13.000
S_433 -17.811 -90.060 12.000
T_434 -20.127 -90.974 16.000
D_435 -25.003 -475.402 14.000
E_436 -25.772 -605.239 15.000
M_437 0.000 401.769 12.000
D_438 -23.258 -475.402 12.000
L_439 0.000 679.918 8.000
D_440 -22.253 -475.402 11.000
F_441 0.000 560.542 10.000
T_442 -16.309 -90.974 10.000
K_443 -16.309 -818.649 10.000
L_444 0.000 679.918 15.000
Q_445 -26.485 -643.904 16.000
R_446 -29.616 -1015.709 13.000
N_447 -24.169 -507.047 13.000
M_448 0.000 401.769 9.000
A_449 0.000 185.740 4.000
C_450 0.000 322.480 2.000
C_451 0.000 322.480 2.000
Y_452 -8.431 -274.939 6.000
L_453 0.000 679.918 6.000
N_454 -21.132 -507.047 10.000
L_455 0.000 679.918 12.000
Q_456 -23.258 -643.904 12.000
Q_457 -23.258 -643.904 12.000
L_458 0.000 679.918 15.000
D_459 -22.253 -475.402 11.000
K_460 -16.309 -818.649 10.000
A_461 0.000 185.740 14.000
K_462 -16.309 -818.649 10.000
E_463 -16.691 -605.239 7.000
A_464 0.000 185.740 7.000
V_465 0.000 613.196 8.000
A_466 0.000 185.740 4.000
E_467 -18.409 -605.239 8.000
A_468 0.000 185.740 13.000
E_469 -25.772 -605.239 15.000
R_470 -31.716 -1015.709 15.000
H_471 -13.255 -583.484 15.000
D_472 -26.485 -475.402 16.000
P_473 0.000 -195.996 15.000
R_474 -29.616 -1015.709 13.000
N_475 -19.866 -507.047 9.000
V_476 0.000 613.196 12.000
F_477 0.000 560.542 11.000
T_478 -13.255 -90.974 7.000
Q_479 -19.866 -643.904 9.000
F_480 0.000 560.542 9.000
Y_481 -8.431 -274.939 6.000
I_482 0.000 777.529 5.000
F_483 0.000 560.542 5.000
K_484 -4.441 -818.649 3.000
I_485 0.000 777.529 3.000
A_486 0.000 185.740 3.000
V_487 0.000 613.196 4.000
I_488 0.000 777.529 4.000
E_489 -18.409 -605.239 8.000
G_490 0.000 -27.649 11.000
N_491 -25.772 -507.047 15.000
S_492 -20.127 -90.060 16.000
E_493 -26.485 -605.239 16.000
R_494 -28.412 -1015.709 12.000
A_495 0.000 185.740 13.000
L_496 0.000 679.918 9.000
Q_497 -7.878 -643.904 4.000
A_498 0.000 185.740 4.000
I_499 0.000 777.529 7.000
I_500 0.000 777.529 3.000
T_501 -13.255 -90.974 7.000
L_502 0.000 679.918 11.000
E_503 -22.253 -605.239 11.000
N_504 -18.409 -507.047 8.000
I_505 0.000 777.529 11.000
L_506 0.000 679.918 11.000
T_507 -17.098 -90.974 11.000
D_508 -25.772 -475.402 15.000
E_509 -27.773 -605.239 18.000
E_510 -28.359 -605.239 19.000
S_511 -21.486 -90.060 19.000
E_512 -28.359 -605.239 19.000
D_513 -28.359 -475.402 19.000
N_514 -26.485 -507.047 16.000
D_515 -23.258 -475.402 12.000
L_516 0.000 679.918 8.000
V_517 0.000 613.196 8.000
A_518 0.000 185.740 9.000
E_519 -19.866 -605.239 9.000
R_520 -28.412 -1015.709 12.000
G_521 0.000 -27.649 12.000
S_522 -17.098 -90.060 11.000
P_523 0.000 -195.996 6.000
T_524 -11.867 -90.974 6.000
M_525 0.000 401.769 3.000
L_526 0.000 679.918 6.000
L_527 0.000 679.918 3.000
S_528 -4.441 -90.060 3.000
L_529 0.000 679.918 3.000
A_530 0.000 185.740 7.000
A_531 0.000 185.740 4.000
Q_532 -7.878 -643.904 4.000
F_533 0.000 560.542 4.000
A_534 0.000 185.740 8.000
L_535 0.000 679.918 8.000
E_536 -18.409 -605.239 8.000
N_537 -23.258 -507.047 12.000
G_538 0.000 -27.649 16.000
Q_539 -23.258 -643.904 12.000
Q_540 -18.409 -643.904 8.000
I_541 0.000 777.529 8.000
V_542 0.000 613.196 8.000
A_543 0.000 185.740 7.000
E_544 -16.691 -605.239 7.000
K_545 -13.255 -818.649 7.000
A_546 0.000 185.740 11.000
L_547 0.000 679.918 9.000
E_548 -14.591 -605.239 6.000
Y_549 -8.431 -274.939 6.000
L_550 0.000 679.918 10.000
A_551 0.000 185.740 8.000
Q_552 -19.866 -643.904 9.000
H_553 -12.518 -583.484 13.000
S_554 -20.609 -90.060 17.000
E_555 -27.150 -605.239 17.000
D_556 -28.359 -475.402 19.000
Q_557 -28.912 -643.904 20.000
E_558 -26.485 -605.239 16.000
Q_559 -23.258 -643.904 12.000
V_560 0.000 613.196 11.000
L_561 0.000 679.918 7.000
T_562 -4.441 -90.974 3.000
A_563 0.000 185.740 6.000
V_564 0.000 613.196 6.000
K_565 -4.441 -818.649 3.000
C_566 0.000 322.480 3.000
L_567 0.000 679.918 8.000
L_568 0.000 679.918 5.000
R_569 -11.867 -1015.709 5.000
F_570 0.000 560.542 5.000
L_571 0.000 679.918 5.000
L_572 0.000 679.918 3.000
P_573 0.000 -195.996 3.000
K_574 -4.441 -818.649 3.000
I_575 0.000 777.529 7.000
A_576 0.000 185.740 7.000
E_577 -7.878 -605.239 4.000
M_578 0.000 401.769 8.000
P_579 0.000 -195.996 11.000
E_580 -22.253 -605.239 11.000
S_581 -19.613 -90.060 15.000
E_582 -27.773 -605.239 18.000
D_583 -27.150 -475.402 17.000
K_584 -20.609 -818.649 17.000
K_585 -20.609 -818.649 17.000
K_586 -18.462 -818.649 13.000
E_587 -25.003 -605.239 14.000
M_588 0.000 401.769 16.000
D_589 -24.169 -475.402 13.000
R_590 -23.856 -1015.709 9.000
L_591 0.000 679.918 12.000
L_592 0.000 679.918 8.000
T_593 -4.441 -90.974 3.000
C_594 0.000 322.480 7.000
L_595 0.000 679.918 12.000
N_596 -19.866 -507.047 9.000
R_597 -23.856 -1015.709 9.000
A_598 0.000 185.740 9.000
F_599 0.000 560.542 8.000
V_600 0.000 613.196 3.000
K_601 -11.867 -818.649 6.000
L_602 0.000 679.918 10.000
S_603 -16.309 -90.060 10.000
Q_604 -16.691 -643.904 7.000
P_605 0.000 -195.996 7.000
F_606 0.000 560.542 8.000
G_607 0.000 -27.649 8.000
E_608 -18.409 -605.239 8.000
E_609 -18.409 -605.239 8.000
A_610 0.000 185.740 11.000
L_611 0.000 679.918 7.000
S_612 -13.255 -90.060 7.000
L_613 0.000 679.918 10.000
E_614 -25.772 -605.239 15.000
S_615 -17.811 -90.060 12.000
R_616 -32.645 -1015.709 16.000
A_617 0.000 185.740 16.000
N_618 -24.169 -507.047 13.000
E_619 -23.258 -605.239 12.000
A_620 0.000 185.740 13.000
Q_621 -19.866 -643.904 9.000
W_622 -5.708 -203.500 10.000
F_623 0.000 560.542 13.000
R_624 -28.412 -1015.709 12.000
K_625 -17.098 -818.649 11.000
T_626 -17.811 -90.974 12.000
A_627 0.000 185.740 11.000
W_628 -5.155 -203.500 8.000
N_629 -11.867 -507.047 5.000
L_630 0.000 679.918 5.000
A_631 0.000 185.740 8.000
V_632 0.000 613.196 4.000
Q_633 -18.409 -643.904 8.000
C_634 0.000 322.480 11.000
D_635 -25.772 -475.402 15.000
K_636 -17.098 -818.649 11.000
D_637 -22.253 -475.402 11.000
P_638 0.000 -195.996 7.000
V_639 0.000 613.196 4.000
M_640 0.000 401.769 5.000
M_641 0.000 401.769 9.000
R_642 -23.856 -1015.709 9.000
E_643 -19.866 -605.239 9.000
F_644 0.000 560.542 9.000
F_645 0.000 560.542 4.000
I_646 0.000 777.529 3.000
L_647 0.000 679.918 5.000
S_648 -14.420 -90.060 8.000
Y_649 -9.978 -274.939 8.000
K_650 -17.098 -818.649 11.000
M_651 0.000 401.769 12.000
S_652 -16.309 -90.060 10.000
Q_653 -16.691 -643.904 7.000
F_654 0.000 560.542 7.000
C_655 0.000 322.480 7.000
P_656 0.000 -195.996 7.000
S_657 -17.098 -90.060 11.000
D_658 -22.253 -475.402 11.000
Q_659 -22.253 -643.904 11.000
V_660 0.000 613.196 8.000
I_661 0.000 777.529 4.000
L_662 0.000 679.918 0.000
I_663 0.000 777.529 5.000
A_664 0.000 185.740 8.000
R_665 -27.076 -1015.709 11.000
K_666 -17.098 -818.649 11.000
T_667 -17.098 -90.974 11.000
C_668 0.000 322.480 6.000
L_669 0.000 679.918 3.000
L_670 0.000 679.918 0.000
M_671 0.000 401.769 0.000
A_672 0.000 185.740 0.000
V_673 0.000 613.196 0.000
A_674 0.000 185.740 4.000
V_675 0.000 613.196 4.000
D_676 -18.409 -475.402 8.000
L_677 0.000 679.918 12.000
E_678 -23.258 -605.239 12.000
Q_679 -24.169 -643.904 13.000
G_680 0.000 -27.649 16.000
R_681 -28.412 -1015.709 12.000
K_682 -17.098 -818.649 11.000
A_683 0.000 185.740 14.000
S_684 -15.425 -90.060 9.000
T_685 -11.867 -90.974 6.000
A_686 0.000 185.740 10.000
F_687 0.000 560.542 11.000
E_688 -22.253 -605.239 11.000
Q_689 -22.253 -643.904 11.000
T_690 -17.098 -90.974 11.000
M_691 0.000 401.769 7.000
F_692 0.000 560.542 6.000
L_693 0.000 679.918 8.000
S_694 -14.420 -90.060 8.000
R_695 -21.845 -1015.709 8.000
A_696 0.000 185.740 12.000
L_697 0.000 679.918 13.000
E_698 -18.409 -605.239 8.000
E_699 -23.258 -605.239 12.000
I_700 0.000 777.529 15.000
Q_701 -22.253 -643.904 11.000
T_702 -17.098 -90.974 11.000
C_703 0.000 322.480 15.000
N_704 -22.253 -507.047 11.000
D_705 -21.132 -475.402 10.000
I_706 0.000 777.529 14.000
H_707 -11.154 -583.484 10.000
N_708 -14.591 -507.047 6.000
F_709 0.000 560.542 9.000
L_710 0.000 679.918 11.000
K_711 -16.309 -818.649 10.000
Q_712 -21.132 -643.904 10.000
T_713 -18.462 -90.974 13.000
G_714 0.000 -27.649 10.000
T_715 -15.425 -90.974 9.000
F_716 0.000 560.542 10.000
S_717 -19.059 -90.060 14.000
N_718 -25.003 -507.047 14.000
D_719 -25.003 -475.402 14.000
S_720 -19.613 -90.060 15.000
C_721 0.000 322.480 14.000
E_722 -21.132 -605.239 10.000
K_723 -13.255 -818.649 7.000
L_724 0.000 679.918 7.000
L_725 0.000 679.918 3.000
L_726 0.000 679.918 2.000
L_727 0.000 679.918 6.000
Y_728 -8.431 -274.939 6.000
E_729 -21.132 -605.239 10.000
F_730 0.000 560.542 10.000
E_731 -24.169 -605.239 13.000
V_732 0.000 613.196 9.000
R_733 -28.412 -1015.709 12.000
A_734 0.000 185.740 8.000
K_735 -17.811 -818.649 12.000
L_736 0.000 679.918 11.000
N_737 -22.253 -507.047 11.000
D_738 -18.409 -475.402 8.000
P_739 0.000 -195.996 8.000
L_740 0.000 679.918 8.000
L_741 0.000 679.918 7.000
E_742 -16.691 -605.239 7.000
S_743 -13.255 -90.060 7.000
F_744 0.000 560.542 11.000
L_745 0.000 679.918 10.000
E_746 -16.691 -605.239 7.000
S_747 -14.420 -90.060 8.000
V_748 0.000 613.196 12.000
W_749 -5.155 -203.500 8.000
E_750 -11.867 -605.239 5.000
L_751 0.000 679.918 7.000
P_752 0.000 -195.996 6.000
H_753 -8.431 -583.484 6.000
L_754 0.000 679.918 9.000
E_755 -23.258 -605.239 12.000
T_756 -18.462 -90.974 13.000
K_757 -18.462 -818.649 13.000
T_758 -18.462 -90.974 13.000
F_759 0.000 560.542 13.000
E_760 -21.132 -605.239 10.000
T_761 -13.255 -90.974 7.000
I_762 0.000 777.529 7.000
A_763 0.000 185.740 3.000
I_764 0.000 777.529 0.000
I_765 0.000 777.529 0.000
A_766 0.000 185.740 4.000
M_767 0.000 401.769 7.000
E_768 -16.691 -605.239 7.000
K_769 -13.255 -818.649 7.000
P_770 0.000 -195.996 9.000
A_771 0.000 185.740 7.000
H_772 -6.160 -583.484 4.000
Y_773 -6.160 -274.939 4.000
P_774 0.000 -195.996 4.000
L_775 0.000 679.918 2.000
I_776 0.000 777.529 0.000
A_777 0.000 185.740 3.000
L_778 0.000 679.918 3.000
K_779 -4.441 -818.649 3.000
A_780 0.000 185.740 6.000
L_781 0.000 679.918 9.000
K_782 -11.867 -818.649 6.000
K_783 -11.867 -818.649 6.000
A_784 0.000 185.740 6.000
L_785 0.000 679.918 3.000
L_786 0.000 679.918 2.000
L_787 0.000 679.918 5.000
Y_788 -9.978 -274.939 8.000
K_789 -17.811 -818.649 12.000
K_790 -20.127 -818.649 16.000
E_791 -25.003 -605.239 14.000
E_792 -22.253 -605.239 11.000
P_793 0.000 -195.996 12.000
I_794 0.000 777.529 8.000
D_795 -16.691 -475.402 7.000
I_796 0.000 777.529 11.000
S_797 -18.462 -90.060 13.000
Q_798 -23.258 -643.904 12.000
Y_799 -13.255 -274.939 15.000
S_800 -17.811 -90.060 12.000
K_801 -14.420 -818.649 8.000
C_802 0.000 322.480 8.000
M_803 0.000 401.769 9.000
H_804 -8.431 -583.484 6.000
N_805 -14.591 -507.047 6.000
L_806 0.000 679.918 10.000
V_807 0.000 613.196 8.000
N_808 -16.691 -507.047 7.000
L_809 0.000 679.918 7.000
S_810 -13.255 -90.060 7.000
V_811 0.000 613.196 7.000
P_812 0.000 -195.996 7.000
D_813 -7.878 -475.402 4.000
G_814 0.000 -27.649 7.000
A_815 0.000 185.740 11.000
S_816 -13.255 -90.060 7.000
N_817 -22.253 -507.047 11.000
V_818 0.000 613.196 11.000
E_819 -18.409 -605.239 8.000
L_820 0.000 679.918 4.000
C_821 0.000 322.480 4.000
P_822 0.000 -195.996 4.000
L_823 0.000 679.918 8.000
E_824 -18.409 -605.239 8.000
E_825 -19.866 -605.239 9.000
V_826 0.000 613.196 9.000
W_827 -4.824 -203.500 7.000
G_828 0.000 -27.649 3.000
Y_829 -9.265 -274.939 7.000
F_830 0.000 560.542 10.000
E_831 -21.132 -605.239 10.000
D_832 -18.409 -475.402 8.000
A_833 0.000 185.740 11.000
L_834 0.000 679.918 9.000
S_835 -10.149 -90.060 5.000
H_836 -9.978 -583.484 8.000
I_837 0.000 777.529 13.000
S_838 -18.462 -90.060 13.000
R_839 -30.711 -1015.709 14.000
T_840 -21.060 -90.974 18.000
K_841 -20.609 -818.649 17.000
D_842 -23.258 -475.402 12.000
Y_843 -12.518 -274.939 13.000
P_844 0.000 -195.996 10.000
E_845 -21.132 -605.239 10.000
M_846 0.000 401.769 8.000
E_847 -18.409 -605.239 8.000
I_848 0.000 777.529 5.000
L_849 0.000 679.918 5.000
W_850 -0.000 -203.500 1.000
L_851 0.000 679.918 1.000
M_852 0.000 401.769 4.000
V_853 0.000 613.196 6.000
K_854 -13.255 -818.649 7.000
S_855 -17.098 -90.060 11.000
W_856 -6.542 -203.500 14.000
N_857 -22.253 -507.047 11.000
T_858 -14.420 -90.974 8.000
G_859 0.000 -27.649 7.000
V_860 0.000 613.196 3.000
L_861 0.000 679.918 0.000
M_862 0.000 401.769 3.000
F_863 0.000 560.542 8.000
S_864 -17.098 -90.060 11.000
R_865 -30.711 -1015.709 14.000
S_866 -20.127 -90.060 16.000
K_867 -18.462 -818.649 13.000
Y_868 -11.652 -274.939 11.000
A_869 0.000 185.740 8.000
S_870 -15.425 -90.060 9.000
A_871 0.000 185.740 10.000
E_872 -22.253 -605.239 11.000
K_873 -14.420 -818.649 8.000
W_874 -5.155 -203.500 8.000
C_875 0.000 322.480 4.000
G_876 0.000 -27.649 1.000
L_877 0.000 679.918 0.000
A_878 0.000 185.740 5.000
L_879 0.000 679.918 5.000
R_880 -11.867 -1015.709 5.000
F_881 0.000 560.542 9.000
L_882 0.000 679.918 11.000
N_883 -14.591 -507.047 6.000
H_884 -10.601 -583.484 9.000
L_885 0.000 679.918 12.000
T_886 -14.420 -90.974 8.000
S_887 -15.425 -90.060 9.000
F_888 0.000 560.542 13.000
K_889 -18.462 -818.649 13.000
E_890 -23.258 -605.239 12.000
S_891 -20.127 -90.060 16.000
Y_892 -13.586 -274.939 16.000
E_893 -26.485 -605.239 16.000
T_894 -18.462 -90.974 13.000
Q_895 -25.772 -643.904 15.000
M_896 0.000 401.769 11.000
N_897 -18.409 -507.047 8.000
M_898 0.000 401.769 6.000
L_899 0.000 679.918 9.000
Y_900 -10.601 -274.939 9.000
S_901 -15.425 -90.060 9.000
Q_902 -19.866 -643.904 9.000
L_903 0.000 679.918 11.000
V_904 0.000 613.196 8.000
E_905 -7.878 -605.239 4.000
A_906 0.000 185.740 7.000
L_907 0.000 679.918 11.000
S_908 -17.098 -90.060 11.000
N_909 -25.003 -507.047 14.000
N_910 -25.003 -507.047 14.000
K_911 -17.098 -818.649 11.000
G_912 0.000 -27.649 7.000
P_913 0.000 -195.996 3.000
V_914 0.000 613.196 2.000
F_915 0.000 560.542 6.000
H_916 -9.978 -583.484 8.000
E_917 -18.409 -605.239 8.000
H_918 -11.154 -583.484 10.000
G_919 0.000 -27.649 9.000
Y_920 -9.978 -274.939 8.000
W_921 -5.447 -203.500 9.000
S_922 -17.811 -90.060 12.000
K_923 -19.059 -818.649 14.000
S_924 -18.462 -90.060 13.000
D_925 -21.132 -475.402 10.000
