M_1 0.000 401.769 0.000
A_2 0.000 185.740 3.000
A_3 0.000 185.740 3.000
S_4 -14.420 -90.060 8.000
G_5 0.000 -27.649 8.000
R_6 -21.845 -1015.709 8.000
G_7 0.000 -27.649 5.000
L_8 0.000 679.918 8.000
C_9 0.000 322.480 3.000
K_10 -4.441 -818.649 3.000
A_11 0.000 185.740 3.000
V_12 0.000 613.196 3.000
A_13 0.000 185.740 3.000
A_14 0.000 185.740 3.000
S_15 -4.441 -90.060 3.000
P_16 0.000 -195.996 3.000
F_17 0.000 560.542 3.000
P_18 0.000 -195.996 1.000
A_19 0.000 185.740 6.000
W_20 -5.944 -203.500 11.000
R_21 -31.716 -1015.709 15.000
R_22 -35.072 -1015.709 19.000
D_23 -29.436 -475.402 21.000
N_24 -28.912 -507.047 20.000
T_25 -19.613 -90.974 15.000
E_26 -26.485 -605.239 16.000
A_27 0.000 185.740 12.000
R_28 -23.856 -1015.709 9.000
G_29 0.000 -27.649 5.000
G_30 0.000 -27.649 8.000
L_31 0.000 679.918 3.000
K_32 -13.255 -818.649 7.000
P_33 0.000 -195.996 9.000
E_34 -24.169 -605.239 13.000
Y_35 -11.154 -274.939 10.000
D_36 -21.132 -475.402 10.000
A_37 0.000 185.740 6.000
V_38 0.000 613.196 4.000
V_39 0.000 613.196 0.000
I_40 0.000 777.529 0.000
G_41 0.000 -27.649 0.000
A_42 0.000 185.740 2.000
G_43 0.000 -27.649 6.000
H_44 -8.431 -583.484 6.000
N_45 -14.591 -507.047 6.000
G_46 0.000 -27.649 6.000
L_47 0.000 679.918 4.000
V_48 0.000 613.196 0.000
A_49 0.000 185.740 0.000
A_50 0.000 185.740 2.000
A_51 0.000 185.740 2.000
Y_52 -8.431 -274.939 6.000
L_53 0.000 679.918 11.000
Q_54 -22.253 -643.904 11.000
R_55 -23.856 -1015.709 9.000
L_56 0.000 679.918 9.000
G_57 0.000 -27.649 9.000
V_58 0.000 613.196 7.000
N_59 -16.691 -507.047 7.000
T_60 -13.255 -90.974 7.000
A_61 0.000 185.740 7.000
V_62 0.000 613.196 7.000
F_63 0.000 560.542 9.000
E_64 -25.003 -605.239 14.000
R_65 -32.645 -1015.709 16.000
R_66 -32.645 -1015.709 16.000
H_67 -12.104 -583.484 12.000
V_68 0.000 613.196 7.000
I_69 0.000 777.529 2.000
G_70 0.000 -27.649 0.000
G_71 0.000 -27.649 0.000
A_72 0.000 185.740 0.000
A_73 0.000 185.740 3.000
V_74 0.000 613.196 7.000
T_75 -17.098 -90.974 11.000
E_76 -22.253 -605.239 11.000
E_77 -22.253 -605.239 11.000
I_78 0.000 777.529 8.000
I_79 0.000 777.529 4.000
P_80 0.000 -195.996 0.000
G_81 0.000 -27.649 3.000
F_82 0.000 560.542 3.000
K_83 -11.867 -818.649 6.000
F_84 0.000 560.542 11.000
S_85 -17.098 -90.060 11.000
R_86 -27.076 -1015.709 11.000
A_87 0.000 185.740 13.000
S_88 -16.309 -90.060 10.000
Y_89 -7.426 -274.939 5.000
L_90 0.000 679.918 8.000
L_91 0.000 679.918 5.000
S_92 -4.441 -90.060 3.000
L_93 0.000 679.918 8.000
L_94 0.000 679.918 8.000
R_95 -23.856 -1015.709 9.000
P_96 0.000 -195.996 9.000
Q_97 -22.253 -643.904 11.000
I_98 0.000 777.529 9.000
Y_99 -12.518 -274.939 13.000
T_100 -15.425 -90.974 9.000
D_101 -24.169 -475.402 13.000
L_102 0.000 679.918 11.000
E_103 -22.253 -605.239 11.000
L_104 0.000 679.918 10.000
K_105 -17.811 -818.649 12.000
K_106 -14.420 -818.649 8.000
H_107 -9.978 -583.484 8.000
G_108 0.000 -27.649 10.000
L_109 0.000 679.918 7.000
R_110 -19.414 -1015.709 7.000
L_111 0.000 679.918 7.000
H_112 -12.104 -583.484 12.000
L_113 0.000 679.918 11.000
R_114 -27.076 -1015.709 11.000
N_115 -22.253 -507.047 11.000
P_116 0.000 -195.996 14.000
Y_117 -10.601 -274.939 9.000
S_118 -14.420 -90.060 8.000
F_119 0.000 560.542 8.000
T_120 -11.867 -90.974 6.000
P_121 0.000 -195.996 3.000
M_122 0.000 401.769 7.000
L_123 0.000 679.918 8.000
E_124 -18.409 -605.239 8.000
E_125 -18.409 -605.239 8.000
G_126 0.000 -27.649 8.000
A_127 0.000 185.740 7.000
G_128 0.000 -27.649 6.000
S_129 -11.867 -90.060 6.000
K_130 -11.867 -818.649 6.000
V_131 0.000 613.196 11.000
P_132 0.000 -195.996 8.000
R_133 -11.867 -1015.709 5.000
C_134 0.000 322.480 5.000
L_135 0.000 679.918 5.000
L_136 0.000 679.918 0.000
L_137 0.000 679.918 3.000
G_138 0.000 -27.649 7.000
T_139 -13.255 -90.974 7.000
D_140 -16.691 -475.402 7.000
M_141 0.000 401.769 11.000
A_142 0.000 185.740 12.000
E_143 -23.258 -605.239 12.000
N_144 -25.772 -507.047 15.000
Q_145 -28.359 -643.904 19.000
K_146 -19.613 -818.649 15.000
Q_147 -22.253 -643.904 11.000
I_148 0.000 777.529 11.000
A_149 0.000 185.740 8.000
Q_150 -16.691 -643.904 7.000
F_151 0.000 560.542 11.000
S_152 -19.059 -90.060 14.000
Q_153 -25.003 -643.904 14.000
K_154 -19.059 -818.649 14.000
D_155 -25.772 -475.402 15.000
A_156 0.000 185.740 11.000
Q_157 -18.409 -643.904 8.000
V_158 0.000 613.196 4.000
F_159 0.000 560.542 7.000
P_160 0.000 -195.996 5.000
K_161 -15.425 -818.649 9.000
Y_162 -12.518 -274.939 13.000
E_163 -24.169 -605.239 13.000
E_164 -21.132 -605.239 10.000
F_165 0.000 560.542 10.000
M_166 0.000 401.769 11.000
H_167 -9.265 -583.484 7.000
R_168 -19.414 -1015.709 7.000
L_169 0.000 679.918 7.000
A_170 0.000 185.740 5.000
L_171 0.000 679.918 0.000
A_172 0.000 185.740 4.000
I_173 0.000 777.529 4.000
D_174 -7.878 -475.402 4.000
P_175 0.000 -195.996 4.000
L_176 0.000 679.918 8.000
L_177 0.000 679.918 4.000
D_178 -7.878 -475.402 4.000
A_179 0.000 185.740 4.000
A_180 0.000 185.740 4.000
P_181 0.000 -195.996 4.000
V_182 0.000 613.196 4.000
D_183 -7.878 -475.402 4.000
M_184 0.000 401.769 4.000
A_185 0.000 185.740 4.000
A_186 0.000 185.740 4.000
F_187 0.000 560.542 6.000
Q_188 -14.591 -643.904 6.000
H_189 -10.601 -583.484 9.000
G_190 0.000 -27.649 9.000
S_191 -10.149 -90.060 5.000
L_192 0.000 679.918 7.000
L_193 0.000 679.918 12.000
Q_194 -19.866 -643.904 9.000
R_195 -30.711 -1015.709 14.000
M_196 0.000 401.769 17.000
R_197 -29.616 -1015.709 13.000
S_198 -17.098 -90.060 11.000
L_199 0.000 679.918 14.000
S_200 -15.425 -90.060 9.000
T_201 -15.425 -90.974 9.000
L_202 0.000 679.918 9.000
K_203 -11.867 -818.649 6.000
P_204 0.000 -195.996 3.000
L_205 0.000 679.918 6.000
L_206 0.000 679.918 3.000
K_207 -4.441 -818.649 3.000
A_208 0.000 185.740 8.000
G_209 0.000 -27.649 8.000
R_210 -11.867 -1015.709 5.000
I_211 0.000 777.529 5.000
L_212 0.000 679.918 5.000
G_213 0.000 -27.649 4.000
A_214 0.000 185.740 4.000
Q_215 -7.878 -643.904 4.000
L_216 0.000 679.918 9.000
P_217 0.000 -195.996 11.000
R_218 -23.856 -1015.709 9.000
Y_219 -12.518 -274.939 13.000
Y_220 -12.518 -274.939 13.000
E_221 -18.409 -605.239 8.000
V_222 0.000 613.196 9.000
L_223 0.000 679.918 7.000
T_224 -4.441 -90.974 3.000
A_225 0.000 185.740 3.000
P_226 0.000 -195.996 6.000
I_227 0.000 777.529 6.000
T_228 -11.867 -90.974 6.000
K_229 -11.867 -818.649 6.000
V_230 0.000 613.196 10.000
L_231 0.000 679.918 11.000
D_232 -19.866 -475.402 9.000
Q_233 -19.866 -643.904 9.000
W_234 -6.358 -203.500 13.000
F_235 0.000 560.542 12.000
E_236 -23.258 -605.239 12.000
S_237 -17.098 -90.060 11.000
E_238 -22.253 -605.239 11.000
P_239 0.000 -195.996 10.000
L_240 0.000 679.918 7.000
K_241 -11.867 -818.649 6.000
A_242 0.000 185.740 6.000
T_243 -11.867 -90.974 6.000
L_244 0.000 679.918 6.000
A_245 0.000 185.740 10.000
T_246 -13.255 -90.974 7.000
D_247 -16.691 -475.402 7.000
A_248 0.000 185.740 7.000
V_249 0.000 613.196 4.000
I_250 0.000 777.529 0.000
G_251 0.000 -27.649 0.000
A_252 0.000 185.740 3.000
M_253 0.000 401.769 6.000
T_254 -11.867 -90.974 6.000
S_255 -14.420 -90.060 8.000
P_256 0.000 -195.996 11.000
H_257 -9.978 -583.484 8.000
T_258 -10.149 -90.974 5.000
P_259 0.000 -195.996 8.000
G_260 0.000 -27.649 6.000
S_261 -10.149 -90.060 5.000
G_262 0.000 -27.649 5.000
Y_263 -7.426 -274.939 5.000
V_264 0.000 613.196 2.000
L_265 0.000 679.918 4.000
L_266 0.000 679.918 4.000
H_267 -6.160 -583.484 4.000
H_268 -6.160 -583.484 4.000
V_269 0.000 613.196 4.000
M_270 0.000 401.769 2.000
G_271 0.000 -27.649 0.000
G_272 0.000 -27.649 4.000
L_273 0.000 679.918 4.000
E_274 -7.878 -605.239 4.000
G_275 0.000 -27.649 8.000
M_276 0.000 401.769 8.000
Q_277 -7.878 -643.904 4.000
G_278 0.000 -27.649 5.000
A_279 0.000 185.740 5.000
W_280 -2.723 -203.500 3.000
G_281 0.000 -27.649 3.000
Y_282 -9.265 -274.939 7.000
V_283 0.000 613.196 6.000
Q_284 -14.591 -643.904 6.000
G_285 0.000 -27.649 4.000
G_286 0.000 -27.649 4.000
M_287 0.000 401.769 0.000
G_288 0.000 -27.649 0.000
A_289 0.000 185.740 3.000
L_290 0.000 679.918 7.000
S_291 -13.255 -90.060 7.000
D_292 -16.691 -475.402 7.000
A_293 0.000 185.740 7.000
I_294 0.000 777.529 7.000
A_295 0.000 185.740 6.000
S_296 -11.867 -90.060 6.000
S_297 -15.425 -90.060 9.000
A_298 0.000 185.740 12.000
T_299 -17.098 -90.974 11.000
T_300 -14.420 -90.974 8.000
H_301 -9.978 -583.484 8.000
G_302 0.000 -27.649 8.000
A_303 0.000 185.740 5.000
S_304 -4.441 -90.060 3.000
I_305 0.000 777.529 6.000
F_306 0.000 560.542 10.000
T_307 -16.309 -90.974 10.000
E_308 -24.169 -605.239 13.000
K_309 -18.462 -818.649 13.000
T_310 -16.309 -90.974 10.000
V_311 0.000 613.196 9.000
A_312 0.000 185.740 6.000
K_313 -13.255 -818.649 7.000
V_314 0.000 613.196 7.000
Q_315 -22.253 -643.904 11.000
V_316 0.000 613.196 11.000
N_317 -25.772 -507.047 15.000
S_318 -17.098 -90.060 11.000
E_319 -22.253 -605.239 11.000
G_320 0.000 -27.649 7.000
C_321 0.000 322.480 8.000
V_322 0.000 613.196 4.000
Q_323 -7.878 -643.904 4.000
G_324 0.000 -27.649 4.000
V_325 0.000 613.196 4.000
V_326 0.000 613.196 4.000
L_327 0.000 679.918 8.000
E_328 -18.409 -605.239 8.000
D_329 -22.253 -475.402 11.000
G_330 0.000 -27.649 15.000
T_331 -17.098 -90.974 11.000
E_332 -23.258 -605.239 12.000
V_333 0.000 613.196 15.000
R_334 -31.716 -1015.709 15.000
S_335 -17.098 -90.060 11.000
K_336 -17.098 -818.649 11.000
M_337 0.000 401.769 6.000
V_338 0.000 613.196 6.000
L_339 0.000 679.918 7.000
S_340 -16.309 -90.060 10.000
N_341 -24.169 -507.047 13.000
T_342 -18.462 -90.974 13.000
S_343 -19.059 -90.060 14.000
P_344 0.000 -195.996 10.000
Q_345 -21.132 -643.904 10.000
I_346 0.000 777.529 7.000
T_347 -13.255 -90.974 7.000
F_348 0.000 560.542 6.000
L_349 0.000 679.918 6.000
K_350 -11.867 -818.649 6.000
L_351 0.000 679.918 6.000
T_352 -16.309 -90.974 10.000
P_353 0.000 -195.996 11.000
Q_354 -23.258 -643.904 12.000
E_355 -19.866 -605.239 9.000
W_356 -5.447 -203.500 9.000
L_357 0.000 679.918 9.000
P_358 0.000 -195.996 9.000
E_359 -18.409 -605.239 8.000
E_360 -18.409 -605.239 8.000
F_361 0.000 560.542 12.000
L_362 0.000 679.918 13.000
E_363 -19.866 -605.239 9.000
R_364 -28.412 -1015.709 12.000
I_365 0.000 777.529 16.000
S_366 -17.811 -90.060 12.000
Q_367 -22.253 -643.904 11.000
L_368 0.000 679.918 14.000
D_369 -26.485 -475.402 16.000
T_370 -19.613 -90.974 15.000
R_371 -31.716 -1015.709 15.000
S_372 -17.098 -90.060 11.000
P_373 0.000 -195.996 11.000
V_374 0.000 613.196 9.000
T_375 -11.867 -90.974 6.000
K_376 -16.309 -818.649 10.000
I_377 0.000 777.529 10.000
N_378 -16.691 -507.047 7.000
V_379 0.000 613.196 4.000
A_380 0.000 185.740 8.000
V_381 0.000 613.196 9.000
D_382 -19.866 -475.402 9.000
R_383 -23.856 -1015.709 9.000
L_384 0.000 679.918 12.000
P_385 0.000 -195.996 8.000
S_386 -4.441 -90.060 3.000
F_387 0.000 560.542 3.000
L_388 0.000 679.918 3.000
A_389 0.000 185.740 0.000
A_390 0.000 185.740 4.000
P_391 0.000 -195.996 4.000
N_392 -7.878 -507.047 4.000
A_393 0.000 185.740 9.000
P_394 0.000 -195.996 9.000
R_395 -23.856 -1015.709 9.000
G_396 0.000 -27.649 9.000
Q_397 -19.866 -643.904 9.000
P_398 0.000 -195.996 4.000
L_399 0.000 679.918 6.000
P_400 0.000 -195.996 4.000
H_401 -9.978 -583.484 8.000
H_402 -9.978 -583.484 8.000
Q_403 -22.253 -643.904 11.000
C_404 0.000 322.480 9.000
S_405 -15.425 -90.060 9.000
I_406 0.000 777.529 5.000
H_407 -10.601 -583.484 9.000
L_408 0.000 679.918 6.000
N_409 -21.132 -507.047 10.000
C_410 0.000 322.480 12.000
E_411 -25.772 -605.239 15.000
D_412 -22.253 -475.402 11.000
T_413 -17.098 -90.974 11.000
L_414 0.000 679.918 7.000
L_415 0.000 679.918 5.000
L_416 0.000 679.918 6.000
H_417 -8.431 -583.484 6.000
Q_418 -14.591 -643.904 6.000
A_419 0.000 185.740 10.000
F_420 0.000 560.542 12.000
E_421 -18.409 -605.239 8.000
D_422 -18.409 -475.402 8.000
A_423 0.000 185.740 12.000
M_424 0.000 401.769 8.000
D_425 -7.878 -475.402 4.000
G_426 0.000 -27.649 4.000
L_427 0.000 679.918 7.000
P_428 0.000 -195.996 5.000
S_429 -16.309 -90.060 10.000
H_430 -11.154 -583.484 10.000
R_431 -25.574 -1015.709 10.000
P_432 0.000 -195.996 7.000
V_433 0.000 613.196 9.000
I_434 0.000 777.529 4.000
E_435 -7.878 -605.239 4.000
L_436 0.000 679.918 4.000
C_437 0.000 322.480 4.000
I_438 0.000 777.529 3.000
P_439 0.000 -195.996 6.000
S_440 -11.867 -90.060 6.000
S_441 -16.309 -90.060 10.000
L_442 0.000 679.918 10.000
D_443 -21.132 -475.402 10.000
P_444 0.000 -195.996 7.000
T_445 -13.255 -90.974 7.000
L_446 0.000 679.918 3.000
A_447 0.000 185.740 3.000
P_448 0.000 -195.996 0.000
P_449 0.000 -195.996 0.000
G_450 0.000 -27.649 2.000
C_451 0.000 322.480 2.000
H_452 -1.718 -583.484 2.000
V_453 0.000 613.196 5.000
V_454 0.000 613.196 5.000
S_455 -4.441 -90.060 3.000
L_456 0.000 679.918 6.000
F_457 0.000 560.542 10.000
T_458 -15.425 -90.974 9.000
Q_459 -19.866 -643.904 9.000
Y_460 -10.601 -274.939 9.000
M_461 0.000 401.769 8.000
P_462 0.000 -195.996 7.000
Y_463 -7.426 -274.939 5.000
T_464 -10.149 -90.974 5.000
L_465 0.000 679.918 5.000
A_466 0.000 185.740 3.000
G_467 0.000 -27.649 3.000
G_468 0.000 -27.649 3.000
K_469 -7.878 -818.649 4.000
A_470 0.000 185.740 8.000
W_471 -6.160 -203.500 12.000
D_472 -24.169 -475.402 13.000
E_473 -27.150 -605.239 17.000
Q_474 -29.436 -643.904 21.000
E_475 -29.436 -605.239 21.000
R_476 -33.508 -1015.709 17.000
D_477 -25.772 -475.402 15.000
A_478 0.000 185.740 11.000
Y_479 -11.154 -274.939 10.000
A_480 0.000 185.740 11.000
D_481 -22.253 -475.402 11.000
R_482 -23.856 -1015.709 9.000
V_483 0.000 613.196 13.000
F_484 0.000 560.542 9.000
D_485 -7.878 -475.402 4.000
C_486 0.000 322.480 8.000
I_487 0.000 777.529 8.000
E_488 -14.591 -605.239 6.000
V_489 0.000 613.196 6.000
Y_490 -8.431 -274.939 6.000
A_491 0.000 185.740 2.000
P_492 0.000 -195.996 2.000
G_493 0.000 -27.649 3.000
F_494 0.000 560.542 7.000
K_495 -16.309 -818.649 10.000
D_496 -21.132 -475.402 10.000
S_497 -16.309 -90.060 10.000
V_498 0.000 613.196 7.000
V_499 0.000 613.196 8.000
G_500 0.000 -27.649 9.000
R_501 -23.856 -1015.709 9.000
D_502 -19.866 -475.402 9.000
I_503 0.000 777.529 12.000
L_504 0.000 679.918 7.000
T_505 -4.441 -90.974 3.000
P_506 0.000 -195.996 7.000
P_507 0.000 -195.996 7.000
D_508 -18.409 -475.402 8.000
L_509 0.000 679.918 13.000
E_510 -24.169 -605.239 13.000
R_511 -23.856 -1015.709 9.000
I_512 0.000 777.529 9.000
F_513 0.000 560.542 5.000
G_514 0.000 -27.649 0.000
L_515 0.000 679.918 0.000
P_516 0.000 -195.996 0.000
G_517 0.000 -27.649 4.000
G_518 0.000 -27.649 4.000
N_519 -7.878 -507.047 4.000
I_520 0.000 777.529 6.000
F_521 0.000 560.542 6.000
H_522 -1.718 -583.484 2.000
C_523 0.000 322.480 2.000
A_524 0.000 185.740 5.000
M_525 0.000 401.769 3.000
S_526 -13.255 -90.060 7.000
L_527 0.000 679.918 11.000
D_528 -22.253 -475.402 11.000
Q_529 -21.132 -643.904 10.000
L_530 0.000 679.918 10.000
Y_531 -8.431 -274.939 6.000
F_532 0.000 560.542 7.000
A_533 0.000 185.740 7.000
R_534 -11.867 -1015.709 5.000
P_535 0.000 -195.996 5.000
V_536 0.000 613.196 5.000
P_537 0.000 -195.996 2.000
L_538 0.000 679.918 5.000
H_539 -7.426 -583.484 5.000
S_540 -13.255 -90.060 7.000
G_541 0.000 -27.649 12.000
Y_542 -11.154 -274.939 10.000
R_543 -19.414 -1015.709 7.000
C_544 0.000 322.480 7.000
P_545 0.000 -195.996 9.000
L_546 0.000 679.918 4.000
Q_547 -7.878 -643.904 4.000
G_548 0.000 -27.649 6.000
L_549 0.000 679.918 6.000
Y_550 -1.718 -274.939 2.000
L_551 0.000 679.918 2.000
C_552 0.000 322.480 5.000
G_553 0.000 -27.649 3.000
S_554 -4.441 -90.060 3.000
G_555 0.000 -27.649 5.000
A_556 0.000 185.740 5.000
H_557 -1.718 -583.484 2.000
P_558 0.000 -195.996 2.000
G_559 0.000 -27.649 2.000
G_560 0.000 -27.649 0.000
G_561 0.000 -27.649 0.000
V_562 0.000 613.196 0.000
M_563 0.000 401.769 0.000
G_564 0.000 -27.649 0.000
A_565 0.000 185.740 0.000
A_566 0.000 185.740 5.000
G_567 0.000 -27.649 9.000
R_568 -23.856 -1015.709 9.000
N_569 -19.866 -507.047 9.000
A_570 0.000 185.740 11.000
A_571 0.000 185.740 6.000
H_572 -1.718 -583.484 2.000
V_573 0.000 613.196 2.000
A_574 0.000 185.740 7.000
F_575 0.000 560.542 9.000
R_576 -23.856 -1015.709 9.000
D_577 -23.258 -475.402 12.000
L_578 0.000 679.918 15.000
K_579 -16.309 -818.649 10.000
S_580 -11.867 -90.060 6.000
M_581 0.000 401.769 6.000
