M_1 0.000 401.769 4.000
D_2 -19.866 -475.402 9.000
A_3 0.000 185.740 14.000
R_4 -30.711 -1015.709 14.000
R_5 -25.574 -1015.709 10.000
V_6 0.000 613.196 14.000
P_7 0.000 -195.996 12.000
Q_8 -22.253 -643.904 11.000
K_9 -17.098 -818.649 11.000
D_10 -26.485 -475.402 16.000
L_11 0.000 679.918 12.000
R_12 -28.412 -1015.709 12.000
V_13 0.000 613.196 11.000
K_14 -19.613 -818.649 15.000
K_15 -16.309 -818.649 10.000
N_16 -24.169 -507.047 13.000
L_17 0.000 679.918 13.000
K_18 -16.309 -818.649 10.000
K_19 -17.098 -818.649 11.000
F_20 0.000 560.542 13.000
R_21 -25.574 -1015.709 10.000
Y_22 -11.154 -274.939 10.000
V_23 0.000 613.196 10.000
K_24 -10.149 -818.649 5.000
L_25 0.000 679.918 6.000
I_26 0.000 777.529 6.000
S_27 -13.255 -90.060 7.000
M_28 0.000 401.769 10.000
E_29 -24.169 -605.239 13.000
T_30 -18.462 -90.974 13.000
S_31 -20.127 -90.060 16.000
S_32 -19.613 -90.060 15.000
S_33 -20.127 -90.060 16.000
S_34 -20.609 -90.060 17.000
D_35 -27.150 -475.402 17.000
D_36 -25.003 -475.402 14.000
S_37 -19.613 -90.060 15.000
C_38 0.000 322.480 14.000
D_39 -21.132 -475.402 10.000
S_40 -13.255 -90.060 7.000
F_41 0.000 560.542 10.000
A_42 0.000 185.740 10.000
S_43 -17.098 -90.060 11.000
D_44 -22.253 -475.402 11.000
N_45 -22.253 -507.047 11.000
F_46 0.000 560.542 12.000
A_47 0.000 185.740 11.000
N_48 -21.132 -507.047 10.000
T_49 -16.309 -90.974 10.000
K_50 -18.462 -818.649 13.000
P_51 0.000 -195.996 9.000
K_52 -17.098 -818.649 11.000
F_53 0.000 560.542 11.000
R_54 -31.716 -1015.709 15.000
S_55 -17.811 -90.060 12.000
D_56 -25.772 -475.402 15.000
I_57 0.000 777.529 14.000
S_58 -19.613 -90.060 15.000
E_59 -22.253 -605.239 11.000
E_60 -22.253 -605.239 11.000
L_61 0.000 679.918 12.000
A_62 0.000 185.740 8.000
N_63 -7.878 -507.047 4.000
V_64 0.000 613.196 6.000
F_65 0.000 560.542 10.000
Y_66 -11.154 -274.939 10.000
E_67 -24.169 -605.239 13.000
D_68 -27.150 -475.402 17.000
S_69 -21.486 -90.060 19.000
D_70 -28.359 -475.402 19.000
N_71 -27.773 -507.047 18.000
E_72 -25.772 -605.239 15.000
S_73 -17.098 -90.060 11.000
F_74 0.000 560.542 7.000
C_75 0.000 322.480 3.000
G_76 0.000 -27.649 3.000
F_77 0.000 560.542 7.000
S_78 -16.309 -90.060 10.000
E_79 -25.003 -605.239 14.000
S_80 -19.059 -90.060 14.000
E_81 -25.772 -605.239 15.000
V_82 0.000 613.196 15.000
Q_83 -23.258 -643.904 12.000
D_84 -18.409 -475.402 8.000
V_85 0.000 613.196 12.000
L_86 0.000 679.918 10.000
D_87 -14.591 -475.402 6.000
H_88 -8.431 -583.484 6.000
C_89 0.000 322.480 6.000
G_90 0.000 -27.649 2.000
F_91 0.000 560.542 4.000
L_92 0.000 679.918 7.000
Q_93 -16.691 -643.904 7.000
K_94 -17.811 -818.649 12.000
P_95 0.000 -195.996 12.000
R_96 -28.412 -1015.709 12.000
P_97 0.000 -195.996 9.000
D_98 -23.258 -475.402 12.000
V_99 0.000 613.196 11.000
T_100 -19.613 -90.974 15.000
N_101 -22.253 -507.047 11.000
E_102 -22.253 -605.239 11.000
L_103 0.000 679.918 8.000
A_104 0.000 185.740 4.000
G_105 0.000 -27.649 0.000
I_106 0.000 777.529 2.000
F_107 0.000 560.542 2.000
H_108 -8.431 -583.484 6.000
A_109 0.000 185.740 9.000
D_110 -24.169 -475.402 13.000
S_111 -19.613 -90.060 15.000
D_112 -28.359 -475.402 19.000
D_113 -27.773 -475.402 18.000
E_114 -25.772 -605.239 15.000
S_115 -17.098 -90.060 11.000
F_116 0.000 560.542 7.000
C_117 0.000 322.480 3.000
G_118 0.000 -27.649 3.000
F_119 0.000 560.542 7.000
S_120 -16.309 -90.060 10.000
E_121 -25.003 -605.239 14.000
S_122 -19.059 -90.060 14.000
E_123 -25.772 -605.239 15.000
I_124 0.000 777.529 15.000
Q_125 -23.258 -643.904 12.000
D_126 -18.409 -475.402 8.000
G_127 0.000 -27.649 13.000
M_128 0.000 401.769 9.000
R_129 -23.856 -1015.709 9.000
L_130 0.000 679.918 12.000
Q_131 -23.258 -643.904 12.000
S_132 -17.811 -90.060 12.000
V_133 0.000 613.196 16.000
R_134 -28.412 -1015.709 12.000
E_135 -19.866 -605.239 9.000
G_136 0.000 -27.649 14.000
C_137 0.000 322.480 12.000
R_138 -29.616 -1015.709 13.000
T_139 -20.127 -90.974 16.000
R_140 -35.785 -1015.709 20.000
S_141 -19.613 -90.060 15.000
Q_142 -27.150 -643.904 17.000
C_143 0.000 322.480 14.000
R_144 -30.711 -1015.709 14.000
H_145 -11.154 -583.484 10.000
S_146 -16.309 -90.060 10.000
G_147 0.000 -27.649 5.000
P_148 0.000 -195.996 8.000
L_149 0.000 679.918 5.000
R_150 -11.867 -1015.709 5.000
V_151 0.000 613.196 5.000
A_152 0.000 185.740 8.000
M_153 0.000 401.769 3.000
K_154 -4.441 -818.649 3.000
F_155 0.000 560.542 3.000
P_156 0.000 -195.996 8.000
A_157 0.000 185.740 8.000
R_158 -27.076 -1015.709 11.000
S_159 -20.127 -90.060 16.000
T_160 -20.127 -90.974 16.000
R_161 -27.076 -1015.709 11.000
G_162 0.000 -27.649 11.000
A_163 0.000 185.740 12.000
T_164 -16.309 -90.974 10.000
N_165 -24.169 -507.047 13.000
K_166 -18.462 -818.649 13.000
K_167 -19.059 -818.649 14.000
A_168 0.000 185.740 13.000
E_169 -25.772 -605.239 15.000
S_170 -20.127 -90.060 16.000
R_171 -32.645 -1015.709 16.000
Q_172 -25.772 -643.904 15.000
P_173 0.000 -195.996 16.000
S_174 -19.613 -90.060 15.000
E_175 -25.003 -605.239 14.000
N_176 -25.003 -507.047 14.000
S_177 -19.059 -90.060 14.000
V_178 0.000 613.196 14.000
T_179 -18.462 -90.974 13.000
D_180 -25.003 -475.402 14.000
S_181 -20.609 -90.060 17.000
N_182 -27.773 -507.047 18.000
S_183 -20.609 -90.060 17.000
D_184 -27.773 -475.402 18.000
S_185 -21.060 -90.060 18.000
E_186 -28.359 -605.239 19.000
D_187 -27.773 -475.402 18.000
E_188 -25.772 -605.239 15.000
S_189 -17.098 -90.060 11.000
G_190 0.000 -27.649 11.000
M_191 0.000 401.769 7.000
N_192 -7.878 -507.047 4.000
F_193 0.000 560.542 8.000
L_194 0.000 679.918 11.000
E_195 -23.258 -605.239 12.000
K_196 -17.811 -818.649 12.000
R_197 -28.412 -1015.709 12.000
A_198 0.000 185.740 12.000
L_199 0.000 679.918 9.000
N_200 -16.691 -507.047 7.000
I_201 0.000 777.529 11.000
K_202 -19.613 -818.649 15.000
Q_203 -25.003 -643.904 14.000
N_204 -25.003 -507.047 14.000
K_205 -17.098 -818.649 11.000
A_206 0.000 185.740 7.000
M_207 0.000 401.769 3.000
L_208 0.000 679.918 3.000
A_209 0.000 185.740 3.000
K_210 -4.441 -818.649 3.000
L_211 0.000 679.918 6.000
M_212 0.000 401.769 10.000
S_213 -13.255 -90.060 7.000
E_214 -22.253 -605.239 11.000
L_215 0.000 679.918 14.000
E_216 -22.253 -605.239 11.000
S_217 -13.255 -90.060 7.000
F_218 0.000 560.542 7.000
P_219 0.000 -195.996 6.000
G_220 0.000 -27.649 3.000
S_221 -14.420 -90.060 8.000
F_222 0.000 560.542 8.000
R_223 -29.616 -1015.709 13.000
G_224 0.000 -27.649 12.000
R_225 -28.412 -1015.709 12.000
H_226 -9.265 -583.484 7.000
P_227 0.000 -195.996 7.000
L_228 0.000 679.918 2.000
P_229 0.000 -195.996 3.000
G_230 0.000 -27.649 7.000
S_231 -16.309 -90.060 10.000
D_232 -25.003 -475.402 14.000
S_233 -20.609 -90.060 17.000
Q_234 -28.359 -643.904 19.000
S_235 -21.889 -90.060 20.000
R_236 -33.508 -1015.709 17.000
R_237 -34.315 -1015.709 18.000
P_238 0.000 -195.996 20.000
R_239 -35.785 -1015.709 20.000
R_240 -34.315 -1015.709 18.000
R_241 -34.315 -1015.709 18.000
T_242 -18.462 -90.974 13.000
F_243 0.000 560.542 8.000
P_244 0.000 -195.996 3.000
G_245 0.000 -27.649 0.000
V_246 0.000 613.196 3.000
A_247 0.000 185.740 8.000
S_248 -18.462 -90.060 13.000
R_249 -33.508 -1015.709 17.000
R_250 -33.508 -1015.709 17.000
N_251 -27.773 -507.047 18.000
P_252 0.000 -195.996 18.000
E_253 -27.773 -605.239 18.000
R_254 -30.711 -1015.709 14.000
R_255 -35.072 -1015.709 19.000
A_256 0.000 185.740 15.000
R_257 -25.574 -1015.709 10.000
P_258 0.000 -195.996 8.000
L_259 0.000 679.918 13.000
T_260 -17.098 -90.974 11.000
R_261 -32.645 -1015.709 16.000
S_262 -21.486 -90.060 19.000
R_263 -36.459 -1015.709 21.000
S_264 -20.127 -90.060 16.000
R_265 -29.616 -1015.709 13.000
I_266 0.000 777.529 8.000
L_267 0.000 679.918 8.000
G_268 0.000 -27.649 3.000
S_269 -13.255 -90.060 7.000
L_270 0.000 679.918 7.000
D_271 -16.691 -475.402 7.000
A_272 0.000 185.740 4.000
L_273 0.000 679.918 4.000
P_274 0.000 -195.996 4.000
M_275 0.000 401.769 8.000
E_276 -23.258 -605.239 12.000
E_277 -26.485 -605.239 16.000
E_278 -28.912 -605.239 20.000
E_279 -28.912 -605.239 20.000
E_280 -28.912 -605.239 20.000
E_281 -28.359 -605.239 19.000
D_282 -27.150 -475.402 17.000
K_283 -18.462 -818.649 13.000
Y_284 -10.601 -274.939 9.000
M_285 0.000 401.769 5.000
L_286 0.000 679.918 7.000
V_287 0.000 613.196 8.000
R_288 -29.616 -1015.709 13.000
K_289 -20.127 -818.649 16.000
R_290 -35.072 -1015.709 19.000
K_291 -19.059 -818.649 14.000
T_292 -19.613 -90.974 15.000
V_293 0.000 613.196 10.000
D_294 -19.866 -475.402 9.000
G_295 0.000 -27.649 6.000
Y_296 -11.154 -274.939 10.000
M_297 0.000 401.769 10.000
N_298 -25.003 -507.047 14.000
E_299 -26.485 -605.239 16.000
D_300 -26.485 -475.402 16.000
D_301 -23.258 -475.402 12.000
L_302 0.000 679.918 13.000
P_303 0.000 -195.996 12.000
R_304 -29.616 -1015.709 13.000
S_305 -21.060 -90.060 18.000
R_306 -36.459 -1015.709 21.000
R_307 -36.459 -1015.709 21.000
S_308 -22.271 -90.060 21.000
R_309 -35.072 -1015.709 19.000
S_310 -19.059 -90.060 14.000
S_311 -19.059 -90.060 14.000
V_312 0.000 613.196 9.000
T_313 -11.867 -90.974 6.000
L_314 0.000 679.918 5.000
P_315 0.000 -195.996 5.000
H_316 -1.718 -583.484 2.000
I_317 0.000 777.529 7.000
I_318 0.000 777.529 7.000
R_319 -11.867 -1015.709 5.000
P_320 0.000 -195.996 9.000
V_321 0.000 613.196 13.000
E_322 -18.409 -605.239 8.000
E_323 -22.253 -605.239 11.000
I_324 0.000 777.529 15.000
T_325 -19.613 -90.974 15.000
E_326 -25.772 -605.239 15.000
E_327 -25.772 -605.239 15.000
E_328 -26.485 -605.239 16.000
L_329 0.000 679.918 16.000
E_330 -23.258 -605.239 12.000
N_331 -18.409 -507.047 8.000
V_332 0.000 613.196 11.000
C_333 0.000 322.480 11.000
S_334 -16.309 -90.060 10.000
N_335 -25.772 -507.047 15.000
S_336 -21.486 -90.060 19.000
R_337 -35.072 -1015.709 19.000
E_338 -25.772 -605.239 15.000
K_339 -19.059 -818.649 14.000
I_340 0.000 777.529 13.000
Y_341 -12.900 -274.939 14.000
N_342 -25.003 -507.047 14.000
R_343 -30.711 -1015.709 14.000
S_344 -17.811 -90.060 12.000
L_345 0.000 679.918 11.000
G_346 0.000 -27.649 9.000
S_347 -11.867 -90.060 6.000
T_348 -14.420 -90.974 8.000
C_349 0.000 322.480 12.000
H_350 -10.601 -583.484 9.000
Q_351 -22.253 -643.904 11.000
C_352 0.000 322.480 15.000
R_353 -32.645 -1015.709 16.000
Q_354 -25.772 -643.904 15.000
K_355 -19.613 -818.649 15.000
T_356 -19.059 -90.974 14.000
I_357 0.000 777.529 13.000
D_358 -24.169 -475.402 13.000
T_359 -18.462 -90.974 13.000
K_360 -20.609 -818.649 17.000
T_361 -18.462 -90.974 13.000
N_362 -25.772 -507.047 15.000
C_363 0.000 322.480 16.000
R_364 -29.616 -1015.709 13.000
N_365 -24.169 -507.047 13.000
P_366 0.000 -195.996 13.000
D_367 -19.866 -475.402 9.000
C_368 0.000 322.480 5.000
W_369 -3.990 -203.500 5.000
G_370 0.000 -27.649 6.000
V_371 0.000 613.196 6.000
R_372 -23.856 -1015.709 9.000
G_373 0.000 -27.649 9.000
Q_374 -19.866 -643.904 9.000
F_375 0.000 560.542 4.000
C_376 0.000 322.480 4.000
G_377 0.000 -27.649 0.000
P_378 0.000 -195.996 0.000
C_379 0.000 322.480 5.000
L_380 0.000 679.918 9.000
R_381 -30.711 -1015.709 14.000
N_382 -26.485 -507.047 16.000
R_383 -32.645 -1015.709 16.000
Y_384 -13.255 -274.939 15.000
G_385 0.000 -27.649 15.000
E_386 -21.132 -605.239 10.000
E_387 -24.169 -605.239 13.000
V_388 0.000 613.196 17.000
R_389 -29.616 -1015.709 13.000
D_390 -19.866 -475.402 9.000
A_391 0.000 185.740 9.000
L_392 0.000 679.918 8.000
L_393 0.000 679.918 4.000
D_394 -18.409 -475.402 8.000
P_395 0.000 -195.996 9.000
N_396 -22.253 -507.047 11.000
W_397 -4.824 -203.500 7.000
H_398 -9.265 -583.484 7.000
C_399 0.000 322.480 3.000
P_400 0.000 -195.996 2.000
P_401 0.000 -195.996 5.000
C_402 0.000 322.480 5.000
R_403 -11.867 -1015.709 5.000
G_404 0.000 -27.649 5.000
I_405 0.000 777.529 9.000
C_406 0.000 322.480 4.000
N_407 -16.691 -507.047 7.000
C_408 0.000 322.480 7.000
S_409 -13.255 -90.060 7.000
F_410 0.000 560.542 8.000
C_411 0.000 322.480 12.000
R_412 -30.711 -1015.709 14.000
Q_413 -27.773 -643.904 18.000
R_414 -34.315 -1015.709 18.000
D_415 -27.773 -475.402 18.000
G_416 0.000 -27.649 14.000
R_417 -23.856 -1015.709 9.000
C_418 0.000 322.480 8.000
A_419 0.000 185.740 8.000
T_420 -4.441 -90.974 3.000
G_421 0.000 -27.649 3.000
V_422 0.000 613.196 3.000
L_423 0.000 679.918 2.000
V_424 0.000 613.196 2.000
Y_425 -1.718 -274.939 2.000
L_426 0.000 679.918 5.000
A_427 0.000 185.740 7.000
K_428 -13.255 -818.649 7.000
Y_429 -9.265 -274.939 7.000
H_430 -9.265 -583.484 7.000
G_431 0.000 -27.649 4.000
F_432 0.000 560.542 6.000
G_433 0.000 -27.649 4.000
N_434 -14.591 -507.047 6.000
V_435 0.000 613.196 6.000
H_436 -9.978 -583.484 8.000
A_437 0.000 185.740 4.000
Y_438 -9.265 -274.939 7.000
L_439 0.000 679.918 8.000
K_440 -14.420 -818.649 8.000
S_441 -15.425 -90.060 9.000
L_442 0.000 679.918 13.000
K_443 -19.059 -818.649 14.000
Q_444 -22.253 -643.904 11.000
E_445 -25.772 -605.239 15.000
F_446 0.000 560.542 12.000
E_447 -23.258 -605.239 12.000
M_448 0.000 401.769 8.000
Q_449 -18.409 -643.904 8.000
A_450 0.000 185.740 4.000
