M_1 0.000 401.769 10.000
R_2 -30.711 -1015.709 14.000
R_3 -30.711 -1015.709 14.000
Q_4 -25.003 -643.904 14.000
P_5 0.000 -195.996 12.000
A_6 0.000 185.740 7.000
K_7 -4.441 -818.649 3.000
V_8 0.000 613.196 3.000
A_9 0.000 185.740 3.000
A_10 0.000 185.740 0.000
L_11 0.000 679.918 0.000
L_12 0.000 679.918 0.000
L_13 0.000 679.918 0.000
G_14 0.000 -27.649 0.000
L_15 0.000 679.918 0.000
L_16 0.000 679.918 4.000
L_17 0.000 679.918 4.000
E_18 -16.691 -605.239 7.000
C_19 0.000 322.480 11.000
T_20 -17.098 -90.974 11.000
E_21 -21.132 -605.239 10.000
A_22 0.000 185.740 13.000
K_23 -17.811 -818.649 12.000
K_24 -14.420 -818.649 8.000
H_25 -10.601 -583.484 9.000
C_26 0.000 322.480 8.000
W_27 -3.990 -203.500 5.000
Y_28 -9.265 -274.939 7.000
F_29 0.000 560.542 7.000
E_30 -14.591 -605.239 6.000
G_31 0.000 -27.649 6.000
L_32 0.000 679.918 6.000
Y_33 -7.426 -274.939 5.000
P_34 0.000 -195.996 7.000
T_35 -15.425 -90.974 9.000
Y_36 -9.265 -274.939 7.000
Y_37 -9.265 -274.939 7.000
I_38 0.000 777.529 9.000
C_39 0.000 322.480 10.000
R_40 -25.574 -1015.709 10.000
S_41 -19.059 -90.060 14.000
Y_42 -14.188 -274.939 18.000
E_43 -24.169 -605.239 13.000
D_44 -21.132 -475.402 10.000
C_45 0.000 322.480 8.000
C_46 0.000 322.480 7.000
G_47 0.000 -27.649 8.000
S_48 -14.420 -90.060 8.000
R_49 -21.845 -1015.709 8.000
C_50 0.000 322.480 8.000
C_51 0.000 322.480 10.000
V_52 0.000 613.196 5.000
R_53 -11.867 -1015.709 5.000
A_54 0.000 185.740 8.000
L_55 0.000 679.918 8.000
S_56 -13.255 -90.060 7.000
I_57 0.000 777.529 12.000
Q_58 -23.258 -643.904 12.000
R_59 -25.574 -1015.709 10.000
L_60 0.000 679.918 12.000
W_61 -5.155 -203.500 8.000
Y_62 -6.160 -274.939 4.000
F_63 0.000 560.542 4.000
W_64 -2.723 -203.500 3.000
F_65 0.000 560.542 1.000
L_66 0.000 679.918 1.000
L_67 0.000 679.918 0.000
M_68 0.000 401.769 0.000
M_69 0.000 401.769 0.000
G_70 0.000 -27.649 0.000
V_71 0.000 613.196 0.000
L_72 0.000 679.918 0.000
F_73 0.000 560.542 0.000
C_74 0.000 322.480 0.000
C_75 0.000 322.480 0.000
G_76 0.000 -27.649 0.000
A_77 0.000 185.740 0.000
G_78 0.000 -27.649 0.000
F_79 0.000 560.542 0.000
F_80 0.000 560.542 5.000
I_81 0.000 777.529 10.000
R_82 -31.716 -1015.709 15.000
R_83 -31.716 -1015.709 15.000
R_84 -33.508 -1015.709 17.000
M_85 0.000 401.769 12.000
Y_86 -9.265 -274.939 7.000
P_87 0.000 -195.996 2.000
P_88 0.000 -195.996 2.000
P_89 0.000 -195.996 0.000
L_90 0.000 679.918 4.000
I_91 0.000 777.529 8.000
E_92 -18.409 -605.239 8.000
E_93 -18.409 -605.239 8.000
P_94 0.000 -195.996 8.000
A_95 0.000 185.740 8.000
F_96 0.000 560.542 4.000
N_97 -16.691 -507.047 7.000
V_98 0.000 613.196 9.000
S_99 -17.811 -90.060 12.000
Y_100 -12.518 -274.939 13.000
T_101 -20.609 -90.974 17.000
R_102 -30.711 -1015.709 14.000
Q_103 -23.258 -643.904 12.000
P_104 0.000 -195.996 13.000
P_105 0.000 -195.996 8.000
N_106 -7.878 -507.047 4.000
P_107 0.000 -195.996 4.000
G_108 0.000 -27.649 4.000
P_109 0.000 -195.996 0.000
G_110 0.000 -27.649 4.000
A_111 0.000 185.740 8.000
Q_112 -18.409 -643.904 8.000
Q_113 -18.409 -643.904 8.000
P_114 0.000 -195.996 8.000
G_115 0.000 -27.649 4.000
P_116 0.000 -195.996 2.000
P_117 0.000 -195.996 4.000
Y_118 -9.265 -274.939 7.000
Y_119 -11.652 -274.939 11.000
T_120 -17.098 -90.974 11.000
D_121 -19.866 -475.402 9.000
P_122 0.000 -195.996 7.000
G_123 0.000 -27.649 4.000
G_124 0.000 -27.649 0.000
P_125 0.000 -195.996 0.000
G_126 0.000 -27.649 4.000
M_127 0.000 401.769 4.000
N_128 -7.878 -507.047 4.000
P_129 0.000 -195.996 4.000
V_130 0.000 613.196 8.000
G_131 0.000 -27.649 7.000
N_132 -16.691 -507.047 7.000
S_133 -13.255 -90.060 7.000
M_134 0.000 401.769 7.000
A_135 0.000 185.740 3.000
M_136 0.000 401.769 0.000
A_137 0.000 185.740 4.000
F_138 0.000 560.542 4.000
Q_139 -7.878 -643.904 4.000
V_140 0.000 613.196 4.000
P_141 0.000 -195.996 8.000
P_142 0.000 -195.996 7.000
N_143 -16.691 -507.047 7.000
S_144 -17.098 -90.060 11.000
P_145 0.000 -195.996 11.000
Q_146 -21.132 -643.904 10.000
G_147 0.000 -27.649 7.000
S_148 -13.255 -90.060 7.000
V_149 0.000 613.196 3.000
A_150 0.000 185.740 3.000
C_151 0.000 322.480 0.000
P_152 0.000 -195.996 0.000
P_153 0.000 -195.996 0.000
P_154 0.000 -195.996 0.000
P_155 0.000 -195.996 2.000
A_156 0.000 185.740 2.000
Y_157 -8.431 -274.939 6.000
C_158 0.000 322.480 9.000
N_159 -19.866 -507.047 9.000
T_160 -13.255 -90.974 7.000
P_161 0.000 -195.996 7.000
P_162 0.000 -195.996 3.000
P_163 0.000 -195.996 2.000
P_164 0.000 -195.996 6.000
Y_165 -11.154 -274.939 10.000
E_166 -21.132 -605.239 10.000
Q_167 -21.132 -643.904 10.000
V_168 0.000 613.196 11.000
V_169 0.000 613.196 7.000
K_170 -11.867 -818.649 6.000
A_171 0.000 185.740 6.000
K_172 -11.867 -818.649 6.000
