M_1 0.000 401.769 5.000
A_2 0.000 185.740 5.000
R_3 -11.867 -1015.709 5.000
L_4 0.000 679.918 9.000
A_5 0.000 185.740 11.000
D_6 -14.591 -475.402 6.000
Y_7 -8.431 -274.939 6.000
F_8 0.000 560.542 6.000
I_9 0.000 777.529 2.000
V_10 0.000 613.196 0.000
V_11 0.000 613.196 2.000
G_12 0.000 -27.649 6.000
Y_13 -9.978 -274.939 8.000
D_14 -23.258 -475.402 12.000
H_15 -13.255 -583.484 15.000
E_16 -24.169 -605.239 13.000
K_17 -15.425 -818.649 9.000
P_18 0.000 -195.996 10.000
G_19 0.000 -27.649 6.000
S_20 -13.255 -90.060 7.000
G_21 0.000 -27.649 7.000
E_22 -16.691 -605.239 7.000
G_23 0.000 -27.649 4.000
L_24 0.000 679.918 7.000
G_25 0.000 -27.649 3.000
K_26 -4.441 -818.649 3.000
I_27 0.000 777.529 7.000
I_28 0.000 777.529 12.000
Q_29 -19.866 -643.904 9.000
R_30 -23.856 -1015.709 9.000
F_31 0.000 560.542 13.000
P_32 0.000 -195.996 12.000
Q_33 -22.253 -643.904 11.000
K_34 -17.811 -818.649 12.000
D_35 -26.485 -475.402 16.000
W_36 -6.873 -203.500 16.000
D_37 -26.485 -475.402 16.000
D_38 -23.258 -475.402 12.000
T_39 -17.098 -90.974 11.000
P_40 0.000 -195.996 7.000
F_41 0.000 560.542 7.000
P_42 0.000 -195.996 4.000
Q_43 -7.878 -643.904 4.000
G_44 0.000 -27.649 8.000
I_45 0.000 777.529 8.000
E_46 -7.878 -605.239 4.000
L_47 0.000 679.918 4.000
F_48 0.000 560.542 8.000
C_49 0.000 322.480 4.000
Q_50 -7.878 -643.904 4.000
P_51 0.000 -195.996 4.000
G_52 0.000 -27.649 5.000
G_53 0.000 -27.649 5.000
W_54 -3.990 -203.500 5.000
Q_55 -18.409 -643.904 8.000
L_56 0.000 679.918 13.000
S_57 -20.127 -90.060 16.000
R_58 -33.508 -1015.709 17.000
E_59 -28.912 -605.239 20.000
R_60 -36.459 -1015.709 21.000
K_61 -20.127 -818.649 16.000
Q_62 -25.772 -643.904 15.000
P_63 0.000 -195.996 10.000
T_64 -13.255 -90.974 7.000
F_65 0.000 560.542 3.000
F_66 0.000 560.542 3.000
V_67 0.000 613.196 0.000
V_68 0.000 613.196 0.000
V_69 0.000 613.196 3.000
L_70 0.000 679.918 7.000
T_71 -13.255 -90.974 7.000
D_72 -22.253 -475.402 11.000
I_73 0.000 777.529 14.000
D_74 -25.772 -475.402 15.000
S_75 -20.127 -90.060 16.000
D_76 -27.773 -475.402 18.000
R_77 -32.645 -1015.709 16.000
H_78 -12.518 -583.484 13.000
Y_79 -12.104 -274.939 12.000
C_80 0.000 322.480 7.000
S_81 -10.149 -90.060 5.000
C_82 0.000 322.480 6.000
L_83 0.000 679.918 6.000
T_84 -10.149 -90.974 5.000
F_85 0.000 560.542 9.000
Y_86 -10.601 -274.939 9.000
E_87 -21.132 -605.239 10.000
A_88 0.000 185.740 10.000
E_89 -23.258 -605.239 12.000
I_90 0.000 777.529 8.000
N_91 -23.258 -507.047 12.000
L_92 0.000 679.918 8.000
Q_93 -22.253 -643.904 11.000
G_94 0.000 -27.649 10.000
T_95 -18.462 -90.974 13.000
K_96 -18.462 -818.649 13.000
K_97 -20.609 -818.649 17.000
E_98 -25.003 -605.239 14.000
E_99 -25.772 -605.239 15.000
I_100 0.000 777.529 12.000
E_101 -23.258 -605.239 12.000
G_102 0.000 -27.649 8.000
E_103 -22.253 -605.239 11.000
A_104 0.000 185.740 7.000
K_105 -16.309 -818.649 10.000
V_106 0.000 613.196 6.000
S_107 -11.867 -90.060 6.000
G_108 0.000 -27.649 3.000
L_109 0.000 679.918 7.000
I_110 0.000 777.529 4.000
Q_111 -7.878 -643.904 4.000
P_112 0.000 -195.996 8.000
A_113 0.000 185.740 8.000
E_114 -7.878 -605.239 4.000
V_115 0.000 613.196 4.000
F_116 0.000 560.542 4.000
A_117 0.000 185.740 3.000
P_118 0.000 -195.996 6.000
K_119 -11.867 -818.649 6.000
S_120 -11.867 -90.060 6.000
L_121 0.000 679.918 6.000
V_122 0.000 613.196 3.000
L_123 0.000 679.918 3.000
V_124 0.000 613.196 8.000
S_125 -14.420 -90.060 8.000
R_126 -25.574 -1015.709 10.000
L_127 0.000 679.918 12.000
Y_128 -10.601 -274.939 9.000
Y_129 -9.978 -274.939 8.000
P_130 0.000 -195.996 8.000
E_131 -14.591 -605.239 6.000
I_132 0.000 777.529 9.000
F_133 0.000 560.542 9.000
R_134 -11.867 -1015.709 5.000
A_135 0.000 185.740 5.000
C_136 0.000 322.480 5.000
L_137 0.000 679.918 0.000
G_138 0.000 -27.649 0.000
L_139 0.000 679.918 2.000
I_140 0.000 777.529 5.000
Y_141 -7.426 -274.939 5.000
T_142 -13.255 -90.974 7.000
V_143 0.000 613.196 7.000
Y_144 -10.601 -274.939 9.000
V_145 0.000 613.196 9.000
D_146 -19.866 -475.402 9.000
S_147 -17.098 -90.060 11.000
L_148 0.000 679.918 11.000
N_149 -21.132 -507.047 10.000
V_150 0.000 613.196 7.000
S_151 -17.098 -90.060 11.000
L_152 0.000 679.918 10.000
E_153 -21.132 -605.239 10.000
S_154 -13.255 -90.060 7.000
L_155 0.000 679.918 7.000
I_156 0.000 777.529 7.000
A_157 0.000 185.740 4.000
N_158 -7.878 -507.047 4.000
L_159 0.000 679.918 4.000
C_160 0.000 322.480 4.000
A_161 0.000 185.740 0.000
C_162 0.000 322.480 0.000
L_163 0.000 679.918 0.000
V_164 0.000 613.196 0.000
P_165 0.000 -195.996 0.000
A_166 0.000 185.740 0.000
A_167 0.000 185.740 0.000
G_168 0.000 -27.649 3.000
G_169 0.000 -27.649 7.000
S_170 -16.309 -90.060 10.000
Q_171 -21.132 -643.904 10.000
K_172 -16.309 -818.649 10.000
L_173 0.000 679.918 10.000
F_174 0.000 560.542 6.000
S_175 -4.441 -90.060 3.000
L_176 0.000 679.918 3.000
G_177 0.000 -27.649 3.000
A_178 0.000 185.740 4.000
G_179 0.000 -27.649 9.000
D_180 -24.169 -475.402 13.000
R_181 -29.616 -1015.709 13.000
Q_182 -24.169 -643.904 13.000
L_183 0.000 679.918 13.000
I_184 0.000 777.529 11.000
Q_185 -16.691 -643.904 7.000
T_186 -13.255 -90.974 7.000
P_187 0.000 -195.996 9.000
L_188 0.000 679.918 9.000
H_189 -10.601 -583.484 9.000
D_190 -19.866 -475.402 9.000
S_191 -15.425 -90.060 9.000
L_192 0.000 679.918 7.000
P_193 0.000 -195.996 6.000
I_194 0.000 777.529 3.000
T_195 -11.867 -90.974 6.000
G_196 0.000 -27.649 9.000
T_197 -15.425 -90.974 9.000
S_198 -11.867 -90.060 6.000
V_199 0.000 613.196 6.000
A_200 0.000 185.740 3.000
L_201 0.000 679.918 0.000
L_202 0.000 679.918 4.000
F_203 0.000 560.542 8.000
Q_204 -18.409 -643.904 8.000
Q_205 -18.409 -643.904 8.000
L_206 0.000 679.918 8.000
G_207 0.000 -27.649 8.000
I_208 0.000 777.529 8.000
Q_209 -18.409 -643.904 8.000
N_210 -18.409 -507.047 8.000
V_211 0.000 613.196 11.000
L_212 0.000 679.918 7.000
S_213 -4.441 -90.060 3.000
L_214 0.000 679.918 3.000
F_215 0.000 560.542 3.000
C_216 0.000 322.480 0.000
A_217 0.000 185.740 0.000
V_218 0.000 613.196 3.000
L_219 0.000 679.918 7.000
T_220 -17.098 -90.974 11.000
E_221 -25.003 -605.239 14.000
N_222 -25.003 -507.047 14.000
K_223 -17.098 -818.649 11.000
V_224 0.000 613.196 7.000
L_225 0.000 679.918 5.000
F_226 0.000 560.542 5.000
H_227 -7.426 -583.484 5.000
S_228 -14.420 -90.060 8.000
A_229 0.000 185.740 8.000
S_230 -16.309 -90.060 10.000
F_231 0.000 560.542 12.000
Q_232 -23.258 -643.904 12.000
R_233 -28.412 -1015.709 12.000
L_234 0.000 679.918 16.000
S_235 -17.811 -90.060 12.000
D_236 -16.691 -475.402 7.000
A_237 0.000 185.740 12.000
C_238 0.000 322.480 9.000
R_239 -11.867 -1015.709 5.000
A_240 0.000 185.740 9.000
L_241 0.000 679.918 12.000
E_242 -16.691 -605.239 7.000
S_243 -13.255 -90.060 7.000
L_244 0.000 679.918 7.000
M_245 0.000 401.769 3.000
F_246 0.000 560.542 0.000
P_247 0.000 -195.996 3.000
L_248 0.000 679.918 5.000
K_249 -14.420 -818.649 8.000
Y_250 -11.154 -274.939 10.000
S_251 -16.309 -90.060 10.000
Y_252 -10.601 -274.939 9.000
P_253 0.000 -195.996 7.000
Y_254 -6.160 -274.939 4.000
I_255 0.000 777.529 2.000
P_256 0.000 -195.996 2.000
I_257 0.000 777.529 0.000
L_258 0.000 679.918 0.000
P_259 0.000 -195.996 4.000
A_260 0.000 185.740 4.000
Q_261 -7.878 -643.904 4.000
L_262 0.000 679.918 8.000
L_263 0.000 679.918 8.000
E_264 -7.878 -605.239 4.000
V_265 0.000 613.196 7.000
L_266 0.000 679.918 10.000
S_267 -11.867 -90.060 6.000
S_268 -15.425 -90.060 9.000
P_269 0.000 -195.996 9.000
T_270 -11.867 -90.974 6.000
P_271 0.000 -195.996 3.000
F_272 0.000 560.542 3.000
I_273 0.000 777.529 0.000
I_274 0.000 777.529 0.000
G_275 0.000 -27.649 2.000
V_276 0.000 613.196 5.000
H_277 -7.426 -583.484 5.000
S_278 -10.149 -90.060 5.000
V_279 0.000 613.196 8.000
F_280 0.000 560.542 9.000
K_281 -16.309 -818.649 10.000
T_282 -16.309 -90.974 10.000
D_283 -23.258 -475.402 12.000
V_284 0.000 613.196 13.000
H_285 -11.154 -583.484 10.000
E_286 -14.591 -605.239 6.000
L_287 0.000 679.918 10.000
L_288 0.000 679.918 8.000
D_289 -7.878 -475.402 4.000
V_290 0.000 613.196 4.000
I_291 0.000 777.529 4.000
I_292 0.000 777.529 4.000
A_293 0.000 185.740 4.000
D_294 -18.409 -475.402 8.000
L_295 0.000 679.918 8.000
D_296 -18.409 -475.402 8.000
G_297 0.000 -27.649 7.000
G_298 0.000 -27.649 7.000
T_299 -11.867 -90.974 6.000
I_300 0.000 777.529 6.000
K_301 -11.867 -818.649 6.000
I_302 0.000 777.529 7.000
P_303 0.000 -195.996 7.000
E_304 -7.878 -605.239 4.000
C_305 0.000 322.480 6.000
I_306 0.000 777.529 6.000
H_307 -7.426 -583.484 5.000
L_308 0.000 679.918 8.000
S_309 -14.420 -90.060 8.000
S_310 -11.867 -90.060 6.000
L_311 0.000 679.918 10.000
P_312 0.000 -195.996 7.000
E_313 -7.878 -605.239 4.000
P_314 0.000 -195.996 4.000
L_315 0.000 679.918 6.000
L_316 0.000 679.918 6.000
H_317 -10.601 -583.484 9.000
Q_318 -24.169 -643.904 13.000
T_319 -20.127 -90.974 16.000
Q_320 -25.003 -643.904 14.000
S_321 -16.309 -90.060 10.000
A_322 0.000 185.740 10.000
L_323 0.000 679.918 6.000
S_324 -4.441 -90.060 3.000
L_325 0.000 679.918 3.000
I_326 0.000 777.529 5.000
L_327 0.000 679.918 2.000
H_328 -8.431 -583.484 6.000
P_329 0.000 -195.996 6.000
D_330 -21.132 -475.402 10.000
L_331 0.000 679.918 8.000
E_332 -18.409 -605.239 8.000
V_333 0.000 613.196 8.000
A_334 0.000 185.740 10.000
D_335 -14.591 -475.402 6.000
H_336 -8.431 -583.484 6.000
A_337 0.000 185.740 6.000
F_338 0.000 560.542 2.000
P_339 0.000 -195.996 0.000
P_340 0.000 -195.996 5.000
P_341 0.000 -195.996 8.000
R_342 -21.845 -1015.709 8.000
T_343 -14.420 -90.974 8.000
A_344 0.000 185.740 11.000
L_345 0.000 679.918 8.000
S_346 -14.420 -90.060 8.000
H_347 -11.652 -583.484 11.000
S_348 -17.098 -90.060 11.000
K_349 -14.420 -818.649 8.000
M_350 0.000 401.769 10.000
L_351 0.000 679.918 10.000
D_352 -22.253 -475.402 11.000
K_353 -17.098 -818.649 11.000
E_354 -26.485 -605.239 16.000
V_355 0.000 613.196 12.000
R_356 -23.856 -1015.709 9.000
A_357 0.000 185.740 5.000
V_358 0.000 613.196 5.000
F_359 0.000 560.542 5.000
L_360 0.000 679.918 5.000
R_361 -11.867 -1015.709 5.000
L_362 0.000 679.918 5.000
F_363 0.000 560.542 9.000
A_364 0.000 185.740 4.000
Q_365 -7.878 -643.904 4.000
L_366 0.000 679.918 8.000
F_367 0.000 560.542 8.000
Q_368 -14.591 -643.904 6.000
G_369 0.000 -27.649 11.000
Y_370 -12.900 -274.939 14.000
R_371 -25.574 -1015.709 10.000
S_372 -16.309 -90.060 10.000
C_373 0.000 322.480 12.000
L_374 0.000 679.918 7.000
Q_375 -7.878 -643.904 4.000
L_376 0.000 679.918 9.000
I_377 0.000 777.529 9.000
R_378 -19.414 -1015.709 7.000
I_379 0.000 777.529 7.000
H_380 -11.652 -583.484 11.000
A_381 0.000 185.740 6.000
E_382 -14.591 -605.239 6.000
P_383 0.000 -195.996 4.000
V_384 0.000 613.196 6.000
I_385 0.000 777.529 2.000
H_386 -6.160 -583.484 4.000
F_387 0.000 560.542 7.000
H_388 -11.154 -583.484 10.000
K_389 -14.420 -818.649 8.000
T_390 -14.420 -90.974 8.000
A_391 0.000 185.740 6.000
F_392 0.000 560.542 3.000
L_393 0.000 679.918 4.000
G_394 0.000 -27.649 9.000
Q_395 -19.866 -643.904 9.000
R_396 -23.856 -1015.709 9.000
G_397 0.000 -27.649 9.000
L_398 0.000 679.918 9.000
V_399 0.000 613.196 8.000
E_400 -23.258 -605.239 12.000
N_401 -23.258 -507.047 12.000
D_402 -23.258 -475.402 12.000
F_403 0.000 560.542 11.000
L_404 0.000 679.918 10.000
T_405 -11.867 -90.974 6.000
K_406 -11.867 -818.649 6.000
V_407 0.000 613.196 9.000
L_408 0.000 679.918 6.000
S_409 -4.441 -90.060 3.000
G_410 0.000 -27.649 3.000
M_411 0.000 401.769 3.000
A_412 0.000 185.740 0.000
F_413 0.000 560.542 0.000
A_414 0.000 185.740 0.000
G_415 0.000 -27.649 0.000
F_416 0.000 560.542 3.000
V_417 0.000 613.196 7.000
S_418 -17.811 -90.060 12.000
E_419 -23.258 -605.239 12.000
R_420 -28.412 -1015.709 12.000
G_421 0.000 -27.649 9.000
P_422 0.000 -195.996 7.000
P_423 0.000 -195.996 7.000
Y_424 -11.154 -274.939 10.000
R_425 -25.574 -1015.709 10.000
S_426 -19.059 -90.060 14.000
C_427 0.000 322.480 12.000
D_428 -16.691 -475.402 7.000
L_429 0.000 679.918 8.000
F_430 0.000 560.542 12.000
D_431 -18.409 -475.402 8.000
E_432 -18.409 -605.239 8.000
L_433 0.000 679.918 8.000
V_434 0.000 613.196 4.000
A_435 0.000 185.740 4.000
F_436 0.000 560.542 4.000
E_437 -18.409 -605.239 8.000
V_438 0.000 613.196 13.000
E_439 -24.169 -605.239 13.000
R_440 -28.412 -1015.709 12.000
I_441 0.000 777.529 12.000
K_442 -17.811 -818.649 12.000
V_443 0.000 613.196 11.000
E_444 -25.772 -605.239 15.000
E_445 -26.485 -605.239 16.000
N_446 -26.485 -507.047 16.000
N_447 -23.258 -507.047 12.000
P_448 0.000 -195.996 11.000
V_449 0.000 613.196 7.000
K_450 -4.441 -818.649 3.000
M_451 0.000 401.769 6.000
I_452 0.000 777.529 8.000
K_453 -10.149 -818.649 5.000
H_454 -11.154 -583.484 10.000
V_455 0.000 613.196 14.000
R_456 -27.076 -1015.709 11.000
E_457 -19.866 -605.239 9.000
L_458 0.000 679.918 13.000
A_459 0.000 185.740 12.000
E_460 -18.409 -605.239 8.000
Q_461 -18.409 -643.904 8.000
L_462 0.000 679.918 11.000
F_463 0.000 560.542 11.000
K_464 -17.098 -818.649 11.000
N_465 -25.772 -507.047 15.000
E_466 -25.772 -605.239 15.000
N_467 -26.485 -507.047 16.000
P_468 0.000 -195.996 12.000
N_469 -21.132 -507.047 10.000
P_470 0.000 -195.996 6.000
H_471 -8.431 -583.484 6.000
M_472 0.000 401.769 2.000
A_473 0.000 185.740 6.000
F_474 0.000 560.542 7.000
Q_475 -16.691 -643.904 7.000
K_476 -13.255 -818.649 7.000
V_477 0.000 613.196 12.000
P_478 0.000 -195.996 8.000
R_479 -21.845 -1015.709 8.000
P_480 0.000 -195.996 12.000
T_481 -17.811 -90.974 12.000
E_482 -21.132 -605.239 10.000
G_483 0.000 -27.649 12.000
S_484 -15.425 -90.060 9.000
H_485 -11.154 -583.484 10.000
L_486 0.000 679.918 10.000
R_487 -23.856 -1015.709 9.000
V_488 0.000 613.196 7.000
H_489 -9.265 -583.484 7.000
I_490 0.000 777.529 2.000
L_491 0.000 679.918 2.000
P_492 0.000 -195.996 0.000
F_493 0.000 560.542 4.000
P_494 0.000 -195.996 4.000
E_495 -18.409 -605.239 8.000
I_496 0.000 777.529 12.000
N_497 -23.258 -507.047 12.000
E_498 -24.169 -605.239 13.000
A_499 0.000 185.740 13.000
R_500 -29.616 -1015.709 13.000
V_501 0.000 613.196 13.000
Q_502 -24.169 -643.904 13.000
E_503 -18.409 -605.239 8.000
L_504 0.000 679.918 12.000
I_505 0.000 777.529 12.000
Q_506 -23.258 -643.904 12.000
E_507 -23.258 -605.239 12.000
N_508 -23.258 -507.047 12.000
V_509 0.000 613.196 11.000
A_510 0.000 185.740 11.000
K_511 -17.098 -818.649 11.000
N_512 -25.772 -507.047 15.000
Q_513 -25.772 -643.904 15.000
N_514 -23.258 -507.047 12.000
A_515 0.000 185.740 8.000
P_516 0.000 -195.996 4.000
P_517 0.000 -195.996 3.000
A_518 0.000 185.740 8.000
T_519 -14.420 -90.974 8.000
R_520 -28.412 -1015.709 12.000
I_521 0.000 777.529 15.000
E_522 -25.772 -605.239 15.000
K_523 -16.309 -818.649 10.000
K_524 -16.309 -818.649 10.000
C_525 0.000 322.480 6.000
V_526 0.000 613.196 3.000
V_527 0.000 613.196 0.000
P_528 0.000 -195.996 0.000
A_529 0.000 185.740 0.000
G_530 0.000 -27.649 0.000
P_531 0.000 -195.996 0.000
P_532 0.000 -195.996 0.000
V_533 0.000 613.196 3.000
V_534 0.000 613.196 3.000
S_535 -4.441 -90.060 3.000
I_536 0.000 777.529 7.000
M_537 0.000 401.769 10.000
D_538 -16.691 -475.402 7.000
K_539 -16.309 -818.649 10.000
V_540 0.000 613.196 13.000
T_541 -15.425 -90.974 9.000
T_542 -11.867 -90.974 6.000
V_543 0.000 613.196 10.000
F_544 0.000 560.542 10.000
N_545 -16.691 -507.047 7.000
S_546 -17.098 -90.060 11.000
A_547 0.000 185.740 16.000
Q_548 -23.258 -643.904 12.000
R_549 -29.616 -1015.709 13.000
L_550 0.000 679.918 13.000
E_551 -19.866 -605.239 9.000
V_552 0.000 613.196 9.000
V_553 0.000 613.196 13.000
R_554 -23.856 -1015.709 9.000
N_555 -19.866 -507.047 9.000
C_556 0.000 322.480 12.000
I_557 0.000 777.529 7.000
S_558 -4.441 -90.060 3.000
F_559 0.000 560.542 3.000
I_560 0.000 777.529 7.000
F_561 0.000 560.542 8.000
E_562 -22.253 -605.239 11.000
N_563 -22.253 -507.047 11.000
K_564 -17.098 -818.649 11.000
I_565 0.000 777.529 11.000
L_566 0.000 679.918 10.000
E_567 -22.253 -605.239 11.000
T_568 -19.059 -90.974 14.000
E_569 -27.150 -605.239 17.000
K_570 -18.462 -818.649 13.000
T_571 -16.309 -90.974 10.000
L_572 0.000 679.918 6.000
P_573 0.000 -195.996 3.000
A_574 0.000 185.740 0.000
A_575 0.000 185.740 5.000
L_576 0.000 679.918 5.000
R_577 -11.867 -1015.709 5.000
A_578 0.000 185.740 8.000
L_579 0.000 679.918 8.000
K_580 -11.867 -818.649 6.000
G_581 0.000 -27.649 6.000
K_582 -11.867 -818.649 6.000
A_583 0.000 185.740 8.000
A_584 0.000 185.740 12.000
R_585 -23.856 -1015.709 9.000
Q_586 -19.866 -643.904 9.000
C_587 0.000 322.480 12.000
L_588 0.000 679.918 11.000
T_589 -17.098 -90.974 11.000
D_590 -22.253 -475.402 11.000
E_591 -22.253 -605.239 11.000
L_592 0.000 679.918 8.000
G_593 0.000 -27.649 6.000
L_594 0.000 679.918 2.000
H_595 -8.431 -583.484 6.000
V_596 0.000 613.196 10.000
Q_597 -25.003 -643.904 14.000
Q_598 -27.150 -643.904 17.000
N_599 -27.150 -507.047 17.000
R_600 -29.616 -1015.709 13.000
A_601 0.000 185.740 9.000
I_602 0.000 777.529 9.000
L_603 0.000 679.918 6.000
D_604 -21.132 -475.402 10.000
H_605 -12.900 -583.484 14.000
Q_606 -25.003 -643.904 14.000
Q_607 -25.003 -643.904 14.000
F_608 0.000 560.542 14.000
D_609 -21.132 -475.402 10.000
Y_610 -8.431 -274.939 6.000
I_611 0.000 777.529 11.000
I_612 0.000 777.529 7.000
R_613 -11.867 -1015.709 5.000
M_614 0.000 401.769 9.000
M_615 0.000 401.769 9.000
N_616 -16.691 -507.047 7.000
C_617 0.000 322.480 7.000
T_618 -17.098 -90.974 11.000
L_619 0.000 679.918 11.000
Q_620 -22.253 -643.904 11.000
D_621 -22.253 -475.402 11.000
C_622 0.000 322.480 14.000
S_623 -16.309 -90.060 10.000
S_624 -16.309 -90.060 10.000
L_625 0.000 679.918 14.000
E_626 -24.169 -605.239 13.000
E_627 -25.003 -605.239 14.000
Y_628 -12.900 -274.939 14.000
N_629 -21.132 -507.047 10.000
I_630 0.000 777.529 6.000
A_631 0.000 185.740 4.000
A_632 0.000 185.740 0.000
A_633 0.000 185.740 0.000
L_634 0.000 679.918 0.000
L_635 0.000 679.918 0.000
P_636 0.000 -195.996 3.000
L_637 0.000 679.918 6.000
T_638 -11.867 -90.974 6.000
S_639 -11.867 -90.060 6.000
A_640 0.000 185.740 8.000
F_641 0.000 560.542 10.000
Y_642 -11.154 -274.939 10.000
R_643 -25.574 -1015.709 10.000
K_644 -16.309 -818.649 10.000
L_645 0.000 679.918 8.000
A_646 0.000 185.740 3.000
P_647 0.000 -195.996 0.000
G_648 0.000 -27.649 3.000
V_649 0.000 613.196 7.000
S_650 -13.255 -90.060 7.000
Q_651 -16.691 -643.904 7.000
F_652 0.000 560.542 9.000
A_653 0.000 185.740 9.000
Y_654 -7.426 -274.939 5.000
T_655 -10.149 -90.974 5.000
C_656 0.000 322.480 9.000
V_657 0.000 613.196 11.000
Q_658 -21.132 -643.904 10.000
D_659 -21.132 -475.402 10.000
H_660 -11.154 -583.484 10.000
P_661 0.000 -195.996 7.000
I_662 0.000 777.529 6.000
W_663 -5.155 -203.500 8.000
T_664 -17.811 -90.974 12.000
N_665 -26.485 -507.047 16.000
Q_666 -25.772 -643.904 15.000
Q_667 -24.169 -643.904 13.000
F_668 0.000 560.542 13.000
W_669 -6.160 -203.500 12.000
E_670 -22.253 -605.239 11.000
T_671 -17.098 -90.974 11.000
T_672 -17.811 -90.974 12.000
F_673 0.000 560.542 12.000
Y_674 -10.601 -274.939 9.000
N_675 -14.591 -507.047 6.000
A_676 0.000 185.740 10.000
V_677 0.000 613.196 12.000
Q_678 -23.258 -643.904 12.000
E_679 -23.258 -605.239 12.000
Q_680 -27.150 -643.904 17.000
V_681 0.000 613.196 16.000
R_682 -28.412 -1015.709 12.000
S_683 -16.309 -90.060 10.000
L_684 0.000 679.918 10.000
Y_685 -9.978 -274.939 8.000
L_686 0.000 679.918 5.000
S_687 -14.420 -90.060 8.000
A_688 0.000 185.740 10.000
K_689 -19.059 -818.649 14.000
E_690 -25.772 -605.239 15.000
D_691 -27.150 -475.402 17.000
N_692 -25.003 -507.047 14.000
H_693 -11.154 -583.484 10.000
A_694 0.000 185.740 8.000
P_695 0.000 -195.996 4.000
H_696 -7.426 -583.484 5.000
L_697 0.000 679.918 9.000
K_698 -17.811 -818.649 12.000
Q_699 -25.003 -643.904 14.000
K_700 -20.609 -818.649 17.000
D_701 -25.003 -475.402 14.000
K_702 -16.309 -818.649 10.000
L_703 0.000 679.918 11.000
P_704 0.000 -195.996 11.000
D_705 -21.132 -475.402 10.000
D_706 -23.258 -475.402 12.000
H_707 -13.586 -583.484 16.000
Y_708 -13.586 -274.939 16.000
Q_709 -25.772 -643.904 15.000
E_710 -26.485 -605.239 16.000
K_711 -19.059 -818.649 14.000
T_712 -16.309 -90.974 10.000
A_713 0.000 185.740 10.000
M_714 0.000 401.769 7.000
D_715 -7.878 -475.402 4.000
L_716 0.000 679.918 4.000
A_717 0.000 185.740 8.000
A_718 0.000 185.740 8.000
E_719 -18.409 -605.239 8.000
Q_720 -24.169 -643.904 13.000
L_721 0.000 679.918 13.000
R_722 -25.574 -1015.709 10.000
L_723 0.000 679.918 6.000
W_724 -5.447 -203.500 9.000
P_725 0.000 -195.996 4.000
T_726 -13.255 -90.974 7.000
L_727 0.000 679.918 9.000
S_728 -17.811 -90.060 12.000
K_729 -17.811 -818.649 12.000
S_730 -20.127 -90.060 16.000
T_731 -20.609 -90.974 17.000
Q_732 -27.773 -643.904 18.000
Q_733 -25.772 -643.904 15.000
E_734 -23.258 -605.239 12.000
L_735 0.000 679.918 12.000
V_736 0.000 613.196 10.000
Q_737 -21.132 -643.904 10.000
H_738 -12.900 -583.484 14.000
E_739 -27.150 -605.239 17.000
E_740 -26.485 -605.239 16.000
S_741 -19.059 -90.060 14.000
T_742 -16.309 -90.974 10.000
V_743 0.000 613.196 9.000
F_744 0.000 560.542 10.000
S_745 -13.255 -90.060 7.000
Q_746 -16.691 -643.904 7.000
A_747 0.000 185.740 9.000
I_748 0.000 777.529 6.000
H_749 -1.718 -583.484 2.000
F_750 0.000 560.542 6.000
A_751 0.000 185.740 6.000
N_752 -7.878 -507.047 4.000
L_753 0.000 679.918 4.000
M_754 0.000 401.769 8.000
V_755 0.000 613.196 4.000
N_756 -7.878 -507.047 4.000
L_757 0.000 679.918 4.000
L_758 0.000 679.918 4.000
V_759 0.000 613.196 0.000
P_760 0.000 -195.996 4.000
L_761 0.000 679.918 7.000
D_762 -21.132 -475.402 10.000
T_763 -18.462 -90.974 13.000
S_764 -20.609 -90.060 17.000
K_765 -20.127 -818.649 16.000
N_766 -24.169 -507.047 13.000
K_767 -16.309 -818.649 10.000
L_768 0.000 679.918 12.000
L_769 0.000 679.918 11.000
R_770 -27.076 -1015.709 11.000
T_771 -17.098 -90.974 11.000
S_772 -17.098 -90.060 11.000
A_773 0.000 185.740 6.000
P_774 0.000 -195.996 7.000
G_775 0.000 -27.649 5.000
D_776 -19.866 -475.402 9.000
W_777 -6.160 -203.500 12.000
E_778 -23.258 -605.239 12.000
S_779 -17.098 -90.060 11.000
G_780 0.000 -27.649 14.000
S_781 -18.462 -90.060 13.000
N_782 -21.132 -507.047 10.000
S_783 -16.309 -90.060 10.000
I_784 0.000 777.529 10.000
V_785 0.000 613.196 10.000
T_786 -16.309 -90.974 10.000
N_787 -21.132 -507.047 10.000
S_788 -16.309 -90.060 10.000
I_789 0.000 777.529 7.000
A_790 0.000 185.740 6.000
G_791 0.000 -27.649 3.000
S_792 -4.441 -90.060 3.000
V_793 0.000 613.196 7.000
A_794 0.000 185.740 10.000
E_795 -19.866 -605.239 9.000
S_796 -18.462 -90.060 13.000
Y_797 -13.586 -274.939 16.000
D_798 -26.485 -475.402 16.000
T_799 -20.127 -90.974 16.000
E_800 -25.003 -605.239 14.000
S_801 -16.309 -90.060 10.000
G_802 0.000 -27.649 11.000
F_803 0.000 560.542 11.000
E_804 -22.253 -605.239 11.000
D_805 -25.772 -475.402 15.000
S_806 -21.486 -90.060 19.000
E_807 -27.773 -605.239 18.000
N_808 -27.773 -507.047 18.000
T_809 -19.613 -90.974 15.000
D_810 -22.253 -475.402 11.000
I_811 0.000 777.529 11.000
A_812 0.000 185.740 11.000
N_813 -16.691 -507.047 7.000
S_814 -13.255 -90.060 7.000
V_815 0.000 613.196 12.000
V_816 0.000 613.196 8.000
R_817 -11.867 -1015.709 5.000
F_818 0.000 560.542 8.000
I_819 0.000 777.529 13.000
T_820 -14.420 -90.974 8.000
R_821 -21.845 -1015.709 8.000
F_822 0.000 560.542 12.000
I_823 0.000 777.529 12.000
D_824 -16.691 -475.402 7.000
K_825 -13.255 -818.649 7.000
V_826 0.000 613.196 10.000
C_827 0.000 322.480 10.000
T_828 -16.309 -90.974 10.000
E_829 -21.132 -605.239 10.000
S_830 -16.309 -90.060 10.000
G_831 0.000 -27.649 10.000
V_832 0.000 613.196 10.000
T_833 -17.098 -90.974 11.000
Q_834 -24.169 -643.904 13.000
D_835 -24.169 -475.402 13.000
H_836 -12.518 -583.484 13.000
I_837 0.000 777.529 12.000
K_838 -14.420 -818.649 8.000
S_839 -14.420 -90.060 8.000
L_840 0.000 679.918 8.000
H_841 -7.426 -583.484 5.000
C_842 0.000 322.480 2.000
M_843 0.000 401.769 2.000
I_844 0.000 777.529 0.000
P_845 0.000 -195.996 0.000
G_846 0.000 -27.649 0.000
I_847 0.000 777.529 0.000
V_848 0.000 613.196 0.000
A_849 0.000 185.740 2.000
M_850 0.000 401.769 2.000
H_851 -8.431 -583.484 6.000
I_852 0.000 777.529 9.000
E_853 -19.866 -605.239 9.000
T_854 -17.098 -90.974 11.000
L_855 0.000 679.918 11.000
E_856 -16.691 -605.239 7.000
A_857 0.000 185.740 6.000
V_858 0.000 613.196 11.000
H_859 -11.652 -583.484 11.000
R_860 -30.711 -1015.709 14.000
E_861 -28.359 -605.239 19.000
S_862 -22.635 -90.060 22.000
R_863 -33.508 -1015.709 17.000
R_864 -29.616 -1015.709 13.000
L_865 0.000 679.918 10.000
P_866 0.000 -195.996 5.000
P_867 0.000 -195.996 4.000
I_868 0.000 777.529 7.000
Q_869 -16.691 -643.904 7.000
K_870 -16.309 -818.649 10.000
P_871 0.000 -195.996 10.000
K_872 -11.867 -818.649 6.000
I_873 0.000 777.529 8.000
L_874 0.000 679.918 8.000
R_875 -11.867 -1015.709 5.000
P_876 0.000 -195.996 5.000
A_877 0.000 185.740 5.000
L_878 0.000 679.918 0.000
L_879 0.000 679.918 0.000
P_880 0.000 -195.996 4.000
G_881 0.000 -27.649 8.000
E_882 -18.409 -605.239 8.000
E_883 -18.409 -605.239 8.000
I_884 0.000 777.529 8.000
V_885 0.000 613.196 8.000
C_886 0.000 322.480 4.000
E_887 -7.878 -605.239 4.000
G_888 0.000 -27.649 9.000
L_889 0.000 679.918 9.000
R_890 -11.867 -1015.709 5.000
V_891 0.000 613.196 5.000
L_892 0.000 679.918 9.000
L_893 0.000 679.918 4.000
D_894 -18.409 -475.402 8.000
P_895 0.000 -195.996 8.000
D_896 -24.169 -475.402 13.000
G_897 0.000 -27.649 13.000
R_898 -33.508 -1015.709 17.000
E_899 -24.169 -605.239 13.000
E_900 -26.485 -605.239 16.000
A_901 0.000 185.740 11.000
T_902 -13.255 -90.974 7.000
G_903 0.000 -27.649 3.000
G_904 0.000 -27.649 3.000
L_905 0.000 679.918 0.000
L_906 0.000 679.918 0.000
G_907 0.000 -27.649 0.000
G_908 0.000 -27.649 4.000
P_909 0.000 -195.996 4.000
Q_910 -7.878 -643.904 4.000
L_911 0.000 679.918 4.000
L_912 0.000 679.918 4.000
P_913 0.000 -195.996 4.000
A_914 0.000 185.740 4.000
E_915 -7.878 -605.239 4.000
G_916 0.000 -27.649 4.000
A_917 0.000 185.740 4.000
L_918 0.000 679.918 0.000
F_919 0.000 560.542 3.000
L_920 0.000 679.918 6.000
T_921 -14.420 -90.974 8.000
T_922 -18.462 -90.974 13.000
Y_923 -12.518 -274.939 13.000
R_924 -25.574 -1015.709 10.000
I_925 0.000 777.529 7.000
L_926 0.000 679.918 10.000
F_927 0.000 560.542 5.000
R_928 -21.845 -1015.709 8.000
G_929 0.000 -27.649 8.000
T_930 -16.309 -90.974 10.000
P_931 0.000 -195.996 9.000
H_932 -12.518 -583.484 13.000
D_933 -21.132 -475.402 10.000
Q_934 -21.132 -643.904 10.000
L_935 0.000 679.918 8.000
V_936 0.000 613.196 8.000
G_937 0.000 -27.649 8.000
E_938 -22.253 -605.239 11.000
Q_939 -22.253 -643.904 11.000
T_940 -17.098 -90.974 11.000
V_941 0.000 613.196 12.000
V_942 0.000 613.196 11.000
R_943 -21.845 -1015.709 8.000
S_944 -14.420 -90.060 8.000
F_945 0.000 560.542 8.000
P_946 0.000 -195.996 3.000
I_947 0.000 777.529 3.000
A_948 0.000 185.740 3.000
S_949 -11.867 -90.060 6.000
I_950 0.000 777.529 9.000
T_951 -18.462 -90.974 13.000
K_952 -18.462 -818.649 13.000
E_953 -26.485 -605.239 16.000
K_954 -18.462 -818.649 13.000
K_955 -18.462 -818.649 13.000
I_956 0.000 777.529 9.000
T_957 -16.309 -90.974 10.000
M_958 0.000 401.769 11.000
Q_959 -25.772 -643.904 15.000
N_960 -23.258 -507.047 12.000
Q_961 -26.485 -643.904 16.000
L_962 0.000 679.918 16.000
Q_963 -26.485 -643.904 16.000
Q_964 -23.258 -643.904 12.000
N_965 -26.485 -507.047 16.000
M_966 0.000 401.769 16.000
Q_967 -23.258 -643.904 12.000
E_968 -18.409 -605.239 8.000
G_969 0.000 -27.649 12.000
L_970 0.000 679.918 8.000
Q_971 -16.691 -643.904 7.000
I_972 0.000 777.529 10.000
T_973 -16.309 -90.974 10.000
S_974 -15.425 -90.060 9.000
A_975 0.000 185.740 9.000
S_976 -16.309 -90.060 10.000
F_977 0.000 560.542 7.000
Q_978 -16.691 -643.904 7.000
L_979 0.000 679.918 7.000
I_980 0.000 777.529 7.000
K_981 -4.441 -818.649 3.000
V_982 0.000 613.196 3.000
A_983 0.000 185.740 7.000
F_984 0.000 560.542 8.000
D_985 -23.258 -475.402 12.000
E_986 -23.258 -605.239 12.000
E_987 -25.772 -605.239 15.000
V_988 0.000 613.196 11.000
S_989 -17.098 -90.060 11.000
P_990 0.000 -195.996 7.000
E_991 -16.691 -605.239 7.000
V_992 0.000 613.196 8.000
V_993 0.000 613.196 8.000
E_994 -7.878 -605.239 4.000
I_995 0.000 777.529 7.000
F_996 0.000 560.542 10.000
K_997 -16.309 -818.649 10.000
K_998 -16.309 -818.649 10.000
Q_999 -21.132 -643.904 10.000
L_1000 0.000 679.918 10.000
M_1001 0.000 401.769 7.000
K_1002 -14.420 -818.649 8.000
F_1003 0.000 560.542 10.000
R_1004 -25.574 -1015.709 10.000
Y_1005 -11.652 -274.939 11.000
P_1006 0.000 -195.996 14.000
Q_1007 -19.866 -643.904 9.000
S_1008 -13.255 -90.060 7.000
I_1009 0.000 777.529 10.000
F_1010 0.000 560.542 9.000
S_1011 -11.867 -90.060 6.000
T_1012 -11.867 -90.974 6.000
F_1013 0.000 560.542 6.000
A_1014 0.000 185.740 3.000
F_1015 0.000 560.542 0.000
A_1016 0.000 185.740 0.000
A_1017 0.000 185.740 4.000
G_1018 0.000 -27.649 7.000
Q_1019 -21.132 -643.904 10.000
T_1020 -16.309 -90.974 10.000
T_1021 -19.059 -90.974 14.000
P_1022 0.000 -195.996 10.000
Q_1023 -16.691 -643.904 7.000
I_1024 0.000 777.529 4.000
I_1025 0.000 777.529 4.000
L_1026 0.000 679.918 3.000
P_1027 0.000 -195.996 7.000
K_1028 -16.309 -818.649 10.000
Q_1029 -25.003 -643.904 14.000
K_1030 -20.609 -818.649 17.000
E_1031 -27.773 -605.239 18.000
K_1032 -20.609 -818.649 17.000
N_1033 -27.150 -507.047 17.000
T_1034 -18.462 -90.974 13.000
S_1035 -19.613 -90.060 15.000
F_1036 0.000 560.542 14.000
R_1037 -27.076 -1015.709 11.000
T_1038 -17.098 -90.974 11.000
F_1039 0.000 560.542 14.000
S_1040 -17.811 -90.060 12.000
K_1041 -15.425 -818.649 9.000
T_1042 -15.425 -90.974 9.000
I_1043 0.000 777.529 9.000
V_1044 0.000 613.196 6.000
K_1045 -4.441 -818.649 3.000
G_1046 0.000 -27.649 6.000
A_1047 0.000 185.740 11.000
K_1048 -14.420 -818.649 8.000
R_1049 -21.845 -1015.709 8.000
A_1050 0.000 185.740 11.000
G_1051 0.000 -27.649 8.000
K_1052 -11.867 -818.649 6.000
M_1053 0.000 401.769 6.000
T_1054 -11.867 -90.974 6.000
I_1055 0.000 777.529 8.000
G_1056 0.000 -27.649 12.000
R_1057 -27.076 -1015.709 11.000
Q_1058 -22.253 -643.904 11.000
Y_1059 -11.652 -274.939 11.000
L_1060 0.000 679.918 9.000
L_1061 0.000 679.918 8.000
K_1062 -15.425 -818.649 9.000
K_1063 -17.811 -818.649 12.000
K_1064 -17.811 -818.649 12.000
T_1065 -17.811 -90.974 12.000
G_1066 0.000 -27.649 9.000
T_1067 -11.867 -90.974 6.000
I_1068 0.000 777.529 7.000
V_1069 0.000 613.196 11.000
E_1070 -24.169 -605.239 13.000
E_1071 -24.169 -605.239 13.000
R_1072 -33.508 -1015.709 17.000
V_1073 0.000 613.196 18.000
N_1074 -25.003 -507.047 14.000
R_1075 -23.856 -1015.709 9.000
P_1076 0.000 -195.996 10.000
G_1077 0.000 -27.649 10.000
W_1078 -5.447 -203.500 9.000
N_1079 -24.169 -507.047 13.000
E_1080 -27.150 -605.239 17.000
D_1081 -28.912 -475.402 20.000
D_1082 -26.485 -475.402 16.000
D_1083 -25.772 -475.402 15.000
V_1084 0.000 613.196 11.000
S_1085 -16.309 -90.060 10.000
V_1086 0.000 613.196 10.000
S_1087 -19.059 -90.060 14.000
D_1088 -25.003 -475.402 14.000
E_1089 -27.773 -605.239 18.000
S_1090 -19.613 -90.060 15.000
E_1091 -22.253 -605.239 11.000
L_1092 0.000 679.918 10.000
P_1093 0.000 -195.996 10.000
T_1094 -15.425 -90.974 9.000
S_1095 -17.811 -90.060 12.000
T_1096 -17.811 -90.974 12.000
T_1097 -17.811 -90.974 12.000
L_1098 0.000 679.918 9.000
K_1099 -15.425 -818.649 9.000
A_1100 0.000 185.740 10.000
S_1101 -18.462 -90.060 13.000
E_1102 -24.169 -605.239 13.000
K_1103 -20.127 -818.649 16.000
S_1104 -18.462 -90.060 13.000
T_1105 -18.462 -90.974 13.000
M_1106 0.000 401.769 14.000
E_1107 -22.253 -605.239 11.000
Q_1108 -18.409 -643.904 8.000
L_1109 0.000 679.918 12.000
V_1110 0.000 613.196 11.000
E_1111 -16.691 -605.239 7.000
K_1112 -13.255 -818.649 7.000
A_1113 0.000 185.740 7.000
C_1114 0.000 322.480 8.000
F_1115 0.000 560.542 9.000
R_1116 -27.076 -1015.709 11.000
D_1117 -25.772 -475.402 15.000
Y_1118 -14.725 -274.939 20.000
Q_1119 -25.772 -643.904 15.000
R_1120 -27.076 -1015.709 11.000
L_1121 0.000 679.918 9.000
G_1122 0.000 -27.649 5.000
L_1123 0.000 679.918 3.000
G_1124 0.000 -27.649 3.000
T_1125 -11.867 -90.974 6.000
I_1126 0.000 777.529 6.000
S_1127 -15.425 -90.060 9.000
G_1128 0.000 -27.649 9.000
S_1129 -17.811 -90.060 12.000
S_1130 -19.059 -90.060 14.000
S_1131 -20.609 -90.060 17.000
R_1132 -35.072 -1015.709 19.000
S_1133 -20.127 -90.060 16.000
R_1134 -33.508 -1015.709 17.000
P_1135 0.000 -195.996 14.000
E_1136 -22.253 -605.239 11.000
Y_1137 -11.652 -274.939 11.000
F_1138 0.000 560.542 11.000
R_1139 -25.574 -1015.709 10.000
I_1140 0.000 777.529 8.000
T_1141 -17.098 -90.974 11.000
A_1142 0.000 185.740 10.000
S_1143 -19.613 -90.060 15.000
N_1144 -23.258 -507.047 12.000
R_1145 -30.711 -1015.709 14.000
M_1146 0.000 401.769 14.000
Y_1147 -11.154 -274.939 10.000
S_1148 -10.149 -90.060 5.000
L_1149 0.000 679.918 10.000
C_1150 0.000 322.480 11.000
R_1151 -25.574 -1015.709 10.000
S_1152 -16.309 -90.060 10.000
Y_1153 -11.154 -274.939 10.000
P_1154 0.000 -195.996 5.000
G_1155 0.000 -27.649 2.000
L_1156 0.000 679.918 0.000
L_1157 0.000 679.918 0.000
V_1158 0.000 613.196 0.000
V_1159 0.000 613.196 4.000
P_1160 0.000 -195.996 4.000
Q_1161 -7.878 -643.904 4.000
A_1162 0.000 185.740 8.000
V_1163 0.000 613.196 12.000
Q_1164 -22.253 -643.904 11.000
D_1165 -25.003 -475.402 14.000
S_1166 -19.059 -90.060 14.000
S_1167 -16.309 -90.060 10.000
L_1168 0.000 679.918 11.000
P_1169 0.000 -195.996 8.000
R_1170 -11.867 -1015.709 5.000
V_1171 0.000 613.196 10.000
A_1172 0.000 185.740 10.000
R_1173 -19.414 -1015.709 7.000
C_1174 0.000 322.480 12.000
Y_1175 -12.900 -274.939 14.000
R_1176 -29.616 -1015.709 13.000
H_1177 -14.188 -583.484 18.000
N_1178 -26.485 -507.047 16.000
R_1179 -27.076 -1015.709 11.000
L_1180 0.000 679.918 9.000
P_1181 0.000 -195.996 5.000
V_1182 0.000 613.196 0.000
V_1183 0.000 613.196 1.000
C_1184 0.000 322.480 4.000
W_1185 -5.155 -203.500 8.000
K_1186 -17.098 -818.649 11.000
N_1187 -26.485 -507.047 16.000
S_1188 -21.060 -90.060 18.000
R_1189 -31.716 -1015.709 15.000
S_1190 -19.059 -90.060 14.000
G_1191 0.000 -27.649 11.000
T_1192 -11.867 -90.974 6.000
L_1193 0.000 679.918 3.000
L_1194 0.000 679.918 8.000
L_1195 0.000 679.918 8.000
R_1196 -21.845 -1015.709 8.000
S_1197 -14.420 -90.060 8.000
G_1198 0.000 -27.649 8.000
G_1199 0.000 -27.649 5.000
F_1200 0.000 560.542 2.000
H_1201 -7.426 -583.484 5.000
G_1202 0.000 -27.649 5.000
K_1203 -10.149 -818.649 5.000
G_1204 0.000 -27.649 3.000
V_1205 0.000 613.196 3.000
V_1206 0.000 613.196 0.000
G_1207 0.000 -27.649 0.000
L_1208 0.000 679.918 3.000
F_1209 0.000 560.542 6.000
K_1210 -16.309 -818.649 10.000
S_1211 -19.059 -90.060 14.000
Q_1212 -27.150 -643.904 17.000
N_1213 -25.003 -507.047 14.000
S_1214 -19.613 -90.060 15.000
P_1215 0.000 -195.996 11.000
Q_1216 -16.691 -643.904 7.000
A_1217 0.000 185.740 4.000
A_1218 0.000 185.740 7.000
P_1219 0.000 -195.996 6.000
T_1220 -15.425 -90.974 9.000
S_1221 -15.425 -90.060 9.000
S_1222 -18.462 -90.060 13.000
L_1223 0.000 679.918 13.000
E_1224 -24.169 -605.239 13.000
S_1225 -18.462 -90.060 13.000
S_1226 -20.127 -90.060 16.000
S_1227 -17.811 -90.060 12.000
S_1228 -18.462 -90.060 13.000
I_1229 0.000 777.529 14.000
E_1230 -25.772 -605.239 15.000
Q_1231 -25.772 -643.904 15.000
E_1232 -27.150 -605.239 17.000
K_1233 -18.462 -818.649 13.000
Y_1234 -12.518 -274.939 13.000
L_1235 0.000 679.918 9.000
Q_1236 -14.591 -643.904 6.000
A_1237 0.000 185.740 4.000
L_1238 0.000 679.918 8.000
L_1239 0.000 679.918 4.000
N_1240 -7.878 -507.047 4.000
A_1241 0.000 185.740 7.000
V_1242 0.000 613.196 7.000
S_1243 -10.149 -90.060 5.000
V_1244 0.000 613.196 9.000
H_1245 -12.104 -583.484 12.000
Q_1246 -19.866 -643.904 9.000
K_1247 -19.059 -818.649 14.000
L_1248 0.000 679.918 12.000
R_1249 -28.412 -1015.709 12.000
G_1250 0.000 -27.649 12.000
N_1251 -25.772 -507.047 15.000
S_1252 -16.309 -90.060 10.000
T_1253 -18.462 -90.974 13.000
L_1254 0.000 679.918 9.000
T_1255 -17.098 -90.974 11.000
V_1256 0.000 613.196 8.000
R_1257 -21.845 -1015.709 8.000
P_1258 0.000 -195.996 5.000
A_1259 0.000 185.740 5.000
F_1260 0.000 560.542 0.000
A_1261 0.000 185.740 3.000
L_1262 0.000 679.918 3.000
S_1263 -4.441 -90.060 3.000
P_1264 0.000 -195.996 3.000
G_1265 0.000 -27.649 4.000
V_1266 0.000 613.196 1.000
W_1267 -3.436 -203.500 4.000
A_1268 0.000 185.740 4.000
S_1269 -15.425 -90.060 9.000
L_1270 0.000 679.918 11.000
R_1271 -30.711 -1015.709 14.000
S_1272 -19.059 -90.060 14.000
S_1273 -21.486 -90.060 19.000
T_1274 -19.059 -90.974 14.000
R_1275 -27.076 -1015.709 11.000
L_1276 0.000 679.918 11.000
I_1277 0.000 777.529 11.000
S_1278 -11.867 -90.060 6.000
S_1279 -15.425 -90.060 9.000
P_1280 0.000 -195.996 12.000
T_1281 -15.425 -90.974 9.000
S_1282 -11.867 -90.060 6.000
F_1283 0.000 560.542 10.000
I_1284 0.000 777.529 7.000
D_1285 -7.878 -475.402 4.000
V_1286 0.000 613.196 4.000
G_1287 0.000 -27.649 9.000
A_1288 0.000 185.740 5.000
R_1289 -11.867 -1015.709 5.000
L_1290 0.000 679.918 5.000
A_1291 0.000 185.740 8.000
G_1292 0.000 -27.649 7.000
K_1293 -15.425 -818.649 9.000
D_1294 -23.258 -475.402 12.000
H_1295 -12.104 -583.484 12.000
S_1296 -17.811 -90.060 12.000
A_1297 0.000 185.740 8.000
S_1298 -15.425 -90.060 9.000
F_1299 0.000 560.542 10.000
S_1300 -18.462 -90.060 13.000
N_1301 -24.169 -507.047 13.000
S_1302 -19.613 -90.060 15.000
S_1303 -17.811 -90.060 12.000
Y_1304 -12.104 -274.939 12.000
L_1305 0.000 679.918 13.000
Q_1306 -25.003 -643.904 14.000
N_1307 -23.258 -507.047 12.000
Q_1308 -23.258 -643.904 12.000
L_1309 0.000 679.918 11.000
L_1310 0.000 679.918 12.000
K_1311 -17.811 -818.649 12.000
R_1312 -28.412 -1015.709 12.000
Q_1313 -23.258 -643.904 12.000
A_1314 0.000 185.740 9.000
A_1315 0.000 185.740 6.000
L_1316 0.000 679.918 2.000
Y_1317 -1.718 -274.939 2.000
I_1318 0.000 777.529 2.000
F_1319 0.000 560.542 6.000
G_1320 0.000 -27.649 7.000
E_1321 -21.132 -605.239 10.000
K_1322 -19.059 -818.649 14.000
S_1323 -19.059 -90.060 14.000
Q_1324 -25.772 -643.904 15.000
L_1325 0.000 679.918 16.000
R_1326 -29.616 -1015.709 13.000
N_1327 -23.258 -507.047 12.000
F_1328 0.000 560.542 12.000
K_1329 -17.098 -818.649 11.000
V_1330 0.000 613.196 7.000
E_1331 -16.691 -605.239 7.000
F_1332 0.000 560.542 4.000
A_1333 0.000 185.740 8.000
L_1334 0.000 679.918 4.000
N_1335 -18.409 -507.047 8.000
C_1336 0.000 322.480 8.000
E_1337 -18.409 -605.239 8.000
F_1338 0.000 560.542 4.000
V_1339 0.000 613.196 4.000
P_1340 0.000 -195.996 4.000
V_1341 0.000 613.196 4.000
E_1342 -14.591 -605.239 6.000
F_1343 0.000 560.542 10.000
H_1344 -11.154 -583.484 10.000
E_1345 -22.253 -605.239 11.000
I_1346 0.000 777.529 15.000
R_1347 -29.616 -1015.709 13.000
Q_1348 -23.258 -643.904 12.000
V_1349 0.000 613.196 12.000
K_1350 -16.309 -818.649 10.000
A_1351 0.000 185.740 6.000
S_1352 -15.425 -90.060 9.000
F_1353 0.000 560.542 9.000
K_1354 -15.425 -818.649 9.000
K_1355 -11.867 -818.649 6.000
L_1356 0.000 679.918 11.000
M_1357 0.000 401.769 8.000
R_1358 -11.867 -1015.709 5.000
A_1359 0.000 185.740 5.000
C_1360 0.000 322.480 5.000
I_1361 0.000 777.529 3.000
P_1362 0.000 -195.996 6.000
S_1363 -11.867 -90.060 6.000
T_1364 -11.867 -90.974 6.000
I_1365 0.000 777.529 9.000
P_1366 0.000 -195.996 10.000
T_1367 -16.309 -90.974 10.000
D_1368 -25.003 -475.402 14.000
S_1369 -19.059 -90.060 14.000
E_1370 -25.003 -605.239 14.000
V_1371 0.000 613.196 10.000
T_1372 -13.255 -90.974 7.000
F_1373 0.000 560.542 6.000
L_1374 0.000 679.918 6.000
K_1375 -4.441 -818.649 3.000
A_1376 0.000 185.740 3.000
L_1377 0.000 679.918 7.000
G_1378 0.000 -27.649 7.000
D_1379 -22.253 -475.402 11.000
S_1380 -17.811 -90.060 12.000
E_1381 -23.258 -605.239 12.000
W_1382 -5.155 -203.500 8.000
F_1383 0.000 560.542 9.000
P_1384 0.000 -195.996 5.000
Q_1385 -14.591 -643.904 6.000
L_1386 0.000 679.918 11.000
H_1387 -11.652 -583.484 11.000
R_1388 -19.414 -1015.709 7.000
I_1389 0.000 777.529 11.000
M_1390 0.000 401.769 9.000
Q_1391 -7.878 -643.904 4.000
L_1392 0.000 679.918 4.000
A_1393 0.000 185.740 4.000
V_1394 0.000 613.196 0.000
V_1395 0.000 613.196 3.000
V_1396 0.000 613.196 7.000
S_1397 -13.255 -90.060 7.000
E_1398 -16.691 -605.239 7.000
V_1399 0.000 613.196 11.000
L_1400 0.000 679.918 12.000
E_1401 -18.409 -605.239 8.000
N_1402 -22.253 -507.047 11.000
G_1403 0.000 -27.649 14.000
S_1404 -16.309 -90.060 10.000
S_1405 -11.867 -90.060 6.000
V_1406 0.000 613.196 6.000
L_1407 0.000 679.918 3.000
V_1408 0.000 613.196 0.000
C_1409 0.000 322.480 4.000
L_1410 0.000 679.918 8.000
E_1411 -18.409 -605.239 8.000
E_1412 -19.866 -605.239 9.000
G_1413 0.000 -27.649 13.000
W_1414 -5.447 -203.500 9.000
D_1415 -18.409 -475.402 8.000
I_1416 0.000 777.529 8.000
T_1417 -17.098 -90.974 11.000
A_1418 0.000 185.740 7.000
Q_1419 -21.132 -643.904 10.000
V_1420 0.000 613.196 10.000
T_1421 -16.309 -90.974 10.000
S_1422 -11.867 -90.060 6.000
L_1423 0.000 679.918 10.000
V_1424 0.000 613.196 7.000
Q_1425 -7.878 -643.904 4.000
L_1426 0.000 679.918 7.000
L_1427 0.000 679.918 11.000
S_1428 -13.255 -90.060 7.000
D_1429 -16.691 -475.402 7.000
P_1430 0.000 -195.996 9.000
F_1431 0.000 560.542 11.000
Y_1432 -11.154 -274.939 10.000
R_1433 -25.574 -1015.709 10.000
T_1434 -19.059 -90.974 14.000
L_1435 0.000 679.918 12.000
E_1436 -16.691 -605.239 7.000
G_1437 0.000 -27.649 8.000
F_1438 0.000 560.542 8.000
Q_1439 -7.878 -643.904 4.000
M_1440 0.000 401.769 4.000
L_1441 0.000 679.918 8.000
V_1442 0.000 613.196 7.000
E_1443 -22.253 -605.239 11.000
K_1444 -17.811 -818.649 12.000
E_1445 -23.258 -605.239 12.000
W_1446 -5.944 -203.500 11.000
L_1447 0.000 679.918 8.000
S_1448 -7.878 -90.060 4.000
F_1449 0.000 560.542 5.000
G_1450 0.000 -27.649 8.000
H_1451 -7.426 -583.484 5.000
K_1452 -14.420 -818.649 8.000
F_1453 0.000 560.542 12.000
S_1454 -19.613 -90.060 15.000
Q_1455 -25.772 -643.904 15.000
R_1456 -34.315 -1015.709 18.000
S_1457 -19.613 -90.060 15.000
S_1458 -19.059 -90.060 14.000
L_1459 0.000 679.918 9.000
T_1460 -16.309 -90.974 10.000
L_1461 0.000 679.918 7.000
N_1462 -22.253 -507.047 11.000
C_1463 0.000 322.480 8.000
Q_1464 -22.253 -643.904 11.000
G_1465 0.000 -27.649 7.000
S_1466 -13.255 -90.060 7.000
G_1467 0.000 -27.649 3.000
F_1468 0.000 560.542 3.000
A_1469 0.000 185.740 0.000
P_1470 0.000 -195.996 0.000
V_1471 0.000 613.196 0.000
F_1472 0.000 560.542 4.000
L_1473 0.000 679.918 4.000
Q_1474 -7.878 -643.904 4.000
F_1475 0.000 560.542 8.000
L_1476 0.000 679.918 8.000
D_1477 -7.878 -475.402 4.000
C_1478 0.000 322.480 6.000
V_1479 0.000 613.196 10.000
H_1480 -8.431 -583.484 6.000
Q_1481 -18.409 -643.904 8.000
V_1482 0.000 613.196 12.000
H_1483 -12.900 -583.484 14.000
N_1484 -23.258 -507.047 12.000
Q_1485 -23.258 -643.904 12.000
Y_1486 -12.518 -274.939 13.000
P_1487 0.000 -195.996 13.000
T_1488 -15.425 -90.974 9.000
E_1489 -22.253 -605.239 11.000
F_1490 0.000 560.542 11.000
E_1491 -23.258 -605.239 12.000
F_1492 0.000 560.542 8.000
N_1493 -21.132 -507.047 10.000
L_1494 0.000 679.918 8.000
Y_1495 -9.978 -274.939 8.000
Y_1496 -9.265 -274.939 7.000
L_1497 0.000 679.918 7.000
K_1498 -10.149 -818.649 5.000
F_1499 0.000 560.542 3.000
L_1500 0.000 679.918 3.000
A_1501 0.000 185.740 2.000
F_1502 0.000 560.542 4.000
H_1503 -6.160 -583.484 4.000
Y_1504 -9.265 -274.939 7.000
V_1505 0.000 613.196 11.000
S_1506 -19.059 -90.060 14.000
N_1507 -23.258 -507.047 12.000
R_1508 -31.716 -1015.709 15.000
F_1509 0.000 560.542 15.000
K_1510 -17.098 -818.649 11.000
T_1511 -11.867 -90.974 6.000
F_1512 0.000 560.542 6.000
L_1513 0.000 679.918 7.000
L_1514 0.000 679.918 7.000
D_1515 -22.253 -475.402 11.000
S_1516 -18.462 -90.060 13.000
D_1517 -27.150 -475.402 17.000
Y_1518 -14.188 -274.939 18.000
E_1519 -25.772 -605.239 15.000
R_1520 -31.716 -1015.709 15.000
L_1521 0.000 679.918 15.000
E_1522 -22.253 -605.239 11.000
H_1523 -10.601 -583.484 9.000
G_1524 0.000 -27.649 9.000
T_1525 -10.149 -90.974 5.000
L_1526 0.000 679.918 7.000
F_1527 0.000 560.542 11.000
D_1528 -22.253 -475.402 11.000
D_1529 -22.253 -475.402 11.000
K_1530 -19.613 -818.649 15.000
G_1531 0.000 -27.649 14.000
E_1532 -23.258 -605.239 12.000
K_1533 -15.425 -818.649 9.000
H_1534 -12.104 -583.484 12.000
A_1535 0.000 185.740 11.000
K_1536 -14.420 -818.649 8.000
K_1537 -11.867 -818.649 6.000
G_1538 0.000 -27.649 6.000
V_1539 0.000 613.196 3.000
C_1540 0.000 322.480 1.000
I_1541 0.000 777.529 5.000
W_1542 -3.990 -203.500 5.000
E_1543 -11.867 -605.239 5.000
C_1544 0.000 322.480 9.000
I_1545 0.000 777.529 13.000
D_1546 -19.866 -475.402 9.000
R_1547 -27.076 -1015.709 11.000
M_1548 0.000 401.769 14.000
H_1549 -13.255 -583.484 15.000
K_1550 -18.462 -818.649 13.000
R_1551 -29.616 -1015.709 13.000
S_1552 -17.098 -90.060 11.000
P_1553 0.000 -195.996 8.000
I_1554 0.000 777.529 3.000
F_1555 0.000 560.542 4.000
F_1556 0.000 560.542 6.000
N_1557 -14.591 -507.047 6.000
Y_1558 -9.978 -274.939 8.000
L_1559 0.000 679.918 11.000
Y_1560 -9.265 -274.939 7.000
S_1561 -10.149 -90.060 5.000
P_1562 0.000 -195.996 9.000
L_1563 0.000 679.918 7.000
E_1564 -18.409 -605.239 8.000
I_1565 0.000 777.529 8.000
E_1566 -18.409 -605.239 8.000
A_1567 0.000 185.740 7.000
L_1568 0.000 679.918 7.000
K_1569 -13.255 -818.649 7.000
P_1570 0.000 -195.996 7.000
N_1571 -22.253 -507.047 11.000
V_1572 0.000 613.196 8.000
N_1573 -22.253 -507.047 11.000
V_1574 0.000 613.196 10.000
S_1575 -16.309 -90.060 10.000
S_1576 -15.425 -90.060 9.000
L_1577 0.000 679.918 12.000
K_1578 -16.309 -818.649 10.000
K_1579 -17.098 -818.649 11.000
W_1580 -6.358 -203.500 13.000
D_1581 -23.258 -475.402 12.000
Y_1582 -10.601 -274.939 9.000
Y_1583 -12.104 -274.939 12.000
I_1584 0.000 777.529 12.000
E_1585 -24.169 -605.239 13.000
E_1586 -22.253 -605.239 11.000
T_1587 -19.059 -90.974 14.000
L_1588 0.000 679.918 13.000
S_1589 -15.425 -90.060 9.000
T_1590 -11.867 -90.974 6.000
G_1591 0.000 -27.649 9.000
P_1592 0.000 -195.996 8.000
S_1593 -15.425 -90.060 9.000
Y_1594 -11.154 -274.939 10.000
D_1595 -21.132 -475.402 10.000
W_1596 -4.824 -203.500 7.000
M_1597 0.000 401.769 5.000
M_1598 0.000 401.769 4.000
L_1599 0.000 679.918 3.000
T_1600 -11.867 -90.974 6.000
P_1601 0.000 -195.996 8.000
K_1602 -14.420 -818.649 8.000
H_1603 -7.426 -583.484 5.000
F_1604 0.000 560.542 8.000
P_1605 0.000 -195.996 9.000
S_1606 -17.098 -90.060 11.000
E_1607 -25.003 -605.239 14.000
D_1608 -27.773 -475.402 18.000
S_1609 -19.613 -90.060 15.000
D_1610 -22.253 -475.402 11.000
L_1611 0.000 679.918 7.000
A_1612 0.000 185.740 8.000
G_1613 0.000 -27.649 4.000
E_1614 -7.878 -605.239 4.000
A_1615 0.000 185.740 4.000
G_1616 0.000 -27.649 9.000
P_1617 0.000 -195.996 8.000
R_1618 -28.412 -1015.709 12.000
S_1619 -20.609 -90.060 17.000
Q_1620 -29.934 -643.904 22.000
R_1621 -35.785 -1015.709 20.000
R_1622 -33.508 -1015.709 17.000
T_1623 -19.059 -90.974 14.000
V_1624 0.000 613.196 9.000
W_1625 -3.436 -203.500 4.000
P_1626 0.000 -195.996 3.000
C_1627 0.000 322.480 7.000
Y_1628 -11.154 -274.939 10.000
D_1629 -21.132 -475.402 10.000
D_1630 -24.169 -475.402 13.000
V_1631 0.000 613.196 11.000
S_1632 -16.309 -90.060 10.000
C_1633 0.000 322.480 10.000
T_1634 -16.309 -90.974 10.000
Q_1635 -22.253 -643.904 11.000
P_1636 0.000 -195.996 11.000
D_1637 -18.409 -475.402 8.000
A_1638 0.000 185.740 7.000
L_1639 0.000 679.918 10.000
T_1640 -11.867 -90.974 6.000
S_1641 -11.867 -90.060 6.000
L_1642 0.000 679.918 9.000
F_1643 0.000 560.542 10.000
S_1644 -13.255 -90.060 7.000
E_1645 -22.253 -605.239 11.000
I_1646 0.000 777.529 14.000
E_1647 -22.253 -605.239 11.000
K_1648 -17.098 -818.649 11.000
L_1649 0.000 679.918 13.000
E_1650 -23.258 -605.239 12.000
H_1651 -10.601 -583.484 9.000
K_1652 -18.462 -818.649 13.000
L_1653 0.000 679.918 13.000
N_1654 -22.253 -507.047 11.000
Q_1655 -18.409 -643.904 8.000
A_1656 0.000 185.740 12.000
P_1657 0.000 -195.996 11.000
E_1658 -18.409 -605.239 8.000
K_1659 -17.811 -818.649 12.000
W_1660 -6.873 -203.500 16.000
Q_1661 -23.258 -643.904 12.000
Q_1662 -21.132 -643.904 10.000
L_1663 0.000 679.918 13.000
W_1664 -6.542 -203.500 14.000
E_1665 -21.132 -605.239 10.000
R_1666 -29.616 -1015.709 13.000
V_1667 0.000 613.196 12.000
T_1668 -17.811 -90.974 12.000
V_1669 0.000 613.196 7.000
D_1670 -21.132 -475.402 10.000
L_1671 0.000 679.918 11.000
K_1672 -19.613 -818.649 15.000
E_1673 -22.253 -605.239 11.000
E_1674 -26.485 -605.239 16.000
P_1675 0.000 -195.996 16.000
R_1676 -32.645 -1015.709 16.000
T_1677 -20.609 -90.974 17.000
D_1678 -28.912 -475.402 20.000
R_1679 -35.072 -1015.709 19.000
S_1680 -22.271 -90.060 21.000
Q_1681 -28.359 -643.904 19.000
R_1682 -30.711 -1015.709 14.000
H_1683 -12.900 -583.484 14.000
L_1684 0.000 679.918 15.000
S_1685 -18.462 -90.060 13.000
R_1686 -27.076 -1015.709 11.000
S_1687 -17.098 -90.060 11.000
P_1688 0.000 -195.996 8.000
G_1689 0.000 -27.649 3.000
I_1690 0.000 777.529 3.000
V_1691 0.000 613.196 6.000
S_1692 -16.309 -90.060 10.000
T_1693 -16.309 -90.974 10.000
N_1694 -21.132 -507.047 10.000
L_1695 0.000 679.918 10.000
P_1696 0.000 -195.996 9.000
S_1697 -15.425 -90.060 9.000
Y_1698 -12.104 -274.939 12.000
Q_1699 -27.150 -643.904 17.000
K_1700 -20.609 -818.649 17.000
R_1701 -31.716 -1015.709 15.000
S_1702 -17.098 -90.060 11.000
L_1703 0.000 679.918 10.000
L_1704 0.000 679.918 5.000
H_1705 -1.718 -583.484 2.000
L_1706 0.000 679.918 6.000
P_1707 0.000 -195.996 9.000
D_1708 -21.132 -475.402 10.000
S_1709 -16.309 -90.060 10.000
S_1710 -16.309 -90.060 10.000
M_1711 0.000 401.769 10.000
G_1712 0.000 -27.649 11.000
E_1713 -23.258 -605.239 12.000
E_1714 -26.485 -605.239 16.000
Q_1715 -28.359 -643.904 19.000
N_1716 -27.773 -507.047 18.000
S_1717 -19.059 -90.060 14.000
S_1718 -18.462 -90.060 13.000
I_1719 0.000 777.529 9.000
S_1720 -15.425 -90.060 9.000
P_1721 0.000 -195.996 10.000
S_1722 -16.309 -90.060 10.000
N_1723 -16.691 -507.047 7.000
G_1724 0.000 -27.649 11.000
V_1725 0.000 613.196 13.000
E_1726 -25.003 -605.239 14.000
R_1727 -30.711 -1015.709 14.000
R_1728 -30.711 -1015.709 14.000
A_1729 0.000 185.740 13.000
A_1730 0.000 185.740 8.000
T_1731 -10.149 -90.974 5.000
L_1732 0.000 679.918 8.000
Y_1733 -12.104 -274.939 12.000
S_1734 -17.098 -90.060 11.000
Q_1735 -25.003 -643.904 14.000
Y_1736 -13.255 -274.939 15.000
T_1737 -19.613 -90.974 15.000
S_1738 -19.613 -90.060 15.000
K_1739 -20.609 -818.649 17.000
N_1740 -27.773 -507.047 18.000
D_1741 -28.359 -475.402 19.000
E_1742 -29.436 -605.239 21.000
N_1743 -28.912 -507.047 20.000
R_1744 -32.645 -1015.709 16.000
S_1745 -20.127 -90.060 16.000
F_1746 0.000 560.542 12.000
E_1747 -21.132 -605.239 10.000
G_1748 0.000 -27.649 7.000
T_1749 -15.425 -90.974 9.000
L_1750 0.000 679.918 8.000
Y_1751 -12.518 -274.939 13.000
K_1752 -16.309 -818.649 10.000
R_1753 -25.574 -1015.709 10.000
G_1754 0.000 -27.649 8.000
A_1755 0.000 185.740 5.000
L_1756 0.000 679.918 3.000
L_1757 0.000 679.918 3.000
K_1758 -7.878 -818.649 4.000
G_1759 0.000 -27.649 7.000
W_1760 -4.824 -203.500 7.000
K_1761 -15.425 -818.649 9.000
P_1762 0.000 -195.996 10.000
R_1763 -23.856 -1015.709 9.000
W_1764 -4.441 -203.500 6.000
F_1765 0.000 560.542 6.000
V_1766 0.000 613.196 5.000
L_1767 0.000 679.918 4.000
D_1768 -16.691 -475.402 7.000
V_1769 0.000 613.196 10.000
T_1770 -17.811 -90.974 12.000
K_1771 -17.811 -818.649 12.000
H_1772 -12.104 -583.484 12.000
Q_1773 -25.003 -643.904 14.000
L_1774 0.000 679.918 13.000
R_1775 -29.616 -1015.709 13.000
Y_1776 -12.518 -274.939 13.000
Y_1777 -13.586 -274.939 16.000
D_1778 -22.253 -475.402 11.000
S_1779 -18.462 -90.060 13.000
G_1780 0.000 -27.649 15.000
E_1781 -25.003 -605.239 14.000
D_1782 -25.003 -475.402 14.000
T_1783 -19.059 -90.974 14.000
S_1784 -18.462 -90.060 13.000
C_1785 0.000 322.480 9.000
K_1786 -14.420 -818.649 8.000
G_1787 0.000 -27.649 5.000
H_1788 -10.601 -583.484 9.000
I_1789 0.000 777.529 6.000
D_1790 -14.591 -475.402 6.000
L_1791 0.000 679.918 8.000
A_1792 0.000 185.740 8.000
E_1793 -18.409 -605.239 8.000
V_1794 0.000 613.196 8.000
E_1795 -18.409 -605.239 8.000
M_1796 0.000 401.769 4.000
V_1797 0.000 613.196 4.000
I_1798 0.000 777.529 0.000
P_1799 0.000 -195.996 0.000
A_1800 0.000 185.740 0.000
G_1801 0.000 -27.649 3.000
P_1802 0.000 -195.996 3.000
S_1803 -4.441 -90.060 3.000
M_1804 0.000 401.769 3.000
G_1805 0.000 -27.649 3.000
A_1806 0.000 185.740 3.000
P_1807 0.000 -195.996 5.000
K_1808 -14.420 -818.649 8.000
H_1809 -11.652 -583.484 11.000
T_1810 -19.613 -90.974 15.000
S_1811 -19.613 -90.060 15.000
D_1812 -24.169 -475.402 13.000
K_1813 -16.309 -818.649 10.000
A_1814 0.000 185.740 7.000
F_1815 0.000 560.542 7.000
F_1816 0.000 560.542 4.000
D_1817 -16.691 -475.402 7.000
L_1818 0.000 679.918 10.000
K_1819 -18.462 -818.649 13.000
T_1820 -17.811 -90.974 12.000
S_1821 -20.609 -90.060 17.000
K_1822 -19.059 -818.649 14.000
R_1823 -29.616 -1015.709 13.000
V_1824 0.000 613.196 14.000
Y_1825 -11.652 -274.939 11.000
N_1826 -14.591 -507.047 6.000
F_1827 0.000 560.542 6.000
C_1828 0.000 322.480 8.000
A_1829 0.000 185.740 8.000
Q_1830 -18.409 -643.904 8.000
D_1831 -23.258 -475.402 12.000
G_1832 0.000 -27.649 15.000
Q_1833 -22.253 -643.904 11.000
S_1834 -17.098 -90.060 11.000
A_1835 0.000 185.740 15.000
Q_1836 -23.258 -643.904 12.000
Q_1837 -19.866 -643.904 9.000
W_1838 -6.358 -203.500 13.000
M_1839 0.000 401.769 12.000
D_1840 -18.409 -475.402 8.000
K_1841 -17.098 -818.649 11.000
I_1842 0.000 777.529 14.000
Q_1843 -21.132 -643.904 10.000
S_1844 -13.255 -90.060 7.000
C_1845 0.000 322.480 10.000
I_1846 0.000 777.529 10.000
S_1847 -13.255 -90.060 7.000
D_1848 -16.691 -475.402 7.000
A_1849 0.000 185.740 7.000
