M_1 0.000 401.769 3.000
K_2 -4.441 -818.649 3.000
P_3 0.000 -195.996 3.000
G_4 0.000 -27.649 6.000
A_5 0.000 185.740 3.000
T_6 -13.255 -90.974 7.000
G_7 0.000 -27.649 10.000
E_8 -25.003 -605.239 14.000
S_9 -17.098 -90.060 11.000
D_10 -22.253 -475.402 11.000
L_11 0.000 679.918 11.000
A_12 0.000 185.740 8.000
E_13 -7.878 -605.239 4.000
V_14 0.000 613.196 4.000
L_15 0.000 679.918 8.000
P_16 0.000 -195.996 6.000
Q_17 -19.866 -643.904 9.000
H_18 -10.601 -583.484 9.000
K_19 -18.462 -818.649 13.000
F_20 0.000 560.542 12.000
D_21 -24.169 -475.402 13.000
S_22 -18.462 -90.060 13.000
K_23 -18.462 -818.649 13.000
S_24 -18.462 -90.060 13.000
L_25 0.000 679.918 10.000
E_26 -19.866 -605.239 9.000
A_27 0.000 185.740 6.000
Y_28 -11.154 -274.939 10.000
L_29 0.000 679.918 10.000
N_30 -23.258 -507.047 12.000
Q_31 -21.132 -643.904 10.000
H_32 -12.518 -583.484 13.000
L_33 0.000 679.918 9.000
S_34 -10.149 -90.060 5.000
G_35 0.000 -27.649 3.000
F_36 0.000 560.542 3.000
G_37 0.000 -27.649 4.000
A_38 0.000 185.740 9.000
E_39 -24.169 -605.239 13.000
R_40 -29.616 -1015.709 13.000
E_41 -26.485 -605.239 16.000
A_42 0.000 185.740 12.000
T_43 -16.309 -90.974 10.000
L_44 0.000 679.918 6.000
T_45 -11.867 -90.974 6.000
I_46 0.000 777.529 7.000
A_47 0.000 185.740 9.000
Q_48 -22.253 -643.904 11.000
Y_49 -11.652 -274.939 11.000
R_50 -27.076 -1015.709 11.000
A_51 0.000 185.740 10.000
G_52 0.000 -27.649 11.000
K_53 -16.309 -818.649 10.000
S_54 -16.309 -90.060 10.000
N_55 -24.169 -507.047 13.000
P_56 0.000 -195.996 10.000
T_57 -15.425 -90.974 9.000
F_58 0.000 560.542 5.000
Y_59 -10.601 -274.939 9.000
L_60 0.000 679.918 9.000
Q_61 -19.866 -643.904 9.000
K_62 -13.255 -818.649 7.000
G_63 0.000 -27.649 11.000
F_64 0.000 560.542 10.000
Q_65 -19.866 -643.904 9.000
T_66 -15.425 -90.974 9.000
Y_67 -10.601 -274.939 9.000
V_68 0.000 613.196 10.000
L_69 0.000 679.918 10.000
R_70 -27.076 -1015.709 11.000
K_71 -17.098 -818.649 11.000
K_72 -17.098 -818.649 11.000
P_73 0.000 -195.996 6.000
P_74 0.000 -195.996 6.000
G_75 0.000 -27.649 3.000
S_76 -4.441 -90.060 3.000
L_77 0.000 679.918 3.000
L_78 0.000 679.918 6.000
P_79 0.000 -195.996 3.000
K_80 -10.149 -818.649 5.000
A_81 0.000 185.740 9.000
H_82 -10.601 -583.484 9.000
Q_83 -21.132 -643.904 10.000
I_84 0.000 777.529 15.000
D_85 -27.150 -475.402 17.000
R_86 -29.616 -1015.709 13.000
E_87 -26.485 -605.239 16.000
F_88 0.000 560.542 12.000
K_89 -17.098 -818.649 11.000
V_90 0.000 613.196 10.000
Q_91 -21.132 -643.904 10.000
K_92 -13.255 -818.649 7.000
A_93 0.000 185.740 7.000
L_94 0.000 679.918 6.000
F_95 0.000 560.542 3.000
S_96 -4.441 -90.060 3.000
I_97 0.000 777.529 3.000
G_98 0.000 -27.649 3.000
F_99 0.000 560.542 0.000
P_100 0.000 -195.996 0.000
V_101 0.000 613.196 3.000
P_102 0.000 -195.996 3.000
K_103 -4.441 -818.649 3.000
P_104 0.000 -195.996 3.000
I_105 0.000 777.529 5.000
L_106 0.000 679.918 2.000
Y_107 -7.426 -274.939 5.000
C_108 0.000 322.480 9.000
S_109 -17.811 -90.060 12.000
D_110 -24.169 -475.402 13.000
T_111 -18.462 -90.974 13.000
S_112 -16.309 -90.060 10.000
V_113 0.000 613.196 6.000
I_114 0.000 777.529 6.000
G_115 0.000 -27.649 7.000
T_116 -13.255 -90.974 7.000
E_117 -19.866 -605.239 9.000
F_118 0.000 560.542 9.000
Y_119 -8.431 -274.939 6.000
V_120 0.000 613.196 6.000
M_121 0.000 401.769 8.000
E_122 -14.591 -605.239 6.000
H_123 -11.154 -583.484 10.000
V_124 0.000 613.196 10.000
Q_125 -22.253 -643.904 11.000
G_126 0.000 -27.649 9.000
R_127 -23.856 -1015.709 9.000
I_128 0.000 777.529 10.000
F_129 0.000 560.542 14.000
R_130 -23.856 -1015.709 9.000
D_131 -23.258 -475.402 12.000
L_132 0.000 679.918 12.000
T_133 -13.255 -90.974 7.000
I_134 0.000 777.529 3.000
P_135 0.000 -195.996 3.000
G_136 0.000 -27.649 3.000
L_137 0.000 679.918 3.000
S_138 -4.441 -90.060 3.000
P_139 0.000 -195.996 7.000
A_140 0.000 185.740 12.000
E_141 -23.258 -605.239 12.000
R_142 -28.412 -1015.709 12.000
S_143 -17.811 -90.060 12.000
A_144 0.000 185.740 10.000
I_145 0.000 777.529 5.000
Y_146 -1.718 -274.939 2.000
V_147 0.000 613.196 5.000
A_148 0.000 185.740 5.000
T_149 -13.255 -90.974 7.000
V_150 0.000 613.196 10.000
E_151 -21.132 -605.239 10.000
T_152 -13.255 -90.974 7.000
L_153 0.000 679.918 11.000
A_154 0.000 185.740 7.000
Q_155 -14.591 -643.904 6.000
L_156 0.000 679.918 9.000
H_157 -10.601 -583.484 9.000
S_158 -15.425 -90.060 9.000
L_159 0.000 679.918 9.000
N_160 -22.253 -507.047 11.000
I_161 0.000 777.529 11.000
Q_162 -22.253 -643.904 11.000
S_163 -17.098 -90.060 11.000
L_164 0.000 679.918 11.000
Q_165 -22.253 -643.904 11.000
L_166 0.000 679.918 8.000
E_167 -21.132 -605.239 10.000
G_168 0.000 -27.649 6.000
Y_169 -8.431 -274.939 6.000
G_170 0.000 -27.649 2.000
I_171 0.000 777.529 2.000
G_172 0.000 -27.649 0.000
A_173 0.000 185.740 2.000
G_174 0.000 -27.649 2.000
Y_175 -7.426 -274.939 5.000
C_176 0.000 322.480 10.000
K_177 -19.059 -818.649 14.000
R_178 -28.412 -1015.709 12.000
Q_179 -25.772 -643.904 15.000
V_180 0.000 613.196 15.000
S_181 -17.098 -90.060 11.000
T_182 -16.309 -90.974 10.000
W_183 -6.358 -203.500 13.000
T_184 -19.059 -90.974 14.000
K_185 -18.462 -818.649 13.000
Q_186 -26.485 -643.904 16.000
Y_187 -12.518 -274.939 13.000
Q_188 -21.132 -643.904 10.000
A_189 0.000 185.740 6.000
A_190 0.000 185.740 6.000
A_191 0.000 185.740 6.000
H_192 -11.154 -583.484 10.000
Q_193 -21.132 -643.904 10.000
D_194 -21.132 -475.402 10.000
I_195 0.000 777.529 8.000
P_196 0.000 -195.996 4.000
A_197 0.000 185.740 4.000
M_198 0.000 401.769 8.000
Q_199 -18.409 -643.904 8.000
Q_200 -22.253 -643.904 11.000
L_201 0.000 679.918 15.000
S_202 -17.811 -90.060 12.000
E_203 -18.409 -605.239 8.000
W_204 -5.155 -203.500 8.000
L_205 0.000 679.918 8.000
M_206 0.000 401.769 8.000
K_207 -13.255 -818.649 7.000
N_208 -16.691 -507.047 7.000
L_209 0.000 679.918 11.000
P_210 0.000 -195.996 12.000
D_211 -23.258 -475.402 12.000
N_212 -26.485 -507.047 16.000
D_213 -28.912 -475.402 20.000
N_214 -28.912 -507.047 20.000
E_215 -28.912 -605.239 20.000
E_216 -26.485 -605.239 16.000
N_217 -23.258 -507.047 12.000
L_218 0.000 679.918 10.000
I_219 0.000 777.529 6.000
H_220 -8.431 -583.484 6.000
G_221 0.000 -27.649 6.000
D_222 -22.253 -475.402 11.000
F_223 0.000 560.542 9.000
R_224 -29.616 -1015.709 13.000
L_225 0.000 679.918 13.000
D_226 -24.169 -475.402 13.000
N_227 -18.409 -507.047 8.000
I_228 0.000 777.529 8.000
V_229 0.000 613.196 6.000
F_230 0.000 560.542 2.000
H_231 -7.426 -583.484 5.000
P_232 0.000 -195.996 9.000
K_233 -15.425 -818.649 9.000
E_234 -23.258 -605.239 12.000
C_235 0.000 322.480 12.000
R_236 -23.856 -1015.709 9.000
V_237 0.000 613.196 5.000
I_238 0.000 777.529 5.000
A_239 0.000 185.740 0.000
V_240 0.000 613.196 4.000
L_241 0.000 679.918 5.000
D_242 -19.866 -475.402 9.000
W_243 -5.447 -203.500 9.000
E_244 -23.258 -605.239 12.000
L_245 0.000 679.918 11.000
S_246 -16.309 -90.060 10.000
T_247 -11.867 -90.974 6.000
I_248 0.000 777.529 8.000
G_249 0.000 -27.649 5.000
H_250 -1.718 -583.484 2.000
P_251 0.000 -195.996 5.000
L_252 0.000 679.918 9.000
S_253 -13.255 -90.060 7.000
D_254 -16.691 -475.402 7.000
L_255 0.000 679.918 9.000
A_256 0.000 185.740 6.000
H_257 -7.426 -583.484 5.000
F_258 0.000 560.542 5.000
S_259 -10.149 -90.060 5.000
L_260 0.000 679.918 5.000
F_261 0.000 560.542 5.000
Y_262 -4.441 -274.939 3.000
F_263 0.000 560.542 3.000
W_264 -5.155 -203.500 8.000
P_265 0.000 -195.996 9.000
R_266 -23.856 -1015.709 9.000
T_267 -14.420 -90.974 8.000
V_268 0.000 613.196 8.000
P_269 0.000 -195.996 3.000
M_270 0.000 401.769 4.000
I_271 0.000 777.529 8.000
N_272 -18.409 -507.047 8.000
Q_273 -22.253 -643.904 11.000
G_274 0.000 -27.649 13.000
S_275 -17.811 -90.060 12.000
Y_276 -12.104 -274.939 12.000
S_277 -20.127 -90.060 16.000
E_278 -26.485 -605.239 16.000
N_279 -25.003 -507.047 14.000
S_280 -17.098 -90.060 11.000
G_281 0.000 -27.649 7.000
I_282 0.000 777.529 6.000
P_283 0.000 -195.996 3.000
S_284 -13.255 -90.060 7.000
M_285 0.000 401.769 11.000
E_286 -22.253 -605.239 11.000
E_287 -18.409 -605.239 8.000
L_288 0.000 679.918 11.000
I_289 0.000 777.529 7.000
S_290 -10.149 -90.060 5.000
I_291 0.000 777.529 5.000
Y_292 -11.154 -274.939 10.000
C_293 0.000 322.480 7.000
R_294 -28.412 -1015.709 12.000
C_295 0.000 322.480 10.000
R_296 -25.574 -1015.709 10.000
G_297 0.000 -27.649 9.000
I_298 0.000 777.529 12.000
N_299 -16.691 -507.047 7.000
S_300 -13.255 -90.060 7.000
I_301 0.000 777.529 7.000
L_302 0.000 679.918 7.000
P_303 0.000 -195.996 5.000
N_304 -19.866 -507.047 9.000
W_305 -5.447 -203.500 9.000
N_306 -19.866 -507.047 9.000
F_307 0.000 560.542 5.000
F_308 0.000 560.542 4.000
L_309 0.000 679.918 0.000
A_310 0.000 185.740 3.000
L_311 0.000 679.918 5.000
S_312 -10.149 -90.060 5.000
Y_313 -9.978 -274.939 8.000
F_314 0.000 560.542 8.000
K_315 -10.149 -818.649 5.000
M_316 0.000 401.769 3.000
A_317 0.000 185.740 3.000
G_318 0.000 -27.649 0.000
I_319 0.000 777.529 4.000
A_320 0.000 185.740 4.000
Q_321 -7.878 -643.904 4.000
G_322 0.000 -27.649 6.000
V_323 0.000 613.196 9.000
Y_324 -11.154 -274.939 10.000
S_325 -17.811 -90.060 12.000
R_326 -28.412 -1015.709 12.000
Y_327 -11.154 -274.939 10.000
L_328 0.000 679.918 7.000
L_329 0.000 679.918 6.000
G_330 0.000 -27.649 8.000
N_331 -22.253 -507.047 11.000
N_332 -25.003 -507.047 14.000
S_333 -21.060 -90.060 18.000
S_334 -21.060 -90.060 18.000
E_335 -27.150 -605.239 17.000
D_336 -25.003 -475.402 14.000
S_337 -17.098 -90.060 11.000
F_338 0.000 560.542 7.000
L_339 0.000 679.918 3.000
F_340 0.000 560.542 4.000
A_341 0.000 185.740 4.000
N_342 -7.878 -507.047 4.000
I_343 0.000 777.529 8.000
V_344 0.000 613.196 8.000
Q_345 -7.878 -643.904 4.000
P_346 0.000 -195.996 4.000
L_347 0.000 679.918 8.000
A_348 0.000 185.740 7.000
E_349 -16.691 -605.239 7.000
T_350 -13.255 -90.974 7.000
G_351 0.000 -27.649 11.000
L_352 0.000 679.918 7.000
Q_353 -16.691 -643.904 7.000
L_354 0.000 679.918 10.000
S_355 -19.613 -90.060 15.000
K_356 -19.059 -818.649 14.000
R_357 -30.711 -1015.709 14.000
T_358 -19.059 -90.974 14.000
F_359 0.000 560.542 14.000
S_360 -15.425 -90.060 9.000
T_361 -11.867 -90.974 6.000
V_362 0.000 613.196 6.000
L_363 0.000 679.918 7.000
P_364 0.000 -195.996 4.000
Q_365 -18.409 -643.904 8.000
I_366 0.000 777.529 11.000
D_367 -25.003 -475.402 14.000
T_368 -16.309 -90.974 10.000
T_369 -19.059 -90.974 14.000
G_370 0.000 -27.649 10.000
Q_371 -16.691 -643.904 7.000
L_372 0.000 679.918 4.000
F_373 0.000 560.542 8.000
V_374 0.000 613.196 7.000
Q_375 -23.258 -643.904 12.000
T_376 -19.613 -90.974 15.000
R_377 -31.716 -1015.709 15.000
K_378 -19.613 -818.649 15.000
G_379 0.000 -27.649 16.000
Q_380 -22.253 -643.904 11.000
E_381 -18.409 -605.239 8.000
V_382 0.000 613.196 8.000
L_383 0.000 679.918 7.000
I_384 0.000 777.529 3.000
K_385 -11.867 -818.649 6.000
V_386 0.000 613.196 8.000
K_387 -14.420 -818.649 8.000
H_388 -7.426 -583.484 5.000
F_389 0.000 560.542 8.000
M_390 0.000 401.769 9.000
K_391 -15.425 -818.649 9.000
Q_392 -19.866 -643.904 9.000
H_393 -10.601 -583.484 9.000
I_394 0.000 777.529 6.000
L_395 0.000 679.918 2.000
P_396 0.000 -195.996 4.000
A_397 0.000 185.740 7.000
E_398 -22.253 -605.239 11.000
K_399 -17.098 -818.649 11.000
E_400 -25.003 -605.239 14.000
V_401 0.000 613.196 14.000
T_402 -17.098 -90.974 11.000
E_403 -19.866 -605.239 9.000
F_404 0.000 560.542 9.000
Y_405 -11.154 -274.939 10.000
V_406 0.000 613.196 10.000
Q_407 -25.003 -643.904 14.000
N_408 -26.485 -507.047 16.000
E_409 -28.359 -605.239 19.000
N_410 -25.772 -507.047 15.000
S_411 -19.613 -90.060 15.000
V_412 0.000 613.196 14.000
D_413 -22.253 -475.402 11.000
K_414 -14.420 -818.649 8.000
W_415 -5.944 -203.500 11.000
G_416 0.000 -27.649 7.000
K_417 -7.878 -818.649 4.000
P_418 0.000 -195.996 3.000
L_419 0.000 679.918 3.000
V_420 0.000 613.196 4.000
I_421 0.000 777.529 7.000
D_422 -16.691 -475.402 7.000
K_423 -16.309 -818.649 10.000
L_424 0.000 679.918 14.000
K_425 -16.309 -818.649 10.000
E_426 -16.691 -605.239 7.000
M_427 0.000 401.769 10.000
A_428 0.000 185.740 7.000
K_429 -13.255 -818.649 7.000
V_430 0.000 613.196 7.000
E_431 -16.691 -605.239 7.000
G_432 0.000 -27.649 5.000
L_433 0.000 679.918 9.000
W_434 -3.990 -203.500 5.000
N_435 -11.867 -507.047 5.000
L_436 0.000 679.918 5.000
F_437 0.000 560.542 4.000
L_438 0.000 679.918 0.000
P_439 0.000 -195.996 0.000
A_440 0.000 185.740 3.000
V_441 0.000 613.196 3.000
S_442 -4.441 -90.060 3.000
G_443 0.000 -27.649 6.000
L_444 0.000 679.918 8.000
S_445 -10.149 -90.060 5.000
H_446 -10.601 -583.484 9.000
V_447 0.000 613.196 11.000
D_448 -18.409 -475.402 8.000
Y_449 -8.431 -274.939 6.000
A_450 0.000 185.740 6.000
L_451 0.000 679.918 2.000
I_452 0.000 777.529 4.000
A_453 0.000 185.740 8.000
E_454 -22.253 -605.239 11.000
E_455 -22.253 -605.239 11.000
T_456 -19.059 -90.974 14.000
G_457 0.000 -27.649 10.000
K_458 -11.867 -818.649 6.000
C_459 0.000 322.480 3.000
F_460 0.000 560.542 3.000
F_461 0.000 560.542 0.000
A_462 0.000 185.740 4.000
P_463 0.000 -195.996 4.000
D_464 -7.878 -475.402 4.000
V_465 0.000 613.196 8.000
F_466 0.000 560.542 8.000
N_467 -18.409 -507.047 8.000
C_468 0.000 322.480 8.000
Q_469 -18.409 -643.904 8.000
A_470 0.000 185.740 8.000
P_471 0.000 -195.996 11.000
D_472 -16.691 -475.402 7.000
T_473 -17.098 -90.974 11.000
G_474 0.000 -27.649 11.000
N_475 -22.253 -507.047 11.000
M_476 0.000 401.769 8.000
E_477 -18.409 -605.239 8.000
V_478 0.000 613.196 6.000
L_479 0.000 679.918 6.000
H_480 -6.160 -583.484 4.000
L_481 0.000 679.918 4.000
Y_482 -9.265 -274.939 7.000
G_483 0.000 -27.649 9.000
S_484 -18.462 -90.060 13.000
E_485 -25.772 -605.239 15.000
E_486 -27.773 -605.239 18.000
Q_487 -27.773 -643.904 18.000
K_488 -21.060 -818.649 18.000
K_489 -19.613 -818.649 15.000
Q_490 -22.253 -643.904 11.000
W_491 -6.160 -203.500 12.000
L_492 0.000 679.918 9.000
E_493 -11.867 -605.239 5.000
P_494 0.000 -195.996 4.000
L_495 0.000 679.918 8.000
L_496 0.000 679.918 4.000
Q_497 -18.409 -643.904 8.000
G_498 0.000 -27.649 8.000
N_499 -22.253 -507.047 11.000
I_500 0.000 777.529 10.000
T_501 -16.309 -90.974 10.000
S_502 -11.867 -90.060 6.000
C_503 0.000 322.480 6.000
F_504 0.000 560.542 3.000
C_505 0.000 322.480 3.000
M_506 0.000 401.769 7.000
T_507 -13.255 -90.974 7.000
E_508 -22.253 -605.239 11.000
P_509 0.000 -195.996 11.000
D_510 -18.409 -475.402 8.000
V_511 0.000 613.196 7.000
A_512 0.000 185.740 10.000
S_513 -16.309 -90.060 10.000
S_514 -16.309 -90.060 10.000
D_515 -24.169 -475.402 13.000
A_516 0.000 185.740 14.000
T_517 -17.098 -90.974 11.000
N_518 -22.253 -507.047 11.000
I_519 0.000 777.529 11.000
E_520 -22.253 -605.239 11.000
C_521 0.000 322.480 7.000
S_522 -17.098 -90.060 11.000
I_523 0.000 777.529 12.000
Q_524 -26.485 -643.904 16.000
R_525 -33.508 -1015.709 17.000
D_526 -29.436 -475.402 21.000
E_527 -28.912 -605.239 20.000
D_528 -27.150 -475.402 17.000
S_529 -18.462 -90.060 13.000
Y_530 -10.601 -274.939 9.000
V_531 0.000 613.196 9.000
I_532 0.000 777.529 6.000
N_533 -16.691 -507.047 7.000
G_534 0.000 -27.649 10.000
K_535 -17.098 -818.649 11.000
K_536 -14.420 -818.649 8.000
W_537 -5.944 -203.500 11.000
W_538 -5.944 -203.500 11.000
S_539 -14.420 -90.060 8.000
S_540 -13.255 -90.060 7.000
G_541 0.000 -27.649 6.000
A_542 0.000 185.740 7.000
G_543 0.000 -27.649 4.000
N_544 -16.691 -507.047 7.000
P_545 0.000 -195.996 7.000
K_546 -16.309 -818.649 10.000
C_547 0.000 322.480 6.000
K_548 -11.867 -818.649 6.000
I_549 0.000 777.529 3.000
A_550 0.000 185.740 3.000
I_551 0.000 777.529 0.000
V_552 0.000 613.196 0.000
L_553 0.000 679.918 5.000
G_554 0.000 -27.649 8.000
R_555 -28.412 -1015.709 12.000
T_556 -20.127 -90.974 16.000
Q_557 -28.359 -643.904 19.000
N_558 -27.150 -507.047 17.000
T_559 -19.059 -90.974 14.000
S_560 -18.462 -90.060 13.000
L_561 0.000 679.918 14.000
S_562 -18.462 -90.060 13.000
R_563 -29.616 -1015.709 13.000
H_564 -13.896 -583.484 17.000
K_565 -20.127 -818.649 16.000
Q_566 -25.003 -643.904 14.000
H_567 -12.104 -583.484 12.000
S_568 -15.425 -90.060 9.000
M_569 0.000 401.769 5.000
I_570 0.000 777.529 3.000
L_571 0.000 679.918 0.000
V_572 0.000 613.196 0.000
P_573 0.000 -195.996 4.000
M_574 0.000 401.769 7.000
N_575 -16.691 -507.047 7.000
T_576 -13.255 -90.974 7.000
P_577 0.000 -195.996 7.000
G_578 0.000 -27.649 6.000
V_579 0.000 613.196 3.000
K_580 -4.441 -818.649 3.000
I_581 0.000 777.529 8.000
I_582 0.000 777.529 8.000
R_583 -11.867 -1015.709 5.000
P_584 0.000 -195.996 8.000
L_585 0.000 679.918 8.000
S_586 -4.441 -90.060 3.000
V_587 0.000 613.196 3.000
F_588 0.000 560.542 5.000
G_589 0.000 -27.649 5.000
Y_590 -10.601 -274.939 9.000
T_591 -18.462 -90.974 13.000
D_592 -24.169 -475.402 13.000
N_593 -24.169 -507.047 13.000
F_594 0.000 560.542 10.000
H_595 -8.431 -583.484 6.000
G_596 0.000 -27.649 4.000
G_597 0.000 -27.649 4.000
H_598 -8.431 -583.484 6.000
F_599 0.000 560.542 6.000
E_600 -18.409 -605.239 8.000
I_601 0.000 777.529 6.000
H_602 -11.154 -583.484 10.000
F_603 0.000 560.542 10.000
N_604 -21.132 -507.047 10.000
Q_605 -24.169 -643.904 13.000
V_606 0.000 613.196 13.000
R_607 -23.856 -1015.709 9.000
V_608 0.000 613.196 5.000
P_609 0.000 -195.996 8.000
A_610 0.000 185.740 7.000
T_611 -13.255 -90.974 7.000
N_612 -16.691 -507.047 7.000
L_613 0.000 679.918 7.000
I_614 0.000 777.529 4.000
L_615 0.000 679.918 4.000
G_616 0.000 -27.649 4.000
E_617 -19.866 -605.239 9.000
G_618 0.000 -27.649 9.000
R_619 -23.856 -1015.709 9.000
G_620 0.000 -27.649 9.000
F_621 0.000 560.542 9.000
E_622 -16.691 -605.239 7.000
I_623 0.000 777.529 11.000
S_624 -17.098 -90.060 11.000
Q_625 -23.258 -643.904 12.000
G_626 0.000 -27.649 12.000
R_627 -23.856 -1015.709 9.000
L_628 0.000 679.918 5.000
G_629 0.000 -27.649 5.000
P_630 0.000 -195.996 5.000
G_631 0.000 -27.649 5.000
R_632 -19.414 -1015.709 7.000
I_633 0.000 777.529 9.000
H_634 -10.601 -583.484 9.000
H_635 -6.160 -583.484 4.000
C_636 0.000 322.480 9.000
M_637 0.000 401.769 10.000
R_638 -21.845 -1015.709 8.000
T_639 -14.420 -90.974 8.000
V_640 0.000 613.196 8.000
G_641 0.000 -27.649 3.000
L_642 0.000 679.918 4.000
A_643 0.000 185.740 9.000
E_644 -19.866 -605.239 9.000
R_645 -23.856 -1015.709 9.000
A_646 0.000 185.740 13.000
L_647 0.000 679.918 9.000
Q_648 -7.878 -643.904 4.000
I_649 0.000 777.529 4.000
M_650 0.000 401.769 8.000
C_651 0.000 322.480 9.000
E_652 -19.866 -605.239 9.000
R_653 -28.412 -1015.709 12.000
A_654 0.000 185.740 16.000
T_655 -20.609 -90.974 17.000
Q_656 -23.258 -643.904 12.000
R_657 -28.412 -1015.709 12.000
I_658 0.000 777.529 9.000
A_659 0.000 185.740 8.000
F_660 0.000 560.542 6.000
K_661 -15.425 -818.649 9.000
K_662 -15.425 -818.649 9.000
K_663 -17.098 -818.649 11.000
L_664 0.000 679.918 8.000
Y_665 -9.265 -274.939 7.000
A_666 0.000 185.740 8.000
H_667 -9.978 -583.484 8.000
E_668 -14.591 -605.239 6.000
V_669 0.000 613.196 6.000
V_670 0.000 613.196 6.000
A_671 0.000 185.740 3.000
H_672 -4.441 -583.484 3.000
W_673 -2.723 -203.500 3.000
I_674 0.000 777.529 7.000
A_675 0.000 185.740 8.000
E_676 -23.258 -605.239 12.000
S_677 -17.811 -90.060 12.000
R_678 -28.412 -1015.709 12.000
I_679 0.000 777.529 8.000
A_680 0.000 185.740 9.000
I_681 0.000 777.529 7.000
E_682 -16.691 -605.239 7.000
K_683 -17.811 -818.649 12.000
I_684 0.000 777.529 12.000
R_685 -21.845 -1015.709 8.000
L_686 0.000 679.918 8.000
L_687 0.000 679.918 8.000
T_688 -11.867 -90.974 6.000
L_689 0.000 679.918 6.000
K_690 -11.867 -818.649 6.000
A_691 0.000 185.740 5.000
A_692 0.000 185.740 8.000
H_693 -7.426 -583.484 5.000
S_694 -15.425 -90.060 9.000
M_695 0.000 401.769 12.000
D_696 -21.132 -475.402 10.000
T_697 -13.255 -90.974 7.000
L_698 0.000 679.918 10.000
G_699 0.000 -27.649 6.000
S_700 -4.441 -90.060 3.000
A_701 0.000 185.740 3.000
G_702 0.000 -27.649 6.000
A_703 0.000 185.740 6.000
K_704 -16.309 -818.649 10.000
K_705 -16.309 -818.649 10.000
E_706 -21.132 -605.239 10.000
I_707 0.000 777.529 7.000
A_708 0.000 185.740 4.000
M_709 0.000 401.769 3.000
I_710 0.000 777.529 3.000
K_711 -4.441 -818.649 3.000
V_712 0.000 613.196 3.000
A_713 0.000 185.740 3.000
A_714 0.000 185.740 5.000
P_715 0.000 -195.996 5.000
R_716 -11.867 -1015.709 5.000
A_717 0.000 185.740 8.000
V_718 0.000 613.196 11.000
S_719 -11.867 -90.060 6.000
K_720 -11.867 -818.649 6.000
I_721 0.000 777.529 10.000
V_722 0.000 613.196 8.000
D_723 -11.867 -475.402 5.000
W_724 -3.990 -203.500 5.000
A_725 0.000 185.740 9.000
I_726 0.000 777.529 5.000
Q_727 -7.878 -643.904 4.000
V_728 0.000 613.196 4.000
C_729 0.000 322.480 4.000
G_730 0.000 -27.649 0.000
G_731 0.000 -27.649 0.000
A_732 0.000 185.740 0.000
G_733 0.000 -27.649 3.000
V_734 0.000 613.196 7.000
S_735 -17.098 -90.060 11.000
Q_736 -24.169 -643.904 13.000
D_737 -24.169 -475.402 13.000
Y_738 -11.154 -274.939 10.000
P_739 0.000 -195.996 6.000
L_740 0.000 679.918 6.000
A_741 0.000 185.740 4.000
N_742 -14.591 -507.047 6.000
M_743 0.000 401.769 6.000
Y_744 -8.431 -274.939 6.000
A_745 0.000 185.740 5.000
I_746 0.000 777.529 10.000
T_747 -14.420 -90.974 8.000
R_748 -21.845 -1015.709 8.000
V_749 0.000 613.196 13.000
L_750 0.000 679.918 10.000
R_751 -11.867 -1015.709 5.000
L_752 0.000 679.918 9.000
A_753 0.000 185.740 9.000
D_754 -7.878 -475.402 4.000
G_755 0.000 -27.649 8.000
P_756 0.000 -195.996 12.000
D_757 -18.409 -475.402 8.000
E_758 -21.132 -605.239 10.000
V_759 0.000 613.196 10.000
H_760 -10.601 -583.484 9.000
L_761 0.000 679.918 5.000
S_762 -10.149 -90.060 5.000
A_763 0.000 185.740 3.000
I_764 0.000 777.529 6.000
A_765 0.000 185.740 3.000
T_766 -13.255 -90.974 7.000
M_767 0.000 401.769 7.000
E_768 -23.258 -605.239 12.000
L_769 0.000 679.918 13.000
R_770 -33.508 -1015.709 17.000
D_771 -24.169 -475.402 13.000
Q_772 -26.485 -643.904 16.000
A_773 0.000 185.740 16.000
K_774 -17.811 -818.649 12.000
R_775 -27.076 -1015.709 11.000
L_776 0.000 679.918 11.000
T_777 -17.098 -90.974 11.000
A_778 0.000 185.740 6.000
K_779 -11.867 -818.649 6.000
I_780 0.000 777.529 3.000
