M_1 0.000 401.769 3.000
G_2 0.000 -27.649 3.000
K_3 -14.420 -818.649 8.000
V_4 0.000 613.196 8.000
R_5 -21.845 -1015.709 8.000
G_6 0.000 -27.649 10.000
L_7 0.000 679.918 10.000
R_8 -25.574 -1015.709 10.000
A_9 0.000 185.740 10.000
R_10 -28.412 -1015.709 12.000
V_11 0.000 613.196 11.000
H_12 -11.652 -583.484 11.000
Q_13 -14.591 -643.904 6.000
A_14 0.000 185.740 6.000
A_15 0.000 185.740 9.000
V_16 0.000 613.196 5.000
R_17 -21.845 -1015.709 8.000
P_18 0.000 -195.996 8.000
K_19 -17.811 -818.649 12.000
G_20 0.000 -27.649 7.000
E_21 -16.691 -605.239 7.000
A_22 0.000 185.740 4.000
A_23 0.000 185.740 4.000
P_24 0.000 -195.996 0.000
G_25 0.000 -27.649 0.000
P_26 0.000 -195.996 0.000
A_27 0.000 185.740 0.000
P_28 0.000 -195.996 0.000
P_29 0.000 -195.996 0.000
A_30 0.000 185.740 4.000
P_31 0.000 -195.996 4.000
E_32 -16.691 -605.239 7.000
A_33 0.000 185.740 7.000
T_34 -13.255 -90.974 7.000
P_35 0.000 -195.996 3.000
P_36 0.000 -195.996 3.000
P_37 0.000 -195.996 3.000
A_38 0.000 185.740 3.000
S_39 -4.441 -90.060 3.000
A_40 0.000 185.740 3.000
A_41 0.000 185.740 6.000
G_42 0.000 -27.649 7.000
K_43 -14.420 -818.649 8.000
D_44 -18.409 -475.402 8.000
W_45 -5.155 -203.500 8.000
A_46 0.000 185.740 5.000
F_47 0.000 560.542 5.000
I_48 0.000 777.529 7.000
N_49 -22.253 -507.047 11.000
T_50 -17.098 -90.974 11.000
N_51 -22.253 -507.047 11.000
I_52 0.000 777.529 7.000
F_53 0.000 560.542 9.000
A_54 0.000 185.740 8.000
R_55 -27.076 -1015.709 11.000
T_56 -17.098 -90.974 11.000
K_57 -19.613 -818.649 15.000
I_58 0.000 777.529 10.000
D_59 -21.132 -475.402 10.000
P_60 0.000 -195.996 7.000
S_61 -13.255 -90.060 7.000
A_62 0.000 185.740 3.000
L_63 0.000 679.918 7.000
V_64 0.000 613.196 7.000
Q_65 -16.691 -643.904 7.000
K_66 -17.098 -818.649 11.000
L_67 0.000 679.918 11.000
E_68 -22.253 -605.239 11.000
L_69 0.000 679.918 8.000
D_70 -24.169 -475.402 13.000
V_71 0.000 613.196 12.000
R_72 -28.412 -1015.709 12.000
S_73 -17.098 -90.060 11.000
V_74 0.000 613.196 14.000
T_75 -15.425 -90.974 9.000
S_76 -17.098 -90.060 11.000
V_77 0.000 613.196 16.000
R_78 -29.616 -1015.709 13.000
R_79 -30.711 -1015.709 14.000
G_80 0.000 -27.649 14.000
E_81 -19.866 -605.239 9.000
A_82 0.000 185.740 7.000
G_83 0.000 -27.649 10.000
S_84 -11.867 -90.060 6.000
S_85 -17.098 -90.060 11.000
A_86 0.000 185.740 14.000
R_87 -27.076 -1015.709 11.000
S_88 -14.420 -90.060 8.000
V_89 0.000 613.196 11.000
P_90 0.000 -195.996 6.000
S_91 -14.420 -90.060 8.000
I_92 0.000 777.529 13.000
R_93 -29.616 -1015.709 13.000
R_94 -25.574 -1015.709 10.000
G_95 0.000 -27.649 14.000
A_96 0.000 185.740 9.000
E_97 -16.691 -605.239 7.000
A_98 0.000 185.740 10.000
K_99 -16.309 -818.649 10.000
T_100 -11.867 -90.974 6.000
V_101 0.000 613.196 6.000
L_102 0.000 679.918 6.000
P_103 0.000 -195.996 6.000
K_104 -16.309 -818.649 10.000
K_105 -18.462 -818.649 13.000
E_106 -24.169 -605.239 13.000
K_107 -18.462 -818.649 13.000
M_108 0.000 401.769 10.000
K_109 -17.098 -818.649 11.000
L_110 0.000 679.918 13.000
R_111 -33.508 -1015.709 17.000
R_112 -34.315 -1015.709 18.000
E_113 -28.359 -605.239 19.000
Q_114 -25.003 -643.904 14.000
W_115 -6.358 -203.500 13.000
L_116 0.000 679.918 12.000
Q_117 -18.409 -643.904 8.000
K_118 -17.098 -818.649 11.000
I_119 0.000 777.529 11.000
E_120 -16.691 -605.239 7.000
A_121 0.000 185.740 7.000
I_122 0.000 777.529 7.000
K_123 -4.441 -818.649 3.000
L_124 0.000 679.918 7.000
A_125 0.000 185.740 11.000
E_126 -22.253 -605.239 11.000
Q_127 -24.169 -643.904 13.000
K_128 -21.060 -818.649 18.000
H_129 -14.188 -583.484 18.000
R_130 -34.315 -1015.709 18.000
E_131 -28.912 -605.239 20.000
E_132 -30.407 -605.239 23.000
R_133 -37.706 -1015.709 23.000
R_134 -38.285 -1015.709 24.000
R_135 -35.785 -1015.709 20.000
R_136 -34.315 -1015.709 18.000
A_137 0.000 185.740 13.000
T_138 -14.420 -90.974 8.000
V_139 0.000 613.196 3.000
V_140 0.000 613.196 3.000
V_141 0.000 613.196 4.000
G_142 0.000 -27.649 4.000
D_143 -14.591 -475.402 6.000
L_144 0.000 679.918 6.000
H_145 -8.431 -583.484 6.000
P_146 0.000 -195.996 7.000
L_147 0.000 679.918 11.000
R_148 -23.856 -1015.709 9.000
D_149 -19.866 -475.402 9.000
A_150 0.000 185.740 9.000
L_151 0.000 679.918 8.000
P_152 0.000 -195.996 4.000
E_153 -7.878 -605.239 4.000
L_154 0.000 679.918 4.000
L_155 0.000 679.918 4.000
G_156 0.000 -27.649 4.000
L_157 0.000 679.918 4.000
E_158 -7.878 -605.239 4.000
A_159 0.000 185.740 7.000
G_160 0.000 -27.649 12.000
S_161 -18.462 -90.060 13.000
R_162 -33.508 -1015.709 17.000
R_163 -33.508 -1015.709 17.000
Q_164 -28.359 -643.904 19.000
A_165 0.000 185.740 17.000
R_166 -33.508 -1015.709 17.000
S_167 -20.609 -90.060 17.000
R_168 -35.785 -1015.709 20.000
E_169 -28.359 -605.239 19.000
S_170 -21.486 -90.060 19.000
N_171 -25.003 -507.047 14.000
K_172 -19.613 -818.649 15.000
P_173 0.000 -195.996 12.000
R_174 -27.076 -1015.709 11.000
P_175 0.000 -195.996 12.000
S_176 -17.811 -90.060 12.000
E_177 -21.132 -605.239 10.000
L_178 0.000 679.918 15.000
S_179 -17.811 -90.060 12.000
R_180 -27.076 -1015.709 11.000
M_181 0.000 401.769 11.000
S_182 -14.420 -90.060 8.000
A_183 0.000 185.740 7.000
A_184 0.000 185.740 12.000
Q_185 -24.169 -643.904 13.000
R_186 -33.508 -1015.709 17.000
Q_187 -27.150 -643.904 17.000
Q_188 -24.169 -643.904 13.000
L_189 0.000 679.918 12.000
L_190 0.000 679.918 12.000
E_191 -23.258 -605.239 12.000
E_192 -27.150 -605.239 17.000
E_193 -28.912 -605.239 20.000
R_194 -36.459 -1015.709 21.000
T_195 -20.609 -90.974 17.000
R_196 -33.508 -1015.709 17.000
F_197 0.000 560.542 16.000
Q_198 -24.169 -643.904 13.000
E_199 -18.409 -605.239 8.000
L_200 0.000 679.918 8.000
L_201 0.000 679.918 7.000
A_202 0.000 185.740 3.000
S_203 -4.441 -90.060 3.000
P_204 0.000 -195.996 5.000
A_205 0.000 185.740 10.000
Y_206 -9.265 -274.939 7.000
R_207 -25.574 -1015.709 10.000
A_208 0.000 185.740 10.000
S_209 -14.420 -90.060 8.000
P_210 0.000 -195.996 3.000
L_211 0.000 679.918 3.000
V_212 0.000 613.196 0.000
A_213 0.000 185.740 0.000
I_214 0.000 777.529 4.000
G_215 0.000 -27.649 7.000
Q_216 -16.691 -643.904 7.000
T_217 -13.255 -90.974 7.000
L_218 0.000 679.918 12.000
A_219 0.000 185.740 12.000
R_220 -23.856 -1015.709 9.000
Q_221 -24.169 -643.904 13.000
M_222 0.000 401.769 13.000
Q_223 -23.258 -643.904 12.000
L_224 0.000 679.918 12.000
E_225 -23.258 -605.239 12.000
D_226 -18.409 -475.402 8.000
G_227 0.000 -27.649 12.000
G_228 0.000 -27.649 8.000
Q_229 -7.878 -643.904 4.000
L_230 0.000 679.918 4.000
