M_1 0.000 401.769 4.000
A_2 0.000 185.740 7.000
D_3 -16.691 -475.402 7.000
K_4 -13.255 -818.649 7.000
V_5 0.000 613.196 10.000
L_6 0.000 679.918 10.000
K_7 -16.309 -818.649 10.000
E_8 -25.772 -605.239 15.000
K_9 -21.060 -818.649 18.000
R_10 -31.716 -1015.709 15.000
K_11 -17.098 -818.649 11.000
L_12 0.000 679.918 8.000
F_13 0.000 560.542 5.000
I_14 0.000 777.529 5.000
H_15 -7.426 -583.484 5.000
S_16 -10.149 -90.060 5.000
M_17 0.000 401.769 9.000
G_18 0.000 -27.649 7.000
E_19 -16.691 -605.239 7.000
G_20 0.000 -27.649 7.000
T_21 -17.098 -90.974 11.000
I_22 0.000 777.529 7.000
N_23 -16.691 -507.047 7.000
G_24 0.000 -27.649 4.000
L_25 0.000 679.918 8.000
L_26 0.000 679.918 8.000
D_27 -18.409 -475.402 8.000
E_28 -18.409 -605.239 8.000
L_29 0.000 679.918 12.000
L_30 0.000 679.918 11.000
Q_31 -23.258 -643.904 12.000
T_32 -17.811 -90.974 12.000
R_33 -28.412 -1015.709 12.000
V_34 0.000 613.196 12.000
L_35 0.000 679.918 13.000
N_36 -23.258 -507.047 12.000
Q_37 -26.485 -643.904 16.000
E_38 -26.485 -605.239 16.000
E_39 -26.485 -605.239 16.000
M_40 0.000 401.769 15.000
E_41 -22.253 -605.239 11.000
K_42 -16.309 -818.649 10.000
V_43 0.000 613.196 15.000
K_44 -19.613 -818.649 15.000
R_45 -32.645 -1015.709 16.000
E_46 -26.485 -605.239 16.000
N_47 -26.485 -507.047 16.000
A_48 0.000 185.740 11.000
T_49 -13.255 -90.974 7.000
V_50 0.000 613.196 7.000
M_51 0.000 401.769 10.000
D_52 -21.132 -475.402 10.000
K_53 -19.613 -818.649 15.000
T_54 -19.613 -90.974 15.000
R_55 -27.076 -1015.709 11.000
A_56 0.000 185.740 8.000
L_57 0.000 679.918 9.000
I_58 0.000 777.529 7.000
D_59 -16.691 -475.402 7.000
S_60 -13.255 -90.060 7.000
V_61 0.000 613.196 7.000
I_62 0.000 777.529 6.000
P_63 0.000 -195.996 3.000
K_64 -4.441 -818.649 3.000
G_65 0.000 -27.649 7.000
A_66 0.000 185.740 7.000
Q_67 -7.878 -643.904 4.000
A_68 0.000 185.740 8.000
C_69 0.000 322.480 8.000
Q_70 -7.878 -643.904 4.000
I_71 0.000 777.529 4.000
C_72 0.000 322.480 7.000
I_73 0.000 777.529 5.000
T_74 -10.149 -90.974 5.000
Y_75 -7.426 -274.939 5.000
I_76 0.000 777.529 9.000
C_77 0.000 322.480 10.000
E_78 -23.258 -605.239 12.000
E_79 -25.772 -605.239 15.000
D_80 -27.150 -475.402 17.000
S_81 -18.462 -90.060 13.000
Y_82 -10.601 -274.939 9.000
L_83 0.000 679.918 9.000
A_84 0.000 185.740 9.000
E_85 -16.691 -605.239 7.000
T_86 -13.255 -90.974 7.000
L_87 0.000 679.918 7.000
G_88 0.000 -27.649 6.000
L_89 0.000 679.918 3.000
S_90 -4.441 -90.060 3.000
A_91 0.000 185.740 3.000
G_92 0.000 -27.649 3.000
P_93 0.000 -195.996 0.000
I_94 0.000 777.529 0.000
P_95 0.000 -195.996 4.000
G_96 0.000 -27.649 4.000
N_97 -7.878 -507.047 4.000
