M_1 0.000 401.769 4.000
A_2 0.000 185.740 4.000
E_3 -7.878 -605.239 4.000
A_4 0.000 185.740 8.000
A_5 0.000 185.740 8.000
E_6 -18.409 -605.239 8.000
P_7 0.000 -195.996 8.000
E_8 -18.409 -605.239 8.000
G_9 0.000 -27.649 4.000
V_10 0.000 613.196 4.000
A_11 0.000 185.740 0.000
P_12 0.000 -195.996 0.000
G_13 0.000 -27.649 4.000
P_14 0.000 -195.996 4.000
Q_15 -7.878 -643.904 4.000
G_16 0.000 -27.649 4.000
P_17 0.000 -195.996 8.000
P_18 0.000 -195.996 4.000
E_19 -7.878 -605.239 4.000
V_20 0.000 613.196 4.000
P_21 0.000 -195.996 4.000
A_22 0.000 185.740 0.000
P_23 0.000 -195.996 0.000
L_24 0.000 679.918 4.000
A_25 0.000 185.740 9.000
E_26 -19.866 -605.239 9.000
R_27 -23.856 -1015.709 9.000
P_28 0.000 -195.996 13.000
G_29 0.000 -27.649 9.000
E_30 -7.878 -605.239 4.000
P_31 0.000 -195.996 4.000
G_32 0.000 -27.649 4.000
A_33 0.000 185.740 0.000
A_34 0.000 185.740 0.000
G_35 0.000 -27.649 4.000
G_36 0.000 -27.649 4.000
E_37 -18.409 -605.239 8.000
A_38 0.000 185.740 8.000
E_39 -18.409 -605.239 8.000
G_40 0.000 -27.649 8.000
P_41 0.000 -195.996 8.000
E_42 -16.691 -605.239 7.000
G_43 0.000 -27.649 11.000
S_44 -17.098 -90.060 11.000
E_45 -16.691 -605.239 7.000
G_46 0.000 -27.649 11.000
A_47 0.000 185.740 12.000
E_48 -18.409 -605.239 8.000
E_49 -18.409 -605.239 8.000
A_50 0.000 185.740 13.000
P_51 0.000 -195.996 9.000
R_52 -11.867 -1015.709 5.000
G_53 0.000 -27.649 5.000
A_54 0.000 185.740 5.000
A_55 0.000 185.740 0.000
A_56 0.000 185.740 3.000
V_57 0.000 613.196 7.000
K_58 -13.255 -818.649 7.000
E_59 -16.691 -605.239 7.000
A_60 0.000 185.740 7.000
G_61 0.000 -27.649 4.000
G_62 0.000 -27.649 0.000
G_63 0.000 -27.649 0.000
G_64 0.000 -27.649 4.000
P_65 0.000 -195.996 9.000
D_66 -19.866 -475.402 9.000
R_67 -23.856 -1015.709 9.000
G_68 0.000 -27.649 13.000
P_69 0.000 -195.996 9.000
E_70 -18.409 -605.239 8.000
A_71 0.000 185.740 8.000
E_72 -24.169 -605.239 13.000
A_73 0.000 185.740 9.000
R_74 -28.412 -1015.709 12.000
G_75 0.000 -27.649 13.000
T_76 -18.462 -90.974 13.000
R_77 -21.845 -1015.709 8.000
G_78 0.000 -27.649 10.000
A_79 0.000 185.740 7.000
H_80 -8.431 -583.484 6.000
G_81 0.000 -27.649 9.000
E_82 -24.169 -605.239 13.000
T_83 -17.098 -90.974 11.000
E_84 -25.772 -605.239 15.000
A_85 0.000 185.740 15.000
E_86 -23.258 -605.239 12.000
E_87 -18.409 -605.239 8.000
G_88 0.000 -27.649 8.000
A_89 0.000 185.740 8.000
P_90 0.000 -195.996 4.000
E_91 -7.878 -605.239 4.000
G_92 0.000 -27.649 8.000
A_93 0.000 185.740 8.000
E_94 -7.878 -605.239 4.000
V_95 0.000 613.196 8.000
P_96 0.000 -195.996 8.000
Q_97 -7.878 -643.904 4.000
G_98 0.000 -27.649 8.000
G_99 0.000 -27.649 12.000
E_100 -22.253 -605.239 11.000
E_101 -25.003 -605.239 14.000
T_102 -19.059 -90.974 14.000
S_103 -16.309 -90.060 10.000
G_104 0.000 -27.649 10.000
A_105 0.000 185.740 11.000
Q_106 -18.409 -643.904 8.000
Q_107 -23.258 -643.904 12.000
V_108 0.000 613.196 12.000
E_109 -18.409 -605.239 8.000
G_110 0.000 -27.649 7.000
A_111 0.000 185.740 7.000
S_112 -4.441 -90.060 3.000
P_113 0.000 -195.996 8.000
G_114 0.000 -27.649 8.000
R_115 -11.867 -1015.709 5.000
G_116 0.000 -27.649 9.000
A_117 0.000 185.740 9.000
Q_118 -18.409 -643.904 8.000
G_119 0.000 -27.649 8.000
E_120 -24.169 -605.239 13.000
P_121 0.000 -195.996 9.000
R_122 -29.616 -1015.709 13.000
G_123 0.000 -27.649 9.000
E_124 -24.169 -605.239 13.000
A_125 0.000 185.740 13.000
Q_126 -27.150 -643.904 17.000
R_127 -29.616 -1015.709 13.000
E_128 -27.150 -605.239 17.000
P_129 0.000 -195.996 17.000
E_130 -25.772 -605.239 15.000
D_131 -22.253 -475.402 11.000
S_132 -17.098 -90.060 11.000
A_133 0.000 185.740 7.000
A_134 0.000 185.740 7.000
P_135 0.000 -195.996 9.000
E_136 -24.169 -605.239 13.000
R_137 -33.508 -1015.709 17.000
Q_138 -29.436 -643.904 21.000
E_139 -27.150 -605.239 17.000
E_140 -26.485 -605.239 16.000
A_141 0.000 185.740 16.000
E_142 -27.150 -605.239 17.000
Q_143 -24.169 -643.904 13.000
R_144 -33.508 -1015.709 17.000
P_145 0.000 -195.996 13.000
E_146 -19.866 -605.239 9.000
V_147 0.000 613.196 8.000
P_148 0.000 -195.996 8.000
E_149 -16.691 -605.239 7.000
G_150 0.000 -27.649 7.000
S_151 -16.309 -90.060 10.000
A_152 0.000 185.740 6.000
S_153 -16.309 -90.060 10.000
G_154 0.000 -27.649 7.000
E_155 -16.691 -605.239 7.000
A_156 0.000 185.740 8.000
G_157 0.000 -27.649 11.000
D_158 -16.691 -475.402 7.000
S_159 -17.098 -90.060 11.000
V_160 0.000 613.196 11.000
D_161 -22.253 -475.402 11.000
A_162 0.000 185.740 8.000
E_163 -18.409 -605.239 8.000
G_164 0.000 -27.649 4.000
P_165 0.000 -195.996 4.000
L_166 0.000 679.918 4.000
G_167 0.000 -27.649 8.000
D_168 -18.409 -475.402 8.000
N_169 -23.258 -507.047 12.000
I_170 0.000 777.529 12.000
E_171 -23.258 -605.239 12.000
A_172 0.000 185.740 8.000
E_173 -18.409 -605.239 8.000
G_174 0.000 -27.649 4.000
P_175 0.000 -195.996 4.000
A_176 0.000 185.740 4.000
G_177 0.000 -27.649 7.000
D_178 -16.691 -475.402 7.000
S_179 -17.098 -90.060 11.000
V_180 0.000 613.196 11.000
E_181 -22.253 -605.239 11.000
A_182 0.000 185.740 8.000
E_183 -24.169 -605.239 13.000
G_184 0.000 -27.649 9.000
R_185 -23.856 -1015.709 9.000
V_186 0.000 613.196 9.000
G_187 0.000 -27.649 12.000
D_188 -16.691 -475.402 7.000
S_189 -17.098 -90.060 11.000
V_190 0.000 613.196 11.000
D_191 -22.253 -475.402 11.000
A_192 0.000 185.740 8.000
E_193 -18.409 -605.239 8.000
G_194 0.000 -27.649 4.000
P_195 0.000 -195.996 4.000
A_196 0.000 185.740 4.000
G_197 0.000 -27.649 7.000
D_198 -16.691 -475.402 7.000
S_199 -17.098 -90.060 11.000
V_200 0.000 613.196 11.000
D_201 -22.253 -475.402 11.000
A_202 0.000 185.740 8.000
E_203 -18.409 -605.239 8.000
G_204 0.000 -27.649 4.000
P_205 0.000 -195.996 4.000
L_206 0.000 679.918 4.000
G_207 0.000 -27.649 8.000
D_208 -18.409 -475.402 8.000
N_209 -23.258 -507.047 12.000
I_210 0.000 777.529 12.000
Q_211 -23.258 -643.904 12.000
A_212 0.000 185.740 8.000
E_213 -18.409 -605.239 8.000
G_214 0.000 -27.649 4.000
P_215 0.000 -195.996 4.000
A_216 0.000 185.740 4.000
G_217 0.000 -27.649 7.000
D_218 -16.691 -475.402 7.000
S_219 -17.098 -90.060 11.000
V_220 0.000 613.196 11.000
D_221 -22.253 -475.402 11.000
A_222 0.000 185.740 8.000
E_223 -24.169 -605.239 13.000
G_224 0.000 -27.649 9.000
R_225 -23.856 -1015.709 9.000
V_226 0.000 613.196 9.000
G_227 0.000 -27.649 12.000
D_228 -16.691 -475.402 7.000
S_229 -17.098 -90.060 11.000
V_230 0.000 613.196 11.000
D_231 -22.253 -475.402 11.000
A_232 0.000 185.740 8.000
E_233 -18.409 -605.239 8.000
G_234 0.000 -27.649 4.000
P_235 0.000 -195.996 4.000
A_236 0.000 185.740 4.000
G_237 0.000 -27.649 7.000
D_238 -16.691 -475.402 7.000
S_239 -17.098 -90.060 11.000
V_240 0.000 613.196 11.000
D_241 -22.253 -475.402 11.000
A_242 0.000 185.740 8.000
E_243 -24.169 -605.239 13.000
G_244 0.000 -27.649 9.000
R_245 -23.856 -1015.709 9.000
V_246 0.000 613.196 9.000
G_247 0.000 -27.649 12.000
D_248 -16.691 -475.402 7.000
S_249 -17.098 -90.060 11.000
V_250 0.000 613.196 11.000
E_251 -16.691 -605.239 7.000
A_252 0.000 185.740 8.000
G_253 0.000 -27.649 8.000
D_254 -7.878 -475.402 4.000
P_255 0.000 -195.996 4.000
A_256 0.000 185.740 8.000
G_257 0.000 -27.649 4.000
D_258 -7.878 -475.402 4.000
G_259 0.000 -27.649 8.000
V_260 0.000 613.196 8.000
E_261 -7.878 -605.239 4.000
A_262 0.000 185.740 4.000
G_263 0.000 -27.649 4.000
V_264 0.000 613.196 0.000
P_265 0.000 -195.996 0.000
A_266 0.000 185.740 4.000
G_267 0.000 -27.649 7.000
D_268 -16.691 -475.402 7.000
S_269 -17.098 -90.060 11.000
V_270 0.000 613.196 11.000
E_271 -22.253 -605.239 11.000
A_272 0.000 185.740 8.000
E_273 -18.409 -605.239 8.000
G_274 0.000 -27.649 4.000
P_275 0.000 -195.996 4.000
A_276 0.000 185.740 4.000
G_277 0.000 -27.649 7.000
D_278 -16.691 -475.402 7.000
S_279 -17.098 -90.060 11.000
M_280 0.000 401.769 11.000
D_281 -22.253 -475.402 11.000
A_282 0.000 185.740 8.000
E_283 -18.409 -605.239 8.000
G_284 0.000 -27.649 4.000
P_285 0.000 -195.996 4.000
A_286 0.000 185.740 5.000
G_287 0.000 -27.649 5.000
R_288 -25.574 -1015.709 10.000
A_289 0.000 185.740 15.000
R_290 -31.716 -1015.709 15.000
R_291 -29.616 -1015.709 13.000
V_292 0.000 613.196 13.000
S_293 -17.811 -90.060 12.000
G_294 0.000 -27.649 7.000
E_295 -22.253 -605.239 11.000
P_296 0.000 -195.996 12.000
Q_297 -25.772 -643.904 15.000
Q_298 -22.253 -643.904 11.000
S_299 -19.613 -90.060 15.000
G_300 0.000 -27.649 11.000
D_301 -21.132 -475.402 10.000
G_302 0.000 -27.649 7.000
S_303 -16.309 -90.060 10.000
L_304 0.000 679.918 6.000
S_305 -16.309 -90.060 10.000
P_306 0.000 -195.996 7.000
Q_307 -22.253 -643.904 11.000
A_308 0.000 185.740 8.000
E_309 -18.409 -605.239 8.000
A_310 0.000 185.740 8.000
I_311 0.000 777.529 8.000
E_312 -7.878 -605.239 4.000
V_313 0.000 613.196 4.000
A_314 0.000 185.740 4.000
A_315 0.000 185.740 4.000
G_316 0.000 -27.649 7.000
E_317 -16.691 -605.239 7.000
S_318 -13.255 -90.060 7.000
A_319 0.000 185.740 12.000
G_320 0.000 -27.649 11.000
R_321 -21.845 -1015.709 8.000
S_322 -14.420 -90.060 8.000
P_323 0.000 -195.996 12.000
G_324 0.000 -27.649 7.000
E_325 -7.878 -605.239 4.000
L_326 0.000 679.918 5.000
A_327 0.000 185.740 9.000
W_328 -3.990 -203.500 5.000
D_329 -11.867 -475.402 5.000
A_330 0.000 185.740 9.000
A_331 0.000 185.740 12.000
E_332 -18.409 -605.239 8.000
E_333 -23.258 -605.239 12.000
A_334 0.000 185.740 12.000
E_335 -18.409 -605.239 8.000
V_336 0.000 613.196 4.000
P_337 0.000 -195.996 4.000
G_338 0.000 -27.649 3.000
V_339 0.000 613.196 3.000
K_340 -11.867 -818.649 6.000
G_341 0.000 -27.649 10.000
S_342 -19.059 -90.060 14.000
E_343 -22.253 -605.239 11.000
E_344 -22.253 -605.239 11.000
A_345 0.000 185.740 8.000
A_346 0.000 185.740 4.000
P_347 0.000 -195.996 4.000
G_348 0.000 -27.649 4.000
D_349 -19.866 -475.402 9.000
A_350 0.000 185.740 9.000
R_351 -29.616 -1015.709 13.000
A_352 0.000 185.740 9.000
D_353 -19.866 -475.402 9.000
A_354 0.000 185.740 8.000
G_355 0.000 -27.649 12.000
E_356 -24.169 -605.239 13.000
D_357 -24.169 -475.402 13.000
R_358 -29.616 -1015.709 13.000
V_359 0.000 613.196 13.000
G_360 0.000 -27.649 9.000
D_361 -7.878 -475.402 4.000
G_362 0.000 -27.649 8.000
P_363 0.000 -195.996 12.000
Q_364 -23.258 -643.904 12.000
Q_365 -23.258 -643.904 12.000
E_366 -23.258 -605.239 12.000
P_367 0.000 -195.996 12.000
G_368 0.000 -27.649 12.000
E_369 -23.258 -605.239 12.000
D_370 -26.485 -475.402 16.000
E_371 -29.436 -605.239 21.000
E_372 -29.934 -605.239 22.000
R_373 -37.098 -1015.709 22.000
R_374 -37.706 -1015.709 23.000
E_375 -29.934 -605.239 22.000
R_376 -33.508 -1015.709 17.000
S_377 -20.127 -90.060 16.000
P_378 0.000 -195.996 12.000
E_379 -16.691 -605.239 7.000
G_380 0.000 -27.649 9.000
P_381 0.000 -195.996 13.000
R_382 -29.616 -1015.709 13.000
E_383 -27.150 -605.239 17.000
E_384 -27.150 -605.239 17.000
E_385 -23.258 -605.239 12.000
A_386 0.000 185.740 8.000
A_387 0.000 185.740 4.000
G_388 0.000 -27.649 4.000
G_389 0.000 -27.649 8.000
E_390 -23.258 -605.239 12.000
E_391 -25.772 -605.239 15.000
E_392 -25.772 -605.239 15.000
S_393 -19.613 -90.060 15.000
P_394 0.000 -195.996 14.000
D_395 -24.169 -475.402 13.000
S_396 -16.309 -90.060 10.000
S_397 -17.811 -90.060 12.000
P_398 0.000 -195.996 8.000
H_399 -10.601 -583.484 9.000
G_400 0.000 -27.649 6.000
E_401 -19.866 -605.239 9.000
A_402 0.000 185.740 12.000
S_403 -17.811 -90.060 12.000
R_404 -21.845 -1015.709 8.000
G_405 0.000 -27.649 8.000
A_406 0.000 185.740 9.000
A_407 0.000 185.740 4.000
E_408 -18.409 -605.239 8.000
P_409 0.000 -195.996 8.000
E_410 -23.258 -605.239 12.000
A_411 0.000 185.740 8.000
Q_412 -22.253 -643.904 11.000
L_413 0.000 679.918 11.000
S_414 -18.462 -90.060 13.000
N_415 -19.866 -507.047 9.000
H_416 -10.601 -583.484 9.000
L_417 0.000 679.918 10.000
A_418 0.000 185.740 10.000
E_419 -18.409 -605.239 8.000
E_420 -18.409 -605.239 8.000
G_421 0.000 -27.649 8.000
P_422 0.000 -195.996 8.000
A_423 0.000 185.740 4.000
E_424 -16.691 -605.239 7.000
G_425 0.000 -27.649 7.000
S_426 -17.098 -90.060 11.000
G_427 0.000 -27.649 7.000
E_428 -16.691 -605.239 7.000
A_429 0.000 185.740 9.000
A_430 0.000 185.740 9.000
R_431 -23.856 -1015.709 9.000
V_432 0.000 613.196 9.000
N_433 -25.003 -507.047 14.000
G_434 0.000 -27.649 14.000
R_435 -34.315 -1015.709 18.000
R_436 -34.315 -1015.709 18.000
E_437 -27.773 -605.239 18.000
D_438 -27.150 -475.402 17.000
G_439 0.000 -27.649 12.000
E_440 -22.253 -605.239 11.000
A_441 0.000 185.740 11.000
S_442 -17.098 -90.060 11.000
E_443 -23.258 -605.239 12.000
P_444 0.000 -195.996 12.000
R_445 -23.856 -1015.709 9.000
A_446 0.000 185.740 5.000
L_447 0.000 679.918 9.000
G_448 0.000 -27.649 8.000
Q_449 -21.132 -643.904 10.000
E_450 -25.003 -605.239 14.000
H_451 -12.900 -583.484 14.000
D_452 -24.169 -475.402 13.000
I_453 0.000 777.529 9.000
T_454 -13.255 -90.974 7.000
L_455 0.000 679.918 3.000
F_456 0.000 560.542 6.000
V_457 0.000 613.196 3.000
K_458 -4.441 -818.649 3.000
A_459 0.000 185.740 5.000
G_460 0.000 -27.649 9.000
Y_461 -8.431 -274.939 6.000
D_462 -21.132 -475.402 10.000
G_463 0.000 -27.649 13.000
E_464 -22.253 -605.239 11.000
S_465 -13.255 -90.060 7.000
I_466 0.000 777.529 11.000
G_467 0.000 -27.649 7.000
N_468 -7.878 -507.047 4.000
C_469 0.000 322.480 4.000
P_470 0.000 -195.996 7.000
F_471 0.000 560.542 7.000
S_472 -17.811 -90.060 12.000
Q_473 -23.258 -643.904 12.000
R_474 -28.412 -1015.709 12.000
L_475 0.000 679.918 9.000
F_476 0.000 560.542 5.000
M_477 0.000 401.769 0.000
I_478 0.000 777.529 1.000
L_479 0.000 679.918 1.000
W_480 -3.436 -203.500 4.000
L_481 0.000 679.918 4.000
K_482 -7.878 -818.649 4.000
G_483 0.000 -27.649 3.000
V_484 0.000 613.196 3.000
I_485 0.000 777.529 4.000
F_486 0.000 560.542 4.000
N_487 -16.691 -507.047 7.000
V_488 0.000 613.196 10.000
T_489 -16.309 -90.974 10.000
T_490 -16.309 -90.974 10.000
V_491 0.000 613.196 10.000
D_492 -21.132 -475.402 10.000
L_493 0.000 679.918 12.000
K_494 -19.613 -818.649 15.000
R_495 -27.076 -1015.709 11.000
K_496 -17.098 -818.649 11.000
P_497 0.000 -195.996 12.000
A_498 0.000 185.740 7.000
D_499 -18.409 -475.402 8.000
L_500 0.000 679.918 12.000
Q_501 -23.258 -643.904 12.000
N_502 -18.409 -507.047 8.000
L_503 0.000 679.918 8.000
A_504 0.000 185.740 4.000
P_505 0.000 -195.996 3.000
G_506 0.000 -27.649 7.000
T_507 -13.255 -90.974 7.000
N_508 -16.691 -507.047 7.000
P_509 0.000 -195.996 7.000
P_510 0.000 -195.996 4.000
F_511 0.000 560.542 3.000
M_512 0.000 401.769 3.000
T_513 -13.255 -90.974 7.000
F_514 0.000 560.542 7.000
D_515 -22.253 -475.402 11.000
G_516 0.000 -27.649 8.000
E_517 -22.253 -605.239 11.000
V_518 0.000 613.196 10.000
K_519 -19.059 -818.649 14.000
T_520 -16.309 -90.974 10.000
D_521 -25.003 -475.402 14.000
V_522 0.000 613.196 14.000
N_523 -22.253 -507.047 11.000
K_524 -17.098 -818.649 11.000
I_525 0.000 777.529 15.000
E_526 -22.253 -605.239 11.000
E_527 -18.409 -605.239 8.000
F_528 0.000 560.542 12.000
L_529 0.000 679.918 12.000
E_530 -22.253 -605.239 11.000
E_531 -22.253 -605.239 11.000
K_532 -17.098 -818.649 11.000
L_533 0.000 679.918 7.000
A_534 0.000 185.740 3.000
P_535 0.000 -195.996 5.000
P_536 0.000 -195.996 7.000
R_537 -19.414 -1015.709 7.000
Y_538 -11.154 -274.939 10.000
P_539 0.000 -195.996 10.000
K_540 -10.149 -818.649 5.000
L_541 0.000 679.918 6.000
G_542 0.000 -27.649 10.000
T_543 -15.425 -90.974 9.000
Q_544 -19.866 -643.904 9.000
H_545 -12.518 -583.484 13.000
P_546 0.000 -195.996 13.000
E_547 -24.169 -605.239 13.000
S_548 -19.059 -90.060 14.000
N_549 -25.003 -507.047 14.000
S_550 -16.309 -90.060 10.000
A_551 0.000 185.740 11.000
G_552 0.000 -27.649 11.000
N_553 -18.409 -507.047 8.000
D_554 -18.409 -475.402 8.000
V_555 0.000 613.196 8.000
F_556 0.000 560.542 7.000
A_557 0.000 185.740 3.000
K_558 -11.867 -818.649 6.000
F_559 0.000 560.542 6.000
S_560 -11.867 -90.060 6.000
A_561 0.000 185.740 3.000
F_562 0.000 560.542 6.000
I_563 0.000 777.529 7.000
K_564 -16.309 -818.649 10.000
N_565 -24.169 -507.047 13.000
T_566 -20.127 -90.974 16.000
K_567 -20.609 -818.649 17.000
K_568 -18.462 -818.649 13.000
D_569 -25.003 -475.402 14.000
A_570 0.000 185.740 15.000
N_571 -23.258 -507.047 12.000
E_572 -21.132 -605.239 10.000
I_573 0.000 777.529 14.000
H_574 -12.518 -583.484 13.000
E_575 -24.169 -605.239 13.000
K_576 -18.462 -818.649 13.000
N_577 -22.253 -507.047 11.000
L_578 0.000 679.918 10.000
L_579 0.000 679.918 7.000
K_580 -4.441 -818.649 3.000
A_581 0.000 185.740 8.000
L_582 0.000 679.918 11.000
R_583 -21.845 -1015.709 8.000
K_584 -17.811 -818.649 12.000
L_585 0.000 679.918 16.000
D_586 -24.169 -475.402 13.000
N_587 -21.132 -507.047 10.000
Y_588 -12.900 -274.939 14.000
L_589 0.000 679.918 13.000
N_590 -19.866 -507.047 9.000
S_591 -13.255 -90.060 7.000
P_592 0.000 -195.996 7.000
L_593 0.000 679.918 7.000
P_594 0.000 -195.996 8.000
D_595 -18.409 -475.402 8.000
E_596 -23.258 -605.239 12.000
I_597 0.000 777.529 12.000
D_598 -21.132 -475.402 10.000
A_599 0.000 185.740 9.000
Y_600 -12.104 -274.939 12.000
S_601 -17.811 -90.060 12.000
T_602 -20.127 -90.974 16.000
E_603 -25.003 -605.239 14.000
D_604 -25.003 -475.402 14.000
V_605 0.000 613.196 11.000
T_606 -16.309 -90.974 10.000
V_607 0.000 613.196 6.000
S_608 -17.098 -90.060 11.000
G_609 0.000 -27.649 11.000
R_610 -27.076 -1015.709 11.000
K_611 -14.420 -818.649 8.000
F_612 0.000 560.542 12.000
L_613 0.000 679.918 7.000
D_614 -18.409 -475.402 8.000
G_615 0.000 -27.649 12.000
D_616 -23.258 -475.402 12.000
E_617 -22.253 -605.239 11.000
L_618 0.000 679.918 11.000
T_619 -13.255 -90.974 7.000
L_620 0.000 679.918 7.000
A_621 0.000 185.740 7.000
D_622 -18.409 -475.402 8.000
C_623 0.000 322.480 8.000
N_624 -18.409 -507.047 8.000
L_625 0.000 679.918 4.000
L_626 0.000 679.918 7.000
P_627 0.000 -195.996 3.000
K_628 -10.149 -818.649 5.000
L_629 0.000 679.918 5.000
H_630 -7.426 -583.484 5.000
I_631 0.000 777.529 5.000
I_632 0.000 777.529 5.000
K_633 -4.441 -818.649 3.000
I_634 0.000 777.529 3.000
V_635 0.000 613.196 6.000
A_636 0.000 185.740 6.000
K_637 -14.420 -818.649 8.000
K_638 -18.462 -818.649 13.000
Y_639 -13.896 -274.939 17.000
R_640 -30.711 -1015.709 14.000
D_641 -25.772 -475.402 15.000
F_642 0.000 560.542 13.000
E_643 -18.409 -605.239 8.000
F_644 0.000 560.542 7.000
P_645 0.000 -195.996 11.000
S_646 -13.255 -90.060 7.000
E_647 -21.132 -605.239 10.000
M_648 0.000 401.769 10.000
T_649 -13.255 -90.974 7.000
G_650 0.000 -27.649 4.000
I_651 0.000 777.529 9.000
W_652 -5.155 -203.500 8.000
R_653 -21.845 -1015.709 8.000
Y_654 -12.104 -274.939 12.000
L_655 0.000 679.918 15.000
N_656 -21.132 -507.047 10.000
N_657 -21.132 -507.047 10.000
A_658 0.000 185.740 10.000
Y_659 -11.652 -274.939 11.000
A_660 0.000 185.740 11.000
R_661 -31.716 -1015.709 15.000
D_662 -24.169 -475.402 13.000
E_663 -26.485 -605.239 16.000
F_664 0.000 560.542 15.000
T_665 -19.059 -90.974 14.000
N_666 -21.132 -507.047 10.000
T_667 -16.309 -90.974 10.000
C_668 0.000 322.480 7.000
P_669 0.000 -195.996 7.000
A_670 0.000 185.740 8.000
D_671 -23.258 -475.402 12.000
Q_672 -23.258 -643.904 12.000
E_673 -26.485 -605.239 16.000
I_674 0.000 777.529 14.000
E_675 -21.132 -605.239 10.000
H_676 -9.978 -583.484 8.000
A_677 0.000 185.740 11.000
Y_678 -11.652 -274.939 11.000
S_679 -15.425 -90.060 9.000
D_680 -19.866 -475.402 9.000
V_681 0.000 613.196 10.000
A_682 0.000 185.740 12.000
K_683 -14.420 -818.649 8.000
R_684 -27.076 -1015.709 11.000
M_685 0.000 401.769 11.000
K_686 -14.420 -818.649 8.000
