M_1 0.000 401.769 0.000
L_2 0.000 679.918 0.000
L_3 0.000 679.918 0.000
F_4 0.000 560.542 4.000
V_5 0.000 613.196 8.000
E_6 -18.409 -605.239 8.000
Q_7 -18.409 -643.904 8.000
V_8 0.000 613.196 11.000
A_9 0.000 185.740 10.000
S_10 -11.867 -90.060 6.000
K_11 -15.425 -818.649 9.000
G_12 0.000 -27.649 9.000
T_13 -11.867 -90.974 6.000
G_14 0.000 -27.649 7.000
L_15 0.000 679.918 7.000
N_16 -18.409 -507.047 8.000
P_17 0.000 -195.996 8.000
N_18 -22.253 -507.047 11.000
A_19 0.000 185.740 7.000
K_20 -14.420 -818.649 8.000
V_21 0.000 613.196 8.000
W_22 -6.160 -203.500 12.000
Q_23 -19.866 -643.904 9.000
E_24 -19.866 -605.239 9.000
I_25 0.000 777.529 8.000
A_26 0.000 185.740 4.000
P_27 0.000 -195.996 4.000
G_28 0.000 -27.649 7.000
N_29 -22.253 -507.047 11.000
T_30 -17.098 -90.974 11.000
D_31 -25.003 -475.402 14.000
A_32 0.000 185.740 10.000
T_33 -13.255 -90.974 7.000
P_34 0.000 -195.996 6.000
V_35 0.000 613.196 8.000
T_36 -10.149 -90.974 5.000
H_37 -9.978 -583.484 8.000
G_38 0.000 -27.649 12.000
T_39 -17.811 -90.974 12.000
E_40 -24.169 -605.239 13.000
S_41 -19.059 -90.060 14.000
S_42 -18.462 -90.060 13.000
W_43 -6.358 -203.500 13.000
H_44 -11.154 -583.484 10.000
E_45 -16.691 -605.239 7.000
I_46 0.000 777.529 6.000
A_47 0.000 185.740 7.000
A_48 0.000 185.740 6.000
T_49 -11.867 -90.974 6.000
S_50 -11.867 -90.060 6.000
G_51 0.000 -27.649 8.000
A_52 0.000 185.740 5.000
H_53 -8.431 -583.484 6.000
P_54 0.000 -195.996 6.000
E_55 -21.132 -605.239 10.000
G_56 0.000 -27.649 8.000
N_57 -23.258 -507.047 12.000
A_58 0.000 185.740 8.000
E_59 -22.253 -605.239 11.000
L_60 0.000 679.918 11.000
S_61 -19.613 -90.060 15.000
E_62 -22.253 -605.239 11.000
D_63 -22.253 -475.402 11.000
I_64 0.000 777.529 11.000
C_65 0.000 322.480 11.000
K_66 -15.425 -818.649 9.000
E_67 -24.169 -605.239 13.000
Y_68 -12.518 -274.939 13.000
E_69 -21.132 -605.239 10.000
V_70 0.000 613.196 8.000
M_71 0.000 401.769 9.000
Y_72 -9.978 -274.939 8.000
S_73 -17.098 -90.060 11.000
S_74 -17.098 -90.060 11.000
S_75 -18.462 -90.060 13.000
C_76 0.000 322.480 13.000
E_77 -24.169 -605.239 13.000
T_78 -19.613 -90.974 15.000
T_79 -21.486 -90.974 19.000
R_80 -34.315 -1015.709 18.000
N_81 -27.773 -507.047 18.000
T_82 -19.613 -90.974 15.000
T_83 -16.309 -90.974 10.000
G_84 0.000 -27.649 10.000
I_85 0.000 777.529 11.000
E_86 -22.253 -605.239 11.000
E_87 -25.003 -605.239 14.000
S_88 -21.060 -90.060 18.000
T_89 -19.059 -90.974 14.000
D_90 -21.132 -475.402 10.000
G_91 0.000 -27.649 7.000
M_92 0.000 401.769 4.000
I_93 0.000 777.529 0.000
L_94 0.000 679.918 0.000
G_95 0.000 -27.649 4.000
P_96 0.000 -195.996 8.000
E_97 -18.409 -605.239 8.000
D_98 -22.253 -475.402 11.000
L_99 0.000 679.918 13.000
S_100 -18.462 -90.060 13.000
Y_101 -10.601 -274.939 9.000
Q_102 -22.253 -643.904 11.000
I_103 0.000 777.529 12.000
Y_104 -11.154 -274.939 10.000
D_105 -19.866 -475.402 9.000
V_106 0.000 613.196 9.000
S_107 -17.098 -90.060 11.000
G_108 0.000 -27.649 10.000
E_109 -25.003 -605.239 14.000
S_110 -19.059 -90.060 14.000
N_111 -25.003 -507.047 14.000
S_112 -16.309 -90.060 10.000
A_113 0.000 185.740 10.000
V_114 0.000 613.196 9.000
S_115 -16.309 -90.060 10.000
T_116 -19.059 -90.974 14.000
E_117 -25.003 -605.239 14.000
D_118 -25.003 -475.402 14.000
L_119 0.000 679.918 15.000
K_120 -17.098 -818.649 11.000
E_121 -16.691 -605.239 7.000
C_122 0.000 322.480 10.000
L_123 0.000 679.918 10.000
K_124 -16.309 -818.649 10.000
K_125 -16.309 -818.649 10.000
Q_126 -25.003 -643.904 14.000
L_127 0.000 679.918 11.000
E_128 -18.409 -605.239 8.000
F_129 0.000 560.542 4.000
C_130 0.000 322.480 7.000
F_131 0.000 560.542 8.000
S_132 -17.811 -90.060 12.000
R_133 -32.645 -1015.709 16.000
E_134 -26.485 -605.239 16.000
N_135 -26.485 -507.047 16.000
L_136 0.000 679.918 14.000
S_137 -19.059 -90.060 14.000
K_138 -16.309 -818.649 10.000
D_139 -23.258 -475.402 12.000
L_140 0.000 679.918 9.000
Y_141 -8.431 -274.939 6.000
L_142 0.000 679.918 5.000
I_143 0.000 777.529 9.000
S_144 -13.255 -90.060 7.000
Q_145 -22.253 -643.904 11.000
M_146 0.000 401.769 14.000
D_147 -25.772 -475.402 15.000
S_148 -19.613 -90.060 15.000
D_149 -25.772 -475.402 15.000
Q_150 -22.253 -643.904 11.000
F_151 0.000 560.542 8.000
I_152 0.000 777.529 4.000
P_153 0.000 -195.996 1.000
I_154 0.000 777.529 4.000
W_155 -3.436 -203.500 4.000
T_156 -7.878 -90.974 4.000
V_157 0.000 613.196 8.000
A_158 0.000 185.740 7.000
N_159 -18.409 -507.047 8.000
M_160 0.000 401.769 12.000
E_161 -23.258 -605.239 12.000
E_162 -22.253 -605.239 11.000
I_163 0.000 777.529 14.000
K_164 -16.309 -818.649 10.000
K_165 -15.425 -818.649 9.000
L_166 0.000 679.918 12.000
T_167 -18.462 -90.974 13.000
T_168 -16.309 -90.974 10.000
D_169 -25.003 -475.402 14.000
P_170 0.000 -195.996 11.000
D_171 -18.409 -475.402 8.000
L_172 0.000 679.918 4.000
I_173 0.000 777.529 8.000
L_174 0.000 679.918 4.000
E_175 -7.878 -605.239 4.000
V_176 0.000 613.196 9.000
L_177 0.000 679.918 12.000
R_178 -27.076 -1015.709 11.000
S_179 -17.098 -90.060 11.000
S_180 -17.098 -90.060 11.000
P_181 0.000 -195.996 6.000
M_182 0.000 401.769 7.000
V_183 0.000 613.196 4.000
Q_184 -18.409 -643.904 8.000
V_185 0.000 613.196 12.000
D_186 -25.772 -475.402 15.000
E_187 -22.253 -605.239 11.000
K_188 -19.613 -818.649 15.000
G_189 0.000 -27.649 14.000
E_190 -21.132 -605.239 10.000
K_191 -17.811 -818.649 12.000
V_192 0.000 613.196 12.000
R_193 -27.076 -1015.709 11.000
P_194 0.000 -195.996 10.000
S_195 -18.462 -90.060 13.000
H_196 -12.518 -583.484 13.000
K_197 -18.462 -818.649 13.000
R_198 -25.574 -1015.709 10.000
C_199 0.000 322.480 8.000
I_200 0.000 777.529 5.000
V_201 0.000 613.196 0.000
I_202 0.000 777.529 5.000
L_203 0.000 679.918 9.000
R_204 -23.856 -1015.709 9.000
E_205 -19.866 -605.239 9.000
I_206 0.000 777.529 13.000
P_207 0.000 -195.996 11.000
E_208 -21.132 -605.239 10.000
T_209 -16.309 -90.974 10.000
T_210 -16.309 -90.974 10.000
P_211 0.000 -195.996 10.000
I_212 0.000 777.529 11.000
E_213 -18.409 -605.239 8.000
E_214 -22.253 -605.239 11.000
V_215 0.000 613.196 11.000
K_216 -13.255 -818.649 7.000
G_217 0.000 -27.649 3.000
L_218 0.000 679.918 6.000
F_219 0.000 560.542 6.000
K_220 -16.309 -818.649 10.000
S_221 -19.059 -90.060 14.000
E_222 -25.003 -605.239 14.000
N_223 -22.253 -507.047 11.000
C_224 0.000 322.480 11.000
P_225 0.000 -195.996 7.000
K_226 -4.441 -818.649 3.000
V_227 0.000 613.196 6.000
I_228 0.000 777.529 6.000
S_229 -13.255 -90.060 7.000
C_230 0.000 322.480 7.000
E_231 -16.691 -605.239 7.000
F_232 0.000 560.542 6.000
A_233 0.000 185.740 10.000
H_234 -10.601 -583.484 9.000
N_235 -24.169 -507.047 13.000
S_236 -19.059 -90.060 14.000
N_237 -25.003 -507.047 14.000
W_238 -5.708 -203.500 10.000
Y_239 -11.154 -274.939 10.000
I_240 0.000 777.529 6.000
T_241 -15.425 -90.974 9.000
F_242 0.000 560.542 10.000
Q_243 -25.003 -643.904 14.000
S_244 -19.059 -90.060 14.000
D_245 -27.773 -475.402 18.000
T_246 -19.059 -90.974 14.000
D_247 -25.772 -475.402 15.000
A_248 0.000 185.740 15.000
Q_249 -23.258 -643.904 12.000
Q_250 -18.409 -643.904 8.000
A_251 0.000 185.740 11.000
F_252 0.000 560.542 9.000
K_253 -10.149 -818.649 5.000
Y_254 -11.154 -274.939 10.000
L_255 0.000 679.918 14.000
R_256 -31.716 -1015.709 15.000
E_257 -24.169 -605.239 13.000
E_258 -26.485 -605.239 16.000
V_259 0.000 613.196 14.000
K_260 -16.309 -818.649 10.000
T_261 -16.309 -90.974 10.000
F_262 0.000 560.542 10.000
Q_263 -21.132 -643.904 10.000
G_264 0.000 -27.649 7.000
K_265 -13.255 -818.649 7.000
P_266 0.000 -195.996 3.000
I_267 0.000 777.529 3.000
M_268 0.000 401.769 5.000
A_269 0.000 185.740 5.000
R_270 -21.845 -1015.709 8.000
I_271 0.000 777.529 8.000
K_272 -14.420 -818.649 8.000
A_273 0.000 185.740 7.000
I_274 0.000 777.529 10.000
N_275 -16.691 -507.047 7.000
T_276 -13.255 -90.974 7.000
F_277 0.000 560.542 7.000
F_278 0.000 560.542 6.000
A_279 0.000 185.740 7.000
K_280 -13.255 -818.649 7.000
N_281 -19.866 -507.047 9.000
G_282 0.000 -27.649 14.000
Y_283 -11.652 -274.939 11.000
R_284 -19.414 -1015.709 7.000
L_285 0.000 679.918 11.000
M_286 0.000 401.769 12.000
D_287 -21.132 -475.402 10.000
S_288 -16.309 -90.060 10.000
S_289 -17.811 -90.060 12.000
I_290 0.000 777.529 11.000
Y_291 -11.154 -274.939 10.000
S_292 -13.255 -90.060 7.000
H_293 -9.265 -583.484 7.000
P_294 0.000 -195.996 9.000
I_295 0.000 777.529 9.000
Q_296 -22.253 -643.904 11.000
T_297 -17.098 -90.974 11.000
Q_298 -25.772 -643.904 15.000
A_299 0.000 185.740 13.000
Q_300 -21.132 -643.904 10.000
Y_301 -10.601 -274.939 9.000
A_302 0.000 185.740 9.000
S_303 -10.149 -90.060 5.000
P_304 0.000 -195.996 3.000
V_305 0.000 613.196 3.000
F_306 0.000 560.542 4.000
M_307 0.000 401.769 4.000
Q_308 -7.878 -643.904 4.000
P_309 0.000 -195.996 6.000
V_310 0.000 613.196 10.000
Y_311 -8.431 -274.939 6.000
N_312 -18.409 -507.047 8.000
P_313 0.000 -195.996 12.000
H_314 -12.900 -583.484 14.000
Q_315 -23.258 -643.904 12.000
Q_316 -25.772 -643.904 15.000
Y_317 -12.518 -274.939 13.000
S_318 -17.098 -90.060 11.000
V_319 0.000 613.196 10.000
Y_320 -9.978 -274.939 8.000
S_321 -10.149 -90.060 5.000
I_322 0.000 777.529 5.000
V_323 0.000 613.196 7.000
P_324 0.000 -195.996 7.000
Q_325 -18.409 -643.904 8.000
S_326 -17.098 -90.060 11.000
W_327 -5.944 -203.500 11.000
S_328 -17.098 -90.060 11.000
P_329 0.000 -195.996 8.000
N_330 -21.132 -507.047 10.000
P_331 0.000 -195.996 7.000
T_332 -15.425 -90.974 9.000
P_333 0.000 -195.996 5.000
Y_334 -10.601 -274.939 9.000
F_335 0.000 560.542 9.000
E_336 -19.866 -605.239 9.000
T_337 -13.255 -90.974 7.000
P_338 0.000 -195.996 7.000
L_339 0.000 679.918 3.000
A_340 0.000 185.740 0.000
P_341 0.000 -195.996 0.000
F_342 0.000 560.542 4.000
P_343 0.000 -195.996 4.000
N_344 -16.691 -507.047 7.000
G_345 0.000 -27.649 7.000
S_346 -13.255 -90.060 7.000
F_347 0.000 560.542 7.000
V_348 0.000 613.196 7.000
N_349 -7.878 -507.047 4.000
G_350 0.000 -27.649 8.000
F_351 0.000 560.542 11.000
N_352 -16.691 -507.047 7.000
S_353 -13.255 -90.060 7.000
P_354 0.000 -195.996 10.000
G_355 0.000 -27.649 8.000
S_356 -14.420 -90.060 8.000
Y_357 -11.652 -274.939 11.000
K_358 -19.613 -818.649 15.000
T_359 -17.811 -90.974 12.000
N_360 -21.132 -507.047 10.000
A_361 0.000 185.740 7.000
A_362 0.000 185.740 4.000
A_363 0.000 185.740 4.000
M_364 0.000 401.769 4.000
N_365 -7.878 -507.047 4.000
M_366 0.000 401.769 9.000
G_367 0.000 -27.649 9.000
R_368 -11.867 -1015.709 5.000
P_369 0.000 -195.996 9.000
F_370 0.000 560.542 12.000
Q_371 -22.253 -643.904 11.000
K_372 -20.127 -818.649 16.000
N_373 -26.485 -507.047 16.000
R_374 -31.716 -1015.709 15.000
V_375 0.000 613.196 12.000
K_376 -17.811 -818.649 12.000
P_377 0.000 -195.996 7.000
Q_378 -23.258 -643.904 12.000
F_379 0.000 560.542 12.000
R_380 -31.716 -1015.709 15.000
S_381 -17.098 -90.060 11.000
S_382 -17.098 -90.060 11.000
G_383 0.000 -27.649 9.000
G_384 0.000 -27.649 10.000
S_385 -15.425 -90.060 9.000
E_386 -23.258 -605.239 12.000
H_387 -13.255 -583.484 15.000
S_388 -20.127 -90.060 16.000
T_389 -17.811 -90.974 12.000
E_390 -24.169 -605.239 13.000
G_391 0.000 -27.649 10.000
S_392 -16.309 -90.060 10.000
V_393 0.000 613.196 6.000
S_394 -11.867 -90.060 6.000
L_395 0.000 679.918 7.000
G_396 0.000 -27.649 7.000
D_397 -18.409 -475.402 8.000
G_398 0.000 -27.649 8.000
Q_399 -23.258 -643.904 12.000
L_400 0.000 679.918 13.000
N_401 -25.772 -507.047 15.000
R_402 -30.711 -1015.709 14.000
Y_403 -13.896 -274.939 17.000
S_404 -21.060 -90.060 18.000
S_405 -20.609 -90.060 17.000
R_406 -31.716 -1015.709 15.000
N_407 -23.258 -507.047 12.000
F_408 0.000 560.542 9.000
P_409 0.000 -195.996 8.000
A_410 0.000 185.740 9.000
E_411 -22.253 -605.239 11.000
R_412 -31.716 -1015.709 15.000
H_413 -13.255 -583.484 15.000
N_414 -25.003 -507.047 14.000
P_415 0.000 -195.996 9.000
T_416 -16.309 -90.974 10.000
V_417 0.000 613.196 6.000
T_418 -14.420 -90.974 8.000
G_419 0.000 -27.649 9.000
H_420 -12.518 -583.484 13.000
Q_421 -25.003 -643.904 14.000
E_422 -27.150 -605.239 17.000
Q_423 -27.150 -643.904 17.000
T_424 -18.462 -90.974 13.000
Y_425 -12.518 -274.939 13.000
L_426 0.000 679.918 12.000
Q_427 -24.169 -643.904 13.000
K_428 -19.059 -818.649 14.000
E_429 -27.150 -605.239 17.000
T_430 -20.127 -90.974 16.000
S_431 -18.462 -90.060 13.000
T_432 -18.462 -90.974 13.000
L_433 0.000 679.918 10.000
Q_434 -22.253 -643.904 11.000
V_435 0.000 613.196 12.000
E_436 -26.485 -605.239 16.000
Q_437 -23.258 -643.904 12.000
N_438 -26.485 -507.047 16.000
G_439 0.000 -27.649 14.000
D_440 -21.132 -475.402 10.000
Y_441 -11.652 -274.939 11.000
G_442 0.000 -27.649 11.000
R_443 -28.412 -1015.709 12.000
G_444 0.000 -27.649 15.000
R_445 -34.315 -1015.709 18.000
R_446 -29.616 -1015.709 13.000
T_447 -18.462 -90.974 13.000
L_448 0.000 679.918 13.000
F_449 0.000 560.542 8.000
R_450 -25.574 -1015.709 10.000
G_451 0.000 -27.649 15.000
R_452 -35.785 -1015.709 20.000
R_453 -35.785 -1015.709 20.000
R_454 -38.285 -1015.709 24.000
R_455 -37.706 -1015.709 23.000
E_456 -29.934 -605.239 22.000
D_457 -29.934 -475.402 22.000
D_458 -27.150 -475.402 17.000
R_459 -32.645 -1015.709 16.000
I_460 0.000 777.529 17.000
S_461 -18.462 -90.060 13.000
R_462 -25.574 -1015.709 10.000
P_463 0.000 -195.996 10.000
H_464 -11.154 -583.484 10.000
P_465 0.000 -195.996 8.000
S_466 -14.420 -90.060 8.000
T_467 -16.309 -90.974 10.000
A_468 0.000 185.740 13.000
E_469 -24.169 -605.239 13.000
S_470 -16.309 -90.060 10.000
K_471 -16.309 -818.649 10.000
A_472 0.000 185.740 9.000
P_473 0.000 -195.996 6.000
T_474 -11.867 -90.974 6.000
P_475 0.000 -195.996 6.000
K_476 -16.309 -818.649 10.000
F_477 0.000 560.542 7.000
D_478 -16.691 -475.402 7.000
L_479 0.000 679.918 4.000
L_480 0.000 679.918 7.000
A_481 0.000 185.740 7.000
S_482 -13.255 -90.060 7.000
N_483 -16.691 -507.047 7.000
F_484 0.000 560.542 7.000
P_485 0.000 -195.996 4.000
P_486 0.000 -195.996 0.000
L_487 0.000 679.918 0.000
P_488 0.000 -195.996 3.000
G_489 0.000 -27.649 6.000
S_490 -15.425 -90.060 9.000
S_491 -19.059 -90.060 14.000
S_492 -19.059 -90.060 14.000
R_493 -27.076 -1015.709 11.000
M_494 0.000 401.769 8.000
P_495 0.000 -195.996 9.000
G_496 0.000 -27.649 4.000
E_497 -7.878 -605.239 4.000
L_498 0.000 679.918 4.000
V_499 0.000 613.196 8.000
L_500 0.000 679.918 8.000
E_501 -24.169 -605.239 13.000
N_502 -24.169 -507.047 13.000
R_503 -32.645 -1015.709 16.000
M_504 0.000 401.769 16.000
S_505 -17.811 -90.060 12.000
D_506 -16.691 -475.402 7.000
V_507 0.000 613.196 10.000
V_508 0.000 613.196 7.000
K_509 -4.441 -818.649 3.000
G_510 0.000 -27.649 5.000
V_511 0.000 613.196 8.000
Y_512 -10.601 -274.939 9.000
K_513 -17.811 -818.649 12.000
E_514 -26.485 -605.239 16.000
K_515 -21.060 -818.649 18.000
D_516 -28.359 -475.402 19.000
N_517 -28.359 -507.047 19.000
E_518 -26.485 -605.239 16.000
E_519 -25.772 -605.239 15.000
L_520 0.000 679.918 11.000
T_521 -16.309 -90.974 10.000
I_522 0.000 777.529 6.000
S_523 -11.867 -90.060 6.000
C_524 0.000 322.480 3.000
P_525 0.000 -195.996 3.000
V_526 0.000 613.196 0.000
P_527 0.000 -195.996 4.000
A_528 0.000 185.740 8.000
D_529 -23.258 -475.402 12.000
E_530 -25.772 -605.239 15.000
Q_531 -28.359 -643.904 19.000
T_532 -19.613 -90.974 15.000
E_533 -25.003 -605.239 14.000
C_534 0.000 322.480 13.000
T_535 -16.309 -90.974 10.000
S_536 -16.309 -90.060 10.000
A_537 0.000 185.740 14.000
Q_538 -22.253 -643.904 11.000
Q_539 -23.258 -643.904 12.000
L_540 0.000 679.918 12.000
N_541 -22.253 -507.047 11.000
M_542 0.000 401.769 10.000
S_543 -18.462 -90.060 13.000
T_544 -17.811 -90.974 12.000
S_545 -17.811 -90.060 12.000
S_546 -15.425 -90.060 9.000
P_547 0.000 -195.996 6.000
C_548 0.000 322.480 3.000
A_549 0.000 185.740 4.000
A_550 0.000 185.740 4.000
E_551 -16.691 -605.239 7.000
L_552 0.000 679.918 7.000
T_553 -13.255 -90.974 7.000
A_554 0.000 185.740 6.000
L_555 0.000 679.918 9.000
S_556 -15.425 -90.060 9.000
T_557 -18.462 -90.974 13.000
T_558 -20.609 -90.974 17.000
Q_559 -27.773 -643.904 18.000
Q_560 -27.773 -643.904 18.000
E_561 -28.359 -605.239 19.000
K_562 -19.613 -818.649 15.000
D_563 -22.253 -475.402 11.000
L_564 0.000 679.918 11.000
I_565 0.000 777.529 12.000
E_566 -22.253 -605.239 11.000
D_567 -25.003 -475.402 14.000
S_568 -19.059 -90.060 14.000
S_569 -19.059 -90.060 14.000
V_570 0.000 613.196 13.000
Q_571 -25.003 -643.904 14.000
K_572 -17.098 -818.649 11.000
D_573 -22.253 -475.402 11.000
G_574 0.000 -27.649 11.000
L_575 0.000 679.918 12.000
N_576 -22.253 -507.047 11.000
Q_577 -25.003 -643.904 14.000
T_578 -19.059 -90.974 14.000
T_579 -16.309 -90.974 10.000
I_580 0.000 777.529 6.000
P_581 0.000 -195.996 6.000
V_582 0.000 613.196 3.000
S_583 -4.441 -90.060 3.000
P_584 0.000 -195.996 6.000
P_585 0.000 -195.996 9.000
S_586 -15.425 -90.060 9.000
T_587 -17.811 -90.974 12.000
T_588 -17.811 -90.974 12.000
K_589 -17.811 -818.649 12.000
P_590 0.000 -195.996 14.000
S_591 -17.098 -90.060 11.000
R_592 -27.076 -1015.709 11.000
A_593 0.000 185.740 14.000
S_594 -17.098 -90.060 11.000
T_595 -15.425 -90.974 9.000
A_596 0.000 185.740 9.000
S_597 -11.867 -90.060 6.000
P_598 0.000 -195.996 7.000
C_599 0.000 322.480 11.000
N_600 -23.258 -507.047 12.000
N_601 -23.258 -507.047 12.000
N_602 -26.485 -507.047 16.000
I_603 0.000 777.529 12.000
N_604 -18.409 -507.047 8.000
A_605 0.000 185.740 7.000
A_606 0.000 185.740 7.000
T_607 -4.441 -90.974 3.000
A_608 0.000 185.740 3.000
V_609 0.000 613.196 3.000
A_610 0.000 185.740 4.000
L_611 0.000 679.918 8.000
Q_612 -18.409 -643.904 8.000
E_613 -24.169 -605.239 13.000
P_614 0.000 -195.996 16.000
R_615 -28.412 -1015.709 12.000
K_616 -17.098 -818.649 11.000
L_617 0.000 679.918 13.000
S_618 -14.420 -90.060 8.000
Y_619 -10.601 -274.939 9.000
A_620 0.000 185.740 9.000
E_621 -14.591 -605.239 6.000
V_622 0.000 613.196 8.000
C_623 0.000 322.480 11.000
Q_624 -16.691 -643.904 7.000
K_625 -13.255 -818.649 7.000
P_626 0.000 -195.996 10.000
P_627 0.000 -195.996 10.000
K_628 -13.255 -818.649 7.000
E_629 -21.132 -605.239 10.000
P_630 0.000 -195.996 13.000
S_631 -16.309 -90.060 10.000
S_632 -11.867 -90.060 6.000
V_633 0.000 613.196 6.000
L_634 0.000 679.918 7.000
V_635 0.000 613.196 4.000
Q_636 -7.878 -643.904 4.000
P_637 0.000 -195.996 9.000
L_638 0.000 679.918 13.000
R_639 -23.856 -1015.709 9.000
E_640 -25.003 -605.239 14.000
L_641 0.000 679.918 17.000
R_642 -32.645 -1015.709 16.000
S_643 -17.811 -90.060 12.000
N_644 -23.258 -507.047 12.000
V_645 0.000 613.196 10.000
V_646 0.000 613.196 7.000
S_647 -11.867 -90.060 6.000
P_648 0.000 -195.996 9.000
T_649 -18.462 -90.974 13.000
K_650 -19.059 -818.649 14.000
N_651 -27.773 -507.047 18.000
E_652 -28.359 -605.239 19.000
D_653 -26.485 -475.402 16.000
N_654 -23.258 -507.047 12.000
G_655 0.000 -27.649 8.000
A_656 0.000 185.740 8.000
P_657 0.000 -195.996 8.000
E_658 -22.253 -605.239 11.000
N_659 -22.253 -507.047 11.000
S_660 -19.613 -90.060 15.000
V_661 0.000 613.196 14.000
E_662 -21.132 -605.239 10.000
K_663 -15.425 -818.649 9.000
P_664 0.000 -195.996 13.000
H_665 -12.104 -583.484 12.000
E_666 -19.866 -605.239 9.000
K_667 -18.462 -818.649 13.000
P_668 0.000 -195.996 11.000
E_669 -23.258 -605.239 12.000
A_670 0.000 185.740 9.000
R_671 -28.412 -1015.709 12.000
A_672 0.000 185.740 11.000
S_673 -19.613 -90.060 15.000
K_674 -17.811 -818.649 12.000
D_675 -25.772 -475.402 15.000
Y_676 -12.104 -274.939 12.000
S_677 -15.425 -90.060 9.000
G_678 0.000 -27.649 10.000
F_679 0.000 560.542 8.000
R_680 -23.856 -1015.709 9.000
G_681 0.000 -27.649 9.000
N_682 -19.866 -507.047 9.000
I_683 0.000 777.529 4.000
I_684 0.000 777.529 9.000
P_685 0.000 -195.996 5.000
R_686 -11.867 -1015.709 5.000
G_687 0.000 -27.649 5.000
A_688 0.000 185.740 5.000
A_689 0.000 185.740 3.000
G_690 0.000 -27.649 3.000
K_691 -14.420 -818.649 8.000
I_692 0.000 777.529 12.000
R_693 -32.645 -1015.709 16.000
E_694 -27.773 -605.239 18.000
Q_695 -30.407 -643.904 23.000
R_696 -37.098 -1015.709 22.000
R_697 -34.315 -1015.709 18.000
Q_698 -27.150 -643.904 17.000
F_699 0.000 560.542 14.000
S_700 -19.059 -90.060 14.000
H_701 -11.154 -583.484 10.000
R_702 -25.574 -1015.709 10.000
A_703 0.000 185.740 7.000
I_704 0.000 777.529 9.000
P_705 0.000 -195.996 4.000
Q_706 -7.878 -643.904 4.000
G_707 0.000 -27.649 7.000
V_708 0.000 613.196 12.000
T_709 -18.462 -90.974 13.000
R_710 -33.508 -1015.709 17.000
R_711 -33.508 -1015.709 17.000
N_712 -27.150 -507.047 17.000
G_713 0.000 -27.649 16.000
K_714 -19.613 -818.649 15.000
E_715 -24.169 -605.239 13.000
Q_716 -24.169 -643.904 13.000
Y_717 -11.154 -274.939 10.000
V_718 0.000 613.196 6.000
P_719 0.000 -195.996 7.000
P_720 0.000 -195.996 8.000
R_721 -21.845 -1015.709 8.000
S_722 -17.098 -90.060 11.000
P_723 0.000 -195.996 11.000
K_724 -11.867 -818.649 6.000
