M_1 0.000 401.769 2.000
H_2 -1.718 -583.484 2.000
P_3 0.000 -195.996 2.000
P_4 0.000 -195.996 2.000
P_5 0.000 -195.996 0.000
P_6 0.000 -195.996 0.000
A_7 0.000 185.740 0.000
A_8 0.000 185.740 0.000
A_9 0.000 185.740 4.000
M_10 0.000 401.769 4.000
D_11 -16.691 -475.402 7.000
F_12 0.000 560.542 11.000
S_13 -19.613 -90.060 15.000
Q_14 -25.003 -643.904 14.000
N_15 -25.003 -507.047 14.000
S_16 -17.098 -90.060 11.000
L_17 0.000 679.918 7.000
F_18 0.000 560.542 5.000
G_19 0.000 -27.649 2.000
Y_20 -8.431 -274.939 6.000
M_21 0.000 401.769 10.000
E_22 -21.132 -605.239 10.000
D_23 -23.258 -475.402 12.000
L_24 0.000 679.918 16.000
Q_25 -23.258 -643.904 12.000
E_26 -22.253 -605.239 11.000
L_27 0.000 679.918 11.000
T_28 -13.255 -90.974 7.000
I_29 0.000 777.529 7.000
I_30 0.000 777.529 12.000
E_31 -19.866 -605.239 9.000
R_32 -23.856 -1015.709 9.000
P_33 0.000 -195.996 14.000
V_34 0.000 613.196 15.000
R_35 -29.616 -1015.709 13.000
R_36 -29.616 -1015.709 13.000
S_37 -20.127 -90.060 16.000
L_38 0.000 679.918 14.000
K_39 -15.425 -818.649 9.000
T_40 -16.309 -90.974 10.000
P_41 0.000 -195.996 14.000
E_42 -22.253 -605.239 11.000
E_43 -23.258 -605.239 12.000
I_44 0.000 777.529 17.000
E_45 -24.169 -605.239 13.000
R_46 -28.412 -1015.709 12.000
L_47 0.000 679.918 12.000
T_48 -17.811 -90.974 12.000
V_49 0.000 613.196 11.000
D_50 -25.772 -475.402 15.000
E_51 -23.258 -605.239 12.000
D_52 -25.772 -475.402 15.000
L_53 0.000 679.918 15.000
S_54 -17.098 -90.060 11.000
D_55 -22.253 -475.402 11.000
I_56 0.000 777.529 16.000
E_57 -24.169 -605.239 13.000
R_58 -23.856 -1015.709 9.000
A_59 0.000 185.740 11.000
V_60 0.000 613.196 7.000
Y_61 -1.718 -274.939 2.000
L_62 0.000 679.918 5.000
L_63 0.000 679.918 5.000
S_64 -4.441 -90.060 3.000
A_65 0.000 185.740 7.000
G_66 0.000 -27.649 11.000
Q_67 -18.409 -643.904 8.000
D_68 -23.258 -475.402 12.000
V_69 0.000 613.196 12.000
Q_70 -22.253 -643.904 11.000
G_71 0.000 -27.649 10.000
T_72 -16.309 -90.974 10.000
S_73 -11.867 -90.060 6.000
V_74 0.000 613.196 6.000
I_75 0.000 777.529 7.000
A_76 0.000 185.740 4.000
N_77 -7.878 -507.047 4.000
L_78 0.000 679.918 4.000
P_79 0.000 -195.996 4.000
F_80 0.000 560.542 0.000
L_81 0.000 679.918 5.000
M_82 0.000 401.769 9.000
R_83 -29.616 -1015.709 13.000
Q_84 -24.169 -643.904 13.000
N_85 -26.485 -507.047 16.000
P_86 0.000 -195.996 15.000
T_87 -19.059 -90.974 14.000
E_88 -21.132 -605.239 10.000
T_89 -19.613 -90.974 15.000
L_90 0.000 679.918 17.000
R_91 -29.616 -1015.709 13.000
R_92 -25.574 -1015.709 10.000
V_93 0.000 613.196 10.000
L_94 0.000 679.918 8.000
P_95 0.000 -195.996 3.000
K_96 -14.420 -818.649 8.000
V_97 0.000 613.196 12.000
R_98 -28.412 -1015.709 12.000
E_99 -19.866 -605.239 9.000
A_100 0.000 185.740 11.000
L_101 0.000 679.918 6.000
H_102 -1.718 -583.484 2.000
V_103 0.000 613.196 2.000
A_104 0.000 185.740 2.000
G_105 0.000 -27.649 4.000
V_106 0.000 613.196 4.000
E_107 -18.409 -605.239 8.000
M_108 0.000 401.769 8.000
Q_109 -22.253 -643.904 11.000
L_110 0.000 679.918 7.000
T_111 -13.255 -90.974 7.000
A_112 0.000 185.740 3.000
A_113 0.000 185.740 6.000
M_114 0.000 401.769 3.000
S_115 -4.441 -90.060 3.000
F_116 0.000 560.542 6.000
L_117 0.000 679.918 6.000
T_118 -4.441 -90.974 3.000
I_119 0.000 777.529 7.000
L_120 0.000 679.918 11.000
Q_121 -23.258 -643.904 12.000
D_122 -25.772 -475.402 15.000
E_123 -25.772 -605.239 15.000
S_124 -19.059 -90.060 14.000
V_125 0.000 613.196 10.000
S_126 -14.420 -90.060 8.000
I_127 0.000 777.529 5.000
H_128 -9.265 -583.484 7.000
A_129 0.000 185.740 7.000
Y_130 -10.601 -274.939 9.000
T_131 -16.309 -90.974 10.000
H_132 -11.154 -583.484 10.000
S_133 -14.420 -90.060 8.000
F_134 0.000 560.542 9.000
L_135 0.000 679.918 7.000
Q_136 -7.878 -643.904 4.000
V_137 0.000 613.196 4.000
I_138 0.000 777.529 4.000
L_139 0.000 679.918 2.000
L_140 0.000 679.918 2.000
H_141 -8.431 -583.484 6.000
L_142 0.000 679.918 8.000
E_143 -24.169 -605.239 13.000
H_144 -13.255 -583.484 15.000
R_145 -34.315 -1015.709 18.000
D_146 -25.003 -475.402 14.000
T_147 -17.811 -90.974 12.000
G_148 0.000 -27.649 10.000
V_149 0.000 613.196 10.000
S_150 -13.255 -90.060 7.000
N_151 -18.409 -507.047 8.000
A_152 0.000 185.740 8.000
W_153 -5.447 -203.500 9.000
L_154 0.000 679.918 8.000
E_155 -18.409 -605.239 8.000
T_156 -13.255 -90.974 7.000
L_157 0.000 679.918 10.000
L_158 0.000 679.918 6.000
S_159 -4.441 -90.060 3.000
V_160 0.000 613.196 7.000
I_161 0.000 777.529 7.000
E_162 -7.878 -605.239 4.000
V_163 0.000 613.196 4.000
L_164 0.000 679.918 7.000
P_165 0.000 -195.996 7.000
K_166 -16.309 -818.649 10.000
E_167 -21.132 -605.239 10.000
T_168 -19.613 -90.974 15.000
L_169 0.000 679.918 14.000
R_170 -30.711 -1015.709 14.000
H_171 -11.652 -583.484 11.000
E_172 -22.253 -605.239 11.000
I_173 0.000 777.529 10.000
L_174 0.000 679.918 8.000
N_175 -7.878 -507.047 4.000
P_176 0.000 -195.996 4.000
L_177 0.000 679.918 7.000
V_178 0.000 613.196 6.000
S_179 -11.867 -90.060 6.000
K_180 -16.309 -818.649 10.000
A_181 0.000 185.740 10.000
Q_182 -21.132 -643.904 10.000
L_183 0.000 679.918 11.000
S_184 -19.059 -90.060 14.000
Q_185 -21.132 -643.904 10.000
T_186 -19.059 -90.974 14.000
V_187 0.000 613.196 14.000
Q_188 -25.772 -643.904 15.000
S_189 -17.811 -90.060 12.000
R_190 -28.412 -1015.709 12.000
L_191 0.000 679.918 11.000
V_192 0.000 613.196 8.000
S_193 -11.867 -90.060 6.000
C_194 0.000 322.480 6.000
K_195 -11.867 -818.649 6.000
I_196 0.000 777.529 3.000
L_197 0.000 679.918 6.000
G_198 0.000 -27.649 3.000
K_199 -11.867 -818.649 6.000
L_200 0.000 679.918 10.000
T_201 -18.462 -90.974 13.000
N_202 -21.132 -507.047 10.000
K_203 -19.059 -818.649 14.000
F_204 0.000 560.542 11.000
D_205 -19.866 -475.402 9.000
A_206 0.000 185.740 9.000
H_207 -10.601 -583.484 9.000
T_208 -14.420 -90.974 8.000
I_209 0.000 777.529 13.000
K_210 -19.613 -818.649 15.000
R_211 -28.412 -1015.709 12.000
E_212 -23.258 -605.239 12.000
I_213 0.000 777.529 9.000
L_214 0.000 679.918 4.000
P_215 0.000 -195.996 0.000
L_216 0.000 679.918 3.000
V_217 0.000 613.196 6.000
K_218 -11.867 -818.649 6.000
S_219 -11.867 -90.060 6.000
L_220 0.000 679.918 10.000
C_221 0.000 322.480 11.000
Q_222 -18.409 -643.904 8.000
D_223 -23.258 -475.402 12.000
V_224 0.000 613.196 14.000
E_225 -25.003 -605.239 14.000
Y_226 -11.154 -274.939 10.000
E_227 -25.772 -605.239 15.000
V_228 0.000 613.196 14.000
R_229 -28.412 -1015.709 12.000
S_230 -14.420 -90.060 8.000
C_231 0.000 322.480 8.000
M_232 0.000 401.769 8.000
C_233 0.000 322.480 9.000
R_234 -23.856 -1015.709 9.000
Q_235 -24.169 -643.904 13.000
L_236 0.000 679.918 17.000
E_237 -23.258 -605.239 12.000
N_238 -18.409 -507.047 8.000
I_239 0.000 777.529 12.000
A_240 0.000 185.740 8.000
Q_241 -7.878 -643.904 4.000
G_242 0.000 -27.649 4.000
I_243 0.000 777.529 7.000
G_244 0.000 -27.649 7.000
T_245 -13.255 -90.974 7.000
E_246 -21.132 -605.239 10.000
L_247 0.000 679.918 13.000
T_248 -18.462 -90.974 13.000
K_249 -15.425 -818.649 9.000
S_250 -15.425 -90.060 9.000
V_251 0.000 613.196 6.000
V_252 0.000 613.196 3.000
L_253 0.000 679.918 4.000
P_254 0.000 -195.996 4.000
E_255 -7.878 -605.239 4.000
L_256 0.000 679.918 8.000
I_257 0.000 777.529 8.000
E_258 -16.691 -605.239 7.000
L_259 0.000 679.918 12.000
S_260 -20.127 -90.060 16.000
R_261 -32.645 -1015.709 16.000
D_262 -26.485 -475.402 16.000
E_263 -26.485 -605.239 16.000
G_264 0.000 -27.649 14.000
S_265 -16.309 -90.060 10.000
S_266 -17.098 -90.060 11.000
V_267 0.000 613.196 11.000
R_268 -21.845 -1015.709 8.000
L_269 0.000 679.918 5.000
A_270 0.000 185.740 5.000
A_271 0.000 185.740 4.000
F_272 0.000 560.542 7.000
E_273 -16.691 -605.239 7.000
T_274 -13.255 -90.974 7.000
L_275 0.000 679.918 11.000
V_276 0.000 613.196 7.000
N_277 -7.878 -507.047 4.000
L_278 0.000 679.918 8.000
L_279 0.000 679.918 8.000
D_280 -7.878 -475.402 4.000
I_281 0.000 777.529 8.000
F_282 0.000 560.542 11.000
D_283 -22.253 -475.402 11.000
T_284 -19.613 -90.974 15.000
D_285 -28.912 -475.402 20.000
D_286 -28.359 -475.402 19.000
R_287 -35.785 -1015.709 20.000
S_288 -21.486 -90.060 19.000
Q_289 -25.772 -643.904 15.000
T_290 -16.309 -90.974 10.000
I_291 0.000 777.529 7.000
L_292 0.000 679.918 3.000
P_293 0.000 -195.996 0.000
L_294 0.000 679.918 3.000
V_295 0.000 613.196 6.000
K_296 -11.867 -818.649 6.000
S_297 -11.867 -90.060 6.000
F_298 0.000 560.542 10.000
C_299 0.000 322.480 10.000
E_300 -21.132 -605.239 10.000
K_301 -16.309 -818.649 10.000
S_302 -18.462 -90.060 13.000
F_303 0.000 560.542 9.000
K_304 -16.309 -818.649 10.000
A_305 0.000 185.740 11.000
D_306 -25.003 -475.402 14.000
E_307 -22.253 -605.239 11.000
S_308 -17.098 -90.060 11.000
I_309 0.000 777.529 7.000
L_310 0.000 679.918 6.000
I_311 0.000 777.529 3.000
S_312 -11.867 -90.060 6.000
L_313 0.000 679.918 6.000
S_314 -14.420 -90.060 8.000
F_315 0.000 560.542 5.000
H_316 -7.426 -583.484 5.000
L_317 0.000 679.918 5.000
G_318 0.000 -27.649 5.000
K_319 -4.441 -818.649 3.000
L_320 0.000 679.918 5.000
C_321 0.000 322.480 5.000
H_322 -1.718 -583.484 2.000
G_323 0.000 -27.649 4.000
L_324 0.000 679.918 4.000
Y_325 -1.718 -274.939 2.000
G_326 0.000 -27.649 2.000
I_327 0.000 777.529 5.000
F_328 0.000 560.542 3.000
T_329 -13.255 -90.974 7.000
P_330 0.000 -195.996 11.000
D_331 -24.169 -475.402 13.000
Q_332 -21.132 -643.904 10.000
H_333 -13.255 -583.484 15.000
L_334 0.000 679.918 11.000
R_335 -19.414 -1015.709 7.000
F_336 0.000 560.542 9.000
L_337 0.000 679.918 9.000
E_338 -14.591 -605.239 6.000
F_339 0.000 560.542 9.000
Y_340 -12.104 -274.939 12.000
K_341 -14.420 -818.649 8.000
K_342 -14.420 -818.649 8.000
L_343 0.000 679.918 9.000
C_344 0.000 322.480 6.000
T_345 -4.441 -90.974 3.000
L_346 0.000 679.918 3.000
G_347 0.000 -27.649 7.000
L_348 0.000 679.918 8.000
Q_349 -23.258 -643.904 12.000
Q_350 -26.485 -643.904 16.000
E_351 -26.485 -605.239 16.000
N_352 -25.003 -507.047 14.000
G_353 0.000 -27.649 14.000
H_354 -12.900 -583.484 14.000
N_355 -25.003 -507.047 14.000
E_356 -27.773 -605.239 18.000
N_357 -26.485 -507.047 16.000
Q_358 -23.258 -643.904 12.000
I_359 0.000 777.529 8.000
P_360 0.000 -195.996 8.000
P_361 0.000 -195.996 4.000
Q_362 -7.878 -643.904 4.000
I_363 0.000 777.529 8.000
L_364 0.000 679.918 12.000
E_365 -23.258 -605.239 12.000
Q_366 -25.772 -643.904 15.000
E_367 -27.773 -605.239 18.000
K_368 -20.127 -818.649 16.000
K_369 -17.811 -818.649 12.000
Y_370 -11.652 -274.939 11.000
I_371 0.000 777.529 8.000
S_372 -16.309 -90.060 10.000
V_373 0.000 613.196 11.000
R_374 -31.716 -1015.709 15.000
K_375 -17.811 -818.649 12.000
N_376 -23.258 -507.047 12.000
C_377 0.000 322.480 9.000
A_378 0.000 185.740 10.000
Y_379 -8.431 -274.939 6.000
N_380 -14.591 -507.047 6.000
F_381 0.000 560.542 6.000
P_382 0.000 -195.996 4.000
A_383 0.000 185.740 0.000
M_384 0.000 401.769 0.000
I_385 0.000 777.529 0.000
V_386 0.000 613.196 0.000
F_387 0.000 560.542 4.000
V_388 0.000 613.196 4.000
D_389 -16.691 -475.402 7.000
P_390 0.000 -195.996 11.000
K_391 -17.098 -818.649 11.000
N_392 -19.866 -507.047 9.000
F_393 0.000 560.542 9.000
H_394 -11.154 -583.484 10.000
M_395 0.000 401.769 6.000
E_396 -18.409 -605.239 8.000
L_397 0.000 679.918 9.000
Y_398 -12.104 -274.939 12.000
S_399 -14.420 -90.060 8.000
T_400 -14.420 -90.974 8.000
F_401 0.000 560.542 6.000
F_402 0.000 560.542 3.000
C_403 0.000 322.480 0.000
L_404 0.000 679.918 2.000
C_405 0.000 322.480 6.000
H_406 -8.431 -583.484 6.000
D_407 -21.132 -475.402 10.000
P_408 0.000 -195.996 10.000
E_409 -18.409 -605.239 8.000
V_410 0.000 613.196 4.000
P_411 0.000 -195.996 9.000
V_412 0.000 613.196 7.000
R_413 -25.574 -1015.709 10.000
Y_414 -11.154 -274.939 10.000
T_415 -16.309 -90.974 10.000
I_416 0.000 777.529 5.000
A_417 0.000 185.740 3.000
I_418 0.000 777.529 0.000
C_419 0.000 322.480 2.000
F_420 0.000 560.542 6.000
Y_421 -8.431 -274.939 6.000
E_422 -19.866 -605.239 9.000
V_423 0.000 613.196 12.000
S_424 -16.309 -90.060 10.000
K_425 -11.867 -818.649 6.000
L_426 0.000 679.918 10.000
L_427 0.000 679.918 10.000
N_428 -16.691 -507.047 7.000
S_429 -13.255 -90.060 7.000
G_430 0.000 -27.649 9.000
V_431 0.000 613.196 5.000
Y_432 -1.718 -274.939 2.000
L_433 0.000 679.918 4.000
I_434 0.000 777.529 7.000
H_435 -10.601 -583.484 9.000
K_436 -15.425 -818.649 9.000
E_437 -19.866 -605.239 9.000
L_438 0.000 679.918 10.000
I_439 0.000 777.529 7.000
T_440 -4.441 -90.974 3.000
L_441 0.000 679.918 7.000
L_442 0.000 679.918 11.000
Q_443 -23.258 -643.904 12.000
D_444 -25.772 -475.402 15.000
E_445 -25.772 -605.239 15.000
S_446 -19.613 -90.060 15.000
L_447 0.000 679.918 11.000
E_448 -16.691 -605.239 7.000
V_449 0.000 613.196 8.000
L_450 0.000 679.918 8.000
D_451 -7.878 -475.402 4.000
A_452 0.000 185.740 4.000
L_453 0.000 679.918 8.000
I_454 0.000 777.529 6.000
D_455 -14.591 -475.402 6.000
H_456 -8.431 -583.484 6.000
L_457 0.000 679.918 10.000
P_458 0.000 -195.996 6.000
E_459 -7.878 -605.239 4.000
I_460 0.000 777.529 8.000
L_461 0.000 679.918 8.000
E_462 -7.878 -605.239 4.000
L_463 0.000 679.918 7.000
M_464 0.000 401.769 10.000
S_465 -11.867 -90.060 6.000
T_466 -11.867 -90.974 6.000
G_467 0.000 -27.649 10.000
G_468 0.000 -27.649 10.000
E_469 -21.132 -605.239 10.000
S_470 -16.309 -90.060 10.000
S_471 -19.059 -90.060 14.000
V_472 0.000 613.196 14.000
Q_473 -25.772 -643.904 15.000
E_474 -25.772 -605.239 15.000
N_475 -25.772 -507.047 15.000
K_476 -19.059 -818.649 14.000
L_477 0.000 679.918 13.000
S_478 -15.425 -90.060 9.000
S_479 -11.867 -90.060 6.000
L_480 0.000 679.918 10.000
P_481 0.000 -195.996 7.000
D_482 -7.878 -475.402 4.000
L_483 0.000 679.918 4.000
I_484 0.000 777.529 4.000
P_485 0.000 -195.996 0.000
A_486 0.000 185.740 3.000
L_487 0.000 679.918 3.000
T_488 -4.441 -90.974 3.000
A_489 0.000 185.740 7.000
A_490 0.000 185.740 11.000
E_491 -24.169 -605.239 13.000
Q_492 -24.169 -643.904 13.000
R_493 -29.616 -1015.709 13.000
A_494 0.000 185.740 9.000
A_495 0.000 185.740 8.000
A_496 0.000 185.740 3.000
S_497 -11.867 -90.060 6.000
L_498 0.000 679.918 7.000
K_499 -17.811 -818.649 12.000
W_500 -6.160 -203.500 12.000
R_501 -30.711 -1015.709 14.000
T_502 -19.613 -90.974 15.000
H_503 -13.896 -583.484 17.000
E_504 -23.258 -605.239 12.000
K_505 -15.425 -818.649 9.000
L_506 0.000 679.918 11.000
L_507 0.000 679.918 10.000
Q_508 -19.866 -643.904 9.000
K_509 -15.425 -818.649 9.000
Y_510 -10.601 -274.939 9.000
A_511 0.000 185.740 5.000
C_512 0.000 322.480 2.000
L_513 0.000 679.918 2.000
P_514 0.000 -195.996 2.000
H_515 -1.718 -583.484 2.000
V_516 0.000 613.196 5.000
I_517 0.000 777.529 8.000
S_518 -16.309 -90.060 10.000
S_519 -19.059 -90.060 14.000
D_520 -25.003 -475.402 14.000
Q_521 -24.169 -643.904 13.000
I_522 0.000 777.529 12.000
Y_523 -12.518 -274.939 13.000
Y_524 -10.601 -274.939 9.000
R_525 -23.856 -1015.709 9.000
F_526 0.000 560.542 11.000
L_527 0.000 679.918 14.000
Q_528 -19.866 -643.904 9.000
R_529 -23.856 -1015.709 9.000
M_530 0.000 401.769 12.000
F_531 0.000 560.542 8.000
T_532 -4.441 -90.974 3.000
I_533 0.000 777.529 3.000
M_534 0.000 401.769 6.000
M_535 0.000 401.769 7.000
T_536 -17.098 -90.974 11.000
N_537 -22.253 -507.047 11.000
N_538 -22.253 -507.047 11.000
V_539 0.000 613.196 8.000
L_540 0.000 679.918 4.000
P_541 0.000 -195.996 4.000
V_542 0.000 613.196 7.000
Q_543 -16.691 -643.904 7.000
K_544 -13.255 -818.649 7.000
A_545 0.000 185.740 10.000
A_546 0.000 185.740 11.000
S_547 -17.098 -90.060 11.000
R_548 -27.076 -1015.709 11.000
T_549 -17.098 -90.974 11.000
L_550 0.000 679.918 8.000
C_551 0.000 322.480 3.000
I_552 0.000 777.529 0.000
F_553 0.000 560.542 5.000
L_554 0.000 679.918 7.000
R_555 -27.076 -1015.709 11.000
Y_556 -13.586 -274.939 16.000
N_557 -28.359 -507.047 19.000
R_558 -34.315 -1015.709 18.000
K_559 -21.889 -818.649 20.000
Q_560 -28.912 -643.904 20.000
E_561 -28.912 -605.239 20.000
Q_562 -28.359 -643.904 19.000
R_563 -35.072 -1015.709 19.000
H_564 -13.255 -583.484 15.000
E_565 -22.253 -605.239 11.000
V_566 0.000 613.196 10.000
I_567 0.000 777.529 11.000
Q_568 -16.691 -643.904 7.000
K_569 -13.255 -818.649 7.000
L_570 0.000 679.918 11.000
I_571 0.000 777.529 11.000
E_572 -18.409 -605.239 8.000
Q_573 -18.409 -643.904 8.000
L_574 0.000 679.918 12.000
G_575 0.000 -27.649 8.000
Q_576 -16.691 -643.904 7.000
G_577 0.000 -27.649 10.000
K_578 -17.811 -818.649 12.000
S_579 -15.425 -90.060 9.000
Y_580 -12.518 -274.939 13.000
W_581 -6.713 -203.500 15.000
N_582 -23.258 -507.047 12.000
R_583 -31.716 -1015.709 15.000
L_584 0.000 679.918 14.000
R_585 -25.574 -1015.709 10.000
F_586 0.000 560.542 9.000
L_587 0.000 679.918 12.000
D_588 -16.691 -475.402 7.000
T_589 -17.098 -90.974 11.000
C_590 0.000 322.480 11.000
E_591 -16.691 -605.239 7.000
F_592 0.000 560.542 4.000
I_593 0.000 777.529 8.000
I_594 0.000 777.529 4.000
E_595 -7.878 -605.239 4.000
I_596 0.000 777.529 7.000
F_597 0.000 560.542 10.000
S_598 -15.425 -90.060 9.000
K_599 -15.425 -818.649 9.000
S_600 -15.425 -90.060 9.000
F_601 0.000 560.542 6.000
F_602 0.000 560.542 6.000
C_603 0.000 322.480 5.000
K_604 -10.149 -818.649 5.000
Y_605 -7.426 -274.939 5.000
F_606 0.000 560.542 5.000
F_607 0.000 560.542 2.000
L_608 0.000 679.918 0.000
P_609 0.000 -195.996 0.000
A_610 0.000 185.740 4.000
I_611 0.000 777.529 4.000
E_612 -16.691 -605.239 7.000
L_613 0.000 679.918 9.000
T_614 -18.462 -90.974 13.000
H_615 -10.601 -583.484 9.000
D_616 -19.866 -475.402 9.000
P_617 0.000 -195.996 6.000
V_618 0.000 613.196 8.000
A_619 0.000 185.740 4.000
N_620 -19.866 -507.047 9.000
V_621 0.000 613.196 9.000
R_622 -28.412 -1015.709 12.000
M_623 0.000 401.769 8.000
K_624 -14.420 -818.649 8.000
L_625 0.000 679.918 5.000
C_626 0.000 322.480 5.000
Y_627 -1.718 -274.939 2.000
L_628 0.000 679.918 2.000
L_629 0.000 679.918 5.000
P_630 0.000 -195.996 3.000
K_631 -11.867 -818.649 6.000
V_632 0.000 613.196 9.000
K_633 -17.811 -818.649 12.000
S_634 -15.425 -90.060 9.000
T_635 -17.811 -90.974 12.000
L_636 0.000 679.918 9.000
K_637 -11.867 -818.649 6.000
I_638 0.000 777.529 3.000
P_639 0.000 -195.996 7.000
A_640 0.000 185.740 7.000
D_641 -19.866 -475.402 9.000
K_642 -15.425 -818.649 9.000
H_643 -10.601 -583.484 9.000
L_644 0.000 679.918 9.000
L_645 0.000 679.918 10.000
Q_646 -18.409 -643.904 8.000
Q_647 -23.258 -643.904 12.000
L_648 0.000 679.918 12.000
E_649 -18.409 -605.239 8.000
M_650 0.000 401.769 4.000
C_651 0.000 322.480 9.000
V_652 0.000 613.196 8.000
R_653 -21.845 -1015.709 8.000
K_654 -14.420 -818.649 8.000
L_655 0.000 679.918 8.000
L_656 0.000 679.918 7.000
C_657 0.000 322.480 8.000
Q_658 -22.253 -643.904 11.000
E_659 -25.772 -605.239 15.000
K_660 -21.060 -818.649 18.000
D_661 -27.773 -475.402 18.000
K_662 -19.059 -818.649 14.000
D_663 -22.253 -475.402 11.000
V_664 0.000 613.196 7.000
L_665 0.000 679.918 4.000
A_666 0.000 185.740 0.000
I_667 0.000 777.529 3.000
V_668 0.000 613.196 8.000
K_669 -17.098 -818.649 11.000
R_670 -27.076 -1015.709 11.000
T_671 -17.098 -90.974 11.000
V_672 0.000 613.196 12.000
L_673 0.000 679.918 7.000
E_674 -18.409 -605.239 8.000
L_675 0.000 679.918 13.000
D_676 -24.169 -475.402 13.000
R_677 -29.616 -1015.709 13.000
M_678 0.000 401.769 13.000
E_679 -23.258 -605.239 12.000
M_680 0.000 401.769 7.000
S_681 -17.098 -90.060 11.000
M_682 0.000 401.769 7.000
D_683 -16.691 -475.402 7.000
A_684 0.000 185.740 8.000
F_685 0.000 560.542 11.000
Q_686 -21.132 -643.904 10.000
K_687 -16.309 -818.649 10.000
K_688 -17.811 -818.649 12.000
F_689 0.000 560.542 12.000
Y_690 -12.104 -274.939 12.000
E_691 -24.169 -605.239 13.000
K_692 -18.462 -818.649 13.000
D_693 -22.253 -475.402 11.000
L_694 0.000 679.918 11.000
L_695 0.000 679.918 12.000
D_696 -23.258 -475.402 12.000
Q_697 -25.772 -643.904 15.000
E_698 -28.359 -605.239 19.000
K_699 -21.889 -818.649 20.000
E_700 -28.912 -605.239 20.000
R_701 -35.785 -1015.709 20.000
E_702 -27.150 -605.239 17.000
E_703 -24.169 -605.239 13.000
L_704 0.000 679.918 8.000
L_705 0.000 679.918 4.000
L_706 0.000 679.918 4.000
L_707 0.000 679.918 4.000
E_708 -18.409 -605.239 8.000
M_709 0.000 401.769 12.000
E_710 -23.258 -605.239 12.000
Q_711 -23.258 -643.904 12.000
L_712 0.000 679.918 15.000
E_713 -25.772 -605.239 15.000
K_714 -19.059 -818.649 14.000
E_715 -27.773 -605.239 18.000
K_716 -21.060 -818.649 18.000
Q_717 -28.359 -643.904 19.000
Q_718 -28.359 -643.904 19.000
N_719 -26.485 -507.047 16.000
D_720 -27.150 -475.402 17.000
G_721 0.000 -27.649 13.000
R_722 -23.856 -1015.709 9.000
P_723 0.000 -195.996 8.000
M_724 0.000 401.769 12.000
S_725 -16.309 -90.060 10.000
D_726 -21.132 -475.402 10.000
K_727 -16.309 -818.649 10.000
M_728 0.000 401.769 11.000
F_729 0.000 560.542 10.000
E_730 -21.132 -605.239 10.000
K_731 -19.613 -818.649 15.000
K_732 -21.889 -818.649 20.000
R_733 -35.785 -1015.709 20.000
R_734 -35.785 -1015.709 20.000
D_735 -28.912 -475.402 20.000
T_736 -21.060 -90.974 18.000
K_737 -18.462 -818.649 13.000
T_738 -17.811 -90.974 12.000
P_739 0.000 -195.996 13.000
T_740 -18.462 -90.974 13.000
Q_741 -21.132 -643.904 10.000
S_742 -16.309 -90.060 10.000
L_743 0.000 679.918 10.000
P_744 0.000 -195.996 10.000
K_745 -13.255 -818.649 7.000
N_746 -16.691 -507.047 7.000
I_747 0.000 777.529 7.000
P_748 0.000 -195.996 7.000
I_749 0.000 777.529 3.000
S_750 -4.441 -90.060 3.000
V_751 0.000 613.196 3.000
P_752 0.000 -195.996 3.000
G_753 0.000 -27.649 3.000
P_754 0.000 -195.996 6.000
S_755 -11.867 -90.060 6.000
S_756 -15.425 -90.060 9.000
V_757 0.000 613.196 9.000
T_758 -15.425 -90.974 9.000
P_759 0.000 -195.996 9.000
S_760 -17.811 -90.060 12.000
T_761 -17.811 -90.974 12.000
S_762 -20.127 -90.060 16.000
K_763 -18.462 -818.649 13.000
E_764 -24.169 -605.239 13.000
I_765 0.000 777.529 13.000
K_766 -18.462 -818.649 13.000
K_767 -17.811 -818.649 12.000
S_768 -17.811 -90.060 12.000
K_769 -15.425 -818.649 9.000
L_770 0.000 679.918 11.000
I_771 0.000 777.529 11.000
R_772 -28.412 -1015.709 12.000
S_773 -19.613 -90.060 15.000
Q_774 -25.772 -643.904 15.000
S_775 -19.059 -90.060 14.000
F_776 0.000 560.542 15.000
N_777 -25.772 -507.047 15.000
N_778 -23.258 -507.047 12.000
Q_779 -23.258 -643.904 12.000
A_780 0.000 185.740 10.000
F_781 0.000 560.542 6.000
H_782 -7.426 -583.484 5.000
A_783 0.000 185.740 7.000
K_784 -13.255 -818.649 7.000
Y_785 -10.601 -274.939 9.000
G_786 0.000 -27.649 9.000
N_787 -21.132 -507.047 10.000
L_788 0.000 679.918 11.000
E_789 -22.253 -605.239 11.000
K_790 -13.255 -818.649 7.000
C_791 0.000 322.480 10.000
A_792 0.000 185.740 9.000
S_793 -15.425 -90.060 9.000
K_794 -17.811 -818.649 12.000
S_795 -19.613 -90.060 15.000
S_796 -19.613 -90.060 15.000
T_797 -17.811 -90.974 12.000
T_798 -17.098 -90.974 11.000
G_799 0.000 -27.649 11.000
Y_800 -11.652 -274.939 11.000
T_801 -17.098 -90.974 11.000
T_802 -17.098 -90.974 11.000
S_803 -17.811 -90.060 12.000
V_804 0.000 613.196 9.000
S_805 -11.867 -90.060 6.000
G_806 0.000 -27.649 3.000
L_807 0.000 679.918 6.000
G_808 0.000 -27.649 6.000
K_809 -15.425 -818.649 9.000
T_810 -15.425 -90.974 9.000
S_811 -15.425 -90.060 9.000
V_812 0.000 613.196 9.000
L_813 0.000 679.918 6.000
S_814 -4.441 -90.060 3.000
L_815 0.000 679.918 7.000
A_816 0.000 185.740 11.000
D_817 -22.253 -475.402 11.000
D_818 -22.253 -475.402 11.000
S_819 -20.127 -90.060 16.000
F_820 0.000 560.542 15.000
R_821 -32.645 -1015.709 16.000
T_822 -20.609 -90.974 17.000
R_823 -33.508 -1015.709 17.000
N_824 -25.772 -507.047 15.000
A_825 0.000 185.740 15.000
S_826 -16.309 -90.060 10.000
S_827 -11.867 -90.060 6.000
V_828 0.000 613.196 9.000
P_829 0.000 -195.996 9.000
S_830 -11.867 -90.060 6.000
S_831 -15.425 -90.060 9.000
F_832 0.000 560.542 9.000
S_833 -16.309 -90.060 10.000
P_834 0.000 -195.996 10.000
N_835 -21.132 -507.047 10.000
T_836 -13.255 -90.974 7.000
P_837 0.000 -195.996 7.000
L_838 0.000 679.918 6.000
P_839 0.000 -195.996 6.000
S_840 -15.425 -90.060 9.000
T_841 -19.059 -90.974 14.000
S_842 -19.059 -90.060 14.000
R_843 -30.711 -1015.709 14.000
G_844 0.000 -27.649 11.000
T_845 -17.811 -90.974 12.000
G_846 0.000 -27.649 10.000
N_847 -21.132 -507.047 10.000
S_848 -17.098 -90.060 11.000
V_849 0.000 613.196 11.000
D_850 -21.132 -475.402 10.000
P_851 0.000 -195.996 10.000
K_852 -18.462 -818.649 13.000
S_853 -15.425 -90.060 9.000
S_854 -17.811 -90.060 12.000
G_855 0.000 -27.649 12.000
S_856 -18.462 -90.060 13.000
K_857 -18.462 -818.649 13.000
D_858 -27.150 -475.402 17.000
T_859 -19.059 -90.974 14.000
Q_860 -26.485 -643.904 16.000
P_861 0.000 -195.996 15.000
R_862 -28.412 -1015.709 12.000
K_863 -17.098 -818.649 11.000
A_864 0.000 185.740 11.000
T_865 -15.425 -90.974 9.000
L_866 0.000 679.918 9.000
K_867 -19.059 -818.649 14.000
S_868 -19.059 -90.060 14.000
R_869 -33.508 -1015.709 17.000
K_870 -21.060 -818.649 18.000
S_871 -19.613 -90.060 15.000
N_872 -21.132 -507.047 10.000
P_873 0.000 -195.996 7.000
