M_1 0.000 401.769 0.000
C_2 0.000 322.480 0.000
V_3 0.000 613.196 0.000
I_4 0.000 777.529 0.000
C_5 0.000 322.480 0.000
F_6 0.000 560.542 3.000
V_7 0.000 613.196 3.000
K_8 -4.441 -818.649 3.000
A_9 0.000 185.740 3.000
L_10 0.000 679.918 8.000
V_11 0.000 613.196 5.000
R_12 -11.867 -1015.709 5.000
V_13 0.000 613.196 8.000
F_14 0.000 560.542 8.000
K_15 -10.149 -818.649 5.000
I_16 0.000 777.529 5.000
Y_17 -9.978 -274.939 8.000
L_18 0.000 679.918 5.000
T_19 -14.420 -90.974 8.000
A_20 0.000 185.740 8.000
S_21 -17.098 -90.060 11.000
Y_22 -11.154 -274.939 10.000
T_23 -16.309 -90.974 10.000
Y_24 -9.265 -274.939 7.000
P_25 0.000 -195.996 10.000
F_26 0.000 560.542 7.000
R_27 -16.309 -1015.709 6.000
G_28 0.000 -27.649 6.000
W_29 -4.441 -203.500 6.000
P_30 0.000 -195.996 1.000
V_31 0.000 613.196 1.000
A_32 0.000 185.740 5.000
F_33 0.000 560.542 6.000
R_34 -25.574 -1015.709 10.000
W_35 -6.542 -203.500 14.000
D_36 -25.003 -475.402 14.000
D_37 -25.003 -475.402 14.000
V_38 0.000 613.196 13.000
R_39 -23.856 -1015.709 9.000
A_40 0.000 185.740 5.000
V_41 0.000 613.196 10.000
G_42 0.000 -27.649 8.000
R_43 -27.076 -1015.709 11.000
S_44 -19.059 -90.060 14.000
S_45 -20.127 -90.060 16.000
S_46 -20.127 -90.060 16.000
H_47 -12.518 -583.484 13.000
R_48 -25.574 -1015.709 10.000
A_49 0.000 185.740 10.000
L_50 0.000 679.918 8.000
T_51 -4.441 -90.974 3.000
C_52 0.000 322.480 3.000
A_53 0.000 185.740 3.000
A_54 0.000 185.740 0.000
A_55 0.000 185.740 0.000
A_56 0.000 185.740 0.000
A_57 0.000 185.740 0.000
G_58 0.000 -27.649 1.000
V_59 0.000 613.196 1.000
W_60 -0.000 -203.500 1.000
L_61 0.000 679.918 6.000
L_62 0.000 679.918 10.000
R_63 -29.616 -1015.709 13.000
D_64 -26.485 -475.402 16.000
E_65 -26.485 -605.239 16.000
T_66 -17.098 -90.974 11.000
L_67 0.000 679.918 7.000
G_68 0.000 -27.649 7.000
G_69 0.000 -27.649 4.000
D_70 -7.878 -475.402 4.000
A_71 0.000 185.740 4.000
L_72 0.000 679.918 9.000
G_73 0.000 -27.649 5.000
R_74 -11.867 -1015.709 5.000
P_75 0.000 -195.996 10.000
P_76 0.000 -195.996 10.000
R_77 -11.867 -1015.709 5.000
G_78 0.000 -27.649 10.000
A_79 0.000 185.740 13.000
R_80 -28.412 -1015.709 12.000
S_81 -17.811 -90.060 12.000
Q_82 -26.485 -643.904 16.000
A_83 0.000 185.740 11.000
Q_84 -18.409 -643.904 8.000
C_85 0.000 322.480 4.000
L_86 0.000 679.918 8.000
L_87 0.000 679.918 8.000
Q_88 -18.409 -643.904 8.000
Q_89 -24.169 -643.904 13.000
L_90 0.000 679.918 17.000
R_91 -29.616 -1015.709 13.000
E_92 -19.866 -605.239 9.000
L_93 0.000 679.918 9.000
P_94 0.000 -195.996 8.000
G_95 0.000 -27.649 4.000
Q_96 -7.878 -643.904 4.000
L_97 0.000 679.918 7.000
A_98 0.000 185.740 9.000
S_99 -10.149 -90.060 5.000
Y_100 -7.426 -274.939 5.000
A_101 0.000 185.740 5.000
L_102 0.000 679.918 4.000
A_103 0.000 185.740 5.000
H_104 -7.426 -583.484 5.000
S_105 -10.149 -90.060 5.000
L_106 0.000 679.918 10.000
G_107 0.000 -27.649 9.000
R_108 -16.309 -1015.709 6.000
W_109 -4.441 -203.500 6.000
L_110 0.000 679.918 8.000
V_111 0.000 613.196 3.000
Y_112 -1.718 -274.939 2.000
P_113 0.000 -195.996 5.000
G_114 0.000 -27.649 5.000
S_115 -11.867 -90.060 6.000
V_116 0.000 613.196 6.000
S_117 -11.867 -90.060 6.000
L_118 0.000 679.918 6.000
M_119 0.000 401.769 11.000
T_120 -14.420 -90.974 8.000
R_121 -21.845 -1015.709 8.000
A_122 0.000 185.740 8.000
L_123 0.000 679.918 5.000
L_124 0.000 679.918 0.000
P_125 0.000 -195.996 0.000
L_126 0.000 679.918 4.000
L_127 0.000 679.918 8.000
Q_128 -18.409 -643.904 8.000
Q_129 -23.258 -643.904 12.000
G_130 0.000 -27.649 16.000
Q_131 -27.150 -643.904 17.000
E_132 -24.169 -605.239 13.000
R_133 -29.616 -1015.709 13.000
L_134 0.000 679.918 13.000
V_135 0.000 613.196 14.000
E_136 -22.253 -605.239 11.000
R_137 -29.616 -1015.709 13.000
Y_138 -12.518 -274.939 13.000
H_139 -12.900 -583.484 14.000
G_140 0.000 -27.649 14.000
R_141 -28.412 -1015.709 12.000
R_142 -29.616 -1015.709 13.000
A_143 0.000 185.740 13.000
K_144 -14.420 -818.649 8.000
L_145 0.000 679.918 3.000
V_146 0.000 613.196 3.000
A_147 0.000 185.740 4.000
C_148 0.000 322.480 4.000
D_149 -18.409 -475.402 8.000
G_150 0.000 -27.649 12.000
N_151 -23.258 -507.047 12.000
E_152 -23.258 -605.239 12.000
I_153 0.000 777.529 15.000
D_154 -22.253 -475.402 11.000
T_155 -13.255 -90.974 7.000
M_156 0.000 401.769 7.000
F_157 0.000 560.542 7.000
M_158 0.000 401.769 9.000
D_159 -25.003 -475.402 14.000
R_160 -34.315 -1015.709 18.000
R_161 -35.785 -1015.709 20.000
Q_162 -26.485 -643.904 16.000
H_163 -11.652 -583.484 11.000
P_164 0.000 -195.996 9.000
G_165 0.000 -27.649 7.000
S_166 -10.149 -90.060 5.000
H_167 -9.265 -583.484 7.000
V_168 0.000 613.196 7.000
H_169 -6.160 -583.484 4.000
G_170 0.000 -27.649 7.000
P_171 0.000 -195.996 7.000
R_172 -11.867 -1015.709 5.000
L_173 0.000 679.918 5.000
V_174 0.000 613.196 5.000
I_175 0.000 777.529 0.000
C_176 0.000 322.480 4.000
C_177 0.000 322.480 4.000
E_178 -18.409 -605.239 8.000
G_179 0.000 -27.649 8.000
N_180 -18.409 -507.047 8.000
A_181 0.000 185.740 4.000
G_182 0.000 -27.649 6.000
F_183 0.000 560.542 6.000
Y_184 -8.431 -274.939 6.000
E_185 -14.591 -605.239 6.000
M_186 0.000 401.769 6.000
G_187 0.000 -27.649 4.000
C_188 0.000 322.480 3.000
L_189 0.000 679.918 3.000
S_190 -4.441 -90.060 3.000
A_191 0.000 185.740 3.000
P_192 0.000 -195.996 7.000
L_193 0.000 679.918 4.000
E_194 -7.878 -605.239 4.000
A_195 0.000 185.740 6.000
G_196 0.000 -27.649 9.000
Y_197 -7.426 -274.939 5.000
S_198 -10.149 -90.060 5.000
V_199 0.000 613.196 5.000
L_200 0.000 679.918 4.000
G_201 0.000 -27.649 5.000
W_202 -4.824 -203.500 7.000
N_203 -16.691 -507.047 7.000
H_204 -9.265 -583.484 7.000
P_205 0.000 -195.996 6.000
G_206 0.000 -27.649 2.000
F_207 0.000 560.542 3.000
G_208 0.000 -27.649 6.000
S_209 -15.425 -90.060 9.000
S_210 -15.425 -90.060 9.000
T_211 -15.425 -90.974 9.000
G_212 0.000 -27.649 6.000
V_213 0.000 613.196 3.000
P_214 0.000 -195.996 0.000
F_215 0.000 560.542 4.000
P_216 0.000 -195.996 6.000
Q_217 -21.132 -643.904 10.000
H_218 -11.154 -583.484 10.000
D_219 -25.003 -475.402 14.000
A_220 0.000 185.740 10.000
N_221 -18.409 -507.047 8.000
A_222 0.000 185.740 8.000
M_223 0.000 401.769 8.000
D_224 -7.878 -475.402 4.000
V_225 0.000 613.196 4.000
V_226 0.000 613.196 8.000
V_227 0.000 613.196 6.000
E_228 -14.591 -605.239 6.000
Y_229 -8.431 -274.939 6.000
A_230 0.000 185.740 8.000
L_231 0.000 679.918 9.000
H_232 -9.265 -583.484 7.000
R_233 -23.856 -1015.709 9.000
L_234 0.000 679.918 9.000
H_235 -9.265 -583.484 7.000
F_236 0.000 560.542 2.000
P_237 0.000 -195.996 2.000
P_238 0.000 -195.996 2.000
A_239 0.000 185.740 2.000
H_240 -1.718 -583.484 2.000
L_241 0.000 679.918 2.000
V_242 0.000 613.196 4.000
V_243 0.000 613.196 2.000
Y_244 -4.441 -274.939 3.000
G_245 0.000 -27.649 6.000
W_246 -4.441 -203.500 6.000
S_247 -7.878 -90.060 4.000
V_248 0.000 613.196 4.000
G_249 0.000 -27.649 3.000
G_250 0.000 -27.649 3.000
F_251 0.000 560.542 3.000
T_252 -11.867 -90.974 6.000
A_253 0.000 185.740 7.000
T_254 -13.255 -90.974 7.000
W_255 -4.824 -203.500 7.000
A_256 0.000 185.740 7.000
T_257 -13.255 -90.974 7.000
M_258 0.000 401.769 8.000
T_259 -14.420 -90.974 8.000
Y_260 -10.601 -274.939 9.000
P_261 0.000 -195.996 9.000
E_262 -14.591 -605.239 6.000
L_263 0.000 679.918 4.000
G_264 0.000 -27.649 4.000
A_265 0.000 185.740 0.000
L_266 0.000 679.918 0.000
V_267 0.000 613.196 4.000
L_268 0.000 679.918 4.000
D_269 -16.691 -475.402 7.000
A_270 0.000 185.740 7.000
T_271 -17.098 -90.974 11.000
F_272 0.000 560.542 11.000
D_273 -22.253 -475.402 11.000
D_274 -18.409 -475.402 8.000
L_275 0.000 679.918 8.000
V_276 0.000 613.196 4.000
P_277 0.000 -195.996 0.000
L_278 0.000 679.918 0.000
A_279 0.000 185.740 3.000
L_280 0.000 679.918 3.000
K_281 -4.441 -818.649 3.000
V_282 0.000 613.196 3.000
M_283 0.000 401.769 5.000
P_284 0.000 -195.996 5.000
H_285 -8.431 -583.484 6.000
S_286 -15.425 -90.060 9.000
W_287 -5.447 -203.500 9.000
K_288 -13.255 -818.649 7.000
G_289 0.000 -27.649 4.000
L_290 0.000 679.918 3.000
V_291 0.000 613.196 5.000
V_292 0.000 613.196 8.000
R_293 -21.845 -1015.709 8.000
T_294 -18.462 -90.974 13.000
V_295 0.000 613.196 17.000
R_296 -30.711 -1015.709 14.000
E_297 -22.253 -605.239 11.000
H_298 -13.255 -583.484 15.000
F_299 0.000 560.542 10.000
N_300 -21.132 -507.047 10.000
L_301 0.000 679.918 8.000
N_302 -18.409 -507.047 8.000
V_303 0.000 613.196 8.000
A_304 0.000 185.740 12.000
E_305 -18.409 -605.239 8.000
Q_306 -18.409 -643.904 8.000
L_307 0.000 679.918 8.000
C_308 0.000 322.480 6.000
C_309 0.000 322.480 2.000
Y_310 -1.718 -274.939 2.000
P_311 0.000 -195.996 2.000
G_312 0.000 -27.649 2.000
P_313 0.000 -195.996 0.000
V_314 0.000 613.196 0.000
L_315 0.000 679.918 0.000
L_316 0.000 679.918 5.000
L_317 0.000 679.918 10.000
R_318 -29.616 -1015.709 13.000
R_319 -33.508 -1015.709 17.000
T_320 -22.271 -90.974 21.000
Q_321 -28.912 -643.904 20.000
D_322 -25.772 -475.402 15.000
D_323 -23.258 -475.402 12.000
V_324 0.000 613.196 11.000
V_325 0.000 613.196 10.000
S_326 -15.425 -90.060 9.000
T_327 -15.425 -90.974 9.000
S_328 -19.059 -90.060 14.000
G_329 0.000 -27.649 11.000
R_330 -29.616 -1015.709 13.000
L_331 0.000 679.918 10.000
R_332 -25.574 -1015.709 10.000
P_333 0.000 -195.996 8.000
L_334 0.000 679.918 8.000
S_335 -4.441 -90.060 3.000
P_336 0.000 -195.996 7.000
G_337 0.000 -27.649 7.000
D_338 -18.409 -475.402 8.000
V_339 0.000 613.196 8.000
E_340 -23.258 -605.239 12.000
G_341 0.000 -27.649 13.000
N_342 -24.169 -507.047 13.000
R_343 -29.616 -1015.709 13.000
G_344 0.000 -27.649 17.000
N_345 -24.169 -507.047 13.000
E_346 -18.409 -605.239 8.000
L_347 0.000 679.918 8.000
L_348 0.000 679.918 9.000
L_349 0.000 679.918 5.000
R_350 -11.867 -1015.709 5.000
L_351 0.000 679.918 9.000
L_352 0.000 679.918 11.000
E_353 -22.253 -605.239 11.000
H_354 -12.518 -583.484 13.000
R_355 -29.616 -1015.709 13.000
Y_356 -10.601 -274.939 9.000
P_357 0.000 -195.996 7.000
V_358 0.000 613.196 2.000
V_359 0.000 613.196 0.000
M_360 0.000 401.769 5.000
A_361 0.000 185.740 9.000
R_362 -23.856 -1015.709 9.000
E_363 -25.003 -605.239 14.000
G_364 0.000 -27.649 14.000
R_365 -23.856 -1015.709 9.000
A_366 0.000 185.740 5.000
V_367 0.000 613.196 8.000
V_368 0.000 613.196 8.000
T_369 -15.425 -90.974 9.000
R_370 -23.856 -1015.709 9.000
W_371 -6.542 -203.500 14.000
L_372 0.000 679.918 11.000
R_373 -16.309 -1015.709 6.000
A_374 0.000 185.740 8.000
G_375 0.000 -27.649 8.000
S_376 -4.441 -90.060 3.000
L_377 0.000 679.918 7.000
A_378 0.000 185.740 11.000
Q_379 -18.409 -643.904 8.000
E_380 -18.409 -605.239 8.000
A_381 0.000 185.740 8.000
A_382 0.000 185.740 6.000
F_383 0.000 560.542 2.000
Y_384 -9.265 -274.939 7.000
A_385 0.000 185.740 9.000
R_386 -30.711 -1015.709 14.000
Y_387 -12.104 -274.939 12.000
R_388 -32.645 -1015.709 16.000
V_389 0.000 613.196 15.000
D_390 -27.150 -475.402 17.000
E_391 -24.169 -605.239 13.000
D_392 -24.169 -475.402 13.000
W_393 -5.447 -203.500 9.000
C_394 0.000 322.480 5.000
L_395 0.000 679.918 1.000
A_396 0.000 185.740 0.000
L_397 0.000 679.918 5.000
L_398 0.000 679.918 8.000
R_399 -25.574 -1015.709 10.000
S_400 -19.613 -90.060 15.000
Y_401 -13.255 -274.939 15.000
R_402 -31.716 -1015.709 15.000
A_403 0.000 185.740 12.000
R_404 -30.711 -1015.709 14.000
C_405 0.000 322.480 13.000
E_406 -27.150 -605.239 17.000
E_407 -23.258 -605.239 12.000
E_408 -26.485 -605.239 16.000
L_409 0.000 679.918 12.000
E_410 -23.258 -605.239 12.000
G_411 0.000 -27.649 12.000
E_412 -23.258 -605.239 12.000
E_413 -18.409 -605.239 8.000
A_414 0.000 185.740 8.000
L_415 0.000 679.918 4.000
G_416 0.000 -27.649 2.000
P_417 0.000 -195.996 2.000
H_418 -1.718 -583.484 2.000
G_419 0.000 -27.649 2.000
P_420 0.000 -195.996 2.000
A_421 0.000 185.740 0.000
F_422 0.000 560.542 1.000
P_423 0.000 -195.996 1.000
W_424 -0.000 -203.500 1.000
L_425 0.000 679.918 1.000
V_426 0.000 613.196 5.000
G_427 0.000 -27.649 4.000
Q_428 -7.878 -643.904 4.000
G_429 0.000 -27.649 7.000
L_430 0.000 679.918 10.000
S_431 -17.098 -90.060 11.000
S_432 -20.127 -90.060 16.000
R_433 -36.459 -1015.709 21.000
R_434 -37.706 -1015.709 23.000
R_435 -38.838 -1015.709 25.000
R_436 -35.785 -1015.709 20.000
R_437 -31.716 -1015.709 15.000
L_438 0.000 679.918 10.000
A_439 0.000 185.740 5.000
L_440 0.000 679.918 0.000
F_441 0.000 560.542 0.000
L_442 0.000 679.918 5.000
A_443 0.000 185.740 8.000
R_444 -25.574 -1015.709 10.000
K_445 -16.309 -818.649 10.000
H_446 -12.518 -583.484 13.000
L_447 0.000 679.918 12.000
K_448 -15.425 -818.649 9.000
N_449 -22.253 -507.047 11.000
V_450 0.000 613.196 11.000
E_451 -22.253 -605.239 11.000
A_452 0.000 185.740 9.000
T_453 -15.425 -90.974 9.000
H_454 -9.978 -583.484 8.000
F_455 0.000 560.542 8.000
S_456 -10.149 -90.060 5.000
P_457 0.000 -195.996 7.000
L_458 0.000 679.918 7.000
E_459 -18.409 -605.239 8.000
P_460 0.000 -195.996 12.000
E_461 -23.258 -605.239 12.000
E_462 -23.258 -605.239 12.000
F_463 0.000 560.542 12.000
Q_464 -18.409 -643.904 8.000
L_465 0.000 679.918 5.000
P_466 0.000 -195.996 10.000
W_467 -4.441 -203.500 6.000
R_468 -16.309 -1015.709 6.000
L_469 0.000 679.918 6.000
