M_1 0.000 401.769 7.000
E_2 -16.691 -605.239 7.000
K_3 -13.255 -818.649 7.000
V_4 0.000 613.196 7.000
P_5 0.000 -195.996 7.000
G_6 0.000 -27.649 4.000
E_7 -18.409 -605.239 8.000
M_8 0.000 401.769 8.000
E_9 -23.258 -605.239 12.000
I_10 0.000 777.529 13.000
E_11 -27.773 -605.239 18.000
R_12 -34.315 -1015.709 18.000
R_13 -37.706 -1015.709 23.000
E_14 -29.934 -605.239 22.000
R_15 -36.459 -1015.709 21.000
S_16 -21.889 -90.060 20.000
E_17 -26.485 -605.239 16.000
E_18 -25.003 -605.239 14.000
L_19 0.000 679.918 15.000
S_20 -17.098 -90.060 11.000
E_21 -22.253 -605.239 11.000
A_22 0.000 185.740 16.000
E_23 -26.485 -605.239 16.000
R_24 -28.412 -1015.709 12.000
K_25 -17.811 -818.649 12.000
A_26 0.000 185.740 12.000
V_27 0.000 613.196 7.000
Q_28 -7.878 -643.904 4.000
A_29 0.000 185.740 5.000
M_30 0.000 401.769 5.000
W_31 -4.441 -203.500 6.000
A_32 0.000 185.740 6.000
R_33 -21.845 -1015.709 8.000
L_34 0.000 679.918 7.000
Y_35 -11.652 -274.939 11.000
A_36 0.000 185.740 6.000
N_37 -21.132 -507.047 10.000
C_38 0.000 322.480 12.000
E_39 -23.258 -605.239 12.000
D_40 -18.409 -475.402 8.000
V_41 0.000 613.196 8.000
G_42 0.000 -27.649 4.000
V_43 0.000 613.196 0.000
A_44 0.000 185.740 0.000
I_45 0.000 777.529 0.000
L_46 0.000 679.918 5.000
V_47 0.000 613.196 5.000
R_48 -11.867 -1015.709 5.000
F_49 0.000 560.542 5.000
F_50 0.000 560.542 9.000
V_51 0.000 613.196 4.000
N_52 -7.878 -507.047 4.000
F_53 0.000 560.542 7.000
P_54 0.000 -195.996 7.000
S_55 -11.867 -90.060 6.000
A_56 0.000 185.740 10.000
K_57 -17.811 -818.649 12.000
Q_58 -19.866 -643.904 9.000
Y_59 -12.104 -274.939 12.000
F_60 0.000 560.542 13.000
S_61 -15.425 -90.060 9.000
Q_62 -21.132 -643.904 10.000
F_63 0.000 560.542 12.000
K_64 -15.425 -818.649 9.000
H_65 -10.601 -583.484 9.000
M_66 0.000 401.769 13.000
E_67 -21.132 -605.239 10.000
D_68 -18.409 -475.402 8.000
P_69 0.000 -195.996 12.000
L_70 0.000 679.918 8.000
E_71 -18.409 -605.239 8.000
M_72 0.000 401.769 13.000
E_73 -26.485 -605.239 16.000
R_74 -28.412 -1015.709 12.000
S_75 -20.127 -90.060 16.000
P_76 0.000 -195.996 12.000
Q_77 -23.258 -643.904 12.000
L_78 0.000 679.918 12.000
R_79 -30.711 -1015.709 14.000
K_80 -16.309 -818.649 10.000
H_81 -11.154 -583.484 10.000
A_82 0.000 185.740 10.000
C_83 0.000 322.480 7.000
R_84 -11.867 -1015.709 5.000
V_85 0.000 613.196 5.000
M_86 0.000 401.769 5.000
G_87 0.000 -27.649 0.000
A_88 0.000 185.740 4.000
L_89 0.000 679.918 7.000
N_90 -16.691 -507.047 7.000
T_91 -13.255 -90.974 7.000
V_92 0.000 613.196 11.000
V_93 0.000 613.196 11.000
E_94 -18.409 -605.239 8.000
N_95 -21.132 -507.047 10.000
L_96 0.000 679.918 14.000
H_97 -11.154 -583.484 10.000
D_98 -21.132 -475.402 10.000
P_99 0.000 -195.996 13.000
D_100 -22.253 -475.402 11.000
K_101 -16.309 -818.649 10.000
V_102 0.000 613.196 13.000
S_103 -15.425 -90.060 9.000
S_104 -11.867 -90.060 6.000
V_105 0.000 613.196 6.000
L_106 0.000 679.918 3.000
A_107 0.000 185.740 0.000
L_108 0.000 679.918 0.000
V_109 0.000 613.196 3.000
G_110 0.000 -27.649 3.000
K_111 -10.149 -818.649 5.000
A_112 0.000 185.740 5.000
H_113 -7.426 -583.484 5.000
A_114 0.000 185.740 5.000
L_115 0.000 679.918 7.000
K_116 -14.420 -818.649 8.000
H_117 -9.978 -583.484 8.000
K_118 -17.811 -818.649 12.000
V_119 0.000 613.196 9.000
E_120 -16.691 -605.239 7.000
P_121 0.000 -195.996 6.000
V_122 0.000 613.196 6.000
Y_123 -7.426 -274.939 5.000
F_124 0.000 560.542 5.000
K_125 -10.149 -818.649 5.000
I_126 0.000 777.529 6.000
L_127 0.000 679.918 6.000
S_128 -4.441 -90.060 3.000
G_129 0.000 -27.649 3.000
V_130 0.000 613.196 3.000
I_131 0.000 777.529 4.000
L_132 0.000 679.918 4.000
E_133 -7.878 -605.239 4.000
V_134 0.000 613.196 4.000
V_135 0.000 613.196 8.000
A_136 0.000 185.740 8.000
E_137 -18.409 -605.239 8.000
E_138 -18.409 -605.239 8.000
F_139 0.000 560.542 11.000
A_140 0.000 185.740 11.000
S_141 -13.255 -90.060 7.000
D_142 -16.691 -475.402 7.000
F_143 0.000 560.542 7.000
P_144 0.000 -195.996 8.000
P_145 0.000 -195.996 7.000
E_146 -22.253 -605.239 11.000
T_147 -20.127 -90.974 16.000
Q_148 -26.485 -643.904 16.000
R_149 -29.616 -1015.709 13.000
A_150 0.000 185.740 10.000
W_151 -5.447 -203.500 9.000
A_152 0.000 185.740 4.000
K_153 -15.425 -818.649 9.000
L_154 0.000 679.918 8.000
R_155 -21.845 -1015.709 8.000
G_156 0.000 -27.649 5.000
L_157 0.000 679.918 7.000
I_158 0.000 777.529 5.000
Y_159 -9.265 -274.939 7.000
S_160 -13.255 -90.060 7.000
H_161 -11.154 -583.484 10.000
V_162 0.000 613.196 8.000
T_163 -10.149 -90.974 5.000
A_164 0.000 185.740 5.000
A_165 0.000 185.740 8.000
Y_166 -10.601 -274.939 9.000
K_167 -15.425 -818.649 9.000
E_168 -19.866 -605.239 9.000
V_169 0.000 613.196 8.000
G_170 0.000 -27.649 5.000
W_171 -3.990 -203.500 5.000
V_172 0.000 613.196 9.000
Q_173 -19.866 -643.904 9.000
Q_174 -18.409 -643.904 8.000
V_175 0.000 613.196 12.000
P_176 0.000 -195.996 8.000
N_177 -16.691 -507.047 7.000
A_178 0.000 185.740 10.000
T_179 -16.309 -90.974 10.000
T_180 -11.867 -90.974 6.000
P_181 0.000 -195.996 6.000
P_182 0.000 -195.996 6.000
A_183 0.000 185.740 3.000
T_184 -4.441 -90.974 3.000
L_185 0.000 679.918 6.000
P_186 0.000 -195.996 9.000
S_187 -11.867 -90.060 6.000
S_188 -11.867 -90.060 6.000
G_189 0.000 -27.649 6.000
P_190 0.000 -195.996 3.000
