M_1 0.000 401.769 2.000
H_2 -1.718 -583.484 2.000
L_3 0.000 679.918 2.000
C_4 0.000 322.480 2.000
G_5 0.000 -27.649 4.000
G_6 0.000 -27.649 4.000
N_7 -7.878 -507.047 4.000
G_8 0.000 -27.649 4.000
L_9 0.000 679.918 7.000
L_10 0.000 679.918 7.000
T_11 -16.309 -90.974 10.000
Q_12 -25.003 -643.904 14.000
T_13 -19.059 -90.974 14.000
D_14 -25.003 -475.402 14.000
P_15 0.000 -195.996 14.000
K_16 -19.613 -818.649 15.000
E_17 -25.772 -605.239 15.000
Q_18 -28.912 -643.904 20.000
Q_19 -29.436 -643.904 21.000
R_20 -33.508 -1015.709 17.000
Q_21 -26.485 -643.904 16.000
L_22 0.000 679.918 15.000
K_23 -19.059 -818.649 14.000
K_24 -18.462 -818.649 13.000
Q_25 -27.150 -643.904 17.000
K_26 -21.486 -818.649 19.000
N_27 -26.485 -507.047 16.000
R_28 -28.412 -1015.709 12.000
A_29 0.000 185.740 9.000
A_30 0.000 185.740 9.000
A_31 0.000 185.740 9.000
Q_32 -23.258 -643.904 12.000
R_33 -33.508 -1015.709 17.000
S_34 -22.271 -90.060 21.000
R_35 -35.785 -1015.709 20.000
Q_36 -27.150 -643.904 17.000
K_37 -20.609 -818.649 17.000
H_38 -13.586 -583.484 16.000
T_39 -19.613 -90.974 15.000
D_40 -23.258 -475.402 12.000
K_41 -19.059 -818.649 14.000
A_42 0.000 185.740 11.000
D_43 -16.691 -475.402 7.000
A_44 0.000 185.740 6.000
L_45 0.000 679.918 10.000
H_46 -11.154 -583.484 10.000
Q_47 -23.258 -643.904 12.000
Q_48 -26.485 -643.904 16.000
H_49 -13.896 -583.484 17.000
E_50 -24.169 -605.239 13.000
S_51 -18.462 -90.060 13.000
L_52 0.000 679.918 14.000
E_53 -25.003 -605.239 14.000
K_54 -19.613 -818.649 15.000
D_55 -25.772 -475.402 15.000
N_56 -22.253 -507.047 11.000
L_57 0.000 679.918 8.000
A_58 0.000 185.740 9.000
L_59 0.000 679.918 8.000
R_60 -28.412 -1015.709 12.000
K_61 -17.811 -818.649 12.000
E_62 -26.485 -605.239 16.000
I_63 0.000 777.529 14.000
Q_64 -22.253 -643.904 11.000
S_65 -17.098 -90.060 11.000
L_66 0.000 679.918 11.000
Q_67 -22.253 -643.904 11.000
A_68 0.000 185.740 8.000
E_69 -18.409 -605.239 8.000
L_70 0.000 679.918 5.000
A_71 0.000 185.740 6.000
W_72 -3.990 -203.500 5.000
W_73 -5.708 -203.500 10.000
S_74 -18.462 -90.060 13.000
R_75 -28.412 -1015.709 12.000
T_76 -18.462 -90.974 13.000
L_77 0.000 679.918 10.000
H_78 -9.265 -583.484 7.000
V_79 0.000 613.196 8.000
H_80 -12.518 -583.484 13.000
E_81 -22.253 -605.239 11.000
R_82 -27.076 -1015.709 11.000
L_83 0.000 679.918 9.000
C_84 0.000 322.480 5.000
P_85 0.000 -195.996 4.000
M_86 0.000 401.769 4.000
D_87 -7.878 -475.402 4.000
C_88 0.000 322.480 7.000
A_89 0.000 185.740 7.000
S_90 -11.867 -90.060 6.000
C_91 0.000 322.480 6.000
S_92 -11.867 -90.060 6.000
A_93 0.000 185.740 3.000
P_94 0.000 -195.996 3.000
G_95 0.000 -27.649 0.000
L_96 0.000 679.918 0.000
L_97 0.000 679.918 0.000
G_98 0.000 -27.649 1.000
C_99 0.000 322.480 5.000
W_100 -5.447 -203.500 9.000
D_101 -19.866 -475.402 9.000
Q_102 -24.169 -643.904 13.000
A_103 0.000 185.740 12.000
E_104 -18.409 -605.239 8.000
G_105 0.000 -27.649 4.000
L_106 0.000 679.918 4.000
L_107 0.000 679.918 0.000
G_108 0.000 -27.649 0.000
P_109 0.000 -195.996 0.000
G_110 0.000 -27.649 4.000
P_111 0.000 -195.996 4.000
Q_112 -18.409 -643.904 8.000
G_113 0.000 -27.649 10.000
Q_114 -21.132 -643.904 10.000
H_115 -8.431 -583.484 6.000
G_116 0.000 -27.649 11.000
C_117 0.000 322.480 11.000
R_118 -29.616 -1015.709 13.000
E_119 -24.169 -605.239 13.000
Q_120 -27.150 -643.904 17.000
L_121 0.000 679.918 12.000
E_122 -18.409 -605.239 8.000
L_123 0.000 679.918 8.000
F_124 0.000 560.542 11.000
Q_125 -16.691 -643.904 7.000
T_126 -13.255 -90.974 7.000
P_127 0.000 -195.996 10.000
G_128 0.000 -27.649 6.000
S_129 -10.149 -90.060 5.000
C_130 0.000 322.480 5.000
Y_131 -7.426 -274.939 5.000
P_132 0.000 -195.996 6.000
A_133 0.000 185.740 6.000
Q_134 -7.878 -643.904 4.000
P_135 0.000 -195.996 7.000
L_136 0.000 679.918 7.000
S_137 -4.441 -90.060 3.000
P_138 0.000 -195.996 3.000
G_139 0.000 -27.649 7.000
P_140 0.000 -195.996 4.000
Q_141 -14.591 -643.904 6.000
P_142 0.000 -195.996 10.000
H_143 -12.518 -583.484 13.000
D_144 -19.866 -475.402 9.000
S_145 -17.811 -90.060 12.000
P_146 0.000 -195.996 10.000
S_147 -11.867 -90.060 6.000
L_148 0.000 679.918 7.000
L_149 0.000 679.918 7.000
Q_150 -7.878 -643.904 4.000
C_151 0.000 322.480 4.000
P_152 0.000 -195.996 4.000
L_153 0.000 679.918 3.000
P_154 0.000 -195.996 3.000
S_155 -11.867 -90.060 6.000
L_156 0.000 679.918 6.000
S_157 -11.867 -90.060 6.000
L_158 0.000 679.918 3.000
G_159 0.000 -27.649 3.000
P_160 0.000 -195.996 0.000
A_161 0.000 185.740 0.000
V_162 0.000 613.196 0.000
V_163 0.000 613.196 4.000
A_164 0.000 185.740 4.000
E_165 -7.878 -605.239 4.000
P_166 0.000 -195.996 4.000
P_167 0.000 -195.996 8.000
V_168 0.000 613.196 4.000
Q_169 -16.691 -643.904 7.000
L_170 0.000 679.918 7.000
S_171 -16.309 -90.060 10.000
P_172 0.000 -195.996 6.000
S_173 -11.867 -90.060 6.000
P_174 0.000 -195.996 3.000
L_175 0.000 679.918 3.000
L_176 0.000 679.918 0.000
F_177 0.000 560.542 3.000
A_178 0.000 185.740 5.000
S_179 -14.420 -90.060 8.000
H_180 -9.978 -583.484 8.000
T_181 -17.098 -90.974 11.000
G_182 0.000 -27.649 11.000
S_183 -15.425 -90.060 9.000
S_184 -16.309 -90.060 10.000
L_185 0.000 679.918 10.000
Q_186 -21.132 -643.904 10.000
G_187 0.000 -27.649 10.000
S_188 -18.462 -90.060 13.000
S_189 -17.811 -90.060 12.000
S_190 -17.811 -90.060 12.000
K_191 -17.811 -818.649 12.000
L_192 0.000 679.918 9.000
S_193 -11.867 -90.060 6.000
A_194 0.000 185.740 7.000
L_195 0.000 679.918 7.000
Q_196 -16.691 -643.904 7.000
P_197 0.000 -195.996 7.000
S_198 -16.309 -90.060 10.000
L_199 0.000 679.918 6.000
T_200 -16.309 -90.974 10.000
A_201 0.000 185.740 10.000
Q_202 -21.132 -643.904 10.000
T_203 -13.255 -90.974 7.000
A_204 0.000 185.740 7.000
P_205 0.000 -195.996 7.000
P_206 0.000 -195.996 4.000
Q_207 -7.878 -643.904 4.000
P_208 0.000 -195.996 8.000
L_209 0.000 679.918 8.000
E_210 -18.409 -605.239 8.000
L_211 0.000 679.918 10.000
E_212 -21.132 -605.239 10.000
H_213 -10.601 -583.484 9.000
P_214 0.000 -195.996 14.000
T_215 -16.309 -90.974 10.000
R_216 -27.076 -1015.709 11.000
G_217 0.000 -27.649 11.000
K_218 -14.420 -818.649 8.000
L_219 0.000 679.918 6.000
G_220 0.000 -27.649 9.000
S_221 -11.867 -90.060 6.000
S_222 -16.309 -90.060 10.000
P_223 0.000 -195.996 14.000
D_224 -22.253 -475.402 11.000
N_225 -22.253 -507.047 11.000
P_226 0.000 -195.996 14.000
S_227 -16.309 -90.060 10.000
S_228 -11.867 -90.060 6.000
A_229 0.000 185.740 6.000
L_230 0.000 679.918 3.000
G_231 0.000 -27.649 0.000
L_232 0.000 679.918 5.000
A_233 0.000 185.740 5.000
R_234 -23.856 -1015.709 9.000
L_235 0.000 679.918 12.000
Q_236 -27.150 -643.904 17.000
S_237 -20.127 -90.060 16.000
R_238 -34.315 -1015.709 18.000
E_239 -27.150 -605.239 17.000
H_240 -12.900 -583.484 14.000
K_241 -15.425 -818.649 9.000
P_242 0.000 -195.996 5.000
A_243 0.000 185.740 6.000
L_244 0.000 679.918 3.000
S_245 -4.441 -90.060 3.000
A_246 0.000 185.740 6.000
A_247 0.000 185.740 7.000
T_248 -14.420 -90.974 8.000
W_249 -5.155 -203.500 8.000
Q_250 -18.409 -643.904 8.000
G_251 0.000 -27.649 5.000
L_252 0.000 679.918 4.000
V_253 0.000 613.196 4.000
V_254 0.000 613.196 4.000
D_255 -16.691 -475.402 7.000
P_256 0.000 -195.996 7.000
S_257 -15.425 -90.060 9.000
P_258 0.000 -195.996 5.000
H_259 -7.426 -583.484 5.000
P_260 0.000 -195.996 2.000
L_261 0.000 679.918 2.000
L_262 0.000 679.918 0.000
A_263 0.000 185.740 0.000
F_264 0.000 560.542 0.000
P_265 0.000 -195.996 0.000
L_266 0.000 679.918 3.000
L_267 0.000 679.918 6.000
S_268 -11.867 -90.060 6.000
S_269 -16.309 -90.060 10.000
A_270 0.000 185.740 10.000
Q_271 -19.866 -643.904 9.000
V_272 0.000 613.196 6.000
H_273 -8.431 -583.484 6.000
F_274 0.000 560.542 2.000
