M_1 0.000 401.769 0.000
L_2 0.000 679.918 4.000
C_3 0.000 322.480 8.000
D_4 -22.253 -475.402 11.000
E_5 -22.253 -605.239 11.000
K_6 -19.613 -818.649 15.000
A_7 0.000 185.740 14.000
Q_8 -25.772 -643.904 15.000
K_9 -20.609 -818.649 17.000
R_10 -35.785 -1015.709 20.000
R_11 -36.459 -1015.709 21.000
K_12 -22.271 -818.649 21.000
R_13 -32.645 -1015.709 16.000
K_14 -19.059 -818.649 14.000
A_15 0.000 185.740 15.000
K_16 -18.462 -818.649 13.000
E_17 -21.132 -605.239 10.000
S_18 -16.309 -90.060 10.000
G_19 0.000 -27.649 7.000
M_20 0.000 401.769 3.000
A_21 0.000 185.740 0.000
L_22 0.000 679.918 4.000
P_23 0.000 -195.996 4.000
Q_24 -14.591 -643.904 6.000
G_25 0.000 -27.649 6.000
H_26 -10.601 -583.484 9.000
L_27 0.000 679.918 5.000
T_28 -16.309 -90.974 10.000
F_29 0.000 560.542 12.000
R_30 -28.412 -1015.709 12.000
D_31 -19.866 -475.402 9.000
V_32 0.000 613.196 9.000
A_33 0.000 185.740 8.000
I_34 0.000 777.529 4.000
E_35 -16.691 -605.239 7.000
F_36 0.000 560.542 11.000
S_37 -17.098 -90.060 11.000
Q_38 -22.253 -643.904 11.000
A_39 0.000 185.740 12.000
E_40 -23.258 -605.239 12.000
W_41 -5.155 -203.500 8.000
K_42 -14.420 -818.649 8.000
C_43 0.000 322.480 8.000
L_44 0.000 679.918 7.000
D_45 -7.878 -475.402 4.000
P_46 0.000 -195.996 8.000
A_47 0.000 185.740 13.000
Q_48 -19.866 -643.904 9.000
R_49 -23.856 -1015.709 9.000
A_50 0.000 185.740 11.000
L_51 0.000 679.918 10.000
Y_52 -10.601 -274.939 9.000
K_53 -15.425 -818.649 9.000
D_54 -19.866 -475.402 9.000
V_55 0.000 613.196 7.000
M_56 0.000 401.769 8.000
L_57 0.000 679.918 8.000
E_58 -21.132 -605.239 10.000
N_59 -25.772 -507.047 15.000
Y_60 -14.463 -274.939 19.000
R_61 -31.716 -1015.709 15.000
N_62 -22.253 -507.047 11.000
L_63 0.000 679.918 12.000
V_64 0.000 613.196 7.000
S_65 -4.441 -90.060 3.000
L_66 0.000 679.918 3.000
G_67 0.000 -27.649 6.000
I_68 0.000 777.529 3.000
S_69 -4.441 -90.060 3.000
L_70 0.000 679.918 7.000
P_71 0.000 -195.996 7.000
D_72 -18.409 -475.402 8.000
L_73 0.000 679.918 8.000
N_74 -23.258 -507.047 12.000
I_75 0.000 777.529 11.000
N_76 -22.253 -507.047 11.000
S_77 -13.255 -90.060 7.000
M_78 0.000 401.769 11.000
L_79 0.000 679.918 11.000
E_80 -24.169 -605.239 13.000
Q_81 -27.773 -643.904 18.000
R_82 -37.098 -1015.709 22.000
R_83 -34.315 -1015.709 18.000
E_84 -25.772 -605.239 15.000
P_85 0.000 -195.996 13.000
W_86 -5.155 -203.500 8.000
S_87 -14.420 -90.060 8.000
G_88 0.000 -27.649 11.000
E_89 -25.003 -605.239 14.000
S_90 -17.098 -90.060 11.000
E_91 -25.003 -605.239 14.000
V_92 0.000 613.196 10.000
K_93 -13.255 -818.649 7.000
I_94 0.000 777.529 6.000
A_95 0.000 185.740 10.000
K_96 -16.309 -818.649 10.000
N_97 -25.003 -507.047 14.000
S_98 -19.059 -90.060 14.000
D_99 -26.485 -475.402 16.000
G_100 0.000 -27.649 16.000
R_101 -29.616 -1015.709 13.000
E_102 -19.866 -605.239 9.000
C_103 0.000 322.480 12.000
I_104 0.000 777.529 7.000
K_105 -4.441 -818.649 3.000
G_106 0.000 -27.649 7.000
V_107 0.000 613.196 10.000
N_108 -16.691 -507.047 7.000
T_109 -16.309 -90.974 10.000
G_110 0.000 -27.649 13.000
S_111 -17.098 -90.060 11.000
S_112 -14.420 -90.060 8.000
Y_113 -9.978 -274.939 8.000
A_114 0.000 185.740 5.000
L_115 0.000 679.918 5.000
G_116 0.000 -27.649 7.000
S_117 -13.255 -90.060 7.000
N_118 -22.253 -507.047 11.000
A_119 0.000 185.740 15.000
E_120 -25.772 -605.239 15.000
D_121 -22.253 -475.402 11.000
K_122 -17.098 -818.649 11.000
P_123 0.000 -195.996 10.000
I_124 0.000 777.529 9.000
K_125 -16.309 -818.649 10.000
K_126 -16.309 -818.649 10.000
Q_127 -21.132 -643.904 10.000
L_128 0.000 679.918 7.000
G_129 0.000 -27.649 7.000
V_130 0.000 613.196 3.000
S_131 -10.149 -90.060 5.000
F_132 0.000 560.542 5.000
H_133 -9.265 -583.484 7.000
L_134 0.000 679.918 4.000
H_135 -9.265 -583.484 7.000
L_136 0.000 679.918 9.000
S_137 -15.425 -90.060 9.000
E_138 -22.253 -605.239 11.000
L_139 0.000 679.918 11.000
E_140 -18.409 -605.239 8.000
L_141 0.000 679.918 4.000
F_142 0.000 560.542 8.000
P_143 0.000 -195.996 8.000
D_144 -24.169 -475.402 13.000
E_145 -24.169 -605.239 13.000
R_146 -29.616 -1015.709 13.000
V_147 0.000 613.196 13.000
I_148 0.000 777.529 9.000
N_149 -7.878 -507.047 4.000
G_150 0.000 -27.649 8.000
C_151 0.000 322.480 12.000
N_152 -18.409 -507.047 8.000
Q_153 -23.258 -643.904 12.000
V_154 0.000 613.196 16.000
E_155 -23.258 -605.239 12.000
N_156 -18.409 -507.047 8.000
F_157 0.000 560.542 12.000
I_158 0.000 777.529 10.000
N_159 -19.866 -507.047 9.000
H_160 -12.104 -583.484 12.000
S_161 -19.613 -90.060 15.000
S_162 -17.098 -90.060 11.000
S_163 -17.811 -90.060 12.000
V_164 0.000 613.196 9.000
S_165 -11.867 -90.060 6.000
C_166 0.000 322.480 7.000
L_167 0.000 679.918 11.000
Q_168 -18.409 -643.904 8.000
E_169 -22.253 -605.239 11.000
M_170 0.000 401.769 14.000
S_171 -18.462 -90.060 13.000
S_172 -15.425 -90.060 9.000
S_173 -17.811 -90.060 12.000
V_174 0.000 613.196 12.000
K_175 -15.425 -818.649 9.000
T_176 -11.867 -90.974 6.000
P_177 0.000 -195.996 6.000
I_178 0.000 777.529 7.000
F_179 0.000 560.542 9.000
N_180 -24.169 -507.047 13.000
R_181 -33.508 -1015.709 17.000
N_182 -27.150 -507.047 17.000
D_183 -27.150 -475.402 17.000
F_184 0.000 560.542 16.000
D_185 -25.772 -475.402 15.000
D_186 -25.003 -475.402 14.000
S_187 -19.059 -90.060 14.000
S_188 -16.309 -90.060 10.000
F_189 0.000 560.542 6.000
L_190 0.000 679.918 7.000
P_191 0.000 -195.996 8.000
Q_192 -23.258 -643.904 12.000
E_193 -25.772 -605.239 15.000
Q_194 -25.772 -643.904 15.000
K_195 -18.462 -818.649 13.000
V_196 0.000 613.196 9.000
H_197 -11.154 -583.484 10.000
L_198 0.000 679.918 11.000
R_199 -30.711 -1015.709 14.000
E_200 -23.258 -605.239 12.000
K_201 -19.059 -818.649 14.000
P_202 0.000 -195.996 13.000
Y_203 -10.601 -274.939 9.000
E_204 -21.132 -605.239 10.000
C_205 0.000 322.480 14.000
N_206 -25.003 -507.047 14.000
E_207 -24.169 -605.239 13.000
H_208 -13.586 -583.484 16.000
S_209 -17.811 -90.060 12.000
K_210 -14.420 -818.649 8.000
V_211 0.000 613.196 11.000
F_212 0.000 560.542 8.000
R_213 -21.845 -1015.709 8.000
V_214 0.000 613.196 11.000
S_215 -19.059 -90.060 14.000
S_216 -15.425 -90.060 9.000
S_217 -17.811 -90.060 12.000
L_218 0.000 679.918 12.000
T_219 -17.098 -90.974 11.000
K_220 -17.811 -818.649 12.000
H_221 -12.104 -583.484 12.000
Q_222 -19.866 -643.904 9.000
V_223 0.000 613.196 8.000
I_224 0.000 777.529 9.000
H_225 -7.426 -583.484 5.000
T_226 -15.425 -90.974 9.000
V_227 0.000 613.196 12.000
E_228 -21.132 -605.239 10.000
K_229 -15.425 -818.649 9.000
P_230 0.000 -195.996 12.000
Y_231 -9.978 -274.939 8.000
K_232 -15.425 -818.649 9.000
C_233 0.000 322.480 12.000
N_234 -21.132 -507.047 10.000
S_235 -13.255 -90.060 7.000
C_236 0.000 322.480 10.000
G_237 0.000 -27.649 6.000
K_238 -4.441 -818.649 3.000
V_239 0.000 613.196 6.000
F_240 0.000 560.542 11.000
S_241 -17.811 -90.060 12.000
R_242 -31.716 -1015.709 15.000
N_243 -27.150 -507.047 17.000
S_244 -19.059 -90.060 14.000
H_245 -10.601 -583.484 9.000
L_246 0.000 679.918 9.000
A_247 0.000 185.740 8.000
E_248 -14.591 -605.239 6.000
H_249 -11.652 -583.484 11.000
C_250 0.000 322.480 11.000
R_251 -23.856 -1015.709 9.000
I_252 0.000 777.529 10.000
H_253 -11.154 -583.484 10.000
T_254 -15.425 -90.974 9.000
G_255 0.000 -27.649 12.000
E_256 -21.132 -605.239 10.000
K_257 -15.425 -818.649 9.000
P_258 0.000 -195.996 12.000
Y_259 -9.978 -274.939 8.000
K_260 -15.425 -818.649 9.000
C_261 0.000 322.480 9.000
N_262 -16.691 -507.047 7.000
V_263 0.000 613.196 4.000
C_264 0.000 322.480 7.000
G_265 0.000 -27.649 3.000
K_266 -4.441 -818.649 3.000
V_267 0.000 613.196 6.000
F_268 0.000 560.542 8.000
S_269 -15.425 -90.060 9.000
Y_270 -12.104 -274.939 12.000
N_271 -26.485 -507.047 16.000
S_272 -18.462 -90.060 13.000
N_273 -22.253 -507.047 11.000
F_274 0.000 560.542 12.000
A_275 0.000 185.740 11.000
R_276 -27.076 -1015.709 11.000
H_277 -13.586 -583.484 16.000
Q_278 -26.485 -643.904 16.000
R_279 -29.616 -1015.709 13.000
I_280 0.000 777.529 14.000
H_281 -13.255 -583.484 15.000
T_282 -19.059 -90.974 14.000
R_283 -33.508 -1015.709 17.000
E_284 -25.772 -605.239 15.000
K_285 -19.059 -818.649 14.000
P_286 0.000 -195.996 13.000
Y_287 -10.601 -274.939 9.000
E_288 -21.132 -605.239 10.000
C_289 0.000 322.480 14.000
N_290 -23.258 -507.047 12.000
E_291 -18.409 -605.239 8.000
C_292 0.000 322.480 11.000
G_293 0.000 -27.649 7.000
K_294 -4.441 -818.649 3.000
V_295 0.000 613.196 6.000
F_296 0.000 560.542 10.000
S_297 -17.098 -90.060 11.000
N_298 -25.003 -507.047 14.000
N_299 -26.485 -507.047 16.000
S_300 -18.462 -90.060 13.000
Y_301 -10.601 -274.939 9.000
L_302 0.000 679.918 10.000
A_303 0.000 185.740 9.000
R_304 -27.076 -1015.709 11.000
H_305 -13.586 -583.484 16.000
Q_306 -26.485 -643.904 16.000
R_307 -29.616 -1015.709 13.000
I_308 0.000 777.529 11.000
H_309 -11.652 -583.484 11.000
A_310 0.000 185.740 10.000
E_311 -24.169 -605.239 13.000
E_312 -22.253 -605.239 11.000
K_313 -18.462 -818.649 13.000
P_314 0.000 -195.996 12.000
Y_315 -9.978 -274.939 8.000
K_316 -15.425 -818.649 9.000
C_317 0.000 322.480 13.000
N_318 -22.253 -507.047 11.000
E_319 -18.409 -605.239 8.000
C_320 0.000 322.480 11.000
G_321 0.000 -27.649 7.000
K_322 -4.441 -818.649 3.000
G_323 0.000 -27.649 6.000
F_324 0.000 560.542 8.000
S_325 -14.420 -90.060 8.000
H_326 -11.652 -583.484 11.000
K_327 -19.059 -818.649 14.000
S_328 -17.098 -90.060 11.000
S_329 -15.425 -90.060 9.000
L_330 0.000 679.918 10.000
A_331 0.000 185.740 9.000
N_332 -16.691 -507.047 7.000
H_333 -12.104 -583.484 12.000
W_334 -6.160 -203.500 12.000
R_335 -25.574 -1015.709 10.000
I_336 0.000 777.529 11.000
Y_337 -11.154 -274.939 10.000
T_338 -15.425 -90.974 9.000
G_339 0.000 -27.649 12.000
E_340 -21.132 -605.239 10.000
K_341 -15.425 -818.649 9.000
P_342 0.000 -195.996 12.000
Y_343 -9.978 -274.939 8.000
K_344 -15.425 -818.649 9.000
C_345 0.000 322.480 13.000
D_346 -22.253 -475.402 11.000
E_347 -18.409 -605.239 8.000
C_348 0.000 322.480 11.000
G_349 0.000 -27.649 7.000
K_350 -4.441 -818.649 3.000
A_351 0.000 185.740 5.000
F_352 0.000 560.542 10.000
Y_353 -9.265 -274.939 7.000
R_354 -19.414 -1015.709 7.000
I_355 0.000 777.529 7.000
A_356 0.000 185.740 5.000
L_357 0.000 679.918 0.000
L_358 0.000 679.918 5.000
V_359 0.000 613.196 7.000
R_360 -27.076 -1015.709 11.000
H_361 -12.900 -583.484 14.000
Q_362 -25.003 -643.904 14.000
K_363 -17.098 -818.649 11.000
I_364 0.000 777.529 12.000
H_365 -9.978 -583.484 8.000
T_366 -15.425 -90.974 9.000
G_367 0.000 -27.649 12.000
E_368 -21.132 -605.239 10.000
K_369 -15.425 -818.649 9.000
P_370 0.000 -195.996 12.000
Y_371 -9.978 -274.939 8.000
K_372 -15.425 -818.649 9.000
C_373 0.000 322.480 13.000
N_374 -22.253 -507.047 11.000
E_375 -18.409 -605.239 8.000
C_376 0.000 322.480 11.000
G_377 0.000 -27.649 7.000
K_378 -4.441 -818.649 3.000
V_379 0.000 613.196 3.000
F_380 0.000 560.542 7.000
I_381 0.000 777.529 8.000
Q_382 -22.253 -643.904 11.000
N_383 -24.169 -507.047 13.000
S_384 -18.462 -90.060 13.000
H_385 -10.601 -583.484 9.000
L_386 0.000 679.918 9.000
A_387 0.000 185.740 8.000
Q_388 -16.691 -643.904 7.000
H_389 -12.104 -583.484 12.000
W_390 -6.160 -203.500 12.000
R_391 -25.574 -1015.709 10.000
I_392 0.000 777.529 11.000
H_393 -11.154 -583.484 10.000
T_394 -15.425 -90.974 9.000
G_395 0.000 -27.649 12.000
E_396 -21.132 -605.239 10.000
K_397 -15.425 -818.649 9.000
P_398 0.000 -195.996 12.000
Y_399 -9.978 -274.939 8.000
K_400 -15.425 -818.649 9.000
C_401 0.000 322.480 13.000
N_402 -22.253 -507.047 11.000
E_403 -18.409 -605.239 8.000
C_404 0.000 322.480 11.000
G_405 0.000 -27.649 7.000
K_406 -4.441 -818.649 3.000
V_407 0.000 613.196 7.000
F_408 0.000 560.542 11.000
N_409 -18.409 -507.047 8.000
Q_410 -22.253 -643.904 11.000
L_411 0.000 679.918 15.000
S_412 -17.098 -90.060 11.000
N_413 -16.691 -507.047 7.000
L_414 0.000 679.918 12.000
A_415 0.000 185.740 11.000
R_416 -28.412 -1015.709 12.000
H_417 -13.896 -583.484 17.000
R_418 -33.508 -1015.709 17.000
R_419 -30.711 -1015.709 14.000
I_420 0.000 777.529 15.000
H_421 -11.154 -583.484 10.000
T_422 -15.425 -90.974 9.000
G_423 0.000 -27.649 12.000
E_424 -21.132 -605.239 10.000
K_425 -15.425 -818.649 9.000
P_426 0.000 -195.996 12.000
Y_427 -9.978 -274.939 8.000
K_428 -15.425 -818.649 9.000
C_429 0.000 322.480 13.000
N_430 -22.253 -507.047 11.000
E_431 -18.409 -605.239 8.000
C_432 0.000 322.480 11.000
G_433 0.000 -27.649 7.000
K_434 -4.441 -818.649 3.000
A_435 0.000 185.740 6.000
F_436 0.000 560.542 10.000
S_437 -15.425 -90.060 9.000
E_438 -23.258 -605.239 12.000
Y_439 -12.104 -274.939 12.000
S_440 -15.425 -90.060 9.000
G_441 0.000 -27.649 8.000
L_442 0.000 679.918 6.000
S_443 -10.149 -90.060 5.000
A_444 0.000 185.740 5.000
H_445 -7.426 -583.484 5.000
L_446 0.000 679.918 2.000
V_447 0.000 613.196 4.000
I_448 0.000 777.529 5.000
H_449 -7.426 -583.484 5.000
T_450 -15.425 -90.974 9.000
G_451 0.000 -27.649 12.000
E_452 -21.132 -605.239 10.000
K_453 -15.425 -818.649 9.000
P_454 0.000 -195.996 12.000
Y_455 -9.978 -274.939 8.000
K_456 -14.420 -818.649 8.000
C_457 0.000 322.480 12.000
S_458 -16.309 -90.060 10.000
E_459 -16.691 -605.239 7.000
C_460 0.000 322.480 10.000
G_461 0.000 -27.649 7.000
K_462 -4.441 -818.649 3.000
A_463 0.000 185.740 8.000
F_464 0.000 560.542 10.000
R_465 -25.574 -1015.709 10.000
H_466 -11.154 -583.484 10.000
K_467 -18.462 -818.649 13.000
L_468 0.000 679.918 8.000
S_469 -15.425 -90.060 9.000
L_470 0.000 679.918 10.000
T_471 -17.811 -90.974 12.000
N_472 -24.169 -507.047 13.000
H_473 -14.188 -583.484 18.000
Q_474 -25.772 -643.904 15.000
R_475 -29.616 -1015.709 13.000
I_476 0.000 777.529 14.000
H_477 -11.154 -583.484 10.000
T_478 -15.425 -90.974 9.000
G_479 0.000 -27.649 14.000
E_480 -23.258 -605.239 12.000
R_481 -27.076 -1015.709 11.000
P_482 0.000 -195.996 14.000
Y_483 -11.154 -274.939 10.000
K_484 -15.425 -818.649 9.000
C_485 0.000 322.480 13.000
N_486 -22.253 -507.047 11.000
E_487 -18.409 -605.239 8.000
C_488 0.000 322.480 11.000
G_489 0.000 -27.649 7.000
K_490 -4.441 -818.649 3.000
V_491 0.000 613.196 7.000
F_492 0.000 560.542 12.000
N_493 -19.866 -507.047 9.000
R_494 -23.856 -1015.709 9.000
I_495 0.000 777.529 11.000
A_496 0.000 185.740 7.000
H_497 -1.718 -583.484 2.000
L_498 0.000 679.918 7.000
A_499 0.000 185.740 9.000
R_500 -28.412 -1015.709 12.000
H_501 -13.255 -583.484 15.000
R_502 -31.716 -1015.709 15.000
K_503 -17.811 -818.649 12.000
I_504 0.000 777.529 13.000
H_505 -9.978 -583.484 8.000
T_506 -15.425 -90.974 9.000
G_507 0.000 -27.649 12.000
E_508 -21.132 -605.239 10.000
K_509 -15.425 -818.649 9.000
P_510 0.000 -195.996 12.000
Y_511 -9.978 -274.939 8.000
K_512 -15.425 -818.649 9.000
C_513 0.000 322.480 13.000
N_514 -22.253 -507.047 11.000
E_515 -18.409 -605.239 8.000
C_516 0.000 322.480 11.000
G_517 0.000 -27.649 7.000
K_518 -4.441 -818.649 3.000
A_519 0.000 185.740 6.000
F_520 0.000 560.542 11.000
S_521 -14.420 -90.060 8.000
R_522 -27.076 -1015.709 11.000
I_523 0.000 777.529 13.000
S_524 -16.309 -90.060 10.000
Y_525 -7.426 -274.939 5.000
L_526 0.000 679.918 9.000
A_527 0.000 185.740 8.000
Q_528 -16.691 -643.904 7.000
H_529 -11.154 -583.484 10.000
W_530 -5.708 -203.500 10.000
T_531 -14.420 -90.974 8.000
I_532 0.000 777.529 6.000
H_533 -7.426 -583.484 5.000
M_534 0.000 401.769 2.000
G_535 0.000 -27.649 2.000
