M_1 0.000 401.769 5.000
L_2 0.000 679.918 7.000
R_3 -25.574 -1015.709 10.000
H_4 -11.154 -583.484 10.000
S_5 -18.462 -90.060 13.000
P_6 0.000 -195.996 8.000
S_7 -13.255 -90.060 7.000
L_8 0.000 679.918 8.000
W_9 -5.155 -203.500 8.000
E_10 -11.867 -605.239 5.000
L_11 0.000 679.918 9.000
V_12 0.000 613.196 12.000
E_13 -21.132 -605.239 10.000
E_14 -21.132 -605.239 10.000
H_15 -11.154 -583.484 10.000
V_16 0.000 613.196 6.000
P_17 0.000 -195.996 7.000
L_18 0.000 679.918 9.000
R_19 -30.711 -1015.709 14.000
E_20 -28.359 -605.239 19.000
R_21 -37.706 -1015.709 23.000
R_22 -34.315 -1015.709 18.000
E_23 -27.150 -605.239 17.000
V_24 0.000 613.196 17.000
K_25 -17.811 -818.649 12.000
R_26 -21.845 -1015.709 8.000
I_27 0.000 777.529 8.000
L_28 0.000 679.918 9.000
G_29 0.000 -27.649 4.000
E_30 -7.878 -605.239 4.000
A_31 0.000 185.740 4.000
A_32 0.000 185.740 8.000
V_33 0.000 613.196 4.000
D_34 -16.691 -475.402 7.000
L_35 0.000 679.918 7.000
S_36 -17.098 -90.060 11.000
L_37 0.000 679.918 7.000
E_38 -23.258 -605.239 12.000
L_39 0.000 679.918 9.000
R_40 -29.616 -1015.709 13.000
A_41 0.000 185.740 9.000
E_42 -19.866 -605.239 9.000
V_43 0.000 613.196 4.000
A_44 0.000 185.740 4.000
M_45 0.000 401.769 5.000
L_46 0.000 679.918 5.000
R_47 -11.867 -1015.709 5.000
A_48 0.000 185.740 5.000
L_49 0.000 679.918 9.000
L_50 0.000 679.918 8.000
Q_51 -18.409 -643.904 8.000
E_52 -24.169 -605.239 13.000
A_53 0.000 185.740 16.000
R_54 -31.716 -1015.709 15.000
S_55 -19.613 -90.060 15.000
S_56 -19.613 -90.060 15.000
Q_57 -21.132 -643.904 10.000
A_58 0.000 185.740 10.000
P_59 0.000 -195.996 10.000
S_60 -17.098 -90.060 11.000
S_61 -17.098 -90.060 11.000
R_62 -27.076 -1015.709 11.000
P_63 0.000 -195.996 11.000
I_64 0.000 777.529 12.000
S_65 -13.255 -90.060 7.000
D_66 -21.132 -475.402 10.000
P_67 0.000 -195.996 13.000
S_68 -16.309 -90.060 10.000
S_69 -11.867 -90.060 6.000
L_70 0.000 679.918 6.000
L_71 0.000 679.918 3.000
A_72 0.000 185.740 0.000
P_73 0.000 -195.996 0.000
P_74 0.000 -195.996 0.000
P_75 0.000 -195.996 0.000
L_76 0.000 679.918 3.000
L_77 0.000 679.918 7.000
K_78 -13.255 -818.649 7.000
D_79 -16.691 -475.402 7.000
L_80 0.000 679.918 12.000
L_81 0.000 679.918 13.000
R_82 -29.616 -1015.709 13.000
Q_83 -24.169 -643.904 13.000
E_84 -27.773 -605.239 18.000
L_85 0.000 679.918 17.000
R_86 -29.616 -1015.709 13.000
Q_87 -19.866 -643.904 9.000
L_88 0.000 679.918 13.000
L_89 0.000 679.918 8.000
Q_90 -7.878 -643.904 4.000
G_91 0.000 -27.649 9.000
L_92 0.000 679.918 11.000
R_93 -25.574 -1015.709 10.000
H_94 -11.154 -583.484 10.000
K_95 -16.309 -818.649 10.000
A_96 0.000 185.740 5.000
I_97 0.000 777.529 7.000
C_98 0.000 322.480 4.000
E_99 -19.866 -605.239 9.000
G_100 0.000 -27.649 13.000
R_101 -33.508 -1015.709 17.000
D_102 -24.169 -475.402 13.000
Q_103 -27.150 -643.904 17.000
A_104 0.000 185.740 12.000
Q_105 -19.866 -643.904 9.000
A_106 0.000 185.740 5.000
W_107 -5.447 -203.500 9.000
V_108 0.000 613.196 7.000
Q_109 -21.132 -643.904 10.000
Y_110 -10.601 -274.939 9.000
S_111 -19.059 -90.060 14.000
P_112 0.000 -195.996 10.000
R_113 -21.845 -1015.709 8.000
V_114 0.000 613.196 7.000
L_115 0.000 679.918 7.000
H_116 -1.718 -583.484 2.000
F_117 0.000 560.542 2.000
A_118 0.000 185.740 6.000
L_119 0.000 679.918 8.000
E_120 -18.409 -605.239 8.000
E_121 -24.169 -605.239 13.000
P_122 0.000 -195.996 13.000
R_123 -29.616 -1015.709 13.000
C_124 0.000 322.480 9.000
D_125 -19.866 -475.402 9.000
L_126 0.000 679.918 8.000
P_127 0.000 -195.996 12.000
E_128 -23.258 -605.239 12.000
Q_129 -23.258 -643.904 12.000
E_130 -23.258 -605.239 12.000
I_131 0.000 777.529 12.000
F_132 0.000 560.542 8.000
Q_133 -19.866 -643.904 9.000
M_134 0.000 401.769 9.000
R_135 -23.856 -1015.709 9.000
G_136 0.000 -27.649 5.000
G_137 0.000 -27.649 5.000
G_138 0.000 -27.649 3.000
P_139 0.000 -195.996 6.000
S_140 -11.867 -90.060 6.000
S_141 -14.420 -90.060 8.000
G_142 0.000 -27.649 13.000
H_143 -12.900 -583.484 14.000
R_144 -27.076 -1015.709 11.000
D_145 -25.003 -475.402 14.000
L_146 0.000 679.918 12.000
S_147 -13.255 -90.060 7.000
I_148 0.000 777.529 6.000
I_149 0.000 777.529 10.000
K_150 -17.098 -818.649 11.000
D_151 -22.253 -475.402 11.000
Q_152 -25.772 -643.904 15.000
L_153 0.000 679.918 12.000
N_154 -22.253 -507.047 11.000
V_155 0.000 613.196 11.000
S_156 -17.098 -90.060 11.000
N_157 -22.253 -507.047 11.000
I_158 0.000 777.529 15.000
D_159 -23.258 -475.402 12.000
Q_160 -18.409 -643.904 8.000
V_161 0.000 613.196 13.000
A_162 0.000 185.740 11.000
R_163 -19.414 -1015.709 7.000
H_164 -12.104 -583.484 12.000
L_165 0.000 679.918 12.000
R_166 -19.414 -1015.709 7.000
G_167 0.000 -27.649 5.000
L_168 0.000 679.918 9.000
L_169 0.000 679.918 8.000
E_170 -23.258 -605.239 12.000
E_171 -23.258 -605.239 12.000
E_172 -25.003 -605.239 14.000
C_173 0.000 322.480 13.000
H_174 -10.601 -583.484 9.000
T_175 -15.425 -90.974 9.000
L_176 0.000 679.918 14.000
E_177 -26.485 -605.239 16.000
R_178 -29.616 -1015.709 13.000
E_179 -24.169 -605.239 13.000
I_180 0.000 777.529 9.000
L_181 0.000 679.918 4.000
I_182 0.000 777.529 4.000
L_183 0.000 679.918 9.000
Q_184 -19.866 -643.904 9.000
R_185 -23.856 -1015.709 9.000
C_186 0.000 322.480 13.000
L_187 0.000 679.918 13.000
E_188 -23.258 -605.239 12.000
E_189 -25.003 -605.239 14.000
E_190 -25.003 -605.239 14.000
Y_191 -13.255 -274.939 15.000
L_192 0.000 679.918 11.000
R_193 -19.414 -1015.709 7.000
P_194 0.000 -195.996 7.000
C_195 0.000 322.480 7.000
H_196 -7.426 -583.484 5.000
P_197 0.000 -195.996 9.000
S_198 -15.425 -90.060 9.000
E_199 -16.691 -605.239 7.000
A_200 0.000 185.740 7.000
A_201 0.000 185.740 8.000
L_202 0.000 679.918 4.000
E_203 -16.691 -605.239 7.000
P_204 0.000 -195.996 7.000
T_205 -13.255 -90.974 7.000
L_206 0.000 679.918 7.000
A_207 0.000 185.740 7.000
E_208 -16.691 -605.239 7.000
L_209 0.000 679.918 11.000
K_210 -19.613 -818.649 15.000
E_211 -25.003 -605.239 14.000
Q_212 -27.150 -643.904 17.000
K_213 -19.059 -818.649 14.000
K_214 -16.309 -818.649 10.000
A_215 0.000 185.740 10.000
M_216 0.000 401.769 11.000
E_217 -23.258 -605.239 12.000
Q_218 -23.258 -643.904 12.000
E_219 -26.485 -605.239 16.000
L_220 0.000 679.918 12.000
Q_221 -22.253 -643.904 11.000
A_222 0.000 185.740 7.000
S_223 -13.255 -90.060 7.000
V_224 0.000 613.196 3.000
G_225 0.000 -27.649 6.000
P_226 0.000 -195.996 3.000
S_227 -4.441 -90.060 3.000
C_228 0.000 322.480 6.000
V_229 0.000 613.196 6.000
S_230 -13.255 -90.060 7.000
P_231 0.000 -195.996 9.000
N_232 -25.003 -507.047 14.000
H_233 -13.255 -583.484 15.000
R_234 -35.785 -1015.709 20.000
Q_235 -26.485 -643.904 16.000
R_236 -30.711 -1015.709 14.000
P_237 0.000 -195.996 9.000
L_238 0.000 679.918 8.000
G_239 0.000 -27.649 6.000
S_240 -15.425 -90.060 9.000
S_241 -18.462 -90.060 13.000
T_242 -18.462 -90.974 13.000
Q_243 -21.132 -643.904 10.000
G_244 0.000 -27.649 12.000
L_245 0.000 679.918 9.000
R_246 -11.867 -1015.709 5.000
P_247 0.000 -195.996 5.000
P_248 0.000 -195.996 5.000
L_249 0.000 679.918 0.000
P_250 0.000 -195.996 0.000
L_251 0.000 679.918 0.000
C_252 0.000 322.480 0.000
G_253 0.000 -27.649 0.000
V_254 0.000 613.196 0.000
A_255 0.000 185.740 0.000
P_256 0.000 -195.996 4.000
L_257 0.000 679.918 4.000
Q_258 -7.878 -643.904 4.000
C_259 0.000 322.480 4.000
C_260 0.000 322.480 4.000
L_261 0.000 679.918 0.000
P_262 0.000 -195.996 0.000
A_263 0.000 185.740 0.000
P_264 0.000 -195.996 0.000
P_265 0.000 -195.996 4.000
L_266 0.000 679.918 4.000
E_267 -14.591 -605.239 6.000
P_268 0.000 -195.996 6.000
Y_269 -11.652 -274.939 11.000
L_270 0.000 679.918 7.000
R_271 -28.412 -1015.709 12.000
P_272 0.000 -195.996 10.000
R_273 -30.711 -1015.709 14.000
G_274 0.000 -27.649 12.000
Q_275 -23.258 -643.904 12.000
S_276 -16.309 -90.060 10.000
A_277 0.000 185.740 12.000
T_278 -18.462 -90.974 13.000
H_279 -11.652 -583.484 11.000
R_280 -27.076 -1015.709 11.000
W_281 -6.358 -203.500 13.000
G_282 0.000 -27.649 15.000
R_283 -25.574 -1015.709 10.000
Q_284 -24.169 -643.904 13.000
L_285 0.000 679.918 13.000
Q_286 -22.253 -643.904 11.000
C_287 0.000 322.480 7.000
S_288 -17.811 -90.060 12.000
P_289 0.000 -195.996 12.000
R_290 -28.412 -1015.709 12.000
E_291 -19.866 -605.239 9.000
G_292 0.000 -27.649 9.000
P_293 0.000 -195.996 7.000
A_294 0.000 185.740 6.000
S_295 -11.867 -90.060 6.000
T_296 -11.867 -90.974 6.000
P_297 0.000 -195.996 9.000
M_298 0.000 401.769 9.000
S_299 -11.867 -90.060 6.000
S_300 -11.867 -90.060 6.000
A_301 0.000 185.740 6.000
A_302 0.000 185.740 7.000
P_303 0.000 -195.996 4.000
Q_304 -7.878 -643.904 4.000
A_305 0.000 185.740 4.000
P_306 0.000 -195.996 4.000
A_307 0.000 185.740 0.000
