M_1 0.000 401.769 3.000
S_2 -4.441 -90.060 3.000
P_3 0.000 -195.996 6.000
L_4 0.000 679.918 6.000
S_5 -4.441 -90.060 3.000
A_6 0.000 185.740 8.000
A_7 0.000 185.740 8.000
R_8 -11.867 -1015.709 5.000
A_9 0.000 185.740 5.000
A_10 0.000 185.740 10.000
L_11 0.000 679.918 5.000
R_12 -19.414 -1015.709 7.000
V_13 0.000 613.196 7.000
Y_14 -9.265 -274.939 7.000
A_15 0.000 185.740 2.000
V_16 0.000 613.196 2.000
G_17 0.000 -27.649 0.000
A_18 0.000 185.740 0.000
A_19 0.000 185.740 0.000
V_20 0.000 613.196 0.000
I_21 0.000 777.529 0.000
L_22 0.000 679.918 4.000
A_23 0.000 185.740 4.000
Q_24 -7.878 -643.904 4.000
L_25 0.000 679.918 9.000
L_26 0.000 679.918 14.000
R_27 -25.574 -1015.709 10.000
R_28 -31.716 -1015.709 15.000
C_29 0.000 322.480 15.000
R_30 -25.574 -1015.709 10.000
G_31 0.000 -27.649 5.000
G_32 0.000 -27.649 5.000
F_33 0.000 560.542 4.000
L_34 0.000 679.918 4.000
E_35 -7.878 -605.239 4.000
P_36 0.000 -195.996 4.000
V_37 0.000 613.196 4.000
F_38 0.000 560.542 0.000
P_39 0.000 -195.996 5.000
P_40 0.000 -195.996 5.000
R_41 -23.856 -1015.709 9.000
P_42 0.000 -195.996 14.000
D_43 -25.003 -475.402 14.000
R_44 -23.856 -1015.709 9.000
V_45 0.000 613.196 9.000
A_46 0.000 185.740 5.000
I_47 0.000 777.529 3.000
V_48 0.000 613.196 3.000
T_49 -4.441 -90.974 3.000
G_50 0.000 -27.649 6.000
G_51 0.000 -27.649 10.000
T_52 -13.255 -90.974 7.000
D_53 -16.691 -475.402 7.000
G_54 0.000 -27.649 7.000
I_55 0.000 777.529 6.000
G_56 0.000 -27.649 5.000
Y_57 -9.978 -274.939 8.000
S_58 -14.420 -90.060 8.000
T_59 -17.098 -90.974 11.000
A_60 0.000 185.740 11.000
K_61 -14.420 -818.649 8.000
H_62 -7.426 -583.484 5.000
L_63 0.000 679.918 10.000
A_64 0.000 185.740 7.000
R_65 -11.867 -1015.709 5.000
L_66 0.000 679.918 5.000
G_67 0.000 -27.649 7.000
M_68 0.000 401.769 2.000
H_69 -1.718 -583.484 2.000
V_70 0.000 613.196 2.000
I_71 0.000 777.529 2.000
I_72 0.000 777.529 0.000
A_73 0.000 185.740 4.000
G_74 0.000 -27.649 8.000
N_75 -23.258 -507.047 12.000
N_76 -25.772 -507.047 15.000
D_77 -27.773 -475.402 18.000
S_78 -19.059 -90.060 14.000
K_79 -18.462 -818.649 13.000
A_80 0.000 185.740 13.000
K_81 -16.309 -818.649 10.000
Q_82 -16.691 -643.904 7.000
V_83 0.000 613.196 10.000
V_84 0.000 613.196 10.000
S_85 -11.867 -90.060 6.000
K_86 -15.425 -818.649 9.000
I_87 0.000 777.529 13.000
K_88 -19.059 -818.649 14.000
E_89 -25.003 -605.239 14.000
E_90 -25.003 -605.239 14.000
T_91 -19.613 -90.974 15.000
L_92 0.000 679.918 15.000
N_93 -25.003 -507.047 14.000
D_94 -22.253 -475.402 11.000
K_95 -19.613 -818.649 15.000
V_96 0.000 613.196 11.000
E_97 -16.691 -605.239 7.000
F_98 0.000 560.542 6.000
L_99 0.000 679.918 6.000
Y_100 -8.431 -274.939 6.000
C_101 0.000 322.480 6.000
D_102 -14.591 -475.402 6.000
L_103 0.000 679.918 7.000
A_104 0.000 185.740 7.000
S_105 -11.867 -90.060 6.000
M_106 0.000 401.769 9.000
T_107 -15.425 -90.974 9.000
S_108 -17.098 -90.060 11.000
I_109 0.000 777.529 15.000
R_110 -28.412 -1015.709 12.000
Q_111 -19.866 -643.904 9.000
F_112 0.000 560.542 13.000
V_113 0.000 613.196 11.000
Q_114 -16.691 -643.904 7.000
K_115 -16.309 -818.649 10.000
F_116 0.000 560.542 10.000
K_117 -15.425 -818.649 9.000
M_118 0.000 401.769 9.000
K_119 -15.425 -818.649 9.000
K_120 -11.867 -818.649 6.000
I_121 0.000 777.529 6.000
P_122 0.000 -195.996 5.000
L_123 0.000 679.918 2.000
H_124 -1.718 -583.484 2.000
V_125 0.000 613.196 2.000
L_126 0.000 679.918 6.000
I_127 0.000 777.529 8.000
N_128 -18.409 -507.047 8.000
N_129 -18.409 -507.047 8.000
A_130 0.000 185.740 8.000
G_131 0.000 -27.649 4.000
V_132 0.000 613.196 0.000
M_133 0.000 401.769 0.000
M_134 0.000 401.769 0.000
V_135 0.000 613.196 4.000
P_136 0.000 -195.996 9.000
Q_137 -23.258 -643.904 12.000
R_138 -31.716 -1015.709 15.000
K_139 -21.889 -818.649 20.000
T_140 -21.889 -90.974 20.000
R_141 -31.716 -1015.709 15.000
D_142 -23.258 -475.402 12.000
G_143 0.000 -27.649 13.000
F_144 0.000 560.542 12.000
E_145 -21.132 -605.239 10.000
E_146 -21.132 -605.239 10.000
H_147 -11.154 -583.484 10.000
F_148 0.000 560.542 6.000
G_149 0.000 -27.649 6.000
L_150 0.000 679.918 6.000
N_151 -14.591 -507.047 6.000
Y_152 -8.431 -274.939 6.000
L_153 0.000 679.918 8.000
G_154 0.000 -27.649 4.000
H_155 -1.718 -583.484 2.000
F_156 0.000 560.542 2.000
L_157 0.000 679.918 5.000
L_158 0.000 679.918 7.000
T_159 -13.255 -90.974 7.000
N_160 -16.691 -507.047 7.000
L_161 0.000 679.918 7.000
L_162 0.000 679.918 8.000
L_163 0.000 679.918 7.000
D_164 -16.691 -475.402 7.000
T_165 -16.309 -90.974 10.000
L_166 0.000 679.918 14.000
K_167 -18.462 -818.649 13.000
E_168 -21.132 -605.239 10.000
S_169 -18.462 -90.060 13.000
G_170 0.000 -27.649 10.000
S_171 -11.867 -90.060 6.000
P_172 0.000 -195.996 5.000
G_173 0.000 -27.649 8.000
H_174 -7.426 -583.484 5.000
S_175 -16.309 -90.060 10.000
A_176 0.000 185.740 10.000
R_177 -21.845 -1015.709 8.000
V_178 0.000 613.196 8.000
V_179 0.000 613.196 8.000
T_180 -11.867 -90.974 6.000
V_181 0.000 613.196 9.000
S_182 -15.425 -90.060 9.000
S_183 -15.425 -90.060 9.000
A_184 0.000 185.740 11.000
T_185 -16.309 -90.974 10.000
H_186 -9.265 -583.484 7.000
Y_187 -9.265 -274.939 7.000
V_188 0.000 613.196 8.000
A_189 0.000 185.740 6.000
E_190 -18.409 -605.239 8.000
L_191 0.000 679.918 8.000
N_192 -23.258 -507.047 12.000
M_193 0.000 401.769 12.000
D_194 -23.258 -475.402 12.000
D_195 -23.258 -475.402 12.000
L_196 0.000 679.918 15.000
Q_197 -25.003 -643.904 14.000
S_198 -16.309 -90.060 10.000
S_199 -16.309 -90.060 10.000
A_200 0.000 185.740 8.000
C_201 0.000 322.480 8.000
Y_202 -7.426 -274.939 5.000
S_203 -13.255 -90.060 7.000
P_204 0.000 -195.996 7.000
H_205 -7.426 -583.484 5.000
A_206 0.000 185.740 4.000
A_207 0.000 185.740 4.000
Y_208 -8.431 -274.939 6.000
A_209 0.000 185.740 9.000
Q_210 -23.258 -643.904 12.000
S_211 -16.309 -90.060 10.000
K_212 -16.309 -818.649 10.000
L_213 0.000 679.918 6.000
A_214 0.000 185.740 3.000
L_215 0.000 679.918 0.000
V_216 0.000 613.196 0.000
L_217 0.000 679.918 3.000
F_218 0.000 560.542 5.000
T_219 -13.255 -90.974 7.000
Y_220 -9.265 -274.939 7.000
H_221 -11.652 -583.484 11.000
L_222 0.000 679.918 13.000
Q_223 -22.253 -643.904 11.000
R_224 -23.856 -1015.709 9.000
L_225 0.000 679.918 9.000
L_226 0.000 679.918 5.000
A_227 0.000 185.740 4.000
A_228 0.000 185.740 4.000
E_229 -16.691 -605.239 7.000
G_230 0.000 -27.649 9.000
S_231 -15.425 -90.060 9.000
H_232 -9.978 -583.484 8.000
V_233 0.000 613.196 8.000
T_234 -15.425 -90.974 9.000
A_235 0.000 185.740 7.000
N_236 -16.691 -507.047 7.000
V_237 0.000 613.196 8.000
V_238 0.000 613.196 8.000
D_239 -7.878 -475.402 4.000
P_240 0.000 -195.996 4.000
G_241 0.000 -27.649 4.000
V_242 0.000 613.196 4.000
V_243 0.000 613.196 7.000
N_244 -22.253 -507.047 11.000
T_245 -17.098 -90.974 11.000
D_246 -24.169 -475.402 13.000
V_247 0.000 613.196 12.000
Y_248 -11.652 -274.939 11.000
K_249 -13.255 -818.649 7.000
H_250 -9.265 -583.484 7.000
V_251 0.000 613.196 6.000
F_252 0.000 560.542 3.000
W_253 -3.436 -203.500 4.000
A_254 0.000 185.740 9.000
T_255 -15.425 -90.974 9.000
R_256 -21.845 -1015.709 8.000
L_257 0.000 679.918 11.000
A_258 0.000 185.740 11.000
K_259 -11.867 -818.649 6.000
K_260 -11.867 -818.649 6.000
L_261 0.000 679.918 6.000
L_262 0.000 679.918 4.000
G_263 0.000 -27.649 1.000
W_264 -0.000 -203.500 1.000
L_265 0.000 679.918 1.000
L_266 0.000 679.918 4.000
F_267 0.000 560.542 6.000
K_268 -11.867 -818.649 6.000
T_269 -16.309 -90.974 10.000
P_270 0.000 -195.996 14.000
D_271 -22.253 -475.402 11.000
E_272 -18.409 -605.239 8.000
G_273 0.000 -27.649 9.000
A_274 0.000 185.740 8.000
W_275 -4.824 -203.500 7.000
T_276 -13.255 -90.974 7.000
S_277 -15.425 -90.060 9.000
I_278 0.000 777.529 8.000
Y_279 -7.426 -274.939 5.000
A_280 0.000 185.740 2.000
A_281 0.000 185.740 5.000
V_282 0.000 613.196 3.000
T_283 -13.255 -90.974 7.000
P_284 0.000 -195.996 7.000
E_285 -22.253 -605.239 11.000
L_286 0.000 679.918 8.000
E_287 -18.409 -605.239 8.000
G_288 0.000 -27.649 4.000
V_289 0.000 613.196 4.000
G_290 0.000 -27.649 2.000
G_291 0.000 -27.649 4.000
H_292 -6.160 -583.484 4.000
Y_293 -8.431 -274.939 6.000
L_294 0.000 679.918 10.000
Y_295 -12.104 -274.939 12.000
N_296 -24.169 -507.047 13.000
E_297 -27.150 -605.239 17.000
K_298 -21.060 -818.649 18.000
E_299 -27.150 -605.239 17.000
T_300 -20.127 -90.974 16.000
K_301 -18.462 -818.649 13.000
S_302 -17.098 -90.060 11.000
L_303 0.000 679.918 8.000
H_304 -9.978 -583.484 8.000
V_305 0.000 613.196 7.000
T_306 -17.098 -90.974 11.000
Y_307 -12.518 -274.939 13.000
N_308 -26.485 -507.047 16.000
Q_309 -24.169 -643.904 13.000
K_310 -19.613 -818.649 15.000
L_311 0.000 679.918 15.000
Q_312 -25.772 -643.904 15.000
Q_313 -23.258 -643.904 12.000
Q_314 -24.169 -643.904 13.000
L_315 0.000 679.918 12.000
W_316 -5.944 -203.500 11.000
S_317 -16.309 -90.060 10.000
K_318 -16.309 -818.649 10.000
S_319 -18.462 -90.060 13.000
C_320 0.000 322.480 10.000
E_321 -21.132 -605.239 10.000
M_322 0.000 401.769 7.000
T_323 -13.255 -90.974 7.000
G_324 0.000 -27.649 3.000
V_325 0.000 613.196 7.000
L_326 0.000 679.918 4.000
D_327 -16.691 -475.402 7.000
V_328 0.000 613.196 7.000
T_329 -13.255 -90.974 7.000
L_330 0.000 679.918 3.000
