M_1 0.000 401.769 7.000
E_2 -22.253 -605.239 11.000
K_3 -17.098 -818.649 11.000
N_4 -22.253 -507.047 11.000
P_5 0.000 -195.996 11.000
P_6 0.000 -195.996 12.000
D_7 -22.253 -475.402 11.000
D_8 -22.253 -475.402 11.000
T_9 -17.098 -90.974 11.000
G_10 0.000 -27.649 7.000
P_11 0.000 -195.996 5.000
V_12 0.000 613.196 2.000
H_13 -1.718 -583.484 2.000
V_14 0.000 613.196 2.000
P_15 0.000 -195.996 2.000
L_16 0.000 679.918 2.000
G_17 0.000 -27.649 2.000
H_18 -1.718 -583.484 2.000
I_19 0.000 777.529 2.000
V_20 0.000 613.196 6.000
A_21 0.000 185.740 8.000
N_22 -22.253 -507.047 11.000
E_23 -23.258 -605.239 12.000
K_24 -20.609 -818.649 17.000
W_25 -6.358 -203.500 13.000
R_26 -28.412 -1015.709 12.000
G_27 0.000 -27.649 13.000
S_28 -17.811 -90.060 12.000
Q_29 -16.691 -643.904 7.000
L_30 0.000 679.918 11.000
A_31 0.000 185.740 12.000
Q_32 -18.409 -643.904 8.000
E_33 -23.258 -605.239 12.000
M_34 0.000 401.769 12.000
Q_35 -22.253 -643.904 11.000
G_36 0.000 -27.649 7.000
K_37 -16.309 -818.649 10.000
I_38 0.000 777.529 6.000
K_39 -11.867 -818.649 6.000
L_40 0.000 679.918 3.000
I_41 0.000 777.529 7.000
F_42 0.000 560.542 8.000
E_43 -18.409 -605.239 8.000
D_44 -18.409 -475.402 8.000
G_45 0.000 -27.649 11.000
L_46 0.000 679.918 7.000
T_47 -13.255 -90.974 7.000
P_48 0.000 -195.996 7.000
D_49 -19.866 -475.402 9.000
F_50 0.000 560.542 6.000
Y_51 -10.601 -274.939 9.000
L_52 0.000 679.918 9.000
S_53 -19.059 -90.060 14.000
N_54 -23.258 -507.047 12.000
R_55 -28.412 -1015.709 12.000
C_56 0.000 322.480 9.000
C_57 0.000 322.480 5.000
I_58 0.000 777.529 2.000
L_59 0.000 679.918 2.000
Y_60 -7.426 -274.939 5.000
V_61 0.000 613.196 9.000
T_62 -15.425 -90.974 9.000
E_63 -22.253 -605.239 11.000
A_64 0.000 185.740 11.000
D_65 -18.409 -475.402 8.000
L_66 0.000 679.918 4.000
V_67 0.000 613.196 4.000
A_68 0.000 185.740 4.000
G_69 0.000 -27.649 4.000
N_70 -14.591 -507.047 6.000
G_71 0.000 -27.649 11.000
Y_72 -12.900 -274.939 14.000
R_73 -31.716 -1015.709 15.000
K_74 -19.613 -818.649 15.000
R_75 -29.616 -1015.709 13.000
L_76 0.000 679.918 13.000
V_77 0.000 613.196 10.000
R_78 -25.574 -1015.709 10.000
V_79 0.000 613.196 14.000
R_80 -33.508 -1015.709 17.000
N_81 -26.485 -507.047 16.000
S_82 -21.889 -90.060 20.000
N_83 -25.772 -507.047 15.000
N_84 -25.003 -507.047 14.000
L_85 0.000 679.918 11.000
K_86 -13.255 -818.649 7.000
G_87 0.000 -27.649 3.000
I_88 0.000 777.529 3.000
V_89 0.000 613.196 0.000
V_90 0.000 613.196 4.000
V_91 0.000 613.196 7.000
E_92 -21.132 -605.239 10.000
K_93 -19.613 -818.649 15.000
T_94 -19.613 -90.974 15.000
R_95 -30.711 -1015.709 14.000
M_96 0.000 401.769 15.000
S_97 -20.127 -90.060 16.000
E_98 -24.169 -605.239 13.000
Q_99 -24.169 -643.904 13.000
Y_100 -11.154 -274.939 10.000
F_101 0.000 560.542 6.000
P_102 0.000 -195.996 2.000
A_103 0.000 185.740 4.000
L_104 0.000 679.918 7.000
Q_105 -16.691 -643.904 7.000
K_106 -16.309 -818.649 10.000
F_107 0.000 560.542 10.000
T_108 -11.867 -90.974 6.000
V_109 0.000 613.196 7.000
L_110 0.000 679.918 7.000
D_111 -7.878 -475.402 4.000
L_112 0.000 679.918 4.000
G_113 0.000 -27.649 4.000
M_114 0.000 401.769 0.000
V_115 0.000 613.196 0.000
L_116 0.000 679.918 0.000
L_117 0.000 679.918 0.000
P_118 0.000 -195.996 0.000
V_119 0.000 613.196 3.000
A_120 0.000 185.740 7.000
S_121 -13.255 -90.060 7.000
Q_122 -22.253 -643.904 11.000
M_123 0.000 401.769 11.000
E_124 -22.253 -605.239 11.000
A_125 0.000 185.740 7.000
S_126 -13.255 -90.060 7.000
C_127 0.000 322.480 3.000
L_128 0.000 679.918 3.000
V_129 0.000 613.196 4.000
I_130 0.000 777.529 4.000
Q_131 -7.878 -643.904 4.000
L_132 0.000 679.918 8.000
V_133 0.000 613.196 12.000
Q_134 -23.258 -643.904 12.000
E_135 -25.772 -605.239 15.000
Q_136 -27.773 -643.904 18.000
T_137 -21.060 -90.974 18.000
K_138 -19.059 -818.649 14.000
E_139 -24.169 -605.239 13.000
P_140 0.000 -195.996 13.000
S_141 -19.059 -90.060 14.000
K_142 -16.309 -818.649 10.000
N_143 -21.132 -507.047 10.000
P_144 0.000 -195.996 7.000
L_145 0.000 679.918 4.000
L_146 0.000 679.918 3.000
G_147 0.000 -27.649 6.000
K_148 -17.098 -818.649 11.000
K_149 -17.098 -818.649 11.000
R_150 -27.076 -1015.709 11.000
A_151 0.000 185.740 8.000
L_152 0.000 679.918 5.000
L_153 0.000 679.918 3.000
L_154 0.000 679.918 7.000
S_155 -13.255 -90.060 7.000
E_156 -21.132 -605.239 10.000
P_157 0.000 -195.996 10.000
S_158 -13.255 -90.060 7.000
L_159 0.000 679.918 8.000
L_160 0.000 679.918 11.000
R_161 -21.845 -1015.709 8.000
T_162 -17.811 -90.974 12.000
V_163 0.000 613.196 16.000
Q_164 -22.253 -643.904 11.000
Q_165 -18.409 -643.904 8.000
I_166 0.000 777.529 8.000
P_167 0.000 -195.996 4.000
G_168 0.000 -27.649 0.000
V_169 0.000 613.196 3.000
G_170 0.000 -27.649 3.000
K_171 -11.867 -818.649 6.000
V_172 0.000 613.196 6.000
K_173 -11.867 -818.649 6.000
A_174 0.000 185.740 3.000
P_175 0.000 -195.996 3.000
L_176 0.000 679.918 0.000
L_177 0.000 679.918 4.000
L_178 0.000 679.918 7.000
Q_179 -16.691 -643.904 7.000
K_180 -13.255 -818.649 7.000
F_181 0.000 560.542 10.000
P_182 0.000 -195.996 6.000
S_183 -13.255 -90.060 7.000
I_184 0.000 777.529 11.000
Q_185 -22.253 -643.904 11.000
Q_186 -22.253 -643.904 11.000
L_187 0.000 679.918 15.000
S_188 -17.098 -90.060 11.000
N_189 -21.132 -507.047 10.000
A_190 0.000 185.740 10.000
S_191 -13.255 -90.060 7.000
I_192 0.000 777.529 7.000
G_193 0.000 -27.649 7.000
E_194 -18.409 -605.239 8.000
L_195 0.000 679.918 12.000
E_196 -23.258 -605.239 12.000
Q_197 -18.409 -643.904 8.000
V_198 0.000 613.196 8.000
V_199 0.000 613.196 8.000
G_200 0.000 -27.649 4.000
Q_201 -7.878 -643.904 4.000
A_202 0.000 185.740 4.000
V_203 0.000 613.196 8.000
A_204 0.000 185.740 8.000
Q_205 -18.409 -643.904 8.000
Q_206 -21.132 -643.904 10.000
I_207 0.000 777.529 10.000
H_208 -8.431 -583.484 6.000
A_209 0.000 185.740 2.000
F_210 0.000 560.542 5.000
F_211 0.000 560.542 7.000
T_212 -13.255 -90.974 7.000
Q_213 -23.258 -643.904 12.000
P_214 0.000 -195.996 12.000
R_215 -23.856 -1015.709 9.000
