M_1 0.000 401.769 3.000
G_2 0.000 -27.649 3.000
T_3 -4.441 -90.974 3.000
A_4 0.000 185.740 3.000
A_5 0.000 185.740 3.000
A_6 0.000 185.740 0.000
A_7 0.000 185.740 0.000
A_8 0.000 185.740 0.000
A_9 0.000 185.740 0.000
A_10 0.000 185.740 0.000
A_11 0.000 185.740 0.000
A_12 0.000 185.740 0.000
A_13 0.000 185.740 0.000
A_14 0.000 185.740 0.000
A_15 0.000 185.740 0.000
A_16 0.000 185.740 4.000
G_17 0.000 -27.649 4.000
E_18 -7.878 -605.239 4.000
G_19 0.000 -27.649 9.000
A_20 0.000 185.740 12.000
R_21 -21.845 -1015.709 8.000
S_22 -17.098 -90.060 11.000
P_23 0.000 -195.996 11.000
S_24 -11.867 -90.060 6.000
P_25 0.000 -195.996 3.000
A_26 0.000 185.740 3.000
A_27 0.000 185.740 3.000
V_28 0.000 613.196 3.000
S_29 -4.441 -90.060 3.000
L_30 0.000 679.918 3.000
G_31 0.000 -27.649 3.000
L_32 0.000 679.918 0.000
G_33 0.000 -27.649 0.000
V_34 0.000 613.196 0.000
A_35 0.000 185.740 0.000
V_36 0.000 613.196 3.000
V_37 0.000 613.196 6.000
S_38 -11.867 -90.060 6.000
S_39 -11.867 -90.060 6.000
L_40 0.000 679.918 10.000
V_41 0.000 613.196 7.000
N_42 -16.691 -507.047 7.000
G_43 0.000 -27.649 10.000
S_44 -16.309 -90.060 10.000
T_45 -11.867 -90.974 6.000
F_46 0.000 560.542 6.000
V_47 0.000 613.196 7.000
L_48 0.000 679.918 7.000
Q_49 -21.132 -643.904 10.000
K_50 -16.309 -818.649 10.000
K_51 -16.309 -818.649 10.000
G_52 0.000 -27.649 6.000
I_53 0.000 777.529 8.000
V_54 0.000 613.196 5.000
R_55 -21.845 -1015.709 8.000
A_56 0.000 185.740 13.000
K_57 -21.060 -818.649 18.000
R_58 -29.616 -1015.709 13.000
R_59 -32.645 -1015.709 16.000
G_60 0.000 -27.649 16.000
T_61 -18.462 -90.974 13.000
S_62 -14.420 -90.060 8.000
Y_63 -11.652 -274.939 11.000
L_64 0.000 679.918 12.000
T_65 -15.425 -90.974 9.000
D_66 -16.691 -475.402 7.000
I_67 0.000 777.529 8.000
V_68 0.000 613.196 6.000
W_69 -1.718 -203.500 2.000
W_70 -1.718 -203.500 2.000
A_71 0.000 185.740 5.000
G_72 0.000 -27.649 4.000
T_73 -4.441 -90.974 3.000
I_74 0.000 777.529 3.000
A_75 0.000 185.740 3.000
M_76 0.000 401.769 0.000
A_77 0.000 185.740 0.000
V_78 0.000 613.196 4.000
G_79 0.000 -27.649 4.000
Q_80 -7.878 -643.904 4.000
I_81 0.000 777.529 8.000
G_82 0.000 -27.649 8.000
N_83 -7.878 -507.047 4.000
F_84 0.000 560.542 4.000
L_85 0.000 679.918 6.000
A_86 0.000 185.740 5.000
Y_87 -7.426 -274.939 5.000
T_88 -10.149 -90.974 5.000
A_89 0.000 185.740 5.000
V_90 0.000 613.196 6.000
P_91 0.000 -195.996 3.000
T_92 -4.441 -90.974 3.000
V_93 0.000 613.196 3.000
L_94 0.000 679.918 6.000
V_95 0.000 613.196 3.000
T_96 -4.441 -90.974 3.000
P_97 0.000 -195.996 3.000
L_98 0.000 679.918 3.000
G_99 0.000 -27.649 0.000
A_100 0.000 185.740 0.000
L_101 0.000 679.918 0.000
G_102 0.000 -27.649 0.000
V_103 0.000 613.196 0.000
P_104 0.000 -195.996 0.000
F_105 0.000 560.542 3.000
G_106 0.000 -27.649 3.000
S_107 -4.441 -90.060 3.000
I_108 0.000 777.529 3.000
L_109 0.000 679.918 6.000
A_110 0.000 185.740 5.000
S_111 -10.149 -90.060 5.000
Y_112 -7.426 -274.939 5.000
L_113 0.000 679.918 8.000
L_114 0.000 679.918 9.000
K_115 -16.309 -818.649 10.000
E_116 -21.132 -605.239 10.000
K_117 -19.059 -818.649 14.000
L_118 0.000 679.918 11.000
N_119 -16.691 -507.047 7.000
I_120 0.000 777.529 4.000
L_121 0.000 679.918 7.000
G_122 0.000 -27.649 3.000
K_123 -4.441 -818.649 3.000
L_124 0.000 679.918 3.000
G_125 0.000 -27.649 3.000
C_126 0.000 322.480 0.000
L_127 0.000 679.918 3.000
L_128 0.000 679.918 3.000
S_129 -4.441 -90.060 3.000
C_130 0.000 322.480 3.000
A_131 0.000 185.740 6.000
G_132 0.000 -27.649 3.000
S_133 -4.441 -90.060 3.000
V_134 0.000 613.196 3.000
V_135 0.000 613.196 3.000
L_136 0.000 679.918 0.000
I_137 0.000 777.529 2.000
I_138 0.000 777.529 5.000
H_139 -7.426 -583.484 5.000
S_140 -14.420 -90.060 8.000
P_141 0.000 -195.996 11.000
K_142 -18.462 -818.649 13.000
S_143 -18.462 -90.060 13.000
E_144 -24.169 -605.239 13.000
S_145 -18.462 -90.060 13.000
V_146 0.000 613.196 13.000
T_147 -18.462 -90.974 13.000
T_148 -16.309 -90.974 10.000
Q_149 -25.003 -643.904 14.000
A_150 0.000 185.740 11.000
E_151 -23.258 -605.239 12.000
L_152 0.000 679.918 12.000
E_153 -25.772 -605.239 15.000
E_154 -22.253 -605.239 11.000
K_155 -19.059 -818.649 14.000
L_156 0.000 679.918 14.000
T_157 -16.309 -90.974 10.000
N_158 -16.691 -507.047 7.000
P_159 0.000 -195.996 7.000
V_160 0.000 613.196 4.000
F_161 0.000 560.542 0.000
V_162 0.000 613.196 2.000
G_163 0.000 -27.649 2.000
Y_164 -1.718 -274.939 2.000
L_165 0.000 679.918 2.000
C_166 0.000 322.480 2.000
I_167 0.000 777.529 0.000
V_168 0.000 613.196 0.000
L_169 0.000 679.918 0.000
L_170 0.000 679.918 0.000
M_171 0.000 401.769 0.000
L_172 0.000 679.918 0.000
L_173 0.000 679.918 0.000
L_174 0.000 679.918 0.000
L_175 0.000 679.918 0.000
I_176 0.000 777.529 1.000
F_177 0.000 560.542 1.000
W_178 -0.000 -203.500 1.000
I_179 0.000 777.529 1.000
A_180 0.000 185.740 1.000
P_181 0.000 -195.996 2.000
A_182 0.000 185.740 2.000
H_183 -1.718 -583.484 2.000
G_184 0.000 -27.649 5.000
P_185 0.000 -195.996 9.000
T_186 -13.255 -90.974 7.000
N_187 -16.691 -507.047 7.000
I_188 0.000 777.529 7.000
M_189 0.000 401.769 6.000
V_190 0.000 613.196 2.000
Y_191 -7.426 -274.939 5.000
I_192 0.000 777.529 5.000
S_193 -10.149 -90.060 5.000
I_194 0.000 777.529 6.000
C_195 0.000 322.480 6.000
S_196 -4.441 -90.060 3.000
L_197 0.000 679.918 3.000
L_198 0.000 679.918 6.000
G_199 0.000 -27.649 3.000
S_200 -11.867 -90.060 6.000
F_201 0.000 560.542 6.000
T_202 -11.867 -90.974 6.000
V_203 0.000 613.196 6.000
P_204 0.000 -195.996 9.000
S_205 -15.425 -90.060 9.000
T_206 -15.425 -90.974 9.000
K_207 -15.425 -818.649 9.000
G_208 0.000 -27.649 6.000
I_209 0.000 777.529 3.000
G_210 0.000 -27.649 0.000
L_211 0.000 679.918 0.000
A_212 0.000 185.740 4.000
A_213 0.000 185.740 8.000
Q_214 -18.409 -643.904 8.000
D_215 -18.409 -475.402 8.000
I_216 0.000 777.529 10.000
L_217 0.000 679.918 10.000
H_218 -11.154 -583.484 10.000
N_219 -21.132 -507.047 10.000
N_220 -24.169 -507.047 13.000
P_221 0.000 -195.996 14.000
S_222 -19.059 -90.060 14.000
S_223 -19.613 -90.060 15.000
Q_224 -25.772 -643.904 15.000
R_225 -28.412 -1015.709 12.000
A_226 0.000 185.740 9.000
L_227 0.000 679.918 5.000
C_228 0.000 322.480 0.000
L_229 0.000 679.918 0.000
C_230 0.000 322.480 0.000
L_231 0.000 679.918 0.000
V_232 0.000 613.196 0.000
L_233 0.000 679.918 0.000
L_234 0.000 679.918 0.000
A_235 0.000 185.740 0.000
V_236 0.000 613.196 0.000
L_237 0.000 679.918 0.000
G_238 0.000 -27.649 3.000
C_239 0.000 322.480 3.000
S_240 -4.441 -90.060 3.000
I_241 0.000 777.529 3.000
I_242 0.000 777.529 7.000
V_243 0.000 613.196 4.000
Q_244 -19.866 -643.904 9.000
F_245 0.000 560.542 11.000
R_246 -27.076 -1015.709 11.000
Y_247 -11.652 -274.939 11.000
I_248 0.000 777.529 14.000
N_249 -19.866 -507.047 9.000
K_250 -13.255 -818.649 7.000
A_251 0.000 185.740 11.000
L_252 0.000 679.918 7.000
E_253 -7.878 -605.239 4.000
C_254 0.000 322.480 8.000
F_255 0.000 560.542 11.000
D_256 -21.132 -475.402 10.000
S_257 -16.309 -90.060 10.000
S_258 -16.309 -90.060 10.000
V_259 0.000 613.196 6.000
F_260 0.000 560.542 3.000
G_261 0.000 -27.649 0.000
A_262 0.000 185.740 2.000
I_263 0.000 777.529 4.000
Y_264 -6.160 -274.939 4.000
Y_265 -6.160 -274.939 4.000
V_266 0.000 613.196 4.000
V_267 0.000 613.196 5.000
F_268 0.000 560.542 6.000
T_269 -11.867 -90.974 6.000
T_270 -11.867 -90.974 6.000
L_271 0.000 679.918 6.000
V_272 0.000 613.196 3.000
L_273 0.000 679.918 0.000
L_274 0.000 679.918 3.000
A_275 0.000 185.740 3.000
S_276 -4.441 -90.060 3.000
A_277 0.000 185.740 3.000
I_278 0.000 777.529 3.000
L_279 0.000 679.918 5.000
F_280 0.000 560.542 9.000
R_281 -25.574 -1015.709 10.000
E_282 -24.169 -605.239 13.000
W_283 -7.023 -203.500 17.000
S_284 -17.811 -90.060 12.000
N_285 -18.409 -507.047 8.000
V_286 0.000 613.196 7.000
G_287 0.000 -27.649 4.000
L_288 0.000 679.918 4.000
V_289 0.000 613.196 4.000
D_290 -7.878 -475.402 4.000
F_291 0.000 560.542 4.000
L_292 0.000 679.918 4.000
G_293 0.000 -27.649 0.000
M_294 0.000 401.769 0.000
A_295 0.000 185.740 0.000
C_296 0.000 322.480 0.000
G_297 0.000 -27.649 3.000
F_298 0.000 560.542 6.000
T_299 -11.867 -90.974 6.000
T_300 -15.425 -90.974 9.000
V_301 0.000 613.196 9.000
S_302 -11.867 -90.060 6.000
V_303 0.000 613.196 3.000
G_304 0.000 -27.649 3.000
I_305 0.000 777.529 0.000
V_306 0.000 613.196 0.000
L_307 0.000 679.918 4.000
I_308 0.000 777.529 4.000
Q_309 -7.878 -643.904 4.000
V_310 0.000 613.196 7.000
F_311 0.000 560.542 11.000
K_312 -13.255 -818.649 7.000
E_313 -22.253 -605.239 11.000
F_314 0.000 560.542 11.000
N_315 -23.258 -507.047 12.000
F_316 0.000 560.542 8.000
N_317 -18.409 -507.047 8.000
L_318 0.000 679.918 8.000
G_319 0.000 -27.649 8.000
E_320 -18.409 -605.239 8.000
M_321 0.000 401.769 11.000
N_322 -25.003 -507.047 14.000
K_323 -19.059 -818.649 14.000
S_324 -19.059 -90.060 14.000
N_325 -24.169 -507.047 13.000
M_326 0.000 401.769 13.000
K_327 -19.059 -818.649 14.000
T_328 -16.309 -90.974 10.000
D_329 -21.132 -475.402 10.000
