M_1 0.000 401.769 3.000
S_2 -4.441 -90.060 3.000
V_3 0.000 613.196 3.000
L_4 0.000 679.918 8.000
L_5 0.000 679.918 8.000
R_6 -21.845 -1015.709 8.000
S_7 -14.420 -90.060 8.000
G_8 0.000 -27.649 8.000
L_9 0.000 679.918 3.000
G_10 0.000 -27.649 0.000
P_11 0.000 -195.996 0.000
L_12 0.000 679.918 0.000
C_13 0.000 322.480 0.000
A_14 0.000 185.740 0.000
V_15 0.000 613.196 5.000
A_16 0.000 185.740 5.000
R_17 -11.867 -1015.709 5.000
A_18 0.000 185.740 5.000
A_19 0.000 185.740 5.000
I_20 0.000 777.529 0.000
P_21 0.000 -195.996 0.000
F_22 0.000 560.542 1.000
I_23 0.000 777.529 6.000
W_24 -4.441 -203.500 6.000
R_25 -23.856 -1015.709 9.000
G_26 0.000 -27.649 11.000
K_27 -16.309 -818.649 10.000
Y_28 -9.978 -274.939 8.000
F_29 0.000 560.542 11.000
S_30 -14.420 -90.060 8.000
S_31 -16.309 -90.060 10.000
G_32 0.000 -27.649 14.000
N_33 -22.253 -507.047 11.000
E_34 -18.409 -605.239 8.000
P_35 0.000 -195.996 12.000
A_36 0.000 185.740 12.000
E_37 -18.409 -605.239 8.000
N_38 -18.409 -507.047 8.000
P_39 0.000 -195.996 11.000
V_40 0.000 613.196 7.000
T_41 -4.441 -90.974 3.000
P_42 0.000 -195.996 3.000
M_43 0.000 401.769 8.000
L_44 0.000 679.918 7.000
R_45 -19.414 -1015.709 7.000
H_46 -9.265 -583.484 7.000
L_47 0.000 679.918 9.000
M_48 0.000 401.769 7.000
Y_49 -7.426 -274.939 5.000
K_50 -14.420 -818.649 8.000
I_51 0.000 777.529 11.000
K_52 -17.811 -818.649 12.000
S_53 -15.425 -90.060 9.000
T_54 -15.425 -90.974 9.000
G_55 0.000 -27.649 6.000
P_56 0.000 -195.996 6.000
I_57 0.000 777.529 3.000
T_58 -4.441 -90.974 3.000
V_59 0.000 613.196 7.000
A_60 0.000 185.740 9.000
E_61 -14.591 -605.239 6.000
Y_62 -10.601 -274.939 9.000
M_63 0.000 401.769 13.000
K_64 -15.425 -818.649 9.000
E_65 -16.691 -605.239 7.000
V_66 0.000 613.196 10.000
L_67 0.000 679.918 11.000
T_68 -13.255 -90.974 7.000
N_69 -16.691 -507.047 7.000
P_70 0.000 -195.996 10.000
A_71 0.000 185.740 7.000
K_72 -10.149 -818.649 5.000
G_73 0.000 -27.649 7.000
Y_74 -9.265 -274.939 7.000
Y_75 -8.431 -274.939 6.000
V_76 0.000 613.196 11.000
Y_77 -12.518 -274.939 13.000
R_78 -27.076 -1015.709 11.000
D_79 -22.253 -475.402 11.000
M_80 0.000 401.769 9.000
L_81 0.000 679.918 8.000
G_82 0.000 -27.649 7.000
E_83 -16.691 -605.239 7.000
K_84 -17.098 -818.649 11.000
G_85 0.000 -27.649 11.000
D_86 -16.691 -475.402 7.000
F_87 0.000 560.542 7.000
I_88 0.000 777.529 10.000
T_89 -11.867 -90.974 6.000
S_90 -16.309 -90.060 10.000
P_91 0.000 -195.996 10.000
E_92 -21.132 -605.239 10.000
I_93 0.000 777.529 11.000
S_94 -17.098 -90.060 11.000
Q_95 -16.691 -643.904 7.000
I_96 0.000 777.529 7.000
F_97 0.000 560.542 8.000
G_98 0.000 -27.649 4.000
E_99 -7.878 -605.239 4.000
L_100 0.000 679.918 4.000
L_101 0.000 679.918 4.000
G_102 0.000 -27.649 1.000
I_103 0.000 777.529 1.000
W_104 -0.000 -203.500 1.000
F_105 0.000 560.542 4.000
I_106 0.000 777.529 8.000
S_107 -14.420 -90.060 8.000
E_108 -18.409 -605.239 8.000
W_109 -5.155 -203.500 8.000
M_110 0.000 401.769 8.000
A_111 0.000 185.740 4.000
T_112 -11.867 -90.974 6.000
G_113 0.000 -27.649 9.000
K_114 -17.811 -818.649 12.000
S_115 -15.425 -90.060 9.000
T_116 -15.425 -90.974 9.000
A_117 0.000 185.740 10.000
F_118 0.000 560.542 7.000
Q_119 -7.878 -643.904 4.000
L_120 0.000 679.918 8.000
V_121 0.000 613.196 8.000
E_122 -7.878 -605.239 4.000
L_123 0.000 679.918 4.000
G_124 0.000 -27.649 4.000
P_125 0.000 -195.996 5.000
G_126 0.000 -27.649 5.000
R_127 -21.845 -1015.709 8.000
G_128 0.000 -27.649 8.000
T_129 -14.420 -90.974 8.000
L_130 0.000 679.918 3.000
V_131 0.000 613.196 7.000
G_132 0.000 -27.649 4.000
D_133 -7.878 -475.402 4.000
I_134 0.000 777.529 9.000
L_135 0.000 679.918 9.000
R_136 -11.867 -1015.709 5.000
V_137 0.000 613.196 8.000
F_138 0.000 560.542 12.000
T_139 -13.255 -90.974 7.000
Q_140 -16.691 -643.904 7.000
L_141 0.000 679.918 10.000
G_142 0.000 -27.649 7.000
S_143 -4.441 -90.060 3.000
V_144 0.000 613.196 6.000
L_145 0.000 679.918 10.000
K_146 -13.255 -818.649 7.000
N_147 -22.253 -507.047 11.000
C_148 0.000 322.480 11.000
D_149 -22.253 -475.402 11.000
I_150 0.000 777.529 7.000
S_151 -15.425 -90.060 9.000
V_152 0.000 613.196 5.000
H_153 -7.426 -583.484 5.000
L_154 0.000 679.918 6.000
V_155 0.000 613.196 6.000
E_156 -16.691 -605.239 7.000
V_157 0.000 613.196 11.000
S_158 -19.059 -90.060 14.000
Q_159 -21.132 -643.904 10.000
K_160 -18.462 -818.649 13.000
L_161 0.000 679.918 14.000
S_162 -16.309 -90.060 10.000
E_163 -22.253 -605.239 11.000
I_164 0.000 777.529 11.000
Q_165 -18.409 -643.904 8.000
A_166 0.000 185.740 7.000
L_167 0.000 679.918 7.000
T_168 -11.867 -90.974 6.000
L_169 0.000 679.918 9.000
T_170 -18.462 -90.974 13.000
K_171 -18.462 -818.649 13.000
E_172 -24.169 -605.239 13.000
K_173 -16.309 -818.649 10.000
V_174 0.000 613.196 7.000
P_175 0.000 -195.996 7.000
L_176 0.000 679.918 9.000
E_177 -24.169 -605.239 13.000
R_178 -29.616 -1015.709 13.000
N_179 -24.169 -507.047 13.000
A_180 0.000 185.740 12.000
G_181 0.000 -27.649 7.000
S_182 -4.441 -90.060 3.000
P_183 0.000 -195.996 5.000
V_184 0.000 613.196 5.000
Y_185 -7.426 -274.939 5.000
M_186 0.000 401.769 5.000
K_187 -10.149 -818.649 5.000
G_188 0.000 -27.649 6.000
V_189 0.000 613.196 9.000
T_190 -15.425 -90.974 9.000
K_191 -15.425 -818.649 9.000
S_192 -15.425 -90.060 9.000
G_193 0.000 -27.649 6.000
I_194 0.000 777.529 3.000
P_195 0.000 -195.996 3.000
I_196 0.000 777.529 4.000
S_197 -11.867 -90.060 6.000
W_198 -5.944 -203.500 11.000
Y_199 -13.255 -274.939 15.000
R_200 -28.412 -1015.709 12.000
D_201 -24.169 -475.402 13.000
L_202 0.000 679.918 15.000
H_203 -11.154 -583.484 10.000
D_204 -14.591 -475.402 6.000
V_205 0.000 613.196 9.000
P_206 0.000 -195.996 7.000
K_207 -10.149 -818.649 5.000
G_208 0.000 -27.649 8.000
Y_209 -9.978 -274.939 8.000
S_210 -13.255 -90.060 7.000
F_211 0.000 560.542 7.000
Y_212 -7.426 -274.939 5.000
L_213 0.000 679.918 4.000
A_214 0.000 185.740 8.000
H_215 -8.431 -583.484 6.000
E_216 -14.591 -605.239 6.000
F_217 0.000 560.542 10.000
F_218 0.000 560.542 8.000
D_219 -7.878 -475.402 4.000
V_220 0.000 613.196 4.000
L_221 0.000 679.918 4.000
P_222 0.000 -195.996 2.000
V_223 0.000 613.196 5.000
H_224 -7.426 -583.484 5.000
K_225 -15.425 -818.649 9.000
F_226 0.000 560.542 12.000
Q_227 -24.169 -643.904 13.000
K_228 -16.309 -818.649 10.000
T_229 -19.059 -90.974 14.000
P_230 0.000 -195.996 10.000
Q_231 -18.409 -643.904 8.000
G_232 0.000 -27.649 10.000
W_233 -6.542 -203.500 14.000
R_234 -25.574 -1015.709 10.000
E_235 -21.132 -605.239 10.000
V_236 0.000 613.196 9.000
F_237 0.000 560.542 8.000
V_238 0.000 613.196 4.000
D_239 -18.409 -475.402 8.000
I_240 0.000 777.529 8.000
D_241 -23.258 -475.402 12.000
P_242 0.000 -195.996 8.000
Q_243 -22.253 -643.904 11.000
V_244 0.000 613.196 11.000
S_245 -19.059 -90.060 14.000
D_246 -21.132 -475.402 10.000
K_247 -19.613 -818.649 15.000
L_248 0.000 679.918 12.000
R_249 -21.845 -1015.709 8.000
F_250 0.000 560.542 5.000
V_251 0.000 613.196 5.000
L_252 0.000 679.918 0.000
A_253 0.000 185.740 3.000
P_254 0.000 -195.996 3.000
S_255 -11.867 -90.060 6.000
A_256 0.000 185.740 6.000
T_257 -11.867 -90.974 6.000
P_258 0.000 -195.996 7.000
A_259 0.000 185.740 7.000
E_260 -7.878 -605.239 4.000
A_261 0.000 185.740 4.000
F_262 0.000 560.542 8.000
I_263 0.000 777.529 6.000
Q_264 -21.132 -643.904 10.000
H_265 -12.900 -583.484 14.000
D_266 -27.150 -475.402 17.000
E_267 -27.773 -605.239 18.000
T_268 -21.889 -90.974 20.000
R_269 -34.315 -1015.709 18.000
D_270 -25.003 -475.402 14.000
H_271 -13.255 -583.484 15.000
V_272 0.000 613.196 10.000
E_273 -14.591 -605.239 6.000
V_274 0.000 613.196 4.000
C_275 0.000 322.480 8.000
P_276 0.000 -195.996 4.000
D_277 -7.878 -475.402 4.000
A_278 0.000 185.740 4.000
G_279 0.000 -27.649 4.000
V_280 0.000 613.196 0.000
I_281 0.000 777.529 4.000
I_282 0.000 777.529 8.000
E_283 -18.409 -605.239 8.000
E_284 -22.253 -605.239 11.000
L_285 0.000 679.918 15.000
S_286 -20.127 -90.060 16.000
Q_287 -23.258 -643.904 12.000
R_288 -28.412 -1015.709 12.000
I_289 0.000 777.529 9.000
A_290 0.000 185.740 8.000
L_291 0.000 679.918 3.000
T_292 -4.441 -90.974 3.000
G_293 0.000 -27.649 3.000
G_294 0.000 -27.649 3.000
A_295 0.000 185.740 0.000
A_296 0.000 185.740 0.000
L_297 0.000 679.918 0.000
V_298 0.000 613.196 4.000
A_299 0.000 185.740 6.000
D_300 -14.591 -475.402 6.000
Y_301 -9.978 -274.939 8.000
G_302 0.000 -27.649 12.000
H_303 -9.978 -583.484 8.000
D_304 -19.866 -475.402 9.000
G_305 0.000 -27.649 12.000
T_306 -18.462 -90.974 13.000
K_307 -18.462 -818.649 13.000
T_308 -20.127 -90.974 16.000
D_309 -24.169 -475.402 13.000
T_310 -19.613 -90.974 15.000
F_311 0.000 560.542 12.000
R_312 -21.845 -1015.709 8.000
G_313 0.000 -27.649 5.000
F_314 0.000 560.542 9.000
C_315 0.000 322.480 6.000
D_316 -19.866 -475.402 9.000
H_317 -10.601 -583.484 9.000
K_318 -17.098 -818.649 11.000
L_319 0.000 679.918 11.000
H_320 -10.601 -583.484 9.000
D_321 -14.591 -475.402 6.000
V_322 0.000 613.196 6.000
L_323 0.000 679.918 4.000
I_324 0.000 777.529 0.000
A_325 0.000 185.740 0.000
P_326 0.000 -195.996 3.000
G_327 0.000 -27.649 3.000
T_328 -13.255 -90.974 7.000
A_329 0.000 185.740 7.000
D_330 -21.132 -475.402 10.000
L_331 0.000 679.918 7.000
T_332 -17.098 -90.974 11.000
A_333 0.000 185.740 7.000
D_334 -22.253 -475.402 11.000
V_335 0.000 613.196 8.000
D_336 -22.253 -475.402 11.000
F_337 0.000 560.542 9.000
S_338 -15.425 -90.060 9.000
Y_339 -11.154 -274.939 10.000
L_340 0.000 679.918 15.000
R_341 -28.412 -1015.709 12.000
R_342 -25.574 -1015.709 10.000
M_343 0.000 401.769 14.000
A_344 0.000 185.740 9.000
Q_345 -16.691 -643.904 7.000
G_346 0.000 -27.649 7.000
K_347 -13.255 -818.649 7.000
V_348 0.000 613.196 6.000
A_349 0.000 185.740 6.000
S_350 -4.441 -90.060 3.000
L_351 0.000 679.918 3.000
G_352 0.000 -27.649 3.000
P_353 0.000 -195.996 3.000
I_354 0.000 777.529 7.000
K_355 -15.425 -818.649 9.000
Q_356 -23.258 -643.904 12.000
H_357 -12.104 -583.484 12.000
T_358 -15.425 -90.974 9.000
F_359 0.000 560.542 8.000
L_360 0.000 679.918 10.000
K_361 -13.255 -818.649 7.000
N_362 -16.691 -507.047 7.000
M_363 0.000 401.769 7.000
G_364 0.000 -27.649 8.000
I_365 0.000 777.529 4.000
D_366 -19.866 -475.402 9.000
V_367 0.000 613.196 9.000
R_368 -28.412 -1015.709 12.000
L_369 0.000 679.918 8.000
K_370 -14.420 -818.649 8.000
V_371 0.000 613.196 3.000
L_372 0.000 679.918 7.000
L_373 0.000 679.918 7.000
D_374 -21.132 -475.402 10.000
K_375 -19.059 -818.649 14.000
S_376 -21.060 -90.060 18.000
N_377 -25.003 -507.047 14.000
E_378 -25.003 -605.239 14.000
P_379 0.000 -195.996 11.000
S_380 -17.811 -90.060 12.000
V_381 0.000 613.196 12.000
R_382 -32.645 -1015.709 16.000
Q_383 -24.169 -643.904 13.000
Q_384 -24.169 -643.904 13.000
L_385 0.000 679.918 12.000
L_386 0.000 679.918 8.000
Q_387 -14.591 -643.904 6.000
G_388 0.000 -27.649 10.000
Y_389 -11.154 -274.939 10.000
D_390 -14.591 -475.402 6.000
M_391 0.000 401.769 6.000
L_392 0.000 679.918 8.000
M_393 0.000 401.769 4.000
N_394 -16.691 -507.047 7.000
P_395 0.000 -195.996 10.000
K_396 -16.309 -818.649 10.000
K_397 -11.867 -818.649 6.000
M_398 0.000 401.769 10.000
G_399 0.000 -27.649 12.000
E_400 -19.866 -605.239 9.000
R_401 -29.616 -1015.709 13.000
F_402 0.000 560.542 13.000
N_403 -19.866 -507.047 9.000
F_404 0.000 560.542 4.000
F_405 0.000 560.542 4.000
A_406 0.000 185.740 0.000
L_407 0.000 679.918 0.000
L_408 0.000 679.918 2.000
P_409 0.000 -195.996 6.000
H_410 -11.652 -583.484 11.000
Q_411 -22.253 -643.904 11.000
R_412 -31.716 -1015.709 15.000
L_413 0.000 679.918 13.000
Q_414 -19.866 -643.904 9.000
G_415 0.000 -27.649 9.000
G_416 0.000 -27.649 11.000
R_417 -27.076 -1015.709 11.000
Y_418 -13.586 -274.939 16.000
Q_419 -28.912 -643.904 20.000
R_420 -31.716 -1015.709 15.000
N_421 -27.773 -507.047 18.000
A_422 0.000 185.740 18.000
R_423 -32.645 -1015.709 16.000
Q_424 -25.772 -643.904 15.000
S_425 -19.613 -90.060 15.000
K_426 -16.309 -818.649 10.000
P_427 0.000 -195.996 6.000
F_428 0.000 560.542 6.000
A_429 0.000 185.740 3.000
S_430 -4.441 -90.060 3.000
V_431 0.000 613.196 3.000
V_432 0.000 613.196 3.000
A_433 0.000 185.740 0.000
G_434 0.000 -27.649 3.000
F_435 0.000 560.542 7.000
S_436 -13.255 -90.060 7.000
E_437 -16.691 -605.239 7.000
L_438 0.000 679.918 8.000
A_439 0.000 185.740 9.000
W_440 -3.990 -203.500 5.000
Q_441 -11.867 -643.904 5.000
