M_1 0.000 401.769 0.000
A_2 0.000 185.740 5.000
V_3 0.000 613.196 9.000
R_4 -23.856 -1015.709 9.000
Q_5 -19.866 -643.904 9.000
A_6 0.000 185.740 12.000
A_7 0.000 185.740 7.000
T_8 -4.441 -90.974 3.000
A_9 0.000 185.740 6.000
G_10 0.000 -27.649 6.000
T_11 -4.441 -90.974 3.000
P_12 0.000 -195.996 3.000
G_13 0.000 -27.649 8.000
P_14 0.000 -195.996 10.000
R_15 -30.711 -1015.709 14.000
R_16 -34.315 -1015.709 18.000
E_17 -29.934 -605.239 22.000
E_18 -27.150 -605.239 17.000
E_19 -23.258 -605.239 12.000
A_20 0.000 185.740 8.000
A_21 0.000 185.740 4.000
L_22 0.000 679.918 0.000
L_23 0.000 679.918 4.000
F_24 0.000 560.542 9.000
E_25 -19.866 -605.239 9.000
R_26 -27.076 -1015.709 11.000
A_27 0.000 185.740 13.000
H_28 -12.900 -583.484 14.000
Y_29 -11.652 -274.939 11.000
R_30 -31.716 -1015.709 15.000
H_31 -12.518 -583.484 13.000
D_32 -26.485 -475.402 16.000
P_33 0.000 -195.996 12.000
R_34 -25.574 -1015.709 10.000
W_35 -4.441 -203.500 6.000
L_36 0.000 679.918 6.000
L_37 0.000 679.918 1.000
P_38 0.000 -195.996 3.000
V_39 0.000 613.196 3.000
T_40 -14.420 -90.974 8.000
P_41 0.000 -195.996 8.000
R_42 -21.845 -1015.709 8.000
L_43 0.000 679.918 5.000
C_44 0.000 322.480 5.000
L_45 0.000 679.918 0.000
A_46 0.000 185.740 0.000
C_47 0.000 322.480 0.000
A_48 0.000 185.740 4.000
L_49 0.000 679.918 4.000
E_50 -7.878 -605.239 4.000
L_51 0.000 679.918 4.000
L_52 0.000 679.918 8.000
P_53 0.000 -195.996 4.000
D_54 -7.878 -475.402 4.000
P_55 0.000 -195.996 4.000
G_56 0.000 -27.649 7.000
V_57 0.000 613.196 3.000
S_58 -4.441 -90.060 3.000
L_59 0.000 679.918 8.000
V_60 0.000 613.196 11.000
R_61 -27.076 -1015.709 11.000
K_62 -18.462 -818.649 13.000
K_63 -18.462 -818.649 13.000
H_64 -9.978 -583.484 8.000
M_65 0.000 401.769 8.000
L_66 0.000 679.918 5.000
S_67 -4.441 -90.060 3.000
C_68 0.000 322.480 7.000
F_69 0.000 560.542 11.000
Q_70 -18.409 -643.904 8.000
D_71 -18.409 -475.402 8.000
A_72 0.000 185.740 8.000
L_73 0.000 679.918 9.000
V_74 0.000 613.196 7.000
R_75 -25.574 -1015.709 10.000
H_76 -12.518 -583.484 13.000
T_77 -18.462 -90.974 13.000
S_78 -14.420 -90.060 8.000
L_79 0.000 679.918 9.000
V_80 0.000 613.196 10.000
T_81 -13.255 -90.974 7.000
Q_82 -16.691 -643.904 7.000
L_83 0.000 679.918 10.000
V_84 0.000 613.196 11.000
S_85 -17.098 -90.060 11.000
Q_86 -25.772 -643.904 15.000
D_87 -28.912 -475.402 20.000
Q_88 -27.150 -643.904 17.000
R_89 -29.616 -1015.709 13.000
V_90 0.000 613.196 9.000
C_91 0.000 322.480 7.000
I_92 0.000 777.529 2.000
H_93 -1.718 -583.484 2.000
F_94 0.000 560.542 5.000
I_95 0.000 777.529 5.000
S_96 -4.441 -90.060 3.000
V_97 0.000 613.196 3.000
L_98 0.000 679.918 3.000
F_99 0.000 560.542 0.000
G_100 0.000 -27.649 0.000
L_101 0.000 679.918 0.000
L_102 0.000 679.918 3.000
C_103 0.000 322.480 3.000
S_104 -13.255 -90.060 7.000
M_105 0.000 401.769 11.000
E_106 -22.253 -605.239 11.000
D_107 -22.253 -475.402 11.000
G_108 0.000 -27.649 11.000
S_109 -16.309 -90.060 10.000
V_110 0.000 613.196 10.000
T_111 -16.309 -90.974 10.000
D_112 -16.691 -475.402 7.000
L_113 0.000 679.918 7.000
C_114 0.000 322.480 8.000
I_115 0.000 777.529 4.000
E_116 -7.878 -605.239 4.000
V_117 0.000 613.196 4.000
L_118 0.000 679.918 8.000
I_119 0.000 777.529 4.000
Q_120 -16.691 -643.904 7.000
I_121 0.000 777.529 10.000
T_122 -19.059 -90.974 14.000
T_123 -16.309 -90.974 10.000
Q_124 -24.169 -643.904 13.000
L_125 0.000 679.918 10.000
K_126 -17.098 -818.649 11.000
L_127 0.000 679.918 11.000
E_128 -25.003 -605.239 14.000
Q_129 -22.253 -643.904 11.000
T_130 -20.127 -90.974 16.000
I_131 0.000 777.529 12.000
R_132 -21.845 -1015.709 8.000
C_133 0.000 322.480 5.000
L_134 0.000 679.918 9.000
L_135 0.000 679.918 8.000
D_136 -18.409 -475.402 8.000
E_137 -21.132 -605.239 10.000
C_138 0.000 322.480 13.000
H_139 -12.518 -583.484 13.000
K_140 -15.425 -818.649 9.000
E_141 -19.866 -605.239 9.000
L_142 0.000 679.918 11.000
C_143 0.000 322.480 8.000
N_144 -7.878 -507.047 4.000
M_145 0.000 401.769 7.000
P_146 0.000 -195.996 7.000
S_147 -14.420 -90.060 8.000
M_148 0.000 401.769 8.000
R_149 -27.076 -1015.709 11.000
G_150 0.000 -27.649 8.000
S_151 -14.420 -90.060 8.000
L_152 0.000 679.918 6.000
A_153 0.000 185.740 6.000
T_154 -11.867 -90.974 6.000
L_155 0.000 679.918 6.000
T_156 -11.867 -90.974 6.000
L_157 0.000 679.918 3.000
L_158 0.000 679.918 6.000
G_159 0.000 -27.649 3.000
K_160 -4.441 -818.649 3.000
L_161 0.000 679.918 7.000
V_162 0.000 613.196 7.000
D_163 -7.878 -475.402 4.000
A_164 0.000 185.740 4.000
I_165 0.000 777.529 4.000
P_166 0.000 -195.996 0.000
A_167 0.000 185.740 0.000
L_168 0.000 679.918 4.000
A_169 0.000 185.740 8.000
D_170 -18.409 -475.402 8.000
E_171 -18.409 -605.239 8.000
L_172 0.000 679.918 8.000
V_173 0.000 613.196 8.000
M_174 0.000 401.769 6.000
E_175 -14.591 -605.239 6.000
H_176 -11.154 -583.484 10.000
G_177 0.000 -27.649 10.000
N_178 -14.591 -507.047 6.000
L_179 0.000 679.918 8.000
M_180 0.000 401.769 10.000
E_181 -14.591 -605.239 6.000
H_182 -8.431 -583.484 6.000
L_183 0.000 679.918 11.000
L_184 0.000 679.918 7.000
R_185 -11.867 -1015.709 5.000
G_186 0.000 -27.649 5.000
L_187 0.000 679.918 7.000
V_188 0.000 613.196 2.000
Y_189 -7.426 -274.939 5.000
P_190 0.000 -195.996 9.000
S_191 -15.425 -90.060 9.000
E_192 -16.691 -605.239 7.000
G_193 0.000 -27.649 11.000
I_194 0.000 777.529 8.000
Q_195 -16.691 -643.904 7.000
A_196 0.000 185.740 7.000
S_197 -13.255 -90.060 7.000
V_198 0.000 613.196 5.000
C_199 0.000 322.480 5.000
Y_200 -6.160 -274.939 4.000
L_201 0.000 679.918 4.000
Y_202 -9.265 -274.939 7.000
G_203 0.000 -27.649 5.000
K_204 -13.255 -818.649 7.000
L_205 0.000 679.918 8.000
Y_206 -11.652 -274.939 11.000
S_207 -14.420 -90.060 8.000
S_208 -14.420 -90.060 8.000
P_209 0.000 -195.996 6.000
V_210 0.000 613.196 3.000
A_211 0.000 185.740 4.000
A_212 0.000 185.740 4.000
E_213 -7.878 -605.239 4.000
M_214 0.000 401.769 7.000
L_215 0.000 679.918 7.000
S_216 -10.149 -90.060 5.000
G_217 0.000 -27.649 5.000
H_218 -11.154 -583.484 10.000
F_219 0.000 560.542 11.000
R_220 -30.711 -1015.709 14.000
E_221 -23.258 -605.239 12.000
K_222 -17.811 -818.649 12.000
L_223 0.000 679.918 7.000
F_224 0.000 560.542 3.000
P_225 0.000 -195.996 0.000
L_226 0.000 679.918 0.000
F_227 0.000 560.542 3.000
L_228 0.000 679.918 3.000
S_229 -4.441 -90.060 3.000
I_230 0.000 777.529 7.000
L_231 0.000 679.918 7.000
D_232 -7.878 -475.402 4.000
G_233 0.000 -27.649 8.000
A_234 0.000 185.740 11.000
Q_235 -21.132 -643.904 10.000
T_236 -19.059 -90.974 14.000
K_237 -19.059 -818.649 14.000
E_238 -25.003 -605.239 14.000
L_239 0.000 679.918 11.000
Q_240 -23.258 -643.904 12.000
I_241 0.000 777.529 8.000
N_242 -18.409 -507.047 8.000
C_243 0.000 322.480 4.000
L_244 0.000 679.918 4.000
G_245 0.000 -27.649 0.000
L_246 0.000 679.918 5.000
L_247 0.000 679.918 9.000
R_248 -23.856 -1015.709 9.000
Q_249 -19.866 -643.904 9.000
L_250 0.000 679.918 12.000
L_251 0.000 679.918 9.000
K_252 -15.425 -818.649 9.000
Y_253 -10.601 -274.939 9.000
D_254 -19.866 -475.402 9.000
L_255 0.000 679.918 6.000
F_256 0.000 560.542 7.000
V_257 0.000 613.196 3.000
S_258 -4.441 -90.060 3.000
M_259 0.000 401.769 3.000
I_260 0.000 777.529 7.000
M_261 0.000 401.769 8.000
N_262 -23.258 -507.047 12.000
Q_263 -23.258 -643.904 12.000
D_264 -23.258 -475.402 12.000
G_265 0.000 -27.649 8.000
L_266 0.000 679.918 8.000
G_267 0.000 -27.649 7.000
E_268 -16.691 -605.239 7.000
S_269 -16.309 -90.060 10.000
A_270 0.000 185.740 14.000
K_271 -16.309 -818.649 10.000
N_272 -22.253 -507.047 11.000
I_273 0.000 777.529 11.000
E_274 -22.253 -605.239 11.000
G_275 0.000 -27.649 10.000
S_276 -16.309 -90.060 10.000
S_277 -16.309 -90.060 10.000
G_278 0.000 -27.649 13.000
N_279 -24.169 -507.047 13.000
T_280 -16.309 -90.974 10.000
S_281 -16.309 -90.060 10.000
L_282 0.000 679.918 6.000
P_283 0.000 -195.996 3.000
L_284 0.000 679.918 0.000
V_285 0.000 613.196 3.000
L_286 0.000 679.918 6.000
K_287 -11.867 -818.649 6.000
K_288 -11.867 -818.649 6.000
L_289 0.000 679.918 6.000
L_290 0.000 679.918 6.000
L_291 0.000 679.918 8.000
S_292 -17.811 -90.060 12.000
R_293 -32.645 -1015.709 16.000
D_294 -28.359 -475.402 19.000
E_295 -26.485 -605.239 16.000
T_296 -19.613 -90.974 15.000
L_297 0.000 679.918 11.000
Q_298 -16.691 -643.904 7.000
V_299 0.000 613.196 7.000
A_300 0.000 185.740 7.000
S_301 -10.149 -90.060 5.000
A_302 0.000 185.740 5.000
H_303 -7.426 -583.484 5.000
C_304 0.000 322.480 5.000
I_305 0.000 777.529 5.000
T_306 -4.441 -90.974 3.000
A_307 0.000 185.740 3.000
V_308 0.000 613.196 3.000
L_309 0.000 679.918 2.000
V_310 0.000 613.196 5.000
H_311 -7.426 -583.484 5.000
S_312 -10.149 -90.060 5.000
P_313 0.000 -195.996 8.000
A_314 0.000 185.740 8.000
K_315 -10.149 -818.649 5.000
H_316 -9.978 -583.484 8.000
A_317 0.000 185.740 8.000
S_318 -10.149 -90.060 5.000
A_319 0.000 185.740 3.000
F_320 0.000 560.542 5.000
I_321 0.000 777.529 2.000
H_322 -8.431 -583.484 6.000
A_323 0.000 185.740 6.000
D_324 -14.591 -475.402 6.000
I_325 0.000 777.529 8.000
P_326 0.000 -195.996 8.000
E_327 -7.878 -605.239 4.000
F_328 0.000 560.542 4.000
L_329 0.000 679.918 8.000
F_330 0.000 560.542 6.000
E_331 -14.591 -605.239 6.000
H_332 -10.601 -583.484 9.000
L_333 0.000 679.918 12.000
S_334 -17.098 -90.060 11.000
S_335 -17.811 -90.060 12.000
S_336 -20.127 -90.060 16.000
S_337 -18.462 -90.060 13.000
E_338 -21.132 -605.239 10.000
V_339 0.000 613.196 7.000
L_340 0.000 679.918 5.000
V_341 0.000 613.196 4.000
W_342 -4.824 -203.500 7.000
S_343 -13.255 -90.060 7.000
S_344 -17.098 -90.060 11.000
C_345 0.000 322.480 10.000
N_346 -16.691 -507.047 7.000
C_347 0.000 322.480 7.000
L_348 0.000 679.918 7.000
T_349 -4.441 -90.974 3.000
L_350 0.000 679.918 3.000
L_351 0.000 679.918 7.000
V_352 0.000 613.196 8.000
E_353 -18.409 -605.239 8.000
E_354 -18.409 -605.239 8.000
P_355 0.000 -195.996 8.000
L_356 0.000 679.918 4.000
F_357 0.000 560.542 3.000
F_358 0.000 560.542 6.000
S_359 -11.867 -90.060 6.000
K_360 -14.420 -818.649 8.000
C_361 0.000 322.480 11.000
H_362 -9.978 -583.484 8.000
T_363 -13.255 -90.974 7.000
V_364 0.000 613.196 7.000
Y_365 -7.426 -274.939 5.000
G_366 0.000 -27.649 6.000
I_367 0.000 777.529 6.000
E_368 -7.878 -605.239 4.000
A_369 0.000 185.740 4.000
V_370 0.000 613.196 9.000
V_371 0.000 613.196 8.000
R_372 -21.845 -1015.709 8.000
S_373 -17.811 -90.060 12.000
L_374 0.000 679.918 12.000
Q_375 -21.132 -643.904 10.000
G_376 0.000 -27.649 7.000
S_377 -16.309 -90.060 10.000
L_378 0.000 679.918 6.000
K_379 -16.309 -818.649 10.000
M_380 0.000 401.769 11.000
N_381 -22.253 -507.047 11.000
N_382 -23.258 -507.047 12.000
I_383 0.000 777.529 12.000
E_384 -21.132 -605.239 10.000
L_385 0.000 679.918 9.000
H_386 -12.518 -583.484 13.000
K_387 -15.425 -818.649 9.000
Q_388 -19.866 -643.904 9.000
G_389 0.000 -27.649 7.000
L_390 0.000 679.918 4.000
L_391 0.000 679.918 0.000
L_392 0.000 679.918 0.000
F_393 0.000 560.542 4.000
A_394 0.000 185.740 4.000
E_395 -7.878 -605.239 4.000
I_396 0.000 777.529 7.000
L_397 0.000 679.918 12.000
T_398 -17.811 -90.974 12.000
R_399 -28.412 -1015.709 12.000
Q_400 -26.485 -643.904 16.000
P_401 0.000 -195.996 17.000
E_402 -23.258 -605.239 12.000
E_403 -22.253 -605.239 11.000
I_404 0.000 777.529 11.000
K_405 -13.255 -818.649 7.000
L_406 0.000 679.918 6.000
F_407 0.000 560.542 9.000
T_408 -15.425 -90.974 9.000
S_409 -15.425 -90.060 9.000
S_410 -15.425 -90.060 9.000
A_411 0.000 185.740 6.000
M_412 0.000 401.769 8.000
C_413 0.000 322.480 9.000
R_414 -23.856 -1015.709 9.000
D_415 -19.866 -475.402 9.000
A_416 0.000 185.740 14.000
G_417 0.000 -27.649 9.000
R_418 -11.867 -1015.709 5.000
A_419 0.000 185.740 9.000
L_420 0.000 679.918 13.000
Q_421 -18.409 -643.904 8.000
E_422 -18.409 -605.239 8.000
A_423 0.000 185.740 11.000
V_424 0.000 613.196 10.000
S_425 -11.867 -90.060 6.000
S_426 -11.867 -90.060 6.000
P_427 0.000 -195.996 6.000
V_428 0.000 613.196 7.000
L_429 0.000 679.918 4.000
E_430 -7.878 -605.239 4.000
V_431 0.000 613.196 4.000
A_432 0.000 185.740 8.000
A_433 0.000 185.740 4.000
E_434 -7.878 -605.239 4.000
A_435 0.000 185.740 7.000
L_436 0.000 679.918 7.000
K_437 -11.867 -818.649 6.000
A_438 0.000 185.740 9.000
T_439 -15.425 -90.974 9.000
S_440 -11.867 -90.060 6.000
A_441 0.000 185.740 6.000
F_442 0.000 560.542 8.000
L_443 0.000 679.918 8.000
R_444 -28.412 -1015.709 12.000
K_445 -19.059 -818.649 14.000
D_446 -27.773 -475.402 18.000
H_447 -13.586 -583.484 16.000
Q_448 -26.485 -643.904 16.000
S_449 -17.811 -90.060 12.000
T_450 -16.309 -90.974 10.000
P_451 0.000 -195.996 6.000
P_452 0.000 -195.996 7.000
V_453 0.000 613.196 6.000
Q_454 -14.591 -643.904 6.000
Y_455 -11.154 -274.939 10.000
G_456 0.000 -27.649 10.000
E_457 -21.132 -605.239 10.000
L_458 0.000 679.918 8.000
Q_459 -18.409 -643.904 8.000
A_460 0.000 185.740 4.000
L_461 0.000 679.918 8.000
L_462 0.000 679.918 4.000
E_463 -7.878 -605.239 4.000
A_464 0.000 185.740 4.000
M_465 0.000 401.769 8.000
L_466 0.000 679.918 9.000
N_467 -19.866 -507.047 9.000
R_468 -23.856 -1015.709 9.000
C_469 0.000 322.480 13.000
A_470 0.000 185.740 9.000
E_471 -16.691 -605.239 7.000
F_472 0.000 560.542 11.000
S_473 -19.059 -90.060 14.000
Q_474 -21.132 -643.904 10.000
T_475 -16.309 -90.974 10.000
L_476 0.000 679.918 10.000
L_477 0.000 679.918 11.000
S_478 -18.462 -90.060 13.000
R_479 -29.616 -1015.709 13.000
R_480 -29.616 -1015.709 13.000
P_481 0.000 -195.996 10.000
L_482 0.000 679.918 7.000
G_483 0.000 -27.649 2.000
H_484 -7.426 -583.484 5.000
A_485 0.000 185.740 8.000
S_486 -18.462 -90.060 13.000
S_487 -19.613 -90.060 15.000
R_488 -34.315 -1015.709 18.000
D_489 -28.359 -475.402 19.000
S_490 -21.486 -90.060 19.000
E_491 -25.003 -605.239 14.000
K_492 -16.309 -818.649 10.000
A_493 0.000 185.740 7.000
I_494 0.000 777.529 7.000
L_495 0.000 679.918 9.000
Q_496 -19.866 -643.904 9.000
R_497 -28.412 -1015.709 12.000
G_498 0.000 -27.649 12.000
K_499 -14.420 -818.649 8.000
F_500 0.000 560.542 3.000
L_501 0.000 679.918 6.000
L_502 0.000 679.918 6.000
S_503 -11.867 -90.060 6.000
T_504 -16.309 -90.974 10.000
L_505 0.000 679.918 10.000
E_506 -16.691 -605.239 7.000
G_507 0.000 -27.649 9.000
F_508 0.000 560.542 12.000
R_509 -21.845 -1015.709 8.000
S_510 -14.420 -90.060 8.000
A_511 0.000 185.740 13.000
C_512 0.000 322.480 8.000
R_513 -11.867 -1015.709 5.000
L_514 0.000 679.918 5.000
A_515 0.000 185.740 9.000
I_516 0.000 777.529 4.000
E_517 -18.409 -605.239 8.000
F_518 0.000 560.542 11.000
Q_519 -25.772 -643.904 15.000
S_520 -17.098 -90.060 11.000
E_521 -25.003 -605.239 14.000
P_522 0.000 -195.996 10.000
S_523 -17.098 -90.060 11.000
A_524 0.000 185.740 11.000
Q_525 -25.772 -643.904 15.000
E_526 -23.258 -605.239 12.000
N_527 -23.258 -507.047 12.000
P_528 0.000 -195.996 11.000
F_529 0.000 560.542 7.000
T_530 -4.441 -90.974 3.000
A_531 0.000 185.740 6.000
P_532 0.000 -195.996 6.000
S_533 -11.867 -90.060 6.000
A_534 0.000 185.740 9.000
K_535 -18.462 -818.649 13.000
K_536 -19.059 -818.649 14.000
E_537 -27.150 -605.239 17.000
D_538 -25.003 -475.402 14.000
T_539 -19.613 -90.974 15.000
L_540 0.000 679.918 11.000
E_541 -16.691 -605.239 7.000
A_542 0.000 185.740 7.000
F_543 0.000 560.542 11.000
S_544 -13.255 -90.060 7.000
E_545 -16.691 -605.239 7.000
F_546 0.000 560.542 7.000
L_547 0.000 679.918 7.000
L_548 0.000 679.918 3.000
S_549 -4.441 -90.060 3.000
A_550 0.000 185.740 7.000
C_551 0.000 322.480 10.000
D_552 -16.691 -475.402 7.000
S_553 -13.255 -90.060 7.000
L_554 0.000 679.918 7.000
C_555 0.000 322.480 3.000
I_556 0.000 777.529 0.000
P_557 0.000 -195.996 0.000
M_558 0.000 401.769 0.000
V_559 0.000 613.196 5.000
M_560 0.000 401.769 7.000
R_561 -19.414 -1015.709 7.000
H_562 -11.652 -583.484 11.000
L_563 0.000 679.918 15.000
E_564 -24.169 -605.239 13.000
Q_565 -25.003 -643.904 14.000
T_566 -20.127 -90.974 16.000
T_567 -17.811 -90.974 12.000
H_568 -9.978 -583.484 8.000
P_569 0.000 -195.996 5.000
A_570 0.000 185.740 2.000
L_571 0.000 679.918 4.000
M_572 0.000 401.769 4.000
E_573 -7.878 -605.239 4.000
V_574 0.000 613.196 4.000
F_575 0.000 560.542 7.000
L_576 0.000 679.918 3.000
S_577 -4.441 -90.060 3.000
I_578 0.000 777.529 5.000
L_579 0.000 679.918 9.000
H_580 -8.431 -583.484 6.000
N_581 -14.591 -507.047 6.000
L_582 0.000 679.918 6.000
F_583 0.000 560.542 4.000
V_584 0.000 613.196 0.000
I_585 0.000 777.529 0.000
V_586 0.000 613.196 2.000
P_587 0.000 -195.996 2.000
H_588 -7.426 -583.484 5.000
M_589 0.000 401.769 9.000
K_590 -17.811 -818.649 12.000
E_591 -21.132 -605.239 10.000
K_592 -18.462 -818.649 13.000
F_593 0.000 560.542 13.000
S_594 -17.811 -90.060 12.000
K_595 -15.425 -818.649 9.000
K_596 -15.425 -818.649 9.000
L_597 0.000 679.918 9.000
A_598 0.000 185.740 9.000
S_599 -15.425 -90.060 9.000
S_600 -15.425 -90.060 9.000
S_601 -15.425 -90.060 9.000
F_602 0.000 560.542 11.000
I_603 0.000 777.529 8.000
R_604 -21.845 -1015.709 8.000
L_605 0.000 679.918 8.000
T_606 -17.811 -90.974 12.000
L_607 0.000 679.918 7.000
E_608 -21.132 -605.239 10.000
L_609 0.000 679.918 7.000
K_610 -17.811 -818.649 12.000
A_611 0.000 185.740 8.000
R_612 -21.845 -1015.709 8.000
F_613 0.000 560.542 8.000
C_614 0.000 322.480 8.000
S_615 -4.441 -90.060 3.000
G_616 0.000 -27.649 6.000
L_617 0.000 679.918 8.000
S_618 -14.420 -90.060 8.000
H_619 -9.978 -583.484 8.000
S_620 -14.420 -90.060 8.000
A_621 0.000 185.740 9.000
L_622 0.000 679.918 11.000
N_623 -18.409 -507.047 8.000
Q_624 -18.409 -643.904 8.000
V_625 0.000 613.196 11.000
C_626 0.000 322.480 11.000
S_627 -13.255 -90.060 7.000
N_628 -16.691 -507.047 7.000
F_629 0.000 560.542 9.000
L_630 0.000 679.918 8.000
Y_631 -6.160 -274.939 4.000
Y_632 -6.160 -274.939 4.000
M_633 0.000 401.769 4.000
C_634 0.000 322.480 6.000
L_635 0.000 679.918 4.000
N_636 -7.878 -507.047 4.000
L_637 0.000 679.918 7.000
L_638 0.000 679.918 7.000
S_639 -4.441 -90.060 3.000
A_640 0.000 185.740 7.000
P_641 0.000 -195.996 10.000
E_642 -21.132 -605.239 10.000
K_643 -16.309 -818.649 10.000
T_644 -16.309 -90.974 10.000
G_645 0.000 -27.649 6.000
P_646 0.000 -195.996 6.000
P_647 0.000 -195.996 6.000
S_648 -16.309 -90.060 10.000
K_649 -19.059 -818.649 14.000
E_650 -25.003 -605.239 14.000
E_651 -25.003 -605.239 14.000
L_652 0.000 679.918 11.000
S_653 -13.255 -90.060 7.000
A_654 0.000 185.740 6.000
V_655 0.000 613.196 10.000
S_656 -13.255 -90.060 7.000
E_657 -16.691 -605.239 7.000
L_658 0.000 679.918 11.000
L_659 0.000 679.918 10.000
Q_660 -14.591 -643.904 6.000
H_661 -8.431 -583.484 6.000
G_662 0.000 -27.649 6.000
L_663 0.000 679.918 6.000
P_664 0.000 -195.996 4.000
Q_665 -16.691 -643.904 7.000
I_666 0.000 777.529 10.000
S_667 -19.613 -90.060 15.000
S_668 -19.059 -90.060 14.000
R_669 -30.711 -1015.709 14.000
S_670 -19.613 -90.060 15.000
P_671 0.000 -195.996 15.000
E_672 -21.132 -605.239 10.000
S_673 -13.255 -90.060 7.000
L_674 0.000 679.918 7.000
A_675 0.000 185.740 3.000
F_676 0.000 560.542 3.000
L_677 0.000 679.918 7.000
S_678 -17.811 -90.060 12.000
D_679 -26.485 -475.402 16.000
R_680 -34.315 -1015.709 18.000
Q_681 -25.772 -643.904 15.000
Y_682 -13.255 -274.939 15.000
M_683 0.000 401.769 10.000
E_684 -14.591 -605.239 6.000
G_685 0.000 -27.649 4.000
A_686 0.000 185.740 9.000
A_687 0.000 185.740 9.000
R_688 -30.711 -1015.709 14.000
Q_689 -27.773 -643.904 18.000
R_690 -35.785 -1015.709 20.000
Q_691 -25.772 -643.904 15.000
Y_692 -11.652 -274.939 11.000
C_693 0.000 322.480 6.000
I_694 0.000 777.529 2.000
L_695 0.000 679.918 0.000
L_696 0.000 679.918 0.000
L_697 0.000 679.918 2.000
F_698 0.000 560.542 2.000
Y_699 -1.718 -274.939 2.000
L_700 0.000 679.918 4.000
A_701 0.000 185.740 4.000
Y_702 -6.160 -274.939 4.000
I_703 0.000 777.529 8.000
H_704 -12.104 -583.484 12.000
E_705 -25.772 -605.239 15.000
D_706 -25.772 -475.402 15.000
R_707 -29.616 -1015.709 13.000
F_708 0.000 560.542 12.000
V_709 0.000 613.196 12.000
S_710 -13.255 -90.060 7.000
E_711 -22.253 -605.239 11.000
A_712 0.000 185.740 11.000
E_713 -18.409 -605.239 8.000
L_714 0.000 679.918 8.000
F_715 0.000 560.542 8.000
E_716 -7.878 -605.239 4.000
A_717 0.000 185.740 8.000
V_718 0.000 613.196 11.000
Q_719 -16.691 -643.904 7.000
S_720 -13.255 -90.060 7.000
F_721 0.000 560.542 7.000
L_722 0.000 679.918 6.000
L_723 0.000 679.918 3.000
S_724 -13.255 -90.060 7.000
L_725 0.000 679.918 11.000
Q_726 -25.772 -643.904 15.000
D_727 -23.258 -475.402 12.000
Q_728 -26.485 -643.904 16.000
G_729 0.000 -27.649 17.000
E_730 -24.169 -605.239 13.000
R_731 -23.856 -1015.709 9.000
P_732 0.000 -195.996 9.000
P_733 0.000 -195.996 5.000
L_734 0.000 679.918 0.000
V_735 0.000 613.196 0.000
V_736 0.000 613.196 3.000
F_737 0.000 560.542 3.000
K_738 -11.867 -818.649 6.000
A_739 0.000 185.740 6.000
S_740 -14.420 -90.060 8.000
I_741 0.000 777.529 5.000
Y_742 -7.426 -274.939 5.000
L_743 0.000 679.918 2.000
L_744 0.000 679.918 2.000
A_745 0.000 185.740 0.000
I_746 0.000 777.529 4.000
C_747 0.000 322.480 8.000
Q_748 -22.253 -643.904 11.000
D_749 -25.772 -475.402 15.000
K_750 -21.486 -818.649 19.000
D_751 -27.773 -475.402 18.000
N_752 -25.003 -507.047 14.000
T_753 -20.127 -90.974 16.000
L_754 0.000 679.918 16.000
R_755 -31.716 -1015.709 15.000
E_756 -23.258 -605.239 12.000
T_757 -17.811 -90.974 12.000
M_758 0.000 401.769 10.000
V_759 0.000 613.196 6.000
S_760 -4.441 -90.060 3.000
A_761 0.000 185.740 8.000
I_762 0.000 777.529 11.000
R_763 -21.845 -1015.709 8.000
K_764 -14.420 -818.649 8.000
F_765 0.000 560.542 12.000
L_766 0.000 679.918 7.000
E_767 -7.878 -605.239 4.000
G_768 0.000 -27.649 4.000
I_769 0.000 777.529 8.000
P_770 0.000 -195.996 4.000
D_771 -18.409 -475.402 8.000
L_772 0.000 679.918 8.000
Q_773 -18.409 -643.904 8.000
L_774 0.000 679.918 6.000
V_775 0.000 613.196 9.000
Y_776 -9.265 -274.939 7.000
T_777 -15.425 -90.974 9.000
H_778 -10.601 -583.484 9.000
H_779 -9.265 -583.484 7.000
P_780 0.000 -195.996 4.000
L_781 0.000 679.918 2.000
L_782 0.000 679.918 5.000
L_783 0.000 679.918 5.000
R_784 -11.867 -1015.709 5.000
F_785 0.000 560.542 5.000
F_786 0.000 560.542 5.000
L_787 0.000 679.918 2.000
L_788 0.000 679.918 2.000
Y_789 -8.431 -274.939 6.000
P_790 0.000 -195.996 6.000
E_791 -14.591 -605.239 6.000
L_792 0.000 679.918 7.000
M_793 0.000 401.769 12.000
S_794 -16.309 -90.060 10.000
R_795 -25.574 -1015.709 10.000
Y_796 -12.104 -274.939 12.000
G_797 0.000 -27.649 14.000
H_798 -10.601 -583.484 9.000
R_799 -19.414 -1015.709 7.000
V_800 0.000 613.196 11.000
L_801 0.000 679.918 9.000
E_802 -11.867 -605.239 5.000
L_803 0.000 679.918 5.000
W_804 -3.990 -203.500 5.000
F_805 0.000 560.542 2.000
F_806 0.000 560.542 6.000
W_807 -5.447 -203.500 9.000
E_808 -23.258 -605.239 12.000
E_809 -25.772 -605.239 15.000
S_810 -20.127 -90.060 16.000
S_811 -20.127 -90.060 16.000
Y_812 -13.586 -274.939 16.000
E_813 -24.169 -605.239 13.000
E_814 -25.003 -605.239 14.000
L_815 0.000 679.918 16.000
D_816 -23.258 -475.402 12.000
D_817 -22.253 -475.402 11.000
V_818 0.000 613.196 14.000
T_819 -16.309 -90.974 10.000
S_820 -11.867 -90.060 6.000
A_821 0.000 185.740 10.000
G_822 0.000 -27.649 7.000
Q_823 -7.878 -643.904 4.000
P_824 0.000 -195.996 4.000
A_825 0.000 185.740 4.000
L_826 0.000 679.918 0.000
P_827 0.000 -195.996 3.000
A_828 0.000 185.740 3.000
S_829 -4.441 -90.060 3.000
L_830 0.000 679.918 3.000
V_831 0.000 613.196 3.000
V_832 0.000 613.196 0.000
L_833 0.000 679.918 4.000
F_834 0.000 560.542 4.000
Q_835 -7.878 -643.904 4.000
L_836 0.000 679.918 9.000
L_837 0.000 679.918 12.000
R_838 -21.845 -1015.709 8.000
S_839 -14.420 -90.060 8.000
I_840 0.000 777.529 11.000
P_841 0.000 -195.996 6.000
S_842 -4.441 -90.060 3.000
I_843 0.000 777.529 3.000
L_844 0.000 679.918 3.000
L_845 0.000 679.918 0.000
I_846 0.000 777.529 0.000
L_847 0.000 679.918 4.000
L_848 0.000 679.918 4.000
D_849 -7.878 -475.402 4.000
L_850 0.000 679.918 6.000
I_851 0.000 777.529 9.000
Y_852 -9.978 -274.939 8.000
S_853 -14.420 -90.060 8.000
S_854 -14.420 -90.060 8.000
P_855 0.000 -195.996 10.000
V_856 0.000 613.196 10.000
D_857 -16.691 -475.402 7.000
T_858 -15.425 -90.974 9.000
A_859 0.000 185.740 12.000
H_860 -9.978 -583.484 8.000
K_861 -10.149 -818.649 5.000
V_862 0.000 613.196 5.000
L_863 0.000 679.918 6.000
I_864 0.000 777.529 3.000
S_865 -14.420 -90.060 8.000
L_866 0.000 679.918 11.000
R_867 -27.076 -1015.709 11.000
T_868 -14.420 -90.974 8.000
F_869 0.000 560.542 13.000
L_870 0.000 679.918 13.000
R_871 -30.711 -1015.709 14.000
R_872 -34.315 -1015.709 18.000
N_873 -29.934 -507.047 22.000
E_874 -27.150 -605.239 17.000
D_875 -26.485 -475.402 16.000
I_876 0.000 777.529 12.000
Q_877 -18.409 -643.904 8.000
V_878 0.000 613.196 4.000
G_879 0.000 -27.649 4.000
G_880 0.000 -27.649 0.000
L_881 0.000 679.918 5.000
I_882 0.000 777.529 5.000
R_883 -19.414 -1015.709 7.000
G_884 0.000 -27.649 7.000
H_885 -9.265 -583.484 7.000
F_886 0.000 560.542 2.000
L_887 0.000 679.918 2.000
L_888 0.000 679.918 0.000
I_889 0.000 777.529 4.000
L_890 0.000 679.918 9.000
Q_891 -19.866 -643.904 9.000
R_892 -23.856 -1015.709 9.000
L_893 0.000 679.918 9.000
L_894 0.000 679.918 9.000
V_895 0.000 613.196 6.000
E_896 -14.591 -605.239 6.000
H_897 -8.431 -583.484 6.000
G_898 0.000 -27.649 9.000
A_899 0.000 185.740 5.000
S_900 -11.867 -90.060 6.000
P_901 0.000 -195.996 6.000
S_902 -11.867 -90.060 6.000
G_903 0.000 -27.649 6.000
A_904 0.000 185.740 6.000
S_905 -13.255 -90.060 7.000
G_906 0.000 -27.649 7.000
N_907 -16.691 -507.047 7.000
L_908 0.000 679.918 4.000
P_909 0.000 -195.996 4.000
L_910 0.000 679.918 0.000
L_911 0.000 679.918 3.000
L_912 0.000 679.918 3.000
S_913 -4.441 -90.060 3.000
L_914 0.000 679.918 6.000
L_915 0.000 679.918 6.000
S_916 -4.441 -90.060 3.000
L_917 0.000 679.918 7.000
M_918 0.000 401.769 7.000
Q_919 -19.866 -643.904 9.000
L_920 0.000 679.918 13.000
R_921 -29.616 -1015.709 13.000
N_922 -23.258 -507.047 12.000
V_923 0.000 613.196 16.000
S_924 -19.613 -90.060 15.000
E_925 -25.772 -605.239 15.000
Q_926 -25.772 -643.904 15.000
E_927 -26.485 -605.239 16.000
L_928 0.000 679.918 15.000
D_929 -22.253 -475.402 11.000
S_930 -13.255 -90.060 7.000
V_931 0.000 613.196 7.000
A_932 0.000 185.740 6.000
M_933 0.000 401.769 3.000
K_934 -4.441 -818.649 3.000
L_935 0.000 679.918 5.000
L_936 0.000 679.918 9.000
H_937 -8.431 -583.484 6.000
Q_938 -19.866 -643.904 9.000
V_939 0.000 613.196 12.000
S_940 -16.309 -90.060 10.000
K_941 -11.867 -818.649 6.000
L_942 0.000 679.918 6.000
C_943 0.000 322.480 6.000
G_944 0.000 -27.649 3.000
K_945 -11.867 -818.649 6.000
C_946 0.000 322.480 6.000
S_947 -15.425 -90.060 9.000
P_948 0.000 -195.996 10.000
T_949 -16.309 -90.974 10.000
D_950 -22.253 -475.402 11.000
V_951 0.000 613.196 11.000
D_952 -18.409 -475.402 8.000
I_953 0.000 777.529 8.000
L_954 0.000 679.918 8.000
Q_955 -16.691 -643.904 7.000
P_956 0.000 -195.996 7.000
S_957 -17.098 -90.060 11.000
F_958 0.000 560.542 7.000
N_959 -16.691 -507.047 7.000
F_960 0.000 560.542 6.000
L_961 0.000 679.918 7.000
Y_962 -8.431 -274.939 6.000
W_963 -4.441 -203.500 6.000
S_964 -14.420 -90.060 8.000
L_965 0.000 679.918 10.000
H_966 -12.104 -583.484 12.000
Q_967 -23.258 -643.904 12.000
T_968 -17.811 -90.974 12.000
T_969 -18.462 -90.974 13.000
P_970 0.000 -195.996 12.000
S_971 -18.462 -90.060 13.000
S_972 -18.462 -90.060 13.000
Q_973 -27.773 -643.904 18.000
K_974 -19.613 -818.649 15.000
R_975 -28.412 -1015.709 12.000
A_976 0.000 185.740 8.000
A_977 0.000 185.740 5.000
A_978 0.000 185.740 0.000
V_979 0.000 613.196 0.000
L_980 0.000 679.918 3.000
L_981 0.000 679.918 6.000
S_982 -15.425 -90.060 9.000
S_983 -15.425 -90.060 9.000
T_984 -15.425 -90.974 9.000
G_985 0.000 -27.649 6.000
L_986 0.000 679.918 7.000
M_987 0.000 401.769 4.000
E_988 -7.878 -605.239 4.000
L_989 0.000 679.918 8.000
L_990 0.000 679.918 11.000
E_991 -16.691 -605.239 7.000
K_992 -13.255 -818.649 7.000
M_993 0.000 401.769 7.000
L_994 0.000 679.918 3.000
A_995 0.000 185.740 3.000
L_996 0.000 679.918 3.000
T_997 -4.441 -90.974 3.000
L_998 0.000 679.918 6.000
A_999 0.000 185.740 6.000
K_1000 -13.255 -818.649 7.000
A_1001 0.000 185.740 10.000
D_1002 -21.132 -475.402 10.000
S_1003 -17.811 -90.060 12.000
P_1004 0.000 -195.996 15.000
R_1005 -27.076 -1015.709 11.000
T_1006 -14.420 -90.974 8.000
A_1007 0.000 185.740 8.000
L_1008 0.000 679.918 3.000
L_1009 0.000 679.918 3.000
C_1010 0.000 322.480 3.000
S_1011 -7.878 -90.060 4.000
A_1012 0.000 185.740 4.000
W_1013 -3.436 -203.500 4.000
L_1014 0.000 679.918 4.000
L_1015 0.000 679.918 4.000
T_1016 -11.867 -90.974 6.000
A_1017 0.000 185.740 6.000
S_1018 -15.425 -90.060 9.000
F_1019 0.000 560.542 6.000
S_1020 -16.309 -90.060 10.000
A_1021 0.000 185.740 11.000
Q_1022 -24.169 -643.904 13.000
Q_1023 -24.169 -643.904 13.000
H_1024 -12.518 -583.484 13.000
K_1025 -17.811 -818.649 12.000
G_1026 0.000 -27.649 8.000
S_1027 -16.309 -90.060 10.000
L_1028 0.000 679.918 7.000
Q_1029 -19.866 -643.904 9.000
V_1030 0.000 613.196 10.000
H_1031 -12.518 -583.484 13.000
Q_1032 -19.866 -643.904 9.000
T_1033 -17.811 -90.974 12.000
L_1034 0.000 679.918 10.000
S_1035 -16.309 -90.060 10.000
V_1036 0.000 613.196 7.000
E_1037 -22.253 -605.239 11.000
M_1038 0.000 401.769 12.000
D_1039 -23.258 -475.402 12.000
Q_1040 -18.409 -643.904 8.000
V_1041 0.000 613.196 11.000
L_1042 0.000 679.918 7.000
K_1043 -4.441 -818.649 3.000
A_1044 0.000 185.740 6.000
L_1045 0.000 679.918 6.000
S_1046 -4.441 -90.060 3.000
F_1047 0.000 560.542 6.000
P_1048 0.000 -195.996 9.000
K_1049 -15.425 -818.649 9.000
K_1050 -15.425 -818.649 9.000
K_1051 -15.425 -818.649 9.000
A_1052 0.000 185.740 6.000
A_1053 0.000 185.740 3.000
L_1054 0.000 679.918 3.000
L_1055 0.000 679.918 3.000
S_1056 -4.441 -90.060 3.000
A_1057 0.000 185.740 3.000
A_1058 0.000 185.740 3.000
I_1059 0.000 777.529 0.000
L_1060 0.000 679.918 0.000
C_1061 0.000 322.480 0.000
F_1062 0.000 560.542 5.000
L_1063 0.000 679.918 8.000
R_1064 -21.845 -1015.709 8.000
T_1065 -14.420 -90.974 8.000
A_1066 0.000 185.740 13.000
L_1067 0.000 679.918 12.000
R_1068 -28.412 -1015.709 12.000
Q_1069 -23.258 -643.904 12.000
S_1070 -19.613 -90.060 15.000
F_1071 0.000 560.542 13.000
S_1072 -15.425 -90.060 9.000
S_1073 -11.867 -90.060 6.000
A_1074 0.000 185.740 6.000
L_1075 0.000 679.918 3.000
V_1076 0.000 613.196 0.000
A_1077 0.000 185.740 0.000
L_1078 0.000 679.918 0.000
V_1079 0.000 613.196 3.000
P_1080 0.000 -195.996 3.000
S_1081 -4.441 -90.060 3.000
G_1082 0.000 -27.649 7.000
A_1083 0.000 185.740 7.000
Q_1084 -7.878 -643.904 4.000
P_1085 0.000 -195.996 4.000
L_1086 0.000 679.918 4.000
P_1087 0.000 -195.996 3.000
A_1088 0.000 185.740 6.000
T_1089 -16.309 -90.974 10.000
K_1090 -18.462 -818.649 13.000
D_1091 -24.169 -475.402 13.000
T_1092 -16.309 -90.974 10.000
V_1093 0.000 613.196 7.000
L_1094 0.000 679.918 3.000
A_1095 0.000 185.740 0.000
P_1096 0.000 -195.996 5.000
L_1097 0.000 679.918 5.000
R_1098 -21.845 -1015.709 8.000
M_1099 0.000 401.769 12.000
S_1100 -17.811 -90.060 12.000
Q_1101 -23.258 -643.904 12.000
V_1102 0.000 613.196 15.000
R_1103 -28.412 -1015.709 12.000
S_1104 -14.420 -90.060 8.000
L_1105 0.000 679.918 8.000
V_1106 0.000 613.196 3.000
I_1107 0.000 777.529 0.000
G_1108 0.000 -27.649 4.000
L_1109 0.000 679.918 8.000
Q_1110 -18.409 -643.904 8.000
N_1111 -18.409 -507.047 8.000
L_1112 0.000 679.918 8.000
L_1113 0.000 679.918 8.000
V_1114 0.000 613.196 7.000
Q_1115 -22.253 -643.904 11.000
K_1116 -17.098 -818.649 11.000
D_1117 -22.253 -475.402 11.000
P_1118 0.000 -195.996 7.000
L_1119 0.000 679.918 7.000
L_1120 0.000 679.918 7.000
S_1121 -13.255 -90.060 7.000
Q_1122 -16.691 -643.904 7.000
A_1123 0.000 185.740 7.000
C_1124 0.000 322.480 4.000
V_1125 0.000 613.196 0.000
G_1126 0.000 -27.649 0.000
C_1127 0.000 322.480 4.000
L_1128 0.000 679.918 4.000
E_1129 -7.878 -605.239 4.000
A_1130 0.000 185.740 4.000
L_1131 0.000 679.918 8.000
L_1132 0.000 679.918 6.000
D_1133 -14.591 -475.402 6.000
Y_1134 -11.154 -274.939 10.000
L_1135 0.000 679.918 10.000
D_1136 -22.253 -475.402 11.000
A_1137 0.000 185.740 12.000
R_1138 -28.412 -1015.709 12.000
S_1139 -17.811 -90.060 12.000
P_1140 0.000 -195.996 12.000
D_1141 -16.691 -475.402 7.000
I_1142 0.000 777.529 4.000
A_1143 0.000 185.740 6.000
L_1144 0.000 679.918 2.000
H_1145 -1.718 -583.484 2.000
V_1146 0.000 613.196 5.000
A_1147 0.000 185.740 9.000
S_1148 -13.255 -90.060 7.000
Q_1149 -18.409 -643.904 8.000
P_1150 0.000 -195.996 12.000
W_1151 -6.542 -203.500 14.000
N_1152 -21.132 -507.047 10.000
R_1153 -25.574 -1015.709 10.000
F_1154 0.000 560.542 9.000
L_1155 0.000 679.918 5.000
L_1156 0.000 679.918 3.000
F_1157 0.000 560.542 3.000
T_1158 -4.441 -90.974 3.000
L_1159 0.000 679.918 7.000
L_1160 0.000 679.918 7.000
D_1161 -7.878 -475.402 4.000
A_1162 0.000 185.740 8.000
G_1163 0.000 -27.649 12.000
E_1164 -22.253 -605.239 11.000
N_1165 -22.253 -507.047 11.000
S_1166 -17.098 -90.060 11.000
F_1167 0.000 560.542 12.000
L_1168 0.000 679.918 8.000
R_1169 -23.856 -1015.709 9.000
P_1170 0.000 -195.996 9.000
E_1171 -19.866 -605.239 9.000
I_1172 0.000 777.529 9.000
L_1173 0.000 679.918 9.000
R_1174 -11.867 -1015.709 5.000
L_1175 0.000 679.918 8.000
M_1176 0.000 401.769 8.000
T_1177 -4.441 -90.974 3.000
L_1178 0.000 679.918 3.000
F_1179 0.000 560.542 8.000
M_1180 0.000 401.769 7.000
R_1181 -28.412 -1015.709 12.000
Y_1182 -13.255 -274.939 15.000
R_1183 -34.315 -1015.709 18.000
S_1184 -20.127 -90.060 16.000
S_1185 -19.059 -90.060 14.000
S_1186 -15.425 -90.060 9.000
V_1187 0.000 613.196 9.000
L_1188 0.000 679.918 8.000
S_1189 -15.425 -90.060 9.000
H_1190 -12.518 -583.484 13.000
E_1191 -24.169 -605.239 13.000
E_1192 -21.132 -605.239 10.000
V_1193 0.000 613.196 12.000
G_1194 0.000 -27.649 8.000
D_1195 -7.878 -475.402 4.000
V_1196 0.000 613.196 8.000
L_1197 0.000 679.918 8.000
Q_1198 -7.878 -643.904 4.000
G_1199 0.000 -27.649 4.000
V_1200 0.000 613.196 4.000
A_1201 0.000 185.740 0.000
L_1202 0.000 679.918 4.000
A_1203 0.000 185.740 4.000
D_1204 -16.691 -475.402 7.000
L_1205 0.000 679.918 10.000
S_1206 -16.309 -90.060 10.000
T_1207 -15.425 -90.974 9.000
L_1208 0.000 679.918 13.000
S_1209 -18.462 -90.060 13.000
N_1210 -24.169 -507.047 13.000
T_1211 -18.462 -90.974 13.000
T_1212 -19.059 -90.974 14.000
L_1213 0.000 679.918 10.000
Q_1214 -16.691 -643.904 7.000
A_1215 0.000 185.740 6.000
L_1216 0.000 679.918 6.000
H_1217 -1.718 -583.484 2.000
G_1218 0.000 -27.649 2.000
F_1219 0.000 560.542 6.000
F_1220 0.000 560.542 8.000
Q_1221 -18.409 -643.904 8.000
Q_1222 -23.258 -643.904 12.000
L_1223 0.000 679.918 15.000
Q_1224 -22.253 -643.904 11.000
S_1225 -13.255 -90.060 7.000
M_1226 0.000 401.769 9.000
G_1227 0.000 -27.649 5.000
H_1228 -1.718 -583.484 2.000
L_1229 0.000 679.918 6.000
A_1230 0.000 185.740 8.000
D_1231 -19.866 -475.402 9.000
H_1232 -10.601 -583.484 9.000
S_1233 -15.425 -90.060 9.000
M_1234 0.000 401.769 9.000
A_1235 0.000 185.740 10.000
Q_1236 -16.691 -643.904 7.000
T_1237 -17.098 -90.974 11.000
L_1238 0.000 679.918 11.000
Q_1239 -21.132 -643.904 10.000
A_1240 0.000 185.740 7.000
S_1241 -17.098 -90.060 11.000
L_1242 0.000 679.918 7.000
E_1243 -16.691 -605.239 7.000
G_1244 0.000 -27.649 4.000
L_1245 0.000 679.918 4.000
P_1246 0.000 -195.996 3.000
P_1247 0.000 -195.996 6.000
S_1248 -15.425 -90.060 9.000
T_1249 -17.811 -90.974 12.000
S_1250 -17.811 -90.060 12.000
S_1251 -18.462 -90.060 13.000
G_1252 0.000 -27.649 10.000
Q_1253 -16.691 -643.904 7.000
P_1254 0.000 -195.996 4.000
P_1255 0.000 -195.996 8.000
L_1256 0.000 679.918 8.000
Q_1257 -18.409 -643.904 8.000
D_1258 -18.409 -475.402 8.000
M_1259 0.000 401.769 8.000
L_1260 0.000 679.918 4.000
C_1261 0.000 322.480 0.000
L_1262 0.000 679.918 0.000
G_1263 0.000 -27.649 0.000
G_1264 0.000 -27.649 0.000
V_1265 0.000 613.196 0.000
A_1266 0.000 185.740 3.000
V_1267 0.000 613.196 3.000
S_1268 -11.867 -90.060 6.000
L_1269 0.000 679.918 8.000
S_1270 -14.420 -90.060 8.000
H_1271 -11.154 -583.484 10.000
I_1272 0.000 777.529 14.000
R_1273 -27.076 -1015.709 11.000
N_1274 -19.866 -507.047 9.000
