M_1 0.000 401.769 0.000
M_2 0.000 401.769 4.000
A_3 0.000 185.740 8.000
D_4 -23.258 -475.402 12.000
E_5 -26.485 -605.239 16.000
E_6 -28.912 -605.239 20.000
E_7 -26.485 -605.239 16.000
E_8 -25.772 -605.239 15.000
V_9 0.000 613.196 11.000
K_10 -13.255 -818.649 7.000
P_11 0.000 -195.996 3.000
I_12 0.000 777.529 7.000
L_13 0.000 679.918 7.000
Q_14 -16.691 -643.904 7.000
K_15 -17.098 -818.649 11.000
L_16 0.000 679.918 15.000
Q_17 -22.253 -643.904 11.000
E_18 -18.409 -605.239 8.000
L_19 0.000 679.918 12.000
V_20 0.000 613.196 12.000
D_21 -18.409 -475.402 8.000
Q_22 -21.132 -643.904 10.000
L_23 0.000 679.918 13.000
Y_24 -10.601 -274.939 9.000
S_25 -16.309 -90.060 10.000
F_26 0.000 560.542 14.000
R_27 -28.412 -1015.709 12.000
D_28 -22.253 -475.402 11.000
C_29 0.000 322.480 11.000
Y_30 -11.154 -274.939 10.000
F_31 0.000 560.542 9.000
E_32 -22.253 -605.239 11.000
T_33 -17.811 -90.974 12.000
H_34 -12.104 -583.484 12.000
S_35 -17.811 -90.060 12.000
V_36 0.000 613.196 13.000
E_37 -22.253 -605.239 11.000
D_38 -18.409 -475.402 8.000
A_39 0.000 185.740 13.000
G_40 0.000 -27.649 12.000
R_41 -28.412 -1015.709 12.000
K_42 -20.127 -818.649 16.000
Q_43 -28.912 -643.904 20.000
Q_44 -25.772 -643.904 15.000
D_45 -26.485 -475.402 16.000
V_46 0.000 613.196 15.000
Q_47 -25.772 -643.904 15.000
K_48 -17.098 -818.649 11.000
E_49 -25.772 -605.239 15.000
M_50 0.000 401.769 14.000
E_51 -25.003 -605.239 14.000
K_52 -16.309 -818.649 10.000
T_53 -19.059 -90.974 14.000
L_54 0.000 679.918 14.000
Q_55 -22.253 -643.904 11.000
Q_56 -23.258 -643.904 12.000
M_57 0.000 401.769 16.000
E_58 -23.258 -605.239 12.000
E_59 -18.409 -605.239 8.000
V_60 0.000 613.196 8.000
V_61 0.000 613.196 7.000
G_62 0.000 -27.649 3.000
S_63 -13.255 -90.060 7.000
V_64 0.000 613.196 7.000
Q_65 -21.132 -643.904 10.000
G_66 0.000 -27.649 7.000
K_67 -17.098 -818.649 11.000
A_68 0.000 185.740 7.000
Q_69 -16.691 -643.904 7.000
V_70 0.000 613.196 4.000
L_71 0.000 679.918 4.000
M_72 0.000 401.769 3.000
L_73 0.000 679.918 3.000
T_74 -11.867 -90.974 6.000
G_75 0.000 -27.649 6.000
K_76 -11.867 -818.649 6.000
A_77 0.000 185.740 7.000
L_78 0.000 679.918 7.000
N_79 -16.691 -507.047 7.000
V_80 0.000 613.196 7.000
T_81 -17.098 -90.974 11.000
P_82 0.000 -195.996 9.000
D_83 -23.258 -475.402 12.000
Y_84 -10.601 -274.939 9.000
S_85 -17.811 -90.060 12.000
P_86 0.000 -195.996 8.000
K_87 -16.309 -818.649 10.000
A_88 0.000 185.740 11.000
E_89 -22.253 -605.239 11.000
E_90 -18.409 -605.239 8.000
L_91 0.000 679.918 11.000
L_92 0.000 679.918 10.000
S_93 -11.867 -90.060 6.000
K_94 -11.867 -818.649 6.000
A_95 0.000 185.740 9.000
V_96 0.000 613.196 6.000
K_97 -13.255 -818.649 7.000
L_98 0.000 679.918 7.000
E_99 -22.253 -605.239 11.000
P_100 0.000 -195.996 8.000
E_101 -18.409 -605.239 8.000
L_102 0.000 679.918 8.000
V_103 0.000 613.196 8.000
E_104 -11.867 -605.239 5.000
A_105 0.000 185.740 9.000
W_106 -6.358 -203.500 13.000
N_107 -19.866 -507.047 9.000
Q_108 -19.866 -643.904 9.000
L_109 0.000 679.918 12.000
G_110 0.000 -27.649 8.000
E_111 -14.591 -605.239 6.000
V_112 0.000 613.196 7.000
Y_113 -11.154 -274.939 10.000
W_114 -5.447 -203.500 9.000
K_115 -15.425 -818.649 9.000
K_116 -17.098 -818.649 11.000
G_117 0.000 -27.649 10.000
D_118 -16.691 -475.402 7.000
V_119 0.000 613.196 4.000
A_120 0.000 185.740 4.000
A_121 0.000 185.740 2.000
A_122 0.000 185.740 5.000
H_123 -7.426 -583.484 5.000
T_124 -10.149 -90.974 5.000
C_125 0.000 322.480 8.000
F_126 0.000 560.542 6.000
S_127 -4.441 -90.060 3.000
G_128 0.000 -27.649 3.000
A_129 0.000 185.740 6.000
L_130 0.000 679.918 5.000
T_131 -10.149 -90.974 5.000
H_132 -11.154 -583.484 10.000
C_133 0.000 322.480 14.000
R_134 -30.711 -1015.709 14.000
N_135 -23.258 -507.047 12.000
K_136 -19.613 -818.649 15.000
V_137 0.000 613.196 10.000
S_138 -16.309 -90.060 10.000
L_139 0.000 679.918 11.000
Q_140 -22.253 -643.904 11.000
N_141 -22.253 -507.047 11.000
L_142 0.000 679.918 11.000
S_143 -13.255 -90.060 7.000
M_144 0.000 401.769 3.000
V_145 0.000 613.196 8.000
L_146 0.000 679.918 9.000
R_147 -23.856 -1015.709 9.000
Q_148 -25.003 -643.904 14.000
L_149 0.000 679.918 17.000
R_150 -32.645 -1015.709 16.000
T_151 -19.613 -90.974 15.000
D_152 -28.359 -475.402 19.000
T_153 -21.060 -90.974 18.000
E_154 -28.359 -605.239 19.000
D_155 -27.150 -475.402 17.000
E_156 -27.150 -605.239 17.000
H_157 -13.255 -583.484 15.000
S_158 -18.462 -90.060 13.000
H_159 -10.601 -583.484 9.000
H_160 -9.265 -583.484 7.000
V_161 0.000 613.196 8.000
M_162 0.000 401.769 9.000
D_163 -16.691 -475.402 7.000
S_164 -17.811 -90.060 12.000
V_165 0.000 613.196 16.000
R_166 -28.412 -1015.709 12.000
Q_167 -23.258 -643.904 12.000
A_168 0.000 185.740 12.000
K_169 -13.255 -818.649 7.000
L_170 0.000 679.918 3.000
A_171 0.000 185.740 7.000
V_172 0.000 613.196 4.000
Q_173 -18.409 -643.904 8.000
M_174 0.000 401.769 8.000
D_175 -21.132 -475.402 10.000
V_176 0.000 613.196 10.000
H_177 -11.154 -583.484 10.000
D_178 -22.253 -475.402 11.000
G_179 0.000 -27.649 14.000
R_180 -29.616 -1015.709 13.000
S_181 -17.098 -90.060 11.000
W_182 -5.944 -203.500 11.000
Y_183 -8.431 -274.939 6.000
I_184 0.000 777.529 3.000
L_185 0.000 679.918 6.000
G_186 0.000 -27.649 7.000
N_187 -19.866 -507.047 9.000
S_188 -15.425 -90.060 9.000
Y_189 -12.104 -274.939 12.000
L_190 0.000 679.918 8.000
S_191 -13.255 -90.060 7.000
L_192 0.000 679.918 5.000
Y_193 -9.978 -274.939 8.000
F_194 0.000 560.542 8.000
S_195 -14.420 -90.060 8.000
T_196 -16.309 -90.974 10.000
G_197 0.000 -27.649 14.000
Q_198 -22.253 -643.904 11.000
N_199 -22.253 -507.047 11.000
P_200 0.000 -195.996 11.000
K_201 -16.309 -818.649 10.000
I_202 0.000 777.529 10.000
S_203 -19.059 -90.060 14.000
Q_204 -22.253 -643.904 11.000
Q_205 -22.253 -643.904 11.000
A_206 0.000 185.740 11.000
L_207 0.000 679.918 7.000
S_208 -10.149 -90.060 5.000
A_209 0.000 185.740 5.000
Y_210 -10.601 -274.939 9.000
A_211 0.000 185.740 6.000
Q_212 -21.132 -643.904 10.000
A_213 0.000 185.740 11.000
E_214 -22.253 -605.239 11.000
K_215 -17.098 -818.649 11.000
V_216 0.000 613.196 16.000
D_217 -25.772 -475.402 15.000
R_218 -28.412 -1015.709 12.000
K_219 -19.613 -818.649 15.000
A_220 0.000 185.740 14.000
S_221 -18.462 -90.060 13.000
S_222 -16.309 -90.060 10.000
N_223 -25.003 -507.047 14.000
P_224 0.000 -195.996 11.000
D_225 -21.132 -475.402 10.000
L_226 0.000 679.918 6.000
H_227 -11.154 -583.484 10.000
L_228 0.000 679.918 11.000
N_229 -22.253 -507.047 11.000
R_230 -28.412 -1015.709 12.000
A_231 0.000 185.740 12.000
T_232 -16.309 -90.974 10.000
L_233 0.000 679.918 8.000
H_234 -11.154 -583.484 10.000
K_235 -17.098 -818.649 11.000
Y_236 -13.255 -274.939 15.000
E_237 -26.485 -605.239 16.000
E_238 -25.772 -605.239 15.000
S_239 -18.462 -90.060 13.000
Y_240 -12.518 -274.939 13.000
G_241 0.000 -27.649 9.000
E_242 -14.591 -605.239 6.000
A_243 0.000 185.740 8.000
L_244 0.000 679.918 8.000
E_245 -7.878 -605.239 4.000
G_246 0.000 -27.649 7.000
F_247 0.000 560.542 12.000
S_248 -14.420 -90.060 8.000
R_249 -21.845 -1015.709 8.000
A_250 0.000 185.740 8.000
A_251 0.000 185.740 5.000
A_252 0.000 185.740 4.000
L_253 0.000 679.918 4.000
D_254 -7.878 -475.402 4.000
P_255 0.000 -195.996 5.000
A_256 0.000 185.740 5.000
W_257 -3.990 -203.500 5.000
P_258 0.000 -195.996 5.000
E_259 -21.132 -605.239 10.000
P_260 0.000 -195.996 13.000
R_261 -34.315 -1015.709 18.000
Q_262 -27.773 -643.904 18.000
R_263 -37.098 -1015.709 22.000
E_264 -29.436 -605.239 21.000
Q_265 -27.150 -643.904 17.000
Q_266 -23.258 -643.904 12.000
L_267 0.000 679.918 12.000
L_268 0.000 679.918 8.000
E_269 -7.878 -605.239 4.000
F_270 0.000 560.542 8.000
L_271 0.000 679.918 13.000
D_272 -19.866 -475.402 9.000
R_273 -28.412 -1015.709 12.000
L_274 0.000 679.918 15.000
T_275 -17.098 -90.974 11.000
S_276 -11.867 -90.060 6.000
L_277 0.000 679.918 10.000
L_278 0.000 679.918 10.000
E_279 -21.132 -605.239 10.000
S_280 -16.309 -90.060 10.000
K_281 -18.462 -818.649 13.000
G_282 0.000 -27.649 9.000
K_283 -15.425 -818.649 9.000
V_284 0.000 613.196 9.000
K_285 -17.811 -818.649 12.000
T_286 -17.811 -90.974 12.000
K_287 -17.811 -818.649 12.000
K_288 -18.462 -818.649 13.000
L_289 0.000 679.918 13.000
Q_290 -21.132 -643.904 10.000
S_291 -13.255 -90.060 7.000
M_292 0.000 401.769 7.000
L_293 0.000 679.918 6.000
G_294 0.000 -27.649 3.000
S_295 -14.420 -90.060 8.000
L_296 0.000 679.918 8.000
R_297 -21.845 -1015.709 8.000
P_298 0.000 -195.996 7.000
A_299 0.000 185.740 7.000
H_300 -1.718 -583.484 2.000
L_301 0.000 679.918 2.000
G_302 0.000 -27.649 2.000
P_303 0.000 -195.996 3.000
C_304 0.000 322.480 7.000
S_305 -13.255 -90.060 7.000
D_306 -19.866 -475.402 9.000
G_307 0.000 -27.649 11.000
H_308 -12.104 -583.484 12.000
Y_309 -11.652 -274.939 11.000
Q_310 -22.253 -643.904 11.000
S_311 -17.811 -90.060 12.000
A_312 0.000 185.740 10.000
S_313 -16.309 -90.060 10.000
G_314 0.000 -27.649 10.000
Q_315 -21.132 -643.904 10.000
K_316 -16.309 -818.649 10.000
V_317 0.000 613.196 10.000
T_318 -16.309 -90.974 10.000
L_319 0.000 679.918 7.000
E_320 -21.132 -605.239 10.000
L_321 0.000 679.918 7.000
K_322 -13.255 -818.649 7.000
P_323 0.000 -195.996 6.000
L_324 0.000 679.918 9.000
S_325 -11.867 -90.060 6.000
T_326 -16.309 -90.974 10.000
L_327 0.000 679.918 10.000
Q_328 -16.691 -643.904 7.000
P_329 0.000 -195.996 4.000
G_330 0.000 -27.649 8.000
V_331 0.000 613.196 7.000
N_332 -16.691 -507.047 7.000
S_333 -13.255 -90.060 7.000
G_334 0.000 -27.649 7.000
A_335 0.000 185.740 3.000
V_336 0.000 613.196 0.000
I_337 0.000 777.529 0.000
L_338 0.000 679.918 3.000
G_339 0.000 -27.649 3.000
K_340 -4.441 -818.649 3.000
V_341 0.000 613.196 3.000
V_342 0.000 613.196 6.000
F_343 0.000 560.542 3.000
S_344 -11.867 -90.060 6.000
L_345 0.000 679.918 9.000
T_346 -18.462 -90.974 13.000
T_347 -19.059 -90.974 14.000
E_348 -27.150 -605.239 17.000
E_349 -25.003 -605.239 14.000
K_350 -17.098 -818.649 11.000
V_351 0.000 613.196 7.000
P_352 0.000 -195.996 6.000
F_353 0.000 560.542 3.000
T_354 -4.441 -90.974 3.000
F_355 0.000 560.542 3.000
G_356 0.000 -27.649 3.000
L_357 0.000 679.918 4.000
V_358 0.000 613.196 7.000
D_359 -22.253 -475.402 11.000
S_360 -17.098 -90.060 11.000
D_361 -22.253 -475.402 11.000
G_362 0.000 -27.649 7.000
P_363 0.000 -195.996 6.000
C_364 0.000 322.480 2.000
Y_365 -1.718 -274.939 2.000
A_366 0.000 185.740 2.000
V_367 0.000 613.196 2.000
M_368 0.000 401.769 2.000
V_369 0.000 613.196 6.000
Y_370 -8.431 -274.939 6.000
N_371 -14.591 -507.047 6.000
I_372 0.000 777.529 10.000
V_373 0.000 613.196 11.000
Q_374 -18.409 -643.904 8.000
S_375 -14.420 -90.060 8.000
W_376 -5.155 -203.500 8.000
G_377 0.000 -27.649 4.000
V_378 0.000 613.196 1.000
L_379 0.000 679.918 0.000
I_380 0.000 777.529 4.000
G_381 0.000 -27.649 7.000
D_382 -16.691 -475.402 7.000
S_383 -13.255 -90.060 7.000
V_384 0.000 613.196 7.000
A_385 0.000 185.740 3.000
I_386 0.000 777.529 4.000
P_387 0.000 -195.996 4.000
E_388 -18.409 -605.239 8.000
P_389 0.000 -195.996 8.000
N_390 -24.169 -507.047 13.000
L_391 0.000 679.918 9.000
R_392 -27.076 -1015.709 11.000
L_393 0.000 679.918 12.000
H_394 -12.104 -583.484 12.000
R_395 -27.076 -1015.709 11.000
I_396 0.000 777.529 13.000
Q_397 -25.003 -643.904 14.000
H_398 -10.601 -583.484 9.000
K_399 -17.811 -818.649 12.000
G_400 0.000 -27.649 12.000
K_401 -17.811 -818.649 12.000
D_402 -23.258 -475.402 12.000
Y_403 -12.104 -274.939 12.000
S_404 -17.811 -90.060 12.000
F_405 0.000 560.542 11.000
S_406 -15.425 -90.060 9.000
S_407 -17.098 -90.060 11.000
V_408 0.000 613.196 11.000
R_409 -28.412 -1015.709 12.000
V_410 0.000 613.196 12.000
E_411 -23.258 -605.239 12.000
T_412 -13.255 -90.974 7.000
P_413 0.000 -195.996 7.000
L_414 0.000 679.918 3.000
L_415 0.000 679.918 0.000
L_416 0.000 679.918 0.000
V_417 0.000 613.196 4.000
V_418 0.000 613.196 4.000
N_419 -16.691 -507.047 7.000
G_420 0.000 -27.649 7.000
K_421 -17.098 -818.649 11.000
P_422 0.000 -195.996 7.000
Q_423 -21.132 -643.904 10.000
G_424 0.000 -27.649 10.000
S_425 -18.462 -90.060 13.000
S_426 -18.462 -90.060 13.000
S_427 -18.462 -90.060 13.000
Q_428 -21.132 -643.904 10.000
A_429 0.000 185.740 7.000
V_430 0.000 613.196 7.000
A_431 0.000 185.740 3.000
T_432 -4.441 -90.974 3.000
V_433 0.000 613.196 6.000
A_434 0.000 185.740 11.000
S_435 -14.420 -90.060 8.000
R_436 -28.412 -1015.709 12.000
P_437 0.000 -195.996 12.000
Q_438 -24.169 -643.904 13.000
C_439 0.000 322.480 8.000
E_440 -18.409 -605.239 8.000
