M_1 0.000 401.769 6.000
T_2 -11.867 -90.974 6.000
K_3 -11.867 -818.649 6.000
F_4 0.000 560.542 6.000
G_5 0.000 -27.649 3.000
F_6 0.000 560.542 5.000
L_7 0.000 679.918 5.000
R_8 -21.845 -1015.709 8.000
L_9 0.000 679.918 10.000
S_10 -19.059 -90.060 14.000
Y_11 -12.104 -274.939 12.000
E_12 -26.485 -605.239 16.000
K_13 -20.609 -818.649 17.000
Q_14 -27.773 -643.904 18.000
D_15 -25.003 -475.402 14.000
T_16 -17.098 -90.974 11.000
L_17 0.000 679.918 10.000
L_18 0.000 679.918 6.000
K_19 -4.441 -818.649 3.000
L_20 0.000 679.918 3.000
L_21 0.000 679.918 3.000
I_22 0.000 777.529 3.000
L_23 0.000 679.918 3.000
S_24 -4.441 -90.060 3.000
M_25 0.000 401.769 3.000
A_26 0.000 185.740 3.000
A_27 0.000 185.740 0.000
V_28 0.000 613.196 3.000
L_29 0.000 679.918 3.000
S_30 -11.867 -90.060 6.000
F_31 0.000 560.542 9.000
S_32 -19.059 -90.060 14.000
T_33 -17.098 -90.974 11.000
R_34 -27.076 -1015.709 11.000
L_35 0.000 679.918 8.000
F_36 0.000 560.542 5.000
A_37 0.000 185.740 0.000
V_38 0.000 613.196 5.000
L_39 0.000 679.918 5.000
R_40 -23.856 -1015.709 9.000
F_41 0.000 560.542 12.000
E_42 -23.258 -605.239 12.000
S_43 -13.255 -90.060 7.000
V_44 0.000 613.196 9.000
I_45 0.000 777.529 9.000
H_46 -8.431 -583.484 6.000
E_47 -21.132 -605.239 10.000
F_48 0.000 560.542 10.000
D_49 -21.132 -475.402 10.000
P_50 0.000 -195.996 6.000
Y_51 -11.154 -274.939 10.000
F_52 0.000 560.542 8.000
N_53 -24.169 -507.047 13.000
Y_54 -12.900 -274.939 14.000
R_55 -33.508 -1015.709 17.000
T_56 -21.060 -90.974 18.000
T_57 -20.127 -90.974 16.000
R_58 -27.076 -1015.709 11.000
F_59 0.000 560.542 8.000
L_60 0.000 679.918 9.000
A_61 0.000 185.740 8.000
E_62 -18.409 -605.239 8.000
E_63 -18.409 -605.239 8.000
G_64 0.000 -27.649 10.000
F_65 0.000 560.542 9.000
Y_66 -7.426 -274.939 5.000
K_67 -13.255 -818.649 7.000
F_68 0.000 560.542 11.000
H_69 -11.154 -583.484 10.000
N_70 -16.691 -507.047 7.000
W_71 -5.944 -203.500 11.000
F_72 0.000 560.542 13.000
D_73 -25.003 -475.402 14.000
D_74 -24.169 -475.402 13.000
R_75 -30.711 -1015.709 14.000
A_76 0.000 185.740 12.000
W_77 -5.155 -203.500 8.000
Y_78 -4.441 -274.939 3.000
P_79 0.000 -195.996 3.000
L_80 0.000 679.918 7.000
G_81 0.000 -27.649 5.000
R_82 -11.867 -1015.709 5.000
I_83 0.000 777.529 5.000
I_84 0.000 777.529 5.000
G_85 0.000 -27.649 3.000
G_86 0.000 -27.649 3.000
T_87 -10.149 -90.974 5.000
I_88 0.000 777.529 5.000
Y_89 -7.426 -274.939 5.000
P_90 0.000 -195.996 2.000
G_91 0.000 -27.649 2.000
L_92 0.000 679.918 0.000
M_93 0.000 401.769 3.000
I_94 0.000 777.529 6.000
T_95 -11.867 -90.974 6.000
S_96 -11.867 -90.060 6.000
A_97 0.000 185.740 6.000
A_98 0.000 185.740 5.000
I_99 0.000 777.529 4.000
Y_100 -6.160 -274.939 4.000
H_101 -6.160 -583.484 4.000
V_102 0.000 613.196 6.000
L_103 0.000 679.918 4.000
H_104 -1.718 -583.484 2.000
F_105 0.000 560.542 4.000
F_106 0.000 560.542 4.000
H_107 -7.426 -583.484 5.000
I_108 0.000 777.529 5.000
T_109 -15.425 -90.974 9.000
I_110 0.000 777.529 7.000
D_111 -23.258 -475.402 12.000
I_112 0.000 777.529 13.000
R_113 -29.616 -1015.709 13.000
N_114 -19.866 -507.047 9.000
V_115 0.000 613.196 9.000
C_116 0.000 322.480 4.000
V_117 0.000 613.196 0.000
F_118 0.000 560.542 0.000
L_119 0.000 679.918 0.000
A_120 0.000 185.740 0.000
P_121 0.000 -195.996 0.000
L_122 0.000 679.918 3.000
F_123 0.000 560.542 6.000
S_124 -11.867 -90.060 6.000
S_125 -15.425 -90.060 9.000
F_126 0.000 560.542 12.000
T_127 -15.425 -90.974 9.000
T_128 -11.867 -90.974 6.000
I_129 0.000 777.529 9.000
V_130 0.000 613.196 8.000
T_131 -13.255 -90.974 7.000
Y_132 -9.265 -274.939 7.000
H_133 -11.154 -583.484 10.000
L_134 0.000 679.918 10.000
T_135 -17.811 -90.974 12.000
K_136 -16.309 -818.649 10.000
E_137 -24.169 -605.239 13.000
L_138 0.000 679.918 14.000
K_139 -17.098 -818.649 11.000
D_140 -16.691 -475.402 7.000
A_141 0.000 185.740 7.000
G_142 0.000 -27.649 4.000
A_143 0.000 185.740 0.000
G_144 0.000 -27.649 0.000
L_145 0.000 679.918 0.000
L_146 0.000 679.918 0.000
A_147 0.000 185.740 0.000
A_148 0.000 185.740 0.000
A_149 0.000 185.740 0.000
M_150 0.000 401.769 0.000
I_151 0.000 777.529 0.000
A_152 0.000 185.740 0.000
V_153 0.000 613.196 0.000
V_154 0.000 613.196 0.000
P_155 0.000 -195.996 2.000
G_156 0.000 -27.649 2.000
Y_157 -7.426 -274.939 5.000
I_158 0.000 777.529 10.000
S_159 -18.462 -90.060 13.000
R_160 -27.076 -1015.709 11.000
S_161 -17.098 -90.060 11.000
V_162 0.000 613.196 8.000
A_163 0.000 185.740 6.000
G_164 0.000 -27.649 5.000
S_165 -15.425 -90.060 9.000
Y_166 -12.518 -274.939 13.000
D_167 -27.150 -475.402 17.000
N_168 -25.003 -507.047 14.000
E_169 -23.258 -605.239 12.000
G_170 0.000 -27.649 8.000
I_171 0.000 777.529 4.000
A_172 0.000 185.740 0.000
I_173 0.000 777.529 0.000
F_174 0.000 560.542 0.000
C_175 0.000 322.480 0.000
M_176 0.000 401.769 0.000
L_177 0.000 679.918 3.000
L_178 0.000 679.918 5.000
T_179 -13.255 -90.974 7.000
Y_180 -9.265 -274.939 7.000
Y_181 -9.978 -274.939 8.000
M_182 0.000 401.769 5.000
W_183 -4.441 -203.500 6.000
I_184 0.000 777.529 4.000
K_185 -7.878 -818.649 4.000
A_186 0.000 185.740 6.000
V_187 0.000 613.196 9.000
K_188 -11.867 -818.649 6.000
T_189 -15.425 -90.974 9.000
G_190 0.000 -27.649 9.000
S_191 -11.867 -90.060 6.000
I_192 0.000 777.529 4.000
C_193 0.000 322.480 4.000
W_194 -0.000 -203.500 1.000
A_195 0.000 185.740 4.000
A_196 0.000 185.740 4.000
K_197 -4.441 -818.649 3.000
C_198 0.000 322.480 3.000
A_199 0.000 185.740 3.000
L_200 0.000 679.918 2.000
A_201 0.000 185.740 2.000
Y_202 -6.160 -274.939 4.000
F_203 0.000 560.542 4.000
Y_204 -6.160 -274.939 4.000
M_205 0.000 401.769 5.000
V_206 0.000 613.196 8.000
S_207 -13.255 -90.060 7.000
S_208 -13.255 -90.060 7.000
W_209 -4.824 -203.500 7.000
G_210 0.000 -27.649 6.000
G_211 0.000 -27.649 3.000
Y_212 -1.718 -274.939 2.000
V_213 0.000 613.196 2.000
F_214 0.000 560.542 2.000
L_215 0.000 679.918 4.000
I_216 0.000 777.529 4.000
N_217 -7.878 -507.047 4.000
L_218 0.000 679.918 4.000
I_219 0.000 777.529 4.000
P_220 0.000 -195.996 2.000
L_221 0.000 679.918 2.000
H_222 -1.718 -583.484 2.000
V_223 0.000 613.196 2.000
L_224 0.000 679.918 2.000
V_225 0.000 613.196 0.000
L_226 0.000 679.918 0.000
M_227 0.000 401.769 3.000
L_228 0.000 679.918 3.000
T_229 -14.420 -90.974 8.000
G_230 0.000 -27.649 8.000
R_231 -27.076 -1015.709 11.000
F_232 0.000 560.542 10.000
S_233 -19.613 -90.060 15.000
H_234 -11.154 -583.484 10.000
R_235 -28.412 -1015.709 12.000
I_236 0.000 777.529 9.000
Y_237 -9.265 -274.939 7.000
V_238 0.000 613.196 4.000
A_239 0.000 185.740 4.000
Y_240 -7.426 -274.939 5.000
C_241 0.000 322.480 5.000
T_242 -13.255 -90.974 7.000
V_243 0.000 613.196 5.000
Y_244 -7.426 -274.939 5.000
C_245 0.000 322.480 2.000
L_246 0.000 679.918 5.000
G_247 0.000 -27.649 3.000
T_248 -4.441 -90.974 3.000
I_249 0.000 777.529 6.000
L_250 0.000 679.918 6.000
S_251 -13.255 -90.060 7.000
M_252 0.000 401.769 7.000
Q_253 -21.132 -643.904 10.000
I_254 0.000 777.529 7.000
S_255 -13.255 -90.060 7.000
F_256 0.000 560.542 3.000
V_257 0.000 613.196 3.000
G_258 0.000 -27.649 4.000
F_259 0.000 560.542 4.000
Q_260 -7.878 -643.904 4.000
P_261 0.000 -195.996 4.000
V_262 0.000 613.196 7.000
L_263 0.000 679.918 6.000
S_264 -16.309 -90.060 10.000
S_265 -17.811 -90.060 12.000
E_266 -23.258 -605.239 12.000
H_267 -10.601 -583.484 9.000
M_268 0.000 401.769 6.000
A_269 0.000 185.740 2.000
A_270 0.000 185.740 0.000
F_271 0.000 560.542 0.000
G_272 0.000 -27.649 0.000
V_273 0.000 613.196 0.000
F_274 0.000 560.542 0.000
G_275 0.000 -27.649 0.000
L_276 0.000 679.918 4.000
C_277 0.000 322.480 4.000
Q_278 -14.591 -643.904 6.000
I_279 0.000 777.529 6.000
H_280 -8.431 -583.484 6.000
A_281 0.000 185.740 2.000
F_282 0.000 560.542 6.000
V_283 0.000 613.196 6.000
D_284 -14.591 -475.402 6.000
Y_285 -11.652 -274.939 11.000
L_286 0.000 679.918 14.000
R_287 -29.616 -1015.709 13.000
S_288 -17.098 -90.060 11.000
K_289 -19.613 -818.649 15.000
L_290 0.000 679.918 10.000
N_291 -22.253 -507.047 11.000
P_292 0.000 -195.996 12.000
Q_293 -23.258 -643.904 12.000
Q_294 -23.258 -643.904 12.000
F_295 0.000 560.542 12.000
E_296 -18.409 -605.239 8.000
V_297 0.000 613.196 4.000
L_298 0.000 679.918 9.000
F_299 0.000 560.542 8.000
R_300 -21.845 -1015.709 8.000
S_301 -14.420 -90.060 8.000
V_302 0.000 613.196 11.000
I_303 0.000 777.529 6.000
S_304 -4.441 -90.060 3.000
L_305 0.000 679.918 3.000
V_306 0.000 613.196 3.000
G_307 0.000 -27.649 0.000
F_308 0.000 560.542 0.000
V_309 0.000 613.196 0.000
L_310 0.000 679.918 3.000
L_311 0.000 679.918 3.000
T_312 -4.441 -90.974 3.000
V_313 0.000 613.196 3.000
G_314 0.000 -27.649 3.000
A_315 0.000 185.740 0.000
L_316 0.000 679.918 0.000
L_317 0.000 679.918 0.000
M_318 0.000 401.769 3.000
L_319 0.000 679.918 3.000
T_320 -11.867 -90.974 6.000
G_321 0.000 -27.649 6.000
K_322 -15.425 -818.649 9.000
I_323 0.000 777.529 6.000
S_324 -13.255 -90.060 7.000
P_325 0.000 -195.996 7.000
W_326 -4.824 -203.500 7.000
T_327 -15.425 -90.974 9.000
G_328 0.000 -27.649 9.000
R_329 -25.574 -1015.709 10.000
F_330 0.000 560.542 10.000
Y_331 -11.154 -274.939 10.000
S_332 -10.149 -90.060 5.000
L_333 0.000 679.918 9.000
L_334 0.000 679.918 7.000
D_335 -16.691 -475.402 7.000
P_336 0.000 -195.996 9.000
S_337 -15.425 -90.060 9.000
Y_338 -9.978 -274.939 8.000
A_339 0.000 185.740 12.000
K_340 -18.462 -818.649 13.000
N_341 -22.253 -507.047 11.000
N_342 -22.253 -507.047 11.000
I_343 0.000 777.529 8.000
P_344 0.000 -195.996 4.000
I_345 0.000 777.529 0.000
I_346 0.000 777.529 3.000
A_347 0.000 185.740 3.000
S_348 -11.867 -90.060 6.000
V_349 0.000 613.196 10.000
S_350 -17.811 -90.060 12.000
E_351 -24.169 -605.239 13.000
H_352 -12.518 -583.484 13.000
Q_353 -24.169 -643.904 13.000
P_354 0.000 -195.996 12.000
T_355 -17.098 -90.974 11.000
T_356 -16.309 -90.974 10.000
W_357 -6.358 -203.500 13.000
S_358 -17.811 -90.060 12.000
S_359 -17.098 -90.060 11.000
Y_360 -11.154 -274.939 10.000
Y_361 -11.652 -274.939 11.000
F_362 0.000 560.542 8.000
D_363 -21.132 -475.402 10.000
L_364 0.000 679.918 8.000
Q_365 -18.409 -643.904 8.000
L_366 0.000 679.918 4.000
L_367 0.000 679.918 4.000
V_368 0.000 613.196 0.000
F_369 0.000 560.542 0.000
M_370 0.000 401.769 0.000
F_371 0.000 560.542 0.000
P_372 0.000 -195.996 0.000
V_373 0.000 613.196 0.000
G_374 0.000 -27.649 2.000
L_375 0.000 679.918 4.000
Y_376 -6.160 -274.939 4.000
Y_377 -6.160 -274.939 4.000
C_378 0.000 322.480 7.000
F_379 0.000 560.542 9.000
S_380 -13.255 -90.060 7.000
N_381 -21.132 -507.047 10.000
L_382 0.000 679.918 14.000
S_383 -17.098 -90.060 11.000
D_384 -23.258 -475.402 12.000
A_385 0.000 185.740 12.000
R_386 -23.856 -1015.709 9.000
I_387 0.000 777.529 5.000
F_388 0.000 560.542 5.000
I_389 0.000 777.529 0.000
I_390 0.000 777.529 2.000
M_391 0.000 401.769 2.000
Y_392 -1.718 -274.939 2.000
G_393 0.000 -27.649 5.000
V_394 0.000 613.196 8.000
T_395 -11.867 -90.974 6.000
S_396 -14.420 -90.060 8.000
M_397 0.000 401.769 8.000
Y_398 -9.978 -274.939 8.000
F_399 0.000 560.542 5.000
S_400 -10.149 -90.060 5.000
A_401 0.000 185.740 3.000
V_402 0.000 613.196 3.000
M_403 0.000 401.769 5.000
V_404 0.000 613.196 5.000
R_405 -11.867 -1015.709 5.000
L_406 0.000 679.918 5.000
M_407 0.000 401.769 5.000
L_408 0.000 679.918 0.000
V_409 0.000 613.196 0.000
L_410 0.000 679.918 0.000
A_411 0.000 185.740 0.000
P_412 0.000 -195.996 0.000
V_413 0.000 613.196 0.000
M_414 0.000 401.769 0.000
C_415 0.000 322.480 0.000
I_416 0.000 777.529 3.000
L_417 0.000 679.918 3.000
S_418 -4.441 -90.060 3.000
G_419 0.000 -27.649 3.000
I_420 0.000 777.529 3.000
G_421 0.000 -27.649 3.000
V_422 0.000 613.196 7.000
S_423 -13.255 -90.060 7.000
Q_424 -16.691 -643.904 7.000
V_425 0.000 613.196 10.000
L_426 0.000 679.918 10.000
S_427 -14.420 -90.060 8.000
T_428 -14.420 -90.974 8.000
Y_429 -11.652 -274.939 11.000
M_430 0.000 401.769 12.000
K_431 -15.425 -818.649 9.000
N_432 -22.253 -507.047 11.000
L_433 0.000 679.918 11.000
D_434 -22.253 -475.402 11.000
I_435 0.000 777.529 12.000
S_436 -17.811 -90.060 12.000
R_437 -28.412 -1015.709 12.000
P_438 0.000 -195.996 15.000
D_439 -25.772 -475.402 15.000
K_440 -18.462 -818.649 13.000
K_441 -20.127 -818.649 16.000
S_442 -19.613 -90.060 15.000
K_443 -20.127 -818.649 16.000
K_444 -20.609 -818.649 17.000
Q_445 -27.773 -643.904 18.000
Q_446 -27.773 -643.904 18.000
D_447 -27.773 -475.402 18.000
S_448 -20.127 -90.060 16.000
T_449 -17.811 -90.974 12.000
Y_450 -9.978 -274.939 8.000
P_451 0.000 -195.996 8.000
I_452 0.000 777.529 9.000
K_453 -17.098 -818.649 11.000
N_454 -22.253 -507.047 11.000
E_455 -22.253 -605.239 11.000
V_456 0.000 613.196 11.000
A_457 0.000 185.740 7.000
S_458 -4.441 -90.060 3.000
G_459 0.000 -27.649 3.000
M_460 0.000 401.769 3.000
I_461 0.000 777.529 0.000
L_462 0.000 679.918 0.000
V_463 0.000 613.196 0.000
M_464 0.000 401.769 0.000
A_465 0.000 185.740 0.000
F_466 0.000 560.542 0.000
F_467 0.000 560.542 0.000
L_468 0.000 679.918 3.000
I_469 0.000 777.529 5.000
T_470 -14.420 -90.974 8.000
Y_471 -9.978 -274.939 8.000
T_472 -16.309 -90.974 10.000
F_473 0.000 560.542 10.000
H_474 -11.652 -583.484 11.000
S_475 -15.425 -90.060 9.000
T_476 -15.425 -90.974 9.000
W_477 -5.708 -203.500 10.000
V_478 0.000 613.196 10.000
T_479 -17.098 -90.974 11.000
S_480 -16.309 -90.060 10.000
E_481 -23.258 -605.239 12.000
A_482 0.000 185.740 12.000
Y_483 -12.104 -274.939 12.000
S_484 -14.420 -90.060 8.000
S_485 -17.098 -90.060 11.000
P_486 0.000 -195.996 9.000
S_487 -11.867 -90.060 6.000
I_488 0.000 777.529 3.000
V_489 0.000 613.196 6.000
L_490 0.000 679.918 3.000
S_491 -14.420 -90.060 8.000
A_492 0.000 185.740 8.000
R_493 -21.845 -1015.709 8.000
G_494 0.000 -27.649 9.000
G_495 0.000 -27.649 9.000
D_496 -16.691 -475.402 7.000
G_497 0.000 -27.649 12.000
S_498 -17.811 -90.060 12.000
R_499 -21.845 -1015.709 8.000
I_500 0.000 777.529 8.000
I_501 0.000 777.529 9.000
F_502 0.000 560.542 8.000
D_503 -18.409 -475.402 8.000
D_504 -24.169 -475.402 13.000
F_505 0.000 560.542 17.000
R_506 -29.616 -1015.709 13.000
E_507 -22.253 -605.239 11.000
A_508 0.000 185.740 13.000
Y_509 -10.601 -274.939 9.000
Y_510 -7.426 -274.939 5.000
W_511 -5.708 -203.500 10.000
L_512 0.000 679.918 10.000
R_513 -28.412 -1015.709 12.000
H_514 -12.900 -583.484 14.000
N_515 -25.003 -507.047 14.000
T_516 -18.462 -90.974 13.000
P_517 0.000 -195.996 15.000
E_518 -22.253 -605.239 11.000
D_519 -22.253 -475.402 11.000
A_520 0.000 185.740 11.000
K_521 -13.255 -818.649 7.000
V_522 0.000 613.196 6.000
M_523 0.000 401.769 7.000
S_524 -10.149 -90.060 5.000
W_525 -5.447 -203.500 9.000
W_526 -5.944 -203.500 11.000
D_527 -18.409 -475.402 8.000
Y_528 -10.601 -274.939 9.000
G_529 0.000 -27.649 12.000
Y_530 -9.978 -274.939 8.000
Q_531 -19.866 -643.904 9.000
I_532 0.000 777.529 9.000
T_533 -13.255 -90.974 7.000
A_534 0.000 185.740 3.000
M_535 0.000 401.769 7.000
A_536 0.000 185.740 9.000
N_537 -23.258 -507.047 12.000
R_538 -28.412 -1015.709 12.000
T_539 -17.811 -90.974 12.000
I_540 0.000 777.529 8.000
L_541 0.000 679.918 7.000
V_542 0.000 613.196 8.000
D_543 -23.258 -475.402 12.000
N_544 -25.772 -507.047 15.000
N_545 -26.485 -507.047 16.000
T_546 -20.127 -90.974 16.000
W_547 -6.873 -203.500 16.000
N_548 -25.772 -507.047 15.000
N_549 -25.003 -507.047 14.000
T_550 -18.462 -90.974 13.000
H_551 -12.104 -583.484 12.000
I_552 0.000 777.529 13.000
S_553 -16.309 -90.060 10.000
R_554 -21.845 -1015.709 8.000
V_555 0.000 613.196 12.000
G_556 0.000 -27.649 9.000
Q_557 -7.878 -643.904 4.000
A_558 0.000 185.740 4.000
M_559 0.000 401.769 7.000
A_560 0.000 185.740 6.000
S_561 -16.309 -90.060 10.000
T_562 -19.059 -90.974 14.000
E_563 -27.150 -605.239 17.000
E_564 -25.003 -605.239 14.000
K_565 -18.462 -818.649 13.000
A_566 0.000 185.740 13.000
Y_567 -10.601 -274.939 9.000
E_568 -14.591 -605.239 6.000
I_569 0.000 777.529 11.000
M_570 0.000 401.769 13.000
R_571 -23.856 -1015.709 9.000
E_572 -24.169 -605.239 13.000
L_573 0.000 679.918 13.000
D_574 -22.253 -475.402 11.000
V_575 0.000 613.196 9.000
S_576 -15.425 -90.060 9.000
Y_577 -7.426 -274.939 5.000
V_578 0.000 613.196 5.000
L_579 0.000 679.918 2.000
V_580 0.000 613.196 0.000
I_581 0.000 777.529 0.000
F_582 0.000 560.542 0.000
G_583 0.000 -27.649 0.000
G_584 0.000 -27.649 3.000
L_585 0.000 679.918 3.000
T_586 -10.149 -90.974 5.000
G_587 0.000 -27.649 8.000
Y_588 -11.652 -274.939 11.000
S_589 -17.811 -90.060 12.000
S_590 -20.127 -90.060 16.000
D_591 -25.003 -475.402 14.000
D_592 -25.772 -475.402 15.000
I_593 0.000 777.529 15.000
N_594 -22.253 -507.047 11.000
K_595 -13.255 -818.649 7.000
F_596 0.000 560.542 8.000
L_597 0.000 679.918 4.000
W_598 -0.000 -203.500 1.000
M_599 0.000 401.769 6.000
V_600 0.000 613.196 6.000
R_601 -11.867 -1015.709 5.000
I_602 0.000 777.529 5.000
G_603 0.000 -27.649 8.000
G_604 0.000 -27.649 6.000
S_605 -16.309 -90.060 10.000
T_606 -18.462 -90.974 13.000
D_607 -24.169 -475.402 13.000
T_608 -18.462 -90.974 13.000
G_609 0.000 -27.649 12.000
K_610 -14.420 -818.649 8.000
H_611 -9.978 -583.484 8.000
I_612 0.000 777.529 12.000
K_613 -18.462 -818.649 13.000
E_614 -25.772 -605.239 15.000
N_615 -27.150 -507.047 17.000
D_616 -26.485 -475.402 16.000
Y_617 -13.255 -274.939 15.000
Y_618 -11.652 -274.939 11.000
T_619 -16.309 -90.974 10.000
P_620 0.000 -195.996 8.000
T_621 -16.309 -90.974 10.000
G_622 0.000 -27.649 7.000
E_623 -23.258 -605.239 12.000
F_624 0.000 560.542 9.000
R_625 -29.616 -1015.709 13.000
V_626 0.000 613.196 14.000
D_627 -27.773 -475.402 18.000
R_628 -29.616 -1015.709 13.000
E_629 -26.485 -605.239 16.000
G_630 0.000 -27.649 12.000
S_631 -13.255 -90.060 7.000
P_632 0.000 -195.996 3.000
V_633 0.000 613.196 3.000
L_634 0.000 679.918 4.000
L_635 0.000 679.918 4.000
N_636 -7.878 -507.047 4.000
C_637 0.000 322.480 4.000
L_638 0.000 679.918 6.000
M_639 0.000 401.769 5.000
Y_640 -7.426 -274.939 5.000
K_641 -10.149 -818.649 5.000
M_642 0.000 401.769 7.000
C_643 0.000 322.480 7.000
Y_644 -10.601 -274.939 9.000
Y_645 -10.601 -274.939 9.000
R_646 -23.856 -1015.709 9.000
F_647 0.000 560.542 11.000
G_648 0.000 -27.649 9.000
Q_649 -14.591 -643.904 6.000
V_650 0.000 613.196 9.000
Y_651 -12.518 -274.939 13.000
T_652 -15.425 -90.974 9.000
E_653 -23.258 -605.239 12.000
A_654 0.000 185.740 15.000
K_655 -17.811 -818.649 12.000
R_656 -21.845 -1015.709 8.000
P_657 0.000 -195.996 8.000
P_658 0.000 -195.996 5.000
G_659 0.000 -27.649 4.000
F_660 0.000 560.542 9.000
D_661 -19.866 -475.402 9.000
R_662 -30.711 -1015.709 14.000
V_663 0.000 613.196 18.000
R_664 -30.711 -1015.709 14.000
N_665 -24.169 -507.047 13.000
A_666 0.000 185.740 13.000
E_667 -18.409 -605.239 8.000
I_668 0.000 777.529 8.000
G_669 0.000 -27.649 11.000
N_670 -22.253 -507.047 11.000
K_671 -17.098 -818.649 11.000
D_672 -25.772 -475.402 15.000
F_673 0.000 560.542 11.000
E_674 -23.258 -605.239 12.000
L_675 0.000 679.918 8.000
D_676 -18.409 -475.402 8.000
V_677 0.000 613.196 8.000
L_678 0.000 679.918 12.000
E_679 -18.409 -605.239 8.000
E_680 -21.132 -605.239 10.000
A_681 0.000 185.740 13.000
Y_682 -12.104 -274.939 12.000
T_683 -17.811 -90.974 12.000
T_684 -19.059 -90.974 14.000
E_685 -24.169 -605.239 13.000
H_686 -11.154 -583.484 10.000
W_687 -4.824 -203.500 7.000
L_688 0.000 679.918 8.000
V_689 0.000 613.196 6.000
R_690 -19.414 -1015.709 7.000
I_691 0.000 777.529 10.000
Y_692 -11.154 -274.939 10.000
K_693 -14.420 -818.649 8.000
V_694 0.000 613.196 12.000
K_695 -16.309 -818.649 10.000
D_696 -22.253 -475.402 11.000
L_697 0.000 679.918 15.000
D_698 -27.150 -475.402 17.000
N_699 -24.169 -507.047 13.000
R_700 -29.616 -1015.709 13.000
G_701 0.000 -27.649 12.000
L_702 0.000 679.918 13.000
S_703 -17.098 -90.060 11.000
R_704 -27.076 -1015.709 11.000
T_705 -17.098 -90.974 11.000
