M_1 0.000 401.769 9.000
R_2 -28.412 -1015.709 12.000
E_3 -23.258 -605.239 12.000
S_4 -17.811 -90.060 12.000
A_5 0.000 185.740 11.000
L_6 0.000 679.918 12.000
E_7 -19.866 -605.239 9.000
R_8 -23.856 -1015.709 9.000
G_9 0.000 -27.649 9.000
P_10 0.000 -195.996 5.000
V_11 0.000 613.196 4.000
P_12 0.000 -195.996 4.000
E_13 -7.878 -605.239 4.000
A_14 0.000 185.740 4.000
P_15 0.000 -195.996 4.000
A_16 0.000 185.740 0.000
G_17 0.000 -27.649 0.000
G_18 0.000 -27.649 0.000
P_19 0.000 -195.996 2.000
V_20 0.000 613.196 2.000
H_21 -1.718 -583.484 2.000
A_22 0.000 185.740 5.000
V_23 0.000 613.196 5.000
T_24 -4.441 -90.974 3.000
V_25 0.000 613.196 6.000
V_26 0.000 613.196 6.000
T_27 -4.441 -90.974 3.000
L_28 0.000 679.918 7.000
L_29 0.000 679.918 10.000
E_30 -16.691 -605.239 7.000
K_31 -13.255 -818.649 7.000
L_32 0.000 679.918 10.000
A_33 0.000 185.740 6.000
S_34 -4.441 -90.060 3.000
M_35 0.000 401.769 7.000
L_36 0.000 679.918 10.000
E_37 -16.691 -605.239 7.000
T_38 -17.811 -90.974 12.000
L_39 0.000 679.918 16.000
R_40 -33.508 -1015.709 17.000
E_41 -27.773 -605.239 18.000
R_42 -34.315 -1015.709 18.000
Q_43 -24.169 -643.904 13.000
G_44 0.000 -27.649 9.000
G_45 0.000 -27.649 4.000
L_46 0.000 679.918 5.000
A_47 0.000 185.740 10.000
R_48 -30.711 -1015.709 14.000
R_49 -30.711 -1015.709 14.000
Q_50 -25.003 -643.904 14.000
G_51 0.000 -27.649 9.000
G_52 0.000 -27.649 4.000
L_53 0.000 679.918 0.000
A_54 0.000 185.740 3.000
G_55 0.000 -27.649 3.000
S_56 -14.420 -90.060 8.000
V_57 0.000 613.196 13.000
R_58 -29.616 -1015.709 13.000
R_59 -30.711 -1015.709 14.000
I_60 0.000 777.529 17.000
Q_61 -23.258 -643.904 12.000
S_62 -13.255 -90.060 7.000
G_63 0.000 -27.649 7.000
L_64 0.000 679.918 3.000
G_65 0.000 -27.649 0.000
A_66 0.000 185.740 3.000
L_67 0.000 679.918 8.000
S_68 -17.098 -90.060 11.000
R_69 -29.616 -1015.709 13.000
S_70 -20.609 -90.060 17.000
H_71 -13.896 -583.484 17.000
D_72 -25.772 -475.402 15.000
T_73 -19.613 -90.974 15.000
T_74 -20.609 -90.974 17.000
S_75 -20.127 -90.060 16.000
N_76 -24.169 -507.047 13.000
T_77 -16.309 -90.974 10.000
L_78 0.000 679.918 11.000
A_79 0.000 185.740 7.000
Q_80 -7.878 -643.904 4.000
L_81 0.000 679.918 4.000
L_82 0.000 679.918 7.000
A_83 0.000 185.740 3.000
K_84 -13.255 -818.649 7.000
A_85 0.000 185.740 12.000
E_86 -23.258 -605.239 12.000
R_87 -28.412 -1015.709 12.000
V_88 0.000 613.196 15.000
S_89 -18.462 -90.060 13.000
S_90 -14.420 -90.060 8.000
H_91 -12.104 -583.484 12.000
A_92 0.000 185.740 9.000
N_93 -14.591 -507.047 6.000
A_94 0.000 185.740 8.000
A_95 0.000 185.740 12.000
Q_96 -24.169 -643.904 13.000
E_97 -24.169 -605.239 13.000
R_98 -29.616 -1015.709 13.000
A_99 0.000 185.740 14.000
V_100 0.000 613.196 15.000
R_101 -25.574 -1015.709 10.000
R_102 -25.574 -1015.709 10.000
A_103 0.000 185.740 14.000
A_104 0.000 185.740 9.000
Q_105 -18.409 -643.904 8.000
V_106 0.000 613.196 13.000
Q_107 -24.169 -643.904 13.000
R_108 -29.616 -1015.709 13.000
L_109 0.000 679.918 13.000
E_110 -24.169 -605.239 13.000
A_111 0.000 185.740 10.000
N_112 -21.132 -507.047 10.000
H_113 -8.431 -583.484 6.000
G_114 0.000 -27.649 6.000
L_115 0.000 679.918 2.000
L_116 0.000 679.918 0.000
V_117 0.000 613.196 5.000
A_118 0.000 185.740 5.000
R_119 -21.845 -1015.709 8.000
G_120 0.000 -27.649 8.000
K_121 -16.309 -818.649 10.000
L_122 0.000 679.918 5.000
H_123 -7.426 -583.484 5.000
V_124 0.000 613.196 2.000
L_125 0.000 679.918 2.000
L_126 0.000 679.918 3.000
F_127 0.000 560.542 7.000
K_128 -17.098 -818.649 11.000
E_129 -22.253 -605.239 11.000
E_130 -25.772 -605.239 15.000
G_131 0.000 -27.649 12.000
E_132 -18.409 -605.239 8.000
V_133 0.000 613.196 4.000
P_134 0.000 -195.996 7.000
A_135 0.000 185.740 3.000
S_136 -4.441 -90.060 3.000
A_137 0.000 185.740 7.000
F_138 0.000 560.542 10.000
Q_139 -16.691 -643.904 7.000
K_140 -13.255 -818.649 7.000
A_141 0.000 185.740 11.000
P_142 0.000 -195.996 7.000
E_143 -7.878 -605.239 4.000
P_144 0.000 -195.996 4.000
L_145 0.000 679.918 4.000
G_146 0.000 -27.649 0.000
P_147 0.000 -195.996 4.000
A_148 0.000 185.740 8.000
D_149 -22.253 -475.402 11.000
Q_150 -25.772 -643.904 15.000
S_151 -19.613 -90.060 15.000
E_152 -22.253 -605.239 11.000
L_153 0.000 679.918 7.000
G_154 0.000 -27.649 8.000
P_155 0.000 -195.996 8.000
E_156 -18.409 -605.239 8.000
Q_157 -23.258 -643.904 12.000
L_158 0.000 679.918 12.000
E_159 -23.258 -605.239 12.000
A_160 0.000 185.740 8.000
E_161 -18.409 -605.239 8.000
V_162 0.000 613.196 8.000
G_163 0.000 -27.649 11.000
E_164 -21.132 -605.239 10.000
S_165 -19.059 -90.060 14.000
S_166 -21.060 -90.060 18.000
D_167 -27.773 -475.402 18.000
E_168 -25.772 -605.239 15.000
E_169 -23.258 -605.239 12.000
P_170 0.000 -195.996 12.000
V_171 0.000 613.196 11.000
E_172 -23.258 -605.239 12.000
S_173 -17.811 -90.060 12.000
R_174 -32.645 -1015.709 16.000
A_175 0.000 185.740 17.000
Q_176 -25.003 -643.904 14.000
R_177 -30.711 -1015.709 14.000
L_178 0.000 679.918 19.000
R_179 -34.315 -1015.709 18.000
R_180 -29.616 -1015.709 13.000
T_181 -18.462 -90.974 13.000
G_182 0.000 -27.649 12.000
L_183 0.000 679.918 10.000
Q_184 -16.691 -643.904 7.000
K_185 -17.098 -818.649 11.000
V_186 0.000 613.196 14.000
Q_187 -21.132 -643.904 10.000
S_188 -17.811 -90.060 12.000
L_189 0.000 679.918 17.000
R_190 -29.616 -1015.709 13.000
R_191 -25.574 -1015.709 10.000
A_192 0.000 185.740 13.000
L_193 0.000 679.918 8.000
S_194 -14.420 -90.060 8.000
G_195 0.000 -27.649 11.000
R_196 -27.076 -1015.709 11.000
K_197 -14.420 -818.649 8.000
G_198 0.000 -27.649 8.000
P_199 0.000 -195.996 3.000
A_200 0.000 185.740 0.000
A_201 0.000 185.740 0.000
P_202 0.000 -195.996 0.000
P_203 0.000 -195.996 3.000
P_204 0.000 -195.996 3.000
T_205 -4.441 -90.974 3.000
P_206 0.000 -195.996 6.000
V_207 0.000 613.196 6.000
K_208 -4.441 -818.649 3.000
P_209 0.000 -195.996 8.000
P_210 0.000 -195.996 8.000
R_211 -11.867 -1015.709 5.000
L_212 0.000 679.918 5.000
G_213 0.000 -27.649 5.000
P_214 0.000 -195.996 5.000
G_215 0.000 -27.649 8.000
R_216 -21.845 -1015.709 8.000
S_217 -17.811 -90.060 12.000
A_218 0.000 185.740 12.000
E_219 -22.253 -605.239 11.000
A_220 0.000 185.740 8.000
Q_221 -23.258 -643.904 12.000
P_222 0.000 -195.996 8.000
E_223 -23.258 -605.239 12.000
A_224 0.000 185.740 8.000
Q_225 -18.409 -643.904 8.000
P_226 0.000 -195.996 4.000
A_227 0.000 185.740 8.000
L_228 0.000 679.918 4.000
E_229 -16.691 -605.239 7.000
P_230 0.000 -195.996 7.000
T_231 -17.098 -90.974 11.000
L_232 0.000 679.918 7.000
E_233 -22.253 -605.239 11.000
P_234 0.000 -195.996 8.000
E_235 -18.409 -605.239 8.000
P_236 0.000 -195.996 8.000
P_237 0.000 -195.996 12.000
Q_238 -22.253 -643.904 11.000
D_239 -25.772 -475.402 15.000
T_240 -21.486 -90.974 19.000
E_241 -28.359 -605.239 19.000
E_242 -25.772 -605.239 15.000
D_243 -23.258 -475.402 12.000
P_244 0.000 -195.996 13.000
G_245 0.000 -27.649 9.000
R_246 -11.867 -1015.709 5.000
P_247 0.000 -195.996 5.000
G_248 0.000 -27.649 5.000
A_249 0.000 185.740 4.000
A_250 0.000 185.740 8.000
E_251 -18.409 -605.239 8.000
E_252 -18.409 -605.239 8.000
A_253 0.000 185.740 8.000
L_254 0.000 679.918 8.000
L_255 0.000 679.918 4.000
Q_256 -18.409 -643.904 8.000
M_257 0.000 401.769 11.000
E_258 -22.253 -605.239 11.000
S_259 -13.255 -90.060 7.000
V_260 0.000 613.196 7.000
A_261 0.000 185.740 3.000
