M_1 0.000 401.769 8.000
K_2 -17.811 -818.649 12.000
R_3 -33.508 -1015.709 17.000
E_4 -27.150 -605.239 17.000
R_5 -30.711 -1015.709 14.000
G_6 0.000 -27.649 9.000
A_7 0.000 185.740 8.000
L_8 0.000 679.918 8.000
S_9 -14.420 -90.060 8.000
R_10 -27.076 -1015.709 11.000
A_11 0.000 185.740 16.000
S_12 -18.462 -90.060 13.000
R_13 -21.845 -1015.709 8.000
A_14 0.000 185.740 13.000
L_15 0.000 679.918 10.000
R_16 -11.867 -1015.709 5.000
L_17 0.000 679.918 5.000
A_18 0.000 185.740 5.000
P_19 0.000 -195.996 0.000
F_20 0.000 560.542 2.000
V_21 0.000 613.196 2.000
Y_22 -1.718 -274.939 2.000
L_23 0.000 679.918 2.000
L_24 0.000 679.918 2.000
L_25 0.000 679.918 4.000
I_26 0.000 777.529 7.000
Q_27 -22.253 -643.904 11.000
T_28 -17.098 -90.974 11.000
D_29 -22.253 -475.402 11.000
P_30 0.000 -195.996 11.000
L_31 0.000 679.918 8.000
E_32 -7.878 -605.239 4.000
G_33 0.000 -27.649 8.000
V_34 0.000 613.196 8.000
N_35 -16.691 -507.047 7.000
I_36 0.000 777.529 10.000
T_37 -16.309 -90.974 10.000
S_38 -11.867 -90.060 6.000
P_39 0.000 -195.996 11.000
V_40 0.000 613.196 8.000
R_41 -11.867 -1015.709 5.000
L_42 0.000 679.918 7.000
I_43 0.000 777.529 7.000
H_44 -7.426 -583.484 5.000
G_45 0.000 -27.649 5.000
T_46 -10.149 -90.974 5.000
V_47 0.000 613.196 6.000
G_48 0.000 -27.649 9.000
K_49 -11.867 -818.649 6.000
S_50 -11.867 -90.060 6.000
A_51 0.000 185.740 6.000
L_52 0.000 679.918 6.000
L_53 0.000 679.918 3.000
S_54 -13.255 -90.060 7.000
V_55 0.000 613.196 9.000
Q_56 -23.258 -643.904 12.000
Y_57 -12.104 -274.939 12.000
S_58 -19.613 -90.060 15.000
S_59 -19.059 -90.060 14.000
T_60 -19.613 -90.974 15.000
S_61 -20.127 -90.060 16.000
S_62 -21.060 -90.060 18.000
D_63 -25.772 -475.402 15.000
R_64 -28.412 -1015.709 12.000
P_65 0.000 -195.996 9.000
V_66 0.000 613.196 8.000
V_67 0.000 613.196 4.000
K_68 -14.420 -818.649 8.000
W_69 -5.155 -203.500 8.000
Q_70 -22.253 -643.904 11.000
L_71 0.000 679.918 13.000
K_72 -20.127 -818.649 16.000
R_73 -31.716 -1015.709 15.000
D_74 -25.772 -475.402 15.000
K_75 -17.811 -818.649 12.000
P_76 0.000 -195.996 10.000
V_77 0.000 613.196 6.000
T_78 -4.441 -90.974 3.000
V_79 0.000 613.196 7.000
V_80 0.000 613.196 10.000
Q_81 -16.691 -643.904 7.000
S_82 -13.255 -90.060 7.000
I_83 0.000 777.529 10.000
G_84 0.000 -27.649 10.000
T_85 -13.255 -90.974 7.000
E_86 -16.691 -605.239 7.000
V_87 0.000 613.196 7.000
I_88 0.000 777.529 7.000
G_89 0.000 -27.649 3.000
T_90 -14.420 -90.974 8.000
L_91 0.000 679.918 8.000
R_92 -28.412 -1015.709 12.000
P_93 0.000 -195.996 11.000
D_94 -26.485 -475.402 16.000
Y_95 -13.255 -274.939 15.000
R_96 -35.785 -1015.709 20.000
D_97 -26.485 -475.402 16.000
R_98 -35.072 -1015.709 19.000
I_99 0.000 777.529 14.000
R_100 -25.574 -1015.709 10.000
L_101 0.000 679.918 9.000
F_102 0.000 560.542 13.000
E_103 -18.409 -605.239 8.000
N_104 -22.253 -507.047 11.000
G_105 0.000 -27.649 11.000
S_106 -13.255 -90.060 7.000
L_107 0.000 679.918 3.000
L_108 0.000 679.918 6.000
L_109 0.000 679.918 7.000
S_110 -13.255 -90.060 7.000
D_111 -22.253 -475.402 11.000
L_112 0.000 679.918 11.000
Q_113 -18.409 -643.904 8.000
L_114 0.000 679.918 8.000
A_115 0.000 185.740 12.000
D_116 -18.409 -475.402 8.000
E_117 -22.253 -605.239 11.000
G_118 0.000 -27.649 13.000
T_119 -18.462 -90.974 13.000
Y_120 -10.601 -274.939 9.000
E_121 -24.169 -605.239 13.000
V_122 0.000 613.196 10.000
E_123 -22.253 -605.239 11.000
I_124 0.000 777.529 7.000
S_125 -16.309 -90.060 10.000
I_126 0.000 777.529 10.000
T_127 -19.059 -90.974 14.000
D_128 -25.003 -475.402 14.000
D_129 -25.003 -475.402 14.000
T_130 -19.059 -90.974 14.000
F_131 0.000 560.542 10.000
T_132 -16.309 -90.974 10.000
G_133 0.000 -27.649 10.000
E_134 -24.169 -605.239 13.000
K_135 -16.309 -818.649 10.000
T_136 -19.059 -90.974 14.000
I_137 0.000 777.529 10.000
N_138 -21.132 -507.047 10.000
L_139 0.000 679.918 7.000
T_140 -17.098 -90.974 11.000
V_141 0.000 613.196 7.000
D_142 -16.691 -475.402 7.000
V_143 0.000 613.196 4.000
P_144 0.000 -195.996 7.000
I_145 0.000 777.529 8.000
S_146 -14.420 -90.060 8.000
R_147 -28.412 -1015.709 12.000
P_148 0.000 -195.996 12.000
Q_149 -19.866 -643.904 9.000
V_150 0.000 613.196 4.000
L_151 0.000 679.918 4.000
V_152 0.000 613.196 3.000
A_153 0.000 185.740 6.000
S_154 -15.425 -90.060 9.000
T_155 -15.425 -90.974 9.000
T_156 -15.425 -90.974 9.000
V_157 0.000 613.196 10.000
L_158 0.000 679.918 7.000
E_159 -16.691 -605.239 7.000
L_160 0.000 679.918 11.000
S_161 -17.098 -90.060 11.000
E_162 -16.691 -605.239 7.000
A_163 0.000 185.740 10.000
F_164 0.000 560.542 7.000
T_165 -13.255 -90.974 7.000
L_166 0.000 679.918 7.000
N_167 -21.132 -507.047 10.000
C_168 0.000 322.480 9.000
S_169 -18.462 -90.060 13.000
H_170 -12.518 -583.484 13.000
E_171 -24.169 -605.239 13.000
N_172 -24.169 -507.047 13.000
G_173 0.000 -27.649 14.000
T_174 -16.309 -90.974 10.000
K_175 -15.425 -818.649 9.000
P_176 0.000 -195.996 11.000
S_177 -17.098 -90.060 11.000
Y_178 -10.601 -274.939 9.000
T_179 -15.425 -90.974 9.000
W_180 -5.447 -203.500 9.000
L_181 0.000 679.918 11.000
K_182 -14.420 -818.649 8.000
D_183 -21.132 -475.402 10.000
G_184 0.000 -27.649 10.000
K_185 -13.255 -818.649 7.000
P_186 0.000 -195.996 3.000
L_187 0.000 679.918 7.000
L_188 0.000 679.918 8.000
N_189 -22.253 -507.047 11.000
D_190 -26.485 -475.402 16.000
S_191 -20.127 -90.060 16.000
R_192 -28.412 -1015.709 12.000
M_193 0.000 401.769 8.000
L_194 0.000 679.918 8.000
L_195 0.000 679.918 3.000
S_196 -13.255 -90.060 7.000
P_197 0.000 -195.996 11.000
D_198 -25.003 -475.402 14.000
Q_199 -22.253 -643.904 11.000
K_200 -17.098 -818.649 11.000
V_201 0.000 613.196 10.000
L_202 0.000 679.918 6.000
T_203 -11.867 -90.974 6.000
I_204 0.000 777.529 11.000
T_205 -17.098 -90.974 11.000
R_206 -21.845 -1015.709 8.000
V_207 0.000 613.196 8.000
L_208 0.000 679.918 9.000
M_209 0.000 401.769 8.000
E_210 -23.258 -605.239 12.000
D_211 -26.485 -475.402 16.000
D_212 -26.485 -475.402 16.000
D_213 -25.003 -475.402 14.000
L_214 0.000 679.918 13.000
Y_215 -10.601 -274.939 9.000
S_216 -10.149 -90.060 5.000
C_217 0.000 322.480 5.000
M_218 0.000 401.769 7.000
V_219 0.000 613.196 8.000
E_220 -18.409 -605.239 8.000
N_221 -18.409 -507.047 8.000
P_222 0.000 -195.996 11.000
I_223 0.000 777.529 11.000
S_224 -13.255 -90.060 7.000
Q_225 -23.258 -643.904 12.000
G_226 0.000 -27.649 15.000
R_227 -28.412 -1015.709 12.000
S_228 -14.420 -90.060 8.000
L_229 0.000 679.918 8.000
P_230 0.000 -195.996 6.000
V_231 0.000 613.196 3.000
K_232 -11.867 -818.649 6.000
I_233 0.000 777.529 6.000
T_234 -14.420 -90.974 8.000
V_235 0.000 613.196 10.000
Y_236 -13.255 -274.939 15.000
R_237 -31.716 -1015.709 15.000
R_238 -34.315 -1015.709 18.000
S_239 -20.127 -90.060 16.000
S_240 -18.462 -90.060 13.000
L_241 0.000 679.918 8.000
Y_242 -7.426 -274.939 5.000
I_243 0.000 777.529 2.000
I_244 0.000 777.529 5.000
L_245 0.000 679.918 6.000
S_246 -11.867 -90.060 6.000
T_247 -11.867 -90.974 6.000
G_248 0.000 -27.649 6.000
G_249 0.000 -27.649 3.000
I_250 0.000 777.529 0.000
F_251 0.000 560.542 0.000
L_252 0.000 679.918 0.000
L_253 0.000 679.918 3.000
V_254 0.000 613.196 3.000
T_255 -4.441 -90.974 3.000
L_256 0.000 679.918 6.000
V_257 0.000 613.196 6.000
T_258 -4.441 -90.974 3.000
V_259 0.000 613.196 3.000
C_260 0.000 322.480 3.000
A_261 0.000 185.740 1.000
C_262 0.000 322.480 4.000
W_263 -3.436 -203.500 4.000
K_264 -13.255 -818.649 7.000
P_265 0.000 -195.996 10.000
S_266 -19.059 -90.060 14.000
K_267 -19.059 -818.649 14.000
R_268 -34.315 -1015.709 18.000
K_269 -21.060 -818.649 18.000
Q_270 -27.773 -643.904 18.000
K_271 -18.462 -818.649 13.000
K_272 -19.059 -818.649 14.000
L_273 0.000 679.918 13.000
E_274 -25.003 -605.239 14.000
K_275 -19.613 -818.649 15.000
Q_276 -27.773 -643.904 18.000
N_277 -25.003 -507.047 14.000
S_278 -19.613 -90.060 15.000
L_279 0.000 679.918 13.000
E_280 -19.866 -605.239 9.000
Y_281 -11.154 -274.939 10.000
M_282 0.000 401.769 14.000
D_283 -25.003 -475.402 14.000
Q_284 -26.485 -643.904 16.000
N_285 -28.912 -507.047 20.000
D_286 -29.436 -475.402 21.000
D_287 -27.150 -475.402 17.000
R_288 -32.645 -1015.709 16.000
L_289 0.000 679.918 12.000
K_290 -17.811 -818.649 12.000
P_291 0.000 -195.996 7.000
E_292 -22.253 -605.239 11.000
A_293 0.000 185.740 11.000
D_294 -22.253 -475.402 11.000
T_295 -13.255 -90.974 7.000
L_296 0.000 679.918 12.000
P_297 0.000 -195.996 11.000
R_298 -21.845 -1015.709 8.000
S_299 -17.811 -90.060 12.000
G_300 0.000 -27.649 16.000
E_301 -25.772 -605.239 15.000
Q_302 -27.150 -643.904 17.000
E_303 -28.912 -605.239 20.000
R_304 -35.785 -1015.709 20.000
K_305 -20.127 -818.649 16.000
N_306 -23.258 -507.047 12.000
P_307 0.000 -195.996 7.000
M_308 0.000 401.769 4.000
A_309 0.000 185.740 2.000
L_310 0.000 679.918 2.000
Y_311 -1.718 -274.939 2.000
I_312 0.000 777.529 5.000
L_313 0.000 679.918 9.000
K_314 -16.309 -818.649 10.000
D_315 -25.003 -475.402 14.000
K_316 -20.609 -818.649 17.000
D_317 -25.003 -475.402 14.000
S_318 -19.059 -90.060 14.000
P_319 0.000 -195.996 14.000
E_320 -25.003 -605.239 14.000
T_321 -19.613 -90.974 15.000
E_322 -28.359 -605.239 19.000
E_323 -25.772 -605.239 15.000
N_324 -23.258 -507.047 12.000
P_325 0.000 -195.996 8.000
A_326 0.000 185.740 8.000
P_327 0.000 -195.996 4.000
E_328 -19.866 -605.239 9.000
P_329 0.000 -195.996 12.000
R_330 -28.412 -1015.709 12.000
S_331 -17.098 -90.060 11.000
A_332 0.000 185.740 15.000
T_333 -16.309 -90.974 10.000
E_334 -16.691 -605.239 7.000
P_335 0.000 -195.996 7.000
G_336 0.000 -27.649 4.000
P_337 0.000 -195.996 0.000
P_338 0.000 -195.996 2.000
G_339 0.000 -27.649 5.000
Y_340 -7.426 -274.939 5.000
S_341 -14.420 -90.060 8.000
V_342 0.000 613.196 8.000
S_343 -11.867 -90.060 6.000
P_344 0.000 -195.996 3.000
A_345 0.000 185.740 3.000
V_346 0.000 613.196 0.000
P_347 0.000 -195.996 5.000
G_348 0.000 -27.649 8.000
R_349 -21.845 -1015.709 8.000
S_350 -14.420 -90.060 8.000
P_351 0.000 -195.996 8.000
G_352 0.000 -27.649 3.000
L_353 0.000 679.918 0.000
P_354 0.000 -195.996 5.000
I_355 0.000 777.529 8.000
R_356 -21.845 -1015.709 8.000
S_357 -18.462 -90.060 13.000
A_358 0.000 185.740 18.000
R_359 -31.716 -1015.709 15.000
R_360 -28.412 -1015.709 12.000
Y_361 -13.896 -274.939 17.000
P_362 0.000 -195.996 15.000
R_363 -25.574 -1015.709 10.000
S_364 -14.420 -90.060 8.000
P_365 0.000 -195.996 13.000
A_366 0.000 185.740 11.000
R_367 -21.845 -1015.709 8.000
S_368 -14.420 -90.060 8.000
P_369 0.000 -195.996 11.000
A_370 0.000 185.740 6.000
T_371 -14.420 -90.974 8.000
G_372 0.000 -27.649 11.000
R_373 -29.616 -1015.709 13.000
T_374 -18.462 -90.974 13.000
H_375 -13.586 -583.484 16.000
S_376 -17.098 -90.060 11.000
S_377 -14.420 -90.060 8.000
P_378 0.000 -195.996 11.000
P_379 0.000 -195.996 8.000
R_380 -11.867 -1015.709 5.000
A_381 0.000 185.740 8.000
P_382 0.000 -195.996 11.000
S_383 -11.867 -90.060 6.000
S_384 -11.867 -90.060 6.000
P_385 0.000 -195.996 11.000
G_386 0.000 -27.649 11.000
R_387 -29.616 -1015.709 13.000
S_388 -20.127 -90.060 16.000
R_389 -32.645 -1015.709 16.000
S_390 -19.059 -90.060 14.000
A_391 0.000 185.740 16.000
S_392 -19.059 -90.060 14.000
R_393 -27.076 -1015.709 11.000
T_394 -20.127 -90.974 16.000
L_395 0.000 679.918 16.000
R_396 -27.076 -1015.709 11.000
T_397 -14.420 -90.974 8.000
A_398 0.000 185.740 8.000
G_399 0.000 -27.649 5.000
V_400 0.000 613.196 2.000
H_401 -1.718 -583.484 2.000
I_402 0.000 777.529 7.000
I_403 0.000 777.529 11.000
R_404 -29.616 -1015.709 13.000
E_405 -27.150 -605.239 17.000
Q_406 -29.436 -643.904 21.000
D_407 -26.485 -475.402 16.000
E_408 -23.258 -605.239 12.000
A_409 0.000 185.740 8.000
G_410 0.000 -27.649 4.000
P_411 0.000 -195.996 4.000
V_412 0.000 613.196 4.000
E_413 -16.691 -605.239 7.000
I_414 0.000 777.529 7.000
S_415 -13.255 -90.060 7.000
A_416 0.000 185.740 3.000
