M_1 0.000 401.769 0.000
P_2 0.000 -195.996 0.000
G_3 0.000 -27.649 0.000
M_4 0.000 401.769 0.000
V_5 0.000 613.196 0.000
L_6 0.000 679.918 0.000
F_7 0.000 560.542 5.000
G_8 0.000 -27.649 10.000
R_9 -27.076 -1015.709 11.000
R_10 -27.076 -1015.709 11.000
W_11 -5.944 -203.500 11.000
A_12 0.000 185.740 6.000
I_13 0.000 777.529 4.000
A_14 0.000 185.740 7.000
S_15 -17.098 -90.060 11.000
D_16 -22.253 -475.402 11.000
D_17 -22.253 -475.402 11.000
L_18 0.000 679.918 8.000
V_19 0.000 613.196 4.000
F_20 0.000 560.542 0.000
P_21 0.000 -195.996 0.000
G_22 0.000 -27.649 0.000
F_23 0.000 560.542 4.000
F_24 0.000 560.542 4.000
E_25 -7.878 -605.239 4.000
L_26 0.000 679.918 4.000
V_27 0.000 613.196 9.000
V_28 0.000 613.196 5.000
R_29 -11.867 -1015.709 5.000
V_30 0.000 613.196 6.000
L_31 0.000 679.918 7.000
W_32 -1.718 -203.500 2.000
W_33 -1.718 -203.500 2.000
I_34 0.000 777.529 2.000
G_35 0.000 -27.649 1.000
I_36 0.000 777.529 3.000
L_37 0.000 679.918 3.000
T_38 -10.149 -90.974 5.000
L_39 0.000 679.918 5.000
Y_40 -7.426 -274.939 5.000
L_41 0.000 679.918 4.000
M_42 0.000 401.769 9.000
H_43 -9.265 -583.484 7.000
R_44 -25.574 -1015.709 10.000
G_45 0.000 -27.649 10.000
K_46 -17.811 -818.649 12.000
L_47 0.000 679.918 7.000
D_48 -16.691 -475.402 7.000
C_49 0.000 322.480 4.000
A_50 0.000 185.740 4.000
G_51 0.000 -27.649 0.000
G_52 0.000 -27.649 0.000
A_53 0.000 185.740 0.000
L_54 0.000 679.918 3.000
L_55 0.000 679.918 6.000
S_56 -14.420 -90.060 8.000
S_57 -14.420 -90.060 8.000
Y_58 -9.978 -274.939 8.000
L_59 0.000 679.918 5.000
I_60 0.000 777.529 2.000
V_61 0.000 613.196 0.000
L_62 0.000 679.918 0.000
M_63 0.000 401.769 0.000
I_64 0.000 777.529 0.000
L_65 0.000 679.918 0.000
L_66 0.000 679.918 0.000
A_67 0.000 185.740 0.000
V_68 0.000 613.196 0.000
V_69 0.000 613.196 0.000
I_70 0.000 777.529 3.000
C_71 0.000 322.480 3.000
T_72 -11.867 -90.974 6.000
V_73 0.000 613.196 6.000
S_74 -11.867 -90.060 6.000
A_75 0.000 185.740 3.000
I_76 0.000 777.529 3.000
M_77 0.000 401.769 0.000
C_78 0.000 322.480 3.000
V_79 0.000 613.196 3.000
S_80 -14.420 -90.060 8.000
M_81 0.000 401.769 8.000
R_82 -27.076 -1015.709 11.000
G_83 0.000 -27.649 8.000
T_84 -14.420 -90.974 8.000
I_85 0.000 777.529 7.000
C_86 0.000 322.480 7.000
N_87 -7.878 -507.047 4.000
P_88 0.000 -195.996 4.000
G_89 0.000 -27.649 9.000
P_90 0.000 -195.996 8.000
R_91 -27.076 -1015.709 11.000
K_92 -17.098 -818.649 11.000
S_93 -19.059 -90.060 14.000
M_94 0.000 401.769 12.000
S_95 -15.425 -90.060 9.000
K_96 -11.867 -818.649 6.000
L_97 0.000 679.918 8.000
L_98 0.000 679.918 5.000
Y_99 -9.265 -274.939 7.000
I_100 0.000 777.529 7.000
R_101 -19.414 -1015.709 7.000
L_102 0.000 679.918 5.000
A_103 0.000 185.740 5.000
L_104 0.000 679.918 0.000
F_105 0.000 560.542 0.000
F_106 0.000 560.542 4.000
P_107 0.000 -195.996 4.000
E_108 -7.878 -605.239 4.000
M_109 0.000 401.769 5.000
V_110 0.000 613.196 5.000
W_111 -3.436 -203.500 4.000
A_112 0.000 185.740 4.000
S_113 -7.878 -90.060 4.000
L_114 0.000 679.918 3.000
G_115 0.000 -27.649 3.000
A_116 0.000 185.740 1.000
A_117 0.000 185.740 1.000
W_118 -0.000 -203.500 1.000
V_119 0.000 613.196 5.000
A_120 0.000 185.740 5.000
D_121 -7.878 -475.402 4.000
G_122 0.000 -27.649 8.000
V_123 0.000 613.196 8.000
Q_124 -18.409 -643.904 8.000
C_125 0.000 322.480 13.000
D_126 -26.485 -475.402 16.000
R_127 -28.412 -1015.709 12.000
T_128 -17.811 -90.974 12.000
V_129 0.000 613.196 12.000
V_130 0.000 613.196 7.000
N_131 -7.878 -507.047 4.000
G_132 0.000 -27.649 4.000
I_133 0.000 777.529 4.000
I_134 0.000 777.529 3.000
A_135 0.000 185.740 3.000
T_136 -4.441 -90.974 3.000
V_137 0.000 613.196 3.000
V_138 0.000 613.196 6.000
V_139 0.000 613.196 4.000
S_140 -7.878 -90.060 4.000
W_141 -3.436 -203.500 4.000
I_142 0.000 777.529 4.000
I_143 0.000 777.529 1.000
I_144 0.000 777.529 0.000
A_145 0.000 185.740 3.000
A_146 0.000 185.740 3.000
T_147 -4.441 -90.974 3.000
V_148 0.000 613.196 6.000
V_149 0.000 613.196 6.000
S_150 -4.441 -90.060 3.000
I_151 0.000 777.529 3.000
I_152 0.000 777.529 3.000
I_153 0.000 777.529 0.000
V_154 0.000 613.196 4.000
F_155 0.000 560.542 4.000
D_156 -7.878 -475.402 4.000
P_157 0.000 -195.996 4.000
L_158 0.000 679.918 4.000
G_159 0.000 -27.649 3.000
G_160 0.000 -27.649 3.000
K_161 -4.441 -818.649 3.000
M_162 0.000 401.769 3.000
A_163 0.000 185.740 5.000
P_164 0.000 -195.996 5.000
Y_165 -9.978 -274.939 8.000
S_166 -14.420 -90.060 8.000
S_167 -14.420 -90.060 8.000
A_168 0.000 185.740 6.000
G_169 0.000 -27.649 6.000
P_170 0.000 -195.996 5.000
S_171 -10.149 -90.060 5.000
H_172 -10.601 -583.484 9.000
L_173 0.000 679.918 12.000
D_174 -22.253 -475.402 11.000
S_175 -18.462 -90.060 13.000
H_176 -13.586 -583.484 16.000
D_177 -25.772 -475.402 15.000
S_178 -20.127 -90.060 16.000
S_179 -19.059 -90.060 14.000
Q_180 -21.132 -643.904 10.000
L_181 0.000 679.918 11.000
L_182 0.000 679.918 8.000
N_183 -7.878 -507.047 4.000
G_184 0.000 -27.649 7.000
L_185 0.000 679.918 10.000
K_186 -11.867 -818.649 6.000
T_187 -11.867 -90.974 6.000
A_188 0.000 185.740 9.000
A_189 0.000 185.740 9.000
T_190 -11.867 -90.974 6.000
S_191 -13.255 -90.060 7.000
V_192 0.000 613.196 11.000
W_193 -5.944 -203.500 11.000
E_194 -24.169 -605.239 13.000
T_195 -18.462 -90.974 13.000
R_196 -31.716 -1015.709 15.000
I_197 0.000 777.529 11.000
K_198 -14.420 -818.649 8.000
L_199 0.000 679.918 3.000
L_200 0.000 679.918 3.000
C_201 0.000 322.480 0.000
C_202 0.000 322.480 0.000
C_203 0.000 322.480 0.000
I_204 0.000 777.529 3.000
G_205 0.000 -27.649 7.000
K_206 -17.098 -818.649 11.000
D_207 -24.169 -475.402 13.000
D_208 -26.485 -475.402 16.000
H_209 -14.188 -583.484 18.000
T_210 -19.059 -90.974 14.000
R_211 -25.574 -1015.709 10.000
V_212 0.000 613.196 8.000
A_213 0.000 185.740 8.000
F_214 0.000 560.542 6.000
S_215 -15.425 -90.060 9.000
S_216 -15.425 -90.060 9.000
T_217 -18.462 -90.974 13.000
A_218 0.000 185.740 10.000
E_219 -16.691 -605.239 7.000
L_220 0.000 679.918 7.000
F_221 0.000 560.542 10.000
S_222 -14.420 -90.060 8.000
T_223 -14.420 -90.974 8.000
Y_224 -11.652 -274.939 11.000
F_225 0.000 560.542 12.000
S_226 -17.811 -90.060 12.000
D_227 -25.003 -475.402 14.000
T_228 -19.059 -90.974 14.000
D_229 -22.253 -475.402 11.000
L_230 0.000 679.918 7.000
V_231 0.000 613.196 7.000
P_232 0.000 -195.996 7.000
S_233 -13.255 -90.060 7.000
D_234 -16.691 -475.402 7.000
I_235 0.000 777.529 7.000
A_236 0.000 185.740 4.000
A_237 0.000 185.740 0.000
G_238 0.000 -27.649 0.000
L_239 0.000 679.918 0.000
A_240 0.000 185.740 0.000
L_241 0.000 679.918 2.000
L_242 0.000 679.918 6.000
H_243 -11.154 -583.484 10.000
Q_244 -25.003 -643.904 14.000
Q_245 -27.773 -643.904 18.000
Q_246 -28.912 -643.904 20.000
D_247 -26.485 -475.402 16.000
N_248 -27.150 -507.047 17.000
I_249 0.000 777.529 17.000
R_250 -33.508 -1015.709 17.000
N_251 -27.150 -507.047 17.000
N_252 -29.436 -507.047 21.000
Q_253 -26.485 -643.904 16.000
E_254 -23.258 -605.239 12.000
P_255 0.000 -195.996 12.000
A_256 0.000 185.740 8.000
Q_257 -7.878 -643.904 4.000
V_258 0.000 613.196 4.000
V_259 0.000 613.196 6.000
C_260 0.000 322.480 2.000
H_261 -1.718 -583.484 2.000
A_262 0.000 185.740 2.000
P_263 0.000 -195.996 5.000
G_264 0.000 -27.649 6.000
S_265 -16.309 -90.060 10.000
S_266 -19.059 -90.060 14.000
Q_267 -25.003 -643.904 14.000
E_268 -25.772 -605.239 15.000
A_269 0.000 185.740 12.000
D_270 -23.258 -475.402 12.000
L_271 0.000 679.918 8.000
D_272 -23.258 -475.402 12.000
A_273 0.000 185.740 8.000
E_274 -23.258 -605.239 12.000
L_275 0.000 679.918 12.000
E_276 -23.258 -605.239 12.000
N_277 -21.132 -507.047 10.000
C_278 0.000 322.480 12.000
H_279 -11.154 -583.484 10.000
H_280 -8.431 -583.484 6.000
Y_281 -11.154 -274.939 10.000
M_282 0.000 401.769 8.000
Q_283 -14.591 -643.904 6.000
F_284 0.000 560.542 4.000
A_285 0.000 185.740 4.000
A_286 0.000 185.740 0.000
A_287 0.000 185.740 2.000
A_288 0.000 185.740 2.000
Y_289 -4.441 -274.939 3.000
G_290 0.000 -27.649 3.000
W_291 -2.723 -203.500 3.000
P_292 0.000 -195.996 3.000
L_293 0.000 679.918 3.000
Y_294 -6.160 -274.939 4.000
I_295 0.000 777.529 9.000
Y_296 -12.518 -274.939 13.000
R_297 -27.076 -1015.709 11.000
N_298 -22.253 -507.047 11.000
P_299 0.000 -195.996 12.000
L_300 0.000 679.918 7.000
T_301 -4.441 -90.974 3.000
G_302 0.000 -27.649 3.000
L_303 0.000 679.918 8.000
C_304 0.000 322.480 5.000
R_305 -11.867 -1015.709 5.000
I_306 0.000 777.529 5.000
G_307 0.000 -27.649 9.000
G_308 0.000 -27.649 4.000
D_309 -7.878 -475.402 4.000
C_310 0.000 322.480 9.000
C_311 0.000 322.480 12.000
R_312 -29.616 -1015.709 13.000
S_313 -20.127 -90.060 16.000
R_314 -35.072 -1015.709 19.000
T_315 -21.060 -90.974 18.000
T_316 -20.609 -90.974 17.000
D_317 -26.485 -475.402 16.000
Y_318 -12.518 -274.939 13.000
D_319 -21.132 -475.402 10.000
L_320 0.000 679.918 6.000
V_321 0.000 613.196 4.000
G_322 0.000 -27.649 4.000
G_323 0.000 -27.649 8.000
D_324 -18.409 -475.402 8.000
Q_325 -23.258 -643.904 12.000
L_326 0.000 679.918 12.000
N_327 -21.132 -507.047 10.000
C_328 0.000 322.480 6.000
H_329 -8.431 -583.484 6.000
F_330 0.000 560.542 5.000
G_331 0.000 -27.649 5.000
S_332 -4.441 -90.060 3.000
I_333 0.000 777.529 5.000
L_334 0.000 679.918 8.000
H_335 -9.978 -583.484 8.000
T_336 -14.420 -90.974 8.000
T_337 -14.420 -90.974 8.000
G_338 0.000 -27.649 10.000
L_339 0.000 679.918 9.000
Q_340 -22.253 -643.904 11.000
Y_341 -13.255 -274.939 15.000
R_342 -31.716 -1015.709 15.000
D_343 -22.253 -475.402 11.000
F_344 0.000 560.542 11.000
I_345 0.000 777.529 6.000
H_346 -7.426 -583.484 5.000
V_347 0.000 613.196 5.000
S_348 -13.255 -90.060 7.000
F_349 0.000 560.542 9.000
H_350 -12.104 -583.484 12.000
D_351 -19.866 -475.402 9.000
K_352 -17.098 -818.649 11.000
V_353 0.000 613.196 13.000
Y_354 -10.601 -274.939 9.000
E_355 -14.591 -605.239 6.000
L_356 0.000 679.918 6.000
P_357 0.000 -195.996 4.000
F_358 0.000 560.542 0.000
L_359 0.000 679.918 0.000
V_360 0.000 613.196 0.000
A_361 0.000 185.740 4.000
L_362 0.000 679.918 6.000
D_363 -22.253 -475.402 11.000
H_364 -12.900 -583.484 14.000
R_365 -34.315 -1015.709 18.000
K_366 -20.609 -818.649 17.000
E_367 -25.772 -605.239 15.000
S_368 -16.309 -90.060 10.000
V_369 0.000 613.196 7.000
V_370 0.000 613.196 3.000
V_371 0.000 613.196 0.000
A_372 0.000 185.740 5.000
V_373 0.000 613.196 5.000
R_374 -21.845 -1015.709 8.000
G_375 0.000 -27.649 8.000
T_376 -17.098 -90.974 11.000
M_377 0.000 401.769 6.000
S_378 -16.309 -90.060 10.000
L_379 0.000 679.918 11.000
Q_380 -22.253 -643.904 11.000
D_381 -18.409 -475.402 8.000
V_382 0.000 613.196 11.000
L_383 0.000 679.918 11.000
T_384 -13.255 -90.974 7.000
D_385 -21.132 -475.402 10.000
L_386 0.000 679.918 10.000
S_387 -17.098 -90.060 11.000
A_388 0.000 185.740 10.000
E_389 -25.003 -605.239 14.000
S_390 -17.098 -90.060 11.000
E_391 -22.253 -605.239 11.000
V_392 0.000 613.196 11.000
L_393 0.000 679.918 8.000
D_394 -18.409 -475.402 8.000
V_395 0.000 613.196 8.000
E_396 -23.258 -605.239 12.000
C_397 0.000 322.480 8.000
E_398 -23.258 -605.239 12.000
V_399 0.000 613.196 12.000
Q_400 -27.150 -643.904 17.000
D_401 -24.169 -475.402 13.000
R_402 -29.616 -1015.709 13.000
L_403 0.000 679.918 11.000
A_404 0.000 185.740 10.000
H_405 -7.426 -583.484 5.000
K_406 -10.149 -818.649 5.000
G_407 0.000 -27.649 8.000
I_408 0.000 777.529 10.000
S_409 -13.255 -90.060 7.000
Q_410 -16.691 -643.904 7.000
A_411 0.000 185.740 12.000
A_412 0.000 185.740 11.000
R_413 -19.414 -1015.709 7.000
Y_414 -10.601 -274.939 9.000
V_415 0.000 613.196 13.000
Y_416 -12.518 -274.939 13.000
Q_417 -22.253 -643.904 11.000
R_418 -27.076 -1015.709 11.000
L_419 0.000 679.918 13.000
I_420 0.000 777.529 13.000
N_421 -18.409 -507.047 8.000
D_422 -18.409 -475.402 8.000
G_423 0.000 -27.649 8.000
I_424 0.000 777.529 7.000
L_425 0.000 679.918 7.000
S_426 -13.255 -90.060 7.000
Q_427 -16.691 -643.904 7.000
A_428 0.000 185.740 10.000
F_429 0.000 560.542 7.000
S_430 -4.441 -90.060 3.000
I_431 0.000 777.529 3.000
A_432 0.000 185.740 7.000
P_433 0.000 -195.996 6.000
E_434 -22.253 -605.239 11.000
Y_435 -11.652 -274.939 11.000
R_436 -27.076 -1015.709 11.000
L_437 0.000 679.918 7.000
V_438 0.000 613.196 5.000
I_439 0.000 777.529 0.000
V_440 0.000 613.196 2.000
G_441 0.000 -27.649 5.000
H_442 -7.426 -583.484 5.000
S_443 -10.149 -90.060 5.000
L_444 0.000 679.918 5.000
G_445 0.000 -27.649 3.000
G_446 0.000 -27.649 0.000
G_447 0.000 -27.649 0.000
A_448 0.000 185.740 0.000
A_449 0.000 185.740 0.000
A_450 0.000 185.740 0.000
L_451 0.000 679.918 0.000
L_452 0.000 679.918 3.000
A_453 0.000 185.740 3.000
T_454 -4.441 -90.974 3.000
M_455 0.000 401.769 8.000
L_456 0.000 679.918 8.000
R_457 -11.867 -1015.709 5.000
A_458 0.000 185.740 7.000
A_459 0.000 185.740 7.000
Y_460 -8.431 -274.939 6.000
P_461 0.000 -195.996 6.000
Q_462 -22.253 -643.904 11.000
V_463 0.000 613.196 9.000
R_464 -27.076 -1015.709 11.000
C_465 0.000 322.480 7.000
Y_466 -9.265 -274.939 7.000
A_467 0.000 185.740 5.000
F_468 0.000 560.542 5.000
S_469 -4.441 -90.060 3.000
P_470 0.000 -195.996 8.000
P_471 0.000 -195.996 8.000
R_472 -11.867 -1015.709 5.000
G_473 0.000 -27.649 6.000
L_474 0.000 679.918 9.000
W_475 -4.824 -203.500 7.000
S_476 -13.255 -90.060 7.000
K_477 -13.255 -818.649 7.000
A_478 0.000 185.740 10.000
L_479 0.000 679.918 11.000
Q_480 -21.132 -643.904 10.000
E_481 -24.169 -605.239 13.000
Y_482 -13.896 -274.939 17.000
S_483 -20.127 -90.060 16.000
Q_484 -23.258 -643.904 12.000
S_485 -16.309 -90.060 10.000
F_486 0.000 560.542 7.000
I_487 0.000 777.529 6.000
V_488 0.000 613.196 3.000
S_489 -4.441 -90.060 3.000
L_490 0.000 679.918 3.000
V_491 0.000 613.196 3.000
L_492 0.000 679.918 3.000
G_493 0.000 -27.649 7.000
K_494 -13.255 -818.649 7.000
D_495 -16.691 -475.402 7.000
V_496 0.000 613.196 7.000
I_497 0.000 777.529 9.000
P_498 0.000 -195.996 5.000
R_499 -21.845 -1015.709 8.000
L_500 0.000 679.918 8.000
S_501 -17.098 -90.060 11.000
V_502 0.000 613.196 10.000
T_503 -16.309 -90.974 10.000
N_504 -22.253 -507.047 11.000
L_505 0.000 679.918 15.000
E_506 -23.258 -605.239 12.000
D_507 -22.253 -475.402 11.000
L_508 0.000 679.918 16.000
K_509 -20.609 -818.649 17.000
R_510 -29.616 -1015.709 13.000
R_511 -29.616 -1015.709 13.000
I_512 0.000 777.529 15.000
L_513 0.000 679.918 10.000
R_514 -11.867 -1015.709 5.000
V_515 0.000 613.196 5.000
V_516 0.000 613.196 7.000
A_517 0.000 185.740 2.000
H_518 -8.431 -583.484 6.000
C_519 0.000 322.480 9.000
N_520 -19.866 -507.047 9.000
K_521 -16.309 -818.649 10.000
P_522 0.000 -195.996 12.000
K_523 -17.098 -818.649 11.000
Y_524 -9.978 -274.939 8.000
K_525 -14.420 -818.649 8.000
I_526 0.000 777.529 5.000
L_527 0.000 679.918 5.000
L_528 0.000 679.918 2.000
H_529 -1.718 -583.484 2.000
G_530 0.000 -27.649 3.000
L_531 0.000 679.918 5.000
W_532 -4.824 -203.500 7.000
Y_533 -9.265 -274.939 7.000
E_534 -16.691 -605.239 7.000
L_535 0.000 679.918 6.000
F_536 0.000 560.542 4.000
G_537 0.000 -27.649 4.000
G_538 0.000 -27.649 4.000
N_539 -18.409 -507.047 8.000
P_540 0.000 -195.996 12.000
N_541 -23.258 -507.047 12.000
N_542 -18.409 -507.047 8.000
L_543 0.000 679.918 11.000
P_544 0.000 -195.996 11.000
T_545 -13.255 -90.974 7.000
E_546 -22.253 -605.239 11.000
L_547 0.000 679.918 11.000
D_548 -18.409 -475.402 8.000
G_549 0.000 -27.649 8.000
G_550 0.000 -27.649 12.000
D_551 -23.258 -475.402 12.000
Q_552 -23.258 -643.904 12.000
E_553 -23.258 -605.239 12.000
V_554 0.000 613.196 11.000
L_555 0.000 679.918 11.000
T_556 -13.255 -90.974 7.000
Q_557 -16.691 -643.904 7.000
P_558 0.000 -195.996 7.000
L_559 0.000 679.918 4.000
L_560 0.000 679.918 4.000
G_561 0.000 -27.649 8.000
E_562 -22.253 -605.239 11.000
Q_563 -22.253 -643.904 11.000
S_564 -17.098 -90.060 11.000
L_565 0.000 679.918 10.000
L_566 0.000 679.918 11.000
T_567 -15.425 -90.974 9.000
R_568 -28.412 -1015.709 12.000
W_569 -6.160 -203.500 12.000
S_570 -15.425 -90.060 9.000
P_571 0.000 -195.996 6.000
A_572 0.000 185.740 8.000
Y_573 -7.426 -274.939 5.000
S_574 -14.420 -90.060 8.000
F_575 0.000 560.542 11.000
S_576 -18.462 -90.060 13.000
S_577 -18.462 -90.060 13.000
D_578 -24.169 -475.402 13.000
S_579 -16.309 -90.060 10.000
P_580 0.000 -195.996 11.000
L_581 0.000 679.918 10.000
D_582 -21.132 -475.402 10.000
S_583 -16.309 -90.060 10.000
S_584 -18.462 -90.060 13.000
P_585 0.000 -195.996 11.000
K_586 -14.420 -818.649 8.000
Y_587 -7.426 -274.939 5.000
P_588 0.000 -195.996 5.000
P_589 0.000 -195.996 4.000
L_590 0.000 679.918 2.000
Y_591 -1.718 -274.939 2.000
P_592 0.000 -195.996 2.000
P_593 0.000 -195.996 7.000
G_594 0.000 -27.649 5.000
R_595 -11.867 -1015.709 5.000
I_596 0.000 777.529 7.000
I_597 0.000 777.529 7.000
H_598 -8.431 -583.484 6.000
L_599 0.000 679.918 10.000
Q_600 -25.003 -643.904 14.000
E_601 -23.258 -605.239 12.000
E_602 -23.258 -605.239 12.000
G_603 0.000 -27.649 11.000
A_604 0.000 185.740 7.000
S_605 -14.420 -90.060 8.000
G_606 0.000 -27.649 8.000
R_607 -21.845 -1015.709 8.000
F_608 0.000 560.542 5.000
G_609 0.000 -27.649 5.000
C_610 0.000 322.480 3.000
C_611 0.000 322.480 3.000
S_612 -4.441 -90.060 3.000
A_613 0.000 185.740 5.000
A_614 0.000 185.740 7.000
H_615 -9.265 -583.484 7.000
Y_616 -9.265 -274.939 7.000
S_617 -16.309 -90.060 10.000
A_618 0.000 185.740 9.000
K_619 -16.309 -818.649 10.000
W_620 -5.447 -203.500 9.000
S_621 -18.462 -90.060 13.000
H_622 -11.154 -583.484 10.000
E_623 -24.169 -605.239 13.000
A_624 0.000 185.740 10.000
E_625 -22.253 -605.239 11.000
F_626 0.000 560.542 10.000
S_627 -16.309 -90.060 10.000
K_628 -11.867 -818.649 6.000
I_629 0.000 777.529 6.000
L_630 0.000 679.918 3.000
I_631 0.000 777.529 0.000
G_632 0.000 -27.649 3.000
P_633 0.000 -195.996 3.000
K_634 -4.441 -818.649 3.000
M_635 0.000 401.769 6.000
L_636 0.000 679.918 10.000
T_637 -15.425 -90.974 9.000
D_638 -19.866 -475.402 9.000
H_639 -10.601 -583.484 9.000
M_640 0.000 401.769 10.000
P_641 0.000 -195.996 6.000
D_642 -7.878 -475.402 4.000
I_643 0.000 777.529 4.000
L_644 0.000 679.918 9.000
M_645 0.000 401.769 5.000
R_646 -11.867 -1015.709 5.000
A_647 0.000 185.740 9.000
L_648 0.000 679.918 12.000
D_649 -16.691 -475.402 7.000
S_650 -13.255 -90.060 7.000
V_651 0.000 613.196 10.000
V_652 0.000 613.196 10.000
S_653 -17.811 -90.060 12.000
D_654 -23.258 -475.402 12.000
R_655 -28.412 -1015.709 12.000
A_656 0.000 185.740 9.000
A_657 0.000 185.740 5.000
C_658 0.000 322.480 3.000
V_659 0.000 613.196 3.000
S_660 -4.441 -90.060 3.000
C_661 0.000 322.480 3.000
P_662 0.000 -195.996 7.000
A_663 0.000 185.740 4.000
Q_664 -7.878 -643.904 4.000
G_665 0.000 -27.649 7.000
V_666 0.000 613.196 10.000
S_667 -11.867 -90.060 6.000
S_668 -16.309 -90.060 10.000
V_669 0.000 613.196 10.000
D_670 -16.691 -475.402 7.000
V_671 0.000 613.196 4.000
A_672 0.000 185.740 4.000
