M_1 0.000 401.769 0.000
A_2 0.000 185.740 0.000
G_3 0.000 -27.649 5.000
A_4 0.000 185.740 10.000
R_5 -25.574 -1015.709 10.000
R_6 -30.711 -1015.709 14.000
L_7 0.000 679.918 14.000
E_8 -19.866 -605.239 9.000
L_9 0.000 679.918 8.000
G_10 0.000 -27.649 8.000
E_11 -7.878 -605.239 4.000
A_12 0.000 185.740 4.000
L_13 0.000 679.918 4.000
A_14 0.000 185.740 0.000
L_15 0.000 679.918 3.000
G_16 0.000 -27.649 3.000
S_17 -7.878 -90.060 4.000
G_18 0.000 -27.649 9.000
W_19 -5.944 -203.500 11.000
R_20 -21.845 -1015.709 8.000
H_21 -9.978 -583.484 8.000
A_22 0.000 185.740 9.000
C_23 0.000 322.480 4.000
H_24 -1.718 -583.484 2.000
A_25 0.000 185.740 2.000
L_26 0.000 679.918 4.000
L_27 0.000 679.918 2.000
Y_28 -1.718 -274.939 2.000
A_29 0.000 185.740 6.000
P_30 0.000 -195.996 6.000
D_31 -7.878 -475.402 4.000
P_32 0.000 -195.996 4.000
G_33 0.000 -27.649 4.000
M_34 0.000 401.769 0.000
L_35 0.000 679.918 0.000
F_36 0.000 560.542 5.000
G_37 0.000 -27.649 5.000
R_38 -11.867 -1015.709 5.000
I_39 0.000 777.529 5.000
P_40 0.000 -195.996 10.000
L_41 0.000 679.918 7.000
R_42 -19.414 -1015.709 7.000
Y_43 -9.265 -274.939 7.000
A_44 0.000 185.740 7.000
I_45 0.000 777.529 2.000
L_46 0.000 679.918 4.000
M_47 0.000 401.769 4.000
Q_48 -19.866 -643.904 9.000
M_49 0.000 401.769 9.000
R_50 -29.616 -1015.709 13.000
F_51 0.000 560.542 9.000
D_52 -25.003 -475.402 14.000
G_53 0.000 -27.649 9.000
R_54 -23.856 -1015.709 9.000
L_55 0.000 679.918 5.000
G_56 0.000 -27.649 5.000
F_57 0.000 560.542 0.000
P_58 0.000 -195.996 0.000
G_59 0.000 -27.649 0.000
G_60 0.000 -27.649 0.000
F_61 0.000 560.542 4.000
V_62 0.000 613.196 7.000
D_63 -22.253 -475.402 11.000
T_64 -19.613 -90.974 15.000
Q_65 -28.912 -643.904 20.000
D_66 -28.359 -475.402 19.000
R_67 -32.645 -1015.709 16.000
S_68 -20.127 -90.060 16.000
L_69 0.000 679.918 16.000
E_70 -22.253 -605.239 11.000
D_71 -18.409 -475.402 8.000
G_72 0.000 -27.649 12.000
L_73 0.000 679.918 13.000
N_74 -24.169 -507.047 13.000
R_75 -29.616 -1015.709 13.000
E_76 -27.773 -605.239 18.000
L_77 0.000 679.918 18.000
R_78 -33.508 -1015.709 17.000
E_79 -24.169 -605.239 13.000
E_80 -24.169 -605.239 13.000
L_81 0.000 679.918 12.000
G_82 0.000 -27.649 8.000
E_83 -7.878 -605.239 4.000
A_84 0.000 185.740 4.000
A_85 0.000 185.740 4.000
A_86 0.000 185.740 0.000
A_87 0.000 185.740 5.000
F_88 0.000 560.542 5.000
R_89 -23.856 -1015.709 9.000
V_90 0.000 613.196 14.000
E_91 -27.150 -605.239 17.000
R_92 -32.645 -1015.709 16.000
T_93 -21.060 -90.974 18.000
D_94 -28.359 -475.402 19.000
Y_95 -13.896 -274.939 17.000
R_96 -33.508 -1015.709 17.000
S_97 -19.613 -90.060 15.000
S_98 -18.462 -90.060 13.000
H_99 -9.978 -583.484 8.000
V_100 0.000 613.196 8.000
G_101 0.000 -27.649 5.000
S_102 -4.441 -90.060 3.000
G_103 0.000 -27.649 8.000
P_104 0.000 -195.996 8.000
R_105 -11.867 -1015.709 5.000
V_106 0.000 613.196 5.000
V_107 0.000 613.196 7.000
A_108 0.000 185.740 2.000
H_109 -6.160 -583.484 4.000
F_110 0.000 560.542 4.000
Y_111 -9.265 -274.939 7.000
A_112 0.000 185.740 10.000
K_113 -16.309 -818.649 10.000
R_114 -27.076 -1015.709 11.000
L_115 0.000 679.918 11.000
T_116 -17.811 -90.974 12.000
L_117 0.000 679.918 11.000
E_118 -22.253 -605.239 11.000
E_119 -18.409 -605.239 8.000
L_120 0.000 679.918 8.000
L_121 0.000 679.918 4.000
A_122 0.000 185.740 4.000
V_123 0.000 613.196 4.000
E_124 -7.878 -605.239 4.000
A_125 0.000 185.740 4.000
G_126 0.000 -27.649 7.000
A_127 0.000 185.740 8.000
T_128 -14.420 -90.974 8.000
R_129 -27.076 -1015.709 11.000
A_130 0.000 185.740 15.000
K_131 -19.059 -818.649 14.000
D_132 -19.866 -475.402 9.000
H_133 -10.601 -583.484 9.000
G_134 0.000 -27.649 10.000
L_135 0.000 679.918 6.000
E_136 -7.878 -605.239 4.000
V_137 0.000 613.196 4.000
L_138 0.000 679.918 4.000
G_139 0.000 -27.649 0.000
L_140 0.000 679.918 5.000
V_141 0.000 613.196 5.000
R_142 -11.867 -1015.709 5.000
V_143 0.000 613.196 5.000
P_144 0.000 -195.996 7.000
L_145 0.000 679.918 5.000
Y_146 -7.426 -274.939 5.000
T_147 -16.309 -90.974 10.000
L_148 0.000 679.918 14.000
R_149 -28.412 -1015.709 12.000
D_150 -19.866 -475.402 9.000
G_151 0.000 -27.649 9.000
V_152 0.000 613.196 4.000
G_153 0.000 -27.649 0.000
G_154 0.000 -27.649 0.000
L_155 0.000 679.918 3.000
P_156 0.000 -195.996 3.000
T_157 -4.441 -90.974 3.000
F_158 0.000 560.542 7.000
L_159 0.000 679.918 11.000
E_160 -22.253 -605.239 11.000
N_161 -22.253 -507.047 11.000
S_162 -17.098 -90.060 11.000
F_163 0.000 560.542 7.000
I_164 0.000 777.529 6.000
G_165 0.000 -27.649 3.000
S_166 -14.420 -90.060 8.000
A_167 0.000 185.740 12.000
R_168 -32.645 -1015.709 16.000
E_169 -24.169 -605.239 13.000
Q_170 -24.169 -643.904 13.000
L_171 0.000 679.918 12.000
L_172 0.000 679.918 8.000
E_173 -7.878 -605.239 4.000
A_174 0.000 185.740 8.000
L_175 0.000 679.918 12.000
Q_176 -18.409 -643.904 8.000
D_177 -18.409 -475.402 8.000
L_178 0.000 679.918 8.000
G_179 0.000 -27.649 4.000
L_180 0.000 679.918 4.000
L_181 0.000 679.918 7.000
Q_182 -16.691 -643.904 7.000
S_183 -16.309 -90.060 10.000
G_184 0.000 -27.649 10.000
S_185 -15.425 -90.060 9.000
I_186 0.000 777.529 6.000
S_187 -11.867 -90.060 6.000
G_188 0.000 -27.649 6.000
L_189 0.000 679.918 6.000
K_190 -4.441 -818.649 3.000
I_191 0.000 777.529 3.000
P_192 0.000 -195.996 5.000
A_193 0.000 185.740 4.000
H_194 -6.160 -583.484 4.000
H_195 -6.160 -583.484 4.000
