M_1 0.000 401.769 0.000
V_2 0.000 613.196 3.000
A_3 0.000 185.740 3.000
T_4 -11.867 -90.974 6.000
G_5 0.000 -27.649 6.000
S_6 -15.425 -90.060 9.000
L_7 0.000 679.918 9.000
S_8 -17.811 -90.060 12.000
S_9 -18.462 -90.060 13.000
K_10 -18.462 -818.649 13.000
N_11 -21.132 -507.047 10.000
P_12 0.000 -195.996 10.000
A_13 0.000 185.740 7.000
S_14 -11.867 -90.060 6.000
I_15 0.000 777.529 10.000
S_16 -16.309 -90.060 10.000
E_17 -16.691 -605.239 7.000
L_18 0.000 679.918 11.000
L_19 0.000 679.918 8.000
D_20 -7.878 -475.402 4.000
C_21 0.000 322.480 6.000
G_22 0.000 -27.649 8.000
Y_23 -6.160 -274.939 4.000
H_24 -9.978 -583.484 8.000
P_25 0.000 -195.996 11.000
E_26 -19.866 -605.239 9.000
S_27 -13.255 -90.060 7.000
L_28 0.000 679.918 10.000
L_29 0.000 679.918 10.000
S_30 -13.255 -90.060 7.000
D_31 -22.253 -475.402 11.000
F_32 0.000 560.542 13.000
D_33 -22.253 -475.402 11.000
Y_34 -11.652 -274.939 11.000
W_35 -6.358 -203.500 13.000
D_36 -19.866 -475.402 9.000
Y_37 -9.265 -274.939 7.000
V_38 0.000 613.196 6.000
V_39 0.000 613.196 6.000
P_40 0.000 -195.996 4.000
E_41 -18.409 -605.239 8.000
P_42 0.000 -195.996 8.000
N_43 -23.258 -507.047 12.000
L_44 0.000 679.918 12.000
N_45 -23.258 -507.047 12.000
E_46 -18.409 -605.239 8.000
V_47 0.000 613.196 8.000
I_48 0.000 777.529 8.000
F_49 0.000 560.542 8.000
E_50 -22.253 -605.239 11.000
E_51 -25.003 -605.239 14.000
S_52 -19.059 -90.060 14.000
T_53 -19.059 -90.974 14.000
C_54 0.000 322.480 14.000
Q_55 -22.253 -643.904 11.000
N_56 -18.409 -507.047 8.000
L_57 0.000 679.918 11.000
V_58 0.000 613.196 7.000
K_59 -4.441 -818.649 3.000
M_60 0.000 401.769 7.000
L_61 0.000 679.918 11.000
E_62 -18.409 -605.239 8.000
N_63 -18.409 -507.047 8.000
C_64 0.000 322.480 11.000
L_65 0.000 679.918 10.000
S_66 -15.425 -90.060 9.000
K_67 -17.811 -818.649 12.000
S_68 -20.127 -90.060 16.000
K_69 -20.127 -818.649 16.000
Q_70 -26.485 -643.904 16.000
T_71 -18.462 -90.974 13.000
K_72 -16.309 -818.649 10.000
L_73 0.000 679.918 6.000
G_74 0.000 -27.649 6.000
C_75 0.000 322.480 6.000
S_76 -11.867 -90.060 6.000
K_77 -11.867 -818.649 6.000
V_78 0.000 613.196 6.000
L_79 0.000 679.918 3.000
V_80 0.000 613.196 4.000
P_81 0.000 -195.996 7.000
E_82 -16.691 -605.239 7.000
K_83 -16.309 -818.649 10.000
L_84 0.000 679.918 14.000
T_85 -19.613 -90.974 15.000
Q_86 -23.258 -643.904 12.000
R_87 -28.412 -1015.709 12.000
I_88 0.000 777.529 13.000
A_89 0.000 185.740 13.000
Q_90 -18.409 -643.904 8.000
D_91 -18.409 -475.402 8.000
V_92 0.000 613.196 13.000
L_93 0.000 679.918 9.000
R_94 -21.845 -1015.709 8.000
L_95 0.000 679.918 11.000
S_96 -19.059 -90.060 14.000
S_97 -18.462 -90.060 13.000
T_98 -18.462 -90.974 13.000
E_99 -21.132 -605.239 10.000
P_100 0.000 -195.996 7.000
C_101 0.000 322.480 4.000
G_102 0.000 -27.649 5.000
L_103 0.000 679.918 5.000
R_104 -11.867 -1015.709 5.000
G_105 0.000 -27.649 5.000
C_106 0.000 322.480 5.000
V_107 0.000 613.196 2.000
M_108 0.000 401.769 2.000
H_109 -8.431 -583.484 6.000
V_110 0.000 613.196 6.000
N_111 -21.132 -507.047 10.000
L_112 0.000 679.918 8.000
E_113 -23.258 -605.239 12.000
I_114 0.000 777.529 12.000
E_115 -23.258 -605.239 12.000
N_116 -18.409 -507.047 8.000
V_117 0.000 613.196 11.000
C_118 0.000 322.480 10.000
K_119 -11.867 -818.649 6.000
K_120 -16.309 -818.649 10.000
L_121 0.000 679.918 15.000
D_122 -23.258 -475.402 12.000
R_123 -23.856 -1015.709 9.000
I_124 0.000 777.529 9.000
V_125 0.000 613.196 9.000
C_126 0.000 322.480 7.000
D_127 -21.132 -475.402 10.000
S_128 -16.309 -90.060 10.000
S_129 -16.309 -90.060 10.000
V_130 0.000 613.196 6.000
V_131 0.000 613.196 6.000
P_132 0.000 -195.996 3.000
T_133 -13.255 -90.974 7.000
F_134 0.000 560.542 7.000
E_135 -21.132 -605.239 10.000
L_136 0.000 679.918 7.000
T_137 -13.255 -90.974 7.000
L_138 0.000 679.918 3.000
V_139 0.000 613.196 6.000
F_140 0.000 560.542 7.000
K_141 -17.098 -818.649 11.000
Q_142 -25.772 -643.904 15.000
E_143 -25.772 -605.239 15.000
N_144 -25.772 -507.047 15.000
C_145 0.000 322.480 12.000
S_146 -17.098 -90.060 11.000
W_147 -5.708 -203.500 10.000
T_148 -16.309 -90.974 10.000
S_149 -17.811 -90.060 12.000
F_150 0.000 560.542 15.000
R_151 -28.412 -1015.709 12.000
D_152 -19.866 -475.402 9.000
F_153 0.000 560.542 9.000
F_154 0.000 560.542 7.000
F_155 0.000 560.542 8.000
S_156 -14.420 -90.060 8.000
R_157 -29.616 -1015.709 13.000
G_158 0.000 -27.649 13.000
R_159 -29.616 -1015.709 13.000
F_160 0.000 560.542 11.000
S_161 -17.098 -90.060 11.000
S_162 -11.867 -90.060 6.000
G_163 0.000 -27.649 11.000
F_164 0.000 560.542 13.000
R_165 -29.616 -1015.709 13.000
R_166 -29.616 -1015.709 13.000
T_167 -18.462 -90.974 13.000
L_168 0.000 679.918 8.000
I_169 0.000 777.529 6.000
L_170 0.000 679.918 6.000
S_171 -11.867 -90.060 6.000
S_172 -11.867 -90.060 6.000
G_173 0.000 -27.649 11.000
F_174 0.000 560.542 8.000
R_175 -11.867 -1015.709 5.000
L_176 0.000 679.918 8.000
V_177 0.000 613.196 11.000
K_178 -15.425 -818.649 9.000
K_179 -15.425 -818.649 9.000
K_180 -17.098 -818.649 11.000
L_181 0.000 679.918 11.000
Y_182 -9.978 -274.939 8.000
S_183 -10.149 -90.060 5.000
L_184 0.000 679.918 5.000
I_185 0.000 777.529 6.000
G_186 0.000 -27.649 6.000
T_187 -11.867 -90.974 6.000
T_188 -11.867 -90.974 6.000
V_189 0.000 613.196 10.000
I_190 0.000 777.529 7.000
E_191 -16.691 -605.239 7.000
G_192 0.000 -27.649 7.000
S_193 -13.255 -90.060 7.000
