M_1 0.000 401.769 8.000
N_2 -22.253 -507.047 11.000
D_3 -22.253 -475.402 11.000
S_4 -17.098 -90.060 11.000
L_5 0.000 679.918 7.000
F_6 0.000 560.542 6.000
V_7 0.000 613.196 3.000
S_8 -13.255 -90.060 7.000
L_9 0.000 679.918 12.000
D_10 -23.258 -475.402 12.000
R_11 -23.856 -1015.709 9.000
L_12 0.000 679.918 9.000
L_13 0.000 679.918 9.000
L_14 0.000 679.918 4.000
E_15 -7.878 -605.239 4.000
F_16 0.000 560.542 4.000
V_17 0.000 613.196 8.000
F_18 0.000 560.542 6.000
Q_19 -21.132 -643.904 10.000
Y_20 -12.900 -274.939 14.000
E_21 -27.773 -605.239 18.000
Q_22 -25.003 -643.904 14.000
D_23 -25.772 -475.402 15.000
I_24 0.000 777.529 14.000
S_25 -18.462 -90.060 13.000
T_26 -18.462 -90.974 13.000
K_27 -20.609 -818.649 17.000
E_28 -25.003 -605.239 14.000
E_29 -22.253 -605.239 11.000
M_30 0.000 401.769 12.000
I_31 0.000 777.529 13.000
Q_32 -19.866 -643.904 9.000
R_33 -29.616 -1015.709 13.000
I_34 0.000 777.529 16.000
N_35 -23.258 -507.047 12.000
K_36 -13.255 -818.649 7.000
C_37 0.000 322.480 11.000
C_38 0.000 322.480 11.000
E_39 -18.409 -605.239 8.000
D_40 -22.253 -475.402 11.000
I_41 0.000 777.529 15.000
K_42 -19.613 -818.649 15.000
E_43 -25.003 -605.239 14.000
N_44 -25.003 -507.047 14.000
K_45 -19.059 -818.649 14.000
V_46 0.000 613.196 10.000
T_47 -11.867 -90.974 6.000
I_48 0.000 777.529 8.000
C_49 0.000 322.480 8.000
R_50 -19.414 -1015.709 7.000
I_51 0.000 777.529 11.000
H_52 -12.900 -583.484 14.000
E_53 -19.866 -605.239 9.000
T_54 -18.462 -90.974 13.000
I_55 0.000 777.529 11.000
N_56 -21.132 -507.047 10.000
A_57 0.000 185.740 11.000
T_58 -19.613 -90.974 15.000
D_59 -25.772 -475.402 15.000
E_60 -25.772 -605.239 15.000
E_61 -26.485 -605.239 16.000
I_62 0.000 777.529 14.000
D_63 -23.258 -475.402 12.000
H_64 -9.978 -583.484 8.000
Y_65 -11.652 -274.939 11.000
C_66 0.000 322.480 9.000
K_67 -16.309 -818.649 10.000
H_68 -12.104 -583.484 12.000
S_69 -20.127 -90.060 16.000
E_70 -24.169 -605.239 13.000
E_71 -25.003 -605.239 14.000
I_72 0.000 777.529 15.000
K_73 -19.613 -818.649 15.000
D_74 -22.253 -475.402 11.000
N_75 -26.485 -507.047 16.000
C_76 0.000 322.480 17.000
R_77 -30.711 -1015.709 14.000
N_78 -24.169 -507.047 13.000
W_79 -6.358 -203.500 13.000
K_80 -17.098 -818.649 11.000
P_81 0.000 -195.996 7.000
T_82 -16.309 -90.974 10.000
C_83 0.000 322.480 7.000
D_84 -16.691 -475.402 7.000
V_85 0.000 613.196 9.000
F_86 0.000 560.542 12.000
R_87 -25.574 -1015.709 10.000
K_88 -19.059 -818.649 14.000
H_89 -14.188 -583.484 18.000
E_90 -25.772 -605.239 15.000
D_91 -23.258 -475.402 12.000
Y_92 -12.900 -274.939 14.000
M_93 0.000 401.769 14.000
Q_94 -25.003 -643.904 14.000
D_95 -23.258 -475.402 12.000
Q_96 -25.772 -643.904 15.000
F_97 0.000 560.542 11.000
T_98 -15.425 -90.974 9.000
V_99 0.000 613.196 9.000
Y_100 -10.601 -274.939 9.000
Q_101 -19.866 -643.904 9.000
G_102 0.000 -27.649 9.000
T_103 -17.098 -90.974 11.000
V_104 0.000 613.196 10.000
E_105 -25.003 -605.239 14.000
K_106 -19.059 -818.649 14.000
D_107 -27.773 -475.402 18.000
K_108 -19.059 -818.649 14.000
E_109 -24.169 -605.239 13.000
M_110 0.000 401.769 11.000
Y_111 -12.104 -274.939 12.000
H_112 -11.154 -583.484 10.000
D_113 -21.132 -475.402 10.000
Y_114 -9.978 -274.939 8.000
I_115 0.000 777.529 10.000
C_116 0.000 322.480 8.000
Q_117 -19.866 -643.904 9.000
Y_118 -12.518 -274.939 13.000
K_119 -18.462 -818.649 13.000
E_120 -19.866 -605.239 9.000
V_121 0.000 613.196 10.000
L_122 0.000 679.918 11.000
K_123 -15.425 -818.649 9.000
Q_124 -24.169 -643.904 13.000
Y_125 -12.518 -274.939 13.000
Q_126 -24.169 -643.904 13.000
L_127 0.000 679.918 11.000
K_128 -17.811 -818.649 12.000
Y_129 -12.104 -274.939 12.000
S_130 -19.613 -90.060 15.000
E_131 -23.258 -605.239 12.000
T_132 -16.309 -90.974 10.000
P_133 0.000 -195.996 10.000
F_134 0.000 560.542 11.000
S_135 -17.811 -90.060 12.000
R_136 -30.711 -1015.709 14.000
E_137 -26.485 -605.239 16.000
Y_138 -13.896 -274.939 17.000
Y_139 -13.255 -274.939 15.000
E_140 -25.003 -605.239 14.000
K_141 -20.609 -818.649 17.000
K_142 -21.486 -818.649 19.000
R_143 -33.508 -1015.709 17.000
E_144 -27.773 -605.239 18.000
H_145 -14.463 -583.484 19.000
E_146 -25.003 -605.239 14.000
E_147 -25.003 -605.239 14.000
I_148 0.000 777.529 15.000
Q_149 -26.485 -643.904 16.000
S_150 -17.811 -90.060 12.000
R_151 -28.412 -1015.709 12.000
V_152 0.000 613.196 8.000
L_153 0.000 679.918 5.000
A_154 0.000 185.740 3.000
C_155 0.000 322.480 7.000
T_156 -17.098 -90.974 11.000
E_157 -22.253 -605.239 11.000
Q_158 -25.003 -643.904 14.000
L_159 0.000 679.918 11.000
K_160 -17.098 -818.649 11.000
M_161 0.000 401.769 11.000
N_162 -25.003 -507.047 14.000
E_163 -22.253 -605.239 11.000
T_164 -17.098 -90.974 11.000
I_165 0.000 777.529 7.000
F_166 0.000 560.542 6.000
M_167 0.000 401.769 3.000
K_168 -14.420 -818.649 8.000
F_169 0.000 560.542 8.000
R_170 -21.845 -1015.709 8.000
V_171 0.000 613.196 5.000
P_172 0.000 -195.996 5.000
A_173 0.000 185.740 0.000
P_174 0.000 -195.996 0.000
F_175 0.000 560.542 3.000
P_176 0.000 -195.996 3.000
S_177 -11.867 -90.060 6.000
L_178 0.000 679.918 9.000
T_179 -16.309 -90.974 10.000
K_180 -16.309 -818.649 10.000
W_181 -5.708 -203.500 10.000
T_182 -17.098 -90.974 11.000
L_183 0.000 679.918 8.000
N_184 -16.691 -507.047 7.000
I_185 0.000 777.529 8.000
V_186 0.000 613.196 8.000
N_187 -19.866 -507.047 9.000
L_188 0.000 679.918 9.000
R_189 -29.616 -1015.709 13.000
C_190 0.000 322.480 12.000
E_191 -26.485 -605.239 16.000
T_192 -19.613 -90.974 15.000
Q_193 -25.772 -643.904 15.000
D_194 -22.253 -475.402 11.000
I_195 0.000 777.529 11.000
L_196 0.000 679.918 9.000
K_197 -10.149 -818.649 5.000
H_198 -9.978 -583.484 8.000
A_199 0.000 185.740 12.000
S_200 -15.425 -90.060 9.000
N_201 -21.132 -507.047 10.000
L_202 0.000 679.918 13.000
T_203 -18.462 -90.974 13.000
K_204 -17.811 -818.649 12.000
S_205 -19.613 -90.060 15.000
S_206 -20.127 -90.060 16.000
S_207 -18.462 -90.060 13.000
E_208 -24.169 -605.239 13.000
L_209 0.000 679.918 13.000
K_210 -19.059 -818.649 14.000
K_211 -16.309 -818.649 10.000
E_212 -25.003 -605.239 14.000
V_213 0.000 613.196 15.000
D_214 -23.258 -475.402 12.000
E_215 -23.258 -605.239 12.000
M_216 0.000 401.769 12.000
E_217 -23.258 -605.239 12.000
I_218 0.000 777.529 8.000
E_219 -23.258 -605.239 12.000
I_220 0.000 777.529 10.000
N_221 -21.132 -507.047 10.000
Y_222 -11.154 -274.939 10.000
L_223 0.000 679.918 14.000
N_224 -25.003 -507.047 14.000
Q_225 -23.258 -643.904 12.000
Q_226 -25.772 -643.904 15.000
I_227 0.000 777.529 16.000
S_228 -19.059 -90.060 14.000
R_229 -30.711 -1015.709 14.000
H_230 -14.188 -583.484 18.000
N_231 -27.773 -507.047 18.000
E_232 -26.485 -605.239 16.000
T_233 -19.059 -90.974 14.000
K_234 -16.309 -818.649 10.000
A_235 0.000 185.740 9.000
L_236 0.000 679.918 10.000
S_237 -16.309 -90.060 10.000
E_238 -21.132 -605.239 10.000
T_239 -19.059 -90.974 14.000
L_240 0.000 679.918 15.000
E_241 -25.003 -605.239 14.000
E_242 -25.772 -605.239 15.000
K_243 -21.060 -818.649 18.000
N_244 -27.773 -507.047 18.000
K_245 -20.609 -818.649 17.000
N_246 -27.773 -507.047 18.000
T_247 -21.060 -90.974 18.000
E_248 -28.912 -605.239 20.000
N_249 -28.359 -507.047 19.000
R_250 -35.785 -1015.709 20.000
K_251 -20.127 -818.649 16.000
E_252 -25.772 -605.239 15.000
L_253 0.000 679.918 14.000
K_254 -20.127 -818.649 16.000
E_255 -23.258 -605.239 12.000
R_256 -28.412 -1015.709 12.000
I_257 0.000 777.529 9.000
F_258 0.000 560.542 8.000
G_259 0.000 -27.649 7.000
K_260 -17.098 -818.649 11.000
D_261 -24.169 -475.402 13.000
E_262 -24.169 -605.239 13.000
H_263 -11.154 -583.484 10.000
V_264 0.000 613.196 9.000
L_265 0.000 679.918 5.000
T_266 -13.255 -90.974 7.000
L_267 0.000 679.918 10.000
N_268 -24.169 -507.047 13.000
K_269 -19.059 -818.649 14.000
T_270 -20.609 -90.974 17.000
Q_271 -26.485 -643.904 16.000
S_272 -20.609 -90.060 17.000
S_273 -19.059 -90.060 14.000
Q_274 -21.132 -643.904 10.000
L_275 0.000 679.918 7.000
F_276 0.000 560.542 4.000
L_277 0.000 679.918 2.000
P_278 0.000 -195.996 6.000
Y_279 -10.601 -274.939 9.000
E_280 -24.169 -605.239 13.000
S_281 -20.127 -90.060 16.000
Q_282 -25.003 -643.904 14.000
K_283 -16.309 -818.649 10.000
L_284 0.000 679.918 12.000
V_285 0.000 613.196 8.000
R_286 -11.867 -1015.709 5.000
P_287 0.000 -195.996 8.000
I_288 0.000 777.529 8.000
K_289 -10.149 -818.649 5.000
M_290 0.000 401.769 8.000
H_291 -11.652 -583.484 11.000
S_292 -17.811 -90.060 12.000
S_293 -17.811 -90.060 12.000
E_294 -25.772 -605.239 15.000
P_295 0.000 -195.996 12.000
R_296 -23.856 -1015.709 9.000
V_297 0.000 613.196 9.000
A_298 0.000 185.740 9.000
D_299 -16.691 -475.402 7.000
I_300 0.000 777.529 11.000
K_301 -19.613 -818.649 15.000
E_302 -25.003 -605.239 14.000
E_303 -27.150 -605.239 17.000
S_304 -19.059 -90.060 14.000
S_305 -18.462 -90.060 13.000
A_306 0.000 185.740 13.000
K_307 -18.462 -818.649 13.000
Q_308 -24.169 -643.904 13.000
S_309 -18.462 -90.060 13.000
K_310 -16.309 -818.649 10.000
L_311 0.000 679.918 10.000
A_312 0.000 185.740 7.000
N_313 -18.409 -507.047 8.000
I_314 0.000 777.529 8.000
D_315 -24.169 -475.402 13.000
F_316 0.000 560.542 13.000
R_317 -32.645 -1015.709 16.000
Q_318 -26.485 -643.904 16.000
K_319 -21.889 -818.649 20.000
E_320 -28.359 -605.239 19.000
N_321 -27.773 -507.047 18.000
D_322 -28.359 -475.402 19.000
T_323 -19.613 -90.974 15.000
Q_324 -22.253 -643.904 11.000
I_325 0.000 777.529 11.000
F_326 0.000 560.542 12.000
N_327 -22.253 -507.047 11.000
D_328 -22.253 -475.402 11.000
S_329 -17.098 -90.060 11.000
A_330 0.000 185.740 11.000
V_331 0.000 613.196 11.000
D_332 -21.132 -475.402 10.000
N_333 -24.169 -507.047 13.000
H_334 -13.586 -583.484 16.000
S_335 -17.811 -90.060 12.000
K_336 -17.098 -818.649 11.000
C_337 0.000 322.480 11.000
S_338 -14.420 -90.060 8.000
H_339 -9.978 -583.484 8.000
I_340 0.000 777.529 11.000
T_341 -14.420 -90.974 8.000
T_342 -15.425 -90.974 9.000
I_343 0.000 777.529 12.000
T_344 -17.811 -90.974 12.000
S_345 -18.462 -90.060 13.000
S_346 -20.127 -90.060 16.000
Q_347 -24.169 -643.904 13.000
K_348 -16.309 -818.649 10.000
F_349 0.000 560.542 11.000
M_350 0.000 401.769 7.000
Q_351 -19.866 -643.904 9.000
V_352 0.000 613.196 9.000
R_353 -23.856 -1015.709 9.000
L_354 0.000 679.918 8.000
L_355 0.000 679.918 8.000
T_356 -13.255 -90.974 7.000
P_357 0.000 -195.996 10.000
Q_358 -25.003 -643.904 14.000
K_359 -19.059 -818.649 14.000
Q_360 -27.773 -643.904 18.000
S_361 -20.609 -90.060 17.000
N_362 -27.773 -507.047 18.000
S_363 -21.060 -90.060 18.000
N_364 -26.485 -507.047 16.000
Q_365 -25.772 -643.904 15.000
W_366 -6.873 -203.500 16.000
S_367 -19.613 -90.060 15.000
E_368 -22.253 -605.239 11.000
K_369 -19.059 -818.649 14.000
G_370 0.000 -27.649 14.000
D_371 -25.003 -475.402 14.000
K_372 -17.098 -818.649 11.000
D_373 -25.772 -475.402 15.000
A_374 0.000 185.740 13.000
E_375 -21.132 -605.239 10.000
Y_376 -11.154 -274.939 10.000
G_377 0.000 -27.649 13.000
D_378 -19.866 -475.402 9.000
K_379 -16.309 -818.649 10.000
G_380 0.000 -27.649 10.000
T_381 -17.098 -90.974 11.000
V_382 0.000 613.196 12.000
R_383 -28.412 -1015.709 12.000
Q_384 -25.003 -643.904 14.000
V_385 0.000 613.196 18.000
R_386 -32.645 -1015.709 16.000
E_387 -25.772 -605.239 15.000
S_388 -19.613 -90.060 15.000
K_389 -18.462 -818.649 13.000
C_390 0.000 322.480 12.000
T_391 -18.462 -90.974 13.000
S_392 -16.309 -90.060 10.000
Q_393 -21.132 -643.904 10.000
A_394 0.000 185.740 9.000
I_395 0.000 777.529 9.000
Y_396 -10.601 -274.939 9.000
T_397 -17.098 -90.974 11.000
E_398 -22.253 -605.239 11.000
H_399 -10.601 -583.484 9.000
F_400 0.000 560.542 9.000
G_401 0.000 -27.649 8.000
K_402 -11.867 -818.649 6.000
S_403 -16.309 -90.060 10.000
V_404 0.000 613.196 14.000
E_405 -25.772 -605.239 15.000
N_406 -25.772 -507.047 15.000
D_407 -28.359 -475.402 19.000
S_408 -21.486 -90.060 19.000
D_409 -25.772 -475.402 15.000
E_410 -25.772 -605.239 15.000
V_411 0.000 613.196 16.000
E_412 -27.150 -605.239 17.000
E_413 -24.169 -605.239 13.000
R_414 -33.508 -1015.709 17.000
A_415 0.000 185.740 17.000
E_416 -24.169 -605.239 13.000
N_417 -18.409 -507.047 8.000
F_418 0.000 560.542 13.000
P_419 0.000 -195.996 12.000
R_420 -27.076 -1015.709 11.000
T_421 -19.613 -90.974 15.000
S_422 -19.613 -90.060 15.000
E_423 -21.132 -605.239 10.000
I_424 0.000 777.529 7.000
P_425 0.000 -195.996 4.000
I_426 0.000 777.529 0.000
F_427 0.000 560.542 0.000
L_428 0.000 679.918 3.000
G_429 0.000 -27.649 3.000
T_430 -11.867 -90.974 6.000
P_431 0.000 -195.996 6.000
K_432 -11.867 -818.649 6.000
A_433 0.000 185.740 6.000
V_434 0.000 613.196 6.000
K_435 -4.441 -818.649 3.000
A_436 0.000 185.740 7.000
P_437 0.000 -195.996 10.000
E_438 -16.691 -605.239 7.000
S_439 -17.098 -90.060 11.000
L_440 0.000 679.918 14.000
E_441 -21.132 -605.239 10.000
K_442 -16.309 -818.649 10.000
I_443 0.000 777.529 10.000
K_444 -11.867 -818.649 6.000
F_445 0.000 560.542 6.000
P_446 0.000 -195.996 9.000
K_447 -11.867 -818.649 6.000
T_448 -11.867 -90.974 6.000
P_449 0.000 -195.996 6.000
P_450 0.000 -195.996 7.000
F_451 0.000 560.542 4.000
E_452 -18.409 -605.239 8.000
I_453 0.000 777.529 13.000
N_454 -27.150 -507.047 17.000
R_455 -34.315 -1015.709 18.000
N_456 -29.934 -507.047 22.000
R_457 -34.315 -1015.709 18.000
N_458 -24.169 -507.047 13.000
A_459 0.000 185.740 9.000
V_460 0.000 613.196 8.000
P_461 0.000 -195.996 4.000
E_462 -18.409 -605.239 8.000
V_463 0.000 613.196 11.000
Q_464 -25.772 -643.904 15.000
T_465 -19.059 -90.974 14.000
E_466 -27.773 -605.239 18.000
K_467 -20.609 -818.649 17.000
E_468 -25.003 -605.239 14.000
S_469 -16.309 -90.060 10.000
P_470 0.000 -195.996 7.000
G_471 0.000 -27.649 6.000
L_472 0.000 679.918 3.000
S_473 -4.441 -90.060 3.000
F_474 0.000 560.542 3.000
L_475 0.000 679.918 6.000
M_476 0.000 401.769 5.000
S_477 -14.420 -90.060 8.000
Y_478 -11.652 -274.939 11.000
T_479 -20.127 -90.974 16.000
S_480 -20.127 -90.060 16.000
R_481 -30.711 -1015.709 14.000
S_482 -17.098 -90.060 11.000
P_483 0.000 -195.996 8.000
G_484 0.000 -27.649 7.000
L_485 0.000 679.918 4.000
N_486 -7.878 -507.047 4.000
L_487 0.000 679.918 8.000
F_488 0.000 560.542 11.000
D_489 -21.132 -475.402 10.000
S_490 -16.309 -90.060 10.000
S_491 -16.309 -90.060 10.000
V_492 0.000 613.196 10.000
F_493 0.000 560.542 10.000
D_494 -22.253 -475.402 11.000
T_495 -17.098 -90.974 11.000
E_496 -25.003 -605.239 14.000
I_497 0.000 777.529 13.000
S_498 -19.059 -90.060 14.000
S_499 -19.059 -90.060 14.000
D_500 -25.003 -475.402 14.000
Q_501 -25.772 -643.904 15.000
F_502 0.000 560.542 16.000
N_503 -25.003 -507.047 14.000
E_504 -23.258 -605.239 12.000
H_505 -13.255 -583.484 15.000
Y_506 -11.652 -274.939 11.000
S_507 -17.811 -90.060 12.000
A_508 0.000 185.740 14.000
R_509 -28.412 -1015.709 12.000
N_510 -24.169 -507.047 13.000
L_511 0.000 679.918 13.000
N_512 -18.409 -507.047 8.000
P_513 0.000 -195.996 7.000
L_514 0.000 679.918 10.000
S_515 -16.309 -90.060 10.000
S_516 -19.059 -90.060 14.000
E_517 -27.773 -605.239 18.000
Q_518 -25.772 -643.904 15.000
E_519 -23.258 -605.239 12.000
I_520 0.000 777.529 12.000
G_521 0.000 -27.649 8.000
N_522 -7.878 -507.047 4.000
L_523 0.000 679.918 8.000
L_524 0.000 679.918 11.000
E_525 -16.691 -605.239 7.000
K_526 -17.098 -818.649 11.000
P_527 0.000 -195.996 11.000
E_528 -22.253 -605.239 11.000
G_529 0.000 -27.649 12.000
E_530 -23.258 -605.239 12.000
D_531 -18.409 -475.402 8.000
G_532 0.000 -27.649 11.000
F_533 0.000 560.542 7.000
T_534 -11.867 -90.974 6.000
F_535 0.000 560.542 6.000
S_536 -11.867 -90.060 6.000
F_537 0.000 560.542 6.000
P_538 0.000 -195.996 10.000
S_539 -16.309 -90.060 10.000
D_540 -24.169 -475.402 13.000
T_541 -20.127 -90.974 16.000
S_542 -19.613 -90.060 15.000
T_543 -19.059 -90.974 14.000
H_544 -11.652 -583.484 11.000
T_545 -14.420 -90.974 8.000
F_546 0.000 560.542 5.000
G_547 0.000 -27.649 3.000
A_548 0.000 185.740 3.000
G_549 0.000 -27.649 7.000
K_550 -17.098 -818.649 11.000
D_551 -22.253 -475.402 11.000
D_552 -25.003 -475.402 14.000
F_553 0.000 560.542 11.000
S_554 -13.255 -90.060 7.000
F_555 0.000 560.542 3.000
P_556 0.000 -195.996 6.000
F_557 0.000 560.542 3.000
S_558 -4.441 -90.060 3.000
F_559 0.000 560.542 7.000
G_560 0.000 -27.649 7.000
Q_561 -18.409 -643.904 8.000
G_562 0.000 -27.649 12.000
Q_563 -25.772 -643.904 15.000
N_564 -22.253 -507.047 11.000
S_565 -17.098 -90.060 11.000
I_566 0.000 777.529 10.000
P_567 0.000 -195.996 9.000
S_568 -15.425 -90.060 9.000
S_569 -15.425 -90.060 9.000
S_570 -17.811 -90.060 12.000
L_571 0.000 679.918 9.000
K_572 -11.867 -818.649 6.000
G_573 0.000 -27.649 6.000
F_574 0.000 560.542 9.000
S_575 -15.425 -90.060 9.000
S_576 -17.811 -90.060 12.000
S_577 -20.127 -90.060 16.000
S_578 -20.609 -90.060 17.000
Q_579 -27.150 -643.904 17.000
N_580 -27.150 -507.047 17.000
T_581 -21.060 -90.974 18.000
T_582 -19.059 -90.974 14.000
Q_583 -24.169 -643.904 13.000
F_584 0.000 560.542 10.000
T_585 -13.255 -90.974 7.000
F_586 0.000 560.542 3.000
F_587 0.000 560.542 3.000
