M_1 0.000 401.769 3.000
M_2 0.000 401.769 3.000
S_3 -4.441 -90.060 3.000
F_4 0.000 560.542 5.000
L_5 0.000 679.918 5.000
H_6 -1.718 -583.484 2.000
I_7 0.000 777.529 2.000
V_8 0.000 613.196 5.000
F_9 0.000 560.542 3.000
S_10 -4.441 -90.060 3.000
I_11 0.000 777.529 3.000
L_12 0.000 679.918 3.000
V_13 0.000 613.196 0.000
V_14 0.000 613.196 0.000
V_15 0.000 613.196 0.000
A_16 0.000 185.740 0.000
F_17 0.000 560.542 0.000
I_18 0.000 777.529 0.000
L_19 0.000 679.918 4.000
G_20 0.000 -27.649 4.000
N_21 -7.878 -507.047 4.000
F_22 0.000 560.542 8.000
A_23 0.000 185.740 8.000
N_24 -7.878 -507.047 4.000
G_25 0.000 -27.649 4.000
F_26 0.000 560.542 4.000
I_27 0.000 777.529 0.000
A_28 0.000 185.740 0.000
L_29 0.000 679.918 4.000
I_30 0.000 777.529 4.000
N_31 -7.878 -507.047 4.000
F_32 0.000 560.542 4.000
I_33 0.000 777.529 5.000
A_34 0.000 185.740 1.000
W_35 -3.436 -203.500 4.000
V_36 0.000 613.196 9.000
K_37 -18.462 -818.649 13.000
R_38 -31.716 -1015.709 15.000
Q_39 -25.772 -643.904 15.000
K_40 -19.613 -818.649 15.000
I_41 0.000 777.529 13.000
S_42 -15.425 -90.060 9.000
S_43 -16.309 -90.060 10.000
A_44 0.000 185.740 14.000
D_45 -22.253 -475.402 11.000
Q_46 -18.409 -643.904 8.000
I_47 0.000 777.529 8.000
I_48 0.000 777.529 4.000
A_49 0.000 185.740 0.000
A_50 0.000 185.740 0.000
L_51 0.000 679.918 0.000
A_52 0.000 185.740 3.000
V_53 0.000 613.196 8.000
S_54 -14.420 -90.060 8.000
R_55 -21.845 -1015.709 8.000
V_56 0.000 613.196 8.000
G_57 0.000 -27.649 5.000
L_58 0.000 679.918 1.000
L_59 0.000 679.918 1.000
W_60 -0.000 -203.500 1.000
V_61 0.000 613.196 1.000
I_62 0.000 777.529 1.000
L_63 0.000 679.918 2.000
L_64 0.000 679.918 3.000
H_65 -7.426 -583.484 5.000
W_66 -5.155 -203.500 8.000
Y_67 -11.652 -274.939 11.000
S_68 -15.425 -90.060 9.000
T_69 -14.420 -90.974 8.000
V_70 0.000 613.196 10.000
L_71 0.000 679.918 7.000
N_72 -16.691 -507.047 7.000
P_73 0.000 -195.996 10.000
T_74 -18.462 -90.974 13.000
S_75 -18.462 -90.060 13.000
S_76 -18.462 -90.060 13.000
N_77 -24.169 -507.047 13.000
L_78 0.000 679.918 10.000
K_79 -13.255 -818.649 7.000
V_80 0.000 613.196 3.000
I_81 0.000 777.529 3.000
I_82 0.000 777.529 0.000
F_83 0.000 560.542 3.000
I_84 0.000 777.529 7.000
S_85 -13.255 -90.060 7.000
N_86 -18.409 -507.047 8.000
A_87 0.000 185.740 8.000
W_88 -3.990 -203.500 5.000
A_89 0.000 185.740 4.000
V_90 0.000 613.196 8.000
T_91 -15.425 -90.974 9.000
N_92 -19.866 -507.047 9.000
H_93 -12.104 -583.484 12.000
F_94 0.000 560.542 9.000
S_95 -11.867 -90.060 6.000
I_96 0.000 777.529 4.000
W_97 -3.436 -203.500 4.000
L_98 0.000 679.918 4.000
A_99 0.000 185.740 7.000
T_100 -11.867 -90.974 6.000
S_101 -15.425 -90.060 9.000
L_102 0.000 679.918 9.000
S_103 -11.867 -90.060 6.000
I_104 0.000 777.529 5.000
F_105 0.000 560.542 5.000
Y_106 -1.718 -274.939 2.000
L_107 0.000 679.918 5.000
L_108 0.000 679.918 5.000
K_109 -4.441 -818.649 3.000
I_110 0.000 777.529 7.000
V_111 0.000 613.196 7.000
N_112 -16.691 -507.047 7.000
F_113 0.000 560.542 12.000
S_114 -17.811 -90.060 12.000
R_115 -21.845 -1015.709 8.000
L_116 0.000 679.918 8.000
I_117 0.000 777.529 7.000
F_118 0.000 560.542 4.000
H_119 -6.160 -583.484 4.000
H_120 -9.265 -583.484 7.000
L_121 0.000 679.918 12.000
K_122 -18.462 -818.649 13.000
R_123 -27.076 -1015.709 11.000
K_124 -19.059 -818.649 14.000
A_125 0.000 185.740 14.000
K_126 -15.425 -818.649 9.000
S_127 -11.867 -90.060 6.000
V_128 0.000 613.196 6.000
V_129 0.000 613.196 3.000
L_130 0.000 679.918 0.000
V_131 0.000 613.196 0.000
I_132 0.000 777.529 0.000
V_133 0.000 613.196 0.000
L_134 0.000 679.918 3.000
G_135 0.000 -27.649 3.000
S_136 -4.441 -90.060 3.000
L_137 0.000 679.918 3.000
F_138 0.000 560.542 3.000
F_139 0.000 560.542 0.000
L_140 0.000 679.918 0.000
V_141 0.000 613.196 2.000
C_142 0.000 322.480 2.000
H_143 -1.718 -583.484 2.000
L_144 0.000 679.918 2.000
V_145 0.000 613.196 5.000
M_146 0.000 401.769 5.000
K_147 -14.420 -818.649 8.000
H_148 -11.154 -583.484 10.000
T_149 -16.309 -90.974 10.000
Y_150 -11.652 -274.939 11.000
I_151 0.000 777.529 9.000
N_152 -16.691 -507.047 7.000
V_153 0.000 613.196 8.000
W_154 -6.160 -203.500 12.000
T_155 -17.811 -90.974 12.000
E_156 -23.258 -605.239 12.000
E_157 -25.772 -605.239 15.000
C_158 0.000 322.480 12.000
E_159 -23.258 -605.239 12.000
G_160 0.000 -27.649 8.000
N_161 -22.253 -507.047 11.000
V_162 0.000 613.196 8.000
T_163 -17.098 -90.974 11.000
W_164 -4.824 -203.500 7.000
K_165 -16.309 -818.649 10.000
I_166 0.000 777.529 7.000
K_167 -17.098 -818.649 11.000
L_168 0.000 679.918 12.000
R_169 -28.412 -1015.709 12.000
N_170 -19.866 -507.047 9.000
A_171 0.000 185.740 11.000
M_172 0.000 401.769 6.000
H_173 -7.426 -583.484 5.000
L_174 0.000 679.918 9.000
S_175 -15.425 -90.060 9.000
N_176 -21.132 -507.047 10.000
L_177 0.000 679.918 10.000
T_178 -13.255 -90.974 7.000
V_179 0.000 613.196 3.000
A_180 0.000 185.740 3.000
M_181 0.000 401.769 0.000
L_182 0.000 679.918 4.000
A_183 0.000 185.740 4.000
N_184 -7.878 -507.047 4.000
L_185 0.000 679.918 4.000
I_186 0.000 777.529 4.000
P_187 0.000 -195.996 3.000
F_188 0.000 560.542 3.000
T_189 -11.867 -90.974 6.000
L_190 0.000 679.918 6.000
T_191 -11.867 -90.974 6.000
L_192 0.000 679.918 6.000
I_193 0.000 777.529 6.000
S_194 -4.441 -90.060 3.000
F_195 0.000 560.542 3.000
L_196 0.000 679.918 3.000
L_197 0.000 679.918 0.000
L_198 0.000 679.918 2.000
I_199 0.000 777.529 5.000
Y_200 -7.426 -274.939 5.000
S_201 -10.149 -90.060 5.000
L_202 0.000 679.918 8.000
C_203 0.000 322.480 8.000
K_204 -10.149 -818.649 5.000
H_205 -9.978 -583.484 8.000
L_206 0.000 679.918 11.000
K_207 -14.420 -818.649 8.000
K_208 -16.309 -818.649 10.000
M_209 0.000 401.769 10.000
Q_210 -19.866 -643.904 9.000
L_211 0.000 679.918 6.000
H_212 -10.601 -583.484 9.000
G_213 0.000 -27.649 5.000
K_214 -14.420 -818.649 8.000
G_215 0.000 -27.649 10.000
S_216 -19.059 -90.060 14.000
Q_217 -22.253 -643.904 11.000
D_218 -25.003 -475.402 14.000
P_219 0.000 -195.996 14.000
S_220 -18.462 -90.060 13.000
T_221 -15.425 -90.974 9.000
K_222 -17.098 -818.649 11.000
I_223 0.000 777.529 8.000
H_224 -9.978 -583.484 8.000
I_225 0.000 777.529 5.000
K_226 -10.149 -818.649 5.000
A_227 0.000 185.740 7.000
L_228 0.000 679.918 10.000
Q_229 -16.691 -643.904 7.000
T_230 -16.309 -90.974 10.000
V_231 0.000 613.196 13.000
T_232 -15.425 -90.974 9.000
S_233 -11.867 -90.060 6.000
F_234 0.000 560.542 6.000
L_235 0.000 679.918 3.000
I_236 0.000 777.529 0.000
L_237 0.000 679.918 0.000
L_238 0.000 679.918 0.000
A_239 0.000 185.740 2.000
I_240 0.000 777.529 2.000
Y_241 -1.718 -274.939 2.000
F_242 0.000 560.542 2.000
L_243 0.000 679.918 2.000
C_244 0.000 322.480 0.000
L_245 0.000 679.918 0.000
I_246 0.000 777.529 3.000
I_247 0.000 777.529 3.000
S_248 -7.878 -90.060 4.000
F_249 0.000 560.542 8.000
W_250 -5.155 -203.500 8.000
N_251 -18.409 -507.047 8.000
F_252 0.000 560.542 8.000
K_253 -17.811 -818.649 12.000
M_254 0.000 401.769 8.000
R_255 -27.076 -1015.709 11.000
P_256 0.000 -195.996 12.000
K_257 -17.811 -818.649 12.000
E_258 -16.691 -605.239 7.000
I_259 0.000 777.529 7.000
V_260 0.000 613.196 4.000
L_261 0.000 679.918 0.000
M_262 0.000 401.769 0.000
L_263 0.000 679.918 4.000
C_264 0.000 322.480 4.000
Q_265 -7.878 -643.904 4.000
A_266 0.000 185.740 4.000
F_267 0.000 560.542 4.000
G_268 0.000 -27.649 0.000
I_269 0.000 777.529 2.000
I_270 0.000 777.529 2.000
Y_271 -7.426 -274.939 5.000
P_272 0.000 -195.996 5.000
S_273 -13.255 -90.060 7.000
F_274 0.000 560.542 8.000
H_275 -9.978 -583.484 8.000
S_276 -10.149 -90.060 5.000
F_277 0.000 560.542 5.000
I_278 0.000 777.529 3.000
L_279 0.000 679.918 1.000
I_280 0.000 777.529 1.000
W_281 -3.990 -203.500 5.000
G_282 0.000 -27.649 8.000
N_283 -22.253 -507.047 11.000
K_284 -16.309 -818.649 10.000
T_285 -18.462 -90.974 13.000
L_286 0.000 679.918 13.000
K_287 -18.462 -818.649 13.000
Q_288 -21.132 -643.904 10.000
T_289 -16.309 -90.974 10.000
F_290 0.000 560.542 10.000
L_291 0.000 679.918 6.000
S_292 -4.441 -90.060 3.000
V_293 0.000 613.196 4.000
L_294 0.000 679.918 8.000
W_295 -3.990 -203.500 5.000
Q_296 -18.409 -643.904 8.000
V_297 0.000 613.196 8.000
T_298 -14.420 -90.974 8.000
C_299 0.000 322.480 4.000
W_300 -4.824 -203.500 7.000
A_301 0.000 185.740 4.000
K_302 -14.420 -818.649 8.000
G_303 0.000 -27.649 11.000
Q_304 -25.772 -643.904 15.000
N_305 -25.772 -507.047 15.000
Q_306 -27.773 -643.904 18.000
S_307 -19.059 -90.060 14.000
T_308 -16.309 -90.974 10.000
P_309 0.000 -195.996 6.000
