M_1 0.000 401.769 5.000
P_2 0.000 -195.996 5.000
R_3 -23.856 -1015.709 9.000
G_4 0.000 -27.649 12.000
Q_5 -25.772 -643.904 15.000
K_6 -18.462 -818.649 13.000
S_7 -18.462 -90.060 13.000
K_8 -19.059 -818.649 14.000
L_9 0.000 679.918 11.000
R_10 -29.616 -1015.709 13.000
A_11 0.000 185.740 14.000
R_12 -33.508 -1015.709 17.000
E_13 -27.150 -605.239 17.000
K_14 -22.635 -818.649 22.000
R_15 -35.785 -1015.709 20.000
R_16 -32.645 -1015.709 16.000
K_17 -21.060 -818.649 18.000
A_18 0.000 185.740 17.000
R_19 -32.645 -1015.709 16.000
E_20 -26.485 -605.239 16.000
E_21 -28.912 -605.239 20.000
T_22 -19.613 -90.974 15.000
Q_23 -22.253 -643.904 11.000
G_24 0.000 -27.649 10.000
L_25 0.000 679.918 7.000
K_26 -4.441 -818.649 3.000
V_27 0.000 613.196 5.000
A_28 0.000 185.740 5.000
H_29 -7.426 -583.484 5.000
A_30 0.000 185.740 5.000
T_31 -10.149 -90.974 5.000
A_32 0.000 185.740 7.000
A_33 0.000 185.740 10.000
E_34 -22.253 -605.239 11.000
K_35 -19.613 -818.649 15.000
E_36 -25.772 -605.239 15.000
E_37 -22.253 -605.239 11.000
C_38 0.000 322.480 11.000
P_39 0.000 -195.996 10.000
S_40 -15.425 -90.060 9.000
S_41 -15.425 -90.060 9.000
S_42 -15.425 -90.060 9.000
P_43 0.000 -195.996 6.000
V_44 0.000 613.196 3.000
L_45 0.000 679.918 4.000
G_46 0.000 -27.649 7.000
D_47 -16.691 -475.402 7.000
T_48 -16.309 -90.974 10.000
P_49 0.000 -195.996 13.000
T_50 -17.811 -90.974 12.000
S_51 -15.425 -90.060 9.000
S_52 -15.425 -90.060 9.000
P_53 0.000 -195.996 6.000
A_54 0.000 185.740 3.000
A_55 0.000 185.740 0.000
G_56 0.000 -27.649 0.000
I_57 0.000 777.529 4.000
P_58 0.000 -195.996 7.000
Q_59 -16.691 -643.904 7.000
K_60 -17.098 -818.649 11.000
P_61 0.000 -195.996 11.000
Q_62 -16.691 -643.904 7.000
G_63 0.000 -27.649 4.000
A_64 0.000 185.740 4.000
P_65 0.000 -195.996 3.000
P_66 0.000 -195.996 6.000
T_67 -15.425 -90.974 9.000
T_68 -15.425 -90.974 9.000
T_69 -15.425 -90.974 9.000
A_70 0.000 185.740 6.000
A_71 0.000 185.740 3.000
A_72 0.000 185.740 0.000
A_73 0.000 185.740 3.000
V_74 0.000 613.196 3.000
S_75 -11.867 -90.060 6.000
C_76 0.000 322.480 10.000
T_77 -18.462 -90.974 13.000
E_78 -25.003 -605.239 14.000
S_79 -21.060 -90.060 18.000
D_80 -25.772 -475.402 15.000
E_81 -22.253 -605.239 11.000
G_82 0.000 -27.649 11.000
A_83 0.000 185.740 7.000
K_84 -13.255 -818.649 7.000
C_85 0.000 322.480 7.000
Q_86 -22.253 -643.904 11.000
G_87 0.000 -27.649 12.000
E_88 -26.485 -605.239 16.000
E_89 -23.258 -605.239 12.000
N_90 -25.772 -507.047 15.000
A_91 0.000 185.740 11.000
S_92 -16.309 -90.060 10.000
F_93 0.000 560.542 10.000
S_94 -16.309 -90.060 10.000
Q_95 -21.132 -643.904 10.000
A_96 0.000 185.740 13.000
T_97 -18.462 -90.974 13.000
T_98 -17.811 -90.974 12.000
S_99 -20.127 -90.060 16.000
T_100 -20.127 -90.974 16.000
E_101 -26.485 -605.239 16.000
S_102 -18.462 -90.060 13.000
S_103 -18.462 -90.060 13.000
V_104 0.000 613.196 13.000
K_105 -16.309 -818.649 10.000
D_106 -16.691 -475.402 7.000
P_107 0.000 -195.996 7.000
V_108 0.000 613.196 5.000
A_109 0.000 185.740 5.000
W_110 -3.990 -203.500 5.000
E_111 -11.867 -605.239 5.000
A_112 0.000 185.740 5.000
G_113 0.000 -27.649 4.000
M_114 0.000 401.769 0.000
L_115 0.000 679.918 2.000
M_116 0.000 401.769 2.000
H_117 -1.718 -583.484 2.000
F_118 0.000 560.542 2.000
I_119 0.000 777.529 7.000
L_120 0.000 679.918 8.000
R_121 -25.574 -1015.709 10.000
K_122 -18.462 -818.649 13.000
Y_123 -12.518 -274.939 13.000
K_124 -18.462 -818.649 13.000
M_125 0.000 401.769 14.000
R_126 -28.412 -1015.709 12.000
E_127 -19.866 -605.239 9.000
P_128 0.000 -195.996 9.000
I_129 0.000 777.529 7.000
M_130 0.000 401.769 3.000
K_131 -13.255 -818.649 7.000
A_132 0.000 185.740 7.000
D_133 -16.691 -475.402 7.000
M_134 0.000 401.769 7.000
L_135 0.000 679.918 7.000
K_136 -4.441 -818.649 3.000
V_137 0.000 613.196 7.000
V_138 0.000 613.196 11.000
D_139 -22.253 -475.402 11.000
E_140 -24.169 -605.239 13.000
K_141 -20.127 -818.649 16.000
Y_142 -13.586 -274.939 16.000
K_143 -19.059 -818.649 14.000
D_144 -22.253 -475.402 11.000
H_145 -12.104 -583.484 12.000
F_146 0.000 560.542 13.000
T_147 -15.425 -90.974 9.000
E_148 -16.691 -605.239 7.000
I_149 0.000 777.529 11.000
L_150 0.000 679.918 8.000
N_151 -7.878 -507.047 4.000
G_152 0.000 -27.649 7.000
A_153 0.000 185.740 12.000
S_154 -18.462 -90.060 13.000
R_155 -29.616 -1015.709 13.000
R_156 -33.508 -1015.709 17.000
L_157 0.000 679.918 14.000
E_158 -19.866 -605.239 9.000
L_159 0.000 679.918 4.000
V_160 0.000 613.196 4.000
F_161 0.000 560.542 0.000
G_162 0.000 -27.649 4.000
L_163 0.000 679.918 4.000
D_164 -16.691 -475.402 7.000
L_165 0.000 679.918 11.000
K_166 -19.613 -818.649 15.000
E_167 -25.772 -605.239 15.000
D_168 -25.772 -475.402 15.000
N_169 -25.772 -507.047 15.000
P_170 0.000 -195.996 11.000
S_171 -15.425 -90.060 9.000
G_172 0.000 -27.649 8.000
H_173 -11.154 -583.484 10.000
T_174 -16.309 -90.974 10.000
Y_175 -11.154 -274.939 10.000
T_176 -14.420 -90.974 8.000
L_177 0.000 679.918 8.000
V_178 0.000 613.196 9.000
S_179 -11.867 -90.060 6.000
K_180 -16.309 -818.649 10.000
L_181 0.000 679.918 10.000
N_182 -21.132 -507.047 10.000
L_183 0.000 679.918 11.000
T_184 -19.613 -90.974 15.000
N_185 -22.253 -507.047 11.000
D_186 -25.772 -475.402 15.000
G_187 0.000 -27.649 12.000
N_188 -22.253 -507.047 11.000
L_189 0.000 679.918 11.000
S_190 -19.613 -90.060 15.000
N_191 -23.258 -507.047 12.000
D_192 -26.485 -475.402 16.000
W_193 -6.358 -203.500 13.000
D_194 -19.866 -475.402 9.000
F_195 0.000 560.542 10.000
P_196 0.000 -195.996 13.000
R_197 -23.856 -1015.709 9.000
N_198 -19.866 -507.047 9.000
G_199 0.000 -27.649 9.000
L_200 0.000 679.918 4.000
L_201 0.000 679.918 0.000
M_202 0.000 401.769 0.000
P_203 0.000 -195.996 0.000
L_204 0.000 679.918 0.000
L_205 0.000 679.918 0.000
G_206 0.000 -27.649 0.000
V_207 0.000 613.196 0.000
I_208 0.000 777.529 0.000
F_209 0.000 560.542 3.000
L_210 0.000 679.918 3.000
K_211 -13.255 -818.649 7.000
G_212 0.000 -27.649 10.000
N_213 -21.132 -507.047 10.000
S_214 -16.309 -90.060 10.000
A_215 0.000 185.740 14.000
T_216 -19.059 -90.974 14.000
E_217 -25.772 -605.239 15.000
E_218 -25.772 -605.239 15.000
E_219 -24.169 -605.239 13.000
I_220 0.000 777.529 12.000
W_221 -5.155 -203.500 8.000
K_222 -7.878 -818.649 4.000
F_223 0.000 560.542 8.000
M_224 0.000 401.769 7.000
N_225 -7.878 -507.047 4.000
V_226 0.000 613.196 4.000
L_227 0.000 679.918 4.000
G_228 0.000 -27.649 2.000
A_229 0.000 185.740 6.000
Y_230 -8.431 -274.939 6.000
D_231 -21.132 -475.402 10.000
G_232 0.000 -27.649 14.000
E_233 -25.003 -605.239 14.000
E_234 -21.132 -605.239 10.000
H_235 -11.154 -583.484 10.000
L_236 0.000 679.918 8.000
I_237 0.000 777.529 4.000
Y_238 -8.431 -274.939 6.000
G_239 0.000 -27.649 6.000
E_240 -22.253 -605.239 11.000
P_241 0.000 -195.996 12.000
R_242 -28.412 -1015.709 12.000
K_243 -14.420 -818.649 8.000
F_244 0.000 560.542 11.000
I_245 0.000 777.529 10.000
T_246 -17.098 -90.974 11.000
Q_247 -22.253 -643.904 11.000
D_248 -22.253 -475.402 11.000
L_249 0.000 679.918 12.000
V_250 0.000 613.196 12.000
Q_251 -22.253 -643.904 11.000
E_252 -24.169 -605.239 13.000
K_253 -18.462 -818.649 13.000
Y_254 -12.104 -274.939 12.000
L_255 0.000 679.918 10.000
K_256 -17.098 -818.649 11.000
Y_257 -12.518 -274.939 13.000
E_258 -24.169 -605.239 13.000
Q_259 -21.132 -643.904 10.000
V_260 0.000 613.196 12.000
P_261 0.000 -195.996 11.000
N_262 -22.253 -507.047 11.000
S_263 -17.098 -90.060 11.000
D_264 -22.253 -475.402 11.000
P_265 0.000 -195.996 12.000
P_266 0.000 -195.996 11.000
R_267 -27.076 -1015.709 11.000
Y_268 -11.652 -274.939 11.000
Q_269 -22.253 -643.904 11.000
F_270 0.000 560.542 7.000
L_271 0.000 679.918 5.000
W_272 -0.000 -203.500 1.000
G_273 0.000 -27.649 6.000
P_274 0.000 -195.996 6.000
R_275 -19.414 -1015.709 7.000
A_276 0.000 185.740 7.000
Y_277 -11.652 -274.939 11.000
A_278 0.000 185.740 9.000
E_279 -23.258 -605.239 12.000
T_280 -18.462 -90.974 13.000
T_281 -18.462 -90.974 13.000
K_282 -17.811 -818.649 12.000
M_283 0.000 401.769 9.000
K_284 -11.867 -818.649 6.000
V_285 0.000 613.196 7.000
L_286 0.000 679.918 7.000
E_287 -7.878 -605.239 4.000
F_288 0.000 560.542 4.000
L_289 0.000 679.918 7.000
A_290 0.000 185.740 3.000
K_291 -13.255 -818.649 7.000
M_292 0.000 401.769 7.000
N_293 -16.691 -507.047 7.000
G_294 0.000 -27.649 7.000
A_295 0.000 185.740 7.000
T_296 -14.420 -90.974 8.000
P_297 0.000 -195.996 12.000
R_298 -28.412 -1015.709 12.000
D_299 -19.866 -475.402 9.000
F_300 0.000 560.542 12.000
P_301 0.000 -195.996 9.000
S_302 -13.255 -90.060 7.000
H_303 -11.652 -583.484 11.000
Y_304 -13.255 -274.939 15.000
E_305 -23.258 -605.239 12.000
E_306 -21.132 -605.239 10.000
A_307 0.000 185.740 13.000
L_308 0.000 679.918 13.000
R_309 -29.616 -1015.709 13.000
D_310 -27.150 -475.402 17.000
E_311 -29.436 -605.239 21.000
E_312 -29.436 -605.239 21.000
E_313 -27.150 -605.239 17.000
R_314 -33.508 -1015.709 17.000
A_315 0.000 185.740 13.000
Q_316 -25.003 -643.904 14.000
V_317 0.000 613.196 12.000
R_318 -31.716 -1015.709 15.000
S_319 -17.098 -90.060 11.000
S_320 -20.127 -90.060 16.000
V_321 0.000 613.196 11.000
R_322 -29.616 -1015.709 13.000
A_323 0.000 185.740 15.000
R_324 -35.785 -1015.709 20.000
R_325 -34.315 -1015.709 18.000
R_326 -36.459 -1015.709 21.000
T_327 -20.127 -90.974 16.000
T_328 -19.059 -90.974 14.000
A_329 0.000 185.740 12.000
T_330 -15.425 -90.974 9.000
T_331 -17.098 -90.974 11.000
F_332 0.000 560.542 11.000
R_333 -29.616 -1015.709 13.000
A_334 0.000 185.740 13.000
R_335 -34.315 -1015.709 18.000
S_336 -18.462 -90.060 13.000
R_337 -29.616 -1015.709 13.000
A_338 0.000 185.740 8.000
P_339 0.000 -195.996 8.000
F_340 0.000 560.542 8.000
S_341 -17.098 -90.060 11.000
R_342 -30.711 -1015.709 14.000
S_343 -20.127 -90.060 16.000
S_344 -18.462 -90.060 13.000
H_345 -9.978 -583.484 8.000
P_346 0.000 -195.996 5.000
M_347 0.000 401.769 2.000
