M_1 0.000 401.769 0.000
L_2 0.000 679.918 5.000
G_3 0.000 -27.649 5.000
R_4 -11.867 -1015.709 5.000
C_5 0.000 322.480 5.000
F_6 0.000 560.542 5.000
P_7 0.000 -195.996 4.000
P_8 0.000 -195.996 7.000
D_9 -21.132 -475.402 10.000
T_10 -19.059 -90.974 14.000
K_11 -20.609 -818.649 17.000
E_12 -27.150 -605.239 17.000
K_13 -21.060 -818.649 18.000
Q_14 -25.772 -643.904 15.000
Q_15 -26.485 -643.904 16.000
L_16 0.000 679.918 13.000
R_17 -28.412 -1015.709 12.000
M_18 0.000 401.769 11.000
T_19 -17.098 -90.974 11.000
K_20 -11.867 -818.649 6.000
L_21 0.000 679.918 10.000
C_22 0.000 322.480 7.000
D_23 -7.878 -475.402 4.000
P_24 0.000 -195.996 8.000
A_25 0.000 185.740 11.000
E_26 -22.253 -605.239 11.000
S_27 -17.098 -90.060 11.000
E_28 -25.003 -605.239 14.000
L_29 0.000 679.918 10.000
S_30 -13.255 -90.060 7.000
P_31 0.000 -195.996 3.000
F_32 0.000 560.542 3.000
L_33 0.000 679.918 3.000
I_34 0.000 777.529 3.000
T_35 -4.441 -90.974 3.000
L_36 0.000 679.918 3.000
I_37 0.000 777.529 3.000
L_38 0.000 679.918 0.000
A_39 0.000 185.740 0.000
V_40 0.000 613.196 0.000
L_41 0.000 679.918 0.000
L_42 0.000 679.918 4.000
A_43 0.000 185.740 6.000
E_44 -14.591 -605.239 6.000
Y_45 -8.431 -274.939 6.000
L_46 0.000 679.918 6.000
I_47 0.000 777.529 2.000
G_48 0.000 -27.649 0.000
I_49 0.000 777.529 0.000
I_50 0.000 777.529 4.000
A_51 0.000 185.740 4.000
N_52 -7.878 -507.047 4.000
G_53 0.000 -27.649 4.000
F_54 0.000 560.542 4.000
I_55 0.000 777.529 0.000
M_56 0.000 401.769 0.000
A_57 0.000 185.740 2.000
I_58 0.000 777.529 2.000
H_59 -1.718 -583.484 2.000
A_60 0.000 185.740 6.000
A_61 0.000 185.740 7.000
E_62 -11.867 -605.239 5.000
W_63 -5.447 -203.500 9.000
V_64 0.000 613.196 13.000
Q_65 -23.258 -643.904 12.000
N_66 -22.253 -507.047 11.000
K_67 -17.098 -818.649 11.000
A_68 0.000 185.740 10.000
V_69 0.000 613.196 9.000
S_70 -15.425 -90.060 9.000
T_71 -15.425 -90.974 9.000
S_72 -19.059 -90.060 14.000
G_73 0.000 -27.649 11.000
R_74 -21.845 -1015.709 8.000
I_75 0.000 777.529 5.000
L_76 0.000 679.918 5.000
V_77 0.000 613.196 0.000
F_78 0.000 560.542 3.000
L_79 0.000 679.918 3.000
S_80 -11.867 -90.060 6.000
V_81 0.000 613.196 11.000
S_82 -17.098 -90.060 11.000
R_83 -21.845 -1015.709 8.000
I_84 0.000 777.529 8.000
A_85 0.000 185.740 9.000
L_86 0.000 679.918 7.000
Q_87 -16.691 -643.904 7.000
S_88 -13.255 -90.060 7.000
L_89 0.000 679.918 7.000
M_90 0.000 401.769 3.000
M_91 0.000 401.769 4.000
L_92 0.000 679.918 4.000
E_93 -16.691 -605.239 7.000
I_94 0.000 777.529 7.000
T_95 -16.309 -90.974 10.000
I_96 0.000 777.529 9.000
S_97 -17.811 -90.060 12.000
S_98 -17.811 -90.060 12.000
T_99 -17.811 -90.974 12.000
S_100 -17.811 -90.060 12.000
L_101 0.000 679.918 9.000
S_102 -14.420 -90.060 8.000
F_103 0.000 560.542 8.000
Y_104 -12.104 -274.939 12.000
S_105 -18.462 -90.060 13.000
E_106 -24.169 -605.239 13.000
D_107 -22.253 -475.402 11.000
A_108 0.000 185.740 10.000
V_109 0.000 613.196 8.000
Y_110 -6.160 -274.939 4.000
Y_111 -6.160 -274.939 4.000
A_112 0.000 185.740 7.000
F_113 0.000 560.542 5.000
K_114 -11.867 -818.649 6.000
I_115 0.000 777.529 6.000
S_116 -11.867 -90.060 6.000
F_117 0.000 560.542 3.000
I_118 0.000 777.529 3.000
F_119 0.000 560.542 4.000
L_120 0.000 679.918 4.000
N_121 -7.878 -507.047 4.000
F_122 0.000 560.542 7.000
C_123 0.000 322.480 7.000
S_124 -7.878 -90.060 4.000
L_125 0.000 679.918 4.000
W_126 -3.436 -203.500 4.000
F_127 0.000 560.542 1.000
A_128 0.000 185.740 2.000
A_129 0.000 185.740 1.000
W_130 -3.436 -203.500 4.000
L_131 0.000 679.918 4.000
S_132 -7.878 -90.060 4.000
F_133 0.000 560.542 5.000
F_134 0.000 560.542 5.000
Y_135 -1.718 -274.939 2.000
F_136 0.000 560.542 5.000
V_137 0.000 613.196 5.000
K_138 -4.441 -818.649 3.000
I_139 0.000 777.529 7.000
A_140 0.000 185.740 7.000
N_141 -16.691 -507.047 7.000
F_142 0.000 560.542 9.000
S_143 -15.425 -90.060 9.000
Y_144 -7.426 -274.939 5.000
P_145 0.000 -195.996 5.000
L_146 0.000 679.918 2.000
F_147 0.000 560.542 3.000
L_148 0.000 679.918 3.000
K_149 -14.420 -818.649 8.000
L_150 0.000 679.918 9.000
R_151 -30.711 -1015.709 14.000
W_152 -5.944 -203.500 11.000
R_153 -30.711 -1015.709 14.000
I_154 0.000 777.529 9.000
T_155 -14.420 -90.974 8.000
G_156 0.000 -27.649 3.000
L_157 0.000 679.918 3.000
I_158 0.000 777.529 1.000
P_159 0.000 -195.996 1.000
W_160 -0.000 -203.500 1.000
L_161 0.000 679.918 2.000
L_162 0.000 679.918 2.000
W_163 -3.436 -203.500 4.000
L_164 0.000 679.918 4.000
S_165 -7.878 -90.060 4.000
V_166 0.000 613.196 3.000
F_167 0.000 560.542 6.000
I_168 0.000 777.529 3.000
S_169 -11.867 -90.060 6.000
F_170 0.000 560.542 8.000
S_171 -17.098 -90.060 11.000
H_172 -9.978 -583.484 8.000
S_173 -14.420 -90.060 8.000
M_174 0.000 401.769 5.000
F_175 0.000 560.542 3.000
C_176 0.000 322.480 4.000
I_177 0.000 777.529 4.000
N_178 -7.878 -507.047 4.000
I_179 0.000 777.529 7.000
C_180 0.000 322.480 7.000
T_181 -10.149 -90.974 5.000
V_182 0.000 613.196 5.000
Y_183 -10.601 -274.939 9.000
C_184 0.000 322.480 10.000
N_185 -24.169 -507.047 13.000
N_186 -22.253 -507.047 11.000
S_187 -17.098 -90.060 11.000
F_188 0.000 560.542 7.000
P_189 0.000 -195.996 5.000
I_190 0.000 777.529 5.000
H_191 -9.978 -583.484 8.000
S_192 -17.811 -90.060 12.000
S_193 -19.613 -90.060 15.000
N_194 -26.485 -507.047 16.000
S_195 -20.127 -90.060 16.000
T_196 -20.127 -90.974 16.000
K_197 -19.613 -818.649 15.000
K_198 -19.059 -818.649 14.000
T_199 -17.098 -90.974 11.000
Y_200 -11.652 -274.939 11.000
L_201 0.000 679.918 12.000
S_202 -15.425 -90.060 9.000
E_203 -22.253 -605.239 11.000
I_204 0.000 777.529 11.000
N_205 -18.409 -507.047 8.000
V_206 0.000 613.196 4.000
V_207 0.000 613.196 4.000
G_208 0.000 -27.649 0.000
L_209 0.000 679.918 0.000
A_210 0.000 185.740 0.000
F_211 0.000 560.542 0.000
F_212 0.000 560.542 4.000
F_213 0.000 560.542 4.000
N_214 -7.878 -507.047 4.000
L_215 0.000 679.918 4.000
G_216 0.000 -27.649 4.000
I_217 0.000 777.529 3.000
V_218 0.000 613.196 3.000
T_219 -4.441 -90.974 3.000
P_220 0.000 -195.996 3.000
L_221 0.000 679.918 3.000
I_222 0.000 777.529 0.000
M_223 0.000 401.769 0.000
F_224 0.000 560.542 0.000
I_225 0.000 777.529 3.000
L_226 0.000 679.918 3.000
T_227 -11.867 -90.974 6.000
A_228 0.000 185.740 6.000
T_229 -11.867 -90.974 6.000
L_230 0.000 679.918 3.000
L_231 0.000 679.918 3.000
I_232 0.000 777.529 3.000
L_233 0.000 679.918 3.000
S_234 -11.867 -90.060 6.000
L_235 0.000 679.918 11.000
K_236 -18.462 -818.649 13.000
R_237 -29.616 -1015.709 13.000
H_238 -12.518 -583.484 13.000
T_239 -17.811 -90.974 12.000
L_240 0.000 679.918 7.000
H_241 -7.426 -583.484 5.000
M_242 0.000 401.769 5.000
G_243 0.000 -27.649 9.000
S_244 -13.255 -90.060 7.000
N_245 -21.132 -507.047 10.000
A_246 0.000 185.740 10.000
T_247 -16.309 -90.974 10.000
G_248 0.000 -27.649 10.000
S_249 -19.059 -90.060 14.000
N_250 -22.253 -507.047 11.000
D_251 -25.003 -475.402 14.000
P_252 0.000 -195.996 11.000
S_253 -17.098 -90.060 11.000
M_254 0.000 401.769 7.000
E_255 -19.866 -605.239 9.000
A_256 0.000 185.740 6.000
H_257 -8.431 -583.484 6.000
M_258 0.000 401.769 2.000
G_259 0.000 -27.649 2.000
A_260 0.000 185.740 3.000
I_261 0.000 777.529 3.000
K_262 -4.441 -818.649 3.000
A_263 0.000 185.740 6.000
I_264 0.000 777.529 8.000
S_265 -10.149 -90.060 5.000
Y_266 -7.426 -274.939 5.000
F_267 0.000 560.542 5.000
L_268 0.000 679.918 2.000
I_269 0.000 777.529 2.000
L_270 0.000 679.918 2.000
Y_271 -1.718 -274.939 2.000
I_272 0.000 777.529 6.000
F_273 0.000 560.542 6.000
N_274 -7.878 -507.047 4.000
A_275 0.000 185.740 4.000
V_276 0.000 613.196 4.000
A_277 0.000 185.740 0.000
L_278 0.000 679.918 0.000
F_279 0.000 560.542 2.000
I_280 0.000 777.529 2.000
Y_281 -7.426 -274.939 5.000
L_282 0.000 679.918 9.000
S_283 -15.425 -90.060 9.000
N_284 -16.691 -507.047 7.000
M_285 0.000 401.769 11.000
F_286 0.000 560.542 8.000
D_287 -18.409 -475.402 8.000
I_288 0.000 777.529 11.000
N_289 -22.253 -507.047 11.000
S_290 -14.420 -90.060 8.000
L_291 0.000 679.918 12.000
W_292 -6.160 -203.500 12.000
N_293 -19.866 -507.047 9.000
N_294 -19.866 -507.047 9.000
L_295 0.000 679.918 12.000
C_296 0.000 322.480 8.000
Q_297 -7.878 -643.904 4.000
I_298 0.000 777.529 4.000
I_299 0.000 777.529 4.000
M_300 0.000 401.769 0.000
A_301 0.000 185.740 2.000
A_302 0.000 185.740 2.000
Y_303 -1.718 -274.939 2.000
P_304 0.000 -195.996 5.000
A_305 0.000 185.740 7.000
S_306 -14.420 -90.060 8.000
H_307 -9.978 -583.484 8.000
S_308 -14.420 -90.060 8.000
I_309 0.000 777.529 5.000
L_310 0.000 679.918 3.000
L_311 0.000 679.918 4.000
I_312 0.000 777.529 8.000
Q_313 -23.258 -643.904 12.000
D_314 -23.258 -475.402 12.000
N_315 -23.258 -507.047 12.000
P_316 0.000 -195.996 8.000
G_317 0.000 -27.649 9.000
L_318 0.000 679.918 10.000
R_319 -25.574 -1015.709 10.000
R_320 -27.076 -1015.709 11.000
A_321 0.000 185.740 14.000
W_322 -6.542 -203.500 14.000
K_323 -15.425 -818.649 9.000
R_324 -29.616 -1015.709 13.000
L_325 0.000 679.918 12.000
Q_326 -25.003 -643.904 14.000
L_327 0.000 679.918 9.000
R_328 -27.076 -1015.709 11.000
L_329 0.000 679.918 7.000
H_330 -10.601 -583.484 9.000
L_331 0.000 679.918 4.000
Y_332 -9.265 -274.939 7.000
P_333 0.000 -195.996 9.000
K_334 -16.309 -818.649 10.000
E_335 -22.253 -605.239 11.000
W_336 -5.944 -203.500 11.000
T_337 -14.420 -90.974 8.000
L_338 0.000 679.918 4.000
