M_1 0.000 401.769 8.000
E_2 -21.132 -605.239 10.000
D_3 -25.003 -475.402 14.000
H_4 -13.586 -583.484 16.000
Q_5 -23.258 -643.904 12.000
H_6 -9.978 -583.484 8.000
V_7 0.000 613.196 6.000
P_8 0.000 -195.996 6.000
I_9 0.000 777.529 4.000
D_10 -18.409 -475.402 8.000
I_11 0.000 777.529 11.000
Q_12 -25.003 -643.904 14.000
T_13 -18.462 -90.974 13.000
S_14 -18.462 -90.060 13.000
K_15 -15.425 -818.649 9.000
L_16 0.000 679.918 10.000
L_17 0.000 679.918 8.000
D_18 -11.867 -475.402 5.000
W_19 -3.990 -203.500 5.000
L_20 0.000 679.918 9.000
V_21 0.000 613.196 10.000
D_22 -25.003 -475.402 14.000
R_23 -32.645 -1015.709 16.000
R_24 -32.645 -1015.709 16.000
H_25 -13.255 -583.484 15.000
C_26 0.000 322.480 10.000
S_27 -14.420 -90.060 8.000
L_28 0.000 679.918 7.000
K_29 -17.098 -818.649 11.000
W_30 -5.944 -203.500 11.000
Q_31 -22.253 -643.904 11.000
S_32 -14.420 -90.060 8.000
L_33 0.000 679.918 7.000
V_34 0.000 613.196 6.000
L_35 0.000 679.918 3.000
T_36 -14.420 -90.974 8.000
I_37 0.000 777.529 12.000
R_38 -31.716 -1015.709 15.000
E_39 -23.258 -605.239 12.000
K_40 -20.127 -818.649 16.000
I_41 0.000 777.529 11.000
N_42 -16.691 -507.047 7.000
A_43 0.000 185.740 4.000
A_44 0.000 185.740 8.000
I_45 0.000 777.529 8.000
Q_46 -18.409 -643.904 8.000
D_47 -18.409 -475.402 8.000
M_48 0.000 401.769 12.000
P_49 0.000 -195.996 11.000
E_50 -22.253 -605.239 11.000
S_51 -19.613 -90.060 15.000
E_52 -25.772 -605.239 15.000
E_53 -22.253 -605.239 11.000
I_54 0.000 777.529 12.000
A_55 0.000 185.740 8.000
Q_56 -7.878 -643.904 4.000
L_57 0.000 679.918 7.000
L_58 0.000 679.918 7.000
S_59 -11.867 -90.060 6.000
G_60 0.000 -27.649 8.000
S_61 -14.420 -90.060 8.000
Y_62 -9.265 -274.939 7.000
I_63 0.000 777.529 9.000
H_64 -8.431 -583.484 6.000
Y_65 -8.431 -274.939 6.000
F_66 0.000 560.542 6.000
H_67 -6.160 -583.484 4.000
C_68 0.000 322.480 7.000
L_69 0.000 679.918 7.000
R_70 -11.867 -1015.709 5.000
I_71 0.000 777.529 9.000
L_72 0.000 679.918 9.000
D_73 -7.878 -475.402 4.000
L_74 0.000 679.918 7.000
L_75 0.000 679.918 7.000
K_76 -11.867 -818.649 6.000
G_77 0.000 -27.649 10.000
T_78 -16.309 -90.974 10.000
E_79 -21.132 -605.239 10.000
A_80 0.000 185.740 13.000
S_81 -18.462 -90.060 13.000
T_82 -18.462 -90.974 13.000
K_83 -18.462 -818.649 13.000
N_84 -21.132 -507.047 10.000
I_85 0.000 777.529 7.000
F_86 0.000 560.542 9.000
G_87 0.000 -27.649 7.000
R_88 -25.574 -1015.709 10.000
Y_89 -12.518 -274.939 13.000
S_90 -20.609 -90.060 17.000
S_91 -20.609 -90.060 17.000
Q_92 -25.772 -643.904 15.000
R_93 -31.716 -1015.709 15.000
M_94 0.000 401.769 16.000
K_95 -18.462 -818.649 13.000
D_96 -23.258 -475.402 12.000
W_97 -6.873 -203.500 16.000
Q_98 -24.169 -643.904 13.000
E_99 -19.866 -605.239 9.000
I_100 0.000 777.529 8.000
I_101 0.000 777.529 4.000
A_102 0.000 185.740 2.000
L_103 0.000 679.918 6.000
Y_104 -10.601 -274.939 9.000
E_105 -24.169 -605.239 13.000
K_106 -20.609 -818.649 17.000
D_107 -27.773 -475.402 18.000
N_108 -26.485 -507.047 16.000
T_109 -18.462 -90.974 13.000
Y_110 -10.601 -274.939 9.000
L_111 0.000 679.918 9.000
V_112 0.000 613.196 6.000
E_113 -16.691 -605.239 7.000
L_114 0.000 679.918 10.000
S_115 -16.309 -90.060 10.000
S_116 -11.867 -90.060 6.000
L_117 0.000 679.918 6.000
L_118 0.000 679.918 8.000
V_119 0.000 613.196 9.000
R_120 -23.856 -1015.709 9.000
N_121 -24.169 -507.047 13.000
V_122 0.000 613.196 15.000
N_123 -25.003 -507.047 14.000
Y_124 -11.154 -274.939 10.000
E_125 -21.132 -605.239 10.000
I_126 0.000 777.529 9.000
P_127 0.000 -195.996 7.000
S_128 -11.867 -90.060 6.000
L_129 0.000 679.918 9.000
K_130 -18.462 -818.649 13.000
K_131 -16.309 -818.649 10.000
Q_132 -21.132 -643.904 10.000
I_133 0.000 777.529 10.000
A_134 0.000 185.740 7.000
K_135 -13.255 -818.649 7.000
C_136 0.000 322.480 11.000
Q_137 -22.253 -643.904 11.000
Q_138 -23.258 -643.904 12.000
L_139 0.000 679.918 16.000
Q_140 -26.485 -643.904 16.000
Q_141 -25.003 -643.904 14.000
E_142 -27.150 -605.239 17.000
Y_143 -14.188 -274.939 18.000
S_144 -20.609 -90.060 17.000
R_145 -33.508 -1015.709 17.000
K_146 -21.486 -818.649 19.000
E_147 -28.912 -605.239 20.000
E_148 -25.772 -605.239 15.000
E_149 -26.485 -605.239 16.000
C_150 0.000 322.480 12.000
Q_151 -18.409 -643.904 8.000
A_152 0.000 185.740 4.000
G_153 0.000 -27.649 4.000
A_154 0.000 185.740 4.000
A_155 0.000 185.740 4.000
E_156 -19.866 -605.239 9.000
M_157 0.000 401.769 13.000
R_158 -33.508 -1015.709 17.000
E_159 -24.169 -605.239 13.000
Q_160 -25.772 -643.904 15.000
F_161 0.000 560.542 12.000
Y_162 -11.652 -274.939 11.000
H_163 -9.265 -583.484 7.000
S_164 -16.309 -90.060 10.000
C_165 0.000 322.480 12.000
K_166 -17.811 -818.649 12.000
Q_167 -19.866 -643.904 9.000
Y_168 -10.601 -274.939 9.000
G_169 0.000 -27.649 9.000
I_170 0.000 777.529 5.000
T_171 -13.255 -90.974 7.000
G_172 0.000 -27.649 11.000
E_173 -22.253 -605.239 11.000
N_174 -24.169 -507.047 13.000
V_175 0.000 613.196 13.000
R_176 -29.616 -1015.709 13.000
G_177 0.000 -27.649 9.000
E_178 -19.866 -605.239 9.000
L_179 0.000 679.918 4.000
L_180 0.000 679.918 4.000
A_181 0.000 185.740 0.000
L_182 0.000 679.918 3.000
V_183 0.000 613.196 7.000
K_184 -13.255 -818.649 7.000
D_185 -16.691 -475.402 7.000
L_186 0.000 679.918 10.000
P_187 0.000 -195.996 11.000
S_188 -13.255 -90.060 7.000
Q_189 -16.691 -643.904 7.000
L_190 0.000 679.918 11.000
A_191 0.000 185.740 8.000
E_192 -7.878 -605.239 4.000
I_193 0.000 777.529 4.000
G_194 0.000 -27.649 4.000
A_195 0.000 185.740 0.000
A_196 0.000 185.740 4.000
A_197 0.000 185.740 8.000
Q_198 -22.253 -643.904 11.000
Q_199 -22.253 -643.904 11.000
S_200 -17.098 -90.060 11.000
L_201 0.000 679.918 11.000
G_202 0.000 -27.649 7.000
E_203 -7.878 -605.239 4.000
A_204 0.000 185.740 8.000
I_205 0.000 777.529 8.000
D_206 -14.591 -475.402 6.000
V_207 0.000 613.196 10.000
Y_208 -11.154 -274.939 10.000
Q_209 -19.866 -643.904 9.000
A_210 0.000 185.740 9.000
S_211 -13.255 -90.060 7.000
V_212 0.000 613.196 3.000
G_213 0.000 -27.649 3.000
F_214 0.000 560.542 0.000
V_215 0.000 613.196 4.000
C_216 0.000 322.480 7.000
E_217 -16.691 -605.239 7.000
S_218 -16.309 -90.060 10.000
P_219 0.000 -195.996 14.000
T_220 -19.059 -90.974 14.000
E_221 -22.253 -605.239 11.000
Q_222 -22.253 -643.904 11.000
V_223 0.000 613.196 8.000
L_224 0.000 679.918 4.000
P_225 0.000 -195.996 0.000
M_226 0.000 401.769 5.000
L_227 0.000 679.918 5.000
R_228 -11.867 -1015.709 5.000
F_229 0.000 560.542 9.000
V_230 0.000 613.196 12.000
Q_231 -23.258 -643.904 12.000
K_232 -17.811 -818.649 12.000
R_233 -32.645 -1015.709 16.000
G_234 0.000 -27.649 15.000
N_235 -25.772 -507.047 15.000
S_236 -16.309 -90.060 10.000
T_237 -17.811 -90.974 12.000
V_238 0.000 613.196 12.000
Y_239 -11.154 -274.939 10.000
E_240 -23.258 -605.239 12.000
W_241 -6.713 -203.500 15.000
R_242 -29.616 -1015.709 13.000
T_243 -17.811 -90.974 12.000
G_244 0.000 -27.649 15.000
T_245 -16.309 -90.974 10.000
E_246 -21.132 -605.239 10.000
P_247 0.000 -195.996 10.000
S_248 -13.255 -90.060 7.000
V_249 0.000 613.196 7.000
V_250 0.000 613.196 12.000
E_251 -19.866 -605.239 9.000
R_252 -27.076 -1015.709 11.000
P_253 0.000 -195.996 11.000
H_254 -11.652 -583.484 11.000
L_255 0.000 679.918 10.000
E_256 -21.132 -605.239 10.000
E_257 -18.409 -605.239 8.000
L_258 0.000 679.918 12.000
P_259 0.000 -195.996 12.000
E_260 -18.409 -605.239 8.000
Q_261 -18.409 -643.904 8.000
V_262 0.000 613.196 12.000
A_263 0.000 185.740 12.000
E_264 -18.409 -605.239 8.000
D_265 -18.409 -475.402 8.000
A_266 0.000 185.740 12.000
I_267 0.000 777.529 9.000
D_268 -11.867 -475.402 5.000
W_269 -5.447 -203.500 9.000
G_270 0.000 -27.649 9.000
D_271 -11.867 -475.402 5.000
F_272 0.000 560.542 4.000
G_273 0.000 -27.649 8.000
V_274 0.000 613.196 4.000
E_275 -7.878 -605.239 4.000
A_276 0.000 185.740 7.000
V_277 0.000 613.196 11.000
S_278 -13.255 -90.060 7.000
E_279 -21.132 -605.239 10.000
G_280 0.000 -27.649 14.000
T_281 -19.059 -90.974 14.000
D_282 -21.132 -475.402 10.000
S_283 -16.309 -90.060 10.000
G_284 0.000 -27.649 10.000
I_285 0.000 777.529 6.000
S_286 -13.255 -90.060 7.000
A_287 0.000 185.740 7.000
E_288 -16.691 -605.239 7.000
A_289 0.000 185.740 4.000
A_290 0.000 185.740 4.000
G_291 0.000 -27.649 4.000
I_292 0.000 777.529 5.000
D_293 -11.867 -475.402 5.000
W_294 -3.990 -203.500 5.000
G_295 0.000 -27.649 5.000
I_296 0.000 777.529 1.000
F_297 0.000 560.542 4.000
P_298 0.000 -195.996 7.000
E_299 -22.253 -605.239 11.000
S_300 -19.059 -90.060 14.000
D_301 -27.150 -475.402 17.000
S_302 -20.609 -90.060 17.000
K_303 -19.059 -818.649 14.000
D_304 -21.132 -475.402 10.000
P_305 0.000 -195.996 7.000
G_306 0.000 -27.649 8.000
G_307 0.000 -27.649 4.000
D_308 -7.878 -475.402 4.000
G_309 0.000 -27.649 8.000
I_310 0.000 777.529 9.000
D_311 -11.867 -475.402 5.000
W_312 -5.447 -203.500 9.000
G_313 0.000 -27.649 13.000
D_314 -19.866 -475.402 9.000
D_315 -18.409 -475.402 8.000
A_316 0.000 185.740 8.000
V_317 0.000 613.196 4.000
A_318 0.000 185.740 4.000
L_319 0.000 679.918 4.000
Q_320 -16.691 -643.904 7.000
I_321 0.000 777.529 7.000
T_322 -13.255 -90.974 7.000
V_323 0.000 613.196 7.000
L_324 0.000 679.918 7.000
E_325 -7.878 -605.239 4.000
A_326 0.000 185.740 7.000
G_327 0.000 -27.649 11.000
T_328 -13.255 -90.974 7.000
Q_329 -16.691 -643.904 7.000
A_330 0.000 185.740 11.000
P_331 0.000 -195.996 8.000
E_332 -7.878 -605.239 4.000
G_333 0.000 -27.649 4.000
V_334 0.000 613.196 9.000
A_335 0.000 185.740 5.000
R_336 -11.867 -1015.709 5.000
G_337 0.000 -27.649 9.000
P_338 0.000 -195.996 9.000
D_339 -7.878 -475.402 4.000
A_340 0.000 185.740 7.000
L_341 0.000 679.918 7.000
T_342 -4.441 -90.974 3.000
L_343 0.000 679.918 7.000
L_344 0.000 679.918 9.000
E_345 -19.866 -605.239 9.000
Y_346 -12.518 -274.939 13.000
T_347 -20.127 -90.974 16.000
E_348 -27.150 -605.239 17.000
T_349 -21.486 -90.974 19.000
R_350 -35.785 -1015.709 20.000
N_351 -26.485 -507.047 16.000
Q_352 -24.169 -643.904 13.000
F_353 0.000 560.542 12.000
L_354 0.000 679.918 12.000
D_355 -18.409 -475.402 8.000
E_356 -18.409 -605.239 8.000
L_357 0.000 679.918 12.000
M_358 0.000 401.769 8.000
E_359 -18.409 -605.239 8.000
L_360 0.000 679.918 8.000
E_361 -18.409 -605.239 8.000
I_362 0.000 777.529 4.000
F_363 0.000 560.542 4.000
L_364 0.000 679.918 4.000
A_365 0.000 185.740 9.000
Q_366 -19.866 -643.904 9.000
R_367 -23.856 -1015.709 9.000
A_368 0.000 185.740 13.000
V_369 0.000 613.196 9.000
E_370 -16.691 -605.239 7.000
L_371 0.000 679.918 11.000
S_372 -19.613 -90.060 15.000
E_373 -22.253 -605.239 11.000
E_374 -25.772 -605.239 15.000
A_375 0.000 185.740 12.000
D_376 -18.409 -475.402 8.000
V_377 0.000 613.196 7.000
L_378 0.000 679.918 7.000
S_379 -11.867 -90.060 6.000
V_380 0.000 613.196 10.000
S_381 -16.309 -90.060 10.000
Q_382 -22.253 -643.904 11.000
F_383 0.000 560.542 11.000
Q_384 -18.409 -643.904 8.000
L_385 0.000 679.918 4.000
A_386 0.000 185.740 4.000
P_387 0.000 -195.996 0.000
A_388 0.000 185.740 0.000
I_389 0.000 777.529 4.000
L_390 0.000 679.918 4.000
Q_391 -18.409 -643.904 8.000
G_392 0.000 -27.649 11.000
Q_393 -25.003 -643.904 14.000
T_394 -19.059 -90.974 14.000
K_395 -20.609 -818.649 17.000
E_396 -24.169 -605.239 13.000
K_397 -16.309 -818.649 10.000
M_398 0.000 401.769 10.000
V_399 0.000 613.196 6.000
T_400 -4.441 -90.974 3.000
M_401 0.000 401.769 6.000
V_402 0.000 613.196 6.000
S_403 -4.441 -90.060 3.000
V_404 0.000 613.196 7.000
L_405 0.000 679.918 11.000
E_406 -18.409 -605.239 8.000
D_407 -18.409 -475.402 8.000
L_408 0.000 679.918 8.000
I_409 0.000 777.529 7.000
G_410 0.000 -27.649 3.000
K_411 -11.867 -818.649 6.000
L_412 0.000 679.918 9.000
T_413 -15.425 -90.974 9.000
S_414 -16.309 -90.060 10.000
L_415 0.000 679.918 10.000
Q_416 -22.253 -643.904 11.000
L_417 0.000 679.918 10.000
Q_418 -21.132 -643.904 10.000
H_419 -8.431 -583.484 6.000
L_420 0.000 679.918 6.000
F_421 0.000 560.542 2.000
M_422 0.000 401.769 0.000
I_423 0.000 777.529 0.000
L_424 0.000 679.918 3.000
A_425 0.000 185.740 3.000
S_426 -14.420 -90.060 8.000
P_427 0.000 -195.996 10.000
R_428 -25.574 -1015.709 10.000
Y_429 -11.652 -274.939 11.000
V_430 0.000 613.196 16.000
D_431 -22.253 -475.402 11.000
R_432 -28.412 -1015.709 12.000
V_433 0.000 613.196 16.000
T_434 -17.811 -90.974 12.000
E_435 -16.691 -605.239 7.000
F_436 0.000 560.542 11.000
L_437 0.000 679.918 12.000
Q_438 -22.253 -643.904 11.000
Q_439 -22.253 -643.904 11.000
K_440 -19.059 -818.649 14.000
L_441 0.000 679.918 14.000
K_442 -18.462 -818.649 13.000
Q_443 -25.003 -643.904 14.000
S_444 -19.059 -90.060 14.000
Q_445 -22.253 -643.904 11.000
L_446 0.000 679.918 7.000
L_447 0.000 679.918 4.000
A_448 0.000 185.740 3.000
L_449 0.000 679.918 6.000
K_450 -16.309 -818.649 10.000
K_451 -16.309 -818.649 10.000
E_452 -21.132 -605.239 10.000
L_453 0.000 679.918 7.000
M_454 0.000 401.769 8.000
V_455 0.000 613.196 7.000
Q_456 -22.253 -643.904 11.000
K_457 -19.613 -818.649 15.000
Q_458 -28.359 -643.904 19.000
Q_459 -25.772 -643.904 15.000
E_460 -23.258 -605.239 12.000
A_461 0.000 185.740 12.000
L_462 0.000 679.918 12.000
E_463 -23.258 -605.239 12.000
E_464 -23.258 -605.239 12.000
Q_465 -23.258 -643.904 12.000
A_466 0.000 185.740 8.000
A_467 0.000 185.740 8.000
L_468 0.000 679.918 4.000
E_469 -16.691 -605.239 7.000
P_470 0.000 -195.996 7.000
K_471 -17.098 -818.649 11.000
L_472 0.000 679.918 7.000
D_473 -16.691 -475.402 7.000
L_474 0.000 679.918 4.000
L_475 0.000 679.918 8.000
L_476 0.000 679.918 7.000
E_477 -21.132 -605.239 10.000
K_478 -18.462 -818.649 13.000
T_479 -20.609 -90.974 17.000
K_480 -18.462 -818.649 13.000
E_481 -25.003 -605.239 14.000
L_482 0.000 679.918 14.000
Q_483 -22.253 -643.904 11.000
K_484 -13.255 -818.649 7.000
L_485 0.000 679.918 11.000
I_486 0.000 777.529 7.000
E_487 -18.409 -605.239 8.000
A_488 0.000 185.740 8.000
D_489 -22.253 -475.402 11.000
I_490 0.000 777.529 10.000
S_491 -19.613 -90.060 15.000
K_492 -18.462 -818.649 13.000
R_493 -32.645 -1015.709 16.000
Y_494 -12.518 -274.939 13.000
S_495 -19.613 -90.060 15.000
G_496 0.000 -27.649 10.000
R_497 -21.845 -1015.709 8.000
P_498 0.000 -195.996 9.000
V_499 0.000 613.196 9.000
N_500 -7.878 -507.047 4.000
L_501 0.000 679.918 4.000
M_502 0.000 401.769 7.000
G_503 0.000 -27.649 6.000
T_504 -11.867 -90.974 6.000
S_505 -11.867 -90.060 6.000
L_506 0.000 679.918 6.000
