M_1 0.000 401.769 8.000
R_2 -28.412 -1015.709 12.000
K_3 -17.811 -818.649 12.000
Q_4 -23.258 -643.904 12.000
G_5 0.000 -27.649 10.000
V_6 0.000 613.196 10.000
S_7 -15.425 -90.060 9.000
S_8 -19.059 -90.060 14.000
K_9 -19.059 -818.649 14.000
R_10 -31.716 -1015.709 15.000
L_11 0.000 679.918 15.000
Q_12 -25.772 -643.904 15.000
S_13 -16.309 -90.060 10.000
S_14 -19.613 -90.060 15.000
G_15 0.000 -27.649 14.000
R_16 -31.716 -1015.709 15.000
S_17 -19.613 -90.060 15.000
Q_18 -27.773 -643.904 18.000
S_19 -18.462 -90.060 13.000
K_20 -19.613 -818.649 15.000
G_21 0.000 -27.649 16.000
R_22 -29.616 -1015.709 13.000
R_23 -25.574 -1015.709 10.000
G_24 0.000 -27.649 13.000
A_25 0.000 185.740 8.000
S_26 -4.441 -90.060 3.000
L_27 0.000 679.918 8.000
A_28 0.000 185.740 12.000
R_29 -23.856 -1015.709 9.000
E_30 -24.169 -605.239 13.000
P_31 0.000 -195.996 13.000
E_32 -23.258 -605.239 12.000
V_33 0.000 613.196 12.000
E_34 -26.485 -605.239 16.000
E_35 -23.258 -605.239 12.000
E_36 -26.485 -605.239 16.000
M_37 0.000 401.769 15.000
E_38 -25.003 -605.239 14.000
K_39 -16.309 -818.649 10.000
S_40 -16.309 -90.060 10.000
A_41 0.000 185.740 6.000
L_42 0.000 679.918 3.000
G_43 0.000 -27.649 0.000
G_44 0.000 -27.649 3.000
G_45 0.000 -27.649 3.000
K_46 -4.441 -818.649 3.000
L_47 0.000 679.918 8.000
P_48 0.000 -195.996 8.000
R_49 -21.845 -1015.709 8.000
G_50 0.000 -27.649 9.000
S_51 -19.059 -90.060 14.000
W_52 -6.160 -203.500 12.000
R_53 -31.716 -1015.709 15.000
S_54 -17.811 -90.060 12.000
S_55 -17.098 -90.060 11.000
P_56 0.000 -195.996 11.000
G_57 0.000 -27.649 8.000
R_58 -23.856 -1015.709 9.000
I_59 0.000 777.529 12.000
Q_60 -23.258 -643.904 12.000
S_61 -16.309 -90.060 10.000
L_62 0.000 679.918 14.000
K_63 -19.613 -818.649 15.000
E_64 -25.772 -605.239 15.000
R_65 -31.716 -1015.709 15.000
K_66 -17.811 -818.649 12.000
G_67 0.000 -27.649 12.000
L_68 0.000 679.918 7.000
E_69 -18.409 -605.239 8.000
L_70 0.000 679.918 8.000
E_71 -18.409 -605.239 8.000
V_72 0.000 613.196 4.000
V_73 0.000 613.196 7.000
A_74 0.000 185.740 6.000
K_75 -11.867 -818.649 6.000
T_76 -11.867 -90.974 6.000
F_77 0.000 560.542 6.000
L_78 0.000 679.918 3.000
L_79 0.000 679.918 0.000
G_80 0.000 -27.649 0.000
P_81 0.000 -195.996 4.000
F_82 0.000 560.542 4.000
Q_83 -7.878 -643.904 4.000
F_84 0.000 560.542 9.000
V_85 0.000 613.196 13.000
R_86 -28.412 -1015.709 12.000
N_87 -23.258 -507.047 12.000
S_88 -17.811 -90.060 12.000
L_89 0.000 679.918 11.000
A_90 0.000 185.740 7.000
Q_91 -19.866 -643.904 9.000
L_92 0.000 679.918 13.000
R_93 -32.645 -1015.709 16.000
E_94 -23.258 -605.239 12.000
K_95 -20.127 -818.649 16.000
V_96 0.000 613.196 15.000
Q_97 -22.253 -643.904 11.000
E_98 -23.258 -605.239 12.000
L_99 0.000 679.918 12.000
Q_100 -24.169 -643.904 13.000
A_101 0.000 185.740 14.000
R_102 -30.711 -1015.709 14.000
R_103 -29.616 -1015.709 13.000
F_104 0.000 560.542 16.000
S_105 -20.127 -90.060 16.000
S_106 -19.059 -90.060 14.000
R_107 -33.508 -1015.709 17.000
T_108 -19.059 -90.974 14.000
T_109 -17.098 -90.974 11.000
L_110 0.000 679.918 6.000
G_111 0.000 -27.649 3.000
I_112 0.000 777.529 0.000
A_113 0.000 185.740 0.000
V_114 0.000 613.196 0.000
F_115 0.000 560.542 0.000
V_116 0.000 613.196 0.000
A_117 0.000 185.740 0.000
I_118 0.000 777.529 2.000
L_119 0.000 679.918 3.000
H_120 -4.441 -583.484 3.000
W_121 -3.990 -203.500 5.000
L_122 0.000 679.918 5.000
H_123 -4.441 -583.484 3.000
L_124 0.000 679.918 5.000
V_125 0.000 613.196 5.000
T_126 -4.441 -90.974 3.000
L_127 0.000 679.918 7.000
F_128 0.000 560.542 11.000
E_129 -23.258 -605.239 12.000
N_130 -27.150 -507.047 17.000
D_131 -28.359 -475.402 19.000
R_132 -31.716 -1015.709 15.000
H_133 -12.900 -583.484 14.000
F_134 0.000 560.542 12.000
S_135 -13.255 -90.060 7.000
H_136 -9.978 -583.484 8.000
L_137 0.000 679.918 11.000
S_138 -14.420 -90.060 8.000
S_139 -16.309 -90.060 10.000
L_140 0.000 679.918 15.000
E_141 -26.485 -605.239 16.000
R_142 -29.616 -1015.709 13.000
E_143 -26.485 -605.239 16.000
M_144 0.000 401.769 12.000
T_145 -17.811 -90.974 12.000
F_146 0.000 560.542 11.000
R_147 -31.716 -1015.709 15.000
T_148 -17.811 -90.974 12.000
E_149 -23.258 -605.239 12.000
M_150 0.000 401.769 7.000
G_151 0.000 -27.649 6.000
L_152 0.000 679.918 4.000
Y_153 -9.265 -274.939 7.000
Y_154 -10.601 -274.939 9.000
S_155 -15.425 -90.060 9.000
Y_156 -11.154 -274.939 10.000
F_157 0.000 560.542 11.000
K_158 -14.420 -818.649 8.000
T_159 -11.867 -90.974 6.000
I_160 0.000 777.529 10.000
I_161 0.000 777.529 7.000
E_162 -7.878 -605.239 4.000
A_163 0.000 185.740 7.000
P_164 0.000 -195.996 7.000
S_165 -4.441 -90.060 3.000
F_166 0.000 560.542 7.000
L_167 0.000 679.918 7.000
E_168 -7.878 -605.239 4.000
G_169 0.000 -27.649 5.000
L_170 0.000 679.918 5.000
W_171 -0.000 -203.500 1.000
M_172 0.000 401.769 1.000
I_173 0.000 777.529 5.000
M_174 0.000 401.769 8.000
N_175 -24.169 -507.047 13.000
D_176 -24.169 -475.402 13.000
R_177 -32.645 -1015.709 16.000
L_178 0.000 679.918 16.000
T_179 -19.059 -90.974 14.000
E_180 -19.866 -605.239 9.000
Y_181 -10.601 -274.939 9.000
P_182 0.000 -195.996 6.000
L_183 0.000 679.918 2.000
I_184 0.000 777.529 4.000
I_185 0.000 777.529 4.000
N_186 -7.878 -507.047 4.000
A_187 0.000 185.740 7.000
I_188 0.000 777.529 12.000
K_189 -14.420 -818.649 8.000
R_190 -25.574 -1015.709 10.000
F_191 0.000 560.542 10.000
H_192 -10.601 -583.484 9.000
L_193 0.000 679.918 4.000
Y_194 -9.978 -274.939 8.000
P_195 0.000 -195.996 6.000
E_196 -14.591 -605.239 6.000
V_197 0.000 613.196 4.000
I_198 0.000 777.529 4.000
I_199 0.000 777.529 3.000
A_200 0.000 185.740 4.000
S_201 -11.867 -90.060 6.000
W_202 -4.441 -203.500 6.000
Y_203 -10.601 -274.939 9.000
C_204 0.000 322.480 6.000
T_205 -10.149 -90.974 5.000
F_206 0.000 560.542 3.000
M_207 0.000 401.769 3.000
G_208 0.000 -27.649 0.000
I_209 0.000 777.529 4.000
M_210 0.000 401.769 4.000
N_211 -7.878 -507.047 4.000
L_212 0.000 679.918 4.000
F_213 0.000 560.542 4.000
G_214 0.000 -27.649 4.000
L_215 0.000 679.918 7.000
E_216 -21.132 -605.239 10.000
T_217 -18.462 -90.974 13.000
K_218 -18.462 -818.649 13.000
T_219 -16.309 -90.974 10.000
C_220 0.000 322.480 11.000
W_221 -5.155 -203.500 8.000
N_222 -18.409 -507.047 8.000
V_223 0.000 613.196 13.000
T_224 -17.811 -90.974 12.000
R_225 -28.412 -1015.709 12.000
I_226 0.000 777.529 12.000
E_227 -19.866 -605.239 9.000
P_228 0.000 -195.996 8.000
L_229 0.000 679.918 12.000
N_230 -18.409 -507.047 8.000
E_231 -23.258 -605.239 12.000
V_232 0.000 613.196 15.000
Q_233 -22.253 -643.904 11.000
S_234 -17.098 -90.060 11.000
C_235 0.000 322.480 11.000
E_236 -16.691 -605.239 7.000
G_237 0.000 -27.649 4.000
L_238 0.000 679.918 8.000
G_239 0.000 -27.649 4.000
D_240 -7.878 -475.402 4.000
P_241 0.000 -195.996 4.000
A_242 0.000 185.740 4.000
C_243 0.000 322.480 2.000
F_244 0.000 560.542 2.000
Y_245 -1.718 -274.939 2.000
V_246 0.000 613.196 2.000
G_247 0.000 -27.649 2.000
V_248 0.000 613.196 0.000
I_249 0.000 777.529 0.000
F_250 0.000 560.542 0.000
I_251 0.000 777.529 4.000
L_252 0.000 679.918 4.000
N_253 -7.878 -507.047 4.000
G_254 0.000 -27.649 4.000
L_255 0.000 679.918 4.000
M_256 0.000 401.769 0.000
M_257 0.000 401.769 0.000
G_258 0.000 -27.649 0.000
L_259 0.000 679.918 0.000
F_260 0.000 560.542 0.000
F_261 0.000 560.542 2.000
M_262 0.000 401.769 2.000
Y_263 -1.718 -274.939 2.000
G_264 0.000 -27.649 4.000
A_265 0.000 185.740 4.000
Y_266 -7.426 -274.939 5.000
L_267 0.000 679.918 5.000
S_268 -14.420 -90.060 8.000
G_269 0.000 -27.649 10.000
T_270 -16.309 -90.974 10.000
Q_271 -16.691 -643.904 7.000
L_272 0.000 679.918 7.000
G_273 0.000 -27.649 4.000
G_274 0.000 -27.649 0.000
L_275 0.000 679.918 3.000
I_276 0.000 777.529 3.000
T_277 -4.441 -90.974 3.000
V_278 0.000 613.196 3.000
L_279 0.000 679.918 3.000
C_280 0.000 322.480 0.000
F_281 0.000 560.542 0.000
F_282 0.000 560.542 4.000
F_283 0.000 560.542 6.000
N_284 -14.591 -507.047 6.000
H_285 -11.154 -583.484 10.000
G_286 0.000 -27.649 10.000
E_287 -19.866 -605.239 9.000
A_288 0.000 185.740 12.000
T_289 -17.811 -90.974 12.000
R_290 -21.845 -1015.709 8.000
V_291 0.000 613.196 9.000
M_292 0.000 401.769 9.000
W_293 -3.436 -203.500 4.000
T_294 -7.878 -90.974 4.000
P_295 0.000 -195.996 4.000
P_296 0.000 -195.996 8.000
L_297 0.000 679.918 9.000
R_298 -28.412 -1015.709 12.000
E_299 -23.258 -605.239 12.000
S_300 -19.613 -90.060 15.000
F_301 0.000 560.542 12.000
S_302 -14.420 -90.060 8.000
Y_303 -7.426 -274.939 5.000
P_304 0.000 -195.996 5.000
F_305 0.000 560.542 2.000
L_306 0.000 679.918 0.000
V_307 0.000 613.196 4.000
L_308 0.000 679.918 4.000
Q_309 -7.878 -643.904 4.000
M_310 0.000 401.769 4.000
C_311 0.000 322.480 4.000
I_312 0.000 777.529 3.000
L_313 0.000 679.918 3.000
T_314 -4.441 -90.974 3.000
L_315 0.000 679.918 3.000
I_316 0.000 777.529 8.000
L_317 0.000 679.918 8.000
R_318 -27.076 -1015.709 11.000
T_319 -19.059 -90.974 14.000
S_320 -21.060 -90.060 18.000
S_321 -20.609 -90.060 17.000
N_322 -28.359 -507.047 19.000
D_323 -29.436 -475.402 21.000
R_324 -34.315 -1015.709 18.000
R_325 -30.711 -1015.709 14.000
P_326 0.000 -195.996 10.000
F_327 0.000 560.542 5.000
I_328 0.000 777.529 0.000
A_329 0.000 185.740 0.000
L_330 0.000 679.918 0.000
C_331 0.000 322.480 3.000
L_332 0.000 679.918 7.000
S_333 -13.255 -90.060 7.000
N_334 -16.691 -507.047 7.000
V_335 0.000 613.196 7.000
A_336 0.000 185.740 4.000
F_337 0.000 560.542 0.000
M_338 0.000 401.769 0.000
L_339 0.000 679.918 1.000
P_340 0.000 -195.996 5.000
W_341 -3.990 -203.500 5.000
Q_342 -11.867 -643.904 5.000
F_343 0.000 560.542 9.000
A_344 0.000 185.740 8.000
Q_345 -7.878 -643.904 4.000
F_346 0.000 560.542 4.000
I_347 0.000 777.529 4.000
L_348 0.000 679.918 3.000
F_349 0.000 560.542 7.000
T_350 -13.255 -90.974 7.000
Q_351 -16.691 -643.904 7.000
I_352 0.000 777.529 10.000
A_353 0.000 185.740 7.000
S_354 -4.441 -90.060 3.000
L_355 0.000 679.918 3.000
F_356 0.000 560.542 3.000
P_357 0.000 -195.996 2.000
M_358 0.000 401.769 2.000
Y_359 -1.718 -274.939 2.000
V_360 0.000 613.196 2.000
V_361 0.000 613.196 4.000
G_362 0.000 -27.649 2.000
Y_363 -8.431 -274.939 6.000
I_364 0.000 777.529 6.000
E_365 -19.866 -605.239 9.000
P_366 0.000 -195.996 10.000
S_367 -16.309 -90.060 10.000
K_368 -16.309 -818.649 10.000
F_369 0.000 560.542 13.000
Q_370 -21.132 -643.904 10.000
K_371 -13.255 -818.649 7.000
I_372 0.000 777.529 9.000
I_373 0.000 777.529 5.000
Y_374 -8.431 -274.939 6.000
M_375 0.000 401.769 6.000
N_376 -14.591 -507.047 6.000
M_377 0.000 401.769 7.000
I_378 0.000 777.529 7.000
S_379 -11.867 -90.060 6.000
V_380 0.000 613.196 6.000
T_381 -15.425 -90.974 9.000
L_382 0.000 679.918 6.000
S_383 -11.867 -90.060 6.000
F_384 0.000 560.542 3.000
I_385 0.000 777.529 3.000
L_386 0.000 679.918 0.000
M_387 0.000 401.769 0.000
F_388 0.000 560.542 4.000
G_389 0.000 -27.649 7.000
N_390 -16.691 -507.047 7.000
S_391 -15.425 -90.060 9.000
M_392 0.000 401.769 9.000
Y_393 -9.978 -274.939 8.000
L_394 0.000 679.918 8.000
S_395 -16.309 -90.060 10.000
S_396 -16.309 -90.060 10.000
Y_397 -12.518 -274.939 13.000
Y_398 -12.518 -274.939 13.000
S_399 -18.462 -90.060 13.000
S_400 -17.098 -90.060 11.000
S_401 -15.425 -90.060 9.000
L_402 0.000 679.918 6.000
L_403 0.000 679.918 6.000
M_404 0.000 401.769 4.000
T_405 -7.878 -90.974 4.000
W_406 -3.436 -203.500 4.000
A_407 0.000 185.740 4.000
I_408 0.000 777.529 1.000
I_409 0.000 777.529 3.000
L_410 0.000 679.918 8.000
K_411 -17.811 -818.649 12.000
R_412 -32.645 -1015.709 16.000
N_413 -26.485 -507.047 16.000
E_414 -27.150 -605.239 17.000
I_415 0.000 777.529 15.000
Q_416 -22.253 -643.904 11.000
K_417 -13.255 -818.649 7.000
L_418 0.000 679.918 7.000
G_419 0.000 -27.649 6.000
V_420 0.000 613.196 6.000
S_421 -11.867 -90.060 6.000
K_422 -16.309 -818.649 10.000
L_423 0.000 679.918 10.000
N_424 -18.409 -507.047 8.000
F_425 0.000 560.542 5.000
W_426 -3.990 -203.500 5.000
L_427 0.000 679.918 5.000
I_428 0.000 777.529 5.000
Q_429 -16.691 -643.904 7.000
G_430 0.000 -27.649 7.000
S_431 -14.420 -90.060 8.000
A_432 0.000 185.740 5.000
W_433 -3.990 -203.500 5.000
W_434 -1.718 -203.500 2.000
C_435 0.000 322.480 5.000
G_436 0.000 -27.649 4.000
T_437 -4.441 -90.974 3.000
I_438 0.000 777.529 3.000
I_439 0.000 777.529 6.000
L_440 0.000 679.918 3.000
K_441 -4.441 -818.649 3.000
F_442 0.000 560.542 6.000
L_443 0.000 679.918 9.000
T_444 -15.425 -90.974 9.000
S_445 -15.425 -90.060 9.000
K_446 -15.425 -818.649 9.000
I_447 0.000 777.529 6.000
L_448 0.000 679.918 3.000
G_449 0.000 -27.649 3.000
V_450 0.000 613.196 7.000
S_451 -15.425 -90.060 9.000
D_452 -19.866 -475.402 9.000
H_453 -12.900 -583.484 14.000
I_454 0.000 777.529 11.000
R_455 -25.574 -1015.709 10.000
L_456 0.000 679.918 12.000
S_457 -17.811 -90.060 12.000
D_458 -16.691 -475.402 7.000
L_459 0.000 679.918 7.000
I_460 0.000 777.529 4.000
A_461 0.000 185.740 5.000
A_462 0.000 185.740 5.000
R_463 -11.867 -1015.709 5.000
I_464 0.000 777.529 10.000
L_465 0.000 679.918 12.000
R_466 -25.574 -1015.709 10.000
Y_467 -12.900 -274.939 14.000
T_468 -19.059 -90.974 14.000
D_469 -24.169 -475.402 13.000
F_470 0.000 560.542 14.000
D_471 -22.253 -475.402 11.000
T_472 -13.255 -90.974 7.000
L_473 0.000 679.918 9.000
I_474 0.000 777.529 8.000
Y_475 -7.426 -274.939 5.000
T_476 -10.149 -90.974 5.000
C_477 0.000 322.480 5.000
A_478 0.000 185.740 7.000
P_479 0.000 -195.996 4.000
E_480 -18.409 -605.239 8.000
F_481 0.000 560.542 8.000
D_482 -18.409 -475.402 8.000
F_483 0.000 560.542 8.000
M_484 0.000 401.769 11.000
E_485 -16.691 -605.239 7.000
K_486 -16.309 -818.649 10.000
A_487 0.000 185.740 10.000
T_488 -11.867 -90.974 6.000
P_489 0.000 -195.996 8.000
L_490 0.000 679.918 10.000
R_491 -25.574 -1015.709 10.000
Y_492 -12.518 -274.939 13.000
T_493 -20.127 -90.974 16.000
K_494 -17.098 -818.649 11.000
T_495 -15.425 -90.974 9.000
L_496 0.000 679.918 6.000
L_497 0.000 679.918 3.000
L_498 0.000 679.918 0.000
P_499 0.000 -195.996 0.000
V_500 0.000 613.196 0.000
V_501 0.000 613.196 0.000
M_502 0.000 401.769 0.000
V_503 0.000 613.196 3.000
I_504 0.000 777.529 3.000
T_505 -4.441 -90.974 3.000
C_506 0.000 322.480 3.000
F_507 0.000 560.542 3.000
I_508 0.000 777.529 3.000
F_509 0.000 560.542 6.000
K_510 -15.425 -818.649 9.000
K_511 -15.425 -818.649 9.000
T_512 -19.059 -90.974 14.000
V_513 0.000 613.196 15.000
R_514 -28.412 -1015.709 12.000
D_515 -23.258 -475.402 12.000
I_516 0.000 777.529 14.000
S_517 -15.425 -90.060 9.000
Y_518 -7.426 -274.939 5.000
V_519 0.000 613.196 5.000
L_520 0.000 679.918 5.000
A_521 0.000 185.740 7.000
T_522 -13.255 -90.974 7.000
N_523 -19.866 -507.047 9.000
I_524 0.000 777.529 9.000
Y_525 -11.652 -274.939 11.000
L_526 0.000 679.918 10.000
R_527 -30.711 -1015.709 14.000
K_528 -17.811 -818.649 12.000
Q_529 -23.258 -643.904 12.000
L_530 0.000 679.918 11.000
L_531 0.000 679.918 10.000
E_532 -19.866 -605.239 9.000
H_533 -12.518 -583.484 13.000
S_534 -18.462 -90.060 13.000
E_535 -19.866 -605.239 9.000
L_536 0.000 679.918 7.000
A_537 0.000 185.740 6.000
F_538 0.000 560.542 5.000
H_539 -7.426 -583.484 5.000
T_540 -15.425 -90.974 9.000
L_541 0.000 679.918 9.000
Q_542 -16.691 -643.904 7.000
L_543 0.000 679.918 4.000
L_544 0.000 679.918 4.000
V_545 0.000 613.196 3.000
F_546 0.000 560.542 3.000
T_547 -4.441 -90.974 3.000
A_548 0.000 185.740 3.000
L_549 0.000 679.918 3.000
A_550 0.000 185.740 0.000
I_551 0.000 777.529 0.000
L_552 0.000 679.918 0.000
I_553 0.000 777.529 5.000
M_554 0.000 401.769 5.000
R_555 -21.845 -1015.709 8.000
L_556 0.000 679.918 8.000
K_557 -14.420 -818.649 8.000
M_558 0.000 401.769 3.000
F_559 0.000 560.542 6.000
L_560 0.000 679.918 3.000
T_561 -10.149 -90.974 5.000
P_562 0.000 -195.996 5.000
H_563 -7.426 -583.484 5.000
M_564 0.000 401.769 2.000
C_565 0.000 322.480 2.000
V_566 0.000 613.196 0.000
M_567 0.000 401.769 3.000
A_568 0.000 185.740 3.000
S_569 -4.441 -90.060 3.000
L_570 0.000 679.918 3.000
I_571 0.000 777.529 6.000
C_572 0.000 322.480 8.000
S_573 -17.811 -90.060 12.000
R_574 -28.412 -1015.709 12.000
Q_575 -23.258 -643.904 12.000
L_576 0.000 679.918 9.000
F_577 0.000 560.542 5.000
G_578 0.000 -27.649 1.000
W_579 -0.000 -203.500 1.000
L_580 0.000 679.918 6.000
F_581 0.000 560.542 11.000
R_582 -25.574 -1015.709 10.000
R_583 -31.716 -1015.709 15.000
V_584 0.000 613.196 15.000
R_585 -30.711 -1015.709 14.000
F_586 0.000 560.542 12.000
E_587 -23.258 -605.239 12.000
K_588 -13.255 -818.649 7.000
V_589 0.000 613.196 7.000
I_590 0.000 777.529 3.000
F_591 0.000 560.542 0.000
G_592 0.000 -27.649 0.000
I_593 0.000 777.529 3.000
L_594 0.000 679.918 3.000
T_595 -4.441 -90.974 3.000
V_596 0.000 613.196 6.000
M_597 0.000 401.769 6.000
S_598 -13.255 -90.060 7.000
I_599 0.000 777.529 7.000
Q_600 -19.866 -643.904 9.000
G_601 0.000 -27.649 6.000
Y_602 -11.154 -274.939 10.000
A_603 0.000 185.740 6.000
N_604 -22.253 -507.047 11.000
L_605 0.000 679.918 13.000
R_606 -33.508 -1015.709 17.000
N_607 -25.003 -507.047 14.000
Q_608 -27.150 -643.904 17.000
W_609 -6.160 -203.500 12.000
S_610 -14.420 -90.060 8.000
I_611 0.000 777.529 4.000
I_612 0.000 777.529 7.000
G_613 0.000 -27.649 4.000
E_614 -18.409 -605.239 8.000
F_615 0.000 560.542 12.000
N_616 -23.258 -507.047 12.000
N_617 -18.409 -507.047 8.000
L_618 0.000 679.918 12.000
P_619 0.000 -195.996 12.000
Q_620 -23.258 -643.904 12.000
E_621 -23.258 -605.239 12.000
E_622 -23.258 -605.239 12.000
L_623 0.000 679.918 12.000
L_624 0.000 679.918 9.000
Q_625 -11.867 -643.904 5.000
W_626 -5.155 -203.500 8.000
I_627 0.000 777.529 10.000
K_628 -15.425 -818.649 9.000
Y_629 -11.652 -274.939 11.000
S_630 -19.059 -90.060 14.000
T_631 -19.059 -90.974 14.000
T_632 -20.127 -90.974 16.000
S_633 -18.462 -90.060 13.000
D_634 -21.132 -475.402 10.000
A_635 0.000 185.740 7.000
V_636 0.000 613.196 4.000
F_637 0.000 560.542 0.000
A_638 0.000 185.740 0.000
G_639 0.000 -27.649 0.000
A_640 0.000 185.740 0.000
M_641 0.000 401.769 3.000
P_642 0.000 -195.996 3.000
T_643 -4.441 -90.974 3.000
M_644 0.000 401.769 6.000
A_645 0.000 185.740 6.000
S_646 -11.867 -90.060 6.000
I_647 0.000 777.529 6.000
K_648 -15.425 -818.649 9.000
L_649 0.000 679.918 9.000
S_650 -15.425 -90.060 9.000
T_651 -14.420 -90.974 8.000
L_652 0.000 679.918 8.000
H_653 -7.426 -583.484 5.000
P_654 0.000 -195.996 2.000
I_655 0.000 777.529 6.000
V_656 0.000 613.196 6.000
N_657 -14.591 -507.047 6.000
H_658 -9.978 -583.484 8.000
P_659 0.000 -195.996 10.000
H_660 -11.154 -583.484 10.000
Y_661 -12.104 -274.939 12.000
E_662 -23.258 -605.239 12.000
D_663 -25.003 -475.402 14.000
A_664 0.000 185.740 12.000
D_665 -24.169 -475.402 13.000
L_666 0.000 679.918 9.000
R_667 -30.711 -1015.709 14.000
A_668 0.000 185.740 13.000
R_669 -32.645 -1015.709 16.000
T_670 -17.098 -90.974 11.000
K_671 -17.098 -818.649 11.000
I_672 0.000 777.529 8.000
V_673 0.000 613.196 8.000
Y_674 -9.978 -274.939 8.000
S_675 -16.309 -90.060 10.000
T_676 -18.462 -90.974 13.000
Y_677 -13.586 -274.939 16.000
S_678 -20.127 -90.060 16.000
R_679 -32.645 -1015.709 16.000
K_680 -19.059 -818.649 14.000
S_681 -19.059 -90.060 14.000
A_682 0.000 185.740 13.000
K_683 -16.309 -818.649 10.000
E_684 -23.258 -605.239 12.000
V_685 0.000 613.196 16.000
R_686 -32.645 -1015.709 16.000
D_687 -23.258 -475.402 12.000
K_688 -17.811 -818.649 12.000
L_689 0.000 679.918 11.000
L_690 0.000 679.918 7.000
E_691 -14.591 -605.239 6.000
L_692 0.000 679.918 6.000
H_693 -11.154 -583.484 10.000
V_694 0.000 613.196 8.000
N_695 -21.132 -507.047 10.000
Y_696 -9.978 -274.939 8.000
Y_697 -9.978 -274.939 8.000
V_698 0.000 613.196 8.000
L_699 0.000 679.918 10.000
E_700 -18.409 -605.239 8.000
E_701 -19.866 -605.239 9.000
A_702 0.000 185.740 9.000
W_703 -3.990 -203.500 5.000
C_704 0.000 322.480 1.000
V_705 0.000 613.196 6.000
V_706 0.000 613.196 8.000
R_707 -27.076 -1015.709 11.000
T_708 -17.098 -90.974 11.000
K_709 -17.098 -818.649 11.000
P_710 0.000 -195.996 6.000
G_711 0.000 -27.649 6.000
C_712 0.000 322.480 3.000
S_713 -4.441 -90.060 3.000
M_714 0.000 401.769 7.000
L_715 0.000 679.918 7.000
E_716 -11.867 -605.239 5.000
I_717 0.000 777.529 9.000
W_718 -5.447 -203.500 9.000
D_719 -19.866 -475.402 9.000
V_720 0.000 613.196 13.000
E_721 -23.258 -605.239 12.000
D_722 -22.253 -475.402 11.000
P_723 0.000 -195.996 15.000
S_724 -17.098 -90.060 11.000
N_725 -16.691 -507.047 7.000
A_726 0.000 185.740 11.000
A_727 0.000 185.740 8.000
N_728 -7.878 -507.047 4.000
P_729 0.000 -195.996 4.000
P_730 0.000 -195.996 4.000
L_731 0.000 679.918 3.000
C_732 0.000 322.480 3.000
S_733 -4.441 -90.060 3.000
V_734 0.000 613.196 3.000
L_735 0.000 679.918 7.000
L_736 0.000 679.918 8.000
E_737 -18.409 -605.239 8.000
D_738 -24.169 -475.402 13.000
A_739 0.000 185.740 13.000
R_740 -27.076 -1015.709 11.000
P_741 0.000 -195.996 7.000
Y_742 -11.154 -274.939 10.000
F_743 0.000 560.542 8.000
T_744 -14.420 -90.974 8.000
T_745 -11.867 -90.974 6.000
V_746 0.000 613.196 10.000
F_747 0.000 560.542 11.000
Q_748 -22.253 -643.904 11.000
N_749 -22.253 -507.047 11.000
S_750 -18.462 -90.060 13.000
V_751 0.000 613.196 14.000
Y_752 -11.154 -274.939 10.000
R_753 -19.414 -1015.709 7.000
V_754 0.000 613.196 10.000
L_755 0.000 679.918 8.000
K_756 -13.255 -818.649 7.000
V_757 0.000 613.196 7.000
N_758 -16.691 -507.047 7.000
