M_1 0.000 401.769 6.000
W_2 -4.441 -203.500 6.000
R_3 -16.309 -1015.709 6.000
L_4 0.000 679.918 6.000
P_5 0.000 -195.996 5.000
G_6 0.000 -27.649 5.000
A_7 0.000 185.740 5.000
R_8 -11.867 -1015.709 5.000
A_9 0.000 185.740 5.000
A_10 0.000 185.740 10.000
L_11 0.000 679.918 5.000
R_12 -11.867 -1015.709 5.000
V_13 0.000 613.196 10.000
I_14 0.000 777.529 13.000
R_15 -21.845 -1015.709 8.000
T_16 -14.420 -90.974 8.000
A_17 0.000 185.740 12.000
V_18 0.000 613.196 10.000
E_19 -16.691 -605.239 7.000
K_20 -16.309 -818.649 10.000
L_21 0.000 679.918 15.000
S_22 -17.098 -90.060 11.000
R_23 -28.412 -1015.709 12.000
A_24 0.000 185.740 12.000
E_25 -19.866 -605.239 9.000
A_26 0.000 185.740 7.000
G_27 0.000 -27.649 11.000
S_28 -16.309 -90.060 10.000
Q_29 -21.132 -643.904 10.000
T_30 -16.309 -90.974 10.000
A_31 0.000 185.740 7.000
A_32 0.000 185.740 3.000
G_33 0.000 -27.649 0.000
A_34 0.000 185.740 4.000
M_35 0.000 401.769 9.000
E_36 -19.866 -605.239 9.000
R_37 -23.856 -1015.709 9.000
A_38 0.000 185.740 9.000
V_39 0.000 613.196 10.000
V_40 0.000 613.196 5.000
R_41 -11.867 -1015.709 5.000
C_42 0.000 322.480 5.000
V_43 0.000 613.196 8.000
P_44 0.000 -195.996 7.000
S_45 -13.255 -90.060 7.000
E_46 -21.132 -605.239 10.000
P_47 0.000 -195.996 10.000
K_48 -16.309 -818.649 10.000
L_49 0.000 679.918 6.000
S_50 -15.425 -90.060 9.000
L_51 0.000 679.918 6.000
S_52 -11.867 -90.060 6.000
F_53 0.000 560.542 3.000
A_54 0.000 185.740 3.000
L_55 0.000 679.918 4.000
A_56 0.000 185.740 4.000
D_57 -16.691 -475.402 7.000
G_58 0.000 -27.649 9.000
S_59 -17.811 -90.060 12.000
H_60 -12.104 -583.484 12.000
K_61 -17.811 -818.649 12.000
N_62 -24.169 -507.047 13.000
M_63 0.000 401.769 16.000
Q_64 -27.150 -643.904 17.000
R_65 -33.508 -1015.709 17.000
D_66 -28.912 -475.402 20.000
Q_67 -28.912 -643.904 20.000
S_68 -19.613 -90.060 15.000
E_69 -22.253 -605.239 11.000
P_70 0.000 -195.996 7.000
L_71 0.000 679.918 9.000
G_72 0.000 -27.649 5.000
R_73 -11.867 -1015.709 5.000
V_74 0.000 613.196 8.000
L_75 0.000 679.918 13.000
S_76 -14.420 -90.060 8.000
R_77 -21.845 -1015.709 8.000
I_78 0.000 777.529 11.000
A_79 0.000 185.740 12.000
T_80 -13.255 -90.974 7.000
N_81 -16.691 -507.047 7.000
A_82 0.000 185.740 10.000
L_83 0.000 679.918 7.000
K_84 -10.149 -818.649 5.000
G_85 0.000 -27.649 5.000
H_86 -9.978 -583.484 8.000
A_87 0.000 185.740 5.000
K_88 -10.149 -818.649 5.000
A_89 0.000 185.740 3.000
A_90 0.000 185.740 3.000
A_91 0.000 185.740 3.000
A_92 0.000 185.740 6.000
K_93 -15.425 -818.649 9.000
K_94 -19.059 -818.649 14.000
S_95 -20.609 -90.060 17.000
R_96 -33.508 -1015.709 17.000
K_97 -21.486 -818.649 19.000
S_98 -20.127 -90.060 16.000
R_99 -31.716 -1015.709 15.000
P_100 0.000 -195.996 12.000
N_101 -23.258 -507.047 12.000
A_102 0.000 185.740 7.000
S_103 -13.255 -90.060 7.000
G_104 0.000 -27.649 3.000
G_105 0.000 -27.649 3.000
A_106 0.000 185.740 0.000
A_107 0.000 185.740 3.000
C_108 0.000 322.480 3.000
S_109 -4.441 -90.060 3.000
G_110 0.000 -27.649 3.000
P_111 0.000 -195.996 3.000
G_112 0.000 -27.649 4.000
P_113 0.000 -195.996 4.000
E_114 -7.878 -605.239 4.000
P_115 0.000 -195.996 4.000
A_116 0.000 185.740 4.000
V_117 0.000 613.196 0.000
F_118 0.000 560.542 4.000
C_119 0.000 322.480 4.000
E_120 -7.878 -605.239 4.000
P_121 0.000 -195.996 4.000
V_122 0.000 613.196 7.000
V_123 0.000 613.196 3.000
K_124 -10.149 -818.649 5.000
L_125 0.000 679.918 7.000
Y_126 -12.104 -274.939 12.000
Y_127 -12.518 -274.939 13.000
R_128 -33.508 -1015.709 17.000
E_129 -25.772 -605.239 15.000
E_130 -24.169 -605.239 13.000
A_131 0.000 185.740 8.000
V_132 0.000 613.196 8.000
A_133 0.000 185.740 8.000
E_134 -18.409 -605.239 8.000
D_135 -18.409 -475.402 8.000
V_136 0.000 613.196 12.000
L_137 0.000 679.918 8.000
N_138 -18.409 -507.047 8.000
V_139 0.000 613.196 8.000
D_140 -19.866 -475.402 9.000
A_141 0.000 185.740 9.000
W_142 -6.358 -203.500 13.000
Q_143 -19.866 -643.904 9.000
D_144 -19.866 -475.402 9.000
G_145 0.000 -27.649 8.000
A_146 0.000 185.740 4.000
V_147 0.000 613.196 4.000
L_148 0.000 679.918 4.000
Q_149 -7.878 -643.904 4.000
I_150 0.000 777.529 8.000
G_151 0.000 -27.649 8.000
D_152 -16.691 -475.402 7.000
V_153 0.000 613.196 9.000
K_154 -17.811 -818.649 12.000
Y_155 -9.978 -274.939 8.000
K_156 -17.811 -818.649 12.000
V_157 0.000 613.196 14.000
E_158 -26.485 -605.239 16.000
R_159 -29.616 -1015.709 13.000
N_160 -24.169 -507.047 13.000
P_161 0.000 -195.996 9.000
P_162 0.000 -195.996 4.000
A_163 0.000 185.740 3.000
F_164 0.000 560.542 7.000
T_165 -13.255 -90.974 7.000
E_166 -22.253 -605.239 11.000
L_167 0.000 679.918 11.000
Q_168 -18.409 -643.904 8.000
L_169 0.000 679.918 9.000
P_170 0.000 -195.996 11.000
R_171 -19.414 -1015.709 7.000
Y_172 -9.265 -274.939 7.000
I_173 0.000 777.529 7.000
M_174 0.000 401.769 2.000
A_175 0.000 185.740 0.000
G_176 0.000 -27.649 0.000
F_177 0.000 560.542 0.000
P_178 0.000 -195.996 0.000
V_179 0.000 613.196 0.000
C_180 0.000 322.480 3.000
P_181 0.000 -195.996 3.000
K_182 -11.867 -818.649 6.000
L_183 0.000 679.918 6.000
S_184 -16.309 -90.060 10.000
L_185 0.000 679.918 7.000
E_186 -16.691 -605.239 7.000
F_187 0.000 560.542 8.000
G_188 0.000 -27.649 8.000
D_189 -7.878 -475.402 4.000
P_190 0.000 -195.996 7.000
A_191 0.000 185.740 10.000
S_192 -11.867 -90.060 6.000
S_193 -11.867 -90.060 6.000
L_194 0.000 679.918 11.000
F_195 0.000 560.542 9.000
R_196 -21.845 -1015.709 8.000
W_197 -5.944 -203.500 11.000
Y_198 -13.255 -274.939 15.000
K_199 -16.309 -818.649 10.000
E_200 -23.258 -605.239 12.000
A_201 0.000 185.740 10.000
K_202 -13.255 -818.649 7.000
P_203 0.000 -195.996 3.000
G_204 0.000 -27.649 3.000
A_205 0.000 185.740 4.000
A_206 0.000 185.740 4.000
E_207 -18.409 -605.239 8.000
P_208 0.000 -195.996 8.000
E_209 -18.409 -605.239 8.000
V_210 0.000 613.196 4.000
G_211 0.000 -27.649 4.000
V_212 0.000 613.196 3.000
P_213 0.000 -195.996 6.000
S_214 -11.867 -90.060 6.000
S_215 -15.425 -90.060 9.000
L_216 0.000 679.918 9.000
S_217 -15.425 -90.060 9.000
P_218 0.000 -195.996 9.000
S_219 -15.425 -90.060 9.000
S_220 -15.425 -90.060 9.000
P_221 0.000 -195.996 12.000
S_222 -17.811 -90.060 12.000
S_223 -16.309 -90.060 10.000
S_224 -18.462 -90.060 13.000
W_225 -6.542 -203.500 14.000
T_226 -19.059 -90.974 14.000
E_227 -25.772 -605.239 15.000
T_228 -19.059 -90.974 14.000
D_229 -25.772 -475.402 15.000
V_230 0.000 613.196 15.000
E_231 -27.150 -605.239 17.000
E_232 -24.169 -605.239 13.000
R_233 -31.716 -1015.709 15.000
V_234 0.000 613.196 14.000
Y_235 -11.154 -274.939 10.000
T_236 -14.420 -90.974 8.000
P_237 0.000 -195.996 12.000
S_238 -16.309 -90.060 10.000
N_239 -22.253 -507.047 11.000
A_240 0.000 185.740 11.000
D_241 -18.409 -475.402 8.000
I_242 0.000 777.529 4.000
G_243 0.000 -27.649 9.000
L_244 0.000 679.918 5.000
R_245 -21.845 -1015.709 8.000
L_246 0.000 679.918 8.000
K_247 -16.309 -818.649 10.000
L_248 0.000 679.918 5.000
H_249 -9.978 -583.484 8.000
C_250 0.000 322.480 5.000
T_251 -10.149 -90.974 5.000
P_252 0.000 -195.996 7.000
G_253 0.000 -27.649 7.000
D_254 -18.409 -475.402 8.000
G_255 0.000 -27.649 13.000
Q_256 -24.169 -643.904 13.000
R_257 -23.856 -1015.709 9.000
F_258 0.000 560.542 11.000
G_259 0.000 -27.649 10.000
H_260 -11.154 -583.484 10.000
S_261 -19.059 -90.060 14.000
R_262 -30.711 -1015.709 14.000
E_263 -26.485 -605.239 16.000
L_264 0.000 679.918 16.000
E_265 -22.253 -605.239 11.000
S_266 -13.255 -90.060 7.000
V_267 0.000 613.196 7.000
C_268 0.000 322.480 3.000
V_269 0.000 613.196 4.000
V_270 0.000 613.196 4.000
E_271 -7.878 -605.239 4.000
A_272 0.000 185.740 4.000
G_273 0.000 -27.649 4.000
P_274 0.000 -195.996 3.000
G_275 0.000 -27.649 3.000
T_276 -11.867 -90.974 6.000
C_277 0.000 322.480 6.000
T_278 -16.309 -90.974 10.000
F_279 0.000 560.542 9.000
D_280 -25.003 -475.402 14.000
H_281 -12.518 -583.484 13.000
R_282 -29.616 -1015.709 13.000
H_283 -11.652 -583.484 11.000
L_284 0.000 679.918 12.000
Y_285 -11.154 -274.939 10.000
T_286 -17.098 -90.974 11.000
K_287 -17.098 -818.649 11.000
K_288 -17.811 -818.649 12.000
V_289 0.000 613.196 13.000
T_290 -19.059 -90.974 14.000
E_291 -22.253 -605.239 11.000
D_292 -22.253 -475.402 11.000
A_293 0.000 185.740 8.000
L_294 0.000 679.918 9.000
I_295 0.000 777.529 8.000
R_296 -21.845 -1015.709 8.000
T_297 -17.098 -90.974 11.000
V_298 0.000 613.196 13.000
S_299 -17.811 -90.060 12.000
Y_300 -10.601 -274.939 9.000
N_301 -19.866 -507.047 9.000
I_302 0.000 777.529 6.000
L_303 0.000 679.918 8.000
A_304 0.000 185.740 7.000
D_305 -19.866 -475.402 9.000
T_306 -15.425 -90.974 9.000
Y_307 -12.518 -274.939 13.000
A_308 0.000 185.740 12.000
Q_309 -24.169 -643.904 13.000
T_310 -17.098 -90.974 11.000
E_311 -25.003 -605.239 14.000
F_312 0.000 560.542 15.000
S_313 -19.613 -90.060 15.000
R_314 -27.076 -1015.709 11.000
T_315 -17.098 -90.974 11.000
V_316 0.000 613.196 10.000
L_317 0.000 679.918 5.000
Y_318 -6.160 -274.939 4.000
P_319 0.000 -195.996 4.000
Y_320 -6.160 -274.939 4.000
C_321 0.000 322.480 2.000
A_322 0.000 185.740 4.000
P_323 0.000 -195.996 2.000
Y_324 -1.718 -274.939 2.000
A_325 0.000 185.740 6.000
L_326 0.000 679.918 6.000
E_327 -18.409 -605.239 8.000
L_328 0.000 679.918 10.000
D_329 -25.772 -475.402 15.000
Y_330 -13.255 -274.939 15.000
R_331 -35.072 -1015.709 19.000
Q_332 -25.772 -643.904 15.000
N_333 -24.169 -507.047 13.000
L_334 0.000 679.918 12.000
I_335 0.000 777.529 11.000
Q_336 -22.253 -643.904 11.000
K_337 -17.098 -818.649 11.000
E_338 -25.003 -605.239 14.000
L_339 0.000 679.918 10.000
T_340 -15.425 -90.974 9.000
G_341 0.000 -27.649 9.000
Y_342 -10.601 -274.939 9.000
N_343 -21.132 -507.047 10.000
A_344 0.000 185.740 10.000
D_345 -18.409 -475.402 8.000
V_346 0.000 613.196 4.000
I_347 0.000 777.529 4.000
C_348 0.000 322.480 4.000
L_349 0.000 679.918 8.000
Q_350 -18.409 -643.904 8.000
E_351 -23.258 -605.239 12.000
V_352 0.000 613.196 17.000
D_353 -24.169 -475.402 13.000
R_354 -23.856 -1015.709 9.000
A_355 0.000 185.740 9.000
V_356 0.000 613.196 8.000
F_357 0.000 560.542 7.000
S_358 -16.309 -90.060 10.000
D_359 -21.132 -475.402 10.000
S_360 -16.309 -90.060 10.000
L_361 0.000 679.918 7.000
V_362 0.000 613.196 3.000
P_363 0.000 -195.996 0.000
A_364 0.000 185.740 4.000
L_365 0.000 679.918 4.000
E_366 -7.878 -605.239 4.000
A_367 0.000 185.740 4.000
F_368 0.000 560.542 4.000
G_369 0.000 -27.649 4.000
L_370 0.000 679.918 4.000
E_371 -7.878 -605.239 4.000
G_372 0.000 -27.649 4.000
V_373 0.000 613.196 9.000
F_374 0.000 560.542 5.000
R_375 -21.845 -1015.709 8.000
I_376 0.000 777.529 12.000
K_377 -19.059 -818.649 14.000
Q_378 -24.169 -643.904 13.000
H_379 -12.518 -583.484 13.000
E_380 -21.132 -605.239 10.000
G_381 0.000 -27.649 6.000
L_382 0.000 679.918 7.000
A_383 0.000 185.740 3.000
T_384 -10.149 -90.974 5.000
F_385 0.000 560.542 10.000
Y_386 -12.518 -274.939 13.000
R_387 -29.616 -1015.709 13.000
K_388 -20.127 -818.649 16.000
S_389 -19.059 -90.060 14.000
K_390 -17.811 -818.649 12.000
F_391 0.000 560.542 9.000
S_392 -11.867 -90.060 6.000
L_393 0.000 679.918 6.000
L_394 0.000 679.918 10.000
S_395 -15.425 -90.060 9.000
Q_396 -24.169 -643.904 13.000
H_397 -12.518 -583.484 13.000
D_398 -24.169 -475.402 13.000
I_399 0.000 777.529 9.000
S_400 -15.425 -90.060 9.000
F_401 0.000 560.542 9.000
Y_402 -10.601 -274.939 9.000
E_403 -14.591 -605.239 6.000
A_404 0.000 185.740 10.000
L_405 0.000 679.918 11.000
E_406 -22.253 -605.239 11.000
S_407 -17.098 -90.060 11.000
D_408 -22.253 -475.402 11.000
P_409 0.000 -195.996 9.000
L_410 0.000 679.918 9.000
H_411 -10.601 -583.484 9.000
K_412 -15.425 -818.649 9.000
E_413 -19.866 -605.239 9.000
L_414 0.000 679.918 11.000
L_415 0.000 679.918 11.000
E_416 -16.691 -605.239 7.000
K_417 -13.255 -818.649 7.000
L_418 0.000 679.918 7.000
V_419 0.000 613.196 5.000
L_420 0.000 679.918 2.000
Y_421 -7.426 -274.939 5.000
P_422 0.000 -195.996 5.000
S_423 -15.425 -90.060 9.000
A_424 0.000 185.740 11.000
Q_425 -25.003 -643.904 14.000
E_426 -22.253 -605.239 11.000
K_427 -17.098 -818.649 11.000
V_428 0.000 613.196 11.000
L_429 0.000 679.918 12.000
Q_430 -23.258 -643.904 12.000
R_431 -31.716 -1015.709 15.000
S_432 -19.613 -90.060 15.000
S_433 -17.098 -90.060 11.000
V_434 0.000 613.196 10.000
L_435 0.000 679.918 7.000
Q_436 -16.691 -643.904 7.000
V_437 0.000 613.196 7.000
S_438 -13.255 -90.060 7.000
V_439 0.000 613.196 7.000
L_440 0.000 679.918 10.000
Q_441 -21.132 -643.904 10.000
S_442 -18.462 -90.060 13.000
T_443 -20.609 -90.974 17.000
K_444 -20.127 -818.649 16.000
D_445 -26.485 -475.402 16.000
S_446 -20.127 -90.060 16.000
S_447 -21.060 -90.060 18.000
K_448 -19.059 -818.649 14.000
R_449 -27.076 -1015.709 11.000
I_450 0.000 777.529 8.000
C_451 0.000 322.480 5.000
V_452 0.000 613.196 4.000
A_453 0.000 185.740 7.000
N_454 -19.866 -507.047 9.000
T_455 -15.425 -90.974 9.000
H_456 -11.652 -583.484 11.000
L_457 0.000 679.918 8.000
Y_458 -9.265 -274.939 7.000
W_459 -3.990 -203.500 5.000
H_460 -9.978 -583.484 8.000
P_461 0.000 -195.996 6.000
K_462 -10.149 -818.649 5.000
G_463 0.000 -27.649 5.000
G_464 0.000 -27.649 5.000
Y_465 -9.265 -274.939 7.000
I_466 0.000 777.529 7.000
R_467 -19.414 -1015.709 7.000
L_468 0.000 679.918 9.000
I_469 0.000 777.529 9.000
Q_470 -7.878 -643.904 4.000
M_471 0.000 401.769 4.000
A_472 0.000 185.740 4.000
V_473 0.000 613.196 0.000
A_474 0.000 185.740 0.000
L_475 0.000 679.918 2.000
A_476 0.000 185.740 2.000
H_477 -9.265 -583.484 7.000
I_478 0.000 777.529 9.000
R_479 -23.856 -1015.709 9.000
H_480 -11.154 -583.484 10.000
V_481 0.000 613.196 10.000
S_482 -15.425 -90.060 9.000
C_483 0.000 322.480 7.000
D_484 -19.866 -475.402 9.000
L_485 0.000 679.918 6.000
Y_486 -8.431 -274.939 6.000
P_487 0.000 -195.996 2.000
G_488 0.000 -27.649 2.000
I_489 0.000 777.529 0.000
P_490 0.000 -195.996 0.000
V_491 0.000 613.196 0.000
I_492 0.000 777.529 0.000
F_493 0.000 560.542 0.000
C_494 0.000 322.480 4.000
G_495 0.000 -27.649 4.000
D_496 -18.409 -475.402 8.000
F_497 0.000 560.542 11.000
N_498 -25.003 -507.047 14.000
S_499 -16.309 -90.060 10.000
T_500 -18.462 -90.974 13.000
P_501 0.000 -195.996 12.000
S_502 -15.425 -90.060 9.000
T_503 -11.867 -90.974 6.000
G_504 0.000 -27.649 8.000
M_505 0.000 401.769 7.000
Y_506 -6.160 -274.939 4.000
H_507 -6.160 -583.484 4.000
F_508 0.000 560.542 4.000
V_509 0.000 613.196 6.000
I_510 0.000 777.529 4.000
N_511 -16.691 -507.047 7.000
G_512 0.000 -27.649 7.000
S_513 -13.255 -90.060 7.000
I_514 0.000 777.529 7.000
P_515 0.000 -195.996 11.000
E_516 -21.132 -605.239 10.000
D_517 -25.003 -475.402 14.000
H_518 -14.188 -583.484 18.000
E_519 -25.772 -605.239 15.000
D_520 -22.253 -475.402 11.000
W_521 -6.160 -203.500 12.000
A_522 0.000 185.740 12.000
S_523 -14.420 -90.060 8.000
N_524 -22.253 -507.047 11.000
G_525 0.000 -27.649 15.000
E_526 -26.485 -605.239 16.000
E_527 -27.150 -605.239 17.000
E_528 -27.150 -605.239 17.000
R_529 -33.508 -1015.709 17.000
C_530 0.000 322.480 13.000
N_531 -23.258 -507.047 12.000
M_532 0.000 401.769 7.000
S_533 -16.309 -90.060 10.000
L_534 0.000 679.918 8.000
T_535 -14.420 -90.974 8.000
H_536 -7.426 -583.484 5.000
F_537 0.000 560.542 8.000
F_538 0.000 560.542 5.000
K_539 -11.867 -818.649 6.000
L_540 0.000 679.918 9.000
K_541 -15.425 -818.649 9.000
S_542 -11.867 -90.060 6.000
A_543 0.000 185.740 6.000
C_544 0.000 322.480 7.000
G_545 0.000 -27.649 4.000
E_546 -7.878 -605.239 4.000
P_547 0.000 -195.996 6.000
A_548 0.000 185.740 9.000
Y_549 -10.601 -274.939 9.000
T_550 -17.098 -90.974 11.000
N_551 -22.253 -507.047 11.000
Y_552 -10.601 -274.939 9.000
V_553 0.000 613.196 6.000
G_554 0.000 -27.649 2.000
G_555 0.000 -27.649 2.000
F_556 0.000 560.542 2.000
H_557 -1.718 -583.484 2.000
G_558 0.000 -27.649 2.000
C_559 0.000 322.480 6.000
L_560 0.000 679.918 6.000
D_561 -14.591 -475.402 6.000
Y_562 -8.431 -274.939 6.000
I_563 0.000 777.529 6.000
F_564 0.000 560.542 6.000
I_565 0.000 777.529 4.000
D_566 -18.409 -475.402 8.000
L_567 0.000 679.918 8.000
N_568 -18.409 -507.047 8.000
A_569 0.000 185.740 8.000
L_570 0.000 679.918 8.000
E_571 -18.409 -605.239 8.000
V_572 0.000 613.196 12.000
E_573 -23.258 -605.239 12.000
Q_574 -18.409 -643.904 8.000
V_575 0.000 613.196 8.000
I_576 0.000 777.529 4.000
P_577 0.000 -195.996 0.000
L_578 0.000 679.918 3.000
P_579 0.000 -195.996 5.000
S_580 -15.425 -90.060 9.000
H_581 -12.518 -583.484 13.000
E_582 -24.169 -605.239 13.000
E_583 -24.169 -605.239 13.000
V_584 0.000 613.196 14.000
T_585 -17.811 -90.974 12.000
T_586 -17.811 -90.974 12.000
H_587 -12.104 -583.484 12.000
Q_588 -19.866 -643.904 9.000
A_589 0.000 185.740 6.000
L_590 0.000 679.918 7.000
P_591 0.000 -195.996 3.000
S_592 -11.867 -90.060 6.000
V_593 0.000 613.196 8.000
S_594 -14.420 -90.060 8.000
H_595 -9.978 -583.484 8.000
P_596 0.000 -195.996 12.000
S_597 -17.098 -90.060 11.000
D_598 -19.866 -475.402 9.000
H_599 -10.601 -583.484 9.000
I_600 0.000 777.529 6.000
A_601 0.000 185.740 2.000
L_602 0.000 679.918 0.000
V_603 0.000 613.196 4.000
C_604 0.000 322.480 4.000
D_605 -16.691 -475.402 7.000
L_606 0.000 679.918 8.000
K_607 -17.098 -818.649 11.000
W_608 -4.824 -203.500 7.000
K_609 -13.255 -818.649 7.000
