M_1 0.000 401.769 4.000
E_2 -16.691 -605.239 7.000
A_3 0.000 185.740 7.000
K_4 -13.255 -818.649 7.000
A_5 0.000 185.740 3.000
A_6 0.000 185.740 6.000
P_7 0.000 -195.996 3.000
K_8 -4.441 -818.649 3.000
P_9 0.000 -195.996 3.000
A_10 0.000 185.740 6.000
A_11 0.000 185.740 3.000
S_12 -4.441 -90.060 3.000
G_13 0.000 -27.649 3.000
A_14 0.000 185.740 6.000
C_15 0.000 322.480 3.000
S_16 -11.867 -90.060 6.000
V_17 0.000 613.196 6.000
S_18 -16.309 -90.060 10.000
A_19 0.000 185.740 11.000
E_20 -25.003 -605.239 14.000
E_21 -25.772 -605.239 15.000
T_22 -21.060 -90.974 18.000
E_23 -25.772 -605.239 15.000
K_24 -17.098 -818.649 11.000
W_25 -6.160 -203.500 12.000
M_26 0.000 401.769 12.000
E_27 -19.866 -605.239 9.000
E_28 -18.409 -605.239 8.000
A_29 0.000 185.740 10.000
M_30 0.000 401.769 6.000
H_31 -1.718 -583.484 2.000
M_32 0.000 401.769 5.000
A_33 0.000 185.740 9.000
K_34 -13.255 -818.649 7.000
E_35 -16.691 -605.239 7.000
A_36 0.000 185.740 11.000
L_37 0.000 679.918 12.000
E_38 -22.253 -605.239 11.000
N_39 -25.772 -507.047 15.000
T_40 -19.613 -90.974 15.000
E_41 -22.253 -605.239 11.000
V_42 0.000 613.196 7.000
P_43 0.000 -195.996 4.000
V_44 0.000 613.196 0.000
G_45 0.000 -27.649 0.000
C_46 0.000 322.480 0.000
L_47 0.000 679.918 0.000
M_48 0.000 401.769 2.000
V_49 0.000 613.196 6.000
Y_50 -11.154 -274.939 10.000
N_51 -25.003 -507.047 14.000
N_52 -25.003 -507.047 14.000
E_53 -23.258 -605.239 12.000
V_54 0.000 613.196 8.000
V_55 0.000 613.196 7.000
G_56 0.000 -27.649 3.000
K_57 -14.420 -818.649 8.000
G_58 0.000 -27.649 12.000
R_59 -32.645 -1015.709 16.000
N_60 -24.169 -507.047 13.000
E_61 -27.150 -605.239 17.000
V_62 0.000 613.196 16.000
N_63 -25.772 -507.047 15.000
Q_64 -25.003 -643.904 14.000
T_65 -21.060 -90.974 18.000
K_66 -19.059 -818.649 14.000
N_67 -24.169 -507.047 13.000
A_68 0.000 185.740 15.000
T_69 -19.059 -90.974 14.000
R_70 -25.574 -1015.709 10.000
H_71 -12.900 -583.484 14.000
A_72 0.000 185.740 11.000
E_73 -14.591 -605.239 6.000
M_74 0.000 401.769 4.000
V_75 0.000 613.196 4.000
A_76 0.000 185.740 4.000
I_77 0.000 777.529 8.000
D_78 -18.409 -475.402 8.000
Q_79 -18.409 -643.904 8.000
V_80 0.000 613.196 12.000
L_81 0.000 679.918 9.000
D_82 -11.867 -475.402 5.000
W_83 -5.708 -203.500 10.000
C_84 0.000 322.480 14.000
R_85 -29.616 -1015.709 13.000
Q_86 -23.258 -643.904 12.000
S_87 -19.613 -90.060 15.000
G_88 0.000 -27.649 13.000
K_89 -15.425 -818.649 9.000
S_90 -15.425 -90.060 9.000
P_91 0.000 -195.996 13.000
S_92 -16.309 -90.060 10.000
E_93 -16.691 -605.239 7.000
V_94 0.000 613.196 11.000
F_95 0.000 560.542 10.000
E_96 -19.866 -605.239 9.000
H_97 -10.601 -583.484 9.000
T_98 -15.425 -90.974 9.000
V_99 0.000 613.196 7.000
L_100 0.000 679.918 5.000
Y_101 -7.426 -274.939 5.000
V_102 0.000 613.196 5.000
T_103 -15.425 -90.974 9.000
V_104 0.000 613.196 7.000
E_105 -16.691 -605.239 7.000
P_106 0.000 -195.996 4.000
C_107 0.000 322.480 4.000
I_108 0.000 777.529 0.000
M_109 0.000 401.769 0.000
C_110 0.000 322.480 0.000
A_111 0.000 185.740 0.000
A_112 0.000 185.740 0.000
A_113 0.000 185.740 5.000
L_114 0.000 679.918 5.000
R_115 -11.867 -1015.709 5.000
L_116 0.000 679.918 8.000
M_117 0.000 401.769 8.000
K_118 -4.441 -818.649 3.000
I_119 0.000 777.529 3.000
P_120 0.000 -195.996 3.000
L_121 0.000 679.918 0.000
V_122 0.000 613.196 2.000
V_123 0.000 613.196 2.000
Y_124 -1.718 -274.939 2.000
G_125 0.000 -27.649 6.000
C_126 0.000 322.480 10.000
Q_127 -23.258 -643.904 12.000
N_128 -27.150 -507.047 17.000
E_129 -27.150 -605.239 17.000
R_130 -29.616 -1015.709 13.000
F_131 0.000 560.542 9.000
G_132 0.000 -27.649 5.000
G_133 0.000 -27.649 0.000
C_134 0.000 322.480 3.000
G_135 0.000 -27.649 3.000
S_136 -4.441 -90.060 3.000
V_137 0.000 613.196 7.000
L_138 0.000 679.918 7.000
N_139 -7.878 -507.047 4.000
I_140 0.000 777.529 7.000
A_141 0.000 185.740 7.000
S_142 -13.255 -90.060 7.000
A_143 0.000 185.740 7.000
D_144 -16.691 -475.402 7.000
L_145 0.000 679.918 8.000
P_146 0.000 -195.996 11.000
N_147 -16.691 -507.047 7.000
T_148 -17.811 -90.974 12.000
G_149 0.000 -27.649 12.000
R_150 -21.845 -1015.709 8.000
P_151 0.000 -195.996 9.000
F_152 0.000 560.542 9.000
Q_153 -7.878 -643.904 4.000
C_154 0.000 322.480 4.000
I_155 0.000 777.529 4.000
P_156 0.000 -195.996 2.000
G_157 0.000 -27.649 7.000
Y_158 -9.265 -274.939 7.000
R_159 -27.076 -1015.709 11.000
A_160 0.000 185.740 15.000
E_161 -24.169 -605.239 13.000
E_162 -18.409 -605.239 8.000
A_163 0.000 185.740 12.000
V_164 0.000 613.196 8.000
E_165 -7.878 -605.239 4.000
M_166 0.000 401.769 7.000
L_167 0.000 679.918 10.000
K_168 -11.867 -818.649 6.000
T_169 -14.420 -90.974 8.000
F_170 0.000 560.542 11.000
Y_171 -12.104 -274.939 12.000
K_172 -18.462 -818.649 13.000
Q_173 -27.150 -643.904 17.000
E_174 -25.772 -605.239 15.000
N_175 -26.485 -507.047 16.000
P_176 0.000 -195.996 12.000
N_177 -18.409 -507.047 8.000
A_178 0.000 185.740 7.000
P_179 0.000 -195.996 10.000
K_180 -15.425 -818.649 9.000
S_181 -15.425 -90.060 9.000
K_182 -19.059 -818.649 14.000
V_183 0.000 613.196 14.000
R_184 -30.711 -1015.709 14.000
K_185 -19.613 -818.649 15.000
K_186 -19.613 -818.649 15.000
E_187 -25.003 -605.239 14.000
C_188 0.000 322.480 14.000
Q_189 -25.003 -643.904 14.000
K_190 -16.309 -818.649 10.000
S_191 -16.309 -90.060 10.000
