M_1 0.000 401.769 0.000
A_2 0.000 185.740 0.000
A_3 0.000 185.740 0.000
A_4 0.000 185.740 0.000
A_5 0.000 185.740 0.000
L_6 0.000 679.918 0.000
P_7 0.000 -195.996 5.000
P_8 0.000 -195.996 5.000
R_9 -11.867 -1015.709 5.000
P_10 0.000 -195.996 5.000
L_11 0.000 679.918 5.000
L_12 0.000 679.918 0.000
L_13 0.000 679.918 0.000
L_14 0.000 679.918 0.000
P_15 0.000 -195.996 0.000
L_16 0.000 679.918 0.000
V_17 0.000 613.196 0.000
L_18 0.000 679.918 0.000
L_19 0.000 679.918 3.000
L_20 0.000 679.918 3.000
S_21 -14.420 -90.060 8.000
G_22 0.000 -27.649 8.000
R_23 -27.076 -1015.709 11.000
P_24 0.000 -195.996 13.000
T_25 -18.462 -90.974 13.000
R_26 -28.412 -1015.709 12.000
A_27 0.000 185.740 15.000
D_28 -25.772 -475.402 15.000
S_29 -16.309 -90.060 10.000
K_30 -16.309 -818.649 10.000
V_31 0.000 613.196 6.000
F_32 0.000 560.542 7.000
G_33 0.000 -27.649 4.000
D_34 -18.409 -475.402 8.000
L_35 0.000 679.918 12.000
D_36 -23.258 -475.402 12.000
Q_37 -24.169 -643.904 13.000
V_38 0.000 613.196 13.000
R_39 -28.412 -1015.709 12.000
M_40 0.000 401.769 11.000
T_41 -19.613 -90.974 15.000
S_42 -16.309 -90.060 10.000
E_43 -24.169 -605.239 13.000
G_44 0.000 -27.649 14.000
S_45 -17.098 -90.060 11.000
D_46 -23.258 -475.402 12.000
C_47 0.000 322.480 12.000
R_48 -28.412 -1015.709 12.000
C_49 0.000 322.480 8.000
K_50 -14.420 -818.649 8.000
C_51 0.000 322.480 3.000
I_52 0.000 777.529 8.000
M_53 0.000 401.769 5.000
R_54 -11.867 -1015.709 5.000
P_55 0.000 -195.996 8.000
L_56 0.000 679.918 11.000
S_57 -16.309 -90.060 10.000
K_58 -16.309 -818.649 10.000
D_59 -21.132 -475.402 10.000
A_60 0.000 185.740 10.000
C_61 0.000 322.480 12.000
S_62 -14.420 -90.060 8.000
R_63 -29.616 -1015.709 13.000
V_64 0.000 613.196 16.000
R_65 -29.616 -1015.709 13.000
S_66 -18.462 -90.060 13.000
G_67 0.000 -27.649 13.000
R_68 -29.616 -1015.709 13.000
A_69 0.000 185.740 10.000
R_70 -30.711 -1015.709 14.000
V_71 0.000 613.196 13.000
E_72 -24.169 -605.239 13.000
D_73 -21.132 -475.402 10.000
F_74 0.000 560.542 13.000
Y_75 -10.601 -274.939 9.000
T_76 -15.425 -90.974 9.000
V_77 0.000 613.196 12.000
E_78 -21.132 -605.239 10.000
T_79 -16.309 -90.974 10.000
V_80 0.000 613.196 13.000
S_81 -15.425 -90.060 9.000
S_82 -15.425 -90.060 9.000
G_83 0.000 -27.649 13.000
T_84 -16.309 -90.974 10.000
D_85 -23.258 -475.402 12.000
C_86 0.000 322.480 12.000
R_87 -28.412 -1015.709 12.000
C_88 0.000 322.480 8.000
S_89 -17.098 -90.060 11.000
C_90 0.000 322.480 6.000
T_91 -11.867 -90.974 6.000
A_92 0.000 185.740 3.000
P_93 0.000 -195.996 6.000
P_94 0.000 -195.996 6.000
S_95 -11.867 -90.060 6.000
S_96 -16.309 -90.060 10.000
L_97 0.000 679.918 10.000
N_98 -16.691 -507.047 7.000
P_99 0.000 -195.996 8.000
C_100 0.000 322.480 12.000
E_101 -23.258 -605.239 12.000
N_102 -24.169 -507.047 13.000
E_103 -26.485 -605.239 16.000
W_104 -6.160 -203.500 12.000
K_105 -17.811 -818.649 12.000
M_106 0.000 401.769 11.000
E_107 -21.132 -605.239 10.000
K_108 -16.309 -818.649 10.000
L_109 0.000 679.918 13.000
K_110 -18.462 -818.649 13.000
K_111 -16.309 -818.649 10.000
Q_112 -21.132 -643.904 10.000
A_113 0.000 185.740 11.000
P_114 0.000 -195.996 8.000
E_115 -7.878 -605.239 4.000
L_116 0.000 679.918 7.000
L_117 0.000 679.918 7.000
K_118 -13.255 -818.649 7.000
L_119 0.000 679.918 10.000
Q_120 -21.132 -643.904 10.000
S_121 -13.255 -90.060 7.000
M_122 0.000 401.769 11.000
V_123 0.000 613.196 7.000
D_124 -7.878 -475.402 4.000
L_125 0.000 679.918 8.000
L_126 0.000 679.918 8.000
E_127 -16.691 -605.239 7.000
G_128 0.000 -27.649 7.000
T_129 -15.425 -90.974 9.000
L_130 0.000 679.918 8.000
Y_131 -9.978 -274.939 8.000
S_132 -15.425 -90.060 9.000
M_133 0.000 401.769 9.000
D_134 -16.691 -475.402 7.000
L_135 0.000 679.918 7.000
M_136 0.000 401.769 7.000
K_137 -10.149 -818.649 5.000
V_138 0.000 613.196 5.000
H_139 -9.265 -583.484 7.000
A_140 0.000 185.740 4.000
Y_141 -8.431 -274.939 6.000
V_142 0.000 613.196 7.000
H_143 -9.265 -583.484 7.000
K_144 -10.149 -818.649 5.000
V_145 0.000 613.196 8.000
A_146 0.000 185.740 10.000
S_147 -13.255 -90.060 7.000
Q_148 -22.253 -643.904 11.000
M_149 0.000 401.769 14.000
N_150 -22.253 -507.047 11.000
T_151 -17.098 -90.974 11.000
L_152 0.000 679.918 15.000
E_153 -25.003 -605.239 14.000
E_154 -22.253 -605.239 11.000
S_155 -19.059 -90.060 14.000
I_156 0.000 777.529 10.000
K_157 -16.309 -818.649 10.000
A_158 0.000 185.740 7.000
N_159 -21.132 -507.047 10.000
L_160 0.000 679.918 12.000
S_161 -20.127 -90.060 16.000
R_162 -32.645 -1015.709 16.000
E_163 -28.912 -605.239 20.000
N_164 -27.150 -507.047 17.000
E_165 -23.258 -605.239 12.000
V_166 0.000 613.196 11.000
V_167 0.000 613.196 11.000
K_168 -16.309 -818.649 10.000
D_169 -21.132 -475.402 10.000
S_170 -19.613 -90.060 15.000
V_171 0.000 613.196 14.000
R_172 -25.574 -1015.709 10.000
H_173 -11.154 -583.484 10.000
L_174 0.000 679.918 14.000
S_175 -18.462 -90.060 13.000
E_176 -22.253 -605.239 11.000
Q_177 -26.485 -643.904 16.000
L_178 0.000 679.918 15.000
R_179 -29.616 -1015.709 13.000
H_180 -12.518 -583.484 13.000
Y_181 -13.896 -274.939 17.000
E_182 -25.003 -605.239 14.000
N_183 -25.772 -507.047 15.000
H_184 -12.518 -583.484 13.000
S_185 -15.425 -90.060 9.000
A_186 0.000 185.740 5.000
I_187 0.000 777.529 3.000
M_188 0.000 401.769 0.000
L_189 0.000 679.918 0.000
G_190 0.000 -27.649 3.000
I_191 0.000 777.529 6.000
K_192 -16.309 -818.649 10.000
K_193 -16.309 -818.649 10.000
E_194 -24.169 -605.239 13.000
L_195 0.000 679.918 15.000
S_196 -17.811 -90.060 12.000
R_197 -21.845 -1015.709 8.000
L_198 0.000 679.918 8.000
G_199 0.000 -27.649 9.000
L_200 0.000 679.918 4.000
Q_201 -7.878 -643.904 4.000
L_202 0.000 679.918 8.000
L_203 0.000 679.918 11.000
Q_204 -22.253 -643.904 11.000
K_205 -17.098 -818.649 11.000
D_206 -22.253 -475.402 11.000
A_207 0.000 185.740 7.000
A_208 0.000 185.740 4.000
A_209 0.000 185.740 0.000
A_210 0.000 185.740 0.000
P_211 0.000 -195.996 3.000
A_212 0.000 185.740 3.000
T_213 -4.441 -90.974 3.000
P_214 0.000 -195.996 6.000
A_215 0.000 185.740 6.000
T_216 -11.867 -90.974 6.000
G_217 0.000 -27.649 6.000
T_218 -15.425 -90.974 9.000
G_219 0.000 -27.649 9.000
S_220 -15.425 -90.060 9.000
K_221 -16.309 -818.649 10.000
A_222 0.000 185.740 14.000
Q_223 -25.003 -643.904 14.000
D_224 -22.253 -475.402 11.000
T_225 -20.127 -90.974 16.000
A_226 0.000 185.740 12.000
R_227 -27.076 -1015.709 11.000
G_228 0.000 -27.649 8.000
K_229 -17.098 -818.649 11.000
G_230 0.000 -27.649 10.000
K_231 -16.309 -818.649 10.000
D_232 -21.132 -475.402 10.000
I_233 0.000 777.529 13.000
S_234 -17.811 -90.060 12.000
K_235 -14.420 -818.649 8.000
Y_236 -11.652 -274.939 11.000
G_237 0.000 -27.649 8.000
S_238 -15.425 -90.060 9.000
V_239 0.000 613.196 10.000
Q_240 -24.169 -643.904 13.000
K_241 -16.309 -818.649 10.000
S_242 -16.309 -90.060 10.000
F_243 0.000 560.542 10.000
A_244 0.000 185.740 12.000
D_245 -19.866 -475.402 9.000
R_246 -23.856 -1015.709 9.000
G_247 0.000 -27.649 9.000
L_248 0.000 679.918 8.000
P_249 0.000 -195.996 3.000
K_250 -4.441 -818.649 3.000
P_251 0.000 -195.996 6.000
P_252 0.000 -195.996 10.000
K_253 -16.309 -818.649 10.000
E_254 -21.132 -605.239 10.000
K_255 -16.309 -818.649 10.000
L_256 0.000 679.918 11.000
L_257 0.000 679.918 7.000
Q_258 -18.409 -643.904 8.000
V_259 0.000 613.196 11.000
E_260 -22.253 -605.239 11.000
K_261 -17.811 -818.649 12.000
L_262 0.000 679.918 15.000
R_263 -31.716 -1015.709 15.000
K_264 -19.613 -818.649 15.000
E_265 -25.772 -605.239 15.000
S_266 -18.462 -90.060 13.000
G_267 0.000 -27.649 10.000
K_268 -15.425 -818.649 9.000
G_269 0.000 -27.649 6.000
S_270 -11.867 -90.060 6.000
F_271 0.000 560.542 7.000
L_272 0.000 679.918 7.000
Q_273 -16.691 -643.904 7.000
P_274 0.000 -195.996 7.000
T_275 -16.309 -90.974 10.000
A_276 0.000 185.740 6.000
K_277 -17.098 -818.649 11.000
P_278 0.000 -195.996 8.000
R_279 -21.845 -1015.709 8.000
A_280 0.000 185.740 5.000
L_281 0.000 679.918 9.000
A_282 0.000 185.740 8.000
Q_283 -23.258 -643.904 12.000
Q_284 -23.258 -643.904 12.000
Q_285 -23.258 -643.904 12.000
A_286 0.000 185.740 8.000
V_287 0.000 613.196 9.000
I_288 0.000 777.529 5.000
R_289 -11.867 -1015.709 5.000
G_290 0.000 -27.649 8.000
F_291 0.000 560.542 10.000
T_292 -13.255 -90.974 7.000
Y_293 -11.154 -274.939 10.000
Y_294 -11.154 -274.939 10.000
K_295 -13.255 -818.649 7.000
A_296 0.000 185.740 8.000
G_297 0.000 -27.649 10.000
K_298 -17.098 -818.649 11.000
Q_299 -22.253 -643.904 11.000
E_300 -25.003 -605.239 14.000
V_301 0.000 613.196 15.000
T_302 -17.098 -90.974 11.000
E_303 -16.691 -605.239 7.000
A_304 0.000 185.740 7.000
V_305 0.000 613.196 8.000
A_306 0.000 185.740 8.000
D_307 -22.253 -475.402 11.000
N_308 -22.253 -507.047 11.000
T_309 -19.613 -90.974 15.000
L_310 0.000 679.918 11.000
Q_311 -21.132 -643.904 10.000
G_312 0.000 -27.649 10.000
T_313 -17.098 -90.974 11.000
S_314 -13.255 -90.060 7.000
W_315 -5.944 -203.500 11.000
L_316 0.000 679.918 12.000
E_317 -19.866 -605.239 9.000
Q_318 -18.409 -643.904 8.000
L_319 0.000 679.918 8.000
P_320 0.000 -195.996 7.000
P_321 0.000 -195.996 3.000
K_322 -13.255 -818.649 7.000
V_323 0.000 613.196 7.000
E_324 -23.258 -605.239 12.000
G_325 0.000 -27.649 12.000
R_326 -32.645 -1015.709 16.000
S_327 -19.613 -90.060 15.000
N_328 -25.772 -507.047 15.000
S_329 -19.059 -90.060 14.000
A_330 0.000 185.740 11.000
E_331 -22.253 -605.239 11.000
P_332 0.000 -195.996 11.000
N_333 -22.253 -507.047 11.000
S_334 -17.098 -90.060 11.000
A_335 0.000 185.740 15.000
E_336 -25.772 -605.239 15.000
Q_337 -26.485 -643.904 16.000
D_338 -26.485 -475.402 16.000
E_339 -26.485 -605.239 16.000
A_340 0.000 185.740 12.000
E_341 -24.169 -605.239 13.000
P_342 0.000 -195.996 12.000
R_343 -31.716 -1015.709 15.000
S_344 -19.613 -90.060 15.000
S_345 -21.889 -90.060 20.000
E_346 -25.772 -605.239 15.000
R_347 -32.645 -1015.709 16.000
V_348 0.000 613.196 13.000
D_349 -19.866 -475.402 9.000
L_350 0.000 679.918 7.000
A_351 0.000 185.740 7.000
S_352 -11.867 -90.060 6.000
G_353 0.000 -27.649 6.000
T_354 -15.425 -90.974 9.000
P_355 0.000 -195.996 9.000
T_356 -15.425 -90.974 9.000
S_357 -11.867 -90.060 6.000
I_358 0.000 777.529 6.000
P_359 0.000 -195.996 6.000
A_360 0.000 185.740 6.000
T_361 -15.425 -90.974 9.000
T_362 -17.811 -90.974 12.000
T_363 -17.811 -90.974 12.000
T_364 -17.811 -90.974 12.000
A_365 0.000 185.740 12.000
T_366 -17.811 -90.974 12.000
T_367 -15.425 -90.974 9.000
T_368 -17.811 -90.974 12.000
P_369 0.000 -195.996 9.000
T_370 -15.425 -90.974 9.000
P_371 0.000 -195.996 9.000
T_372 -17.811 -90.974 12.000
T_373 -15.425 -90.974 9.000
S_374 -15.425 -90.060 9.000
L_375 0.000 679.918 6.000
L_376 0.000 679.918 6.000
P_377 0.000 -195.996 7.000
T_378 -13.255 -90.974 7.000
E_379 -16.691 -605.239 7.000
P_380 0.000 -195.996 10.000
P_381 0.000 -195.996 7.000
S_382 -4.441 -90.060 3.000
G_383 0.000 -27.649 7.000
P_384 0.000 -195.996 7.000
E_385 -16.691 -605.239 7.000
V_386 0.000 613.196 10.000
S_387 -19.059 -90.060 14.000
S_388 -16.309 -90.060 10.000
Q_389 -25.772 -643.904 15.000
G_390 0.000 -27.649 16.000
R_391 -29.616 -1015.709 13.000
E_392 -23.258 -605.239 12.000
A_393 0.000 185.740 12.000
S_394 -17.098 -90.060 11.000
C_395 0.000 322.480 7.000
E_396 -21.132 -605.239 10.000
G_397 0.000 -27.649 7.000
T_398 -17.811 -90.974 12.000
L_399 0.000 679.918 8.000
R_400 -21.845 -1015.709 8.000
A_401 0.000 185.740 9.000
V_402 0.000 613.196 9.000
D_403 -7.878 -475.402 4.000
P_404 0.000 -195.996 4.000
P_405 0.000 -195.996 9.000
V_406 0.000 613.196 7.000
R_407 -23.856 -1015.709 9.000
H_408 -12.104 -583.484 12.000
H_409 -12.900 -583.484 14.000
S_410 -15.425 -90.060 9.000
Y_411 -12.104 -274.939 12.000
G_412 0.000 -27.649 12.000
R_413 -29.616 -1015.709 13.000
H_414 -11.652 -583.484 11.000
E_415 -22.253 -605.239 11.000
G_416 0.000 -27.649 7.000
A_417 0.000 185.740 5.000
W_418 -3.436 -203.500 4.000
M_419 0.000 401.769 8.000
K_420 -14.420 -818.649 8.000
D_421 -16.691 -475.402 7.000
P_422 0.000 -195.996 7.000
A_423 0.000 185.740 9.000
A_424 0.000 185.740 9.000
R_425 -29.616 -1015.709 13.000
D_426 -27.773 -475.402 18.000
D_427 -27.773 -475.402 18.000
R_428 -31.716 -1015.709 15.000
I_429 0.000 777.529 11.000
Y_430 -11.154 -274.939 10.000
V_431 0.000 613.196 9.000
T_432 -17.098 -90.974 11.000
N_433 -22.253 -507.047 11.000
Y_434 -12.518 -274.939 13.000
Y_435 -11.154 -274.939 10.000
Y_436 -11.154 -274.939 10.000
G_437 0.000 -27.649 11.000
N_438 -19.866 -507.047 9.000
S_439 -13.255 -90.060 7.000
L_440 0.000 679.918 11.000
V_441 0.000 613.196 7.000
E_442 -19.866 -605.239 9.000
F_443 0.000 560.542 13.000
R_444 -29.616 -1015.709 13.000
N_445 -24.169 -507.047 13.000
L_446 0.000 679.918 17.000
E_447 -23.258 -605.239 12.000
N_448 -22.253 -507.047 11.000
F_449 0.000 560.542 15.000
K_450 -17.098 -818.649 11.000
Q_451 -23.258 -643.904 12.000
G_452 0.000 -27.649 13.000
R_453 -29.616 -1015.709 13.000
W_454 -6.358 -203.500 13.000
S_455 -18.462 -90.060 13.000
N_456 -21.132 -507.047 10.000
M_457 0.000 401.769 12.000
Y_458 -10.601 -274.939 9.000
K_459 -10.149 -818.649 5.000
L_460 0.000 679.918 7.000
P_461 0.000 -195.996 9.000
Y_462 -9.265 -274.939 7.000
N_463 -16.691 -507.047 7.000
W_464 -4.824 -203.500 7.000
I_465 0.000 777.529 8.000
G_466 0.000 -27.649 4.000
T_467 -10.149 -90.974 5.000
G_468 0.000 -27.649 5.000
H_469 -7.426 -583.484 5.000
V_470 0.000 613.196 4.000
V_471 0.000 613.196 8.000
Y_472 -8.431 -274.939 6.000
Q_473 -14.591 -643.904 6.000
G_474 0.000 -27.649 6.000
A_475 0.000 185.740 6.000
F_476 0.000 560.542 4.000
Y_477 -9.978 -274.939 8.000
Y_478 -12.518 -274.939 13.000
N_479 -24.169 -507.047 13.000
R_480 -27.076 -1015.709 11.000
A_481 0.000 185.740 12.000
F_482 0.000 560.542 11.000
T_483 -16.309 -90.974 10.000
K_484 -16.309 -818.649 10.000
N_485 -21.132 -507.047 10.000
I_486 0.000 777.529 10.000
I_487 0.000 777.529 9.000
K_488 -15.425 -818.649 9.000
Y_489 -10.601 -274.939 9.000
D_490 -25.003 -475.402 14.000
L_491 0.000 679.918 15.000
R_492 -34.315 -1015.709 18.000
Q_493 -25.003 -643.904 14.000
R_494 -30.711 -1015.709 14.000
F_495 0.000 560.542 9.000
V_496 0.000 613.196 8.000
A_497 0.000 185.740 4.000
S_498 -7.878 -90.060 4.000
W_499 -3.436 -203.500 4.000
A_500 0.000 185.740 4.000
L_501 0.000 679.918 1.000
L_502 0.000 679.918 4.000
P_503 0.000 -195.996 4.000
D_504 -7.878 -475.402 4.000
V_505 0.000 613.196 6.000
V_506 0.000 613.196 10.000
Y_507 -11.154 -274.939 10.000
E_508 -24.169 -605.239 13.000
D_509 -26.485 -475.402 16.000
T_510 -19.059 -90.974 14.000
T_511 -17.098 -90.974 11.000
P_512 0.000 -195.996 10.000
W_513 -5.155 -203.500 8.000
K_514 -16.309 -818.649 10.000
W_515 -5.708 -203.500 10.000
R_516 -27.076 -1015.709 11.000
G_517 0.000 -27.649 11.000
H_518 -12.900 -583.484 14.000
S_519 -15.425 -90.060 9.000
D_520 -24.169 -475.402 13.000
I_521 0.000 777.529 11.000
D_522 -18.409 -475.402 8.000
F_523 0.000 560.542 4.000
A_524 0.000 185.740 8.000
V_525 0.000 613.196 8.000
D_526 -22.253 -475.402 11.000
E_527 -22.253 -605.239 11.000
S_528 -17.098 -90.060 11.000
G_529 0.000 -27.649 8.000
L_530 0.000 679.918 4.000
W_531 -0.000 -203.500 1.000
V_532 0.000 613.196 3.000
I_533 0.000 777.529 3.000
Y_534 -1.718 -274.939 2.000
P_535 0.000 -195.996 2.000
A_536 0.000 185.740 6.000
V_537 0.000 613.196 8.000
D_538 -24.169 -475.402 13.000
D_539 -27.150 -475.402 17.000
R_540 -36.459 -1015.709 21.000
D_541 -27.150 -475.402 17.000
E_542 -27.150 -605.239 17.000
A_543 0.000 185.740 12.000
Q_544 -23.258 -643.904 12.000
P_545 0.000 -195.996 8.000
E_546 -18.409 -605.239 8.000
V_547 0.000 613.196 4.000
I_548 0.000 777.529 4.000
V_549 0.000 613.196 3.000
L_550 0.000 679.918 8.000
S_551 -14.420 -90.060 8.000
R_552 -28.412 -1015.709 12.000
L_553 0.000 679.918 12.000
D_554 -19.866 -475.402 9.000
P_555 0.000 -195.996 8.000
G_556 0.000 -27.649 8.000
D_557 -16.691 -475.402 7.000
L_558 0.000 679.918 7.000
S_559 -15.425 -90.060 9.000
V_560 0.000 613.196 10.000
H_561 -12.900 -583.484 14.000
R_562 -30.711 -1015.709 14.000
E_563 -27.150 -605.239 17.000
T_564 -20.127 -90.974 16.000
T_565 -19.059 -90.974 14.000
W_566 -6.358 -203.500 13.000
K_567 -19.613 -818.649 15.000
T_568 -17.811 -90.974 12.000
R_569 -32.645 -1015.709 16.000
L_570 0.000 679.918 18.000
R_571 -35.072 -1015.709 19.000
R_572 -33.508 -1015.709 17.000
N_573 -28.359 -507.047 19.000
S_574 -19.059 -90.060 14.000
Y_575 -12.518 -274.939 13.000
G_576 0.000 -27.649 9.000
N_577 -14.591 -507.047 6.000
C_578 0.000 322.480 4.000
F_579 0.000 560.542 4.000
L_580 0.000 679.918 0.000
V_581 0.000 613.196 0.000
C_582 0.000 322.480 0.000
G_583 0.000 -27.649 0.000
I_584 0.000 777.529 2.000
L_585 0.000 679.918 2.000
Y_586 -1.718 -274.939 2.000
A_587 0.000 185.740 6.000
V_588 0.000 613.196 9.000
D_589 -19.866 -475.402 9.000
T_590 -18.462 -90.974 13.000
Y_591 -13.896 -274.939 17.000
N_592 -27.150 -507.047 17.000
Q_593 -27.773 -643.904 18.000
Q_594 -26.485 -643.904 16.000
E_595 -26.485 -605.239 16.000
G_596 0.000 -27.649 12.000
Q_597 -18.409 -643.904 8.000
V_598 0.000 613.196 6.000
A_599 0.000 185.740 6.000
Y_600 -1.718 -274.939 2.000
A_601 0.000 185.740 6.000
F_602 0.000 560.542 9.000
D_603 -19.866 -475.402 9.000
T_604 -17.811 -90.974 12.000
H_605 -12.104 -583.484 12.000
T_606 -17.098 -90.974 11.000
G_607 0.000 -27.649 12.000
T_608 -16.309 -90.974 10.000
D_609 -23.258 -475.402 12.000
A_610 0.000 185.740 12.000
R_611 -29.616 -1015.709 13.000
P_612 0.000 -195.996 9.000
Q_613 -19.866 -643.904 9.000
L_614 0.000 679.918 4.000
P_615 0.000 -195.996 4.000
F_616 0.000 560.542 4.000
L_617 0.000 679.918 8.000
N_618 -21.132 -507.047 10.000
E_619 -21.132 -605.239 10.000
H_620 -12.104 -583.484 12.000
A_621 0.000 185.740 11.000
Y_622 -11.154 -274.939 10.000
T_623 -17.811 -90.974 12.000
T_624 -17.811 -90.974 12.000
Q_625 -25.003 -643.904 14.000
I_626 0.000 777.529 13.000
D_627 -25.003 -475.402 14.000
Y_628 -11.154 -274.939 10.000
N_629 -24.169 -507.047 13.000
P_630 0.000 -195.996 13.000
K_631 -20.127 -818.649 16.000
E_632 -23.258 -605.239 12.000
R_633 -28.412 -1015.709 12.000
V_634 0.000 613.196 11.000
L_635 0.000 679.918 7.000
Y_636 -4.441 -274.939 3.000
A_637 0.000 185.740 7.000
W_638 -5.944 -203.500 11.000
D_639 -19.866 -475.402 9.000
N_640 -22.253 -507.047 11.000
G_641 0.000 -27.649 14.000
H_642 -11.154 -583.484 10.000
Q_643 -19.866 -643.904 9.000
L_644 0.000 679.918 11.000
T_645 -17.811 -90.974 12.000
Y_646 -9.978 -274.939 8.000
T_647 -16.309 -90.974 10.000
L_648 0.000 679.918 7.000
H_649 -7.426 -583.484 5.000
F_650 0.000 560.542 2.000
V_651 0.000 613.196 2.000
V_652 0.000 613.196 0.000
