M_1 0.000 401.769 0.000
A_2 0.000 185.740 5.000
P_3 0.000 -195.996 5.000
R_4 -25.574 -1015.709 10.000
P_5 0.000 -195.996 10.000
R_6 -31.716 -1015.709 15.000
A_7 0.000 185.740 10.000
R_8 -25.574 -1015.709 10.000
P_9 0.000 -195.996 5.000
G_10 0.000 -27.649 5.000
V_11 0.000 613.196 0.000
A_12 0.000 185.740 0.000
V_13 0.000 613.196 0.000
A_14 0.000 185.740 0.000
C_15 0.000 322.480 1.000
C_16 0.000 322.480 1.000
W_17 -0.000 -203.500 1.000
L_18 0.000 679.918 4.000
L_19 0.000 679.918 4.000
T_20 -4.441 -90.974 3.000
V_21 0.000 613.196 3.000
V_22 0.000 613.196 8.000
L_23 0.000 679.918 5.000
R_24 -11.867 -1015.709 5.000
C_25 0.000 322.480 5.000
C_26 0.000 322.480 8.000
V_27 0.000 613.196 3.000
S_28 -13.255 -90.060 7.000
F_29 0.000 560.542 7.000
N_30 -22.253 -507.047 11.000
V_31 0.000 613.196 8.000
D_32 -22.253 -475.402 11.000
V_33 0.000 613.196 11.000
K_34 -19.059 -818.649 14.000
N_35 -21.132 -507.047 10.000
S_36 -18.462 -90.060 13.000
M_37 0.000 401.769 10.000
T_38 -15.425 -90.974 9.000
F_39 0.000 560.542 6.000
S_40 -11.867 -90.060 6.000
G_41 0.000 -27.649 3.000
P_42 0.000 -195.996 7.000
V_43 0.000 613.196 8.000
E_44 -18.409 -605.239 8.000
D_45 -18.409 -475.402 8.000
M_46 0.000 401.769 8.000
F_47 0.000 560.542 6.000
G_48 0.000 -27.649 5.000
Y_49 -7.426 -274.939 5.000
T_50 -15.425 -90.974 9.000
V_51 0.000 613.196 13.000
Q_52 -24.169 -643.904 13.000
Q_53 -25.003 -643.904 14.000
Y_54 -14.188 -274.939 18.000
E_55 -27.773 -605.239 18.000
N_56 -27.773 -507.047 18.000
E_57 -26.485 -605.239 16.000
E_58 -25.772 -605.239 15.000
G_59 0.000 -27.649 12.000
K_60 -14.420 -818.649 8.000
W_61 -3.436 -203.500 4.000
V_62 0.000 613.196 4.000
L_63 0.000 679.918 1.000
I_64 0.000 777.529 3.000
G_65 0.000 -27.649 3.000
S_66 -4.441 -90.060 3.000
P_67 0.000 -195.996 3.000
L_68 0.000 679.918 3.000
V_69 0.000 613.196 4.000
G_70 0.000 -27.649 4.000
Q_71 -16.691 -643.904 7.000
P_72 0.000 -195.996 11.000
K_73 -20.127 -818.649 16.000
N_74 -25.772 -507.047 15.000
R_75 -31.716 -1015.709 15.000
T_76 -20.127 -90.974 16.000
G_77 0.000 -27.649 12.000
D_78 -19.866 -475.402 9.000
V_79 0.000 613.196 9.000
Y_80 -10.601 -274.939 9.000
K_81 -10.149 -818.649 5.000
C_82 0.000 322.480 5.000
P_83 0.000 -195.996 3.000
V_84 0.000 613.196 5.000
G_85 0.000 -27.649 5.000
R_86 -23.856 -1015.709 9.000
G_87 0.000 -27.649 12.000
E_88 -23.258 -605.239 12.000
S_89 -13.255 -90.060 7.000
L_90 0.000 679.918 7.000
P_91 0.000 -195.996 3.000
C_92 0.000 322.480 3.000
V_93 0.000 613.196 3.000
K_94 -13.255 -818.649 7.000
L_95 0.000 679.918 7.000
D_96 -16.691 -475.402 7.000
L_97 0.000 679.918 4.000
P_98 0.000 -195.996 8.000
V_99 0.000 613.196 7.000
N_100 -21.132 -507.047 10.000
T_101 -16.309 -90.974 10.000
S_102 -16.309 -90.060 10.000
I_103 0.000 777.529 10.000
P_104 0.000 -195.996 7.000
N_105 -16.691 -507.047 7.000
V_106 0.000 613.196 11.000
T_107 -17.098 -90.974 11.000
E_108 -21.132 -605.239 10.000
V_109 0.000 613.196 14.000
K_110 -19.613 -818.649 15.000
E_111 -22.253 -605.239 11.000
N_112 -25.003 -507.047 14.000
M_113 0.000 401.769 11.000
T_114 -13.255 -90.974 7.000
F_115 0.000 560.542 6.000
G_116 0.000 -27.649 9.000
S_117 -11.867 -90.060 6.000
T_118 -11.867 -90.974 6.000
L_119 0.000 679.918 9.000
V_120 0.000 613.196 10.000
T_121 -13.255 -90.974 7.000
N_122 -22.253 -507.047 11.000
P_123 0.000 -195.996 11.000
N_124 -18.409 -507.047 8.000
G_125 0.000 -27.649 4.000
G_126 0.000 -27.649 4.000
F_127 0.000 560.542 0.000
L_128 0.000 679.918 0.000
A_129 0.000 185.740 0.000
C_130 0.000 322.480 0.000
G_131 0.000 -27.649 0.000
P_132 0.000 -195.996 2.000
L_133 0.000 679.918 2.000
Y_134 -6.160 -274.939 4.000
A_135 0.000 185.740 9.000
Y_136 -10.601 -274.939 9.000
R_137 -19.414 -1015.709 7.000
C_138 0.000 322.480 9.000
G_139 0.000 -27.649 7.000
H_140 -6.160 -583.484 4.000
L_141 0.000 679.918 6.000
H_142 -10.601 -583.484 9.000
Y_143 -11.154 -274.939 10.000
T_144 -16.309 -90.974 10.000
T_145 -14.420 -90.974 8.000
G_146 0.000 -27.649 6.000
I_147 0.000 777.529 6.000
C_148 0.000 322.480 7.000
S_149 -13.255 -90.060 7.000
D_150 -21.132 -475.402 10.000
V_151 0.000 613.196 10.000
S_152 -16.309 -90.060 10.000
P_153 0.000 -195.996 6.000
T_154 -16.309 -90.974 10.000
F_155 0.000 560.542 7.000
Q_156 -16.691 -643.904 7.000
V_157 0.000 613.196 8.000
V_158 0.000 613.196 11.000
N_159 -16.691 -507.047 7.000
S_160 -13.255 -90.060 7.000
I_161 0.000 777.529 7.000
A_162 0.000 185.740 3.000
P_163 0.000 -195.996 4.000
V_164 0.000 613.196 8.000
Q_165 -18.409 -643.904 8.000
E_166 -22.253 -605.239 11.000
C_167 0.000 322.480 14.000
S_168 -19.059 -90.060 14.000
T_169 -16.309 -90.974 10.000
Q_170 -25.003 -643.904 14.000
L_171 0.000 679.918 11.000
D_172 -18.409 -475.402 8.000
I_173 0.000 777.529 4.000
V_174 0.000 613.196 4.000
I_175 0.000 777.529 0.000
V_176 0.000 613.196 4.000
L_177 0.000 679.918 4.000
D_178 -16.691 -475.402 7.000
G_179 0.000 -27.649 11.000
S_180 -19.059 -90.060 14.000
N_181 -21.132 -507.047 10.000
S_182 -17.811 -90.060 12.000
I_183 0.000 777.529 9.000
Y_184 -8.431 -274.939 6.000
P_185 0.000 -195.996 7.000
W_186 -5.708 -203.500 10.000
D_187 -18.409 -475.402 8.000
S_188 -17.098 -90.060 11.000
V_189 0.000 613.196 10.000
T_190 -11.867 -90.974 6.000
A_191 0.000 185.740 3.000
F_192 0.000 560.542 7.000
L_193 0.000 679.918 8.000
N_194 -18.409 -507.047 8.000
D_195 -18.409 -475.402 8.000
L_196 0.000 679.918 12.000
L_197 0.000 679.918 13.000
E_198 -19.866 -605.239 9.000
R_199 -29.616 -1015.709 13.000
M_200 0.000 401.769 13.000
D_201 -19.866 -475.402 9.000
I_202 0.000 777.529 4.000
G_203 0.000 -27.649 7.000
P_204 0.000 -195.996 7.000
K_205 -16.309 -818.649 10.000
Q_206 -25.003 -643.904 14.000
T_207 -19.059 -90.974 14.000
Q_208 -22.253 -643.904 11.000
V_209 0.000 613.196 7.000
G_210 0.000 -27.649 4.000
I_211 0.000 777.529 4.000
V_212 0.000 613.196 6.000
Q_213 -14.591 -643.904 6.000
Y_214 -11.154 -274.939 10.000
G_215 0.000 -27.649 14.000
E_216 -21.132 -605.239 10.000
N_217 -22.253 -507.047 11.000
V_218 0.000 613.196 13.000
T_219 -18.462 -90.974 13.000
H_220 -10.601 -583.484 9.000
E_221 -24.169 -605.239 13.000
F_222 0.000 560.542 10.000
N_223 -23.258 -507.047 12.000
L_224 0.000 679.918 11.000
N_225 -24.169 -507.047 13.000
K_226 -17.811 -818.649 12.000
Y_227 -13.255 -274.939 15.000
S_228 -19.059 -90.060 14.000
S_229 -19.613 -90.060 15.000
T_230 -20.609 -90.974 17.000
E_231 -25.003 -605.239 14.000
E_232 -22.253 -605.239 11.000
V_233 0.000 613.196 8.000
L_234 0.000 679.918 4.000
V_235 0.000 613.196 0.000
A_236 0.000 185.740 3.000
A_237 0.000 185.740 6.000
K_238 -11.867 -818.649 6.000
K_239 -11.867 -818.649 6.000
I_240 0.000 777.529 10.000
V_241 0.000 613.196 12.000
Q_242 -19.866 -643.904 9.000
R_243 -23.856 -1015.709 9.000
G_244 0.000 -27.649 14.000
G_245 0.000 -27.649 14.000
R_246 -28.412 -1015.709 12.000
Q_247 -23.258 -643.904 12.000
T_248 -19.613 -90.974 15.000
M_249 0.000 401.769 10.000
T_250 -11.867 -90.974 6.000
A_251 0.000 185.740 3.000
L_252 0.000 679.918 3.000
G_253 0.000 -27.649 4.000
I_254 0.000 777.529 7.000
D_255 -16.691 -475.402 7.000
T_256 -17.811 -90.974 12.000
A_257 0.000 185.740 15.000
R_258 -31.716 -1015.709 15.000
K_259 -17.811 -818.649 12.000
E_260 -23.258 -605.239 12.000
A_261 0.000 185.740 10.000
F_262 0.000 560.542 11.000
T_263 -13.255 -90.974 7.000
E_264 -23.258 -605.239 12.000
A_265 0.000 185.740 12.000
R_266 -23.856 -1015.709 9.000
G_267 0.000 -27.649 10.000
A_268 0.000 185.740 15.000
R_269 -25.574 -1015.709 10.000
R_270 -25.574 -1015.709 10.000
G_271 0.000 -27.649 13.000
V_272 0.000 613.196 11.000
K_273 -11.867 -818.649 6.000
K_274 -11.867 -818.649 6.000
V_275 0.000 613.196 6.000
M_276 0.000 401.769 3.000
V_277 0.000 613.196 0.000
I_278 0.000 777.529 3.000
V_279 0.000 613.196 7.000
T_280 -13.255 -90.974 7.000
D_281 -22.253 -475.402 11.000
G_282 0.000 -27.649 14.000
E_283 -24.169 -605.239 13.000
S_284 -18.462 -90.060 13.000
H_285 -13.896 -583.484 17.000
D_286 -25.772 -475.402 15.000
N_287 -27.150 -507.047 17.000
H_288 -13.255 -583.484 15.000
R_289 -30.711 -1015.709 14.000
L_290 0.000 679.918 13.000
K_291 -17.098 -818.649 11.000
K_292 -11.867 -818.649 6.000
V_293 0.000 613.196 10.000
I_294 0.000 777.529 11.000
Q_295 -18.409 -643.904 8.000
D_296 -23.258 -475.402 12.000
C_297 0.000 322.480 16.000
E_298 -26.485 -605.239 16.000
D_299 -26.485 -475.402 16.000
E_300 -26.485 -605.239 16.000
N_301 -26.485 -507.047 16.000
I_302 0.000 777.529 17.000
Q_303 -24.169 -643.904 13.000
R_304 -28.412 -1015.709 12.000
F_305 0.000 560.542 12.000
S_306 -14.420 -90.060 8.000
I_307 0.000 777.529 3.000
A_308 0.000 185.740 3.000
I_309 0.000 777.529 0.000
L_310 0.000 679.918 3.000
G_311 0.000 -27.649 5.000
S_312 -15.425 -90.060 9.000
Y_313 -12.900 -274.939 14.000
N_314 -25.003 -507.047 14.000
R_315 -31.716 -1015.709 15.000
G_316 0.000 -27.649 13.000
N_317 -23.258 -507.047 12.000
L_318 0.000 679.918 10.000
S_319 -19.059 -90.060 14.000
T_320 -18.462 -90.974 13.000
E_321 -24.169 -605.239 13.000
K_322 -16.309 -818.649 10.000
F_323 0.000 560.542 11.000
V_324 0.000 613.196 11.000
E_325 -18.409 -605.239 8.000
E_326 -22.253 -605.239 11.000
I_327 0.000 777.529 14.000
K_328 -16.309 -818.649 10.000
S_329 -11.867 -90.060 6.000
I_330 0.000 777.529 9.000
A_331 0.000 185.740 10.000
S_332 -13.255 -90.060 7.000
E_333 -21.132 -605.239 10.000
P_334 0.000 -195.996 14.000
T_335 -19.059 -90.974 14.000
E_336 -23.258 -605.239 12.000
K_337 -17.811 -818.649 12.000
H_338 -10.601 -583.484 9.000
F_339 0.000 560.542 9.000
F_340 0.000 560.542 6.000
N_341 -16.691 -507.047 7.000
V_342 0.000 613.196 11.000
S_343 -19.613 -90.060 15.000
D_344 -22.253 -475.402 11.000
E_345 -22.253 -605.239 11.000
L_346 0.000 679.918 8.000
A_347 0.000 185.740 4.000
L_348 0.000 679.918 3.000
V_349 0.000 613.196 3.000
T_350 -4.441 -90.974 3.000
I_351 0.000 777.529 6.000
V_352 0.000 613.196 9.000
K_353 -11.867 -818.649 6.000
T_354 -11.867 -90.974 6.000
L_355 0.000 679.918 10.000
G_356 0.000 -27.649 12.000
E_357 -19.866 -605.239 9.000
R_358 -23.856 -1015.709 9.000
I_359 0.000 777.529 9.000
F_360 0.000 560.542 5.000
A_361 0.000 185.740 4.000
L_362 0.000 679.918 4.000
E_363 -16.691 -605.239 7.000
A_364 0.000 185.740 7.000
T_365 -17.098 -90.974 11.000
A_366 0.000 185.740 11.000
D_367 -25.003 -475.402 14.000
Q_368 -22.253 -643.904 11.000
S_369 -17.098 -90.060 11.000
A_370 0.000 185.740 10.000
A_371 0.000 185.740 6.000
S_372 -13.255 -90.060 7.000
F_373 0.000 560.542 7.000
E_374 -22.253 -605.239 11.000
M_375 0.000 401.769 8.000
E_376 -22.253 -605.239 11.000
M_377 0.000 401.769 11.000
S_378 -19.059 -90.060 14.000
Q_379 -21.132 -643.904 10.000
T_380 -16.309 -90.974 10.000
G_381 0.000 -27.649 10.000
F_382 0.000 560.542 6.000
S_383 -10.149 -90.060 5.000
A_384 0.000 185.740 7.000
H_385 -11.154 -583.484 10.000
Y_386 -11.652 -274.939 11.000
S_387 -19.613 -90.060 15.000
Q_388 -25.003 -643.904 14.000
D_389 -23.258 -475.402 12.000
W_390 -5.447 -203.500 9.000
V_391 0.000 613.196 5.000
M_392 0.000 401.769 1.000
L_393 0.000 679.918 0.000
G_394 0.000 -27.649 0.000
A_395 0.000 185.740 0.000
V_396 0.000 613.196 0.000
G_397 0.000 -27.649 2.000
A_398 0.000 185.740 6.000
Y_399 -9.265 -274.939 7.000
D_400 -22.253 -475.402 11.000
W_401 -5.944 -203.500 11.000
N_402 -23.258 -507.047 12.000
G_403 0.000 -27.649 8.000
T_404 -13.255 -90.974 7.000
V_405 0.000 613.196 3.000
V_406 0.000 613.196 7.000
M_407 0.000 401.769 7.000
Q_408 -16.691 -643.904 7.000
K_409 -16.309 -818.649 10.000
A_410 0.000 185.740 14.000
S_411 -16.309 -90.060 10.000
Q_412 -16.691 -643.904 7.000
I_413 0.000 777.529 7.000
I_414 0.000 777.529 4.000
I_415 0.000 777.529 5.000
P_416 0.000 -195.996 9.000
R_417 -28.412 -1015.709 12.000
N_418 -25.772 -507.047 15.000
T_419 -19.613 -90.974 15.000
T_420 -19.059 -90.974 14.000
F_421 0.000 560.542 10.000
N_422 -22.253 -507.047 11.000
V_423 0.000 613.196 11.000
E_424 -25.003 -605.239 14.000
S_425 -18.462 -90.060 13.000
T_426 -20.127 -90.974 16.000
K_427 -20.127 -818.649 16.000
K_428 -20.609 -818.649 17.000
N_429 -25.003 -507.047 14.000
E_430 -22.253 -605.239 11.000
P_431 0.000 -195.996 8.000
L_432 0.000 679.918 7.000
A_433 0.000 185.740 5.000
S_434 -10.149 -90.060 5.000
Y_435 -7.426 -274.939 5.000
L_436 0.000 679.918 7.000
G_437 0.000 -27.649 7.000
Y_438 -7.426 -274.939 5.000
T_439 -15.425 -90.974 9.000
V_440 0.000 613.196 12.000
N_441 -21.132 -507.047 10.000
S_442 -16.309 -90.060 10.000
A_443 0.000 185.740 10.000
T_444 -15.425 -90.974 9.000
A_445 0.000 185.740 9.000
S_446 -15.425 -90.060 9.000
S_447 -16.309 -90.060 10.000
G_448 0.000 -27.649 10.000
D_449 -16.691 -475.402 7.000
V_450 0.000 613.196 6.000
L_451 0.000 679.918 6.000
Y_452 -1.718 -274.939 2.000
I_453 0.000 777.529 2.000
A_454 0.000 185.740 6.000
G_455 0.000 -27.649 4.000
Q_456 -19.866 -643.904 9.000
P_457 0.000 -195.996 11.000
R_458 -31.716 -1015.709 15.000
Y_459 -12.518 -274.939 13.000
N_460 -26.485 -507.047 16.000
H_461 -11.652 -583.484 11.000
T_462 -18.462 -90.974 13.000
G_463 0.000 -27.649 9.000
Q_464 -16.691 -643.904 7.000
V_465 0.000 613.196 4.000
I_466 0.000 777.529 6.000
I_467 0.000 777.529 7.000
Y_468 -9.265 -274.939 7.000
R_469 -27.076 -1015.709 11.000
M_470 0.000 401.769 15.000
E_471 -24.169 -605.239 13.000
D_472 -23.258 -475.402 12.000
G_473 0.000 -27.649 12.000
N_474 -22.253 -507.047 11.000
I_475 0.000 777.529 7.000
K_476 -13.255 -818.649 7.000
I_477 0.000 777.529 7.000
L_478 0.000 679.918 10.000
Q_479 -16.691 -643.904 7.000
T_480 -16.309 -90.974 10.000
L_481 0.000 679.918 10.000
S_482 -16.309 -90.060 10.000
G_483 0.000 -27.649 11.000
E_484 -22.253 -605.239 11.000
Q_485 -18.409 -643.904 8.000
I_486 0.000 777.529 11.000
G_487 0.000 -27.649 9.000
S_488 -10.149 -90.060 5.000
Y_489 -7.426 -274.939 5.000
F_490 0.000 560.542 8.000
G_491 0.000 -27.649 5.000
S_492 -4.441 -90.060 3.000
I_493 0.000 777.529 6.000
L_494 0.000 679.918 9.000
T_495 -15.425 -90.974 9.000
T_496 -18.462 -90.974 13.000
T_497 -18.462 -90.974 13.000
D_498 -25.003 -475.402 14.000
I_499 0.000 777.529 14.000
D_500 -25.772 -475.402 15.000
K_501 -19.059 -818.649 14.000
D_502 -27.773 -475.402 18.000
S_503 -20.609 -90.060 17.000
N_504 -27.773 -507.047 18.000
T_505 -19.059 -90.974 14.000
D_506 -22.253 -475.402 11.000
I_507 0.000 777.529 7.000
L_508 0.000 679.918 4.000
L_509 0.000 679.918 0.000
V_510 0.000 613.196 0.000
G_511 0.000 -27.649 0.000
A_512 0.000 185.740 0.000
P_513 0.000 -195.996 2.000
M_514 0.000 401.769 2.000
Y_515 -1.718 -274.939 2.000
M_516 0.000 401.769 5.000
G_517 0.000 -27.649 9.000
T_518 -16.309 -90.974 10.000
E_519 -25.003 -605.239 14.000
K_520 -21.060 -818.649 18.000
E_521 -28.359 -605.239 19.000
E_522 -25.772 -605.239 15.000
Q_523 -25.772 -643.904 15.000
G_524 0.000 -27.649 11.000
K_525 -15.425 -818.649 9.000
V_526 0.000 613.196 5.000
Y_527 -9.265 -274.939 7.000
V_528 0.000 613.196 4.000
Y_529 -6.160 -274.939 4.000
A_530 0.000 185.740 6.000
L_531 0.000 679.918 10.000
N_532 -22.253 -507.047 11.000
Q_533 -26.485 -643.904 16.000
T_534 -20.127 -90.974 16.000
R_535 -32.645 -1015.709 16.000
F_536 0.000 560.542 14.000
E_537 -25.772 -605.239 15.000
Y_538 -11.154 -274.939 10.000
Q_539 -24.169 -643.904 13.000
M_540 0.000 401.769 9.000
S_541 -17.098 -90.060 11.000
L_542 0.000 679.918 7.000
E_543 -16.691 -605.239 7.000
P_544 0.000 -195.996 7.000
I_545 0.000 777.529 11.000
K_546 -16.309 -818.649 10.000
Q_547 -21.132 -643.904 10.000
T_548 -16.309 -90.974 10.000
C_549 0.000 322.480 10.000
C_550 0.000 322.480 9.000
S_551 -17.098 -90.060 11.000
S_552 -19.613 -90.060 15.000
R_553 -33.508 -1015.709 17.000
Q_554 -27.773 -643.904 18.000
H_555 -14.188 -583.484 18.000
N_556 -24.169 -507.047 13.000
S_557 -17.811 -90.060 12.000
C_558 0.000 322.480 13.000
T_559 -18.462 -90.974 13.000
T_560 -19.059 -90.974 14.000
E_561 -27.150 -605.239 17.000
N_562 -27.773 -507.047 18.000
K_563 -21.486 -818.649 19.000
N_564 -25.772 -507.047 15.000
E_565 -22.253 -605.239 11.000
P_566 0.000 -195.996 8.000
C_567 0.000 322.480 4.000
G_568 0.000 -27.649 5.000
A_569 0.000 185.740 5.000
R_570 -11.867 -1015.709 5.000
F_571 0.000 560.542 8.000
G_572 0.000 -27.649 8.000
T_573 -4.441 -90.974 3.000
A_574 0.000 185.740 3.000
I_575 0.000 777.529 3.000
A_576 0.000 185.740 0.000
A_577 0.000 185.740 3.000
V_578 0.000 613.196 7.000
K_579 -13.255 -818.649 7.000
D_580 -22.253 -475.402 11.000
L_581 0.000 679.918 11.000
N_582 -23.258 -507.047 12.000
L_583 0.000 679.918 8.000
D_584 -18.409 -475.402 8.000
G_585 0.000 -27.649 8.000
F_586 0.000 560.542 12.000
N_587 -18.409 -507.047 8.000
D_588 -18.409 -475.402 8.000
I_589 0.000 777.529 8.000
V_590 0.000 613.196 4.000
I_591 0.000 777.529 0.000
G_592 0.000 -27.649 0.000
A_593 0.000 185.740 0.000
P_594 0.000 -195.996 4.000
L_595 0.000 679.918 8.000
E_596 -23.258 -605.239 12.000
D_597 -25.003 -475.402 14.000
D_598 -25.003 -475.402 14.000
H_599 -11.154 -583.484 10.000
G_600 0.000 -27.649 6.000
G_601 0.000 -27.649 2.000
A_602 0.000 185.740 2.000
V_603 0.000 613.196 2.000
Y_604 -6.160 -274.939 4.000
I_605 0.000 777.529 6.000
Y_606 -8.431 -274.939 6.000
H_607 -9.265 -583.484 7.000
G_608 0.000 -27.649 7.000
S_609 -14.420 -90.060 8.000
G_610 0.000 -27.649 9.000
K_611 -15.425 -818.649 9.000
T_612 -17.098 -90.974 11.000
I_613 0.000 777.529 14.000
R_614 -31.716 -1015.709 15.000
K_615 -19.059 -818.649 14.000
E_616 -25.003 -605.239 14.000
Y_617 -12.518 -274.939 13.000
A_618 0.000 185.740 15.000
Q_619 -22.253 -643.904 11.000
R_620 -23.856 -1015.709 9.000
I_621 0.000 777.529 12.000
P_622 0.000 -195.996 8.000
S_623 -4.441 -90.060 3.000
G_624 0.000 -27.649 7.000
G_625 0.000 -27.649 7.000
D_626 -16.691 -475.402 7.000
G_627 0.000 -27.649 10.000
K_628 -16.309 -818.649 10.000
T_629 -15.425 -90.974 9.000
L_630 0.000 679.918 9.000
K_631 -11.867 -818.649 6.000
F_632 0.000 560.542 3.000
F_633 0.000 560.542 7.000
G_634 0.000 -27.649 7.000
Q_635 -16.691 -643.904 7.000
S_636 -15.425 -90.060 9.000
I_637 0.000 777.529 9.000
H_638 -10.601 -583.484 9.000
G_639 0.000 -27.649 6.000
E_640 -21.132 -605.239 10.000
M_641 0.000 401.769 8.000
D_642 -23.258 -475.402 12.000
L_643 0.000 679.918 8.000
N_644 -23.258 -507.047 12.000
G_645 0.000 -27.649 8.000
D_646 -18.409 -475.402 8.000
G_647 0.000 -27.649 7.000
L_648 0.000 679.918 11.000
T_649 -13.255 -90.974 7.000
D_650 -21.132 -475.402 10.000
V_651 0.000 613.196 10.000
T_652 -13.255 -90.974 7.000
I_653 0.000 777.529 3.000
G_654 0.000 -27.649 3.000
G_655 0.000 -27.649 0.000
L_656 0.000 679.918 0.000
G_657 0.000 -27.649 0.000
G_658 0.000 -27.649 0.000
A_659 0.000 185.740 0.000
A_660 0.000 185.740 0.000
L_661 0.000 679.918 1.000
F_662 0.000 560.542 4.000
W_663 -5.447 -203.500 9.000
S_664 -18.462 -90.060 13.000
R_665 -29.616 -1015.709 13.000
D_666 -23.258 -475.402 12.000
V_667 0.000 613.196 9.000
A_668 0.000 185.740 4.000
V_669 0.000 613.196 3.000
V_670 0.000 613.196 3.000
K_671 -11.867 -818.649 6.000
V_672 0.000 613.196 6.000
T_673 -16.309 -90.974 10.000
M_674 0.000 401.769 7.000
N_675 -22.253 -507.047 11.000
F_676 0.000 560.542 8.000
E_677 -23.258 -605.239 12.000
P_678 0.000 -195.996 11.000
N_679 -22.253 -507.047 11.000
K_680 -17.098 -818.649 11.000
V_681 0.000 613.196 11.000
N_682 -22.253 -507.047 11.000
I_683 0.000 777.529 11.000
Q_684 -25.003 -643.904 14.000
K_685 -19.059 -818.649 14.000
K_686 -19.059 -818.649 14.000
N_687 -23.258 -507.047 12.000
C_688 0.000 322.480 9.000
H_689 -11.154 -583.484 10.000
M_690 0.000 401.769 6.000
E_691 -19.866 -605.239 9.000
G_692 0.000 -27.649 11.000
K_693 -19.059 -818.649 14.000
E_694 -21.132 -605.239 10.000
T_695 -16.309 -90.974 10.000
V_696 0.000 613.196 7.000
C_697 0.000 322.480 7.000
I_698 0.000 777.529 4.000
N_699 -16.691 -507.047 7.000
A_700 0.000 185.740 7.000
T_701 -13.255 -90.974 7.000
V_702 0.000 613.196 3.000
C_703 0.000 322.480 7.000
F_704 0.000 560.542 4.000
D_705 -16.691 -475.402 7.000
V_706 0.000 613.196 7.000
K_707 -16.309 -818.649 10.000
L_708 0.000 679.918 9.000
K_709 -17.811 -818.649 12.000
S_710 -18.462 -90.060 13.000
K_711 -20.609 -818.649 17.000
E_712 -27.150 -605.239 17.000
D_713 -25.003 -475.402 14.000
T_714 -18.462 -90.974 13.000
I_715 0.000 777.529 13.000
Y_716 -10.601 -274.939 9.000
E_717 -21.132 -605.239 10.000
A_718 0.000 185.740 10.000
D_719 -23.258 -475.402 12.000
L_720 0.000 679.918 10.000
Q_721 -25.772 -643.904 15.000
Y_722 -11.652 -274.939 11.000
R_723 -30.711 -1015.709 14.000
V_724 0.000 613.196 10.000
T_725 -17.811 -90.974 12.000
L_726 0.000 679.918 10.000
D_727 -21.132 -475.402 10.000
S_728 -17.811 -90.060 12.000
L_729 0.000 679.918 16.000
R_730 -28.412 -1015.709 12.000
Q_731 -23.258 -643.904 12.000
I_732 0.000 777.529 17.000
S_733 -19.613 -90.060 15.000
R_734 -27.076 -1015.709 11.000
S_735 -17.098 -90.060 11.000
F_736 0.000 560.542 11.000
F_737 0.000 560.542 6.000
S_738 -11.867 -90.060 6.000
G_739 0.000 -27.649 10.000
T_740 -19.059 -90.974 14.000
Q_741 -26.485 -643.904 16.000
E_742 -28.359 -605.239 19.000
R_743 -32.645 -1015.709 16.000
K_744 -20.127 -818.649 16.000
V_745 0.000 613.196 17.000
Q_746 -26.485 -643.904 16.000
R_747 -29.616 -1015.709 13.000
N_748 -26.485 -507.047 16.000
I_749 0.000 777.529 12.000
T_750 -17.811 -90.974 12.000
V_751 0.000 613.196 11.000
R_752 -30.711 -1015.709 14.000
K_753 -19.613 -818.649 15.000
S_754 -19.613 -90.060 15.000
E_755 -24.169 -605.239 13.000
C_756 0.000 322.480 13.000
T_757 -17.811 -90.974 12.000
K_758 -17.098 -818.649 11.000
H_759 -11.652 -583.484 11.000
S_760 -16.309 -90.060 10.000
F_761 0.000 560.542 7.000
Y_762 -7.426 -274.939 5.000
M_763 0.000 401.769 6.000
L_764 0.000 679.918 9.000
D_765 -19.866 -475.402 9.000
K_766 -18.462 -818.649 13.000
H_767 -12.518 -583.484 13.000
D_768 -24.169 -475.402 13.000
F_769 0.000 560.542 14.000
Q_770 -25.772 -643.904 15.000
D_771 -22.253 -475.402 11.000
S_772 -20.127 -90.060 16.000
V_773 0.000 613.196 12.000
R_774 -27.076 -1015.709 11.000
I_775 0.000 777.529 8.000
T_776 -17.811 -90.974 12.000
L_777 0.000 679.918 7.000
D_778 -22.253 -475.402 11.000
F_779 0.000 560.542 8.000
N_780 -22.253 -507.047 11.000
L_781 0.000 679.918 11.000
T_782 -17.098 -90.974 11.000
D_783 -22.253 -475.402 11.000
P_784 0.000 -195.996 15.000
E_785 -23.258 -605.239 12.000
N_786 -18.409 -507.047 8.000
G_787 0.000 -27.649 8.000
P_788 0.000 -195.996 4.000
V_789 0.000 613.196 4.000
L_790 0.000 679.918 8.000
D_791 -22.253 -475.402 11.000
D_792 -22.253 -475.402 11.000
S_793 -17.098 -90.060 11.000
L_794 0.000 679.918 11.000
P_795 0.000 -195.996 10.000
N_796 -16.691 -507.047 7.000
S_797 -15.425 -90.060 9.000
V_798 0.000 613.196 13.000
H_799 -11.652 -583.484 11.000
E_800 -18.409 -605.239 8.000
Y_801 -9.978 -274.939 8.000
I_802 0.000 777.529 6.000
P_803 0.000 -195.996 2.000
F_804 0.000 560.542 3.000
A_805 0.000 185.740 7.000
K_806 -13.255 -818.649 7.000
D_807 -16.691 -475.402 7.000
C_808 0.000 322.480 11.000
G_809 0.000 -27.649 11.000
N_810 -22.253 -507.047 11.000
K_811 -19.059 -818.649 14.000
E_812 -25.003 -605.239 14.000
K_813 -16.309 -818.649 10.000
C_814 0.000 322.480 10.000
I_815 0.000 777.529 10.000
S_816 -13.255 -90.060 7.000
D_817 -21.132 -475.402 10.000
L_818 0.000 679.918 10.000
S_819 -15.425 -90.060 9.000
L_820 0.000 679.918 5.000
H_821 -7.426 -583.484 5.000
V_822 0.000 613.196 5.000
A_823 0.000 185.740 8.000
T_824 -16.309 -90.974 10.000
T_825 -18.462 -90.974 13.000
E_826 -27.150 -605.239 17.000
K_827 -19.059 -818.649 14.000
D_828 -22.253 -475.402 11.000
L_829 0.000 679.918 7.000
L_830 0.000 679.918 4.000
I_831 0.000 777.529 5.000
V_832 0.000 613.196 8.000
R_833 -28.412 -1015.709 12.000
S_834 -20.127 -90.060 16.000
Q_835 -28.912 -643.904 20.000
N_836 -27.773 -507.047 18.000
D_837 -25.772 -475.402 15.000
K_838 -19.613 -818.649 15.000
F_839 0.000 560.542 11.000
N_840 -21.132 -507.047 10.000
V_841 0.000 613.196 7.000
S_842 -16.309 -90.060 10.000
L_843 0.000 679.918 6.000
T_844 -15.425 -90.974 9.000
V_845 0.000 613.196 10.000
K_846 -18.462 -818.649 13.000
N_847 -24.169 -507.047 13.000
T_848 -20.609 -90.974 17.000
K_849 -20.609 -818.649 17.000
D_850 -24.169 -475.402 13.000
S_851 -17.811 -90.060 12.000
A_852 0.000 185.740 13.000
Y_853 -12.104 -274.939 12.000
N_854 -25.003 -507.047 14.000
T_855 -20.609 -90.974 17.000
R_856 -31.716 -1015.709 15.000
T_857 -17.098 -90.974 11.000
I_858 0.000 777.529 10.000
V_859 0.000 613.196 7.000
H_860 -9.265 -583.484 7.000
Y_861 -9.265 -274.939 7.000
S_862 -17.098 -90.060 11.000
P_863 0.000 -195.996 9.000
N_864 -16.691 -507.047 7.000
L_865 0.000 679.918 4.000
V_866 0.000 613.196 7.000
F_867 0.000 560.542 3.000
S_868 -4.441 -90.060 3.000
G_869 0.000 -27.649 7.000
I_870 0.000 777.529 7.000
E_871 -7.878 -605.239 4.000
A_872 0.000 185.740 8.000
I_873 0.000 777.529 11.000
Q_874 -22.253 -643.904 11.000
K_875 -19.059 -818.649 14.000
D_876 -25.003 -475.402 14.000
S_877 -19.059 -90.060 14.000
C_878 0.000 322.480 14.000
E_879 -25.003 -605.239 14.000
S_880 -18.462 -90.060 13.000
N_881 -27.150 -507.047 17.000
H_882 -12.518 -583.484 13.000
N_883 -24.169 -507.047 13.000
I_884 0.000 777.529 9.000
T_885 -16.309 -90.974 10.000
C_886 0.000 322.480 6.000
K_887 -11.867 -818.649 6.000
V_888 0.000 613.196 5.000
G_889 0.000 -27.649 5.000
Y_890 -1.718 -274.939 2.000
P_891 0.000 -195.996 2.000
F_892 0.000 560.542 7.000
L_893 0.000 679.918 10.000
R_894 -25.574 -1015.709 10.000
R_895 -30.711 -1015.709 14.000
G_896 0.000 -27.649 14.000
E_897 -19.866 -605.239 9.000
M_898 0.000 401.769 7.000
V_899 0.000 613.196 7.000
T_900 -11.867 -90.974 6.000
F_901 0.000 560.542 6.000
K_902 -11.867 -818.649 6.000
I_903 0.000 777.529 3.000
L_904 0.000 679.918 7.000
F_905 0.000 560.542 4.000
Q_906 -18.409 -643.904 8.000
F_907 0.000 560.542 11.000
N_908 -25.003 -507.047 14.000
T_909 -17.811 -90.974 12.000
S_910 -17.811 -90.060 12.000
Y_911 -9.978 -274.939 8.000
L_912 0.000 679.918 9.000
M_913 0.000 401.769 10.000
E_914 -18.409 -605.239 8.000
N_915 -22.253 -507.047 11.000
V_916 0.000 613.196 11.000
T_917 -15.425 -90.974 9.000
I_918 0.000 777.529 5.000
Y_919 -9.978 -274.939 8.000
L_920 0.000 679.918 5.000
S_921 -14.420 -90.060 8.000
A_922 0.000 185.740 9.000
T_923 -18.462 -90.974 13.000
S_924 -18.462 -90.060 13.000
D_925 -27.150 -475.402 17.000
S_926 -21.060 -90.060 18.000
E_927 -25.772 -605.239 15.000
E_928 -22.253 -605.239 11.000
P_929 0.000 -195.996 12.000
P_930 0.000 -195.996 11.000
E_931 -16.691 -605.239 7.000
T_932 -16.309 -90.974 10.000
L_933 0.000 679.918 14.000
S_934 -19.059 -90.060 14.000
D_935 -22.253 -475.402 11.000
N_936 -22.253 -507.047 11.000
V_937 0.000 613.196 12.000
V_938 0.000 613.196 8.000
N_939 -16.691 -507.047 7.000
I_940 0.000 777.529 7.000
S_941 -13.255 -90.060 7.000
I_942 0.000 777.529 3.000
P_943 0.000 -195.996 6.000
V_944 0.000 613.196 5.000
K_945 -15.425 -818.649 9.000
Y_946 -10.601 -274.939 9.000
E_947 -19.866 -605.239 9.000
V_948 0.000 613.196 6.000
G_949 0.000 -27.649 8.000
L_950 0.000 679.918 4.000
Q_951 -14.591 -643.904 6.000
F_952 0.000 560.542 9.000
Y_953 -12.104 -274.939 12.000
S_954 -14.420 -90.060 8.000
S_955 -17.098 -90.060 11.000
A_956 0.000 185.740 13.000
S_957 -17.811 -90.060 12.000
E_958 -22.253 -605.239 11.000
Y_959 -11.652 -274.939 11.000
H_960 -11.652 -583.484 11.000
I_961 0.000 777.529 7.000
S_962 -10.149 -90.060 5.000
I_963 0.000 777.529 3.000
A_964 0.000 185.740 7.000
A_965 0.000 185.740 8.000
N_966 -22.253 -507.047 11.000
E_967 -22.253 -605.239 11.000
T_968 -17.098 -90.974 11.000
V_969 0.000 613.196 11.000
P_970 0.000 -195.996 7.000
E_971 -7.878 -605.239 4.000
V_972 0.000 613.196 8.000
I_973 0.000 777.529 11.000
N_974 -21.132 -507.047 10.000
S_975 -19.059 -90.060 14.000
T_976 -21.060 -90.974 18.000
E_977 -25.003 -605.239 14.000
D_978 -22.253 -475.402 11.000
I_979 0.000 777.529 12.000
G_980 0.000 -27.649 12.000
N_981 -18.409 -507.047 8.000
E_982 -23.258 -605.239 12.000
I_983 0.000 777.529 12.000
N_984 -18.409 -507.047 8.000
I_985 0.000 777.529 6.000
F_986 0.000 560.542 6.000
Y_987 -1.718 -274.939 2.000
L_988 0.000 679.918 7.000
I_989 0.000 777.529 10.000
R_990 -27.076 -1015.709 11.000
K_991 -17.098 -818.649 11.000
S_992 -19.059 -90.060 14.000
G_993 0.000 -27.649 9.000
S_994 -11.867 -90.060 6.000
F_995 0.000 560.542 3.000
P_996 0.000 -195.996 3.000
M_997 0.000 401.769 4.000
P_998 0.000 -195.996 4.000
E_999 -16.691 -605.239 7.000
L_1000 0.000 679.918 7.000
K_1001 -16.309 -818.649 10.000
L_1002 0.000 679.918 6.000
S_1003 -15.425 -90.060 9.000
I_1004 0.000 777.529 6.000
S_1005 -11.867 -90.060 6.000
F_1006 0.000 560.542 7.000
P_1007 0.000 -195.996 7.000
N_1008 -16.691 -507.047 7.000
M_1009 0.000 401.769 10.000
T_1010 -19.059 -90.974 14.000
S_1011 -16.309 -90.060 10.000
N_1012 -23.258 -507.047 12.000
G_1013 0.000 -27.649 9.000
Y_1014 -8.431 -274.939 6.000
P_1015 0.000 -195.996 2.000
V_1016 0.000 613.196 4.000
L_1017 0.000 679.918 2.000
Y_1018 -7.426 -274.939 5.000
P_1019 0.000 -195.996 5.000
T_1020 -10.149 -90.974 5.000
G_1021 0.000 -27.649 6.000
L_1022 0.000 679.918 9.000
S_1023 -15.425 -90.060 9.000
S_1024 -18.462 -90.060 13.000
S_1025 -20.609 -90.060 17.000
E_1026 -25.003 -605.239 14.000
N_1027 -25.772 -507.047 15.000
A_1028 0.000 185.740 12.000
N_1029 -24.169 -507.047 13.000
C_1030 0.000 322.480 9.000
R_1031 -27.076 -1015.709 11.000
P_1032 0.000 -195.996 7.000
H_1033 -9.265 -583.484 7.000
I_1034 0.000 777.529 6.000
F_1035 0.000 560.542 10.000
E_1036 -18.409 -605.239 8.000
D_1037 -18.409 -475.402 8.000
P_1038 0.000 -195.996 11.000
F_1039 0.000 560.542 7.000
S_1040 -13.255 -90.060 7.000
I_1041 0.000 777.529 10.000
N_1042 -21.132 -507.047 10.000
S_1043 -16.309 -90.060 10.000
G_1044 0.000 -27.649 13.000
K_1045 -15.425 -818.649 9.000
K_1046 -15.425 -818.649 9.000
M_1047 0.000 401.769 12.000
T_1048 -17.811 -90.974 12.000
T_1049 -17.811 -90.974 12.000
S_1050 -20.127 -90.060 16.000
T_1051 -19.613 -90.974 15.000
D_1052 -23.258 -475.402 12.000
H_1053 -12.104 -583.484 12.000
L_1054 0.000 679.918 14.000
K_1055 -16.309 -818.649 10.000
R_1056 -27.076 -1015.709 11.000
G_1057 0.000 -27.649 11.000
T_1058 -14.420 -90.974 8.000
I_1059 0.000 777.529 7.000
L_1060 0.000 679.918 7.000
D_1061 -18.409 -475.402 8.000
C_1062 0.000 322.480 11.000
N_1063 -22.253 -507.047 11.000
T_1064 -16.309 -90.974 10.000
C_1065 0.000 322.480 10.000
K_1066 -11.867 -818.649 6.000
F_1067 0.000 560.542 6.000
A_1068 0.000 185.740 6.000
T_1069 -11.867 -90.974 6.000
I_1070 0.000 777.529 6.000
T_1071 -16.309 -90.974 10.000
C_1072 0.000 322.480 7.000
N_1073 -21.132 -507.047 10.000
L_1074 0.000 679.918 10.000
T_1075 -18.462 -90.974 13.000
S_1076 -18.462 -90.060 13.000
S_1077 -18.462 -90.060 13.000
D_1078 -24.169 -475.402 13.000
I_1079 0.000 777.529 14.000
S_1080 -17.098 -90.060 11.000
Q_1081 -22.253 -643.904 11.000
V_1082 0.000 613.196 11.000
N_1083 -22.253 -507.047 11.000
V_1084 0.000 613.196 7.000
S_1085 -13.255 -90.060 7.000
L_1086 0.000 679.918 3.000
I_1087 0.000 777.529 4.000
L_1088 0.000 679.918 4.000
W_1089 -3.436 -203.500 4.000
K_1090 -13.255 -818.649 7.000
P_1091 0.000 -195.996 7.000
T_1092 -11.867 -90.974 6.000
F_1093 0.000 560.542 6.000
I_1094 0.000 777.529 9.000
K_1095 -14.420 -818.649 8.000
S_1096 -14.420 -90.060 8.000
Y_1097 -11.652 -274.939 11.000
F_1098 0.000 560.542 11.000
S_1099 -14.420 -90.060 8.000
S_1100 -16.309 -90.060 10.000
L_1101 0.000 679.918 10.000
N_1102 -21.132 -507.047 10.000
L_1103 0.000 679.918 7.000
T_1104 -17.811 -90.974 12.000
I_1105 0.000 777.529 8.000
R_1106 -28.412 -1015.709 12.000
G_1107 0.000 -27.649 9.000
E_1108 -25.003 -605.239 14.000
L_1109 0.000 679.918 12.000
R_1110 -32.645 -1015.709 16.000
S_1111 -20.127 -90.060 16.000
E_1112 -26.485 -605.239 16.000
N_1113 -25.003 -507.047 14.000
A_1114 0.000 185.740 11.000
S_1115 -13.255 -90.060 7.000
L_1116 0.000 679.918 3.000
V_1117 0.000 613.196 6.000
L_1118 0.000 679.918 6.000
S_1119 -15.425 -90.060 9.000
S_1120 -18.462 -90.060 13.000
S_1121 -20.609 -90.060 17.000
N_1122 -27.150 -507.047 17.000
Q_1123 -28.359 -643.904 19.000
K_1124 -21.889 -818.649 20.000
R_1125 -32.645 -1015.709 16.000
E_1126 -23.258 -605.239 12.000
L_1127 0.000 679.918 9.000
A_1128 0.000 185.740 8.000
I_1129 0.000 777.529 4.000
Q_1130 -16.691 -643.904 7.000
I_1131 0.000 777.529 10.000
S_1132 -19.059 -90.060 14.000
K_1133 -16.309 -818.649 10.000
D_1134 -21.132 -475.402 10.000
G_1135 0.000 -27.649 7.000
L_1136 0.000 679.918 4.000
P_1137 0.000 -195.996 5.000
G_1138 0.000 -27.649 5.000
R_1139 -11.867 -1015.709 5.000
V_1140 0.000 613.196 5.000
P_1141 0.000 -195.996 6.000
L_1142 0.000 679.918 1.000
W_1143 -0.000 -203.500 1.000
V_1144 0.000 613.196 1.000
I_1145 0.000 777.529 1.000
L_1146 0.000 679.918 3.000
L_1147 0.000 679.918 3.000
S_1148 -4.441 -90.060 3.000
A_1149 0.000 185.740 3.000
F_1150 0.000 560.542 3.000
A_1151 0.000 185.740 0.000
G_1152 0.000 -27.649 0.000
L_1153 0.000 679.918 0.000
L_1154 0.000 679.918 0.000
L_1155 0.000 679.918 0.000
L_1156 0.000 679.918 0.000
M_1157 0.000 401.769 0.000
L_1158 0.000 679.918 0.000
L_1159 0.000 679.918 0.000
I_1160 0.000 777.529 0.000
L_1161 0.000 679.918 0.000
A_1162 0.000 185.740 1.000
L_1163 0.000 679.918 4.000
W_1164 -3.436 -203.500 4.000
K_1165 -7.878 -818.649 4.000
I_1166 0.000 777.529 4.000
G_1167 0.000 -27.649 3.000
F_1168 0.000 560.542 3.000
F_1169 0.000 560.542 8.000
K_1170 -14.420 -818.649 8.000
R_1171 -21.845 -1015.709 8.000
P_1172 0.000 -195.996 11.000
L_1173 0.000 679.918 11.000
K_1174 -15.425 -818.649 9.000
K_1175 -15.425 -818.649 9.000
K_1176 -18.462 -818.649 13.000
M_1177 0.000 401.769 13.000
E_1178 -21.132 -605.239 10.000
K_1179 -13.255 -818.649 7.000
