M_1 0.000 401.769 3.000
G_2 0.000 -27.649 6.000
K_3 -17.098 -818.649 11.000
S_4 -19.059 -90.060 14.000
R_5 -33.508 -1015.709 17.000
T_6 -21.486 -90.974 19.000
K_7 -20.127 -818.649 16.000
R_8 -30.711 -1015.709 14.000
F_9 0.000 560.542 16.000
K_10 -18.462 -818.649 13.000
R_11 -28.412 -1015.709 12.000
P_12 0.000 -195.996 12.000
Q_13 -23.258 -643.904 12.000
F_14 0.000 560.542 7.000
S_15 -16.309 -90.060 10.000
P_16 0.000 -195.996 6.000
T_17 -16.309 -90.974 10.000
G_18 0.000 -27.649 7.000
D_19 -22.253 -475.402 11.000
C_20 0.000 322.480 8.000
Q_21 -23.258 -643.904 12.000
A_22 0.000 185.740 8.000
E_23 -18.409 -605.239 8.000
A_24 0.000 185.740 4.000
A_25 0.000 185.740 4.000
A_26 0.000 185.740 0.000
A_27 0.000 185.740 4.000
A_28 0.000 185.740 4.000
N_29 -16.691 -507.047 7.000
G_30 0.000 -27.649 7.000
T_31 -13.255 -90.974 7.000
G_32 0.000 -27.649 7.000
G_33 0.000 -27.649 11.000
E_34 -23.258 -605.239 12.000
E_35 -26.485 -605.239 16.000
D_36 -26.485 -475.402 16.000
D_37 -23.258 -475.402 12.000
G_38 0.000 -27.649 8.000
P_39 0.000 -195.996 4.000
A_40 0.000 185.740 4.000
A_41 0.000 185.740 4.000
E_42 -7.878 -605.239 4.000
L_43 0.000 679.918 8.000
L_44 0.000 679.918 11.000
E_45 -16.691 -605.239 7.000
K_46 -17.098 -818.649 11.000
L_47 0.000 679.918 13.000
Q_48 -19.866 -643.904 9.000
H_49 -10.601 -583.484 9.000
P_50 0.000 -195.996 9.000
S_51 -15.425 -90.060 9.000
A_52 0.000 185.740 7.000
E_53 -23.258 -605.239 12.000
V_54 0.000 613.196 13.000
R_55 -29.616 -1015.709 13.000
E_56 -19.866 -605.239 9.000
C_57 0.000 322.480 9.000
A_58 0.000 185.740 4.000
C_59 0.000 322.480 0.000
A_60 0.000 185.740 0.000
G_61 0.000 -27.649 0.000
L_62 0.000 679.918 5.000
A_63 0.000 185.740 5.000
R_64 -11.867 -1015.709 5.000
L_65 0.000 679.918 9.000
V_66 0.000 613.196 13.000
Q_67 -24.169 -643.904 13.000
Q_68 -24.169 -643.904 13.000
R_69 -29.616 -1015.709 13.000
P_70 0.000 -195.996 9.000
A_71 0.000 185.740 5.000
L_72 0.000 679.918 0.000
P_73 0.000 -195.996 0.000
G_74 0.000 -27.649 0.000
L_75 0.000 679.918 5.000
A_76 0.000 185.740 10.000
R_77 -30.711 -1015.709 14.000
R_78 -30.711 -1015.709 14.000
D_79 -25.003 -475.402 14.000
A_80 0.000 185.740 14.000
V_81 0.000 613.196 14.000
R_82 -25.574 -1015.709 10.000
R_83 -25.574 -1015.709 10.000
L_84 0.000 679.918 10.000
G_85 0.000 -27.649 5.000
P_86 0.000 -195.996 0.000
L_87 0.000 679.918 0.000
L_88 0.000 679.918 4.000
L_89 0.000 679.918 4.000
D_90 -16.691 -475.402 7.000
P_91 0.000 -195.996 7.000
S_92 -13.255 -90.060 7.000
L_93 0.000 679.918 3.000
A_94 0.000 185.740 8.000
V_95 0.000 613.196 9.000
R_96 -28.412 -1015.709 12.000
E_97 -23.258 -605.239 12.000
T_98 -17.811 -90.974 12.000
A_99 0.000 185.740 7.000
A_100 0.000 185.740 3.000
G_101 0.000 -27.649 0.000
A_102 0.000 185.740 5.000
L_103 0.000 679.918 9.000
R_104 -23.856 -1015.709 9.000
N_105 -23.258 -507.047 12.000
L_106 0.000 679.918 12.000
S_107 -13.255 -90.060 7.000
A_108 0.000 185.740 3.000
C_109 0.000 322.480 3.000
G_110 0.000 -27.649 0.000
G_111 0.000 -27.649 4.000
F_112 0.000 560.542 4.000
E_113 -7.878 -605.239 4.000
V_114 0.000 613.196 8.000
C_115 0.000 322.480 12.000
D_116 -18.409 -475.402 8.000
D_117 -18.409 -475.402 8.000
M_118 0.000 401.769 11.000
V_119 0.000 613.196 10.000
T_120 -16.309 -90.974 10.000
K_121 -16.309 -818.649 10.000
D_122 -21.132 -475.402 10.000
I_123 0.000 777.529 10.000
M_124 0.000 401.769 7.000
T_125 -4.441 -90.974 3.000
P_126 0.000 -195.996 3.000
L_127 0.000 679.918 3.000
V_128 0.000 613.196 0.000
A_129 0.000 185.740 0.000
L_130 0.000 679.918 3.000
L_131 0.000 679.918 7.000
K_132 -13.255 -818.649 7.000
E_133 -21.132 -605.239 10.000
C_134 0.000 322.480 10.000
S_135 -13.255 -90.060 7.000
A_136 0.000 185.740 3.000
G_137 0.000 -27.649 7.000
L_138 0.000 679.918 7.000
D_139 -22.253 -475.402 11.000
S_140 -19.613 -90.060 15.000
N_141 -25.772 -507.047 15.000
E_142 -25.003 -605.239 14.000
M_143 0.000 401.769 11.000
S_144 -17.098 -90.060 11.000
L_145 0.000 679.918 11.000
Q_146 -25.003 -643.904 14.000
E_147 -25.003 -605.239 14.000
K_148 -21.060 -818.649 18.000
K_149 -21.060 -818.649 18.000
D_150 -27.773 -475.402 18.000
Q_151 -28.912 -643.904 20.000
N_152 -29.436 -507.047 21.000
R_153 -35.785 -1015.709 20.000
N_154 -26.485 -507.047 16.000
S_155 -20.127 -90.060 16.000
I_156 0.000 777.529 15.000
E_157 -22.253 -605.239 11.000
N_158 -18.409 -507.047 8.000
I_159 0.000 777.529 12.000
A_160 0.000 185.740 12.000
N_161 -22.253 -507.047 11.000
E_162 -22.253 -605.239 11.000
T_163 -19.613 -90.974 15.000
V_164 0.000 613.196 11.000
N_165 -16.691 -507.047 7.000
V_166 0.000 613.196 5.000
L_167 0.000 679.918 9.000
W_168 -3.990 -203.500 5.000
N_169 -11.867 -507.047 5.000
I_170 0.000 777.529 9.000
C_171 0.000 322.480 8.000
E_172 -16.691 -605.239 7.000
C_173 0.000 322.480 10.000
S_174 -19.613 -90.060 15.000
S_175 -17.098 -90.060 11.000
R_176 -27.076 -1015.709 11.000
A_177 0.000 185.740 11.000
V_178 0.000 613.196 8.000
S_179 -4.441 -90.060 3.000
I_180 0.000 777.529 7.000
F_181 0.000 560.542 10.000
N_182 -22.253 -507.047 11.000
K_183 -17.098 -818.649 11.000
E_184 -22.253 -605.239 11.000
G_185 0.000 -27.649 7.000
C_186 0.000 322.480 8.000
L_187 0.000 679.918 4.000
E_188 -7.878 -605.239 4.000
I_189 0.000 777.529 4.000
V_190 0.000 613.196 7.000
L_191 0.000 679.918 5.000
K_192 -10.149 -818.649 5.000
Y_193 -9.978 -274.939 8.000
L_194 0.000 679.918 13.000
S_195 -16.309 -90.060 10.000
R_196 -21.845 -1015.709 8.000
F_197 0.000 560.542 11.000
P_198 0.000 -195.996 12.000
T_199 -13.255 -90.974 7.000
N_200 -22.253 -507.047 11.000
V_201 0.000 613.196 11.000
D_202 -18.409 -475.402 8.000
L_203 0.000 679.918 4.000
A_204 0.000 185.740 7.000
I_205 0.000 777.529 3.000
S_206 -4.441 -90.060 3.000
V_207 0.000 613.196 5.000
A_208 0.000 185.740 5.000
Y_209 -1.718 -274.939 2.000
C_210 0.000 322.480 6.000
L_211 0.000 679.918 9.000
Q_212 -16.691 -643.904 7.000
T_213 -16.309 -90.974 10.000
V_214 0.000 613.196 14.000
T_215 -19.059 -90.974 14.000
E_216 -25.772 -605.239 15.000
D_217 -25.772 -475.402 15.000
N_218 -26.485 -507.047 16.000
P_219 0.000 -195.996 12.000
E_220 -18.409 -605.239 8.000
L_221 0.000 679.918 7.000
L_222 0.000 679.918 10.000
K_223 -11.867 -818.649 6.000
S_224 -15.425 -90.060 9.000
F_225 0.000 560.542 9.000
S_226 -15.425 -90.060 9.000
A_227 0.000 185.740 6.000
T_228 -11.867 -90.974 6.000
A_229 0.000 185.740 7.000
L_230 0.000 679.918 7.000
N_231 -7.878 -507.047 4.000
M_232 0.000 401.769 8.000
L_233 0.000 679.918 11.000
E_234 -16.691 -605.239 7.000
S_235 -13.255 -90.060 7.000
A_236 0.000 185.740 7.000
L_237 0.000 679.918 6.000
L_238 0.000 679.918 3.000
S_239 -4.441 -90.060 3.000
P_240 0.000 -195.996 6.000
V_241 0.000 613.196 9.000
S_242 -11.867 -90.060 6.000
S_243 -16.309 -90.060 10.000
M_244 0.000 401.769 13.000
E_245 -21.132 -605.239 10.000
S_246 -13.255 -90.060 7.000
L_247 0.000 679.918 7.000
L_248 0.000 679.918 6.000
L_249 0.000 679.918 6.000
K_250 -11.867 -818.649 6.000
T_251 -11.867 -90.974 6.000
L_252 0.000 679.918 6.000
V_253 0.000 613.196 3.000
A_254 0.000 185.740 3.000
G_255 0.000 -27.649 3.000
T_256 -7.878 -90.974 4.000
I_257 0.000 777.529 8.000
W_258 -5.155 -203.500 8.000
N_259 -18.409 -507.047 8.000
L_260 0.000 679.918 12.000
K_261 -17.098 -818.649 11.000
D_262 -16.691 -475.402 7.000
I_263 0.000 777.529 7.000
I_264 0.000 777.529 4.000
P_265 0.000 -195.996 3.000
C_266 0.000 322.480 6.000
K_267 -16.309 -818.649 10.000
S_268 -16.309 -90.060 10.000
Q_269 -25.003 -643.904 14.000
A_270 0.000 185.740 11.000
E_271 -18.409 -605.239 8.000
I_272 0.000 777.529 8.000
I_273 0.000 777.529 8.000
N_274 -7.878 -507.047 4.000
A_275 0.000 185.740 4.000
L_276 0.000 679.918 7.000
L_277 0.000 679.918 3.000
K_278 -4.441 -818.649 3.000
I_279 0.000 777.529 6.000
L_280 0.000 679.918 10.000
S_281 -13.255 -90.060 7.000
E_282 -16.691 -605.239 7.000
V_283 0.000 613.196 7.000
L_284 0.000 679.918 4.000
G_285 0.000 -27.649 4.000
M_286 0.000 401.769 4.000
D_287 -7.878 -475.402 4.000
A_288 0.000 185.740 8.000
G_289 0.000 -27.649 8.000
E_290 -7.878 -605.239 4.000
M_291 0.000 401.769 4.000
V_292 0.000 613.196 8.000
I_293 0.000 777.529 4.000
Q_294 -16.691 -643.904 7.000
M_295 0.000 401.769 11.000
K_296 -17.098 -818.649 11.000
E_297 -22.253 -605.239 11.000
A_298 0.000 185.740 14.000
E_299 -25.772 -605.239 15.000
T_300 -20.127 -90.974 16.000
Q_301 -26.485 -643.904 16.000
R_302 -31.716 -1015.709 15.000
L_303 0.000 679.918 15.000
K_304 -17.098 -818.649 11.000
T_305 -11.867 -90.974 6.000
A_306 0.000 185.740 10.000
A_307 0.000 185.740 7.000
E_308 -18.409 -605.239 8.000
A_309 0.000 185.740 12.000
E_310 -23.258 -605.239 12.000
E_311 -18.409 -605.239 8.000
I_312 0.000 777.529 12.000
L_313 0.000 679.918 12.000
E_314 -22.253 -605.239 11.000
N_315 -25.772 -507.047 15.000
T_316 -19.613 -90.974 15.000
N_317 -25.772 -507.047 15.000
G_318 0.000 -27.649 15.000
D_319 -23.258 -475.402 12.000
D_320 -18.409 -475.402 8.000
L_321 0.000 679.918 12.000
I_322 0.000 777.529 12.000
E_323 -23.258 -605.239 12.000
D_324 -26.485 -475.402 16.000
D_325 -26.485 -475.402 16.000
E_326 -26.485 -605.239 16.000
M_327 0.000 401.769 12.000
E_328 -18.409 -605.239 8.000
G_329 0.000 -27.649 7.000
I_330 0.000 777.529 9.000
S_331 -14.420 -90.060 8.000
H_332 -12.518 -583.484 13.000
K_333 -21.060 -818.649 18.000
R_334 -31.716 -1015.709 15.000
R_335 -34.315 -1015.709 18.000
V_336 0.000 613.196 20.000
R_337 -34.315 -1015.709 18.000
R_338 -32.645 -1015.709 16.000
K_339 -20.127 -818.649 16.000
T_340 -17.098 -90.974 11.000
F_341 0.000 560.542 9.000
V_342 0.000 613.196 10.000
S_343 -13.255 -90.060 7.000
D_344 -16.691 -475.402 7.000
L_345 0.000 679.918 7.000
L_346 0.000 679.918 4.000
P_347 0.000 -195.996 3.000
P_348 0.000 -195.996 7.000
T_349 -16.309 -90.974 10.000
D_350 -25.003 -475.402 14.000
K_351 -19.059 -818.649 14.000
E_352 -26.485 -605.239 16.000
L_353 0.000 679.918 16.000
R_354 -32.645 -1015.709 16.000
E_355 -23.258 -605.239 12.000
T_356 -17.811 -90.974 12.000
I_357 0.000 777.529 7.000
A_358 0.000 185.740 3.000
L_359 0.000 679.918 3.000
L_360 0.000 679.918 3.000
T_361 -13.255 -90.974 7.000
A_362 0.000 185.740 11.000
Q_363 -25.003 -643.904 14.000
Q_364 -22.253 -643.904 11.000
T_365 -17.098 -90.974 11.000
A_366 0.000 185.740 11.000
L_367 0.000 679.918 7.000
E_368 -7.878 -605.239 4.000
I_369 0.000 777.529 4.000
I_370 0.000 777.529 8.000
V_371 0.000 613.196 4.000
N_372 -7.878 -507.047 4.000
M_373 0.000 401.769 4.000
C_374 0.000 322.480 8.000
C_375 0.000 322.480 8.000
N_376 -23.258 -507.047 12.000
E_377 -23.258 -605.239 12.000
D_378 -25.772 -475.402 15.000
P_379 0.000 -195.996 15.000
S_380 -19.613 -90.060 15.000
D_381 -25.772 -475.402 15.000
D_382 -26.485 -475.402 16.000
E_383 -27.150 -605.239 17.000
W_384 -7.023 -203.500 17.000
E_385 -24.169 -605.239 13.000
E_386 -23.258 -605.239 12.000
L_387 0.000 679.918 14.000
S_388 -18.462 -90.060 13.000
S_389 -18.462 -90.060 13.000
S_390 -20.609 -90.060 17.000
D_391 -27.150 -475.402 17.000
E_392 -27.773 -605.239 18.000
S_393 -19.613 -90.060 15.000
D_394 -22.253 -475.402 11.000
A_395 0.000 185.740 7.000
F_396 0.000 560.542 8.000
M_397 0.000 401.769 8.000
E_398 -22.253 -605.239 11.000
N_399 -22.253 -507.047 11.000
S_400 -19.059 -90.060 14.000
F_401 0.000 560.542 14.000
S_402 -16.309 -90.060 10.000
E_403 -16.691 -605.239 7.000
C_404 0.000 322.480 7.000
G_405 0.000 -27.649 8.000
G_406 0.000 -27.649 4.000
Q_407 -7.878 -643.904 4.000
L_408 0.000 679.918 7.000
F_409 0.000 560.542 7.000
S_410 -4.441 -90.060 3.000
P_411 0.000 -195.996 3.000
L_412 0.000 679.918 3.000
C_413 0.000 322.480 3.000
L_414 0.000 679.918 5.000
S_415 -15.425 -90.060 9.000
H_416 -10.601 -583.484 9.000
E_417 -22.253 -605.239 11.000
V_418 0.000 613.196 11.000
H_419 -10.601 -583.484 9.000
T_420 -10.149 -90.974 5.000
A_421 0.000 185.740 8.000
L_422 0.000 679.918 10.000
T_423 -15.425 -90.974 9.000
N_424 -19.866 -507.047 9.000
Y_425 -10.601 -274.939 9.000
L_426 0.000 679.918 6.000
I_427 0.000 777.529 5.000
P_428 0.000 -195.996 6.000
K_429 -11.867 -818.649 6.000
K_430 -11.867 -818.649 6.000
I_431 0.000 777.529 10.000
F_432 0.000 560.542 10.000
E_433 -21.132 -605.239 10.000
K_434 -16.309 -818.649 10.000
T_435 -16.309 -90.974 10.000
A_436 0.000 185.740 6.000
F_437 0.000 560.542 7.000
P_438 0.000 -195.996 7.000
N_439 -16.691 -507.047 7.000
S_440 -13.255 -90.060 7.000
I_441 0.000 777.529 7.000
A_442 0.000 185.740 7.000
V_443 0.000 613.196 4.000
D_444 -7.878 -475.402 4.000
L_445 0.000 679.918 7.000
C_446 0.000 322.480 12.000
S_447 -17.811 -90.060 12.000
R_448 -28.412 -1015.709 12.000
N_449 -25.772 -507.047 15.000
P_450 0.000 -195.996 13.000
T_451 -17.098 -90.974 11.000
W_452 -4.824 -203.500 7.000
K_453 -13.255 -818.649 7.000
P_454 0.000 -195.996 4.000
L_455 0.000 679.918 8.000
I_456 0.000 777.529 8.000
R_457 -21.845 -1015.709 8.000
K_458 -17.811 -818.649 12.000
M_459 0.000 401.769 15.000
N_460 -21.132 -507.047 10.000
T_461 -17.098 -90.974 11.000
I_462 0.000 777.529 11.000
Q_463 -23.258 -643.904 12.000
C_464 0.000 322.480 9.000
R_465 -23.856 -1015.709 9.000
A_466 0.000 185.740 5.000
L_467 0.000 679.918 5.000
F_468 0.000 560.542 0.000
C_469 0.000 322.480 4.000
L_470 0.000 679.918 7.000
Q_471 -16.691 -643.904 7.000
S_472 -13.255 -90.060 7.000
L_473 0.000 679.918 10.000
V_474 0.000 613.196 6.000
S_475 -4.441 -90.060 3.000
L_476 0.000 679.918 7.000
L_477 0.000 679.918 7.000
D_478 -18.409 -475.402 8.000
V_479 0.000 613.196 10.000
E_480 -21.132 -605.239 10.000
H_481 -8.431 -583.484 6.000
L_482 0.000 679.918 6.000
G_483 0.000 -27.649 2.000
G_484 0.000 -27.649 0.000
A_485 0.000 185.740 0.000
A_486 0.000 185.740 0.000
A_487 0.000 185.740 4.000
L_488 0.000 679.918 7.000
Q_489 -16.691 -643.904 7.000
T_490 -13.255 -90.974 7.000
L_491 0.000 679.918 11.000
A_492 0.000 185.740 9.000
Q_493 -14.591 -643.904 6.000
H_494 -10.601 -583.484 9.000
L_495 0.000 679.918 13.000
S_496 -15.425 -90.060 9.000
Q_497 -16.691 -643.904 7.000
L_498 0.000 679.918 7.000
L_499 0.000 679.918 7.000
F_500 0.000 560.542 7.000
S_501 -13.255 -90.060 7.000
Q_502 -22.253 -643.904 11.000
P_503 0.000 -195.996 11.000
D_504 -18.409 -475.402 8.000
F_505 0.000 560.542 7.000
A_506 0.000 185.740 9.000
K_507 -10.149 -818.649 5.000
H_508 -10.601 -583.484 9.000
V_509 0.000 613.196 9.000
D_510 -14.591 -475.402 6.000
F_511 0.000 560.542 8.000
L_512 0.000 679.918 8.000
E_513 -7.878 -605.239 4.000
A_514 0.000 185.740 7.000
I_515 0.000 777.529 10.000
S_516 -11.867 -90.060 6.000
S_517 -11.867 -90.060 6.000
A_518 0.000 185.740 11.000
L_519 0.000 679.918 8.000
R_520 -11.867 -1015.709 5.000
A_521 0.000 185.740 5.000
L_522 0.000 679.918 9.000
L_523 0.000 679.918 7.000
Q_524 -16.691 -643.904 7.000
T_525 -13.255 -90.974 7.000
M_526 0.000 401.769 10.000
A_527 0.000 185.740 9.000
S_528 -16.309 -90.060 10.000
K_529 -16.309 -818.649 10.000
N_530 -24.169 -507.047 13.000
I_531 0.000 777.529 14.000
S_532 -17.098 -90.060 11.000
Q_533 -16.691 -643.904 7.000
C_534 0.000 322.480 10.000
M_535 0.000 401.769 7.000
T_536 -13.255 -90.974 7.000
P_537 0.000 -195.996 11.000
D_538 -22.253 -475.402 11.000
Q_539 -18.409 -643.904 8.000
L_540 0.000 679.918 11.000
M_541 0.000 401.769 7.000
T_542 -4.441 -90.974 3.000
L_543 0.000 679.918 6.000
C_544 0.000 322.480 6.000
K_545 -4.441 -818.649 3.000
A_546 0.000 185.740 3.000
G_547 0.000 -27.649 5.000
I_548 0.000 777.529 5.000
H_549 -9.978 -583.484 8.000
S_550 -17.811 -90.060 12.000
S_551 -17.811 -90.060 12.000
N_552 -21.132 -507.047 10.000
V_553 0.000 613.196 7.000
G_554 0.000 -27.649 9.000
V_555 0.000 613.196 5.000
R_556 -23.856 -1015.709 9.000
V_557 0.000 613.196 9.000
N_558 -19.866 -507.047 9.000
V_559 0.000 613.196 7.000
V_560 0.000 613.196 7.000
S_561 -4.441 -90.060 3.000
I_562 0.000 777.529 3.000
L_563 0.000 679.918 3.000
G_564 0.000 -27.649 3.000
I_565 0.000 777.529 3.000
T_566 -11.867 -90.974 6.000
G_567 0.000 -27.649 6.000
S_568 -11.867 -90.060 6.000
V_569 0.000 613.196 3.000
L_570 0.000 679.918 6.000
A_571 0.000 185.740 7.000
K_572 -17.098 -818.649 11.000
E_573 -22.253 -605.239 11.000
D_574 -25.003 -475.402 14.000
G_575 0.000 -27.649 11.000
T_576 -17.098 -90.974 11.000
L_577 0.000 679.918 10.000
E_578 -21.132 -605.239 10.000
T_579 -16.309 -90.974 10.000
L_580 0.000 679.918 14.000
K_581 -16.309 -818.649 10.000
N_582 -16.691 -507.047 7.000
I_583 0.000 777.529 7.000
G_584 0.000 -27.649 4.000
C_585 0.000 322.480 0.000
F_586 0.000 560.542 0.000
L_587 0.000 679.918 4.000
L_588 0.000 679.918 4.000
E_589 -16.691 -605.239 7.000
V_590 0.000 613.196 10.000
T_591 -18.462 -90.974 13.000
T_592 -18.462 -90.974 13.000
K_593 -18.462 -818.649 13.000
D_594 -24.169 -475.402 13.000
P_595 0.000 -195.996 10.000
S_596 -13.255 -90.060 7.000
L_597 0.000 679.918 3.000
V_598 0.000 613.196 3.000
V_599 0.000 613.196 0.000
A_600 0.000 185.740 4.000
G_601 0.000 -27.649 4.000
E_602 -7.878 -605.239 4.000
A_603 0.000 185.740 8.000
L_604 0.000 679.918 8.000
D_605 -7.878 -475.402 4.000
A_606 0.000 185.740 4.000
L_607 0.000 679.918 8.000
F_608 0.000 560.542 4.000
D_609 -7.878 -475.402 4.000
V_610 0.000 613.196 4.000
F_611 0.000 560.542 8.000
A_612 0.000 185.740 4.000
D_613 -16.691 -475.402 7.000
G_614 0.000 -27.649 11.000
K_615 -17.098 -818.649 11.000
E_616 -22.253 -605.239 11.000
A_617 0.000 185.740 16.000
E_618 -24.169 -605.239 13.000
R_619 -28.412 -1015.709 12.000
A_620 0.000 185.740 12.000
S_621 -17.811 -90.060 12.000
I_622 0.000 777.529 7.000
Q_623 -21.132 -643.904 10.000
I_624 0.000 777.529 7.000
K_625 -13.255 -818.649 7.000
L_626 0.000 679.918 6.000
L_627 0.000 679.918 6.000
S_628 -4.441 -90.060 3.000
A_629 0.000 185.740 6.000
L_630 0.000 679.918 10.000
K_631 -13.255 -818.649 7.000
E_632 -22.253 -605.239 11.000
F_633 0.000 560.542 11.000
Q_634 -18.409 -643.904 8.000
P_635 0.000 -195.996 4.000
V_636 0.000 613.196 7.000
F_637 0.000 560.542 3.000
K_638 -11.867 -818.649 6.000
M_639 0.000 401.769 6.000
K_640 -17.098 -818.649 11.000
I_641 0.000 777.529 11.000
R_642 -31.716 -1015.709 15.000
K_643 -17.811 -818.649 12.000
E_644 -27.150 -605.239 17.000
G_645 0.000 -27.649 12.000
R_646 -29.616 -1015.709 13.000
G_647 0.000 -27.649 11.000
N_648 -25.003 -507.047 14.000
Y_649 -12.104 -274.939 12.000
S_650 -20.127 -90.060 16.000
T_651 -20.127 -90.974 16.000
D_652 -25.003 -475.402 14.000
Q_653 -22.253 -643.904 11.000
L_654 0.000 679.918 8.000
C_655 0.000 322.480 4.000
V_656 0.000 613.196 4.000
L_657 0.000 679.918 8.000
D_658 -18.409 -475.402 8.000
N_659 -22.253 -507.047 11.000
V_660 0.000 613.196 11.000
K_661 -17.098 -818.649 11.000
M_662 0.000 401.769 7.000
N_663 -23.258 -507.047 12.000
L_664 0.000 679.918 14.000
R_665 -30.711 -1015.709 14.000
R_666 -25.574 -1015.709 10.000
F_667 0.000 560.542 10.000
I_668 0.000 777.529 7.000
A_669 0.000 185.740 6.000
Y_670 -11.154 -274.939 10.000
Q_671 -24.169 -643.904 13.000
E_672 -24.169 -605.239 13.000
T_673 -19.613 -90.974 15.000
V_674 0.000 613.196 14.000
E_675 -25.772 -605.239 15.000
K_676 -17.811 -818.649 12.000
R_677 -31.716 -1015.709 15.000
L_678 0.000 679.918 14.000
T_679 -17.098 -90.974 11.000
S_680 -11.867 -90.060 6.000
