M_1 0.000 401.769 5.000
S_2 -14.420 -90.060 8.000
Y_3 -9.978 -274.939 8.000
S_4 -17.098 -90.060 11.000
G_5 0.000 -27.649 10.000
S_6 -16.309 -90.060 10.000
Y_7 -9.265 -274.939 7.000
Y_8 -9.265 -274.939 7.000
G_9 0.000 -27.649 4.000
G_10 0.000 -27.649 2.000
L_11 0.000 679.918 2.000
G_12 0.000 -27.649 2.000
Y_13 -1.718 -274.939 2.000
G_14 0.000 -27.649 2.000
C_15 0.000 322.480 2.000
G_16 0.000 -27.649 0.000
G_17 0.000 -27.649 0.000
F_18 0.000 560.542 0.000
G_19 0.000 -27.649 0.000
G_20 0.000 -27.649 0.000
L_21 0.000 679.918 2.000
G_22 0.000 -27.649 2.000
Y_23 -6.160 -274.939 4.000
G_24 0.000 -27.649 7.000
Y_25 -9.265 -274.939 7.000
S_26 -10.149 -90.060 5.000
C_27 0.000 322.480 5.000
G_28 0.000 -27.649 3.000
C_29 0.000 322.480 3.000
G_30 0.000 -27.649 3.000
S_31 -14.420 -90.060 8.000
F_32 0.000 560.542 13.000
R_33 -29.616 -1015.709 13.000
R_34 -25.574 -1015.709 10.000
L_35 0.000 679.918 12.000
G_36 0.000 -27.649 7.000
Y_37 -1.718 -274.939 2.000
G_38 0.000 -27.649 2.000
C_39 0.000 322.480 4.000
G_40 0.000 -27.649 2.000
Y_41 -1.718 -274.939 2.000
G_42 0.000 -27.649 4.000
G_43 0.000 -27.649 9.000
Y_44 -10.601 -274.939 9.000
R_45 -28.412 -1015.709 12.000
Y_46 -12.104 -274.939 12.000
S_47 -16.309 -90.060 10.000
C_48 0.000 322.480 7.000
C_49 0.000 322.480 5.000
H_50 -7.426 -583.484 5.000
P_51 0.000 -195.996 5.000
S_52 -13.255 -90.060 7.000
C_53 0.000 322.480 5.000
Y_54 -7.426 -274.939 5.000
G_55 0.000 -27.649 4.000
G_56 0.000 -27.649 5.000
Y_57 -8.431 -274.939 6.000
W_58 -5.447 -203.500 9.000
S_59 -15.425 -90.060 9.000
S_60 -13.255 -90.060 7.000
G_61 0.000 -27.649 8.000
F_62 0.000 560.542 5.000
Y_63 -1.718 -274.939 2.000
