M_1 0.000 401.769 5.000
L_2 0.000 679.918 10.000
R_3 -25.574 -1015.709 10.000
R_4 -28.412 -1015.709 12.000
G_5 0.000 -27.649 15.000
Y_6 -11.154 -274.939 10.000
K_7 -14.420 -818.649 8.000
A_8 0.000 185.740 12.000
S_9 -19.613 -90.060 15.000
E_10 -27.150 -605.239 17.000
R_11 -37.098 -1015.709 22.000
R_12 -36.459 -1015.709 21.000
R_13 -33.508 -1015.709 17.000
H_14 -13.255 -583.484 15.000
L_15 0.000 679.918 14.000
S_16 -19.059 -90.060 14.000
E_17 -23.258 -605.239 12.000
R_18 -31.716 -1015.709 15.000
L_19 0.000 679.918 13.000
S_20 -17.098 -90.060 11.000
W_21 -5.708 -203.500 10.000
H_22 -12.900 -583.484 14.000
Q_23 -25.772 -643.904 15.000
D_24 -25.003 -475.402 14.000
Q_25 -23.258 -643.904 12.000
A_26 0.000 185.740 11.000
L_27 0.000 679.918 10.000
S_28 -15.425 -90.060 9.000
S_29 -15.425 -90.060 9.000
S_30 -17.098 -90.060 11.000
I_31 0.000 777.529 8.000
Y_32 -7.426 -274.939 5.000
L_33 0.000 679.918 7.000
L_34 0.000 679.918 11.000
R_35 -23.856 -1015.709 9.000
E_36 -19.866 -605.239 9.000
M_37 0.000 401.769 9.000
G_38 0.000 -27.649 7.000
P_39 0.000 -195.996 3.000
T_40 -4.441 -90.974 3.000
G_41 0.000 -27.649 3.000
F_42 0.000 560.542 3.000
L_43 0.000 679.918 5.000
L_44 0.000 679.918 9.000
R_45 -29.616 -1015.709 13.000
E_46 -27.150 -605.239 17.000
E_47 -27.150 -605.239 17.000
E_48 -26.485 -605.239 16.000
P_49 0.000 -195.996 14.000
E_50 -21.132 -605.239 10.000
Y_51 -11.154 -274.939 10.000
M_52 0.000 401.769 10.000
D_53 -22.253 -475.402 11.000
F_54 0.000 560.542 9.000
R_55 -23.856 -1015.709 9.000
V_56 0.000 613.196 5.000
F_57 0.000 560.542 5.000
L_58 0.000 679.918 4.000
G_59 0.000 -27.649 4.000
N_60 -14.591 -507.047 6.000
P_61 0.000 -195.996 6.000
H_62 -8.431 -583.484 6.000
V_63 0.000 613.196 6.000
C_64 0.000 322.480 6.000
N_65 -16.691 -507.047 7.000
C_66 0.000 322.480 10.000
S_67 -16.309 -90.060 10.000
T_68 -11.867 -90.974 6.000
F_69 0.000 560.542 9.000
P_70 0.000 -195.996 6.000
K_71 -4.441 -818.649 3.000
G_72 0.000 -27.649 7.000
G_73 0.000 -27.649 7.000
E_74 -7.878 -605.239 4.000
L_75 0.000 679.918 7.000
C_76 0.000 322.480 9.000
K_77 -10.149 -818.649 5.000
H_78 -7.426 -583.484 5.000
I_79 0.000 777.529 6.000
C_80 0.000 322.480 3.000
W_81 -0.000 -203.500 1.000
V_82 0.000 613.196 1.000
L_83 0.000 679.918 4.000
L_84 0.000 679.918 6.000
K_85 -11.867 -818.649 6.000
K_86 -15.425 -818.649 9.000
F_87 0.000 560.542 9.000
K_88 -11.867 -818.649 6.000
L_89 0.000 679.918 8.000
P_90 0.000 -195.996 12.000
R_91 -27.076 -1015.709 11.000
N_92 -25.772 -507.047 15.000
H_93 -14.188 -583.484 18.000
E_94 -24.169 -605.239 13.000
S_95 -15.425 -90.060 9.000
A_96 0.000 185.740 11.000
L_97 0.000 679.918 7.000
Q_98 -7.878 -643.904 4.000
L_99 0.000 679.918 4.000
G_100 0.000 -27.649 4.000
L_101 0.000 679.918 4.000
G_102 0.000 -27.649 9.000
E_103 -24.169 -605.239 13.000
R_104 -29.616 -1015.709 13.000
E_105 -26.485 -605.239 16.000
I_106 0.000 777.529 16.000
S_107 -17.098 -90.060 11.000
D_108 -16.691 -475.402 7.000
L_109 0.000 679.918 12.000
L_110 0.000 679.918 9.000
R_111 -11.867 -1015.709 5.000
G_112 0.000 -27.649 7.000
I_113 0.000 777.529 12.000
H_114 -9.265 -583.484 7.000
R_115 -27.076 -1015.709 11.000
V_116 0.000 613.196 14.000
Q_117 -23.258 -643.904 12.000
T_118 -17.098 -90.974 11.000
P_119 0.000 -195.996 11.000
Q_120 -16.691 -643.904 7.000
P_121 0.000 -195.996 7.000
G_122 0.000 -27.649 11.000
T_123 -17.098 -90.974 11.000
N_124 -25.772 -507.047 15.000
D_125 -28.359 -475.402 19.000
E_126 -28.912 -605.239 20.000
N_127 -27.773 -507.047 18.000
E_128 -25.003 -605.239 14.000
H_129 -12.900 -583.484 14.000
V_130 0.000 613.196 14.000
E_131 -25.003 -605.239 14.000
E_132 -23.258 -605.239 12.000
D_133 -25.003 -475.402 14.000
G_134 0.000 -27.649 10.000
Y_135 -10.601 -274.939 9.000
I_136 0.000 777.529 9.000
K_137 -17.811 -818.649 12.000
Q_138 -25.003 -643.904 14.000
K_139 -19.059 -818.649 14.000
E_140 -25.772 -605.239 15.000
I_141 0.000 777.529 14.000
D_142 -25.772 -475.402 15.000
S_143 -19.613 -90.060 15.000
E_144 -25.772 -605.239 15.000
D_145 -22.253 -475.402 11.000
I_146 0.000 777.529 11.000
C_147 0.000 322.480 7.000
S_148 -4.441 -90.060 3.000
I_149 0.000 777.529 7.000
C_150 0.000 322.480 11.000
Q_151 -18.409 -643.904 8.000
E_152 -18.409 -605.239 8.000
L_153 0.000 679.918 8.000
L_154 0.000 679.918 8.000
L_155 0.000 679.918 7.000
E_156 -21.132 -605.239 10.000
K_157 -16.309 -818.649 10.000
K_158 -16.309 -818.649 10.000
L_159 0.000 679.918 6.000
P_160 0.000 -195.996 6.000
V_161 0.000 613.196 3.000
T_162 -4.441 -90.974 3.000
F_163 0.000 560.542 8.000
C_164 0.000 322.480 8.000
R_165 -11.867 -1015.709 5.000
F_166 0.000 560.542 5.000
G_167 0.000 -27.649 5.000
C_168 0.000 322.480 4.000
G_169 0.000 -27.649 7.000
N_170 -16.691 -507.047 7.000
S_171 -15.425 -90.060 9.000
I_172 0.000 777.529 9.000
H_173 -9.978 -583.484 8.000
I_174 0.000 777.529 5.000
K_175 -10.149 -818.649 5.000
C_176 0.000 322.480 6.000
M_177 0.000 401.769 6.000
K_178 -4.441 -818.649 3.000
I_179 0.000 777.529 3.000
L_180 0.000 679.918 7.000
A_181 0.000 185.740 6.000
N_182 -21.132 -507.047 10.000
Y_183 -12.518 -274.939 13.000
Q_184 -26.485 -643.904 16.000
S_185 -19.613 -90.060 15.000
T_186 -20.609 -90.974 17.000
S_187 -20.127 -90.060 16.000
N_188 -26.485 -507.047 16.000
T_189 -18.462 -90.974 13.000
S_190 -16.309 -90.060 10.000
M_191 0.000 401.769 9.000
L_192 0.000 679.918 6.000
K_193 -4.441 -818.649 3.000
C_194 0.000 322.480 3.000
P_195 0.000 -195.996 3.000
L_196 0.000 679.918 5.000
C_197 0.000 322.480 8.000
R_198 -28.412 -1015.709 12.000
K_199 -17.811 -818.649 12.000
E_200 -23.258 -605.239 12.000
F_201 0.000 560.542 7.000
A_202 0.000 185.740 4.000
P_203 0.000 -195.996 3.000
L_204 0.000 679.918 3.000
K_205 -4.441 -818.649 3.000
L_206 0.000 679.918 3.000
I_207 0.000 777.529 7.000
L_208 0.000 679.918 8.000
E_209 -18.409 -605.239 8.000
E_210 -22.253 -605.239 11.000
F_211 0.000 560.542 15.000
K_212 -19.059 -818.649 14.000
N_213 -24.169 -507.047 13.000
S_214 -20.127 -90.060 16.000
S_215 -18.462 -90.060 13.000
K_216 -15.425 -818.649 9.000
L_217 0.000 679.918 6.000
V_218 0.000 613.196 3.000
A_219 0.000 185.740 0.000
A_220 0.000 185.740 4.000
A_221 0.000 185.740 7.000
E_222 -22.253 -605.239 11.000
K_223 -20.127 -818.649 16.000
E_224 -26.485 -605.239 16.000
R_225 -32.645 -1015.709 16.000
L_226 0.000 679.918 16.000
D_227 -25.003 -475.402 14.000
K_228 -15.425 -818.649 9.000
H_229 -10.601 -583.484 9.000
L_230 0.000 679.918 5.000
G_231 0.000 -27.649 2.000
I_232 0.000 777.529 0.000
P_233 0.000 -195.996 4.000
C_234 0.000 322.480 8.000
N_235 -18.409 -507.047 8.000
N_236 -22.253 -507.047 11.000
C_237 0.000 322.480 15.000
K_238 -17.098 -818.649 11.000
Q_239 -16.691 -643.904 7.000
F_240 0.000 560.542 7.000
P_241 0.000 -195.996 8.000
I_242 0.000 777.529 4.000
E_243 -16.691 -605.239 7.000
G_244 0.000 -27.649 7.000
K_245 -15.425 -818.649 9.000
C_246 0.000 322.480 8.000
Y_247 -9.978 -274.939 8.000
K_248 -14.420 -818.649 8.000
C_249 0.000 322.480 12.000
T_250 -16.309 -90.974 10.000
E_251 -16.691 -605.239 7.000
C_252 0.000 322.480 11.000
I_253 0.000 777.529 10.000
E_254 -18.409 -605.239 8.000
Y_255 -9.978 -274.939 8.000
H_256 -9.978 -583.484 8.000
L_257 0.000 679.918 8.000
C_258 0.000 322.480 10.000
Q_259 -18.409 -643.904 8.000
E_260 -18.409 -605.239 8.000
C_261 0.000 322.480 12.000
F_262 0.000 560.542 11.000
D_263 -16.691 -475.402 7.000
S_264 -13.255 -90.060 7.000
C_265 0.000 322.480 9.000
C_266 0.000 322.480 5.000
H_267 -7.426 -583.484 5.000
L_268 0.000 679.918 7.000
S_269 -16.309 -90.060 10.000
H_270 -9.978 -583.484 8.000
T_271 -17.098 -90.974 11.000
F_272 0.000 560.542 8.000
T_273 -17.098 -90.974 11.000
F_274 0.000 560.542 12.000
R_275 -31.716 -1015.709 15.000
E_276 -27.150 -605.239 17.000
K_277 -22.271 -818.649 21.000
R_278 -35.785 -1015.709 20.000
N_279 -28.359 -507.047 19.000
Q_280 -27.150 -643.904 17.000
K_281 -20.609 -818.649 17.000
W_282 -6.873 -203.500 16.000
R_283 -28.412 -1015.709 12.000
S_284 -18.462 -90.060 13.000
L_285 0.000 679.918 15.000
E_286 -25.772 -605.239 15.000
K_287 -17.811 -818.649 12.000
R_288 -32.645 -1015.709 16.000
A_289 0.000 185.740 16.000
D_290 -24.169 -475.402 13.000
E_291 -18.409 -605.239 8.000
V_292 0.000 613.196 11.000
V_293 0.000 613.196 9.000
K_294 -10.149 -818.649 5.000
Y_295 -10.601 -274.939 9.000
I_296 0.000 777.529 12.000
D_297 -23.258 -475.402 12.000
T_298 -19.059 -90.974 14.000
K_299 -21.060 -818.649 18.000
N_300 -25.003 -507.047 14.000
E_301 -25.772 -605.239 15.000
I_302 0.000 777.529 16.000
E_303 -25.772 -605.239 15.000
E_304 -22.253 -605.239 11.000
K_305 -19.059 -818.649 14.000
M_306 0.000 401.769 12.000
S_307 -14.420 -90.060 8.000
H_308 -10.601 -583.484 9.000
F_309 0.000 560.542 13.000
Q_310 -24.169 -643.904 13.000
E_311 -25.772 -605.239 15.000
K_312 -19.613 -818.649 15.000
Q_313 -25.772 -643.904 15.000
G_314 0.000 -27.649 11.000
Q_315 -21.132 -643.904 10.000
V_316 0.000 613.196 9.000
Y_317 -10.601 -274.939 9.000
T_318 -14.420 -90.974 8.000
P_319 0.000 -195.996 10.000
K_320 -14.420 -818.649 8.000
H_321 -7.426 -583.484 5.000
I_322 0.000 777.529 10.000
V_323 0.000 613.196 10.000
R_324 -21.845 -1015.709 8.000
S_325 -14.420 -90.060 8.000
L_326 0.000 679.918 8.000
P_327 0.000 -195.996 7.000
L_328 0.000 679.918 4.000
Q_329 -7.878 -643.904 4.000
L_330 0.000 679.918 7.000
I_331 0.000 777.529 10.000
T_332 -16.309 -90.974 10.000
K_333 -18.462 -818.649 13.000
N_334 -26.485 -507.047 16.000
S_335 -18.462 -90.060 13.000
K_336 -16.309 -818.649 10.000
L_337 0.000 679.918 6.000
L_338 0.000 679.918 3.000
A_339 0.000 185.740 0.000
P_340 0.000 -195.996 2.000
G_341 0.000 -27.649 6.000
Y_342 -8.431 -274.939 6.000
Q_343 -14.591 -643.904 6.000
C_344 0.000 322.480 6.000
L_345 0.000 679.918 4.000
L_346 0.000 679.918 0.000
C_347 0.000 322.480 3.000
L_348 0.000 679.918 3.000
K_349 -4.441 -818.649 3.000
A_350 0.000 185.740 5.000
F_351 0.000 560.542 5.000
H_352 -1.718 -583.484 2.000
L_353 0.000 679.918 6.000
G_354 0.000 -27.649 8.000
Q_355 -19.866 -643.904 9.000
H_356 -12.900 -583.484 14.000
T_357 -19.059 -90.974 14.000
R_358 -25.574 -1015.709 10.000
L_359 0.000 679.918 8.000
L_360 0.000 679.918 5.000
P_361 0.000 -195.996 3.000
C_362 0.000 322.480 5.000
T_363 -14.420 -90.974 8.000
H_364 -9.978 -583.484 8.000
K_365 -16.309 -818.649 10.000
F_366 0.000 560.542 12.000
H_367 -12.518 -583.484 13.000
R_368 -25.574 -1015.709 10.000
K_369 -16.309 -818.649 10.000
C_370 0.000 322.480 12.000
I_371 0.000 777.529 11.000
D_372 -19.866 -475.402 9.000
N_373 -19.866 -507.047 9.000
W_374 -5.447 -203.500 9.000
L_375 0.000 679.918 7.000
F_376 0.000 560.542 6.000
H_377 -7.426 -583.484 5.000
K_378 -15.425 -818.649 9.000
C_379 0.000 322.480 12.000
N_380 -21.132 -507.047 10.000
S_381 -13.255 -90.060 7.000
C_382 0.000 322.480 7.000
P_383 0.000 -195.996 7.000
I_384 0.000 777.529 4.000
D_385 -18.409 -475.402 8.000
G_386 0.000 -27.649 8.000
Q_387 -18.409 -643.904 8.000
V_388 0.000 613.196 6.000
I_389 0.000 777.529 10.000
Y_390 -8.431 -274.939 6.000
N_391 -14.591 -507.047 6.000
P_392 0.000 -195.996 9.000
L_393 0.000 679.918 8.000
T_394 -13.255 -90.974 7.000
W_395 -5.944 -203.500 11.000
K_396 -19.059 -818.649 14.000
N_397 -22.253 -507.047 11.000
S_398 -16.309 -90.060 10.000
A_399 0.000 185.740 11.000
V_400 0.000 613.196 7.000
N_401 -18.409 -507.047 8.000
G_402 0.000 -27.649 8.000
Q_403 -21.132 -643.904 10.000
A_404 0.000 185.740 10.000
H_405 -12.518 -583.484 13.000
Q_406 -19.866 -643.904 9.000
S_407 -17.811 -90.060 12.000
V_408 0.000 613.196 14.000
S_409 -19.613 -90.060 15.000
N_410 -26.485 -507.047 16.000
R_411 -32.645 -1015.709 16.000
D_412 -24.169 -475.402 13.000
I_413 0.000 777.529 11.000
I_414 0.000 777.529 6.000
H_415 -7.426 -583.484 5.000
L_416 0.000 679.918 8.000
S_417 -17.811 -90.060 12.000
K_418 -18.462 -818.649 13.000
Q_419 -27.150 -643.904 17.000
K_420 -19.059 -818.649 14.000
E_421 -25.772 -605.239 15.000
P_422 0.000 -195.996 11.000
D_423 -18.409 -475.402 8.000
L_424 0.000 679.918 4.000
F_425 0.000 560.542 4.000
I_426 0.000 777.529 0.000
P_427 0.000 -195.996 3.000
G_428 0.000 -27.649 3.000
T_429 -4.441 -90.974 3.000
G_430 0.000 -27.649 3.000
L_431 0.000 679.918 3.000
V_432 0.000 613.196 3.000
L_433 0.000 679.918 7.000
K_434 -17.098 -818.649 11.000
Q_435 -26.485 -643.904 16.000
N_436 -26.485 -507.047 16.000
R_437 -29.616 -1015.709 13.000
L_438 0.000 679.918 9.000
G_439 0.000 -27.649 5.000
I_440 0.000 777.529 0.000
L_441 0.000 679.918 3.000
P_442 0.000 -195.996 3.000
S_443 -4.441 -90.060 3.000
I_444 0.000 777.529 7.000
P_445 0.000 -195.996 7.000
Q_446 -18.409 -643.904 8.000
C_447 0.000 322.480 8.000
N_448 -23.258 -507.047 12.000
F_449 0.000 560.542 12.000
D_450 -23.258 -475.402 12.000
E_451 -23.258 -605.239 12.000
L_452 0.000 679.918 15.000
N_453 -22.253 -507.047 11.000
T_454 -17.098 -90.974 11.000
P_455 0.000 -195.996 14.000
Q_456 -21.132 -643.904 10.000
S_457 -16.309 -90.060 10.000
P_458 0.000 -195.996 14.000
K_459 -16.309 -818.649 10.000
D_460 -19.866 -475.402 9.000
A_461 0.000 185.740 13.000
Y_462 -12.900 -274.939 14.000
E_463 -24.169 -605.239 13.000
N_464 -26.485 -507.047 16.000
T_465 -19.059 -90.974 14.000
T_466 -19.059 -90.974 14.000
I_467 0.000 777.529 14.000
D_468 -22.253 -475.402 11.000
N_469 -18.409 -507.047 8.000
L_470 0.000 679.918 11.000
C_471 0.000 322.480 7.000
S_472 -11.867 -90.060 6.000
I_473 0.000 777.529 6.000
K_474 -16.309 -818.649 10.000
L_475 0.000 679.918 11.000
D_476 -25.003 -475.402 14.000
N_477 -25.772 -507.047 15.000
S_478 -21.060 -90.060 18.000
N_479 -27.150 -507.047 17.000
S_480 -20.127 -90.060 16.000
K_481 -18.462 -818.649 13.000
K_482 -17.811 -818.649 12.000
L_483 0.000 679.918 11.000
T_484 -17.811 -90.974 12.000
Y_485 -11.652 -274.939 11.000
D_486 -25.003 -475.402 14.000
Y_487 -11.652 -274.939 11.000
K_488 -17.811 -818.649 12.000
I_489 0.000 777.529 12.000
S_490 -17.811 -90.060 12.000
Q_491 -19.866 -643.904 9.000
H_492 -10.601 -583.484 9.000
F_493 0.000 560.542 11.000
P_494 0.000 -195.996 9.000
R_495 -19.414 -1015.709 7.000
Y_496 -11.652 -274.939 11.000
L_497 0.000 679.918 15.000
Q_498 -21.132 -643.904 10.000
D_499 -18.409 -475.402 8.000
L_500 0.000 679.918 11.000
P_501 0.000 -195.996 7.000
T_502 -11.867 -90.974 6.000
V_503 0.000 613.196 6.000
S_504 -11.867 -90.060 6.000
F_505 0.000 560.542 6.000
G_506 0.000 -27.649 6.000
K_507 -4.441 -818.649 3.000
I_508 0.000 777.529 6.000
P_509 0.000 -195.996 10.000
S_510 -16.309 -90.060 10.000
Q_511 -21.132 -643.904 10.000
T_512 -16.309 -90.974 10.000
L_513 0.000 679.918 7.000
L_514 0.000 679.918 3.000
P_515 0.000 -195.996 0.000
P_516 0.000 -195.996 0.000
I_517 0.000 777.529 2.000
V_518 0.000 613.196 5.000
H_519 -10.601 -583.484 9.000
K_520 -15.425 -818.649 9.000
N_521 -19.866 -507.047 9.000
I_522 0.000 777.529 7.000
V_523 0.000 613.196 4.000
C_524 0.000 322.480 3.000
P_525 0.000 -195.996 3.000
T_526 -4.441 -90.974 3.000
A_527 0.000 185.740 7.000
M_528 0.000 401.769 10.000
E_529 -16.691 -605.239 7.000
S_530 -13.255 -90.060 7.000
P_531 0.000 -195.996 7.000
C_532 0.000 322.480 6.000
I_533 0.000 777.529 3.000
S_534 -11.867 -90.060 6.000
G_535 0.000 -27.649 6.000
K_536 -14.420 -818.649 8.000
F_537 0.000 560.542 8.000
H_538 -11.652 -583.484 11.000
T_539 -14.420 -90.974 8.000
S_540 -17.098 -90.060 11.000
L_541 0.000 679.918 14.000
S_542 -17.098 -90.060 11.000
R_543 -27.076 -1015.709 11.000
M_544 0.000 401.769 14.000
T_545 -17.098 -90.974 11.000
K_546 -11.867 -818.649 6.000
G_547 0.000 -27.649 9.000
C_548 0.000 322.480 6.000
K_549 -13.255 -818.649 7.000
C_550 0.000 322.480 11.000
N_551 -24.169 -507.047 13.000
N_552 -25.003 -507.047 14.000
H_553 -12.900 -583.484 14.000
N_554 -24.169 -507.047 13.000
L_555 0.000 679.918 12.000
K_556 -18.462 -818.649 13.000
K_557 -15.425 -818.649 9.000
T_558 -15.425 -90.974 9.000
P_559 0.000 -195.996 9.000
A_560 0.000 185.740 9.000
T_561 -11.867 -90.974 6.000
K_562 -17.098 -818.649 11.000
I_563 0.000 777.529 15.000
R_564 -32.645 -1015.709 16.000
E_565 -27.150 -605.239 17.000
D_566 -28.912 -475.402 20.000
N_567 -28.912 -507.047 20.000
K_568 -21.486 -818.649 19.000
R_569 -34.315 -1015.709 18.000
S_570 -19.059 -90.060 14.000
T_571 -17.098 -90.974 11.000
L_572 0.000 679.918 6.000
L_573 0.000 679.918 7.000
P_574 0.000 -195.996 8.000
E_575 -18.409 -605.239 8.000
D_576 -23.258 -475.402 12.000
F_577 0.000 560.542 12.000
N_578 -18.409 -507.047 8.000
L_579 0.000 679.918 4.000
I_580 0.000 777.529 8.000
V_581 0.000 613.196 5.000
N_582 -18.409 -507.047 8.000
W_583 -5.944 -203.500 11.000
S_584 -17.098 -90.060 11.000
T_585 -16.309 -90.974 10.000
A_586 0.000 185.740 9.000
K_587 -15.425 -818.649 9.000
L_588 0.000 679.918 6.000
S_589 -15.425 -90.060 9.000
L_590 0.000 679.918 9.000
S_591 -19.059 -90.060 14.000
K_592 -18.462 -818.649 13.000
R_593 -32.645 -1015.709 16.000
Y_594 -13.896 -274.939 17.000
S_595 -19.059 -90.060 14.000
N_596 -19.866 -507.047 9.000
C_597 0.000 322.480 7.000
M_598 0.000 401.769 8.000
G_599 0.000 -27.649 4.000
E_600 -16.691 -605.239 7.000
I_601 0.000 777.529 12.000
T_602 -19.613 -90.974 15.000
R_603 -27.076 -1015.709 11.000
K_604 -19.059 -818.649 14.000
C_605 0.000 322.480 13.000
S_606 -14.420 -90.060 8.000
H_607 -9.978 -583.484 8.000
L_608 0.000 679.918 13.000
S_609 -19.059 -90.060 14.000
R_610 -28.412 -1015.709 12.000
Q_611 -23.258 -643.904 12.000
P_612 0.000 -195.996 12.000
V_613 0.000 613.196 9.000
S_614 -14.420 -90.060 8.000
H_615 -9.978 -583.484 8.000
S_616 -17.811 -90.060 12.000
V_617 0.000 613.196 12.000
N_618 -24.169 -507.047 13.000
T_619 -18.462 -90.974 13.000
K_620 -20.127 -818.649 16.000
S_621 -20.127 -90.060 16.000
T_622 -18.462 -90.974 13.000
E_623 -24.169 -605.239 13.000
L_624 0.000 679.918 10.000
S_625 -13.255 -90.060 7.000
L_626 0.000 679.918 3.000
I_627 0.000 777.529 7.000
I_628 0.000 777.529 4.000
E_629 -7.878 -605.239 4.000
G_630 0.000 -27.649 8.000
V_631 0.000 613.196 8.000
Q_632 -7.878 -643.904 4.000
L_633 0.000 679.918 4.000
