M_1 0.000 401.769 4.000
E_2 -7.878 -605.239 4.000
A_3 0.000 185.740 9.000
A_4 0.000 185.740 14.000
R_5 -25.574 -1015.709 10.000
R_6 -31.716 -1015.709 15.000
P_7 0.000 -195.996 15.000
R_8 -25.574 -1015.709 10.000
L_9 0.000 679.918 5.000
G_10 0.000 -27.649 8.000
L_11 0.000 679.918 8.000
S_12 -18.462 -90.060 13.000
R_13 -34.315 -1015.709 18.000
R_14 -34.315 -1015.709 18.000
R_15 -35.785 -1015.709 20.000
P_16 0.000 -195.996 15.000
R_17 -25.574 -1015.709 10.000
P_18 0.000 -195.996 5.000
A_19 0.000 185.740 5.000
G_20 0.000 -27.649 0.000
G_21 0.000 -27.649 3.000
P_22 0.000 -195.996 3.000
S_23 -4.441 -90.060 3.000
G_24 0.000 -27.649 8.000
G_25 0.000 -27.649 8.000
R_26 -16.309 -1015.709 6.000
P_27 0.000 -195.996 6.000
W_28 -4.441 -203.500 6.000
F_29 0.000 560.542 1.000
L_30 0.000 679.918 1.000
L_31 0.000 679.918 0.000
G_32 0.000 -27.649 4.000
G_33 0.000 -27.649 8.000
D_34 -24.169 -475.402 13.000
E_35 -27.150 -605.239 17.000
R_36 -37.098 -1015.709 22.000
E_37 -27.773 -605.239 18.000
R_38 -31.716 -1015.709 15.000
L_39 0.000 679.918 10.000
W_40 -5.708 -203.500 10.000
A_41 0.000 185.740 5.000
E_42 -11.867 -605.239 5.000
L_43 0.000 679.918 9.000
L_44 0.000 679.918 12.000
R_45 -21.845 -1015.709 8.000
T_46 -17.098 -90.974 11.000
V_47 0.000 613.196 11.000
S_48 -16.309 -90.060 10.000
P_49 0.000 -195.996 7.000
E_50 -16.691 -605.239 7.000
L_51 0.000 679.918 4.000
I_52 0.000 777.529 8.000
L_53 0.000 679.918 6.000
D_54 -21.132 -475.402 10.000
H_55 -11.154 -583.484 10.000
E_56 -21.132 -605.239 10.000
V_57 0.000 613.196 9.000
P_58 0.000 -195.996 7.000
S_59 -4.441 -90.060 3.000
L_60 0.000 679.918 3.000
P_61 0.000 -195.996 3.000
A_62 0.000 185.740 0.000
F_63 0.000 560.542 0.000
P_64 0.000 -195.996 4.000
G_65 0.000 -27.649 8.000
Q_66 -18.409 -643.904 8.000
E_67 -24.169 -605.239 13.000
P_68 0.000 -195.996 13.000
R_69 -23.856 -1015.709 9.000
C_70 0.000 322.480 5.000
G_71 0.000 -27.649 9.000
P_72 0.000 -195.996 4.000
E_73 -16.691 -605.239 7.000
P_74 0.000 -195.996 11.000
T_75 -17.098 -90.974 11.000
E_76 -16.691 -605.239 7.000
V_77 0.000 613.196 10.000
F_78 0.000 560.542 7.000
T_79 -4.441 -90.974 3.000
V_80 0.000 613.196 3.000
G_81 0.000 -27.649 6.000
P_82 0.000 -195.996 6.000
K_83 -11.867 -818.649 6.000
T_84 -15.425 -90.974 9.000
F_85 0.000 560.542 10.000
S_86 -16.309 -90.060 10.000
W_87 -4.824 -203.500 7.000
T_88 -13.255 -90.974 7.000
P_89 0.000 -195.996 4.000
F_90 0.000 560.542 3.000
P_91 0.000 -195.996 4.000
P_92 0.000 -195.996 4.000
D_93 -11.867 -475.402 5.000
L_94 0.000 679.918 5.000
W_95 -3.990 -203.500 5.000
G_96 0.000 -27.649 1.000
P_97 0.000 -195.996 6.000
G_98 0.000 -27.649 8.000
R_99 -25.574 -1015.709 10.000
S_100 -19.613 -90.060 15.000
Y_101 -13.255 -274.939 15.000
R_102 -25.574 -1015.709 10.000
L_103 0.000 679.918 9.000
L_104 0.000 679.918 7.000
H_105 -1.718 -583.484 2.000
G_106 0.000 -27.649 2.000
A_107 0.000 185.740 2.000
G_108 0.000 -27.649 2.000
G_109 0.000 -27.649 2.000
H_110 -8.431 -583.484 6.000
L_111 0.000 679.918 9.000
E_112 -19.866 -605.239 9.000
S_113 -13.255 -90.060 7.000
P_114 0.000 -195.996 12.000
A_115 0.000 185.740 11.000
R_116 -21.845 -1015.709 8.000
S_117 -14.420 -90.060 8.000
L_118 0.000 679.918 12.000
P_119 0.000 -195.996 12.000
Q_120 -19.866 -643.904 9.000
R_121 -23.856 -1015.709 9.000
P_122 0.000 -195.996 9.000
A_123 0.000 185.740 9.000
P_124 0.000 -195.996 4.000
D_125 -7.878 -475.402 4.000
P_126 0.000 -195.996 9.000
C_127 0.000 322.480 9.000
R_128 -11.867 -1015.709 5.000
A_129 0.000 185.740 10.000
P_130 0.000 -195.996 10.000
R_131 -23.856 -1015.709 9.000
V_132 0.000 613.196 13.000
E_133 -27.150 -605.239 17.000
Q_134 -23.258 -643.904 12.000
Q_135 -25.772 -643.904 15.000
P_136 0.000 -195.996 11.000
S_137 -17.098 -90.060 11.000
V_138 0.000 613.196 7.000
E_139 -16.691 -605.239 7.000
G_140 0.000 -27.649 4.000
A_141 0.000 185.740 4.000
A_142 0.000 185.740 0.000
A_143 0.000 185.740 5.000
L_144 0.000 679.918 8.000
R_145 -21.845 -1015.709 8.000
S_146 -14.420 -90.060 8.000
C_147 0.000 322.480 8.000
P_148 0.000 -195.996 3.000
M_149 0.000 401.769 4.000
C_150 0.000 322.480 7.000
Q_151 -22.253 -643.904 11.000
K_152 -17.098 -818.649 11.000
E_153 -22.253 -605.239 11.000
F_154 0.000 560.542 7.000
A_155 0.000 185.740 9.000
P_156 0.000 -195.996 5.000
R_157 -21.845 -1015.709 8.000
L_158 0.000 679.918 12.000
T_159 -17.811 -90.974 12.000
Q_160 -22.253 -643.904 11.000
L_161 0.000 679.918 11.000
D_162 -23.258 -475.402 12.000
V_163 0.000 613.196 11.000
D_164 -24.169 -475.402 13.000
S_165 -15.425 -90.060 9.000
H_166 -10.601 -583.484 9.000
L_167 0.000 679.918 9.000
A_168 0.000 185.740 6.000
Q_169 -7.878 -643.904 4.000
C_170 0.000 322.480 4.000
L_171 0.000 679.918 8.000
A_172 0.000 185.740 7.000
E_173 -21.132 -605.239 10.000
S_174 -19.059 -90.060 14.000
T_175 -21.060 -90.974 18.000
E_176 -25.003 -605.239 14.000
D_177 -25.003 -475.402 14.000
V_178 0.000 613.196 12.000
T_179 -14.420 -90.974 8.000
W_180 -3.436 -203.500 4.000
