M_1 0.000 401.769 5.000
S_2 -15.425 -90.060 9.000
Y_3 -10.601 -274.939 9.000
N_4 -19.866 -507.047 9.000
C_5 0.000 322.480 9.000
C_6 0.000 322.480 7.000
S_7 -13.255 -90.060 7.000
G_8 0.000 -27.649 7.000
N_9 -21.132 -507.047 10.000
F_10 0.000 560.542 10.000
S_11 -19.613 -90.060 15.000
S_12 -19.059 -90.060 14.000
R_13 -30.711 -1015.709 14.000
S_14 -17.098 -90.060 11.000
C_15 0.000 322.480 12.000
G_16 0.000 -27.649 9.000
D_17 -14.591 -475.402 6.000
Y_18 -11.652 -274.939 11.000
L_19 0.000 679.918 13.000
R_20 -23.856 -1015.709 9.000
Y_21 -9.265 -274.939 7.000
P_22 0.000 -195.996 10.000
A_23 0.000 185.740 8.000
S_24 -17.098 -90.060 11.000
S_25 -17.098 -90.060 11.000
R_26 -27.076 -1015.709 11.000
G_27 0.000 -27.649 11.000
F_28 0.000 560.542 10.000
S_29 -10.149 -90.060 5.000
Y_30 -9.978 -274.939 8.000
P_31 0.000 -195.996 12.000
S_32 -15.425 -90.060 9.000
N_33 -16.691 -507.047 7.000
L_34 0.000 679.918 9.000
V_35 0.000 613.196 9.000
Y_36 -9.978 -274.939 8.000
S_37 -17.811 -90.060 12.000
T_38 -17.811 -90.974 12.000
D_39 -21.132 -475.402 10.000
L_40 0.000 679.918 10.000
C_41 0.000 322.480 7.000
S_42 -11.867 -90.060 6.000
P_43 0.000 -195.996 9.000
S_44 -15.425 -90.060 9.000
T_45 -16.309 -90.974 10.000
C_46 0.000 322.480 10.000
Q_47 -16.691 -643.904 7.000
L_48 0.000 679.918 7.000
G_49 0.000 -27.649 10.000
S_50 -11.867 -90.060 6.000
S_51 -14.420 -90.060 8.000
L_52 0.000 679.918 13.000
Y_53 -11.154 -274.939 10.000
R_54 -19.414 -1015.709 7.000
G_55 0.000 -27.649 11.000
C_56 0.000 322.480 13.000
Q_57 -18.409 -643.904 8.000
E_58 -18.409 -605.239 8.000
I_59 0.000 777.529 9.000
C_60 0.000 322.480 9.000
W_61 -3.990 -203.500 5.000
E_62 -18.409 -605.239 8.000
P_63 0.000 -195.996 11.000
T_64 -16.309 -90.974 10.000
S_65 -16.309 -90.060 10.000
C_66 0.000 322.480 13.000
Q_67 -24.169 -643.904 13.000
T_68 -17.811 -90.974 12.000
S_69 -17.811 -90.060 12.000
Y_70 -12.104 -274.939 12.000
V_71 0.000 613.196 12.000
E_72 -23.258 -605.239 12.000
S_73 -16.309 -90.060 10.000
S_74 -16.309 -90.060 10.000
P_75 0.000 -195.996 10.000
C_76 0.000 322.480 10.000
Q_77 -21.132 -643.904 10.000
T_78 -16.309 -90.974 10.000
S_79 -17.811 -90.060 12.000
C_80 0.000 322.480 13.000
Y_81 -11.154 -274.939 10.000
R_82 -28.412 -1015.709 12.000
P_83 0.000 -195.996 15.000
R_84 -32.645 -1015.709 16.000
T_85 -17.098 -90.974 11.000
S_86 -17.098 -90.060 11.000
L_87 0.000 679.918 6.000
L_88 0.000 679.918 6.000
C_89 0.000 322.480 3.000
S_90 -4.441 -90.060 3.000
P_91 0.000 -195.996 6.000
C_92 0.000 322.480 9.000
K_93 -15.425 -818.649 9.000
T_94 -17.098 -90.974 11.000
T_95 -19.059 -90.974 14.000
Y_96 -11.652 -274.939 11.000
S_97 -17.098 -90.060 11.000
G_98 0.000 -27.649 8.000
S_99 -11.867 -90.060 6.000
L_100 0.000 679.918 3.000
G_101 0.000 -27.649 3.000
F_102 0.000 560.542 3.000
G_103 0.000 -27.649 6.000
S_104 -15.425 -90.060 9.000
S_105 -15.425 -90.060 9.000
S_106 -19.059 -90.060 14.000
C_107 0.000 322.480 14.000
R_108 -27.076 -1015.709 11.000
S_109 -14.420 -90.060 8.000
L_110 0.000 679.918 10.000
G_111 0.000 -27.649 5.000
Y_112 -7.426 -274.939 5.000
G_113 0.000 -27.649 10.000
S_114 -18.462 -90.060 13.000
R_115 -27.076 -1015.709 11.000
S_116 -18.462 -90.060 13.000
C_117 0.000 322.480 13.000
Y_118 -9.978 -274.939 8.000
S_119 -10.149 -90.060 5.000
V_120 0.000 613.196 5.000
G_121 0.000 -27.649 3.000
C_122 0.000 322.480 3.000
G_123 0.000 -27.649 6.000
S_124 -11.867 -90.060 6.000
S_125 -11.867 -90.060 6.000
G_126 0.000 -27.649 11.000
V_127 0.000 613.196 11.000
R_128 -21.845 -1015.709 8.000
S_129 -14.420 -90.060 8.000
L_130 0.000 679.918 10.000
G_131 0.000 -27.649 5.000
Y_132 -7.426 -274.939 5.000
G_133 0.000 -27.649 5.000
S_134 -10.149 -90.060 5.000
C_135 0.000 322.480 3.000
G_136 0.000 -27.649 3.000
F_137 0.000 560.542 3.000
P_138 0.000 -195.996 3.000
S_139 -4.441 -90.060 3.000
L_140 0.000 679.918 5.000
G_141 0.000 -27.649 5.000
Y_142 -7.426 -274.939 5.000
G_143 0.000 -27.649 5.000
S_144 -10.149 -90.060 5.000
G_145 0.000 -27.649 3.000
F_146 0.000 560.542 8.000
C_147 0.000 322.480 5.000
R_148 -21.845 -1015.709 8.000
P_149 0.000 -195.996 10.000
T_150 -16.309 -90.974 10.000
Y_151 -7.426 -274.939 5.000
L_152 0.000 679.918 8.000
A_153 0.000 185.740 10.000
S_154 -17.098 -90.060 11.000
R_155 -27.076 -1015.709 11.000
S_156 -19.613 -90.060 15.000
C_157 0.000 322.480 15.000
Q_158 -21.132 -643.904 10.000
S_159 -13.255 -90.060 7.000
P_160 0.000 -195.996 9.000
C_161 0.000 322.480 10.000
Y_162 -9.265 -274.939 7.000
R_163 -19.414 -1015.709 7.000
P_164 0.000 -195.996 9.000
A_165 0.000 185.740 7.000
Y_166 -7.426 -274.939 5.000
G_167 0.000 -27.649 8.000
S_168 -14.420 -90.060 8.000
T_169 -11.867 -90.974 6.000
F_170 0.000 560.542 11.000
C_171 0.000 322.480 11.000
R_172 -27.076 -1015.709 11.000
S_173 -17.098 -90.060 11.000
T_174 -17.098 -90.974 11.000
C_175 0.000 322.480 6.000
