M_1 0.000 401.769 0.000
A_2 0.000 185.740 4.000
A_3 0.000 185.740 4.000
D_4 -16.691 -475.402 7.000
P_5 0.000 -195.996 11.000
T_6 -17.098 -90.974 11.000
E_7 -23.258 -605.239 12.000
L_8 0.000 679.918 12.000
R_9 -23.856 -1015.709 9.000
L_10 0.000 679.918 8.000
G_11 0.000 -27.649 8.000
S_12 -4.441 -90.060 3.000
L_13 0.000 679.918 3.000
P_14 0.000 -195.996 3.000
V_15 0.000 613.196 3.000
F_16 0.000 560.542 8.000
T_17 -17.811 -90.974 12.000
R_18 -32.645 -1015.709 16.000
D_19 -26.485 -475.402 16.000
D_20 -27.150 -475.402 17.000
F_21 0.000 560.542 12.000
E_22 -23.258 -605.239 12.000
G_23 0.000 -27.649 9.000
D_24 -25.003 -475.402 14.000
W_25 -5.708 -203.500 10.000
R_26 -25.574 -1015.709 10.000
L_27 0.000 679.918 6.000
V_28 0.000 613.196 8.000
A_29 0.000 185.740 3.000
S_30 -4.441 -90.060 3.000
G_31 0.000 -27.649 3.000
G_32 0.000 -27.649 6.000
F_33 0.000 560.542 7.000
S_34 -13.255 -90.060 7.000
Q_35 -16.691 -643.904 7.000
V_36 0.000 613.196 11.000
F_37 0.000 560.542 8.000
Q_38 -19.866 -643.904 9.000
A_39 0.000 185.740 11.000
R_40 -32.645 -1015.709 16.000
H_41 -13.896 -583.484 17.000
R_42 -34.315 -1015.709 18.000
R_43 -34.315 -1015.709 18.000
W_44 -7.299 -203.500 19.000
R_45 -34.315 -1015.709 18.000
T_46 -19.613 -90.974 15.000
E_47 -25.003 -605.239 14.000
Y_48 -10.601 -274.939 9.000
A_49 0.000 185.740 9.000
I_50 0.000 777.529 5.000
K_51 -4.441 -818.649 3.000
C_52 0.000 322.480 3.000
A_53 0.000 185.740 3.000
P_54 0.000 -195.996 0.000
C_55 0.000 322.480 0.000
L_56 0.000 679.918 0.000
P_57 0.000 -195.996 4.000
P_58 0.000 -195.996 4.000
D_59 -7.878 -475.402 4.000
A_60 0.000 185.740 7.000
A_61 0.000 185.740 10.000
S_62 -16.309 -90.060 10.000
S_63 -16.309 -90.060 10.000
D_64 -25.003 -475.402 14.000
V_65 0.000 613.196 13.000
N_66 -21.132 -507.047 10.000
Y_67 -8.431 -274.939 6.000
L_68 0.000 679.918 10.000
I_69 0.000 777.529 10.000
E_70 -18.409 -605.239 8.000
E_71 -18.409 -605.239 8.000
A_72 0.000 185.740 11.000
A_73 0.000 185.740 7.000
K_74 -11.867 -818.649 6.000
M_75 0.000 401.769 9.000
K_76 -15.425 -818.649 9.000
K_77 -15.425 -818.649 9.000
I_78 0.000 777.529 9.000
K_79 -16.309 -818.649 10.000
F_80 0.000 560.542 9.000
Q_81 -19.866 -643.904 9.000
H_82 -8.431 -583.484 6.000
I_83 0.000 777.529 9.000
V_84 0.000 613.196 5.000
S_85 -10.149 -90.060 5.000
I_86 0.000 777.529 5.000
Y_87 -7.426 -274.939 5.000
G_88 0.000 -27.649 2.000
V_89 0.000 613.196 5.000
C_90 0.000 322.480 7.000
K_91 -13.255 -818.649 7.000
Q_92 -16.691 -643.904 7.000
P_93 0.000 -195.996 7.000
L_94 0.000 679.918 4.000
G_95 0.000 -27.649 0.000
I_96 0.000 777.529 0.000
V_97 0.000 613.196 4.000
M_98 0.000 401.769 4.000
E_99 -7.878 -605.239 4.000
F_100 0.000 560.542 4.000
M_101 0.000 401.769 8.000
A_102 0.000 185.740 4.000
N_103 -16.691 -507.047 7.000
G_104 0.000 -27.649 7.000
S_105 -17.098 -90.060 11.000
L_106 0.000 679.918 10.000
E_107 -21.132 -605.239 10.000
K_108 -13.255 -818.649 7.000
V_109 0.000 613.196 10.000
L_110 0.000 679.918 9.000
S_111 -14.420 -90.060 8.000
T_112 -17.098 -90.974 11.000
H_113 -11.652 -583.484 11.000
S_114 -14.420 -90.060 8.000
L_115 0.000 679.918 6.000
C_116 0.000 322.480 7.000
W_117 -3.436 -203.500 4.000
K_118 -15.425 -818.649 9.000
L_119 0.000 679.918 9.000
R_120 -29.616 -1015.709 13.000
F_121 0.000 560.542 10.000
R_122 -25.574 -1015.709 10.000
I_123 0.000 777.529 7.000
I_124 0.000 777.529 11.000
H_125 -10.601 -583.484 9.000
E_126 -23.258 -605.239 12.000
T_127 -17.811 -90.974 12.000
S_128 -16.309 -90.060 10.000
L_129 0.000 679.918 6.000
A_130 0.000 185.740 7.000
M_131 0.000 401.769 4.000
N_132 -7.878 -507.047 4.000
F_133 0.000 560.542 6.000
L_134 0.000 679.918 9.000
H_135 -7.426 -583.484 5.000
S_136 -14.420 -90.060 8.000
I_137 0.000 777.529 8.000
K_138 -11.867 -818.649 6.000
P_139 0.000 -195.996 3.000
P_140 0.000 -195.996 3.000
L_141 0.000 679.918 2.000
L_142 0.000 679.918 2.000
H_143 -8.431 -583.484 6.000
L_144 0.000 679.918 6.000
D_145 -19.866 -475.402 9.000
L_146 0.000 679.918 7.000
K_147 -13.255 -818.649 7.000
P_148 0.000 -195.996 7.000
G_149 0.000 -27.649 7.000
N_150 -7.878 -507.047 4.000
I_151 0.000 777.529 4.000
L_152 0.000 679.918 8.000
L_153 0.000 679.918 7.000
D_154 -22.253 -475.402 11.000
S_155 -17.098 -90.060 11.000
N_156 -24.169 -507.047 13.000
M_157 0.000 401.769 9.000
H_158 -10.601 -583.484 9.000
V_159 0.000 613.196 5.000
K_160 -14.420 -818.649 8.000
I_161 0.000 777.529 10.000
S_162 -16.309 -90.060 10.000
D_163 -16.691 -475.402 7.000
F_164 0.000 560.542 7.000
G_165 0.000 -27.649 7.000
L_166 0.000 679.918 6.000
S_167 -13.255 -90.060 7.000
K_168 -13.255 -818.649 7.000
W_169 -5.944 -203.500 11.000
M_170 0.000 401.769 12.000
E_171 -23.258 -605.239 12.000
Q_172 -25.003 -643.904 14.000
S_173 -21.486 -90.060 19.000
T_174 -19.613 -90.974 15.000
R_175 -31.716 -1015.709 15.000
M_176 0.000 401.769 14.000
Q_177 -22.253 -643.904 11.000
Y_178 -11.154 -274.939 10.000
I_179 0.000 777.529 15.000
E_180 -25.003 -605.239 14.000
R_181 -28.412 -1015.709 12.000
S_182 -17.811 -90.060 12.000
A_183 0.000 185.740 13.000
L_184 0.000 679.918 8.000
R_185 -11.867 -1015.709 5.000
G_186 0.000 -27.649 5.000
M_187 0.000 401.769 8.000
L_188 0.000 679.918 5.000
S_189 -10.149 -90.060 5.000
Y_190 -7.426 -274.939 5.000
I_191 0.000 777.529 5.000
P_192 0.000 -195.996 6.000
P_193 0.000 -195.996 4.000
E_194 -7.878 -605.239 4.000
M_195 0.000 401.769 4.000
F_196 0.000 560.542 8.000
L_197 0.000 679.918 7.000
E_198 -22.253 -605.239 11.000
S_199 -19.059 -90.060 14.000
N_200 -25.003 -507.047 14.000
K_201 -16.309 -818.649 10.000
A_202 0.000 185.740 7.000
P_203 0.000 -195.996 3.000
G_204 0.000 -27.649 3.000
P_205 0.000 -195.996 5.000
K_206 -15.425 -818.649 9.000
Y_207 -10.601 -274.939 9.000
D_208 -22.253 -475.402 11.000
V_209 0.000 613.196 11.000
Y_210 -10.601 -274.939 9.000
S_211 -10.149 -90.060 5.000
F_212 0.000 560.542 5.000
A_213 0.000 185.740 3.000
I_214 0.000 777.529 0.000
V_215 0.000 613.196 1.000
I_216 0.000 777.529 5.000
W_217 -3.990 -203.500 5.000
E_218 -11.867 -605.239 5.000
L_219 0.000 679.918 8.000
L_220 0.000 679.918 11.000
T_221 -16.309 -90.974 10.000
Q_222 -24.169 -643.904 13.000
K_223 -18.462 -818.649 13.000
K_224 -17.811 -818.649 12.000
P_225 0.000 -195.996 11.000
Y_226 -9.978 -274.939 8.000
S_227 -10.149 -90.060 5.000
G_228 0.000 -27.649 9.000
F_229 0.000 560.542 7.000
N_230 -7.878 -507.047 4.000
M_231 0.000 401.769 4.000
M_232 0.000 401.769 4.000
M_233 0.000 401.769 0.000
I_234 0.000 777.529 0.000
I_235 0.000 777.529 5.000
I_236 0.000 777.529 5.000
R_237 -11.867 -1015.709 5.000
V_238 0.000 613.196 5.000
A_239 0.000 185.740 5.000
A_240 0.000 185.740 0.000
G_241 0.000 -27.649 5.000
M_242 0.000 401.769 5.000
R_243 -21.845 -1015.709 8.000
P_244 0.000 -195.996 8.000
S_245 -17.811 -90.060 12.000
L_246 0.000 679.918 7.000
Q_247 -16.691 -643.904 7.000
P_248 0.000 -195.996 7.000
V_249 0.000 613.196 11.000
S_250 -17.098 -90.060 11.000
D_251 -23.258 -475.402 12.000
Q_252 -23.258 -643.904 12.000
W_253 -6.160 -203.500 12.000
P_254 0.000 -195.996 12.000
S_255 -14.420 -90.060 8.000
E_256 -22.253 -605.239 11.000
A_257 0.000 185.740 15.000
Q_258 -23.258 -643.904 12.000
Q_259 -18.409 -643.904 8.000
M_260 0.000 401.769 12.000
V_261 0.000 613.196 8.000
D_262 -7.878 -475.402 4.000
L_263 0.000 679.918 7.000
M_264 0.000 401.769 12.000
K_265 -14.420 -818.649 8.000
R_266 -23.856 -1015.709 9.000
C_267 0.000 322.480 13.000
W_268 -6.542 -203.500 14.000
D_269 -24.169 -475.402 13.000
Q_270 -24.169 -643.904 13.000
D_271 -25.772 -475.402 15.000
P_272 0.000 -195.996 14.000
K_273 -19.613 -818.649 15.000
K_274 -17.098 -818.649 11.000
R_275 -27.076 -1015.709 11.000
P_276 0.000 -195.996 8.000
C_277 0.000 322.480 5.000
F_278 0.000 560.542 4.000
L_279 0.000 679.918 4.000
D_280 -16.691 -475.402 7.000
I_281 0.000 777.529 7.000
T_282 -17.098 -90.974 11.000
I_283 0.000 777.529 10.000
E_284 -25.003 -605.239 14.000
T_285 -17.098 -90.974 11.000
D_286 -22.253 -475.402 11.000
I_287 0.000 777.529 7.000
L_288 0.000 679.918 7.000
L_289 0.000 679.918 3.000
S_290 -4.441 -90.060 3.000
L_291 0.000 679.918 7.000
L_292 0.000 679.918 10.000
Q_293 -23.258 -643.904 12.000
S_294 -17.811 -90.060 12.000
R_295 -28.412 -1015.709 12.000
V_296 0.000 613.196 8.000
A_297 0.000 185.740 5.000
V_298 0.000 613.196 4.000
P_299 0.000 -195.996 7.000
E_300 -21.132 -605.239 10.000
S_301 -16.309 -90.060 10.000
K_302 -16.309 -818.649 10.000
A_303 0.000 185.740 6.000
L_304 0.000 679.918 8.000
A_305 0.000 185.740 8.000
R_306 -21.845 -1015.709 8.000
K_307 -17.098 -818.649 11.000
V_308 0.000 613.196 11.000
S_309 -15.425 -90.060 9.000
C_310 0.000 322.480 6.000
K_311 -15.425 -818.649 9.000
L_312 0.000 679.918 6.000
S_313 -17.098 -90.060 11.000
L_314 0.000 679.918 12.000
R_315 -28.412 -1015.709 12.000
Q_316 -19.866 -643.904 9.000
P_317 0.000 -195.996 13.000
G_318 0.000 -27.649 8.000
E_319 -18.409 -605.239 8.000
V_320 0.000 613.196 12.000
N_321 -26.485 -507.047 16.000
E_322 -23.258 -605.239 12.000
D_323 -25.772 -475.402 15.000
I_324 0.000 777.529 15.000
S_325 -19.613 -90.060 15.000
Q_326 -22.253 -643.904 11.000
E_327 -22.253 -605.239 11.000
L_328 0.000 679.918 12.000
M_329 0.000 401.769 11.000
D_330 -22.253 -475.402 11.000
S_331 -19.059 -90.060 14.000
D_332 -25.003 -475.402 14.000
S_333 -19.059 -90.060 14.000
G_334 0.000 -27.649 13.000
N_335 -19.866 -507.047 9.000
Y_336 -10.601 -274.939 9.000
L_337 0.000 679.918 14.000
K_338 -16.309 -818.649 10.000
R_339 -21.845 -1015.709 8.000
A_340 0.000 185.740 12.000
L_341 0.000 679.918 9.000
Q_342 -16.691 -643.904 7.000
L_343 0.000 679.918 11.000
S_344 -20.127 -90.060 16.000
D_345 -25.772 -475.402 15.000
R_346 -35.072 -1015.709 19.000
K_347 -20.127 -818.649 16.000
N_348 -23.258 -507.047 12.000
L_349 0.000 679.918 7.000
V_350 0.000 613.196 9.000
P_351 0.000 -195.996 9.000
R_352 -29.616 -1015.709 13.000
D_353 -27.150 -475.402 17.000
E_354 -27.150 -605.239 17.000
E_355 -23.258 -605.239 12.000
L_356 0.000 679.918 8.000
C_357 0.000 322.480 6.000
I_358 0.000 777.529 6.000
Y_359 -11.154 -274.939 10.000
E_360 -24.169 -605.239 13.000
N_361 -24.169 -507.047 13.000
K_362 -19.059 -818.649 14.000
V_363 0.000 613.196 10.000
T_364 -11.867 -90.974 6.000
P_365 0.000 -195.996 5.000
L_366 0.000 679.918 5.000
H_367 -1.718 -583.484 2.000
F_368 0.000 560.542 2.000
L_369 0.000 679.918 2.000
V_370 0.000 613.196 4.000
A_371 0.000 185.740 4.000
Q_372 -16.691 -643.904 7.000
G_373 0.000 -27.649 7.000
S_374 -17.098 -90.060 11.000
V_375 0.000 613.196 11.000
E_376 -22.253 -605.239 11.000
Q_377 -24.169 -643.904 13.000
V_378 0.000 613.196 13.000
R_379 -23.856 -1015.709 9.000
L_380 0.000 679.918 5.000
L_381 0.000 679.918 5.000
L_382 0.000 679.918 2.000
A_383 0.000 185.740 6.000
H_384 -8.431 -583.484 6.000
E_385 -21.132 -605.239 10.000
V_386 0.000 613.196 10.000
D_387 -23.258 -475.402 12.000
V_388 0.000 613.196 8.000
D_389 -23.258 -475.402 12.000
C_390 0.000 322.480 11.000
Q_391 -22.253 -643.904 11.000
T_392 -16.309 -90.974 10.000
A_393 0.000 185.740 10.000
S_394 -14.420 -90.060 8.000
G_395 0.000 -27.649 8.000
Y_396 -9.978 -274.939 8.000
T_397 -10.149 -90.974 5.000
P_398 0.000 -195.996 5.000
L_399 0.000 679.918 3.000
L_400 0.000 679.918 0.000
I_401 0.000 777.529 0.000
A_402 0.000 185.740 4.000
A_403 0.000 185.740 8.000
Q_404 -23.258 -643.904 12.000
D_405 -26.485 -475.402 16.000
Q_406 -26.485 -643.904 16.000
Q_407 -26.485 -643.904 16.000
P_408 0.000 -195.996 12.000
D_409 -18.409 -475.402 8.000
L_410 0.000 679.918 4.000
C_411 0.000 322.480 4.000
A_412 0.000 185.740 0.000
L_413 0.000 679.918 0.000
L_414 0.000 679.918 0.000
L_415 0.000 679.918 2.000
A_416 0.000 185.740 2.000
H_417 -1.718 -583.484 2.000
G_418 0.000 -27.649 6.000
A_419 0.000 185.740 6.000
D_420 -18.409 -475.402 8.000
A_421 0.000 185.740 13.000
N_422 -24.169 -507.047 13.000
R_423 -29.616 -1015.709 13.000
V_424 0.000 613.196 17.000
D_425 -27.150 -475.402 17.000
E_426 -23.258 -605.239 12.000
D_427 -24.169 -475.402 13.000
G_428 0.000 -27.649 9.000
W_429 -3.990 -203.500 5.000
A_430 0.000 185.740 1.000
P_431 0.000 -195.996 3.000
L_432 0.000 679.918 2.000
H_433 -1.718 -583.484 2.000
F_434 0.000 560.542 2.000
A_435 0.000 185.740 6.000
A_436 0.000 185.740 8.000
Q_437 -18.409 -643.904 8.000
N_438 -23.258 -507.047 12.000
G_439 0.000 -27.649 16.000
D_440 -23.258 -475.402 12.000
D_441 -22.253 -475.402 11.000
G_442 0.000 -27.649 11.000
T_443 -17.811 -90.974 12.000
A_444 0.000 185.740 8.000
R_445 -21.845 -1015.709 8.000
L_446 0.000 679.918 5.000
L_447 0.000 679.918 9.000
L_448 0.000 679.918 6.000
D_449 -14.591 -475.402 6.000
H_450 -8.431 -583.484 6.000
G_451 0.000 -27.649 6.000
A_452 0.000 185.740 2.000
C_453 0.000 322.480 4.000
V_454 0.000 613.196 4.000
D_455 -18.409 -475.402 8.000
A_456 0.000 185.740 12.000
Q_457 -27.150 -643.904 17.000
E_458 -27.150 -605.239 17.000
R_459 -33.508 -1015.709 17.000
E_460 -25.003 -605.239 14.000
G_461 0.000 -27.649 13.000
W_462 -5.155 -203.500 8.000
T_463 -7.878 -90.974 4.000
P_464 0.000 -195.996 6.000
L_465 0.000 679.918 5.000
H_466 -1.718 -583.484 2.000
L_467 0.000 679.918 2.000
A_468 0.000 185.740 6.000
A_469 0.000 185.740 8.000
Q_470 -23.258 -643.904 12.000
N_471 -23.258 -507.047 12.000
N_472 -26.485 -507.047 16.000
F_473 0.000 560.542 16.000
E_474 -23.258 -605.239 12.000
N_475 -18.409 -507.047 8.000
V_476 0.000 613.196 13.000
A_477 0.000 185.740 9.000
R_478 -11.867 -1015.709 5.000
L_479 0.000 679.918 5.000
L_480 0.000 679.918 8.000
V_481 0.000 613.196 8.000
S_482 -17.811 -90.060 12.000
R_483 -28.412 -1015.709 12.000
Q_484 -26.485 -643.904 16.000
A_485 0.000 185.740 13.000
D_486 -23.258 -475.402 12.000
P_487 0.000 -195.996 8.000
N_488 -21.132 -507.047 10.000
L_489 0.000 679.918 10.000
H_490 -11.154 -583.484 10.000
E_491 -21.132 -605.239 10.000
A_492 0.000 185.740 10.000
E_493 -22.253 -605.239 11.000
G_494 0.000 -27.649 10.000
K_495 -16.309 -818.649 10.000
T_496 -11.867 -90.974 6.000
P_497 0.000 -195.996 8.000
L_498 0.000 679.918 5.000
H_499 -1.718 -583.484 2.000
V_500 0.000 613.196 2.000
A_501 0.000 185.740 4.000
A_502 0.000 185.740 2.000
Y_503 -1.718 -274.939 2.000
F_504 0.000 560.542 4.000
G_505 0.000 -27.649 4.000
H_506 -7.426 -583.484 5.000
V_507 0.000 613.196 5.000
S_508 -10.149 -90.060 5.000
L_509 0.000 679.918 6.000
V_510 0.000 613.196 6.000
K_511 -4.441 -818.649 3.000
L_512 0.000 679.918 6.000
L_513 0.000 679.918 9.000
T_514 -16.309 -90.974 10.000
S_515 -16.309 -90.060 10.000
Q_516 -21.132 -643.904 10.000
G_517 0.000 -27.649 11.000
A_518 0.000 185.740 8.000
E_519 -18.409 -605.239 8.000
L_520 0.000 679.918 8.000
D_521 -23.258 -475.402 12.000
A_522 0.000 185.740 12.000
Q_523 -27.150 -643.904 17.000
Q_524 -27.150 -643.904 17.000
R_525 -33.508 -1015.709 17.000
N_526 -27.773 -507.047 18.000
L_527 0.000 679.918 17.000
R_528 -28.412 -1015.709 12.000
T_529 -14.420 -90.974 8.000
P_530 0.000 -195.996 10.000
L_531 0.000 679.918 5.000
H_532 -1.718 -583.484 2.000
L_533 0.000 679.918 2.000
A_534 0.000 185.740 6.000
V_535 0.000 613.196 9.000
E_536 -19.866 -605.239 9.000
R_537 -28.412 -1015.709 12.000
G_538 0.000 -27.649 12.000
K_539 -18.462 -818.649 13.000
V_540 0.000 613.196 8.000
R_541 -21.845 -1015.709 8.000
A_542 0.000 185.740 9.000
I_543 0.000 777.529 11.000
Q_544 -14.591 -643.904 6.000
H_545 -8.431 -583.484 6.000
L_546 0.000 679.918 9.000
L_547 0.000 679.918 8.000
K_548 -11.867 -818.649 6.000
S_549 -11.867 -90.060 6.000
G_550 0.000 -27.649 6.000
A_551 0.000 185.740 3.000
V_552 0.000 613.196 4.000
P_553 0.000 -195.996 4.000
D_554 -7.878 -475.402 4.000
A_555 0.000 185.740 8.000
L_556 0.000 679.918 12.000
D_557 -22.253 -475.402 11.000
Q_558 -22.253 -643.904 11.000
S_559 -18.462 -90.060 13.000
G_560 0.000 -27.649 9.000
Y_561 -7.426 -274.939 5.000
G_562 0.000 -27.649 2.000
P_563 0.000 -195.996 4.000
L_564 0.000 679.918 5.000
H_565 -7.426 -583.484 5.000
T_566 -10.149 -90.974 5.000
A_567 0.000 185.740 5.000
A_568 0.000 185.740 8.000
A_569 0.000 185.740 5.000
R_570 -21.845 -1015.709 8.000
G_571 0.000 -27.649 10.000
K_572 -16.309 -818.649 10.000
Y_573 -7.426 -274.939 5.000
L_574 0.000 679.918 5.000
I_575 0.000 777.529 5.000
C_576 0.000 322.480 3.000
K_577 -4.441 -818.649 3.000
M_578 0.000 401.769 3.000
L_579 0.000 679.918 8.000
L_580 0.000 679.918 7.000
R_581 -19.414 -1015.709 7.000
Y_582 -9.265 -274.939 7.000
G_583 0.000 -27.649 10.000
A_584 0.000 185.740 5.000
S_585 -13.255 -90.060 7.000
L_586 0.000 679.918 7.000
E_587 -16.691 -605.239 7.000
L_588 0.000 679.918 7.000
P_589 0.000 -195.996 9.000
T_590 -15.425 -90.974 9.000
H_591 -10.601 -583.484 9.000
Q_592 -21.132 -643.904 10.000
G_593 0.000 -27.649 10.000
W_594 -5.155 -203.500 8.000
T_595 -7.878 -90.974 4.000
P_596 0.000 -195.996 6.000
L_597 0.000 679.918 5.000
H_598 -1.718 -583.484 2.000
L_599 0.000 679.918 2.000
A_600 0.000 185.740 4.000
A_601 0.000 185.740 5.000
Y_602 -7.426 -274.939 5.000
K_603 -13.255 -818.649 7.000
G_604 0.000 -27.649 7.000
H_605 -10.601 -583.484 9.000
L_606 0.000 679.918 6.000
E_607 -14.591 -605.239 6.000
I_608 0.000 777.529 6.000
I_609 0.000 777.529 6.000
H_610 -1.718 -583.484 2.000
L_611 0.000 679.918 2.000
L_612 0.000 679.918 6.000
A_613 0.000 185.740 7.000
E_614 -19.866 -605.239 9.000
S_615 -15.425 -90.060 9.000
H_616 -12.518 -583.484 13.000
A_617 0.000 185.740 9.000
N_618 -14.591 -507.047 6.000
M_619 0.000 401.769 4.000
G_620 0.000 -27.649 4.000
A_621 0.000 185.740 0.000
L_622 0.000 679.918 0.000
G_623 0.000 -27.649 0.000
A_624 0.000 185.740 4.000
V_625 0.000 613.196 5.000
N_626 -18.409 -507.047 8.000
W_627 -5.155 -203.500 8.000
T_628 -14.420 -90.974 8.000
P_629 0.000 -195.996 6.000
L_630 0.000 679.918 5.000
H_631 -1.718 -583.484 2.000
L_632 0.000 679.918 2.000
A_633 0.000 185.740 7.000
A_634 0.000 185.740 7.000
R_635 -19.414 -1015.709 7.000
H_636 -11.652 -583.484 11.000
G_637 0.000 -27.649 15.000
E_638 -21.132 -605.239 10.000
E_639 -18.409 -605.239 8.000
A_640 0.000 185.740 8.000
V_641 0.000 613.196 7.000
V_642 0.000 613.196 3.000
S_643 -4.441 -90.060 3.000
A_644 0.000 185.740 3.000
L_645 0.000 679.918 7.000
L_646 0.000 679.918 4.000
Q_647 -7.878 -643.904 4.000
C_648 0.000 322.480 4.000
G_649 0.000 -27.649 8.000
A_650 0.000 185.740 4.000
D_651 -18.409 -475.402 8.000
P_652 0.000 -195.996 8.000
N_653 -18.409 -507.047 8.000
A_654 0.000 185.740 8.000
A_655 0.000 185.740 12.000
E_656 -22.253 -605.239 11.000
Q_657 -22.253 -643.904 11.000
S_658 -17.811 -90.060 12.000
G_659 0.000 -27.649 11.000
W_660 -4.824 -203.500 7.000
T_661 -7.878 -90.974 4.000
P_662 0.000 -195.996 6.000
L_663 0.000 679.918 5.000
H_664 -1.718 -583.484 2.000
L_665 0.000 679.918 2.000
A_666 0.000 185.740 6.000
V_667 0.000 613.196 9.000
Q_668 -23.258 -643.904 12.000
R_669 -31.716 -1015.709 15.000
S_670 -19.613 -90.060 15.000
T_671 -17.098 -90.974 11.000
F_672 0.000 560.542 9.000
L_673 0.000 679.918 6.000
S_674 -4.441 -90.060 3.000
V_675 0.000 613.196 7.000
I_676 0.000 777.529 7.000
N_677 -7.878 -507.047 4.000
L_678 0.000 679.918 8.000
L_679 0.000 679.918 10.000
E_680 -18.409 -605.239 8.000
H_681 -9.978 -583.484 8.000
H_682 -12.104 -583.484 12.000
A_683 0.000 185.740 8.000
N_684 -18.409 -507.047 8.000
V_685 0.000 613.196 6.000
H_686 -11.652 -583.484 11.000
A_687 0.000 185.740 11.000
R_688 -30.711 -1015.709 14.000
N_689 -23.258 -507.047 12.000
K_690 -17.811 -818.649 12.000
V_691 0.000 613.196 8.000
G_692 0.000 -27.649 7.000
W_693 -3.436 -203.500 4.000
T_694 -7.878 -90.974 4.000
P_695 0.000 -195.996 6.000
A_696 0.000 185.740 5.000
H_697 -1.718 -583.484 2.000
L_698 0.000 679.918 2.000
A_699 0.000 185.740 2.000
A_700 0.000 185.740 3.000
L_701 0.000 679.918 3.000
K_702 -13.255 -818.649 7.000
G_703 0.000 -27.649 10.000
N_704 -21.132 -507.047 10.000
T_705 -13.255 -90.974 7.000
A_706 0.000 185.740 7.000
I_707 0.000 777.529 6.000
L_708 0.000 679.918 3.000
K_709 -4.441 -818.649 3.000
V_710 0.000 613.196 3.000
L_711 0.000 679.918 7.000
V_712 0.000 613.196 4.000
E_713 -7.878 -605.239 4.000
A_714 0.000 185.740 4.000
G_715 0.000 -27.649 8.000
A_716 0.000 185.740 4.000
Q_717 -18.409 -643.904 8.000
L_718 0.000 679.918 8.000
D_719 -23.258 -475.402 12.000
V_720 0.000 613.196 12.000
Q_721 -23.258 -643.904 12.000
D_722 -18.409 -475.402 8.000
G_723 0.000 -27.649 11.000
V_724 0.000 613.196 7.000
S_725 -11.867 -90.060 6.000
C_726 0.000 322.480 6.000
T_727 -11.867 -90.974 6.000
P_728 0.000 -195.996 7.000
L_729 0.000 679.918 7.000
Q_730 -7.878 -643.904 4.000
L_731 0.000 679.918 4.000
A_732 0.000 185.740 9.000
L_733 0.000 679.918 8.000
R_734 -29.616 -1015.709 13.000
S_735 -20.127 -90.060 16.000
R_736 -35.785 -1015.709 20.000
K_737 -19.613 -818.649 15.000
Q_738 -23.258 -643.904 12.000
G_739 0.000 -27.649 7.000
I_740 0.000 777.529 7.000
M_741 0.000 401.769 3.000
S_742 -4.441 -90.060 3.000
F_743 0.000 560.542 7.000
L_744 0.000 679.918 7.000
E_745 -16.691 -605.239 7.000
G_746 0.000 -27.649 11.000
K_747 -17.098 -818.649 11.000
E_748 -21.132 -605.239 10.000
P_749 0.000 -195.996 10.000
S_750 -13.255 -90.060 7.000
V_751 0.000 613.196 6.000
A_752 0.000 185.740 6.000
T_753 -4.441 -90.974 3.000
L_754 0.000 679.918 3.000
G_755 0.000 -27.649 6.000
G_756 0.000 -27.649 6.000
S_757 -11.867 -90.060 6.000
K_758 -11.867 -818.649 6.000
P_759 0.000 -195.996 6.000
G_760 0.000 -27.649 7.000
A_761 0.000 185.740 4.000
E_762 -18.409 -605.239 8.000
M_763 0.000 401.769 8.000
E_764 -18.409 -605.239 8.000
I_765 0.000 777.529 4.000
