M_1 0.000 401.769 3.000
P_2 0.000 -195.996 7.000
S_3 -17.098 -90.060 11.000
Q_4 -24.169 -643.904 13.000
N_5 -27.150 -507.047 17.000
Y_6 -12.900 -274.939 14.000
D_7 -21.132 -475.402 10.000
L_8 0.000 679.918 10.000
P_9 0.000 -195.996 11.000
Q_10 -21.132 -643.904 10.000
K_11 -19.059 -818.649 14.000
K_12 -21.060 -818.649 18.000
Q_13 -27.150 -643.904 17.000
E_14 -25.003 -605.239 14.000
K_15 -19.059 -818.649 14.000
M_16 0.000 401.769 13.000
T_17 -15.425 -90.974 9.000
K_18 -16.309 -818.649 10.000
F_19 0.000 560.542 14.000
Q_20 -22.253 -643.904 11.000
E_21 -18.409 -605.239 8.000
A_22 0.000 185.740 11.000
V_23 0.000 613.196 7.000
T_24 -11.867 -90.974 6.000
F_25 0.000 560.542 10.000
K_26 -16.309 -818.649 10.000
D_27 -16.691 -475.402 7.000
V_28 0.000 613.196 7.000
A_29 0.000 185.740 4.000
V_30 0.000 613.196 0.000
V_31 0.000 613.196 3.000
F_32 0.000 560.542 8.000
S_33 -17.811 -90.060 12.000
R_34 -32.645 -1015.709 16.000
E_35 -26.485 -605.239 16.000
E_36 -27.773 -605.239 18.000
L_37 0.000 679.918 13.000
R_38 -23.856 -1015.709 9.000
L_39 0.000 679.918 9.000
L_40 0.000 679.918 9.000
D_41 -16.691 -475.402 7.000
L_42 0.000 679.918 11.000
T_43 -20.127 -90.974 16.000
Q_44 -25.772 -643.904 15.000
R_45 -31.716 -1015.709 15.000
K_46 -19.059 -818.649 14.000
L_47 0.000 679.918 15.000
Y_48 -12.900 -274.939 14.000
R_49 -27.076 -1015.709 11.000
D_50 -22.253 -475.402 11.000
V_51 0.000 613.196 9.000
M_52 0.000 401.769 8.000
V_53 0.000 613.196 8.000
E_54 -18.409 -605.239 8.000
N_55 -22.253 -507.047 11.000
F_56 0.000 560.542 15.000
K_57 -17.098 -818.649 11.000
N_58 -16.691 -507.047 7.000
L_59 0.000 679.918 7.000
V_60 0.000 613.196 4.000
A_61 0.000 185.740 0.000
V_62 0.000 613.196 2.000
G_63 0.000 -27.649 2.000
H_64 -1.718 -583.484 2.000
L_65 0.000 679.918 2.000
P_66 0.000 -195.996 6.000
F_67 0.000 560.542 4.000
Q_68 -18.409 -643.904 8.000
P_69 0.000 -195.996 8.000
D_70 -18.409 -475.402 8.000
M_71 0.000 401.769 7.000
V_72 0.000 613.196 11.000
S_73 -13.255 -90.060 7.000
Q_74 -22.253 -643.904 11.000
L_75 0.000 679.918 11.000
E_76 -23.258 -605.239 12.000
A_77 0.000 185.740 12.000
E_78 -25.772 -605.239 15.000
E_79 -22.253 -605.239 11.000
K_80 -17.811 -818.649 12.000
L_81 0.000 679.918 8.000
W_82 -3.436 -203.500 4.000
M_83 0.000 401.769 5.000
M_84 0.000 401.769 8.000
E_85 -22.253 -605.239 11.000
T_86 -19.059 -90.974 14.000
E_87 -27.773 -605.239 18.000
T_88 -21.486 -90.974 19.000
Q_89 -28.359 -643.904 19.000
R_90 -34.315 -1015.709 18.000
S_91 -21.060 -90.060 18.000
S_92 -20.127 -90.060 16.000
K_93 -19.613 -818.649 15.000
H_94 -13.586 -583.484 16.000
Q_95 -26.485 -643.904 16.000
N_96 -24.169 -507.047 13.000
K_97 -19.613 -818.649 15.000
M_98 0.000 401.769 14.000
E_99 -21.132 -605.239 10.000
T_100 -17.098 -90.974 11.000
L_101 0.000 679.918 14.000
Q_102 -21.132 -643.904 10.000
K_103 -13.255 -818.649 7.000
F_104 0.000 560.542 7.000
A_105 0.000 185.740 6.000
L_106 0.000 679.918 5.000
K_107 -10.149 -818.649 5.000
Y_108 -9.978 -274.939 8.000
L_109 0.000 679.918 12.000
S_110 -18.462 -90.060 13.000
N_111 -25.772 -507.047 15.000
Q_112 -25.772 -643.904 15.000
E_113 -25.772 -605.239 15.000
L_114 0.000 679.918 11.000
S_115 -14.420 -90.060 8.000
C_116 0.000 322.480 8.000
W_117 -5.155 -203.500 8.000
Q_118 -14.591 -643.904 6.000
I_119 0.000 777.529 9.000
W_120 -6.160 -203.500 12.000
K_121 -14.420 -818.649 8.000
Q_122 -18.409 -643.904 8.000
V_123 0.000 613.196 10.000
A_124 0.000 185.740 11.000
S_125 -13.255 -90.060 7.000
E_126 -21.132 -605.239 10.000
L_127 0.000 679.918 15.000
T_128 -17.811 -90.974 12.000
R_129 -21.845 -1015.709 8.000
C_130 0.000 322.480 12.000
L_131 0.000 679.918 9.000
Q_132 -16.691 -643.904 7.000
G_133 0.000 -27.649 10.000
K_134 -18.462 -818.649 13.000
S_135 -18.462 -90.060 13.000
S_136 -18.462 -90.060 13.000
Q_137 -21.132 -643.904 10.000
L_138 0.000 679.918 11.000
L_139 0.000 679.918 8.000
Q_140 -18.409 -643.904 8.000
G_141 0.000 -27.649 11.000
D_142 -22.253 -475.402 11.000
S_143 -17.098 -90.060 11.000
I_144 0.000 777.529 11.000
Q_145 -21.132 -643.904 10.000
V_146 0.000 613.196 11.000
S_147 -19.613 -90.060 15.000
E_148 -25.772 -605.239 15.000
N_149 -28.359 -507.047 19.000
E_150 -28.912 -605.239 20.000
N_151 -26.485 -507.047 16.000
N_152 -23.258 -507.047 12.000
I_153 0.000 777.529 12.000
M_154 0.000 401.769 8.000
N_155 -16.691 -507.047 7.000
P_156 0.000 -195.996 7.000
K_157 -17.098 -818.649 11.000
G_158 0.000 -27.649 10.000
D_159 -24.169 -475.402 13.000
S_160 -16.309 -90.060 10.000
S_161 -17.811 -90.060 12.000
I_162 0.000 777.529 8.000
Y_163 -10.601 -274.939 9.000
I_164 0.000 777.529 10.000
E_165 -25.003 -605.239 14.000
N_166 -26.485 -507.047 16.000
Q_167 -26.485 -643.904 16.000
E_168 -23.258 -605.239 12.000
F_169 0.000 560.542 8.000
P_170 0.000 -195.996 5.000
F_171 0.000 560.542 6.000
W_172 -5.447 -203.500 9.000
R_173 -29.616 -1015.709 13.000
T_174 -19.613 -90.974 15.000
Q_175 -27.150 -643.904 17.000
H_176 -12.104 -583.484 12.000
S_177 -15.425 -90.060 9.000
C_178 0.000 322.480 9.000
G_179 0.000 -27.649 10.000
N_180 -19.866 -507.047 9.000
T_181 -15.425 -90.974 9.000
Y_182 -12.104 -274.939 12.000
L_183 0.000 679.918 12.000
S_184 -17.811 -90.060 12.000
E_185 -25.003 -605.239 14.000
S_186 -19.059 -90.060 14.000
Q_187 -25.772 -643.904 15.000
I_188 0.000 777.529 14.000
Q_189 -26.485 -643.904 16.000
S_190 -17.811 -90.060 12.000
R_191 -31.716 -1015.709 15.000
G_192 0.000 -27.649 15.000
K_193 -17.811 -818.649 12.000
Q_194 -22.253 -643.904 11.000
I_195 0.000 777.529 11.000
D_196 -22.253 -475.402 11.000
V_197 0.000 613.196 11.000
K_198 -19.613 -818.649 15.000
N_199 -22.253 -507.047 11.000
N_200 -25.772 -507.047 15.000
L_201 0.000 679.918 12.000
Q_202 -21.132 -643.904 10.000
I_203 0.000 777.529 10.000
H_204 -12.900 -583.484 14.000
E_205 -21.132 -605.239 10.000
D_206 -21.132 -475.402 10.000
F_207 0.000 560.542 11.000
M_208 0.000 401.769 10.000
K_209 -15.425 -818.649 9.000
K_210 -15.425 -818.649 9.000
S_211 -15.425 -90.060 9.000
P_212 0.000 -195.996 8.000
F_213 0.000 560.542 9.000
H_214 -9.978 -583.484 8.000
E_215 -18.409 -605.239 8.000
H_216 -11.652 -583.484 11.000
I_217 0.000 777.529 12.000
K_218 -17.811 -818.649 12.000
T_219 -18.462 -90.974 13.000
D_220 -27.150 -475.402 17.000
T_221 -19.059 -90.974 14.000
E_222 -25.003 -605.239 14.000
P_223 0.000 -195.996 10.000
K_224 -13.255 -818.649 7.000
P_225 0.000 -195.996 6.000
C_226 0.000 322.480 6.000
K_227 -13.255 -818.649 7.000
G_228 0.000 -27.649 11.000
N_229 -24.169 -507.047 13.000
E_230 -21.132 -605.239 10.000
Y_231 -12.518 -274.939 13.000
G_232 0.000 -27.649 9.000
K_233 -10.149 -818.649 5.000
I_234 0.000 777.529 6.000
I_235 0.000 777.529 10.000
S_236 -13.255 -90.060 7.000
D_237 -21.132 -475.402 10.000
G_238 0.000 -27.649 14.000
S_239 -19.613 -90.060 15.000
N_240 -25.003 -507.047 14.000
Q_241 -25.003 -643.904 14.000
K_242 -17.098 -818.649 11.000
L_243 0.000 679.918 7.000
P_244 0.000 -195.996 3.000
L_245 0.000 679.918 4.000
G_246 0.000 -27.649 7.000
E_247 -16.691 -605.239 7.000
K_248 -15.425 -818.649 9.000
P_249 0.000 -195.996 9.000
H_250 -7.426 -583.484 5.000
P_251 0.000 -195.996 2.000
C_252 0.000 322.480 6.000
G_253 0.000 -27.649 4.000
E_254 -7.878 -605.239 4.000
C_255 0.000 322.480 9.000
G_256 0.000 -27.649 9.000
R_257 -11.867 -1015.709 5.000
G_258 0.000 -27.649 8.000
F_259 0.000 560.542 10.000
S_260 -14.420 -90.060 8.000
Y_261 -9.978 -274.939 8.000
S_262 -18.462 -90.060 13.000
P_263 0.000 -195.996 10.000
R_264 -21.845 -1015.709 8.000
L_265 0.000 679.918 5.000
P_266 0.000 -195.996 7.000
L_267 0.000 679.918 2.000
H_268 -8.431 -583.484 6.000
P_269 0.000 -195.996 6.000
N_270 -18.409 -507.047 8.000
V_271 0.000 613.196 9.000
H_272 -10.601 -583.484 9.000
T_273 -15.425 -90.974 9.000
G_274 0.000 -27.649 12.000
E_275 -21.132 -605.239 10.000
K_276 -13.255 -818.649 7.000
C_277 0.000 322.480 10.000
F_278 0.000 560.542 10.000
S_279 -16.309 -90.060 10.000
Q_280 -24.169 -643.904 13.000
S_281 -19.613 -90.060 15.000
S_282 -17.811 -90.060 12.000
H_283 -12.518 -583.484 13.000
L_284 0.000 679.918 13.000
R_285 -28.412 -1015.709 12.000
T_286 -19.059 -90.974 14.000
H_287 -14.463 -583.484 19.000
Q_288 -25.003 -643.904 14.000
R_289 -29.616 -1015.709 13.000
I_290 0.000 777.529 11.000
H_291 -9.265 -583.484 7.000
P_292 0.000 -195.996 6.000
G_293 0.000 -27.649 9.000
E_294 -16.691 -605.239 7.000
K_295 -17.098 -818.649 11.000
L_296 0.000 679.918 16.000
N_297 -23.258 -507.047 12.000
R_298 -27.076 -1015.709 11.000
C_299 0.000 322.480 15.000
H_300 -12.900 -583.484 14.000
E_301 -19.866 -605.239 9.000
S_302 -18.462 -90.060 13.000
G_303 0.000 -27.649 11.000
D_304 -16.691 -475.402 7.000
C_305 0.000 322.480 8.000
F_306 0.000 560.542 11.000
N_307 -21.132 -507.047 10.000
K_308 -18.462 -818.649 13.000
S_309 -18.462 -90.060 13.000
S_310 -17.098 -90.060 11.000
F_311 0.000 560.542 11.000
H_312 -11.154 -583.484 10.000
S_313 -17.098 -90.060 11.000
Y_314 -12.900 -274.939 14.000
Q_315 -26.485 -643.904 16.000
S_316 -19.613 -90.060 15.000
N_317 -26.485 -507.047 16.000
H_318 -12.104 -583.484 12.000
T_319 -18.462 -90.974 13.000
G_320 0.000 -27.649 12.000
E_321 -24.169 -605.239 13.000
K_322 -17.811 -818.649 12.000
S_323 -20.609 -90.060 17.000
Y_324 -12.518 -274.939 13.000
R_325 -30.711 -1015.709 14.000
C_326 0.000 322.480 14.000
D_327 -23.258 -475.402 12.000
S_328 -13.255 -90.060 7.000
C_329 0.000 322.480 10.000
G_330 0.000 -27.649 6.000
K_331 -4.441 -818.649 3.000
G_332 0.000 -27.649 6.000
F_333 0.000 560.542 9.000
S_334 -15.425 -90.060 9.000
S_335 -17.811 -90.060 12.000
S_336 -17.811 -90.060 12.000
T_337 -15.425 -90.974 9.000
G_338 0.000 -27.649 6.000
L_339 0.000 679.918 3.000
I_340 0.000 777.529 2.000
I_341 0.000 777.529 4.000
H_342 -10.601 -583.484 9.000
Y_343 -12.104 -274.939 12.000
R_344 -30.711 -1015.709 14.000
T_345 -19.613 -90.974 15.000
H_346 -12.518 -583.484 13.000
T_347 -17.811 -90.974 12.000
G_348 0.000 -27.649 12.000
E_349 -21.132 -605.239 10.000
K_350 -15.425 -818.649 9.000
P_351 0.000 -195.996 12.000
Y_352 -9.978 -274.939 8.000
K_353 -15.425 -818.649 9.000
C_354 0.000 322.480 13.000
E_355 -22.253 -605.239 11.000
E_356 -18.409 -605.239 8.000
C_357 0.000 322.480 11.000
G_358 0.000 -27.649 7.000
K_359 -4.441 -818.649 3.000
C_360 0.000 322.480 6.000
F_361 0.000 560.542 10.000
S_362 -16.309 -90.060 10.000
Q_363 -24.169 -643.904 13.000
S_364 -20.609 -90.060 17.000
S_365 -19.059 -90.060 14.000
N_366 -25.003 -507.047 14.000
F_367 0.000 560.542 11.000
Q_368 -21.132 -643.904 10.000
C_369 0.000 322.480 10.000
H_370 -13.255 -583.484 15.000
Q_371 -22.253 -643.904 11.000
R_372 -29.616 -1015.709 13.000
V_373 0.000 613.196 14.000
H_374 -12.900 -583.484 14.000
T_375 -18.462 -90.974 13.000
E_376 -26.485 -605.239 16.000
E_377 -25.003 -605.239 14.000
K_378 -18.462 -818.649 13.000
P_379 0.000 -195.996 12.000
Y_380 -9.978 -274.939 8.000
K_381 -15.425 -818.649 9.000
C_382 0.000 322.480 13.000
E_383 -22.253 -605.239 11.000
E_384 -18.409 -605.239 8.000
C_385 0.000 322.480 11.000
G_386 0.000 -27.649 7.000
K_387 -4.441 -818.649 3.000
G_388 0.000 -27.649 3.000
F_389 0.000 560.542 4.000
G_390 0.000 -27.649 4.000
W_391 -3.436 -203.500 4.000
S_392 -14.420 -90.060 8.000
V_393 0.000 613.196 8.000
N_394 -23.258 -507.047 12.000
L_395 0.000 679.918 9.000
R_396 -27.076 -1015.709 11.000
V_397 0.000 613.196 11.000
H_398 -13.586 -583.484 16.000
Q_399 -22.253 -643.904 11.000
R_400 -29.616 -1015.709 13.000
V_401 0.000 613.196 16.000
H_402 -12.104 -583.484 12.000
R_403 -27.076 -1015.709 11.000
G_404 0.000 -27.649 14.000
E_405 -23.258 -605.239 12.000
K_406 -15.425 -818.649 9.000
P_407 0.000 -195.996 12.000
Y_408 -9.978 -274.939 8.000
K_409 -15.425 -818.649 9.000
C_410 0.000 322.480 13.000
E_411 -22.253 -605.239 11.000
E_412 -18.409 -605.239 8.000
C_413 0.000 322.480 11.000
G_414 0.000 -27.649 7.000
K_415 -4.441 -818.649 3.000
G_416 0.000 -27.649 6.000
F_417 0.000 560.542 10.000
T_418 -13.255 -90.974 7.000
Q_419 -16.691 -643.904 7.000
A_420 0.000 185.740 9.000
A_421 0.000 185.740 6.000
H_422 -6.160 -583.484 4.000
F_423 0.000 560.542 4.000
H_424 -8.431 -583.484 6.000
I_425 0.000 777.529 8.000
H_426 -12.518 -583.484 13.000
Q_427 -22.253 -643.904 11.000
R_428 -29.616 -1015.709 13.000
V_429 0.000 613.196 14.000
H_430 -11.154 -583.484 10.000
T_431 -15.425 -90.974 9.000
G_432 0.000 -27.649 12.000
E_433 -21.132 -605.239 10.000
K_434 -15.425 -818.649 9.000
P_435 0.000 -195.996 12.000
Y_436 -9.978 -274.939 8.000
K_437 -15.425 -818.649 9.000
C_438 0.000 322.480 9.000
D_439 -16.691 -475.402 7.000
V_440 0.000 613.196 4.000
C_441 0.000 322.480 7.000
G_442 0.000 -27.649 3.000
K_443 -4.441 -818.649 3.000
G_444 0.000 -27.649 6.000
F_445 0.000 560.542 8.000
S_446 -15.425 -90.060 9.000
H_447 -12.104 -583.484 12.000
N_448 -23.258 -507.047 12.000
S_449 -15.425 -90.060 9.000
P_450 0.000 -195.996 7.000
L_451 0.000 679.918 3.000
I_452 0.000 777.529 2.000
C_453 0.000 322.480 7.000
H_454 -12.104 -583.484 12.000
R_455 -28.412 -1015.709 12.000
R_456 -30.711 -1015.709 14.000
V_457 0.000 613.196 15.000
H_458 -11.154 -583.484 10.000
T_459 -15.425 -90.974 9.000
G_460 0.000 -27.649 12.000
E_461 -21.132 -605.239 10.000
K_462 -15.425 -818.649 9.000
P_463 0.000 -195.996 12.000
Y_464 -9.978 -274.939 8.000
K_465 -15.425 -818.649 9.000
C_466 0.000 322.480 9.000
E_467 -16.691 -605.239 7.000
A_468 0.000 185.740 4.000
C_469 0.000 322.480 7.000
G_470 0.000 -27.649 3.000
K_471 -4.441 -818.649 3.000
G_472 0.000 -27.649 6.000
F_473 0.000 560.542 11.000
T_474 -17.811 -90.974 12.000
R_475 -31.716 -1015.709 15.000
N_476 -28.359 -507.047 19.000
T_477 -20.127 -90.974 16.000
D_478 -24.169 -475.402 13.000
L_479 0.000 679.918 9.000
H_480 -9.978 -583.484 8.000
I_481 0.000 777.529 4.000
H_482 -10.601 -583.484 9.000
F_483 0.000 560.542 7.000
R_484 -23.856 -1015.709 9.000
V_485 0.000 613.196 10.000
H_486 -11.154 -583.484 10.000
T_487 -15.425 -90.974 9.000
G_488 0.000 -27.649 12.000
E_489 -21.132 -605.239 10.000
K_490 -15.425 -818.649 9.000
P_491 0.000 -195.996 12.000
Y_492 -9.978 -274.939 8.000
K_493 -14.420 -818.649 8.000
C_494 0.000 322.480 12.000
K_495 -16.309 -818.649 10.000
E_496 -16.691 -605.239 7.000
C_497 0.000 322.480 10.000
G_498 0.000 -27.649 7.000
K_499 -4.441 -818.649 3.000
G_500 0.000 -27.649 6.000
F_501 0.000 560.542 10.000
S_502 -13.255 -90.060 7.000
Q_503 -21.132 -643.904 10.000
A_504 0.000 185.740 14.000
S_505 -17.098 -90.060 11.000
N_506 -22.253 -507.047 11.000
L_507 0.000 679.918 11.000
Q_508 -21.132 -643.904 10.000
V_509 0.000 613.196 10.000
H_510 -12.900 -583.484 14.000
Q_511 -21.132 -643.904 10.000
N_512 -23.258 -507.047 12.000
V_513 0.000 613.196 13.000
H_514 -10.601 -583.484 9.000
T_515 -15.425 -90.974 9.000
G_516 0.000 -27.649 12.000
E_517 -25.772 -605.239 15.000
K_518 -17.811 -818.649 12.000
R_519 -31.716 -1015.709 15.000
F_520 0.000 560.542 11.000
K_521 -17.811 -818.649 12.000
C_522 0.000 322.480 10.000
E_523 -21.132 -605.239 10.000
T_524 -13.255 -90.974 7.000
C_525 0.000 322.480 10.000
G_526 0.000 -27.649 6.000
K_527 -4.441 -818.649 3.000
G_528 0.000 -27.649 6.000
F_529 0.000 560.542 10.000
S_530 -16.309 -90.060 10.000
Q_531 -24.169 -643.904 13.000
S_532 -20.127 -90.060 16.000
S_533 -18.462 -90.060 13.000
K_534 -18.462 -818.649 13.000
L_535 0.000 679.918 13.000
Q_536 -23.258 -643.904 12.000
T_537 -18.462 -90.974 13.000
H_538 -14.188 -583.484 18.000
Q_539 -25.003 -643.904 14.000
R_540 -29.616 -1015.709 13.000
V_541 0.000 613.196 14.000
H_542 -11.154 -583.484 10.000
T_543 -15.425 -90.974 9.000
G_544 0.000 -27.649 12.000
E_545 -21.132 -605.239 10.000
K_546 -15.425 -818.649 9.000
P_547 0.000 -195.996 14.000
Y_548 -11.154 -274.939 10.000
R_549 -27.076 -1015.709 11.000
C_550 0.000 322.480 11.000
D_551 -19.866 -475.402 9.000
V_552 0.000 613.196 4.000
C_553 0.000 322.480 7.000
G_554 0.000 -27.649 7.000
K_555 -13.255 -818.649 7.000
D_556 -21.132 -475.402 10.000
F_557 0.000 560.542 12.000
S_558 -17.811 -90.060 12.000
Y_559 -11.652 -274.939 11.000
S_560 -19.613 -90.060 15.000
S_561 -17.811 -90.060 12.000
N_562 -24.169 -507.047 13.000
L_563 0.000 679.918 10.000
K_564 -15.425 -818.649 9.000
L_565 0.000 679.918 9.000
H_566 -10.601 -583.484 9.000
Q_567 -14.591 -643.904 6.000
V_568 0.000 613.196 8.000
I_569 0.000 777.529 9.000
H_570 -7.426 -583.484 5.000
T_571 -15.425 -90.974 9.000
G_572 0.000 -27.649 12.000
E_573 -21.132 -605.239 10.000
K_574 -15.425 -818.649 9.000
P_575 0.000 -195.996 12.000
Y_576 -9.978 -274.939 8.000
K_577 -15.425 -818.649 9.000
C_578 0.000 322.480 13.000
E_579 -22.253 -605.239 11.000
E_580 -18.409 -605.239 8.000
C_581 0.000 322.480 11.000
G_582 0.000 -27.649 7.000
K_583 -4.441 -818.649 3.000
G_584 0.000 -27.649 6.000
F_585 0.000 560.542 7.000
S_586 -15.425 -90.060 9.000
W_587 -6.160 -203.500 12.000
R_588 -32.645 -1015.709 16.000
S_589 -18.462 -90.060 13.000
N_590 -25.003 -507.047 14.000
L_591 0.000 679.918 9.000
H_592 -9.978 -583.484 8.000
A_593 0.000 185.740 8.000
H_594 -12.518 -583.484 13.000
Q_595 -22.253 -643.904 11.000
R_596 -29.616 -1015.709 13.000
V_597 0.000 613.196 14.000
H_598 -11.154 -583.484 10.000
S_599 -15.425 -90.060 9.000
G_600 0.000 -27.649 12.000
E_601 -21.132 -605.239 10.000
K_602 -15.425 -818.649 9.000
P_603 0.000 -195.996 12.000
Y_604 -9.978 -274.939 8.000
K_605 -15.425 -818.649 9.000
C_606 0.000 322.480 13.000
E_607 -22.253 -605.239 11.000
Q_608 -23.258 -643.904 12.000
C_609 0.000 322.480 15.000
D_610 -25.003 -475.402 14.000
K_611 -16.309 -818.649 10.000
S_612 -18.462 -90.060 13.000
F_613 0.000 560.542 13.000
S_614 -16.309 -90.060 10.000
Q_615 -16.691 -643.904 7.000
A_616 0.000 185.740 11.000
I_617 0.000 777.529 8.000
D_618 -19.866 -475.402 9.000
F_619 0.000 560.542 9.000
R_620 -27.076 -1015.709 11.000
V_621 0.000 613.196 11.000
H_622 -13.586 -583.484 16.000
Q_623 -22.253 -643.904 11.000
R_624 -29.616 -1015.709 13.000
V_625 0.000 613.196 14.000
H_626 -11.154 -583.484 10.000
T_627 -15.425 -90.974 9.000
G_628 0.000 -27.649 12.000
E_629 -21.132 -605.239 10.000
K_630 -15.425 -818.649 9.000
P_631 0.000 -195.996 12.000
Y_632 -9.978 -274.939 8.000
K_633 -10.149 -818.649 5.000
C_634 0.000 322.480 5.000
G_635 0.000 -27.649 3.000
V_636 0.000 613.196 0.000
C_637 0.000 322.480 3.000
G_638 0.000 -27.649 3.000
K_639 -4.441 -818.649 3.000
G_640 0.000 -27.649 6.000
F_641 0.000 560.542 10.000
S_642 -16.309 -90.060 10.000
Q_643 -24.169 -643.904 13.000
S_644 -18.462 -90.060 13.000
S_645 -16.309 -90.060 10.000
G_646 0.000 -27.649 10.000
L_647 0.000 679.918 10.000
Q_648 -19.866 -643.904 9.000
S_649 -18.462 -90.060 13.000
H_650 -14.188 -583.484 18.000
Q_651 -25.003 -643.904 14.000
R_652 -29.616 -1015.709 13.000
V_653 0.000 613.196 14.000
H_654 -11.154 -583.484 10.000
T_655 -15.425 -90.974 9.000
G_656 0.000 -27.649 12.000
E_657 -21.132 -605.239 10.000
K_658 -15.425 -818.649 9.000
P_659 0.000 -195.996 12.000
Y_660 -9.978 -274.939 8.000
K_661 -15.425 -818.649 9.000
C_662 0.000 322.480 9.000
D_663 -16.691 -475.402 7.000
V_664 0.000 613.196 4.000
C_665 0.000 322.480 7.000
G_666 0.000 -27.649 3.000
K_667 -4.441 -818.649 3.000
G_668 0.000 -27.649 8.000
F_669 0.000 560.542 10.000
R_670 -25.574 -1015.709 10.000
Y_671 -12.518 -274.939 13.000
S_672 -20.609 -90.060 17.000
S_673 -17.811 -90.060 12.000
Q_674 -21.132 -643.904 10.000
F_675 0.000 560.542 9.000
I_676 0.000 777.529 8.000
Y_677 -9.978 -274.939 8.000
H_678 -12.518 -583.484 13.000
Q_679 -24.169 -643.904 13.000
R_680 -29.616 -1015.709 13.000
G_681 0.000 -27.649 14.000
H_682 -11.154 -583.484 10.000
T_683 -15.425 -90.974 9.000
G_684 0.000 -27.649 12.000
E_685 -21.132 -605.239 10.000
K_686 -15.425 -818.649 9.000
P_687 0.000 -195.996 12.000
Y_688 -9.978 -274.939 8.000
K_689 -15.425 -818.649 9.000
C_690 0.000 322.480 13.000
E_691 -22.253 -605.239 11.000
E_692 -18.409 -605.239 8.000
C_693 0.000 322.480 11.000
G_694 0.000 -27.649 7.000
K_695 -4.441 -818.649 3.000
G_696 0.000 -27.649 3.000
F_697 0.000 560.542 8.000
G_698 0.000 -27.649 8.000
R_699 -21.845 -1015.709 8.000
S_700 -17.811 -90.060 12.000
L_701 0.000 679.918 12.000
N_702 -23.258 -507.047 12.000
L_703 0.000 679.918 11.000
R_704 -29.616 -1015.709 13.000
H_705 -12.518 -583.484 13.000
H_706 -14.188 -583.484 18.000
Q_707 -24.169 -643.904 13.000
R_708 -29.616 -1015.709 13.000
V_709 0.000 613.196 14.000
H_710 -11.154 -583.484 10.000
T_711 -15.425 -90.974 9.000
G_712 0.000 -27.649 12.000
E_713 -21.132 -605.239 10.000
K_714 -15.425 -818.649 9.000
P_715 0.000 -195.996 9.000
H_716 -7.426 -583.484 5.000
I_717 0.000 777.529 6.000
C_718 0.000 322.480 10.000
E_719 -18.409 -605.239 8.000
E_720 -18.409 -605.239 8.000
C_721 0.000 322.480 11.000
G_722 0.000 -27.649 7.000
K_723 -4.441 -818.649 3.000
A_724 0.000 185.740 6.000
F_725 0.000 560.542 6.000
S_726 -4.441 -90.060 3.000
L_727 0.000 679.918 6.000
P_728 0.000 -195.996 10.000
S_729 -13.255 -90.060 7.000
N_730 -23.258 -507.047 12.000
L_731 0.000 679.918 12.000
R_732 -27.076 -1015.709 11.000
V_733 0.000 613.196 7.000
H_734 -9.265 -583.484 7.000
L_735 0.000 679.918 2.000
G_736 0.000 -27.649 4.000
V_737 0.000 613.196 5.000
H_738 -11.154 -583.484 10.000
T_739 -19.059 -90.974 14.000
R_740 -33.508 -1015.709 17.000
E_741 -25.772 -605.239 15.000
K_742 -17.811 -818.649 12.000
L_743 0.000 679.918 10.000
F_744 0.000 560.542 6.000
K_745 -13.255 -818.649 7.000
C_746 0.000 322.480 11.000
E_747 -22.253 -605.239 11.000
E_748 -18.409 -605.239 8.000
C_749 0.000 322.480 11.000
G_750 0.000 -27.649 7.000
K_751 -4.441 -818.649 3.000
G_752 0.000 -27.649 6.000
F_753 0.000 560.542 10.000
S_754 -16.309 -90.060 10.000
Q_755 -21.132 -643.904 10.000
S_756 -19.613 -90.060 15.000
A_757 0.000 185.740 12.000
R_758 -28.412 -1015.709 12.000
L_759 0.000 679.918 9.000
E_760 -22.253 -605.239 11.000
A_761 0.000 185.740 10.000
H_762 -13.255 -583.484 15.000
Q_763 -22.253 -643.904 11.000
R_764 -29.616 -1015.709 13.000
V_765 0.000 613.196 14.000
H_766 -11.154 -583.484 10.000
T_767 -15.425 -90.974 9.000
G_768 0.000 -27.649 12.000
E_769 -21.132 -605.239 10.000
K_770 -15.425 -818.649 9.000
P_771 0.000 -195.996 12.000
Y_772 -9.978 -274.939 8.000
K_773 -15.425 -818.649 9.000
C_774 0.000 322.480 9.000
D_775 -16.691 -475.402 7.000
I_776 0.000 777.529 8.000
C_777 0.000 322.480 11.000
D_778 -22.253 -475.402 11.000
K_779 -17.098 -818.649 11.000
D_780 -26.485 -475.402 16.000
F_781 0.000 560.542 14.000
R_782 -32.645 -1015.709 16.000
H_783 -13.255 -583.484 15.000
R_784 -35.785 -1015.709 20.000
S_785 -19.613 -90.060 15.000
R_786 -32.645 -1015.709 16.000
L_787 0.000 679.918 13.000
T_788 -17.811 -90.974 12.000
Y_789 -11.652 -274.939 11.000
H_790 -12.900 -583.484 14.000
Q_791 -22.253 -643.904 11.000
K_792 -17.098 -818.649 11.000
V_793 0.000 613.196 12.000
H_794 -9.978 -583.484 8.000
T_795 -14.420 -90.974 8.000
G_796 0.000 -27.649 11.000
K_797 -15.425 -818.649 9.000
K_798 -11.867 -818.649 6.000
L_799 0.000 679.918 6.000
