M_1 0.000 401.769 0.000
A_2 0.000 185.740 4.000
F_3 0.000 560.542 8.000
Q_4 -18.409 -643.904 8.000
D_5 -18.409 -475.402 8.000
L_6 0.000 679.918 12.000
L_7 0.000 679.918 12.000
D_8 -18.409 -475.402 8.000
Q_9 -18.409 -643.904 8.000
V_10 0.000 613.196 8.000
G_11 0.000 -27.649 4.000
G_12 0.000 -27.649 0.000
L_13 0.000 679.918 5.000
G_14 0.000 -27.649 5.000
R_15 -23.856 -1015.709 9.000
F_16 0.000 560.542 9.000
Q_17 -19.866 -643.904 9.000
I_18 0.000 777.529 8.000
L_19 0.000 679.918 8.000
Q_20 -7.878 -643.904 4.000
M_21 0.000 401.769 4.000
V_22 0.000 613.196 4.000
F_23 0.000 560.542 0.000
L_24 0.000 679.918 0.000
I_25 0.000 777.529 0.000
M_26 0.000 401.769 4.000
F_27 0.000 560.542 4.000
N_28 -7.878 -507.047 4.000
V_29 0.000 613.196 4.000
I_30 0.000 777.529 6.000
V_31 0.000 613.196 4.000
Y_32 -9.978 -274.939 8.000
H_33 -11.652 -583.484 11.000
Q_34 -25.772 -643.904 15.000
T_35 -18.462 -90.974 13.000
Q_36 -25.772 -643.904 15.000
L_37 0.000 679.918 15.000
E_38 -23.258 -605.239 12.000
N_39 -18.409 -507.047 8.000
F_40 0.000 560.542 8.000
A_41 0.000 185.740 4.000
A_42 0.000 185.740 0.000
F_43 0.000 560.542 0.000
I_44 0.000 777.529 4.000
L_45 0.000 679.918 6.000
D_46 -22.253 -475.402 11.000
H_47 -11.652 -583.484 11.000
R_48 -28.412 -1015.709 12.000
C_49 0.000 322.480 8.000
W_50 -5.155 -203.500 8.000
V_51 0.000 613.196 3.000
H_52 -4.441 -583.484 3.000
I_53 0.000 777.529 6.000
L_54 0.000 679.918 10.000
D_55 -23.258 -475.402 12.000
N_56 -25.772 -507.047 15.000
D_57 -25.772 -475.402 15.000
T_58 -17.098 -90.974 11.000
I_59 0.000 777.529 11.000
P_60 0.000 -195.996 11.000
D_61 -23.258 -475.402 12.000
N_62 -23.258 -507.047 12.000
D_63 -23.258 -475.402 12.000
P_64 0.000 -195.996 11.000
G_65 0.000 -27.649 7.000
T_66 -11.867 -90.974 6.000
L_67 0.000 679.918 10.000
S_68 -19.059 -90.060 14.000
Q_69 -22.253 -643.904 11.000
D_70 -22.253 -475.402 11.000
A_71 0.000 185.740 8.000
L_72 0.000 679.918 9.000
L_73 0.000 679.918 5.000
R_74 -21.845 -1015.709 8.000
I_75 0.000 777.529 8.000
S_76 -14.420 -90.060 8.000
I_77 0.000 777.529 3.000
P_78 0.000 -195.996 7.000
F_79 0.000 560.542 7.000
D_80 -22.253 -475.402 11.000
S_81 -17.098 -90.060 11.000
N_82 -26.485 -507.047 16.000
L_83 0.000 679.918 12.000
R_84 -29.616 -1015.709 13.000
P_85 0.000 -195.996 12.000
E_86 -23.258 -605.239 12.000
K_87 -17.811 -818.649 12.000
C_88 0.000 322.480 17.000
R_89 -29.616 -1015.709 13.000
R_90 -25.574 -1015.709 10.000
F_91 0.000 560.542 12.000
V_92 0.000 613.196 7.000
H_93 -8.431 -583.484 6.000
P_94 0.000 -195.996 7.000
Q_95 -21.132 -643.904 10.000
W_96 -5.155 -203.500 8.000
K_97 -14.420 -818.649 8.000
L_98 0.000 679.918 6.000
I_99 0.000 777.529 5.000
H_100 -8.431 -583.484 6.000
L_101 0.000 679.918 6.000
N_102 -19.866 -507.047 9.000
G_103 0.000 -27.649 7.000
T_104 -13.255 -90.974 7.000
F_105 0.000 560.542 7.000
P_106 0.000 -195.996 10.000
N_107 -21.132 -507.047 10.000
T_108 -19.059 -90.974 14.000
S_109 -19.059 -90.060 14.000
E_110 -25.003 -605.239 14.000
P_111 0.000 -195.996 14.000
D_112 -25.772 -475.402 15.000
T_113 -17.098 -90.974 11.000
E_114 -22.253 -605.239 11.000
P_115 0.000 -195.996 7.000
C_116 0.000 322.480 8.000
V_117 0.000 613.196 4.000
D_118 -11.867 -475.402 5.000
G_119 0.000 -27.649 5.000
W_120 -4.824 -203.500 7.000
V_121 0.000 613.196 7.000
Y_122 -11.652 -274.939 11.000
D_123 -24.169 -475.402 13.000
Q_124 -26.485 -643.904 16.000
S_125 -19.059 -90.060 14.000
S_126 -16.309 -90.060 10.000
F_127 0.000 560.542 9.000
P_128 0.000 -195.996 9.000
S_129 -11.867 -90.060 6.000
T_130 -11.867 -90.974 6.000
I_131 0.000 777.529 9.000
V_132 0.000 613.196 9.000
T_133 -13.255 -90.974 7.000
K_134 -17.098 -818.649 11.000
W_135 -5.944 -203.500 11.000
D_136 -18.409 -475.402 8.000
L_137 0.000 679.918 5.000
V_138 0.000 613.196 8.000
C_139 0.000 322.480 7.000
E_140 -22.253 -605.239 11.000
S_141 -17.098 -90.060 11.000
Q_142 -22.253 -643.904 11.000
P_143 0.000 -195.996 11.000
L_144 0.000 679.918 11.000
N_145 -16.691 -507.047 7.000
S_146 -13.255 -90.060 7.000
V_147 0.000 613.196 10.000
A_148 0.000 185.740 6.000
K_149 -4.441 -818.649 3.000
F_150 0.000 560.542 3.000
L_151 0.000 679.918 3.000
F_152 0.000 560.542 0.000
M_153 0.000 401.769 0.000
A_154 0.000 185.740 0.000
G_155 0.000 -27.649 0.000
M_156 0.000 401.769 0.000
M_157 0.000 401.769 0.000
V_158 0.000 613.196 0.000
G_159 0.000 -27.649 4.000
G_160 0.000 -27.649 4.000
N_161 -14.591 -507.047 6.000
L_162 0.000 679.918 6.000
Y_163 -9.978 -274.939 8.000
G_164 0.000 -27.649 4.000
H_165 -9.265 -583.484 7.000
L_166 0.000 679.918 9.000
S_167 -19.059 -90.060 14.000
D_168 -23.258 -475.402 12.000
R_169 -28.412 -1015.709 12.000
F_170 0.000 560.542 14.000
G_171 0.000 -27.649 13.000
R_172 -21.845 -1015.709 8.000
K_173 -14.420 -818.649 8.000
F_174 0.000 560.542 8.000
V_175 0.000 613.196 8.000
L_176 0.000 679.918 6.000
R_177 -23.856 -1015.709 9.000
W_178 -5.944 -203.500 11.000
S_179 -17.098 -90.060 11.000
Y_180 -11.154 -274.939 10.000
L_181 0.000 679.918 9.000
Q_182 -14.591 -643.904 6.000
L_183 0.000 679.918 4.000
A_184 0.000 185.740 4.000
I_185 0.000 777.529 0.000
V_186 0.000 613.196 3.000
G_187 0.000 -27.649 3.000
T_188 -4.441 -90.974 3.000
C_189 0.000 322.480 3.000
A_190 0.000 185.740 3.000
A_191 0.000 185.740 0.000
F_192 0.000 560.542 0.000
A_193 0.000 185.740 3.000
P_194 0.000 -195.996 3.000
T_195 -4.441 -90.974 3.000
I_196 0.000 777.529 3.000
L_197 0.000 679.918 5.000
V_198 0.000 613.196 2.000
Y_199 -7.426 -274.939 5.000
C_200 0.000 322.480 5.000
S_201 -16.309 -90.060 10.000
L_202 0.000 679.918 8.000
R_203 -21.845 -1015.709 8.000
F_204 0.000 560.542 5.000
L_205 0.000 679.918 5.000
A_206 0.000 185.740 0.000
G_207 0.000 -27.649 0.000
A_208 0.000 185.740 3.000
A_209 0.000 185.740 3.000
T_210 -11.867 -90.974 6.000
F_211 0.000 560.542 6.000
S_212 -11.867 -90.060 6.000
I_213 0.000 777.529 3.000
I_214 0.000 777.529 7.000
V_215 0.000 613.196 7.000
N_216 -16.691 -507.047 7.000
T_217 -13.255 -90.974 7.000
V_218 0.000 613.196 7.000
L_219 0.000 679.918 3.000
L_220 0.000 679.918 0.000
I_221 0.000 777.529 4.000
V_222 0.000 613.196 5.000
E_223 -11.867 -605.239 5.000
W_224 -5.155 -203.500 8.000
I_225 0.000 777.529 10.000
T_226 -16.309 -90.974 10.000
H_227 -10.601 -583.484 9.000
Q_228 -19.866 -643.904 9.000
F_229 0.000 560.542 6.000
C_230 0.000 322.480 4.000
A_231 0.000 185.740 0.000
M_232 0.000 401.769 0.000
A_233 0.000 185.740 3.000
L_234 0.000 679.918 3.000
T_235 -11.867 -90.974 6.000
L_236 0.000 679.918 6.000
T_237 -11.867 -90.974 6.000
L_238 0.000 679.918 3.000
C_239 0.000 322.480 3.000
A_240 0.000 185.740 3.000
A_241 0.000 185.740 3.000
S_242 -4.441 -90.060 3.000
I_243 0.000 777.529 5.000
G_244 0.000 -27.649 5.000
H_245 -7.426 -583.484 5.000
I_246 0.000 777.529 5.000
T_247 -10.149 -90.974 5.000
L_248 0.000 679.918 6.000
G_249 0.000 -27.649 6.000
S_250 -4.441 -90.060 3.000
L_251 0.000 679.918 3.000
A_252 0.000 185.740 3.000
F_253 0.000 560.542 0.000
V_254 0.000 613.196 5.000
I_255 0.000 777.529 9.000
R_256 -29.616 -1015.709 13.000
D_257 -24.169 -475.402 13.000
Q_258 -24.169 -643.904 13.000
C_259 0.000 322.480 8.000
I_260 0.000 777.529 8.000
L_261 0.000 679.918 4.000
Q_262 -7.878 -643.904 4.000
L_263 0.000 679.918 4.000
V_264 0.000 613.196 7.000
M_265 0.000 401.769 3.000
S_266 -4.441 -90.060 3.000
A_267 0.000 185.740 3.000
P_268 0.000 -195.996 3.000
C_269 0.000 322.480 0.000
F_270 0.000 560.542 0.000
V_271 0.000 613.196 0.000
F_272 0.000 560.542 0.000
F_273 0.000 560.542 0.000
L_274 0.000 679.918 3.000
F_275 0.000 560.542 8.000
S_276 -15.425 -90.060 9.000
R_277 -23.856 -1015.709 9.000
W_278 -5.447 -203.500 9.000
L_279 0.000 679.918 10.000
A_280 0.000 185.740 8.000
E_281 -16.691 -605.239 7.000
S_282 -17.811 -90.060 12.000
A_283 0.000 185.740 13.000
R_284 -23.856 -1015.709 9.000
W_285 -4.441 -203.500 6.000
L_286 0.000 679.918 6.000
I_287 0.000 777.529 5.000
I_288 0.000 777.529 8.000
N_289 -22.253 -507.047 11.000
N_290 -22.253 -507.047 11.000
K_291 -19.613 -818.649 15.000
P_292 0.000 -195.996 15.000
E_293 -22.253 -605.239 11.000
E_294 -18.409 -605.239 8.000
G_295 0.000 -27.649 11.000
L_296 0.000 679.918 11.000
K_297 -13.255 -818.649 7.000
E_298 -23.258 -605.239 12.000
L_299 0.000 679.918 15.000
R_300 -28.412 -1015.709 12.000
K_301 -14.420 -818.649 8.000
A_302 0.000 185.740 10.000
A_303 0.000 185.740 10.000
H_304 -11.652 -583.484 11.000
R_305 -27.076 -1015.709 11.000
N_306 -22.253 -507.047 11.000
G_307 0.000 -27.649 12.000
M_308 0.000 401.769 11.000
K_309 -13.255 -818.649 7.000
N_310 -22.253 -507.047 11.000
A_311 0.000 185.740 15.000
E_312 -23.258 -605.239 12.000
D_313 -18.409 -475.402 8.000
I_314 0.000 777.529 11.000
L_315 0.000 679.918 7.000
T_316 -13.255 -90.974 7.000
M_317 0.000 401.769 7.000
E_318 -16.691 -605.239 7.000
V_319 0.000 613.196 7.000
L_320 0.000 679.918 10.000
K_321 -15.425 -818.649 9.000
S_322 -15.425 -90.060 9.000
T_323 -17.811 -90.974 12.000
M_324 0.000 401.769 13.000
K_325 -19.059 -818.649 14.000
Q_326 -22.253 -643.904 11.000
E_327 -25.772 -605.239 15.000
L_328 0.000 679.918 12.000
E_329 -18.409 -605.239 8.000
A_330 0.000 185.740 8.000
A_331 0.000 185.740 11.000
Q_332 -21.132 -643.904 10.000
K_333 -17.811 -818.649 12.000
K_334 -19.613 -818.649 15.000
H_335 -11.652 -583.484 11.000
S_336 -14.420 -90.060 8.000
L_337 0.000 679.918 9.000
C_338 0.000 322.480 7.000
E_339 -7.878 -605.239 4.000
L_340 0.000 679.918 9.000
L_341 0.000 679.918 9.000
R_342 -11.867 -1015.709 5.000
I_343 0.000 777.529 9.000
P_344 0.000 -195.996 9.000
N_345 -7.878 -507.047 4.000
I_346 0.000 777.529 7.000
C_347 0.000 322.480 12.000
K_348 -14.420 -818.649 8.000
R_349 -21.845 -1015.709 8.000
I_350 0.000 777.529 8.000
C_351 0.000 322.480 5.000
F_352 0.000 560.542 3.000
L_353 0.000 679.918 3.000
S_354 -4.441 -90.060 3.000
F_355 0.000 560.542 8.000
V_356 0.000 613.196 8.000
R_357 -11.867 -1015.709 5.000
F_358 0.000 560.542 8.000
A_359 0.000 185.740 11.000
S_360 -11.867 -90.060 6.000
T_361 -11.867 -90.974 6.000
I_362 0.000 777.529 6.000
P_363 0.000 -195.996 4.000
F_364 0.000 560.542 1.000
W_365 -0.000 -203.500 1.000
G_366 0.000 -27.649 4.000
L_367 0.000 679.918 4.000
T_368 -10.149 -90.974 5.000
L_369 0.000 679.918 5.000
H_370 -10.601 -583.484 9.000
L_371 0.000 679.918 8.000
Q_372 -18.409 -643.904 8.000
H_373 -8.431 -583.484 6.000
L_374 0.000 679.918 10.000
G_375 0.000 -27.649 10.000
N_376 -18.409 -507.047 8.000
N_377 -18.409 -507.047 8.000
V_378 0.000 613.196 8.000
F_379 0.000 560.542 4.000
L_380 0.000 679.918 4.000
L_381 0.000 679.918 7.000
Q_382 -16.691 -643.904 7.000
T_383 -13.255 -90.974 7.000
L_384 0.000 679.918 7.000
F_385 0.000 560.542 3.000
G_386 0.000 -27.649 0.000
A_387 0.000 185.740 3.000
V_388 0.000 613.196 3.000
T_389 -4.441 -90.974 3.000
L_390 0.000 679.918 3.000
L_391 0.000 679.918 7.000
A_392 0.000 185.740 4.000
N_393 -7.878 -507.047 4.000
C_394 0.000 322.480 4.000
V_395 0.000 613.196 4.000
A_396 0.000 185.740 1.000
P_397 0.000 -195.996 1.000
W_398 -0.000 -203.500 1.000
A_399 0.000 185.740 5.000
L_400 0.000 679.918 7.000
N_401 -14.591 -507.047 6.000
H_402 -10.601 -583.484 9.000
M_403 0.000 401.769 14.000
S_404 -19.613 -90.060 15.000
R_405 -29.616 -1015.709 13.000
R_406 -32.645 -1015.709 16.000
L_407 0.000 679.918 17.000
S_408 -17.811 -90.060 12.000
Q_409 -16.691 -643.904 7.000
M_410 0.000 401.769 7.000
L_411 0.000 679.918 4.000
L_412 0.000 679.918 0.000
M_413 0.000 401.769 0.000
F_414 0.000 560.542 0.000
L_415 0.000 679.918 0.000
L_416 0.000 679.918 3.000
A_417 0.000 185.740 3.000
T_418 -4.441 -90.974 3.000
C_419 0.000 322.480 3.000
L_420 0.000 679.918 3.000
L_421 0.000 679.918 0.000
A_422 0.000 185.740 0.000
I_423 0.000 777.529 0.000
I_424 0.000 777.529 0.000
F_425 0.000 560.542 0.000
V_426 0.000 613.196 4.000
P_427 0.000 -195.996 8.000
Q_428 -18.409 -643.904 8.000
E_429 -23.258 -605.239 12.000
M_430 0.000 401.769 15.000
Q_431 -22.253 -643.904 11.000
T_432 -17.811 -90.974 12.000
L_433 0.000 679.918 12.000
R_434 -21.845 -1015.709 8.000
V_435 0.000 613.196 5.000
V_436 0.000 613.196 5.000
L_437 0.000 679.918 3.000
A_438 0.000 185.740 3.000
T_439 -4.441 -90.974 3.000
L_440 0.000 679.918 3.000
G_441 0.000 -27.649 3.000
V_442 0.000 613.196 0.000
G_443 0.000 -27.649 0.000
A_444 0.000 185.740 3.000
A_445 0.000 185.740 3.000
S_446 -4.441 -90.060 3.000
L_447 0.000 679.918 3.000
G_448 0.000 -27.649 6.000
I_449 0.000 777.529 3.000
T_450 -11.867 -90.974 6.000
C_451 0.000 322.480 9.000
S_452 -15.425 -90.060 9.000
T_453 -16.309 -90.974 10.000
A_454 0.000 185.740 14.000
Q_455 -25.772 -643.904 15.000
E_456 -26.485 -605.239 16.000
N_457 -26.485 -507.047 16.000
E_458 -23.258 -605.239 12.000
L_459 0.000 679.918 8.000
I_460 0.000 777.529 7.000
P_461 0.000 -195.996 3.000
S_462 -4.441 -90.060 3.000
I_463 0.000 777.529 8.000
I_464 0.000 777.529 8.000
R_465 -25.574 -1015.709 10.000
G_466 0.000 -27.649 10.000
R_467 -29.616 -1015.709 13.000
A_468 0.000 185.740 8.000
T_469 -14.420 -90.974 8.000
G_470 0.000 -27.649 6.000
I_471 0.000 777.529 6.000
T_472 -13.255 -90.974 7.000
G_473 0.000 -27.649 7.000
N_474 -16.691 -507.047 7.000
F_475 0.000 560.542 8.000
A_476 0.000 185.740 8.000
N_477 -7.878 -507.047 4.000
I_478 0.000 777.529 4.000
G_479 0.000 -27.649 4.000
G_480 0.000 -27.649 0.000
A_481 0.000 185.740 0.000
L_482 0.000 679.918 3.000
A_483 0.000 185.740 3.000
S_484 -4.441 -90.060 3.000
L_485 0.000 679.918 3.000
M_486 0.000 401.769 3.000
M_487 0.000 401.769 0.000
I_488 0.000 777.529 3.000
L_489 0.000 679.918 3.000
S_490 -10.149 -90.060 5.000
I_491 0.000 777.529 8.000
Y_492 -12.518 -274.939 13.000
S_493 -16.309 -90.060 10.000
R_494 -25.574 -1015.709 10.000
P_495 0.000 -195.996 8.000
L_496 0.000 679.918 6.000
P_497 0.000 -195.996 1.000
W_498 -0.000 -203.500 1.000
I_499 0.000 777.529 3.000
I_500 0.000 777.529 3.000
Y_501 -1.718 -274.939 2.000
G_502 0.000 -27.649 2.000
V_503 0.000 613.196 2.000
F_504 0.000 560.542 0.000
A_505 0.000 185.740 0.000
I_506 0.000 777.529 3.000
L_507 0.000 679.918 3.000
S_508 -4.441 -90.060 3.000
G_509 0.000 -27.649 3.000
L_510 0.000 679.918 3.000
V_511 0.000 613.196 0.000
V_512 0.000 613.196 0.000
L_513 0.000 679.918 0.000
L_514 0.000 679.918 0.000
L_515 0.000 679.918 4.000
P_516 0.000 -195.996 7.000
E_517 -23.258 -605.239 12.000
T_518 -20.127 -90.974 16.000
R_519 -35.785 -1015.709 20.000
N_520 -26.485 -507.047 16.000
Q_521 -24.169 -643.904 13.000
P_522 0.000 -195.996 8.000
L_523 0.000 679.918 8.000
L_524 0.000 679.918 7.000
D_525 -16.691 -475.402 7.000
S_526 -17.098 -90.060 11.000
I_527 0.000 777.529 15.000
Q_528 -22.253 -643.904 11.000
D_529 -23.258 -475.402 12.000
V_530 0.000 613.196 16.000
E_531 -26.485 -605.239 16.000
N_532 -23.258 -507.047 12.000
E_533 -23.258 -605.239 12.000
G_534 0.000 -27.649 12.000
V_535 0.000 613.196 11.000
N_536 -16.691 -507.047 7.000
S_537 -13.255 -90.060 7.000
L_538 0.000 679.918 7.000
A_539 0.000 185.740 3.000
A_540 0.000 185.740 4.000
P_541 0.000 -195.996 9.000
Q_542 -23.258 -643.904 12.000
R_543 -31.716 -1015.709 15.000
S_544 -19.613 -90.060 15.000
S_545 -17.098 -90.060 11.000
V_546 0.000 613.196 6.000
L_547 0.000 679.918 3.000
