M_1 0.000 401.769 6.000
S_2 -16.309 -90.060 10.000
S_3 -18.462 -90.060 13.000
D_4 -27.150 -475.402 17.000
S_5 -21.486 -90.060 19.000
D_6 -28.912 -475.402 20.000
R_7 -32.645 -1015.709 16.000
Q_8 -24.169 -643.904 13.000
C_9 0.000 322.480 9.000
P_10 0.000 -195.996 8.000
V_11 0.000 613.196 4.000
D_12 -18.409 -475.402 8.000
G_13 0.000 -27.649 8.000
D_14 -23.258 -475.402 12.000
I_15 0.000 777.529 12.000
D_16 -26.485 -475.402 16.000
Q_17 -26.485 -643.904 16.000
Q_18 -26.485 -643.904 16.000
E_19 -23.258 -605.239 12.000
M_20 0.000 401.769 8.000
I_21 0.000 777.529 7.000
P_22 0.000 -195.996 6.000
S_23 -15.425 -90.060 9.000
K_24 -18.462 -818.649 13.000
K_25 -18.462 -818.649 13.000
N_26 -21.132 -507.047 10.000
A_27 0.000 185.740 7.000
V_28 0.000 613.196 4.000
L_29 0.000 679.918 4.000
V_30 0.000 613.196 4.000
D_31 -7.878 -475.402 4.000
G_32 0.000 -27.649 4.000
V_33 0.000 613.196 4.000
V_34 0.000 613.196 4.000
L_35 0.000 679.918 4.000
N_36 -7.878 -507.047 4.000
G_37 0.000 -27.649 7.000
P_38 0.000 -195.996 10.000
T_39 -16.309 -90.974 10.000
T_40 -16.309 -90.974 10.000
D_41 -24.169 -475.402 13.000
A_42 0.000 185.740 10.000
K_43 -13.255 -818.649 7.000
A_44 0.000 185.740 7.000
G_45 0.000 -27.649 10.000
E_46 -16.691 -605.239 7.000
K_47 -13.255 -818.649 7.000
F_48 0.000 560.542 11.000
V_49 0.000 613.196 11.000
E_50 -18.409 -605.239 8.000
E_51 -18.409 -605.239 8.000
A_52 0.000 185.740 13.000
C_53 0.000 322.480 9.000
R_54 -11.867 -1015.709 5.000
L_55 0.000 679.918 5.000
I_56 0.000 777.529 9.000
M_57 0.000 401.769 8.000
E_58 -18.409 -605.239 8.000
E_59 -18.409 -605.239 8.000
V_60 0.000 613.196 8.000
V_61 0.000 613.196 7.000
L_62 0.000 679.918 3.000
K_63 -11.867 -818.649 6.000
A_64 0.000 185.740 10.000
T_65 -16.309 -90.974 10.000
D_66 -22.253 -475.402 11.000
V_67 0.000 613.196 15.000
N_68 -25.772 -507.047 15.000
E_69 -22.253 -605.239 11.000
K_70 -17.098 -818.649 11.000
V_71 0.000 613.196 11.000
C_72 0.000 322.480 8.000
E_73 -21.132 -605.239 10.000
W_74 -5.708 -203.500 10.000
R_75 -25.574 -1015.709 10.000
P_76 0.000 -195.996 10.000
P_77 0.000 -195.996 13.000
E_78 -18.409 -605.239 8.000
Q_79 -22.253 -643.904 11.000
L_80 0.000 679.918 15.000
K_81 -17.098 -818.649 11.000
Q_82 -16.691 -643.904 7.000
L_83 0.000 679.918 11.000
L_84 0.000 679.918 8.000
D_85 -18.409 -475.402 8.000
L_86 0.000 679.918 8.000
E_87 -24.169 -605.239 13.000
M_88 0.000 401.769 13.000
R_89 -32.645 -1015.709 16.000
D_90 -23.258 -475.402 12.000
S_91 -20.127 -90.060 16.000
G_92 0.000 -27.649 11.000
E_93 -16.691 -605.239 7.000
P_94 0.000 -195.996 6.000
P_95 0.000 -195.996 9.000
H_96 -7.426 -583.484 5.000
K_97 -10.149 -818.649 5.000
L_98 0.000 679.918 9.000
L_99 0.000 679.918 7.000
E_100 -7.878 -605.239 4.000
L_101 0.000 679.918 9.000
C_102 0.000 322.480 13.000
R_103 -23.856 -1015.709 9.000
D_104 -19.866 -475.402 9.000
V_105 0.000 613.196 11.000
I_106 0.000 777.529 8.000
H_107 -9.265 -583.484 7.000
Y_108 -9.265 -274.939 7.000
S_109 -16.309 -90.060 10.000
V_110 0.000 613.196 11.000
K_111 -18.462 -818.649 13.000
T_112 -17.811 -90.974 12.000
N_113 -23.258 -507.047 12.000
H_114 -12.900 -583.484 14.000
P_115 0.000 -195.996 11.000
R_116 -19.414 -1015.709 7.000
F_117 0.000 560.542 9.000
F_118 0.000 560.542 13.000
N_119 -18.409 -507.047 8.000
Q_120 -21.132 -643.904 10.000
L_121 0.000 679.918 10.000
Y_122 -8.431 -274.939 6.000
A_123 0.000 185.740 2.000
G_124 0.000 -27.649 6.000
L_125 0.000 679.918 6.000
D_126 -18.409 -475.402 8.000
Y_127 -11.652 -274.939 11.000
Y_128 -11.652 -274.939 11.000
S_129 -13.255 -90.060 7.000
L_130 0.000 679.918 5.000
V_131 0.000 613.196 8.000
A_132 0.000 185.740 5.000
R_133 -11.867 -1015.709 5.000
F_134 0.000 560.542 8.000
M_135 0.000 401.769 12.000
T_136 -13.255 -90.974 7.000
E_137 -16.691 -605.239 7.000
A_138 0.000 185.740 11.000
L_139 0.000 679.918 8.000
N_140 -16.691 -507.047 7.000
P_141 0.000 -195.996 7.000
S_142 -15.425 -90.060 9.000
V_143 0.000 613.196 8.000
Y_144 -11.154 -274.939 10.000
T_145 -17.098 -90.974 11.000
Y_146 -11.652 -274.939 11.000
E_147 -23.258 -605.239 12.000
V_148 0.000 613.196 9.000
S_149 -13.255 -90.060 7.000
P_150 0.000 -195.996 3.000
V_151 0.000 613.196 3.000
F_152 0.000 560.542 0.000
L_153 0.000 679.918 0.000
L_154 0.000 679.918 4.000
V_155 0.000 613.196 8.000
E_156 -18.409 -605.239 8.000
E_157 -18.409 -605.239 8.000
A_158 0.000 185.740 8.000
V_159 0.000 613.196 7.000
L_160 0.000 679.918 6.000
K_161 -11.867 -818.649 6.000
K_162 -11.867 -818.649 6.000
M_163 0.000 401.769 10.000
I_164 0.000 777.529 7.000
E_165 -7.878 -605.239 4.000
F_166 0.000 560.542 4.000
I_167 0.000 777.529 5.000
G_168 0.000 -27.649 4.000
W_169 -5.155 -203.500 8.000
K_170 -14.420 -818.649 8.000
E_171 -23.258 -605.239 12.000
G_172 0.000 -27.649 11.000
D_173 -18.409 -475.402 8.000
G_174 0.000 -27.649 4.000
I_175 0.000 777.529 8.000
F_176 0.000 560.542 4.000
N_177 -7.878 -507.047 4.000
P_178 0.000 -195.996 4.000
G_179 0.000 -27.649 7.000
G_180 0.000 -27.649 3.000
S_181 -11.867 -90.060 6.000
V_182 0.000 613.196 10.000
S_183 -16.309 -90.060 10.000
N_184 -19.866 -507.047 9.000
M_185 0.000 401.769 9.000
Y_186 -8.431 -274.939 6.000
A_187 0.000 185.740 6.000
M_188 0.000 401.769 6.000
N_189 -7.878 -507.047 4.000
L_190 0.000 679.918 9.000
A_191 0.000 185.740 11.000
R_192 -25.574 -1015.709 10.000
Y_193 -12.104 -274.939 12.000
K_194 -17.811 -818.649 12.000
Y_195 -9.265 -274.939 7.000
C_196 0.000 322.480 9.000
P_197 0.000 -195.996 6.000
D_198 -16.691 -475.402 7.000
I_199 0.000 777.529 11.000
K_200 -19.059 -818.649 14.000
E_201 -21.132 -605.239 10.000
K_202 -16.309 -818.649 10.000
G_203 0.000 -27.649 10.000
L_204 0.000 679.918 6.000
S_205 -11.867 -90.060 6.000
G_206 0.000 -27.649 6.000
S_207 -17.098 -90.060 11.000
P_208 0.000 -195.996 8.000
R_209 -21.845 -1015.709 8.000
L_210 0.000 679.918 5.000
I_211 0.000 777.529 5.000
L_212 0.000 679.918 3.000
F_213 0.000 560.542 6.000
T_214 -11.867 -90.974 6.000
S_215 -16.309 -90.060 10.000
A_216 0.000 185.740 10.000
E_217 -19.866 -605.239 9.000
C_218 0.000 322.480 8.000
H_219 -11.652 -583.484 11.000
Y_220 -9.265 -274.939 7.000
S_221 -16.309 -90.060 10.000
M_222 0.000 401.769 11.000
K_223 -15.425 -818.649 9.000
K_224 -11.867 -818.649 6.000
A_225 0.000 185.740 9.000
A_226 0.000 185.740 6.000
S_227 -4.441 -90.060 3.000
F_228 0.000 560.542 3.000
L_229 0.000 679.918 3.000
G_230 0.000 -27.649 0.000
I_231 0.000 777.529 3.000
G_232 0.000 -27.649 7.000
T_233 -17.098 -90.974 11.000
E_234 -22.253 -605.239 11.000
N_235 -22.253 -507.047 11.000
V_236 0.000 613.196 8.000
C_237 0.000 322.480 4.000
F_238 0.000 560.542 4.000
V_239 0.000 613.196 7.000
E_240 -22.253 -605.239 11.000
T_241 -17.098 -90.974 11.000
D_242 -26.485 -475.402 16.000
G_243 0.000 -27.649 12.000
R_244 -28.412 -1015.709 12.000
G_245 0.000 -27.649 8.000
K_246 -14.420 -818.649 8.000
M_247 0.000 401.769 3.000
I_248 0.000 777.529 7.000
P_249 0.000 -195.996 8.000
E_250 -18.409 -605.239 8.000
E_251 -23.258 -605.239 12.000
L_252 0.000 679.918 15.000
E_253 -25.772 -605.239 15.000
K_254 -17.098 -818.649 11.000
Q_255 -23.258 -643.904 12.000
V_256 0.000 613.196 12.000
W_257 -5.447 -203.500 9.000
Q_258 -21.132 -643.904 10.000
A_259 0.000 185.740 13.000
R_260 -32.645 -1015.709 16.000
K_261 -17.811 -818.649 12.000
E_262 -23.258 -605.239 12.000
G_263 0.000 -27.649 7.000
A_264 0.000 185.740 4.000
A_265 0.000 185.740 0.000
P_266 0.000 -195.996 0.000
F_267 0.000 560.542 0.000
L_268 0.000 679.918 0.000
V_269 0.000 613.196 0.000
C_270 0.000 322.480 3.000
A_271 0.000 185.740 6.000
T_272 -11.867 -90.974 6.000
S_273 -15.425 -90.060 9.000
G_274 0.000 -27.649 12.000
T_275 -15.425 -90.974 9.000
T_276 -11.867 -90.974 6.000
V_277 0.000 613.196 6.000
L_278 0.000 679.918 3.000
G_279 0.000 -27.649 0.000
A_280 0.000 185.740 4.000
F_281 0.000 560.542 4.000
D_282 -7.878 -475.402 4.000
P_283 0.000 -195.996 8.000
L_284 0.000 679.918 12.000
D_285 -18.409 -475.402 8.000
E_286 -18.409 -605.239 8.000
I_287 0.000 777.529 12.000
A_288 0.000 185.740 8.000
D_289 -7.878 -475.402 4.000
I_290 0.000 777.529 8.000
C_291 0.000 322.480 13.000
E_292 -22.253 -605.239 11.000
R_293 -30.711 -1015.709 14.000
H_294 -12.900 -583.484 14.000
S_295 -17.098 -90.060 11.000
L_296 0.000 679.918 6.000
W_297 -4.441 -203.500 6.000
L_298 0.000 679.918 3.000
H_299 -9.265 -583.484 7.000
V_300 0.000 613.196 6.000
D_301 -19.866 -475.402 9.000
A_302 0.000 185.740 8.000
S_303 -14.420 -90.060 8.000
W_304 -3.436 -203.500 4.000
G_305 0.000 -27.649 7.000
G_306 0.000 -27.649 4.000
S_307 -4.441 -90.060 3.000
A_308 0.000 185.740 3.000
L_309 0.000 679.918 6.000
M_310 0.000 401.769 8.000
S_311 -17.098 -90.060 11.000
R_312 -29.616 -1015.709 13.000
K_313 -21.060 -818.649 18.000
H_314 -14.188 -583.484 18.000
R_315 -29.616 -1015.709 13.000
K_316 -16.309 -818.649 10.000
L_317 0.000 679.918 10.000
L_318 0.000 679.918 5.000
H_319 -1.718 -583.484 2.000
G_320 0.000 -27.649 4.000
I_321 0.000 777.529 9.000
H_322 -9.265 -583.484 7.000
R_323 -27.076 -1015.709 11.000
A_324 0.000 185.740 14.000
D_325 -23.258 -475.402 12.000
S_326 -13.255 -90.060 7.000
V_327 0.000 613.196 8.000
A_328 0.000 185.740 8.000
W_329 -3.990 -203.500 5.000
N_330 -16.691 -507.047 7.000
P_331 0.000 -195.996 10.000
H_332 -10.601 -583.484 9.000
K_333 -10.149 -818.649 5.000
M_334 0.000 401.769 5.000
L_335 0.000 679.918 3.000
M_336 0.000 401.769 0.000
A_337 0.000 185.740 0.000
G_338 0.000 -27.649 4.000
I_339 0.000 777.529 4.000
Q_340 -7.878 -643.904 4.000
C_341 0.000 322.480 4.000
C_342 0.000 322.480 4.000
A_343 0.000 185.740 0.000
L_344 0.000 679.918 0.000
L_345 0.000 679.918 3.000
V_346 0.000 613.196 7.000
K_347 -16.309 -818.649 10.000
D_348 -24.169 -475.402 13.000
K_349 -20.609 -818.649 17.000
S_350 -19.059 -90.060 14.000
D_351 -21.132 -475.402 10.000
L_352 0.000 679.918 10.000
L_353 0.000 679.918 10.000
K_354 -11.867 -818.649 6.000
K_355 -14.420 -818.649 8.000
C_356 0.000 322.480 11.000
Y_357 -9.978 -274.939 8.000
S_358 -14.420 -90.060 8.000
A_359 0.000 185.740 8.000
K_360 -15.425 -818.649 9.000
A_361 0.000 185.740 8.000
S_362 -14.420 -90.060 8.000
Y_363 -7.426 -274.939 5.000
L_364 0.000 679.918 9.000
F_365 0.000 560.542 10.000
Q_366 -23.258 -643.904 12.000
Q_367 -25.772 -643.904 15.000
D_368 -25.772 -475.402 15.000
K_369 -18.462 -818.649 13.000
F_370 0.000 560.542 13.000
Y_371 -10.601 -274.939 9.000
D_372 -19.866 -475.402 9.000
V_373 0.000 613.196 11.000
S_374 -18.462 -90.060 13.000
Y_375 -12.104 -274.939 12.000
D_376 -23.258 -475.402 12.000
T_377 -18.462 -90.974 13.000
G_378 0.000 -27.649 14.000
D_379 -24.169 -475.402 13.000
K_380 -16.309 -818.649 10.000
S_381 -19.059 -90.060 14.000
I_382 0.000 777.529 10.000
Q_383 -21.132 -643.904 10.000
C_384 0.000 322.480 12.000
S_385 -20.609 -90.060 17.000
R_386 -29.616 -1015.709 13.000
R_387 -33.508 -1015.709 17.000
P_388 0.000 -195.996 14.000
D_389 -19.866 -475.402 9.000
A_390 0.000 185.740 7.000
F_391 0.000 560.542 7.000
K_392 -7.878 -818.649 4.000
F_393 0.000 560.542 4.000
W_394 -4.824 -203.500 7.000
M_395 0.000 401.769 5.000
T_396 -14.420 -90.974 8.000
W_397 -4.824 -203.500 7.000
K_398 -13.255 -818.649 7.000
A_399 0.000 185.740 4.000
L_400 0.000 679.918 6.000
G_401 0.000 -27.649 3.000
T_402 -4.441 -90.974 3.000
L_403 0.000 679.918 3.000
G_404 0.000 -27.649 7.000
L_405 0.000 679.918 8.000
E_406 -24.169 -605.239 13.000
E_407 -24.169 -605.239 13.000
R_408 -33.508 -1015.709 17.000
V_409 0.000 613.196 18.000
N_410 -25.003 -507.047 14.000
R_411 -23.856 -1015.709 9.000
A_412 0.000 185.740 9.000
L_413 0.000 679.918 5.000
A_414 0.000 185.740 3.000
L_415 0.000 679.918 8.000
S_416 -16.309 -90.060 10.000
R_417 -25.574 -1015.709 10.000
Y_418 -11.154 -274.939 10.000
L_419 0.000 679.918 11.000
V_420 0.000 613.196 10.000
D_421 -18.409 -475.402 8.000
E_422 -22.253 -605.239 11.000
I_423 0.000 777.529 14.000
K_424 -19.613 -818.649 15.000
K_425 -19.613 -818.649 15.000
R_426 -31.716 -1015.709 15.000
E_427 -23.258 -605.239 12.000
G_428 0.000 -27.649 12.000
F_429 0.000 560.542 7.000
K_430 -4.441 -818.649 3.000
L_431 0.000 679.918 3.000
L_432 0.000 679.918 7.000
M_433 0.000 401.769 4.000
E_434 -18.409 -605.239 8.000
P_435 0.000 -195.996 10.000
E_436 -21.132 -605.239 10.000
Y_437 -11.154 -274.939 10.000
A_438 0.000 185.740 10.000
N_439 -14.591 -507.047 6.000
I_440 0.000 777.529 4.000
C_441 0.000 322.480 5.000
F_442 0.000 560.542 3.000
W_443 -2.723 -203.500 3.000
Y_444 -4.441 -274.939 3.000
I_445 0.000 777.529 3.000
P_446 0.000 -195.996 5.000
P_447 0.000 -195.996 3.000
S_448 -14.420 -90.060 8.000
L_449 0.000 679.918 12.000
R_450 -28.412 -1015.709 12.000
E_451 -24.169 -605.239 13.000
M_452 0.000 401.769 17.000
E_453 -23.258 -605.239 12.000
E_454 -18.409 -605.239 8.000
G_455 0.000 -27.649 12.000
P_456 0.000 -195.996 8.000
E_457 -11.867 -605.239 5.000
F_458 0.000 560.542 5.000
W_459 -5.155 -203.500 8.000
A_460 0.000 185.740 4.000
K_461 -14.420 -818.649 8.000
L_462 0.000 679.918 7.000
N_463 -16.691 -507.047 7.000
L_464 0.000 679.918 4.000
V_465 0.000 613.196 4.000
A_466 0.000 185.740 0.000
P_467 0.000 -195.996 0.000
A_468 0.000 185.740 3.000
I_469 0.000 777.529 7.000
K_470 -17.811 -818.649 12.000
E_471 -23.258 -605.239 12.000
R_472 -28.412 -1015.709 12.000
M_473 0.000 401.769 12.000
M_474 0.000 401.769 11.000
K_475 -11.867 -818.649 6.000
K_476 -15.425 -818.649 9.000
G_477 0.000 -27.649 9.000
S_478 -11.867 -90.060 6.000
L_479 0.000 679.918 3.000
M_480 0.000 401.769 3.000
L_481 0.000 679.918 2.000
G_482 0.000 -27.649 6.000
Y_483 -8.431 -274.939 6.000
Q_484 -18.409 -643.904 8.000
P_485 0.000 -195.996 13.000
H_486 -11.652 -583.484 11.000
R_487 -25.574 -1015.709 10.000
G_488 0.000 -27.649 10.000
K_489 -17.811 -818.649 12.000
V_490 0.000 613.196 7.000
N_491 -16.691 -507.047 7.000
F_492 0.000 560.542 9.000
F_493 0.000 560.542 13.000
R_494 -23.856 -1015.709 9.000
Q_495 -19.866 -643.904 9.000
V_496 0.000 613.196 9.000
V_497 0.000 613.196 7.000
I_498 0.000 777.529 3.000
S_499 -13.255 -90.060 7.000
P_500 0.000 -195.996 7.000
Q_501 -21.132 -643.904 10.000
V_502 0.000 613.196 12.000
S_503 -20.127 -90.060 16.000
R_504 -32.645 -1015.709 16.000
E_505 -26.485 -605.239 16.000
D_506 -27.150 -475.402 17.000
M_507 0.000 401.769 12.000
D_508 -18.409 -475.402 8.000
F_509 0.000 560.542 4.000
L_510 0.000 679.918 8.000
L_511 0.000 679.918 8.000
D_512 -18.409 -475.402 8.000
E_513 -23.258 -605.239 12.000
I_514 0.000 777.529 12.000
D_515 -18.409 -475.402 8.000
L_516 0.000 679.918 4.000
L_517 0.000 679.918 7.000
G_518 0.000 -27.649 7.000
K_519 -13.255 -818.649 7.000
D_520 -16.691 -475.402 7.000
M_521 0.000 401.769 7.000
