M_1 0.000 401.769 8.000
E_2 -22.253 -605.239 11.000
E_3 -23.258 -605.239 12.000
S_4 -20.127 -90.060 16.000
W_5 -6.160 -203.500 12.000
E_6 -18.409 -605.239 8.000
A_7 0.000 185.740 5.000
A_8 0.000 185.740 4.000
P_9 0.000 -195.996 0.000
G_10 0.000 -27.649 4.000
G_11 0.000 -27.649 4.000
Q_12 -7.878 -643.904 4.000
A_13 0.000 185.740 4.000
G_14 0.000 -27.649 8.000
A_15 0.000 185.740 4.000
E_16 -7.878 -605.239 4.000
L_17 0.000 679.918 4.000
P_18 0.000 -195.996 8.000
M_19 0.000 401.769 4.000
E_20 -7.878 -605.239 4.000
P_21 0.000 -195.996 4.000
V_22 0.000 613.196 7.000
G_23 0.000 -27.649 3.000
S_24 -4.441 -90.060 3.000
L_25 0.000 679.918 3.000
V_26 0.000 613.196 6.000
P_27 0.000 -195.996 3.000
T_28 -13.255 -90.974 7.000
L_29 0.000 679.918 11.000
E_30 -22.253 -605.239 11.000
Q_31 -23.258 -643.904 12.000
P_32 0.000 -195.996 12.000
Q_33 -18.409 -643.904 8.000
V_34 0.000 613.196 4.000
P_35 0.000 -195.996 7.000
A_36 0.000 185.740 3.000
K_37 -14.420 -818.649 8.000
V_38 0.000 613.196 12.000
R_39 -28.412 -1015.709 12.000
Q_40 -24.169 -643.904 13.000
P_41 0.000 -195.996 13.000
E_42 -18.409 -605.239 8.000
G_43 0.000 -27.649 8.000
P_44 0.000 -195.996 11.000
E_45 -21.132 -605.239 10.000
S_46 -16.309 -90.060 10.000
S_47 -18.462 -90.060 13.000
P_48 0.000 -195.996 9.000
S_49 -11.867 -90.060 6.000
P_50 0.000 -195.996 3.000
A_51 0.000 185.740 3.000
G_52 0.000 -27.649 0.000
A_53 0.000 185.740 4.000
V_54 0.000 613.196 7.000
E_55 -16.691 -605.239 7.000
K_56 -13.255 -818.649 7.000
A_57 0.000 185.740 7.000
A_58 0.000 185.740 3.000
G_59 0.000 -27.649 0.000
A_60 0.000 185.740 0.000
G_61 0.000 -27.649 4.000
L_62 0.000 679.918 4.000
E_63 -16.691 -605.239 7.000
P_64 0.000 -195.996 10.000
S_65 -18.462 -90.060 13.000
S_66 -17.811 -90.060 12.000
K_67 -19.613 -818.649 15.000
K_68 -17.811 -818.649 12.000
K_69 -15.425 -818.649 9.000
P_70 0.000 -195.996 9.000
P_71 0.000 -195.996 6.000
S_72 -14.420 -90.060 8.000
P_73 0.000 -195.996 8.000
R_74 -21.845 -1015.709 8.000
P_75 0.000 -195.996 8.000
G_76 0.000 -27.649 8.000
S_77 -14.420 -90.060 8.000
P_78 0.000 -195.996 8.000
R_79 -21.845 -1015.709 8.000
V_80 0.000 613.196 5.000
P_81 0.000 -195.996 5.000
P_82 0.000 -195.996 3.000
L_83 0.000 679.918 3.000
S_84 -4.441 -90.060 3.000
L_85 0.000 679.918 5.000
G_86 0.000 -27.649 5.000
Y_87 -1.718 -274.939 2.000
G_88 0.000 -27.649 2.000
V_89 0.000 613.196 2.000
C_90 0.000 322.480 4.000
P_91 0.000 -195.996 4.000
E_92 -7.878 -605.239 4.000
P_93 0.000 -195.996 7.000
P_94 0.000 -195.996 7.000
S_95 -4.441 -90.060 3.000
P_96 0.000 -195.996 3.000
G_97 0.000 -27.649 3.000
P_98 0.000 -195.996 0.000
A_99 0.000 185.740 0.000
L_100 0.000 679.918 3.000
V_101 0.000 613.196 3.000
K_102 -4.441 -818.649 3.000
L_103 0.000 679.918 8.000
P_104 0.000 -195.996 12.000
R_105 -23.856 -1015.709 9.000
N_106 -24.169 -507.047 13.000
G_107 0.000 -27.649 13.000
E_108 -18.409 -605.239 8.000
A_109 0.000 185.740 4.000
P_110 0.000 -195.996 4.000
G_111 0.000 -27.649 4.000
A_112 0.000 185.740 4.000
E_113 -7.878 -605.239 4.000
P_114 0.000 -195.996 4.000
A_115 0.000 185.740 7.000
P_116 0.000 -195.996 3.000
S_117 -7.878 -90.060 4.000
A_118 0.000 185.740 4.000
W_119 -3.436 -203.500 4.000
A_120 0.000 185.740 1.000
P_121 0.000 -195.996 5.000
M_122 0.000 401.769 4.000
E_123 -18.409 -605.239 8.000
L_124 0.000 679.918 8.000
Q_125 -23.258 -643.904 12.000
V_126 0.000 613.196 8.000
D_127 -24.169 -475.402 13.000
V_128 0.000 613.196 9.000
R_129 -28.412 -1015.709 12.000
V_130 0.000 613.196 8.000
K_131 -14.420 -818.649 8.000
P_132 0.000 -195.996 3.000
V_133 0.000 613.196 3.000
G_134 0.000 -27.649 0.000
A_135 0.000 185.740 0.000
A_136 0.000 185.740 0.000
G_137 0.000 -27.649 3.000
G_138 0.000 -27.649 6.000
S_139 -15.425 -90.060 9.000
S_140 -15.425 -90.060 9.000
T_141 -17.811 -90.974 12.000
P_142 0.000 -195.996 9.000
S_143 -17.098 -90.060 11.000
P_144 0.000 -195.996 8.000
R_145 -27.076 -1015.709 11.000
P_146 0.000 -195.996 11.000
S_147 -20.127 -90.060 16.000
T_148 -17.098 -90.974 11.000
R_149 -27.076 -1015.709 11.000
F_150 0.000 560.542 11.000
L_151 0.000 679.918 8.000
K_152 -4.441 -818.649 3.000
V_153 0.000 613.196 3.000
P_154 0.000 -195.996 3.000
V_155 0.000 613.196 4.000
P_156 0.000 -195.996 7.000
E_157 -16.691 -605.239 7.000
S_158 -13.255 -90.060 7.000
P_159 0.000 -195.996 7.000
A_160 0.000 185.740 6.000
F_161 0.000 560.542 8.000
S_162 -16.309 -90.060 10.000
R_163 -25.574 -1015.709 10.000
H_164 -12.900 -583.484 14.000
A_165 0.000 185.740 11.000
D_166 -14.591 -475.402 6.000
P_167 0.000 -195.996 6.000
A_168 0.000 185.740 10.000
H_169 -8.431 -583.484 6.000
Q_170 -14.591 -643.904 6.000
L_171 0.000 679.918 6.000
L_172 0.000 679.918 9.000
L_173 0.000 679.918 5.000
R_174 -11.867 -1015.709 5.000
A_175 0.000 185.740 8.000
P_176 0.000 -195.996 12.000
S_177 -13.255 -90.060 7.000
Q_178 -16.691 -643.904 7.000
G_179 0.000 -27.649 10.000
G_180 0.000 -27.649 8.000
T_181 -7.878 -90.974 4.000
W_182 -5.447 -203.500 9.000
G_183 0.000 -27.649 14.000
R_184 -30.711 -1015.709 14.000
R_185 -29.616 -1015.709 13.000
S_186 -18.462 -90.060 13.000
P_187 0.000 -195.996 8.000
L_188 0.000 679.918 3.000
A_189 0.000 185.740 0.000
A_190 0.000 185.740 5.000
A_191 0.000 185.740 8.000
R_192 -28.412 -1015.709 12.000
T_193 -19.613 -90.974 15.000
E_194 -25.772 -605.239 15.000
S_195 -16.309 -90.060 10.000
G_196 0.000 -27.649 11.000
C_197 0.000 322.480 7.000
D_198 -18.409 -475.402 8.000
A_199 0.000 185.740 8.000
E_200 -24.169 -605.239 13.000
G_201 0.000 -27.649 9.000
R_202 -28.412 -1015.709 12.000
A_203 0.000 185.740 8.000
S_204 -14.420 -90.060 8.000
P_205 0.000 -195.996 7.000
A_206 0.000 185.740 7.000
E_207 -16.691 -605.239 7.000
G_208 0.000 -27.649 7.000
S_209 -13.255 -90.060 7.000
A_210 0.000 185.740 6.000
G_211 0.000 -27.649 6.000
S_212 -4.441 -90.060 3.000
P_213 0.000 -195.996 6.000
G_214 0.000 -27.649 6.000
S_215 -11.867 -90.060 6.000
P_216 0.000 -195.996 6.000
T_217 -11.867 -90.974 6.000
C_218 0.000 322.480 8.000
C_219 0.000 322.480 8.000
R_220 -21.845 -1015.709 8.000
C_221 0.000 322.480 12.000
K_222 -17.811 -818.649 12.000
E_223 -16.691 -605.239 7.000
L_224 0.000 679.918 7.000
G_225 0.000 -27.649 8.000
L_226 0.000 679.918 7.000
E_227 -22.253 -605.239 11.000
K_228 -19.613 -818.649 15.000
E_229 -25.772 -605.239 15.000
D_230 -22.253 -475.402 11.000
A_231 0.000 185.740 8.000
A_232 0.000 185.740 4.000
L_233 0.000 679.918 0.000
L_234 0.000 679.918 5.000
P_235 0.000 -195.996 5.000
R_236 -11.867 -1015.709 5.000
A_237 0.000 185.740 5.000
G_238 0.000 -27.649 9.000
L_239 0.000 679.918 4.000
D_240 -18.409 -475.402 8.000
G_241 0.000 -27.649 12.000
D_242 -25.772 -475.402 15.000
E_243 -22.253 -605.239 11.000
K_244 -17.098 -818.649 11.000
L_245 0.000 679.918 12.000
P_246 0.000 -195.996 8.000
R_247 -11.867 -1015.709 5.000
A_248 0.000 185.740 8.000
V_249 0.000 613.196 8.000
T_250 -11.867 -90.974 6.000
L_251 0.000 679.918 6.000
T_252 -11.867 -90.974 6.000
G_253 0.000 -27.649 3.000
L_254 0.000 679.918 3.000
P_255 0.000 -195.996 2.000
M_256 0.000 401.769 2.000
Y_257 -7.426 -274.939 5.000
V_258 0.000 613.196 8.000
K_259 -14.420 -818.649 8.000
S_260 -14.420 -90.060 8.000
L_261 0.000 679.918 9.000
Y_262 -8.431 -274.939 6.000
W_263 -2.723 -203.500 3.000
A_264 0.000 185.740 3.000
L_265 0.000 679.918 1.000
A_266 0.000 185.740 0.000
F_267 0.000 560.542 0.000
M_268 0.000 401.769 0.000
A_269 0.000 185.740 0.000
V_270 0.000 613.196 0.000
L_271 0.000 679.918 0.000
L_272 0.000 679.918 0.000
A_273 0.000 185.740 3.000
V_274 0.000 613.196 3.000
S_275 -4.441 -90.060 3.000
G_276 0.000 -27.649 3.000
V_277 0.000 613.196 3.000
V_278 0.000 613.196 0.000
I_279 0.000 777.529 0.000
V_280 0.000 613.196 0.000
V_281 0.000 613.196 0.000
L_282 0.000 679.918 3.000
A_283 0.000 185.740 8.000
S_284 -14.420 -90.060 8.000
R_285 -21.845 -1015.709 8.000
A_286 0.000 185.740 8.000
G_287 0.000 -27.649 10.000
A_288 0.000 185.740 5.000
R_289 -23.856 -1015.709 9.000
C_290 0.000 322.480 13.000
Q_291 -24.169 -643.904 13.000
Q_292 -18.409 -643.904 8.000
C_293 0.000 322.480 8.000
P_294 0.000 -195.996 4.000
P_295 0.000 -195.996 1.000
G_296 0.000 -27.649 1.000
W_297 -0.000 -203.500 1.000
V_298 0.000 613.196 4.000
L_299 0.000 679.918 8.000
S_300 -17.098 -90.060 11.000
E_301 -24.169 -605.239 13.000
E_302 -24.169 -605.239 13.000
H_303 -12.104 -583.484 12.000
C_304 0.000 322.480 10.000
Y_305 -8.431 -274.939 6.000
Y_306 -9.265 -274.939 7.000
F_307 0.000 560.542 7.000
S_308 -15.425 -90.060 9.000
A_309 0.000 185.740 7.000
E_310 -22.253 -605.239 11.000
A_311 0.000 185.740 8.000
Q_312 -19.866 -643.904 9.000
A_313 0.000 185.740 9.000
W_314 -5.447 -203.500 9.000
E_315 -18.409 -605.239 8.000
A_316 0.000 185.740 12.000
S_317 -17.098 -90.060 11.000
Q_318 -16.691 -643.904 7.000
A_319 0.000 185.740 7.000
F_320 0.000 560.542 7.000
C_321 0.000 322.480 3.000
S_322 -10.149 -90.060 5.000
A_323 0.000 185.740 7.000
Y_324 -9.265 -274.939 7.000
H_325 -9.265 -583.484 7.000
A_326 0.000 185.740 7.000
T_327 -10.149 -90.974 5.000
L_328 0.000 679.918 3.000
P_329 0.000 -195.996 3.000
L_330 0.000 679.918 3.000
L_331 0.000 679.918 5.000
S_332 -14.420 -90.060 8.000
H_333 -12.104 -583.484 12.000
T_334 -20.127 -90.974 16.000
Q_335 -24.169 -643.904 13.000
D_336 -22.253 -475.402 11.000
F_337 0.000 560.542 8.000
L_338 0.000 679.918 9.000
G_339 0.000 -27.649 7.000
R_340 -19.414 -1015.709 7.000
Y_341 -9.265 -274.939 7.000
P_342 0.000 -195.996 10.000
V_343 0.000 613.196 10.000
S_344 -16.309 -90.060 10.000
R_345 -29.616 -1015.709 13.000
H_346 -12.900 -583.484 14.000
S_347 -17.098 -90.060 11.000
W_348 -4.441 -203.500 6.000
V_349 0.000 613.196 4.000
G_350 0.000 -27.649 2.000
A_351 0.000 185.740 6.000
W_352 -4.441 -203.500 6.000
R_353 -16.309 -1015.709 6.000
G_354 0.000 -27.649 10.000
P_355 0.000 -195.996 9.000
Q_356 -11.867 -643.904 5.000
G_357 0.000 -27.649 7.000
W_358 -5.155 -203.500 8.000
H_359 -6.160 -583.484 4.000
W_360 -5.155 -203.500 8.000
I_361 0.000 777.529 11.000
D_362 -19.866 -475.402 9.000
E_363 -18.409 -605.239 8.000
A_364 0.000 185.740 8.000
P_365 0.000 -195.996 4.000
L_366 0.000 679.918 0.000
P_367 0.000 -195.996 4.000
P_368 0.000 -195.996 4.000
Q_369 -7.878 -643.904 4.000
L_370 0.000 679.918 4.000
L_371 0.000 679.918 8.000
P_372 0.000 -195.996 8.000
E_373 -18.409 -605.239 8.000
D_374 -23.258 -475.402 12.000
G_375 0.000 -27.649 16.000
E_376 -26.485 -605.239 16.000
D_377 -23.258 -475.402 12.000
N_378 -26.485 -507.047 16.000
L_379 0.000 679.918 12.000
D_380 -23.258 -475.402 12.000
I_381 0.000 777.529 8.000
N_382 -18.409 -507.047 8.000
C_383 0.000 322.480 4.000
G_384 0.000 -27.649 4.000
A_385 0.000 185.740 4.000
L_386 0.000 679.918 8.000
E_387 -18.409 -605.239 8.000
E_388 -22.253 -605.239 11.000
G_389 0.000 -27.649 11.000
T_390 -13.255 -90.974 7.000
L_391 0.000 679.918 3.000
V_392 0.000 613.196 3.000
A_393 0.000 185.740 4.000
A_394 0.000 185.740 4.000
N_395 -16.691 -507.047 7.000
C_396 0.000 322.480 10.000
S_397 -16.309 -90.060 10.000
T_398 -17.098 -90.974 11.000
P_399 0.000 -195.996 11.000
R_400 -23.856 -1015.709 9.000
P_401 0.000 -195.996 6.000
W_402 -4.441 -203.500 6.000
V_403 0.000 613.196 1.000
C_404 0.000 322.480 4.000
A_405 0.000 185.740 3.000
K_406 -11.867 -818.649 6.000
G_407 0.000 -27.649 10.000
T_408 -16.309 -90.974 10.000
Q_409 -16.691 -643.904 7.000
