M_1 0.000 401.769 0.000
F_2 0.000 560.542 0.000
A_3 0.000 185.740 5.000
P_4 0.000 -195.996 5.000
R_5 -11.867 -1015.709 5.000
L_6 0.000 679.918 9.000
L_7 0.000 679.918 9.000
D_8 -18.409 -475.402 8.000
F_9 0.000 560.542 11.000
Q_10 -25.003 -643.904 14.000
K_11 -18.462 -818.649 13.000
T_12 -19.613 -90.974 15.000
K_13 -17.098 -818.649 11.000
Y_14 -12.518 -274.939 13.000
A_15 0.000 185.740 10.000
R_16 -19.414 -1015.709 7.000
F_17 0.000 560.542 9.000
M_18 0.000 401.769 11.000
N_19 -22.253 -507.047 11.000
H_20 -11.652 -583.484 11.000
R_21 -27.076 -1015.709 11.000
V_22 0.000 613.196 7.000
P_23 0.000 -195.996 7.000
A_24 0.000 185.740 5.000
H_25 -11.154 -583.484 10.000
K_26 -17.811 -818.649 12.000
R_27 -32.645 -1015.709 16.000
Y_28 -12.900 -274.939 14.000
Q_29 -25.003 -643.904 14.000
P_30 0.000 -195.996 13.000
T_31 -18.462 -90.974 13.000
E_32 -24.169 -605.239 13.000
Y_33 -13.255 -274.939 15.000
E_34 -23.258 -605.239 12.000
H_35 -9.978 -583.484 8.000
A_36 0.000 185.740 10.000
A_37 0.000 185.740 6.000
N_38 -7.878 -507.047 4.000
C_39 0.000 322.480 7.000
A_40 0.000 185.740 9.000
T_41 -10.149 -90.974 5.000
H_42 -7.426 -583.484 5.000
A_43 0.000 185.740 6.000
F_44 0.000 560.542 3.000
W_45 -0.000 -203.500 1.000
I_46 0.000 777.529 1.000
I_47 0.000 777.529 4.000
P_48 0.000 -195.996 3.000
S_49 -4.441 -90.060 3.000
I_50 0.000 777.529 3.000
L_51 0.000 679.918 6.000
G_52 0.000 -27.649 6.000
S_53 -16.309 -90.060 10.000
S_54 -16.309 -90.060 10.000
N_55 -23.258 -507.047 12.000
L_56 0.000 679.918 9.000
Y_57 -8.431 -274.939 6.000
F_58 0.000 560.542 5.000
L_59 0.000 679.918 9.000
S_60 -17.098 -90.060 11.000
D_61 -25.772 -475.402 15.000
D_62 -26.485 -475.402 16.000
D_63 -27.150 -475.402 17.000
W_64 -6.873 -203.500 16.000
E_65 -23.258 -605.239 12.000
T_66 -17.098 -90.974 11.000
I_67 0.000 777.529 10.000
S_68 -13.255 -90.060 7.000
A_69 0.000 185.740 4.000
W_70 -4.441 -203.500 6.000
I_71 0.000 777.529 3.000
Y_72 -4.441 -274.939 3.000
G_73 0.000 -27.649 2.000
L_74 0.000 679.918 2.000
G_75 0.000 -27.649 0.000
L_76 0.000 679.918 0.000
C_77 0.000 322.480 0.000
G_78 0.000 -27.649 0.000
L_79 0.000 679.918 0.000
F_80 0.000 560.542 0.000
V_81 0.000 613.196 3.000
V_82 0.000 613.196 6.000
S_83 -11.867 -90.060 6.000
T_84 -11.867 -90.974 6.000
V_85 0.000 613.196 8.000
F_86 0.000 560.542 8.000
H_87 -7.426 -583.484 5.000
T_88 -14.420 -90.974 8.000
I_89 0.000 777.529 9.000
S_90 -16.309 -90.060 10.000
W_91 -5.708 -203.500 10.000
K_92 -18.462 -818.649 13.000
K_93 -17.811 -818.649 12.000
S_94 -17.098 -90.060 11.000
H_95 -12.518 -583.484 13.000
L_96 0.000 679.918 10.000
R_97 -19.414 -1015.709 7.000
M_98 0.000 401.769 9.000
V_99 0.000 613.196 11.000
E_100 -14.591 -605.239 6.000
H_101 -8.431 -583.484 6.000
C_102 0.000 322.480 8.000
L_103 0.000 679.918 4.000
H_104 -1.718 -583.484 2.000
M_105 0.000 401.769 6.000
F_106 0.000 560.542 11.000
D_107 -19.866 -475.402 9.000
R_108 -23.856 -1015.709 9.000
M_109 0.000 401.769 9.000
V_110 0.000 613.196 7.000
I_111 0.000 777.529 2.000
Y_112 -1.718 -274.939 2.000
F_113 0.000 560.542 2.000
F_114 0.000 560.542 2.000
I_115 0.000 777.529 0.000
A_116 0.000 185.740 3.000
A_117 0.000 185.740 5.000
S_118 -10.149 -90.060 5.000
Y_119 -7.426 -274.939 5.000
A_120 0.000 185.740 6.000
P_121 0.000 -195.996 3.000
W_122 -3.990 -203.500 5.000
L_123 0.000 679.918 5.000
N_124 -21.132 -507.047 10.000
L_125 0.000 679.918 13.000
R_126 -29.616 -1015.709 13.000
E_127 -19.866 -605.239 9.000
L_128 0.000 679.918 9.000
G_129 0.000 -27.649 5.000
P_130 0.000 -195.996 1.000
W_131 -3.436 -203.500 4.000
A_132 0.000 185.740 6.000
S_133 -11.867 -90.060 6.000
H_134 -11.154 -583.484 10.000
M_135 0.000 401.769 11.000
R_136 -21.845 -1015.709 8.000
W_137 -4.441 -203.500 6.000
L_138 0.000 679.918 7.000
V_139 0.000 613.196 2.000
W_140 -0.000 -203.500 1.000
I_141 0.000 777.529 1.000
M_142 0.000 401.769 4.000
A_143 0.000 185.740 3.000
S_144 -4.441 -90.060 3.000
V_145 0.000 613.196 6.000
G_146 0.000 -27.649 6.000
T_147 -10.149 -90.974 5.000
I_148 0.000 777.529 5.000
Y_149 -7.426 -274.939 5.000
V_150 0.000 613.196 2.000
F_151 0.000 560.542 2.000
F_152 0.000 560.542 2.000
F_153 0.000 560.542 6.000
H_154 -11.652 -583.484 11.000
E_155 -24.169 -605.239 13.000
R_156 -32.645 -1015.709 16.000
Y_157 -12.900 -274.939 14.000
K_158 -16.309 -818.649 10.000
L_159 0.000 679.918 9.000
V_160 0.000 613.196 7.000
E_161 -7.878 -605.239 4.000
L_162 0.000 679.918 4.000
L_163 0.000 679.918 6.000
C_164 0.000 322.480 2.000
Y_165 -1.718 -274.939 2.000
V_166 0.000 613.196 2.000
V_167 0.000 613.196 2.000
M_168 0.000 401.769 0.000
G_169 0.000 -27.649 0.000
F_170 0.000 560.542 0.000
F_171 0.000 560.542 0.000
P_172 0.000 -195.996 0.000
A_173 0.000 185.740 0.000
L_174 0.000 679.918 0.000
V_175 0.000 613.196 0.000
I_176 0.000 777.529 3.000
L_177 0.000 679.918 3.000
S_178 -4.441 -90.060 3.000
M_179 0.000 401.769 7.000
P_180 0.000 -195.996 10.000
N_181 -22.253 -507.047 11.000
T_182 -17.098 -90.974 11.000
E_183 -22.253 -605.239 11.000
G_184 0.000 -27.649 8.000
I_185 0.000 777.529 9.000
W_186 -3.990 -203.500 5.000
E_187 -11.867 -605.239 5.000
L_188 0.000 679.918 8.000
V_189 0.000 613.196 7.000
T_190 -4.441 -90.974 3.000
G_191 0.000 -27.649 3.000
G_192 0.000 -27.649 3.000
V_193 0.000 613.196 2.000
F_194 0.000 560.542 2.000
Y_195 -1.718 -274.939 2.000
C_196 0.000 322.480 2.000
L_197 0.000 679.918 2.000
G_198 0.000 -27.649 0.000
M_199 0.000 401.769 0.000
V_200 0.000 613.196 0.000
F_201 0.000 560.542 3.000
F_202 0.000 560.542 6.000
K_203 -16.309 -818.649 10.000
S_204 -16.309 -90.060 10.000
D_205 -25.772 -475.402 15.000
G_206 0.000 -27.649 12.000
R_207 -23.856 -1015.709 9.000
I_208 0.000 777.529 5.000
P_209 0.000 -195.996 5.000
F_210 0.000 560.542 2.000
A_211 0.000 185.740 2.000
H_212 -1.718 -583.484 2.000
A_213 0.000 185.740 3.000
I_214 0.000 777.529 5.000
W_215 -2.723 -203.500 3.000
H_216 -4.441 -583.484 3.000
L_217 0.000 679.918 3.000
F_218 0.000 560.542 2.000
V_219 0.000 613.196 0.000
A_220 0.000 185.740 0.000
F_221 0.000 560.542 0.000
G_222 0.000 -27.649 0.000
A_223 0.000 185.740 3.000
G_224 0.000 -27.649 5.000
T_225 -13.255 -90.974 7.000
H_226 -10.601 -583.484 9.000
Y_227 -10.601 -274.939 9.000
Y_228 -8.431 -274.939 6.000
A_229 0.000 185.740 5.000
I_230 0.000 777.529 8.000
W_231 -5.155 -203.500 8.000
R_232 -21.845 -1015.709 8.000
Y_233 -11.154 -274.939 10.000
L_234 0.000 679.918 9.000
Y_235 -6.160 -274.939 4.000
L_236 0.000 679.918 5.000
P_237 0.000 -195.996 8.000
S_238 -11.867 -90.060 6.000
T_239 -16.309 -90.974 10.000
L_240 0.000 679.918 13.000
Q_241 -24.169 -643.904 13.000
T_242 -16.309 -90.974 10.000
K_243 -18.462 -818.649 13.000
V_244 0.000 613.196 12.000
S_245 -15.425 -90.060 9.000
K_246 -11.867 -818.649 6.000
