M_1 0.000 401.769 6.000
K_2 -17.098 -818.649 11.000
K_3 -20.127 -818.649 16.000
R_4 -35.072 -1015.709 19.000
R_5 -32.645 -1015.709 16.000
K_6 -20.127 -818.649 16.000
V_7 0.000 613.196 14.000
T_8 -18.462 -90.974 13.000
S_9 -16.309 -90.060 10.000
N_10 -25.003 -507.047 14.000
L_11 0.000 679.918 14.000
E_12 -22.253 -605.239 11.000
K_13 -15.425 -818.649 9.000
I_14 0.000 777.529 9.000
H_15 -7.426 -583.484 5.000
L_16 0.000 679.918 4.000
G_17 0.000 -27.649 6.000
Y_18 -9.265 -274.939 7.000
H_19 -11.652 -583.484 11.000
K_20 -19.059 -818.649 14.000
D_21 -25.772 -475.402 15.000
S_22 -20.609 -90.060 17.000
S_23 -19.059 -90.060 14.000
E_24 -25.003 -605.239 14.000
G_25 0.000 -27.649 11.000
N_26 -18.409 -507.047 8.000
V_27 0.000 613.196 4.000
A_28 0.000 185.740 8.000
V_29 0.000 613.196 4.000
E_30 -18.409 -605.239 8.000
C_31 0.000 322.480 12.000
D_32 -23.258 -475.402 12.000
Q_33 -22.253 -643.904 11.000
V_34 0.000 613.196 13.000
T_35 -17.811 -90.974 12.000
Y_36 -11.154 -274.939 10.000
T_37 -18.462 -90.974 13.000
H_38 -11.154 -583.484 10.000
S_39 -14.420 -90.060 8.000
A_40 0.000 185.740 10.000
G_41 0.000 -27.649 8.000
R_42 -21.845 -1015.709 8.000
P_43 0.000 -195.996 8.000
T_44 -17.811 -90.974 12.000
P_45 0.000 -195.996 7.000
E_46 -16.691 -605.239 7.000
A_47 0.000 185.740 6.000
L_48 0.000 679.918 6.000
H_49 -6.160 -583.484 4.000
C_50 0.000 322.480 8.000
Y_51 -12.104 -274.939 12.000
Q_52 -21.132 -643.904 10.000
E_53 -21.132 -605.239 10.000
L_54 0.000 679.918 8.000
P_55 0.000 -195.996 7.000
P_56 0.000 -195.996 3.000
S_57 -13.255 -90.060 7.000
P_58 0.000 -195.996 11.000
D_59 -26.485 -475.402 16.000
Q_60 -26.485 -643.904 16.000
R_61 -32.645 -1015.709 16.000
K_62 -17.811 -818.649 12.000
L_63 0.000 679.918 11.000
L_64 0.000 679.918 9.000
S_65 -11.867 -90.060 6.000
S_66 -16.309 -90.060 10.000
L_67 0.000 679.918 12.000
Q_68 -24.169 -643.904 13.000
Y_69 -12.518 -274.939 13.000
N_70 -27.150 -507.047 17.000
K_71 -18.462 -818.649 13.000
N_72 -22.253 -507.047 11.000
L_73 0.000 679.918 10.000
L_74 0.000 679.918 9.000
K_75 -10.149 -818.649 5.000
Y_76 -10.601 -274.939 9.000
L_77 0.000 679.918 13.000
N_78 -25.003 -507.047 14.000
D_79 -27.150 -475.402 17.000
D_80 -29.436 -475.402 21.000
R_81 -35.785 -1015.709 20.000
Q_82 -28.912 -643.904 20.000
K_83 -20.127 -818.649 16.000
Q_84 -25.003 -643.904 14.000
P_85 0.000 -195.996 10.000
S_86 -13.255 -90.060 7.000
F_87 0.000 560.542 7.000
C_88 0.000 322.480 7.000
D_89 -7.878 -475.402 4.000
L_90 0.000 679.918 4.000
L_91 0.000 679.918 4.000
I_92 0.000 777.529 0.000
I_93 0.000 777.529 4.000
V_94 0.000 613.196 4.000
E_95 -16.691 -605.239 7.000
G_96 0.000 -27.649 11.000
K_97 -17.098 -818.649 11.000
E_98 -21.132 -605.239 10.000
F_99 0.000 560.542 10.000
S_100 -15.425 -90.060 9.000
A_101 0.000 185.740 8.000
H_102 -9.978 -583.484 8.000
K_103 -10.149 -818.649 5.000
V_104 0.000 613.196 5.000
V_105 0.000 613.196 3.000
V_106 0.000 613.196 0.000
A_107 0.000 185.740 0.000
V_108 0.000 613.196 3.000
G_109 0.000 -27.649 6.000
S_110 -14.420 -90.060 8.000
S_111 -14.420 -90.060 8.000
Y_112 -11.154 -274.939 10.000
F_113 0.000 560.542 7.000
H_114 -6.160 -583.484 4.000
A_115 0.000 185.740 2.000
C_116 0.000 322.480 5.000
L_117 0.000 679.918 6.000
S_118 -16.309 -90.060 10.000
K_119 -16.309 -818.649 10.000
N_120 -24.169 -507.047 13.000
P_121 0.000 -195.996 13.000
S_122 -19.059 -90.060 14.000
T_123 -16.309 -90.974 10.000
D_124 -21.132 -475.402 10.000
V_125 0.000 613.196 10.000
V_126 0.000 613.196 7.000
T_127 -13.255 -90.974 7.000
L_128 0.000 679.918 9.000
D_129 -19.866 -475.402 9.000
H_130 -10.601 -583.484 9.000
V_131 0.000 613.196 11.000
T_132 -16.309 -90.974 10.000
H_133 -9.978 -583.484 8.000
S_134 -14.420 -90.060 8.000
V_135 0.000 613.196 9.000
F_136 0.000 560.542 9.000
Q_137 -14.591 -643.904 6.000
H_138 -8.431 -583.484 6.000
L_139 0.000 679.918 10.000
L_140 0.000 679.918 6.000
E_141 -7.878 -605.239 4.000
F_142 0.000 560.542 6.000
L_143 0.000 679.918 9.000
Y_144 -9.978 -274.939 8.000
T_145 -17.811 -90.974 12.000
S_146 -17.811 -90.060 12.000
E_147 -21.132 -605.239 10.000
F_148 0.000 560.542 7.000
F_149 0.000 560.542 6.000
V_150 0.000 613.196 5.000
Y_151 -9.265 -274.939 7.000
K_152 -17.098 -818.649 11.000
Y_153 -11.652 -274.939 11.000
E_154 -19.866 -605.239 9.000
I_155 0.000 777.529 6.000
P_156 0.000 -195.996 4.000
L_157 0.000 679.918 0.000
V_158 0.000 613.196 4.000
L_159 0.000 679.918 4.000
E_160 -7.878 -605.239 4.000
A_161 0.000 185.740 7.000
A_162 0.000 185.740 7.000
K_163 -4.441 -818.649 3.000
F_164 0.000 560.542 7.000
L_165 0.000 679.918 7.000
D_166 -7.878 -475.402 4.000
I_167 0.000 777.529 8.000
I_168 0.000 777.529 8.000
D_169 -7.878 -475.402 4.000
A_170 0.000 185.740 7.000
V_171 0.000 613.196 7.000
K_172 -4.441 -818.649 3.000
L_173 0.000 679.918 7.000
L_174 0.000 679.918 11.000
N_175 -23.258 -507.047 12.000
N_176 -26.485 -507.047 16.000
E_177 -26.485 -605.239 16.000
N_178 -23.258 -507.047 12.000
V_179 0.000 613.196 8.000
A_180 0.000 185.740 4.000
P_181 0.000 -195.996 2.000
F_182 0.000 560.542 5.000
H_183 -10.601 -583.484 9.000
S_184 -15.425 -90.060 9.000
E_185 -23.258 -605.239 12.000
L_186 0.000 679.918 14.000
T_187 -19.059 -90.974 14.000
E_188 -24.169 -605.239 13.000
K_189 -20.127 -818.649 16.000
S_190 -18.462 -90.060 13.000
S_191 -18.462 -90.060 13.000
P_192 0.000 -195.996 14.000
E_193 -25.003 -605.239 14.000
E_194 -22.253 -605.239 11.000
T_195 -19.613 -90.974 15.000
L_196 0.000 679.918 15.000
N_197 -22.253 -507.047 11.000
E_198 -22.253 -605.239 11.000
L_199 0.000 679.918 11.000
T_200 -17.811 -90.974 12.000
G_201 0.000 -27.649 8.000
R_202 -27.076 -1015.709 11.000
L_203 0.000 679.918 12.000
S_204 -20.127 -90.060 16.000
N_205 -24.169 -507.047 13.000
N_206 -27.150 -507.047 17.000
H_207 -12.900 -583.484 14.000
Q_208 -24.169 -643.904 13.000
C_209 0.000 322.480 9.000
K_210 -13.255 -818.649 7.000
F_211 0.000 560.542 6.000
C_212 0.000 322.480 11.000
S_213 -16.309 -90.060 10.000
R_214 -25.574 -1015.709 10.000
H_215 -11.154 -583.484 10.000
F_216 0.000 560.542 9.000
C_217 0.000 322.480 7.000
Y_218 -9.978 -274.939 8.000
K_219 -17.098 -818.649 11.000
K_220 -17.098 -818.649 11.000
S_221 -18.462 -90.060 13.000
L_222 0.000 679.918 14.000
E_223 -24.169 -605.239 13.000
N_224 -21.132 -507.047 10.000
H_225 -11.154 -583.484 10.000
L_226 0.000 679.918 9.000
A_227 0.000 185.740 8.000
K_228 -14.420 -818.649 8.000
T_229 -18.462 -90.974 13.000
H_230 -13.586 -583.484 16.000
R_231 -29.616 -1015.709 13.000
S_232 -16.309 -90.060 10.000
L_233 0.000 679.918 8.000
L_234 0.000 679.918 3.000
L_235 0.000 679.918 3.000
G_236 0.000 -27.649 6.000
K_237 -14.420 -818.649 8.000
K_238 -14.420 -818.649 8.000
H_239 -9.978 -583.484 8.000
G_240 0.000 -27.649 8.000
L_241 0.000 679.918 5.000
K_242 -4.441 -818.649 3.000
M_243 0.000 401.769 7.000
L_244 0.000 679.918 12.000
E_245 -23.258 -605.239 12.000
R_246 -28.412 -1015.709 12.000
S_247 -19.613 -90.060 15.000
F_248 0.000 560.542 11.000
S_249 -17.098 -90.060 11.000
A_250 0.000 185.740 13.000
R_251 -32.645 -1015.709 16.000
R_252 -32.645 -1015.709 16.000
S_253 -22.271 -90.060 21.000
K_254 -21.889 -818.649 20.000
R_255 -35.785 -1015.709 20.000
N_256 -28.912 -507.047 20.000
R_257 -33.508 -1015.709 17.000
K_258 -17.811 -818.649 12.000
C_259 0.000 322.480 8.000
P_260 0.000 -195.996 6.000
V_261 0.000 613.196 3.000
K_262 -13.255 -818.649 7.000
F_263 0.000 560.542 11.000
D_264 -25.003 -475.402 14.000
D_265 -25.003 -475.402 14.000
T_266 -21.060 -90.974 18.000
S_267 -21.060 -90.060 18.000
D_268 -27.773 -475.402 18.000
D_269 -28.359 -475.402 19.000
E_270 -28.912 -605.239 20.000
Q_271 -28.359 -643.904 19.000
E_272 -25.772 -605.239 15.000
S_273 -19.613 -90.060 15.000
G_274 0.000 -27.649 11.000
D_275 -21.132 -475.402 10.000
G_276 0.000 -27.649 11.000
S_277 -19.613 -90.060 15.000
D_278 -22.253 -475.402 11.000
N_279 -25.772 -507.047 15.000
L_280 0.000 679.918 16.000
N_281 -26.485 -507.047 16.000
Q_282 -26.485 -643.904 16.000
E_283 -26.485 -605.239 16.000
N_284 -26.485 -507.047 16.000
F_285 0.000 560.542 15.000
D_286 -25.772 -475.402 15.000
K_287 -19.059 -818.649 14.000
E_288 -27.150 -605.239 17.000
K_289 -20.609 -818.649 17.000
S_290 -21.486 -90.060 19.000
D_291 -28.359 -475.402 19.000
R_292 -35.785 -1015.709 20.000
N_293 -28.912 -507.047 20.000
D_294 -28.912 -475.402 20.000
S_295 -21.486 -90.060 19.000
E_296 -25.772 -605.239 15.000
D_297 -22.253 -475.402 11.000
P_298 0.000 -195.996 11.000
G_299 0.000 -27.649 11.000
S_300 -15.425 -90.060 9.000
E_301 -24.169 -605.239 13.000
Y_302 -12.518 -274.939 13.000
N_303 -25.003 -507.047 14.000
A_304 0.000 185.740 14.000
E_305 -26.485 -605.239 16.000
E_306 -26.485 -605.239 16.000
D_307 -26.485 -475.402 16.000
E_308 -26.485 -605.239 16.000
L_309 0.000 679.918 16.000
E_310 -26.485 -605.239 16.000
E_311 -23.258 -605.239 12.000
E_312 -25.772 -605.239 15.000
M_313 0.000 401.769 15.000
S_314 -19.613 -90.060 15.000
D_315 -24.169 -475.402 13.000
E_316 -26.485 -605.239 16.000
Y_317 -13.896 -274.939 17.000
S_318 -18.462 -90.060 13.000
D_319 -24.169 -475.402 13.000
I_320 0.000 777.529 15.000
E_321 -26.485 -605.239 16.000
E_322 -25.772 -605.239 15.000
Q_323 -28.359 -643.904 19.000
S_324 -21.060 -90.060 18.000
E_325 -27.773 -605.239 18.000
K_326 -20.127 -818.649 16.000
D_327 -27.150 -475.402 17.000
H_328 -13.896 -583.484 17.000
N_329 -25.003 -507.047 14.000
D_330 -25.003 -475.402 14.000
A_331 0.000 185.740 16.000
E_332 -26.485 -605.239 16.000
E_333 -23.258 -605.239 12.000
E_334 -26.485 -605.239 16.000
P_335 0.000 -195.996 12.000
E_336 -18.409 -605.239 8.000
A_337 0.000 185.740 8.000
G_338 0.000 -27.649 11.000
D_339 -16.691 -475.402 7.000
S_340 -13.255 -90.060 7.000
V_341 0.000 613.196 11.000
G_342 0.000 -27.649 7.000
N_343 -14.591 -507.047 6.000
V_344 0.000 613.196 10.000
H_345 -11.154 -583.484 10.000
E_346 -14.591 -605.239 6.000
G_347 0.000 -27.649 9.000
L_348 0.000 679.918 7.000
T_349 -4.441 -90.974 3.000
P_350 0.000 -195.996 3.000
V_351 0.000 613.196 3.000
V_352 0.000 613.196 4.000
I_353 0.000 777.529 8.000
Q_354 -22.253 -643.904 11.000
N_355 -25.772 -507.047 15.000
S_356 -21.060 -90.060 18.000
N_357 -27.150 -507.047 17.000
K_358 -18.462 -818.649 13.000
K_359 -16.309 -818.649 10.000
I_360 0.000 777.529 10.000
L_361 0.000 679.918 7.000
Q_362 -7.878 -643.904 4.000
C_363 0.000 322.480 7.000
P_364 0.000 -195.996 7.000
K_365 -13.255 -818.649 7.000
C_366 0.000 322.480 10.000
D_367 -24.169 -475.402 13.000
K_368 -16.309 -818.649 10.000
T_369 -19.059 -90.974 14.000
F_370 0.000 560.542 15.000
D_371 -23.258 -475.402 12.000
R_372 -23.856 -1015.709 9.000
I_373 0.000 777.529 12.000
G_374 0.000 -27.649 10.000
K_375 -15.425 -818.649 9.000
Y_376 -12.104 -274.939 12.000
E_377 -25.003 -605.239 14.000
S_378 -19.059 -90.060 14.000
H_379 -13.896 -583.484 17.000
T_380 -18.462 -90.974 13.000
R_381 -28.412 -1015.709 12.000
V_382 0.000 613.196 13.000
H_383 -11.154 -583.484 10.000
T_384 -15.425 -90.974 9.000
G_385 0.000 -27.649 12.000
E_386 -21.132 -605.239 10.000
K_387 -13.255 -818.649 7.000
P_388 0.000 -195.996 11.000
F_389 0.000 560.542 7.000
E_390 -18.409 -605.239 8.000
C_391 0.000 322.480 8.000
D_392 -18.409 -475.402 8.000
I_393 0.000 777.529 6.000
C_394 0.000 322.480 10.000
H_395 -11.652 -583.484 11.000
Q_396 -24.169 -643.904 13.000
R_397 -32.645 -1015.709 16.000
Y_398 -13.896 -274.939 17.000
S_399 -20.127 -90.060 16.000
T_400 -19.059 -90.974 14.000
K_401 -20.127 -818.649 16.000
S_402 -18.462 -90.060 13.000
N_403 -24.169 -507.047 13.000
L_404 0.000 679.918 10.000
T_405 -15.425 -90.974 9.000
V_406 0.000 613.196 10.000
H_407 -12.518 -583.484 13.000
R_408 -29.616 -1015.709 13.000
K_409 -19.613 -818.649 15.000
K_410 -20.127 -818.649 16.000
H_411 -13.255 -583.484 15.000
S_412 -20.127 -90.060 16.000
N_413 -26.485 -507.047 16.000
E_414 -27.773 -605.239 18.000
T_415 -19.613 -90.974 15.000
E_416 -24.169 -605.239 13.000
F_417 0.000 560.542 12.000
H_418 -12.104 -583.484 12.000
K_419 -17.811 -818.649 12.000
K_420 -19.059 -818.649 14.000
E_421 -25.772 -605.239 15.000
H_422 -12.104 -583.484 12.000
K_423 -15.425 -818.649 9.000
C_424 0.000 322.480 7.000
P_425 0.000 -195.996 5.000
Y_426 -8.431 -274.939 6.000
C_427 0.000 322.480 9.000
N_428 -19.866 -507.047 9.000
K_429 -15.425 -818.649 9.000
L_430 0.000 679.918 9.000
H_431 -9.978 -583.484 8.000
A_432 0.000 185.740 8.000
S_433 -17.098 -90.060 11.000
K_434 -17.811 -818.649 12.000
K_435 -17.811 -818.649 12.000
T_436 -15.425 -90.974 9.000
L_437 0.000 679.918 9.000
A_438 0.000 185.740 8.000
K_439 -10.149 -818.649 5.000
H_440 -9.978 -583.484 8.000
V_441 0.000 613.196 13.000
K_442 -16.309 -818.649 10.000
R_443 -25.574 -1015.709 10.000
F_444 0.000 560.542 10.000
H_445 -11.652 -583.484 11.000
P_446 0.000 -195.996 10.000
E_447 -21.132 -605.239 10.000
N_448 -23.258 -507.047 12.000
A_449 0.000 185.740 16.000
Q_450 -23.258 -643.904 12.000
E_451 -18.409 -605.239 8.000
F_452 0.000 560.542 11.000
I_453 0.000 777.529 7.000
S_454 -11.867 -90.060 6.000
I_455 0.000 777.529 9.000
K_456 -17.811 -818.649 12.000
K_457 -17.811 -818.649 12.000
T_458 -19.613 -90.974 15.000
K_459 -20.127 -818.649 16.000
S_460 -20.127 -90.060 16.000
E_461 -25.003 -605.239 14.000
S_462 -19.059 -90.060 14.000
W_463 -5.944 -203.500 11.000
K_464 -17.098 -818.649 11.000
C_465 0.000 322.480 8.000
D_466 -16.691 -475.402 7.000
I_467 0.000 777.529 7.000
C_468 0.000 322.480 10.000
K_469 -15.425 -818.649 9.000
K_470 -15.425 -818.649 9.000
S_471 -17.811 -90.060 12.000
F_472 0.000 560.542 14.000
T_473 -20.127 -90.974 16.000
R_474 -29.616 -1015.709 13.000
R_475 -31.716 -1015.709 15.000
P_476 0.000 -195.996 12.000
H_477 -11.652 -583.484 11.000
L_478 0.000 679.918 10.000
E_479 -23.258 -605.239 12.000
E_480 -21.132 -605.239 10.000
H_481 -11.154 -583.484 10.000
M_482 0.000 401.769 6.000
I_483 0.000 777.529 4.000
L_484 0.000 679.918 5.000
H_485 -10.601 -583.484 9.000
S_486 -18.462 -90.060 13.000
Q_487 -26.485 -643.904 16.000
D_488 -25.003 -475.402 14.000
K_489 -17.098 -818.649 11.000
P_490 0.000 -195.996 10.000
F_491 0.000 560.542 6.000
K_492 -11.867 -818.649 6.000
C_493 0.000 322.480 8.000
T_494 -14.420 -90.974 8.000
Y_495 -10.601 -274.939 9.000
C_496 0.000 322.480 13.000
E_497 -23.258 -605.239 12.000
E_498 -21.132 -605.239 10.000
H_499 -12.518 -583.484 13.000
F_500 0.000 560.542 12.000
K_501 -18.462 -818.649 13.000
S_502 -17.098 -90.060 11.000
R_503 -27.076 -1015.709 11.000
F_504 0.000 560.542 13.000
A_505 0.000 185.740 10.000
R_506 -21.845 -1015.709 8.000
L_507 0.000 679.918 10.000
K_508 -19.059 -818.649 14.000
H_509 -12.518 -583.484 13.000
Q_510 -26.485 -643.904 16.000
E_511 -24.169 -605.239 13.000
K_512 -18.462 -818.649 13.000
F_513 0.000 560.542 9.000
H_514 -7.426 -583.484 5.000
L_515 0.000 679.918 2.000
G_516 0.000 -27.649 2.000
P_517 0.000 -195.996 0.000
F_518 0.000 560.542 0.000
P_519 0.000 -195.996 4.000
C_520 0.000 322.480 4.000
D_521 -7.878 -475.402 4.000
I_522 0.000 777.529 4.000
C_523 0.000 322.480 9.000
G_524 0.000 -27.649 9.000
R_525 -23.856 -1015.709 9.000
Q_526 -24.169 -643.904 13.000
F_527 0.000 560.542 17.000
N_528 -25.772 -507.047 15.000
D_529 -22.253 -475.402 11.000
T_530 -19.613 -90.974 15.000
G_531 0.000 -27.649 11.000
N_532 -21.132 -507.047 10.000
L_533 0.000 679.918 12.000
K_534 -19.059 -818.649 14.000
R_535 -25.574 -1015.709 10.000
H_536 -12.900 -583.484 14.000
I_537 0.000 777.529 11.000
E_538 -19.866 -605.239 9.000
C_539 0.000 322.480 9.000
T_540 -15.425 -90.974 9.000
H_541 -7.426 -583.484 5.000
G_542 0.000 -27.649 8.000
G_543 0.000 -27.649 10.000
K_544 -17.098 -818.649 11.000
R_545 -28.412 -1015.709 12.000
K_546 -19.613 -818.649 15.000
W_547 -6.160 -203.500 12.000
T_548 -13.255 -90.974 7.000
C_549 0.000 322.480 4.000
F_550 0.000 560.542 3.000
I_551 0.000 777.529 0.000
C_552 0.000 322.480 3.000
G_553 0.000 -27.649 6.000
K_554 -11.867 -818.649 6.000
S_555 -17.098 -90.060 11.000
V_556 0.000 613.196 15.000
R_557 -33.508 -1015.709 17.000
E_558 -27.150 -605.239 17.000
R_559 -35.785 -1015.709 20.000
T_560 -19.613 -90.974 15.000
T_561 -19.059 -90.974 14.000
L_562 0.000 679.918 13.000
K_563 -17.811 -818.649 12.000
E_564 -19.866 -605.239 9.000
H_565 -12.900 -583.484 14.000
L_566 0.000 679.918 11.000
R_567 -23.856 -1015.709 9.000
I_568 0.000 777.529 10.000
H_569 -11.154 -583.484 10.000
S_570 -15.425 -90.060 9.000
G_571 0.000 -27.649 12.000
E_572 -21.132 -605.239 10.000
K_573 -15.425 -818.649 9.000
P_574 0.000 -195.996 9.000
H_575 -7.426 -583.484 5.000
L_576 0.000 679.918 5.000
C_577 0.000 322.480 5.000
S_578 -4.441 -90.060 3.000
I_579 0.000 777.529 3.000
C_580 0.000 322.480 7.000
G_581 0.000 -27.649 7.000
Q_582 -16.691 -643.904 7.000
S_583 -17.811 -90.060 12.000
F_584 0.000 560.542 14.000
R_585 -25.574 -1015.709 10.000
H_586 -11.154 -583.484 10.000
G_587 0.000 -27.649 13.000
S_588 -16.309 -90.060 10.000
S_589 -18.462 -90.060 13.000
Y_590 -12.518 -274.939 13.000
R_591 -28.412 -1015.709 12.000
L_592 0.000 679.918 9.000
H_593 -12.104 -583.484 12.000
L_594 0.000 679.918 7.000
R_595 -23.856 -1015.709 9.000
V_596 0.000 613.196 9.000
H_597 -12.518 -583.484 13.000
H_598 -12.104 -583.484 12.000
D_599 -25.772 -475.402 15.000
D_600 -27.773 -475.402 18.000
K_601 -21.060 -818.649 18.000
R_602 -34.315 -1015.709 18.000
Y_603 -12.900 -274.939 14.000
E_604 -25.772 -605.239 15.000
C_605 0.000 322.480 14.000
D_606 -23.258 -475.402 12.000
E_607 -18.409 -605.239 8.000
C_608 0.000 322.480 11.000
G_609 0.000 -27.649 10.000
K_610 -11.867 -818.649 6.000
T_611 -11.867 -90.974 6.000
F_612 0.000 560.542 11.000
I_613 0.000 777.529 10.000
R_614 -27.076 -1015.709 11.000
H_615 -12.518 -583.484 13.000
D_616 -24.169 -475.402 13.000
H_617 -11.652 -583.484 11.000
L_618 0.000 679.918 12.000
T_619 -16.309 -90.974 10.000
K_620 -17.098 -818.649 11.000
H_621 -12.900 -583.484 14.000
K_622 -17.098 -818.649 11.000
K_623 -16.309 -818.649 10.000
I_624 0.000 777.529 11.000
H_625 -9.978 -583.484 8.000
S_626 -15.425 -90.060 9.000
G_627 0.000 -27.649 12.000
E_628 -21.132 -605.239 10.000
K_629 -15.425 -818.649 9.000
A_630 0.000 185.740 13.000
H_631 -10.601 -583.484 9.000
Q_632 -21.132 -643.904 10.000
C_633 0.000 322.480 14.000
E_634 -23.258 -605.239 12.000
E_635 -18.409 -605.239 8.000
C_636 0.000 322.480 11.000
G_637 0.000 -27.649 7.000
K_638 -4.441 -818.649 3.000
C_639 0.000 322.480 3.000
F_640 0.000 560.542 8.000
G_641 0.000 -27.649 10.000
R_642 -30.711 -1015.709 14.000
R_643 -32.645 -1015.709 16.000
D_644 -26.485 -475.402 16.000
H_645 -12.900 -583.484 14.000
L_646 0.000 679.918 9.000
T_647 -13.255 -90.974 7.000
V_648 0.000 613.196 7.000
H_649 -11.154 -583.484 10.000
Y_650 -11.154 -274.939 10.000
K_651 -16.309 -818.649 10.000
S_652 -16.309 -90.060 10.000
V_653 0.000 613.196 8.000
H_654 -7.426 -583.484 5.000
L_655 0.000 679.918 6.000
G_656 0.000 -27.649 9.000
E_657 -16.691 -605.239 7.000
K_658 -14.420 -818.649 8.000
V_659 0.000 613.196 12.000
W_660 -5.944 -203.500 11.000
Q_661 -21.132 -643.904 10.000
K_662 -18.462 -818.649 13.000
Y_663 -12.104 -274.939 12.000
K_664 -17.098 -818.649 11.000
A_665 0.000 185.740 8.000
T_666 -14.420 -90.974 8.000
F_667 0.000 560.542 9.000
H_668 -10.601 -583.484 9.000
Q_669 -21.132 -643.904 10.000
C_670 0.000 322.480 10.000
D_671 -18.409 -475.402 8.000
V_672 0.000 613.196 7.000
C_673 0.000 322.480 10.000
K_674 -11.867 -818.649 6.000
K_675 -11.867 -818.649 6.000
I_676 0.000 777.529 9.000
F_677 0.000 560.542 6.000
K_678 -11.867 -818.649 6.000
G_679 0.000 -27.649 9.000
K_680 -17.811 -818.649 12.000
S_681 -15.425 -90.060 9.000
S_682 -18.462 -90.060 13.000
L_683 0.000 679.918 10.000
E_684 -19.866 -605.239 9.000
M_685 0.000 401.769 6.000
H_686 -11.652 -583.484 11.000
F_687 0.000 560.542 10.000
R_688 -28.412 -1015.709 12.000
T_689 -18.462 -90.974 13.000
H_690 -12.518 -583.484 13.000
S_691 -17.811 -90.060 12.000
G_692 0.000 -27.649 12.000
E_693 -21.132 -605.239 10.000
K_694 -15.425 -818.649 9.000
P_695 0.000 -195.996 12.000
Y_696 -9.978 -274.939 8.000
K_697 -15.425 -818.649 9.000
C_698 0.000 322.480 9.000
Q_699 -16.691 -643.904 7.000
I_700 0.000 777.529 8.000
C_701 0.000 322.480 12.000
N_702 -22.253 -507.047 11.000
Q_703 -22.253 -643.904 11.000
S_704 -20.127 -90.060 16.000
F_705 0.000 560.542 12.000
R_706 -27.076 -1015.709 11.000
I_707 0.000 777.529 11.000
K_708 -19.059 -818.649 14.000
K_709 -15.425 -818.649 9.000
T_710 -17.811 -90.974 12.000
L_711 0.000 679.918 12.000
T_712 -17.098 -90.974 11.000
K_713 -14.420 -818.649 8.000
H_714 -9.978 -583.484 8.000
L_715 0.000 679.918 5.000
V_716 0.000 613.196 4.000
I_717 0.000 777.529 5.000
H_718 -10.601 -583.484 9.000
S_719 -15.425 -90.060 9.000
D_720 -25.003 -475.402 14.000
A_721 0.000 185.740 12.000
R_722 -23.856 -1015.709 9.000
P_723 0.000 -195.996 9.000
F_724 0.000 560.542 9.000
N_725 -18.409 -507.047 8.000
C_726 0.000 322.480 10.000
Q_727 -21.132 -643.904 10.000
H_728 -11.154 -583.484 10.000
C_729 0.000 322.480 10.000
N_730 -19.866 -507.047 9.000
A_731 0.000 185.740 7.000
T_732 -16.309 -90.974 10.000
F_733 0.000 560.542 11.000
K_734 -19.059 -818.649 14.000
R_735 -31.716 -1015.709 15.000
K_736 -21.060 -818.649 18.000
D_737 -25.772 -475.402 15.000
K_738 -18.462 -818.649 13.000
L_739 0.000 679.918 12.000
K_740 -16.309 -818.649 10.000
Y_741 -9.265 -274.939 7.000
H_742 -11.652 -583.484 11.000
I_743 0.000 777.529 10.000
D_744 -18.409 -475.402 8.000
H_745 -9.978 -583.484 8.000
V_746 0.000 613.196 12.000
H_747 -9.978 -583.484 8.000
E_748 -19.866 -605.239 9.000
I_749 0.000 777.529 12.000
K_750 -16.309 -818.649 10.000
S_751 -16.309 -90.060 10.000
P_752 0.000 -195.996 14.000
D_753 -22.253 -475.402 11.000
D_754 -18.409 -475.402 8.000
P_755 0.000 -195.996 11.000
L_756 0.000 679.918 10.000
S_757 -15.425 -90.060 9.000
T_758 -18.462 -90.974 13.000
S_759 -20.609 -90.060 17.000
E_760 -27.150 -605.239 17.000
E_761 -25.003 -605.239 14.000
K_762 -17.098 -818.649 11.000
L_763 0.000 679.918 10.000
V_764 0.000 613.196 6.000
S_765 -4.441 -90.060 3.000
L_766 0.000 679.918 3.000
P_767 0.000 -195.996 7.000
V_768 0.000 613.196 6.000
E_769 -19.866 -605.239 9.000
Y_770 -12.104 -274.939 12.000
S_771 -20.127 -90.060 16.000
S_772 -20.127 -90.060 16.000
D_773 -27.150 -475.402 17.000
D_774 -25.003 -475.402 14.000
K_775 -17.098 -818.649 11.000
I_776 0.000 777.529 11.000
F_777 0.000 560.542 10.000
Q_778 -22.253 -643.904 11.000
T_779 -19.059 -90.974 14.000
E_780 -27.150 -605.239 17.000
T_781 -20.609 -90.974 17.000
K_782 -20.127 -818.649 16.000
Q_783 -23.258 -643.904 12.000
Y_784 -12.518 -274.939 13.000
M_785 0.000 401.769 14.000
D_786 -21.132 -475.402 10.000
Q_787 -22.253 -643.904 11.000
P_788 0.000 -195.996 11.000
K_789 -15.425 -818.649 9.000
V_790 0.000 613.196 9.000
Y_791 -12.104 -274.939 12.000
Q_792 -24.169 -643.904 13.000
S_793 -18.462 -90.060 13.000
E_794 -25.003 -605.239 14.000
A_795 0.000 185.740 13.000
K_796 -16.309 -818.649 10.000
T_797 -11.867 -90.974 6.000
M_798 0.000 401.769 10.000
L_799 0.000 679.918 11.000
Q_800 -18.409 -643.904 8.000
N_801 -22.253 -507.047 11.000
V_802 0.000 613.196 11.000
S_803 -17.098 -90.060 11.000
A_804 0.000 185.740 7.000
E_805 -16.691 -605.239 7.000
V_806 0.000 613.196 4.000
C_807 0.000 322.480 4.000
V_808 0.000 613.196 0.000
P_809 0.000 -195.996 3.000
V_810 0.000 613.196 3.000
T_811 -4.441 -90.974 3.000
L_812 0.000 679.918 3.000
V_813 0.000 613.196 3.000
P_814 0.000 -195.996 4.000
V_815 0.000 613.196 4.000
Q_816 -7.878 -643.904 4.000
M_817 0.000 401.769 8.000
P_818 0.000 -195.996 11.000
D_819 -16.691 -475.402 7.000
T_820 -16.309 -90.974 10.000
P_821 0.000 -195.996 14.000
S_822 -16.309 -90.060 10.000
D_823 -16.691 -475.402 7.000
L_824 0.000 679.918 12.000
V_825 0.000 613.196 11.000
R_826 -25.574 -1015.709 10.000
H_827 -12.518 -583.484 13.000
T_828 -20.127 -90.974 16.000
T_829 -17.098 -90.974 11.000
T_830 -15.425 -90.974 9.000
L_831 0.000 679.918 6.000
P_832 0.000 -195.996 6.000
P_833 0.000 -195.996 6.000
S_834 -14.420 -90.060 8.000
S_835 -17.811 -90.060 12.000
H_836 -12.104 -583.484 12.000
E_837 -19.866 -605.239 9.000
I_838 0.000 777.529 9.000
L_839 0.000 679.918 7.000
S_840 -13.255 -90.060 7.000
P_841 0.000 -195.996 7.000
Q_842 -22.253 -643.904 11.000
P_843 0.000 -195.996 11.000
Q_844 -25.003 -643.904 14.000
S_845 -19.059 -90.060 14.000
T_846 -20.127 -90.974 16.000
D_847 -23.258 -475.402 12.000
Y_848 -12.900 -274.939 14.000
P_849 0.000 -195.996 11.000
R_850 -19.414 -1015.709 7.000
A_851 0.000 185.740 9.000
A_852 0.000 185.740 9.000
D_853 -7.878 -475.402 4.000
L_854 0.000 679.918 4.000
A_855 0.000 185.740 4.000
F_856 0.000 560.542 4.000
L_857 0.000 679.918 7.000
E_858 -19.866 -605.239 9.000
K_859 -17.811 -818.649 12.000
Y_860 -12.104 -274.939 12.000
T_861 -17.098 -90.974 11.000
L_862 0.000 679.918 8.000
T_863 -16.309 -90.974 10.000
P_864 0.000 -195.996 7.000
Q_865 -16.691 -643.904 7.000
P_866 0.000 -195.996 8.000
A_867 0.000 185.740 8.000
N_868 -7.878 -507.047 4.000
I_869 0.000 777.529 6.000
V_870 0.000 613.196 6.000
H_871 -1.718 -583.484 2.000
P_872 0.000 -195.996 7.000
V_873 0.000 613.196 7.000
R_874 -23.856 -1015.709 9.000
P_875 0.000 -195.996 13.000
E_876 -24.169 -605.239 13.000
Q_877 -18.409 -643.904 8.000
M_878 0.000 401.769 12.000
L_879 0.000 679.918 8.000
D_880 -19.866 -475.402 9.000
P_881 0.000 -195.996 13.000
R_882 -33.508 -1015.709 17.000
E_883 -26.485 -605.239 16.000
Q_884 -27.773 -643.904 18.000
S_885 -18.462 -90.060 13.000
Y_886 -10.601 -274.939 9.000
L_887 0.000 679.918 8.000
G_888 0.000 -27.649 5.000
T_889 -4.441 -90.974 3.000
L_890 0.000 679.918 3.000
L_891 0.000 679.918 3.000
G_892 0.000 -27.649 4.000
L_893 0.000 679.918 7.000
D_894 -21.132 -475.402 10.000
S_895 -18.462 -90.060 13.000
T_896 -18.462 -90.974 13.000
T_897 -15.425 -90.974 9.000
G_898 0.000 -27.649 10.000
V_899 0.000 613.196 11.000
Q_900 -18.409 -643.904 8.000
N_901 -22.253 -507.047 11.000
I_902 0.000 777.529 14.000
S_903 -19.059 -90.060 14.000
T_904 -19.059 -90.974 14.000
N_905 -26.485 -507.047 16.000
E_906 -25.772 -605.239 15.000
H_907 -13.255 -583.484 15.000
H_908 -11.652 -583.484 11.000
S_909 -13.255 -90.060 7.000
