M_1 0.000 401.769 0.000
P_2 0.000 -195.996 0.000
P_3 0.000 -195.996 3.000
A_4 0.000 185.740 3.000
S_5 -4.441 -90.060 3.000
G_6 0.000 -27.649 6.000
P_7 0.000 -195.996 6.000
S_8 -4.441 -90.060 3.000
V_9 0.000 613.196 3.000
L_10 0.000 679.918 8.000
A_11 0.000 185.740 5.000
R_12 -11.867 -1015.709 5.000
L_13 0.000 679.918 5.000
L_14 0.000 679.918 5.000
P_15 0.000 -195.996 0.000
L_16 0.000 679.918 0.000
L_17 0.000 679.918 0.000
G_18 0.000 -27.649 0.000
L_19 0.000 679.918 0.000
L_20 0.000 679.918 0.000
L_21 0.000 679.918 3.000
G_22 0.000 -27.649 3.000
S_23 -11.867 -90.060 6.000
A_24 0.000 185.740 11.000
S_25 -17.098 -90.060 11.000
R_26 -21.845 -1015.709 8.000
A_27 0.000 185.740 8.000
P_28 0.000 -195.996 8.000
G_29 0.000 -27.649 6.000
K_30 -11.867 -818.649 6.000
S_31 -11.867 -90.060 6.000
P_32 0.000 -195.996 10.000
P_33 0.000 -195.996 7.000
E_34 -7.878 -605.239 4.000
P_35 0.000 -195.996 7.000
P_36 0.000 -195.996 7.000
S_37 -13.255 -90.060 7.000
P_38 0.000 -195.996 11.000
Q_39 -22.253 -643.904 11.000
E_40 -18.409 -605.239 8.000
I_41 0.000 777.529 8.000
L_42 0.000 679.918 7.000
I_43 0.000 777.529 3.000
K_44 -13.255 -818.649 7.000
V_45 0.000 613.196 7.000
Q_46 -19.866 -643.904 9.000
V_47 0.000 613.196 6.000
Y_48 -10.601 -274.939 9.000
V_49 0.000 613.196 5.000
S_50 -15.425 -90.060 9.000
G_51 0.000 -27.649 7.000
E_52 -16.691 -605.239 7.000
L_53 0.000 679.918 4.000
V_54 0.000 613.196 4.000
P_55 0.000 -195.996 0.000
L_56 0.000 679.918 5.000
A_57 0.000 185.740 5.000
R_58 -21.845 -1015.709 8.000
A_59 0.000 185.740 8.000
S_60 -17.811 -90.060 12.000
V_61 0.000 613.196 7.000
D_62 -16.691 -475.402 7.000
V_63 0.000 613.196 4.000
F_64 0.000 560.542 8.000
G_65 0.000 -27.649 9.000
N_66 -23.258 -507.047 12.000
R_67 -28.412 -1015.709 12.000
T_68 -17.811 -90.974 12.000
L_69 0.000 679.918 8.000
L_70 0.000 679.918 3.000
A_71 0.000 185.740 0.000
A_72 0.000 185.740 3.000
G_73 0.000 -27.649 6.000
T_74 -16.309 -90.974 10.000
T_75 -18.462 -90.974 13.000
D_76 -27.150 -475.402 17.000
S_77 -19.059 -90.060 14.000
E_78 -22.253 -605.239 11.000
G_79 0.000 -27.649 7.000
V_80 0.000 613.196 7.000
A_81 0.000 185.740 3.000
T_82 -4.441 -90.974 3.000
L_83 0.000 679.918 3.000
P_84 0.000 -195.996 6.000
L_85 0.000 679.918 5.000
S_86 -16.309 -90.060 10.000
Y_87 -11.154 -274.939 10.000
R_88 -25.574 -1015.709 10.000
L_89 0.000 679.918 10.000
G_90 0.000 -27.649 9.000
T_91 -7.878 -90.974 4.000
W_92 -3.436 -203.500 4.000
V_93 0.000 613.196 4.000
L_94 0.000 679.918 4.000
V_95 0.000 613.196 3.000
T_96 -4.441 -90.974 3.000
A_97 0.000 185.740 8.000
A_98 0.000 185.740 8.000
R_99 -11.867 -1015.709 5.000
P_100 0.000 -195.996 5.000
G_101 0.000 -27.649 5.000
F_102 0.000 560.542 3.000
L_103 0.000 679.918 7.000
T_104 -16.309 -90.974 10.000
N_105 -21.132 -507.047 10.000
S_106 -16.309 -90.060 10.000
V_107 0.000 613.196 8.000
P_108 0.000 -195.996 9.000
W_109 -4.441 -203.500 6.000
R_110 -25.574 -1015.709 10.000
V_111 0.000 613.196 13.000
D_112 -23.258 -475.402 12.000
K_113 -13.255 -818.649 7.000
L_114 0.000 679.918 7.000
P_115 0.000 -195.996 5.000
L_116 0.000 679.918 2.000
Y_117 -7.426 -274.939 5.000
A_118 0.000 185.740 5.000
S_119 -14.420 -90.060 8.000
V_120 0.000 613.196 6.000
S_121 -14.420 -90.060 8.000
L_122 0.000 679.918 5.000
Y_123 -7.426 -274.939 5.000
L_124 0.000 679.918 2.000
L_125 0.000 679.918 6.000
P_126 0.000 -195.996 9.000
E_127 -19.866 -605.239 9.000
R_128 -23.856 -1015.709 9.000
P_129 0.000 -195.996 12.000
A_130 0.000 185.740 8.000
T_131 -4.441 -90.974 3.000
L_132 0.000 679.918 3.000
I_133 0.000 777.529 5.000
L_134 0.000 679.918 6.000
Y_135 -11.154 -274.939 10.000
E_136 -21.132 -605.239 10.000
D_137 -21.132 -475.402 10.000
L_138 0.000 679.918 10.000
V_139 0.000 613.196 6.000
H_140 -1.718 -583.484 2.000
I_141 0.000 777.529 2.000
L_142 0.000 679.918 2.000
L_143 0.000 679.918 3.000
G_144 0.000 -27.649 3.000
S_145 -4.441 -90.060 3.000
P_146 0.000 -195.996 3.000
G_147 0.000 -27.649 8.000
A_148 0.000 185.740 8.000
R_149 -28.412 -1015.709 12.000
S_150 -17.811 -90.060 12.000
Q_151 -23.258 -643.904 12.000
P_152 0.000 -195.996 7.000
L_153 0.000 679.918 8.000
V_154 0.000 613.196 4.000
Q_155 -18.409 -643.904 8.000
F_156 0.000 560.542 13.000
Q_157 -27.773 -643.904 18.000
R_158 -30.711 -1015.709 14.000
R_159 -30.711 -1015.709 14.000
A_160 0.000 185.740 15.000
A_161 0.000 185.740 10.000
R_162 -11.867 -1015.709 5.000
L_163 0.000 679.918 5.000
P_164 0.000 -195.996 8.000
V_165 0.000 613.196 6.000
S_166 -15.425 -90.060 9.000
S_167 -17.098 -90.060 11.000
T_168 -19.059 -90.974 14.000
Y_169 -13.255 -274.939 15.000
S_170 -17.811 -90.060 12.000
Q_171 -21.132 -643.904 10.000
L_172 0.000 679.918 8.000
W_173 -5.155 -203.500 8.000
A_174 0.000 185.740 4.000
S_175 -13.255 -90.060 7.000
L_176 0.000 679.918 6.000
T_177 -11.867 -90.974 6.000
P_178 0.000 -195.996 6.000
A_179 0.000 185.740 9.000
S_180 -16.309 -90.060 10.000
T_181 -19.059 -90.974 14.000
Q_182 -27.773 -643.904 18.000
Q_183 -25.772 -643.904 15.000
E_184 -27.150 -605.239 17.000
M_185 0.000 401.769 13.000
R_186 -23.856 -1015.709 9.000
A_187 0.000 185.740 5.000
F_188 0.000 560.542 5.000
P_189 0.000 -195.996 0.000
A_190 0.000 185.740 0.000
F_191 0.000 560.542 0.000
L_192 0.000 679.918 3.000
G_193 0.000 -27.649 7.000
T_194 -13.255 -90.974 7.000
E_195 -21.132 -605.239 10.000
A_196 0.000 185.740 13.000
S_197 -18.462 -90.060 13.000
S_198 -15.425 -90.060 9.000
S_199 -18.462 -90.060 13.000
G_200 0.000 -27.649 10.000
N_201 -21.132 -507.047 10.000
G_202 0.000 -27.649 8.000
S_203 -14.420 -90.060 8.000
W_204 -5.155 -203.500 8.000
L_205 0.000 679.918 8.000
E_206 -11.867 -605.239 5.000
L_207 0.000 679.918 4.000
M_208 0.000 401.769 4.000
P_209 0.000 -195.996 3.000
L_210 0.000 679.918 3.000
T_211 -4.441 -90.974 3.000
A_212 0.000 185.740 6.000
V_213 0.000 613.196 6.000
S_214 -10.149 -90.060 5.000
V_215 0.000 613.196 5.000
H_216 -7.426 -583.484 5.000
L_217 0.000 679.918 5.000
L_218 0.000 679.918 5.000
T_219 -13.255 -90.974 7.000
G_220 0.000 -27.649 7.000
N_221 -21.132 -507.047 10.000
G_222 0.000 -27.649 11.000
T_223 -17.098 -90.974 11.000
E_224 -16.691 -605.239 7.000
V_225 0.000 613.196 7.000
P_226 0.000 -195.996 7.000
L_227 0.000 679.918 3.000
S_228 -4.441 -90.060 3.000
G_229 0.000 -27.649 3.000
P_230 0.000 -195.996 5.000
I_231 0.000 777.529 2.000
H_232 -7.426 -583.484 5.000
L_233 0.000 679.918 5.000
S_234 -10.149 -90.060 5.000
L_235 0.000 679.918 3.000
P_236 0.000 -195.996 3.000
V_237 0.000 613.196 3.000
P_238 0.000 -195.996 7.000
S_239 -16.309 -90.060 10.000
E_240 -25.772 -605.239 15.000
T_241 -19.613 -90.974 15.000
R_242 -28.412 -1015.709 12.000
A_243 0.000 185.740 11.000
L_244 0.000 679.918 8.000
T_245 -4.441 -90.974 3.000
V_246 0.000 613.196 6.000
G_247 0.000 -27.649 9.000
T_248 -11.867 -90.974 6.000
S_249 -11.867 -90.060 6.000
I_250 0.000 777.529 6.000
P_251 0.000 -195.996 4.000
A_252 0.000 185.740 6.000
W_253 -4.441 -203.500 6.000
R_254 -25.574 -1015.709 10.000
F_255 0.000 560.542 10.000
D_256 -23.258 -475.402 12.000
P_257 0.000 -195.996 10.000
K_258 -16.309 -818.649 10.000
S_259 -11.867 -90.060 6.000
G_260 0.000 -27.649 7.000
L_261 0.000 679.918 4.000
W_262 -4.441 -203.500 6.000
V_263 0.000 613.196 10.000
R_264 -25.574 -1015.709 10.000
N_265 -23.258 -507.047 12.000
G_266 0.000 -27.649 12.000
T_267 -13.255 -90.974 7.000
G_268 0.000 -27.649 3.000
V_269 0.000 613.196 8.000
I_270 0.000 777.529 8.000
R_271 -28.412 -1015.709 12.000
K_272 -17.811 -818.649 12.000
E_273 -27.150 -605.239 17.000
G_274 0.000 -27.649 16.000
R_275 -29.616 -1015.709 13.000
Q_276 -22.253 -643.904 11.000
L_277 0.000 679.918 12.000
Y_278 -11.154 -274.939 10.000
W_279 -4.441 -203.500 6.000
T_280 -11.867 -90.974 6.000
F_281 0.000 560.542 7.000
V_282 0.000 613.196 6.000
S_283 -13.255 -90.060 7.000
P_284 0.000 -195.996 7.000
Q_285 -16.691 -643.904 7.000
L_286 0.000 679.918 6.000
G_287 0.000 -27.649 7.000
Y_288 -4.441 -274.939 3.000
W_289 -2.723 -203.500 3.000
V_290 0.000 613.196 3.000
A_291 0.000 185.740 1.000
A_292 0.000 185.740 0.000
M_293 0.000 401.769 3.000
A_294 0.000 185.740 3.000
S_295 -11.867 -90.060 6.000
P_296 0.000 -195.996 6.000
T_297 -11.867 -90.974 6.000
A_298 0.000 185.740 3.000
G_299 0.000 -27.649 3.000
L_300 0.000 679.918 3.000
V_301 0.000 613.196 3.000
T_302 -11.867 -90.974 6.000
I_303 0.000 777.529 9.000
T_304 -15.425 -90.974 9.000
S_305 -11.867 -90.060 6.000
G_306 0.000 -27.649 10.000
I_307 0.000 777.529 11.000
Q_308 -18.409 -643.904 8.000
D_309 -18.409 -475.402 8.000
I_310 0.000 777.529 11.000
G_311 0.000 -27.649 9.000
T_312 -13.255 -90.974 7.000
Y_313 -11.154 -274.939 10.000
H_314 -11.154 -583.484 10.000
T_315 -13.255 -90.974 7.000
I_316 0.000 777.529 5.000
F_317 0.000 560.542 3.000
L_318 0.000 679.918 3.000
L_319 0.000 679.918 3.000
T_320 -4.441 -90.974 3.000
I_321 0.000 777.529 3.000
L_322 0.000 679.918 3.000
A_323 0.000 185.740 0.000
A_324 0.000 185.740 0.000
L_325 0.000 679.918 0.000
A_326 0.000 185.740 0.000
L_327 0.000 679.918 0.000
L_328 0.000 679.918 0.000
V_329 0.000 613.196 0.000
L_330 0.000 679.918 0.000
I_331 0.000 777.529 0.000
L_332 0.000 679.918 0.000
L_333 0.000 679.918 0.000
C_334 0.000 322.480 0.000
L_335 0.000 679.918 0.000
L_336 0.000 679.918 2.000
I_337 0.000 777.529 4.000
Y_338 -6.160 -274.939 4.000
Y_339 -10.601 -274.939 9.000
C_340 0.000 322.480 14.000
R_341 -33.508 -1015.709 17.000
R_342 -31.716 -1015.709 15.000
R_343 -31.716 -1015.709 15.000
C_344 0.000 322.480 13.000
L_345 0.000 679.918 8.000
K_346 -14.420 -818.649 8.000
P_347 0.000 -195.996 12.000
R_348 -32.645 -1015.709 16.000
Q_349 -25.772 -643.904 15.000
Q_350 -28.912 -643.904 20.000
H_351 -14.188 -583.484 18.000
R_352 -30.711 -1015.709 14.000
K_353 -19.059 -818.649 14.000
L_354 0.000 679.918 12.000
Q_355 -21.132 -643.904 10.000
L_356 0.000 679.918 7.000
S_357 -13.255 -90.060 7.000
G_358 0.000 -27.649 6.000
P_359 0.000 -195.996 10.000
S_360 -13.255 -90.060 7.000
D_361 -22.253 -475.402 11.000
G_362 0.000 -27.649 14.000
N_363 -26.485 -507.047 16.000
K_364 -20.127 -818.649 16.000
R_365 -35.785 -1015.709 20.000
D_366 -26.485 -475.402 16.000
Q_367 -26.485 -643.904 16.000
A_368 0.000 185.740 14.000
T_369 -16.309 -90.974 10.000
S_370 -15.425 -90.060 9.000
M_371 0.000 401.769 13.000
S_372 -16.309 -90.060 10.000
Q_373 -19.866 -643.904 9.000
L_374 0.000 679.918 9.000
H_375 -8.431 -583.484 6.000
L_376 0.000 679.918 2.000
I_377 0.000 777.529 2.000
C_378 0.000 322.480 0.000
G_379 0.000 -27.649 0.000
G_380 0.000 -27.649 0.000
P_381 0.000 -195.996 4.000
L_382 0.000 679.918 4.000
E_383 -7.878 -605.239 4.000
P_384 0.000 -195.996 4.000
A_385 0.000 185.740 7.000
P_386 0.000 -195.996 3.000
S_387 -13.255 -90.060 7.000
G_388 0.000 -27.649 7.000
D_389 -22.253 -475.402 11.000
P_390 0.000 -195.996 8.000
E_391 -18.409 -605.239 8.000
A_392 0.000 185.740 4.000
P_393 0.000 -195.996 4.000
P_394 0.000 -195.996 0.000
P_395 0.000 -195.996 0.000
G_396 0.000 -27.649 0.000
P_397 0.000 -195.996 2.000
L_398 0.000 679.918 5.000
H_399 -7.426 -583.484 5.000
S_400 -10.149 -90.060 5.000
A_401 0.000 185.740 8.000
F_402 0.000 560.542 9.000
S_403 -15.425 -90.060 9.000
S_404 -19.059 -90.060 14.000
S_405 -21.060 -90.060 18.000
R_406 -31.716 -1015.709 15.000
D_407 -23.258 -475.402 12.000
L_408 0.000 679.918 12.000
A_409 0.000 185.740 10.000
S_410 -17.098 -90.060 11.000
S_411 -19.613 -90.060 15.000
R_412 -35.072 -1015.709 19.000
D_413 -26.485 -475.402 16.000
D_414 -24.169 -475.402 13.000
F_415 0.000 560.542 13.000
F_416 0.000 560.542 12.000
R_417 -27.076 -1015.709 11.000
T_418 -17.098 -90.974 11.000
K_419 -20.127 -818.649 16.000
P_420 0.000 -195.996 14.000
R_421 -27.076 -1015.709 11.000
S_422 -17.098 -90.060 11.000
A_423 0.000 185.740 16.000
S_424 -17.098 -90.060 11.000
R_425 -21.845 -1015.709 8.000
P_426 0.000 -195.996 8.000
A_427 0.000 185.740 9.000
A_428 0.000 185.740 4.000
E_429 -16.691 -605.239 7.000
P_430 0.000 -195.996 7.000
S_431 -13.255 -90.060 7.000
G_432 0.000 -27.649 8.000
A_433 0.000 185.740 8.000
R_434 -11.867 -1015.709 5.000
G_435 0.000 -27.649 9.000
G_436 0.000 -27.649 12.000
E_437 -16.691 -605.239 7.000
S_438 -13.255 -90.060 7.000
A_439 0.000 185.740 7.000
G_440 0.000 -27.649 6.000
L_441 0.000 679.918 3.000
K_442 -4.441 -818.649 3.000
G_443 0.000 -27.649 8.000
A_444 0.000 185.740 11.000
R_445 -21.845 -1015.709 8.000
S_446 -17.811 -90.060 12.000
A_447 0.000 185.740 12.000
E_448 -16.691 -605.239 7.000
G_449 0.000 -27.649 4.000
P_450 0.000 -195.996 4.000
G_451 0.000 -27.649 0.000
G_452 0.000 -27.649 4.000
L_453 0.000 679.918 4.000
E_454 -7.878 -605.239 4.000
P_455 0.000 -195.996 4.000
G_456 0.000 -27.649 8.000
L_457 0.000 679.918 8.000
E_458 -21.132 -605.239 10.000
E_459 -25.772 -605.239 15.000
H_460 -14.725 -583.484 20.000
R_461 -32.645 -1015.709 16.000
R_462 -28.412 -1015.709 12.000
G_463 0.000 -27.649 13.000
P_464 0.000 -195.996 8.000
S_465 -4.441 -90.060 3.000
G_466 0.000 -27.649 3.000
A_467 0.000 185.740 3.000
A_468 0.000 185.740 0.000
A_469 0.000 185.740 0.000
F_470 0.000 560.542 2.000
L_471 0.000 679.918 6.000
H_472 -8.431 -583.484 6.000
E_473 -14.591 -605.239 6.000
P_474 0.000 -195.996 9.000
P_475 0.000 -195.996 7.000
S_476 -4.441 -90.060 3.000
P_477 0.000 -195.996 3.000
P_478 0.000 -195.996 3.000
P_479 0.000 -195.996 0.000
P_480 0.000 -195.996 4.000
F_481 0.000 560.542 6.000
D_482 -18.409 -475.402 8.000
H_483 -9.978 -583.484 8.000
Y_484 -9.978 -274.939 8.000
L_485 0.000 679.918 6.000
G_486 0.000 -27.649 7.000
H_487 -7.426 -583.484 5.000
K_488 -10.149 -818.649 5.000
G_489 0.000 -27.649 5.000
A_490 0.000 185.740 7.000
A_491 0.000 185.740 4.000
E_492 -16.691 -605.239 7.000
G_493 0.000 -27.649 10.000
K_494 -16.309 -818.649 10.000
T_495 -16.309 -90.974 10.000
P_496 0.000 -195.996 10.000
D_497 -16.691 -475.402 7.000
F_498 0.000 560.542 4.000
L_499 0.000 679.918 7.000
L_500 0.000 679.918 7.000
S_501 -16.309 -90.060 10.000
Q_502 -21.132 -643.904 10.000
S_503 -19.059 -90.060 14.000
V_504 0.000 613.196 15.000
D_505 -22.253 -475.402 11.000
Q_506 -18.409 -643.904 8.000
L_507 0.000 679.918 13.000
A_508 0.000 185.740 9.000
R_509 -11.867 -1015.709 5.000
P_510 0.000 -195.996 8.000
P_511 0.000 -195.996 8.000
S_512 -4.441 -90.060 3.000
L_513 0.000 679.918 7.000
G_514 0.000 -27.649 7.000
Q_515 -7.878 -643.904 4.000
A_516 0.000 185.740 8.000
G_517 0.000 -27.649 8.000
Q_518 -7.878 -643.904 4.000
L_519 0.000 679.918 4.000
I_520 0.000 777.529 4.000
F_521 0.000 560.542 0.000
C_522 0.000 322.480 3.000
G_523 0.000 -27.649 3.000
S_524 -13.255 -90.060 7.000
I_525 0.000 777.529 9.000
D_526 -19.866 -475.402 9.000
H_527 -10.601 -583.484 9.000
L_528 0.000 679.918 13.000
K_529 -18.462 -818.649 13.000
D_530 -22.253 -475.402 11.000
N_531 -24.169 -507.047 13.000
V_532 0.000 613.196 15.000
Y_533 -13.255 -274.939 15.000
R_534 -27.076 -1015.709 11.000
N_535 -22.253 -507.047 11.000
V_536 0.000 613.196 9.000
M_537 0.000 401.769 7.000
P_538 0.000 -195.996 3.000
T_539 -4.441 -90.974 3.000
L_540 0.000 679.918 3.000
V_541 0.000 613.196 3.000
I_542 0.000 777.529 0.000
P_543 0.000 -195.996 2.000
A_544 0.000 185.740 4.000
H_545 -6.160 -583.484 4.000
Y_546 -10.601 -274.939 9.000
V_547 0.000 613.196 9.000
R_548 -19.414 -1015.709 7.000
L_549 0.000 679.918 5.000
G_550 0.000 -27.649 9.000
G_551 0.000 -27.649 4.000
E_552 -7.878 -605.239 4.000
A_553 0.000 185.740 4.000
G_554 0.000 -27.649 4.000
A_555 0.000 185.740 0.000
A_556 0.000 185.740 0.000
G_557 0.000 -27.649 0.000
V_558 0.000 613.196 4.000
G_559 0.000 -27.649 8.000
D_560 -18.409 -475.402 8.000
E_561 -18.409 -605.239 8.000
P_562 0.000 -195.996 8.000
A_563 0.000 185.740 4.000
P_564 0.000 -195.996 4.000
P_565 0.000 -195.996 4.000
E_566 -16.691 -605.239 7.000
G_567 0.000 -27.649 7.000
T_568 -13.255 -90.974 7.000
A_569 0.000 185.740 3.000
P_570 0.000 -195.996 3.000
G_571 0.000 -27.649 0.000
P_572 0.000 -195.996 5.000
A_573 0.000 185.740 5.000
R_574 -11.867 -1015.709 5.000
A_575 0.000 185.740 5.000
F_576 0.000 560.542 9.000
P_577 0.000 -195.996 4.000
Q_578 -18.409 -643.904 8.000
P_579 0.000 -195.996 8.000
D_580 -23.258 -475.402 12.000
P_581 0.000 -195.996 13.000
Q_582 -24.169 -643.904 13.000
R_583 -29.616 -1015.709 13.000
P_584 0.000 -195.996 13.000
Q_585 -19.866 -643.904 9.000
M_586 0.000 401.769 4.000
P_587 0.000 -195.996 6.000
G_588 0.000 -27.649 5.000
H_589 -7.426 -583.484 5.000
S_590 -10.149 -90.060 5.000
G_591 0.000 -27.649 5.000
P_592 0.000 -195.996 3.000
G_593 0.000 -27.649 4.000
G_594 0.000 -27.649 4.000
E_595 -7.878 -605.239 4.000
G_596 0.000 -27.649 4.000
G_597 0.000 -27.649 4.000
G_598 0.000 -27.649 0.000
G_599 0.000 -27.649 0.000
G_600 0.000 -27.649 4.000
G_601 0.000 -27.649 4.000
E_602 -11.867 -605.239 5.000
G_603 0.000 -27.649 5.000
W_604 -3.990 -203.500 5.000
G_605 0.000 -27.649 1.000
A_606 0.000 185.740 6.000
G_607 0.000 -27.649 5.000
R_608 -11.867 -1015.709 5.000
A_609 0.000 185.740 5.000
A_610 0.000 185.740 5.000
P_611 0.000 -195.996 3.000
V_612 0.000 613.196 3.000
S_613 -11.867 -90.060 6.000
G_614 0.000 -27.649 6.000
S_615 -15.425 -90.060 9.000
V_616 0.000 613.196 6.000
T_617 -11.867 -90.974 6.000
I_618 0.000 777.529 3.000
P_619 0.000 -195.996 3.000
V_620 0.000 613.196 0.000
L_621 0.000 679.918 4.000
F_622 0.000 560.542 8.000
N_623 -22.253 -507.047 11.000
E_624 -25.003 -605.239 14.000
S_625 -19.059 -90.060 14.000
T_626 -16.309 -90.974 10.000
M_627 0.000 401.769 10.000
A_628 0.000 185.740 7.000
Q_629 -18.409 -643.904 8.000
L_630 0.000 679.918 8.000
N_631 -23.258 -507.047 12.000
G_632 0.000 -27.649 8.000
E_633 -23.258 -605.239 12.000
L_634 0.000 679.918 8.000
Q_635 -18.409 -643.904 8.000
A_636 0.000 185.740 7.000
L_637 0.000 679.918 11.000
T_638 -16.309 -90.974 10.000
E_639 -24.169 -605.239 13.000
K_640 -18.462 -818.649 13.000
K_641 -16.309 -818.649 10.000
L_642 0.000 679.918 10.000
L_643 0.000 679.918 7.000
E_644 -7.878 -605.239 4.000
L_645 0.000 679.918 4.000
G_646 0.000 -27.649 7.000
V_647 0.000 613.196 3.000
K_648 -10.149 -818.649 5.000
P_649 0.000 -195.996 5.000
H_650 -11.154 -583.484 10.000
P_651 0.000 -195.996 7.000
R_652 -21.845 -1015.709 8.000
A_653 0.000 185.740 6.000
W_654 -4.441 -203.500 6.000
F_655 0.000 560.542 4.000
V_656 0.000 613.196 4.000
S_657 -13.255 -90.060 7.000
L_658 0.000 679.918 7.000
D_659 -23.258 -475.402 12.000
G_660 0.000 -27.649 12.000
R_661 -32.645 -1015.709 16.000
S_662 -19.613 -90.060 15.000
N_663 -28.359 -507.047 19.000
S_664 -19.059 -90.060 14.000
Q_665 -26.485 -643.904 16.000
V_666 0.000 613.196 14.000
R_667 -30.711 -1015.709 14.000
H_668 -12.104 -583.484 12.000
S_669 -17.811 -90.060 12.000
Y_670 -11.652 -274.939 11.000
I_671 0.000 777.529 9.000
D_672 -21.132 -475.402 10.000
L_673 0.000 679.918 8.000
Q_674 -18.409 -643.904 8.000
A_675 0.000 185.740 4.000
G_676 0.000 -27.649 4.000
G_677 0.000 -27.649 0.000
G_678 0.000 -27.649 5.000
A_679 0.000 185.740 8.000
R_680 -27.076 -1015.709 11.000
S_681 -19.613 -90.060 15.000
T_682 -19.613 -90.974 15.000
D_683 -24.169 -475.402 13.000
A_684 0.000 185.740 10.000
S_685 -17.098 -90.060 11.000
L_686 0.000 679.918 10.000
D_687 -21.132 -475.402 10.000
S_688 -13.255 -90.060 7.000
G_689 0.000 -27.649 11.000
V_690 0.000 613.196 7.000
D_691 -14.591 -475.402 6.000
V_692 0.000 613.196 10.000
H_693 -11.154 -583.484 10.000
E_694 -22.253 -605.239 11.000
A_695 0.000 185.740 11.000
R_696 -23.856 -1015.709 9.000
P_697 0.000 -195.996 10.000
A_698 0.000 185.740 15.000
R_699 -31.716 -1015.709 15.000
R_700 -31.716 -1015.709 15.000
R_701 -31.716 -1015.709 15.000
P_702 0.000 -195.996 15.000
A_703 0.000 185.740 14.000
R_704 -29.616 -1015.709 13.000
E_705 -27.773 -605.239 18.000
E_706 -29.934 -605.239 22.000
R_707 -37.098 -1015.709 22.000
E_708 -27.773 -605.239 18.000
R_709 -30.711 -1015.709 14.000
A_710 0.000 185.740 9.000
P_711 0.000 -195.996 5.000
P_712 0.000 -195.996 0.000
A_713 0.000 185.740 0.000
A_714 0.000 185.740 0.000
P_715 0.000 -195.996 0.000
P_716 0.000 -195.996 0.000
P_717 0.000 -195.996 0.000
P_718 0.000 -195.996 0.000
P_719 0.000 -195.996 0.000
A_720 0.000 185.740 0.000
P_721 0.000 -195.996 5.000
P_722 0.000 -195.996 5.000
R_723 -11.867 -1015.709 5.000
L_724 0.000 679.918 5.000
A_725 0.000 185.740 8.000
L_726 0.000 679.918 7.000
S_727 -17.098 -90.060 11.000
E_728 -25.003 -605.239 14.000
D_729 -27.773 -475.402 18.000
T_730 -19.613 -90.974 15.000
E_731 -25.003 -605.239 14.000
P_732 0.000 -195.996 13.000
S_733 -18.462 -90.060 13.000
S_734 -18.462 -90.060 13.000
S_735 -20.127 -90.060 16.000
E_736 -27.773 -605.239 18.000
S_737 -21.060 -90.060 18.000
R_738 -31.716 -1015.709 15.000
T_739 -17.098 -90.974 11.000
G_740 0.000 -27.649 8.000
L_741 0.000 679.918 6.000
C_742 0.000 322.480 3.000
S_743 -13.255 -90.060 7.000
P_744 0.000 -195.996 11.000
E_745 -25.772 -605.239 15.000
D_746 -25.772 -475.402 15.000
N_747 -25.772 -507.047 15.000
S_748 -19.059 -90.060 14.000
L_749 0.000 679.918 10.000
T_750 -11.867 -90.974 6.000
P_751 0.000 -195.996 3.000
L_752 0.000 679.918 7.000
L_753 0.000 679.918 8.000
D_754 -18.409 -475.402 8.000
E_755 -18.409 -605.239 8.000
V_756 0.000 613.196 8.000
A_757 0.000 185.740 4.000
A_758 0.000 185.740 4.000
P_759 0.000 -195.996 4.000
E_760 -19.866 -605.239 9.000
G_761 0.000 -27.649 9.000
R_762 -23.856 -1015.709 9.000
A_763 0.000 185.740 8.000
A_764 0.000 185.740 8.000
T_765 -4.441 -90.974 3.000
V_766 0.000 613.196 8.000
P_767 0.000 -195.996 8.000
R_768 -25.574 -1015.709 10.000
G_769 0.000 -27.649 10.000
R_770 -31.716 -1015.709 15.000
G_771 0.000 -27.649 13.000
R_772 -34.315 -1015.709 18.000
S_773 -18.462 -90.060 13.000
R_774 -33.508 -1015.709 17.000
G_775 0.000 -27.649 15.000
D_776 -25.772 -475.402 15.000
S_777 -19.613 -90.060 15.000
S_778 -21.060 -90.060 18.000
R_779 -33.508 -1015.709 17.000
S_780 -19.059 -90.060 14.000
S_781 -19.059 -90.060 14.000
A_782 0.000 185.740 13.000
S_783 -16.309 -90.060 10.000
E_784 -23.258 -605.239 12.000
L_785 0.000 679.918 17.000
R_786 -34.315 -1015.709 18.000
R_787 -33.508 -1015.709 17.000
D_788 -27.150 -475.402 17.000
S_789 -19.613 -90.060 15.000
L_790 0.000 679.918 13.000
T_791 -15.425 -90.974 9.000
S_792 -16.309 -90.060 10.000
P_793 0.000 -195.996 14.000
E_794 -25.772 -605.239 15.000
D_795 -23.258 -475.402 12.000
E_796 -23.258 -605.239 12.000
L_797 0.000 679.918 8.000
G_798 0.000 -27.649 8.000
A_799 0.000 185.740 4.000
E_800 -7.878 -605.239 4.000
V_801 0.000 613.196 8.000
G_802 0.000 -27.649 12.000
D_803 -18.409 -475.402 8.000
E_804 -18.409 -605.239 8.000
A_805 0.000 185.740 12.000
G_806 0.000 -27.649 11.000
D_807 -21.132 -475.402 10.000
K_808 -18.462 -818.649 13.000
K_809 -18.462 -818.649 13.000
S_810 -16.309 -90.060 10.000
P_811 0.000 -195.996 11.000
W_812 -6.358 -203.500 13.000
Q_813 -25.772 -643.904 15.000
R_814 -35.072 -1015.709 19.000
R_815 -37.098 -1015.709 22.000
E_816 -30.407 -605.239 23.000
E_817 -27.773 -605.239 18.000
R_818 -29.616 -1015.709 13.000
P_819 0.000 -195.996 9.000
L_820 0.000 679.918 5.000
M_821 0.000 401.769 0.000
V_822 0.000 613.196 4.000
F_823 0.000 560.542 4.000
N_824 -16.691 -507.047 7.000
V_825 0.000 613.196 7.000
K_826 -13.255 -818.649 7.000
