M_1 0.000 401.769 9.000
R_2 -30.711 -1015.709 14.000
D_3 -25.003 -475.402 14.000
R_4 -30.711 -1015.709 14.000
L_5 0.000 679.918 13.000
P_6 0.000 -195.996 9.000
D_7 -16.691 -475.402 7.000
L_8 0.000 679.918 7.000
T_9 -13.255 -90.974 7.000
A_10 0.000 185.740 8.000
C_11 0.000 322.480 11.000
R_12 -28.412 -1015.709 12.000
K_13 -20.127 -818.649 16.000
N_14 -28.912 -507.047 20.000
D_15 -25.772 -475.402 15.000
D_16 -26.485 -475.402 16.000
G_17 0.000 -27.649 15.000
D_18 -22.253 -475.402 11.000
T_19 -13.255 -90.974 7.000
V_20 0.000 613.196 7.000
V_21 0.000 613.196 3.000
V_22 0.000 613.196 4.000
V_23 0.000 613.196 7.000
E_24 -22.253 -605.239 11.000
K_25 -18.462 -818.649 13.000
D_26 -24.169 -475.402 13.000
H_27 -10.601 -583.484 9.000
F_28 0.000 560.542 10.000
M_29 0.000 401.769 10.000
D_30 -18.409 -475.402 8.000
D_31 -18.409 -475.402 8.000
F_32 0.000 560.542 10.000
F_33 0.000 560.542 10.000
H_34 -8.431 -583.484 6.000
Q_35 -21.132 -643.904 10.000
V_36 0.000 613.196 14.000
E_37 -23.258 -605.239 12.000
E_38 -24.169 -605.239 13.000
I_39 0.000 777.529 17.000
R_40 -32.645 -1015.709 16.000
N_41 -23.258 -507.047 12.000
S_42 -20.127 -90.060 16.000
I_43 0.000 777.529 14.000
D_44 -21.132 -475.402 10.000
K_45 -16.309 -818.649 10.000
I_46 0.000 777.529 14.000
T_47 -17.811 -90.974 12.000
Q_48 -19.866 -643.904 9.000
Y_49 -12.518 -274.939 13.000
V_50 0.000 613.196 14.000
E_51 -21.132 -605.239 10.000
E_52 -22.253 -605.239 11.000
V_53 0.000 613.196 14.000
K_54 -19.059 -818.649 14.000
K_55 -17.811 -818.649 12.000
N_56 -25.772 -507.047 15.000
H_57 -12.104 -583.484 12.000
S_58 -15.425 -90.060 9.000
I_59 0.000 777.529 5.000
I_60 0.000 777.529 6.000
L_61 0.000 679.918 3.000
S_62 -4.441 -90.060 3.000
A_63 0.000 185.740 7.000
P_64 0.000 -195.996 7.000
N_65 -18.409 -507.047 8.000
P_66 0.000 -195.996 8.000
E_67 -22.253 -605.239 11.000
G_68 0.000 -27.649 7.000
K_69 -16.309 -818.649 10.000
I_70 0.000 777.529 10.000
K_71 -19.059 -818.649 14.000
E_72 -22.253 -605.239 11.000
E_73 -25.772 -605.239 15.000
L_74 0.000 679.918 16.000
E_75 -23.258 -605.239 12.000
D_76 -23.258 -475.402 12.000
L_77 0.000 679.918 15.000
N_78 -25.772 -507.047 15.000
K_79 -17.098 -818.649 11.000
E_80 -25.003 -605.239 14.000
I_81 0.000 777.529 13.000
K_82 -18.462 -818.649 13.000
K_83 -15.425 -818.649 9.000
T_84 -18.462 -90.974 13.000
A_85 0.000 185.740 13.000
N_86 -21.132 -507.047 10.000
K_87 -17.811 -818.649 12.000
I_88 0.000 777.529 12.000
R_89 -27.076 -1015.709 11.000
A_90 0.000 185.740 8.000
K_91 -17.098 -818.649 11.000
L_92 0.000 679.918 6.000
K_93 -11.867 -818.649 6.000
A_94 0.000 185.740 7.000
I_95 0.000 777.529 11.000
E_96 -22.253 -605.239 11.000
Q_97 -22.253 -643.904 11.000
S_98 -19.613 -90.060 15.000
F_99 0.000 560.542 15.000
D_100 -25.772 -475.402 15.000
Q_101 -26.485 -643.904 16.000
D_102 -28.359 -475.402 19.000
E_103 -25.772 -605.239 15.000
S_104 -19.613 -90.060 15.000
G_105 0.000 -27.649 16.000
N_106 -25.772 -507.047 15.000
R_107 -31.716 -1015.709 15.000
T_108 -19.613 -90.974 15.000
S_109 -19.613 -90.060 15.000
V_110 0.000 613.196 10.000
D_111 -23.258 -475.402 12.000
L_112 0.000 679.918 9.000
R_113 -30.711 -1015.709 14.000
I_114 0.000 777.529 15.000
R_115 -34.315 -1015.709 18.000
R_116 -33.508 -1015.709 17.000
T_117 -21.486 -90.974 19.000
Q_118 -27.150 -643.904 17.000
H_119 -12.104 -583.484 12.000
S_120 -15.425 -90.060 9.000
V_121 0.000 613.196 8.000
L_122 0.000 679.918 11.000
S_123 -17.098 -90.060 11.000
R_124 -27.076 -1015.709 11.000
K_125 -17.098 -818.649 11.000
F_126 0.000 560.542 12.000
V_127 0.000 613.196 7.000
E_128 -7.878 -605.239 4.000
A_129 0.000 185.740 4.000
M_130 0.000 401.769 8.000
A_131 0.000 185.740 6.000
E_132 -21.132 -605.239 10.000
Y_133 -12.900 -274.939 14.000
N_134 -25.003 -507.047 14.000
E_135 -25.003 -605.239 14.000
A_136 0.000 185.740 15.000
Q_137 -22.253 -643.904 11.000
T_138 -13.255 -90.974 7.000
L_139 0.000 679.918 12.000
F_140 0.000 560.542 12.000
R_141 -30.711 -1015.709 14.000
E_142 -27.150 -605.239 17.000
R_143 -35.785 -1015.709 20.000
S_144 -19.613 -90.060 15.000
K_145 -20.127 -818.649 16.000
G_146 0.000 -27.649 11.000
R_147 -28.412 -1015.709 12.000
I_148 0.000 777.529 14.000
Q_149 -27.773 -643.904 18.000
R_150 -29.616 -1015.709 13.000
Q_151 -27.150 -643.904 17.000
L_152 0.000 679.918 13.000
E_153 -22.253 -605.239 11.000
I_154 0.000 777.529 7.000
T_155 -17.811 -90.974 12.000
G_156 0.000 -27.649 11.000
R_157 -30.711 -1015.709 14.000
T_158 -19.059 -90.974 14.000
T_159 -21.060 -90.974 18.000
T_160 -20.609 -90.974 17.000
D_161 -27.773 -475.402 18.000
D_162 -25.772 -475.402 15.000
E_163 -26.485 -605.239 16.000
L_164 0.000 679.918 16.000
E_165 -23.258 -605.239 12.000
E_166 -18.409 -605.239 8.000
M_167 0.000 401.769 12.000
L_168 0.000 679.918 11.000
E_169 -16.691 -605.239 7.000
S_170 -16.309 -90.060 10.000
G_171 0.000 -27.649 10.000
K_172 -15.425 -818.649 9.000
P_173 0.000 -195.996 6.000
S_174 -11.867 -90.060 6.000
I_175 0.000 777.529 6.000
F_176 0.000 560.542 9.000
T_177 -16.309 -90.974 10.000
S_178 -16.309 -90.060 10.000
D_179 -21.132 -475.402 10.000
I_180 0.000 777.529 10.000
I_181 0.000 777.529 11.000
S_182 -16.309 -90.060 10.000
D_183 -25.003 -475.402 14.000
S_184 -19.059 -90.060 14.000
Q_185 -25.003 -643.904 14.000
I_186 0.000 777.529 15.000
T_187 -20.127 -90.974 16.000
R_188 -28.412 -1015.709 12.000
Q_189 -23.258 -643.904 12.000
A_190 0.000 185.740 13.000
L_191 0.000 679.918 12.000
N_192 -18.409 -507.047 8.000
E_193 -23.258 -605.239 12.000
I_194 0.000 777.529 15.000
E_195 -26.485 -605.239 16.000
S_196 -19.059 -90.060 14.000
R_197 -33.508 -1015.709 17.000
H_198 -13.896 -583.484 17.000
K_199 -19.059 -818.649 14.000
D_200 -19.866 -475.402 9.000
I_201 0.000 777.529 10.000
M_202 0.000 401.769 7.000
K_203 -13.255 -818.649 7.000
L_204 0.000 679.918 10.000
E_205 -24.169 -605.239 13.000
T_206 -16.309 -90.974 10.000
S_207 -19.613 -90.060 15.000
I_208 0.000 777.529 15.000
R_209 -28.412 -1015.709 12.000
E_210 -22.253 -605.239 11.000
L_211 0.000 679.918 15.000
H_212 -11.154 -583.484 10.000
E_213 -14.591 -605.239 6.000
M_214 0.000 401.769 6.000
F_215 0.000 560.542 8.000
M_216 0.000 401.769 4.000
D_217 -7.878 -475.402 4.000
M_218 0.000 401.769 4.000
A_219 0.000 185.740 4.000
M_220 0.000 401.769 0.000
F_221 0.000 560.542 4.000
V_222 0.000 613.196 7.000
E_223 -22.253 -605.239 11.000
T_224 -17.098 -90.974 11.000
Q_225 -25.772 -643.904 15.000
G_226 0.000 -27.649 11.000
E_227 -18.409 -605.239 8.000
M_228 0.000 401.769 8.000
I_229 0.000 777.529 12.000
N_230 -18.409 -507.047 8.000
N_231 -23.258 -507.047 12.000
I_232 0.000 777.529 17.000
E_233 -27.150 -605.239 17.000
R_234 -29.616 -1015.709 13.000
N_235 -24.169 -507.047 13.000
V_236 0.000 613.196 13.000
M_237 0.000 401.769 8.000
N_238 -16.691 -507.047 7.000
A_239 0.000 185.740 11.000
T_240 -18.462 -90.974 13.000
D_241 -19.866 -475.402 9.000
Y_242 -12.518 -274.939 13.000
V_243 0.000 613.196 12.000
E_244 -18.409 -605.239 8.000
H_245 -10.601 -583.484 9.000
A_246 0.000 185.740 13.000
K_247 -18.462 -818.649 13.000
E_248 -25.003 -605.239 14.000
E_249 -27.150 -605.239 17.000
T_250 -20.609 -90.974 17.000
K_251 -18.462 -818.649 13.000
K_252 -15.425 -818.649 9.000
A_253 0.000 185.740 9.000
I_254 0.000 777.529 8.000
K_255 -15.425 -818.649 9.000
Y_256 -12.104 -274.939 12.000
Q_257 -25.772 -643.904 15.000
S_258 -17.811 -90.060 12.000
K_259 -19.613 -818.649 15.000
A_260 0.000 185.740 16.000
R_261 -32.645 -1015.709 16.000
R_262 -32.645 -1015.709 16.000
K_263 -20.609 -818.649 17.000
K_264 -17.811 -818.649 12.000
W_265 -4.824 -203.500 7.000
I_266 0.000 777.529 4.000
I_267 0.000 777.529 1.000
I_268 0.000 777.529 0.000
A_269 0.000 185.740 3.000
V_270 0.000 613.196 3.000
S_271 -4.441 -90.060 3.000
V_272 0.000 613.196 3.000
V_273 0.000 613.196 3.000
L_274 0.000 679.918 0.000
V_275 0.000 613.196 0.000
A_276 0.000 185.740 0.000
I_277 0.000 777.529 0.000
I_278 0.000 777.529 0.000
A_279 0.000 185.740 0.000
L_280 0.000 679.918 0.000
I_281 0.000 777.529 0.000
I_282 0.000 777.529 0.000
G_283 0.000 -27.649 3.000
L_284 0.000 679.918 3.000
S_285 -4.441 -90.060 3.000
V_286 0.000 613.196 6.000
G_287 0.000 -27.649 6.000
K_288 -4.441 -818.649 3.000
