M_1 0.000 401.769 4.000
L_2 0.000 679.918 5.000
D_3 -21.132 -475.402 10.000
W_4 -5.708 -203.500 10.000
R_5 -25.574 -1015.709 10.000
L_6 0.000 679.918 9.000
A_7 0.000 185.740 8.000
S_8 -10.149 -90.060 5.000
A_9 0.000 185.740 5.000
H_10 -7.426 -583.484 5.000
F_11 0.000 560.542 2.000
I_12 0.000 777.529 2.000
L_13 0.000 679.918 0.000
A_14 0.000 185.740 3.000
V_15 0.000 613.196 3.000
T_16 -11.867 -90.974 6.000
L_17 0.000 679.918 6.000
T_18 -13.255 -90.974 7.000
L_19 0.000 679.918 7.000
W_20 -5.708 -203.500 10.000
S_21 -13.255 -90.060 7.000
S_22 -16.309 -90.060 10.000
G_23 0.000 -27.649 9.000
K_24 -11.867 -818.649 6.000
V_25 0.000 613.196 6.000
L_26 0.000 679.918 6.000
S_27 -13.255 -90.060 7.000
V_28 0.000 613.196 7.000
D_29 -21.132 -475.402 10.000
V_30 0.000 613.196 10.000
T_31 -18.462 -90.974 13.000
T_32 -18.462 -90.974 13.000
T_33 -18.462 -90.974 13.000
E_34 -21.132 -605.239 10.000
A_35 0.000 185.740 11.000
F_36 0.000 560.542 11.000
D_37 -16.691 -475.402 7.000
S_38 -13.255 -90.060 7.000
G_39 0.000 -27.649 7.000
V_40 0.000 613.196 7.000
I_41 0.000 777.529 4.000
D_42 -18.409 -475.402 8.000
V_43 0.000 613.196 11.000
Q_44 -25.003 -643.904 14.000
S_45 -16.309 -90.060 10.000
T_46 -18.462 -90.974 13.000
P_47 0.000 -195.996 9.000
T_48 -17.098 -90.974 11.000
V_49 0.000 613.196 12.000
R_50 -32.645 -1015.709 16.000
E_51 -26.485 -605.239 16.000
E_52 -28.359 -605.239 19.000
K_53 -19.059 -818.649 14.000
S_54 -18.462 -90.060 13.000
A_55 0.000 185.740 13.000
T_56 -16.309 -90.974 10.000
D_57 -21.132 -475.402 10.000
L_58 0.000 679.918 10.000
T_59 -16.309 -90.974 10.000
A_60 0.000 185.740 6.000
K_61 -11.867 -818.649 6.000
L_62 0.000 679.918 3.000
L_63 0.000 679.918 3.000
L_64 0.000 679.918 4.000
L_65 0.000 679.918 8.000
D_66 -18.409 -475.402 8.000
E_67 -18.409 -605.239 8.000
L_68 0.000 679.918 11.000
V_69 0.000 613.196 7.000
S_70 -13.255 -90.060 7.000
L_71 0.000 679.918 11.000
E_72 -25.772 -605.239 15.000
N_73 -23.258 -507.047 12.000
D_74 -23.258 -475.402 12.000
V_75 0.000 613.196 12.000
I_76 0.000 777.529 11.000
E_77 -21.132 -605.239 10.000
T_78 -18.462 -90.974 13.000
K_79 -20.127 -818.649 16.000
K_80 -20.609 -818.649 17.000
K_81 -20.609 -818.649 17.000
R_82 -30.711 -1015.709 14.000
S_83 -19.059 -90.060 14.000
F_84 0.000 560.542 11.000
S_85 -11.867 -90.060 6.000
G_86 0.000 -27.649 3.000
F_87 0.000 560.542 6.000
G_88 0.000 -27.649 3.000
S_89 -4.441 -90.060 3.000
P_90 0.000 -195.996 7.000
L_91 0.000 679.918 12.000
D_92 -19.866 -475.402 9.000
R_93 -28.412 -1015.709 12.000
L_94 0.000 679.918 12.000
S_95 -14.420 -90.060 8.000
A_96 0.000 185.740 6.000
G_97 0.000 -27.649 6.000
S_98 -13.255 -90.060 7.000
V_99 0.000 613.196 9.000
D_100 -23.258 -475.402 12.000
H_101 -10.601 -583.484 9.000
K_102 -17.811 -818.649 12.000
G_103 0.000 -27.649 12.000
K_104 -19.613 -818.649 15.000
Q_105 -25.772 -643.904 15.000
R_106 -31.716 -1015.709 15.000
K_107 -17.811 -818.649 12.000
V_108 0.000 613.196 12.000
V_109 0.000 613.196 9.000
D_110 -14.591 -475.402 6.000
H_111 -10.601 -583.484 9.000
P_112 0.000 -195.996 14.000
K_113 -19.613 -818.649 15.000
R_114 -29.616 -1015.709 13.000
R_115 -29.616 -1015.709 13.000
F_116 0.000 560.542 10.000
G_117 0.000 -27.649 5.000
I_118 0.000 777.529 0.000
P_119 0.000 -195.996 4.000
M_120 0.000 401.769 9.000
D_121 -19.866 -475.402 9.000
R_122 -23.856 -1015.709 9.000
I_123 0.000 777.529 14.000
G_124 0.000 -27.649 14.000
R_125 -30.711 -1015.709 14.000
N_126 -25.003 -507.047 14.000
R_127 -33.508 -1015.709 17.000
L_128 0.000 679.918 16.000
S_129 -19.613 -90.060 15.000
N_130 -25.772 -507.047 15.000
S_131 -19.613 -90.060 15.000
R_132 -28.412 -1015.709 12.000
G_133 0.000 -27.649 8.000
